<TICKER>,<PER>,<DATE>,<TIME>,<OPEN>,<HIGH>,<LOW>,<CLOSE>,<VOL>,<OPENINT>
AHOY.US,D,20220608,000000,20.37,20.37,19.9404,19.9404,3777,0
AHOY.US,D,20220609,000000,19.71,19.71,19.5799,19.5799,302,0
AHOY.US,D,20220610,000000,19.5,19.5,19.09,19.1403,2169,0
AHOY.US,D,20220613,000000,19.26,19.26,18.46,18.5287,2792,0
AHOY.US,D,20220614,000000,18.51,18.51,18.39,18.4,11074,0
AHOY.US,D,20220615,000000,18.68,18.985,18.5,18.985,8454,0
AHOY.US,D,20220616,000000,18.78,18.78,18.0689,18.0689,1013,0
AHOY.US,D,20220617,000000,18.1963,18.1963,18.1963,18.1963,63,0
AHOY.US,D,20220621,000000,18.5804,18.5804,18.5804,18.5804,20,0
AHOY.US,D,20220622,000000,18.71,18.71,18.6001,18.6001,2305,0
AHOY.US,D,20220623,000000,18.67,18.97,18.67,18.95,37311,0
AHOY.US,D,20220624,000000,19.1701,19.41,19.1701,19.3565,4256,0
AHOY.US,D,20220627,000000,19.37,19.37,19.3549,19.3549,1226,0
AHOY.US,D,20220628,000000,19.2001,19.2001,18.9952,18.9952,741,0
AHOY.US,D,20220629,000000,19.044,19.044,19.0212,19.0212,127,0
AHOY.US,D,20220630,000000,18.99,18.99,18.8893,18.8893,225,0
AHOY.US,D,20220701,000000,19.0823,19.0823,19.0823,19.0823,12,0
AHOY.US,D,20220705,000000,19.17,19.17,19.0814,19.0814,189,0
AHOY.US,D,20220706,000000,19.1957,19.28,19.1957,19.2619,20702,0
AHOY.US,D,20220707,000000,19.253,19.406,19.253,19.406,635,0
AHOY.US,D,20220708,000000,19.46,19.46,19.4194,19.4194,516,0
AHOY.US,D,20220711,000000,19.2224,19.2224,19.2224,19.2224,41,0
AHOY.US,D,20220712,000000,19.11,19.11,19.0421,19.0421,17600,0
AHOY.US,D,20220713,000000,18.89,19.04,18.89,18.9329,1611,0
AHOY.US,D,20220714,000000,18.8375,18.8375,18.8375,18.8375,47,0
AHOY.US,D,20220715,000000,19.13,19.13,19.1048,19.1048,100,0
AHOY.US,D,20220718,000000,18.9138,18.9138,18.9138,18.9138,70,0
AHOY.US,D,20220719,000000,19.4091,19.4091,19.4091,19.4091,29,0
AHOY.US,D,20220720,000000,19.4687,19.4687,19.4687,19.4687,51,0
AHOY.US,D,20220721,000000,19.54,19.7496,19.54,19.7496,133,0
AHOY.US,D,20220722,000000,19.64,19.64,19.6216,19.6216,137,0
AHOY.US,D,20220725,000000,19.61,19.6527,19.61,19.6527,156,0
AHOY.US,D,20220726,000000,19.5321,19.5321,19.5321,19.5321,2,0
AHOY.US,D,20220727,000000,19.95,19.95,19.9133,19.9133,129,0
AHOY.US,D,20220728,000000,20.1797,20.1797,20.1797,20.1797,10,0
AHOY.US,D,20220729,000000,20.3815,20.3815,20.3815,20.3815,5,0
AHOY.US,D,20220801,000000,20.358,20.358,20.358,20.358,12,0
AHOY.US,D,20220802,000000,20.2015,20.2015,20.2015,20.2015,126,0
AHOY.US,D,20220803,000000,20.5672,20.5672,20.5672,20.5672,4,0
AHOY.US,D,20220804,000000,20.5331,20.5331,20.5331,20.5331,15,0
AHOY.US,D,20220805,000000,20.4686,20.4686,20.4686,20.4686,10,0
AHOY.US,D,20220808,000000,20.4684,20.4684,20.4684,20.4684,22,0
AHOY.US,D,20220809,000000,20.3369,20.3369,20.3369,20.3369,13,0
AHOY.US,D,20220810,000000,20.65,20.7,20.6449,20.6449,2516,0
AHOY.US,D,20220811,000000,20.5821,20.5821,20.5821,20.5821,9,0
AHOY.US,D,20220812,000000,20.8789,20.8789,20.8789,20.8789,113,0
AHOY.US,D,20220815,000000,20.9516,20.9516,20.9516,20.9516,147,0
AHOY.US,D,20220816,000000,21.0241,21.0241,21.0241,21.0241,43,0
AHOY.US,D,20220817,000000,20.9133,20.9133,20.9133,20.9133,26,0
AHOY.US,D,20220818,000000,20.956,20.956,20.956,20.956,41,0
AHOY.US,D,20220819,000000,20.75,20.75,20.745,20.745,159,0
AHOY.US,D,20220822,000000,20.3529,20.3529,20.3529,20.3529,104,0
AHOY.US,D,20220823,000000,20.2917,20.2917,20.2917,20.2917,123,0
AHOY.US,D,20220824,000000,20.3146,20.3146,20.3146,20.3146,35,0
AHOY.US,D,20220825,000000,20.47,20.6,20.4685,20.5626,2140,0
AHOY.US,D,20220826,000000,20,20,19.9331,19.9331,206,0
AHOY.US,D,20220829,000000,19.8079,19.8079,19.8079,19.8079,3,0
AHOY.US,D,20220830,000000,19.5657,19.5657,19.5657,19.5657,22,0
AHOY.US,D,20220831,000000,19.63,19.63,19.4375,19.4375,203,0
AHOY.US,D,20220901,000000,19.4571,19.4571,19.4571,19.4571,80,0
AHOY.US,D,20220902,000000,19.4615,19.4615,19.255,19.255,602,0
AHOY.US,D,20220906,000000,19.2084,19.2084,19.2084,19.2084,256,0
AHOY.US,D,20220907,000000,19.5707,19.5707,19.5707,19.5707,115,0
AHOY.US,D,20220908,000000,19.7059,19.7059,19.7059,19.7059,24,0
AHOY.US,D,20220909,000000,20.06,20.06,19.985,20.0386,1382,0
AHOY.US,D,20220912,000000,22.04,22.04,20.18,20.2004,1714,0
AHOY.US,D,20220913,000000,20.01,20.01,19.4311,19.4311,777,0
AHOY.US,D,20220914,000000,19.4415,19.4415,19.37,19.3789,1586,0
AHOY.US,D,20220915,000000,19.1813,19.1813,19.1813,19.1813,269,0
AHOY.US,D,20220916,000000,20,20,18.926,19.0814,900,0
AHOY.US,D,20220919,000000,19.08,19.21,19.08,19.1563,681,0
AHOY.US,D,20220920,000000,18.9678,18.9678,18.9678,18.9678,257,0
AHOY.US,D,20220921,000000,19.085,19.085,18.7299,18.7299,513,0
AHOY.US,D,20220922,000000,18.5309,18.5309,18.5309,18.5309,126,0
AHOY.US,D,20220923,000000,18.2381,18.2381,18.2381,18.2381,102,0
AHOY.US,D,20220926,000000,18.42,18.42,18.109,18.109,422,0
AHOY.US,D,20220927,000000,18.0048,18.0048,18.0048,18.0048,150,0
AHOY.US,D,20220928,000000,18.338,18.338,18.338,18.338,68,0
AHOY.US,D,20220929,000000,17.85,17.8849,17.83,17.8849,491,0
AHOY.US,D,20220930,000000,17.6785,17.6785,17.6785,17.6785,36,0
AHOY.US,D,20221003,000000,18.0784,18.0784,18.0784,18.0784,21,0
AHOY.US,D,20221004,000000,18.6,18.6368,18.56,18.6368,829,0
AHOY.US,D,20221005,000000,18.6116,18.6116,18.6116,18.6116,5,0
AHOY.US,D,20221006,000000,18.455,18.455,18.4473,18.4473,152,0
AHOY.US,D,20221007,000000,17.99,18.1722,17.99,18.1722,250,0
AHOY.US,D,20221010,000000,18,18,17.83,17.9406,1235,0
AHOY.US,D,20221011,000000,17.9011,17.9011,17.9011,17.9011,50,0
AHOY.US,D,20221012,000000,17.8269,17.88,17.8269,17.8269,124,0
AHOY.US,D,20221013,000000,18.23,18.23,18.2209,18.2209,130,0
AHOY.US,D,20221014,000000,17.8032,17.8032,17.8032,17.8032,2,0
AHOY.US,D,20221017,000000,18.2353,18.2353,18.2353,18.2353,29,0
AHOY.US,D,20221018,000000,18.4327,18.4327,18.4327,18.4327,11,0
AHOY.US,D,20221019,000000,18.2654,18.2654,18.2654,18.2654,12,0
AHOY.US,D,20221020,000000,18.1088,18.1088,18.1088,18.1088,15,0
AHOY.US,D,20221021,000000,18.4663,18.4663,18.4663,18.4663,4,0
AHOY.US,D,20221024,000000,18.6825,18.6825,18.6825,18.6825,51,0
AHOY.US,D,20221025,000000,18.9474,18.9474,18.9474,18.9474,23,0
AHOY.US,D,20221026,000000,18.6456,18.6456,18.6456,18.6456,5,0
AHOY.US,D,20221027,000000,18.5682,18.5682,18.5682,18.5682,15,0
AHOY.US,D,20221028,000000,18.67,18.9865,18.67,18.9865,2739,0
AHOY.US,D,20221031,000000,18.65,18.8676,18.65,18.8676,201,0
AHOY.US,D,20221101,000000,18.8357,18.8357,18.8357,18.8357,3,0
AHOY.US,D,20221102,000000,18.4003,18.4003,18.4003,18.4003,39,0
AHOY.US,D,20221103,000000,18.31,18.31,18.1771,18.1771,2718,0
AHOY.US,D,20221104,000000,18.4075,18.4075,18.4075,18.4075,21,0
AHOY.US,D,20221107,000000,18.48,18.65,18.48,18.5874,2710,0
AHOY.US,D,20221108,000000,18.7134,18.7134,18.7134,18.7134,12,0
AHOY.US,D,20221109,000000,18.3525,18.3525,18.3525,18.3525,10,0
AHOY.US,D,20221110,000000,19.19,19.2844,19.19,19.2844,127,0
AHOY.US,D,20221111,000000,19.49,19.49,19.4457,19.4457,229,0
AHOY.US,D,20221114,000000,19.2804,19.2804,19.2804,19.2804,85,0
AHOY.US,D,20221115,000000,19.5699,19.5699,19.4069,19.4069,249,0
AHOY.US,D,20221116,000000,19.3039,19.3039,19.3039,19.3039,24,0
AHOY.US,D,20221117,000000,19.2599,19.26,19.2,19.2139,2200,0
AHOY.US,D,20221118,000000,19.3208,19.3208,19.3208,19.3208,30,0
AHOY.US,D,20221121,000000,19.258,19.258,19.258,19.258,60,0
AHOY.US,D,20221122,000000,19.5188,19.5188,19.5188,19.5188,29,0
AHOY.US,D,20221123,000000,19.6185,19.6185,19.6185,19.6185,1,0
AHOY.US,D,20221125,000000,19.681,19.681,19.681,19.681,5,0
AHOY.US,D,20221128,000000,19.38,19.43,19.38,19.412,4094,0
AHOY.US,D,20221129,000000,19.3362,19.3362,19.3362,19.3362,2,0
AHOY.US,D,20221130,000000,19.2825,19.8771,19.2825,19.8771,150,0
AHOY.US,D,20221201,000000,19.98,19.98,19.95,19.9644,3233,0
AHOY.US,D,20221202,000000,19.9495,19.9495,19.9495,19.9495,65,0
AHOY.US,D,20221205,000000,19.535,19.535,19.535,19.535,3,0
AHOY.US,D,20221206,000000,19.3239,19.3239,19.3239,19.3239,13,0
AHOY.US,D,20221207,000000,19.2706,19.2706,19.2706,19.2706,2,0
AHOY.US,D,20221208,000000,19.41,19.41,19.41,19.41,1,0
AHOY.US,D,20221209,000000,19.2667,19.2667,19.2667,19.2667,8,0
AHOY.US,D,20221212,000000,19.4538,19.4538,19.4538,19.4538,8,0
AHOY.US,D,20221213,000000,19.5513,19.5513,19.5513,19.5513,8,0
AHOY.US,D,20221214,000000,19.4872,19.4872,19.4872,19.4872,88,0
AHOY.US,D,20221215,000000,18.9621,18.9621,18.9621,18.9621,109,0
AHOY.US,D,20221216,000000,18.68,18.784,18.68,18.784,115,0
AHOY.US,D,20221219,000000,18.6078,18.6078,18.6078,18.6078,2,0
AHOY.US,D,20221220,000000,18.6509,18.6509,18.6509,18.6509,51,0
AHOY.US,D,20221221,000000,18.8888,18.8888,18.8888,18.8888,51,0
AHOY.US,D,20221222,000000,18.6162,18.6162,18.6162,18.6162,51,0
AHOY.US,D,20221223,000000,18.71,18.71,18.71,18.71,51,0
AHOY.US,D,20221227,000000,18.6675,18.6675,18.6675,18.6675,4,0
AHOY.US,D,20221228,000000,18.77,18.77,18.4413,18.4413,128,0
AHOY.US,D,20221229,000000,18.72,18.7507,18.72,18.7507,140,0
AHOY.US,D,20221230,000000,18.75,18.75,18.5801,18.6732,620,0
AHOY.US,D,20230103,000000,18.67,18.6836,18.64,18.6836,210,0
AHOY.US,D,20230104,000000,18.7127,18.7127,18.7127,18.7127,51,0
AHOY.US,D,20230105,000000,18.9,18.9,18.5476,18.5476,522,0
AHOY.US,D,20230106,000000,18.875,18.875,18.875,18.875,4,0
AHOY.US,D,20230109,000000,18.9169,18.9169,18.9169,18.9169,21,0
AHOY.US,D,20230110,000000,19.0439,19.0439,19.0439,19.0439,51,0
AHOY.US,D,20230111,000000,19.2942,19.2942,19.2942,19.2942,51,0
AHOY.US,D,20230112,000000,19.3104,19.3104,19.3104,19.3104,4,0
AHOY.US,D,20230113,000000,19.4012,19.4012,19.4012,19.4012,19,0
AHOY.US,D,20230117,000000,19.336,19.336,19.336,19.336,18,0
AHOY.US,D,20230118,000000,19.09,19.09,19.0745,19.0745,305,0
AHOY.US,D,20230119,000000,18.9447,18.9447,18.9447,18.9447,18,0
AHOY.US,D,20230120,000000,19.2702,19.2702,19.2702,19.2702,41,0
AHOY.US,D,20230123,000000,19.4851,19.4851,19.4851,19.4851,18,0
AHOY.US,D,20230124,000000,19.3919,19.3919,19.3919,19.3919,18,0
AHOY.US,D,20230125,000000,19.5056,19.5056,19.5056,19.5056,2,0
AHOY.US,D,20230126,000000,19.5988,19.5988,19.5988,19.5988,76,0
AHOY.US,D,20230127,000000,19.72,19.7367,19.659,19.659,1005,0
AHOY.US,D,20230130,000000,19.84,19.84,19.487,19.487,100,0
AHOY.US,D,20230131,000000,19.7767,19.7767,19.7767,19.7767,18,0
AHOY.US,D,20230201,000000,20.0197,20.0197,20.0197,20.0197,4,0
AHOY.US,D,20230202,000000,20.1414,20.1414,20.1414,20.1414,2,0
AHOY.US,D,20230203,000000,20.0123,20.0123,20.0123,20.0123,3,0
AHOY.US,D,20230206,000000,19.781,19.781,19.781,19.781,39,0
AHOY.US,D,20230207,000000,19.9835,19.9835,19.9835,19.9835,20,0
AHOY.US,D,20230208,000000,19.7457,19.7457,19.7457,19.7457,60,0
AHOY.US,D,20230209,000000,19.6054,19.6054,19.6054,19.6054,487,0
AHOY.US,D,20230210,000000,19.56,19.6406,19.5587,19.6406,400,0
AHOY.US,D,20230213,000000,19.8443,19.8443,19.8443,19.8443,4,0
AHOY.US,D,20230214,000000,19.56,19.8467,19.56,19.8467,16,0
AHOY.US,D,20230215,000000,19.8975,19.8975,19.8975,19.8975,25,0
AHOY.US,D,20230216,000000,19.66,19.6683,19.6,19.6683,4139,0
AHOY.US,D,20230217,000000,19.6664,19.6664,19.6664,19.6664,16,0
AHOY.US,D,20230221,000000,19.2526,19.2526,19.2526,19.2526,52,0
AHOY.US,D,20230222,000000,19.1941,19.1941,19.1941,19.1941,7,0
AHOY.US,D,20230223,000000,19.2615,19.2615,19.2615,19.2615,16,0
AHOY.US,D,20230224,000000,19.0494,19.0494,19.0494,19.0494,3,0
AHOY.US,D,20230227,000000,19.0821,19.0821,19.0821,19.0821,16,0
AHOY.US,D,20230228,000000,19.17,19.17,19.0968,19.0968,161,0
AHOY.US,D,20230301,000000,19.17,19.17,18.9605,18.9605,4,0
AHOY.US,D,20230302,000000,19.0628,19.0628,19.0628,19.0628,44,0
AHOY.US,D,20230303,000000,19.19,19.3395,19.19,19.3395,19079,0
AHOY.US,D,20230306,000000,19.2836,19.2836,19.2836,19.2836,16,0
AHOY.US,D,20230307,000000,19.0003,19.0003,19.0003,19.0003,15,0
AHOY.US,D,20230308,000000,19,19.0205,19,19.0205,1614,0
AHOY.US,D,20230309,000000,18.7343,18.7343,18.7343,18.7343,21,0
AHOY.US,D,20230310,000000,18.3994,18.3994,18.3994,18.3994,27,0
AHOY.US,D,20230313,000000,19,19,18.2907,18.2907,1,0
AHOY.US,D,20230314,000000,18.5446,18.5446,18.5446,18.5446,41,0
AHOY.US,D,20230315,000000,18.3454,18.3454,18.3454,18.3454,2,0
AHOY.US,D,20230316,000000,18.607,18.607,18.607,18.607,7,0
AHOY.US,D,20230317,000000,18.5302,18.5302,18.5302,18.5302,2,0
AHOY.US,D,20230320,000000,18.6554,18.6554,18.6554,18.6554,2,0
AHOY.US,D,20230321,000000,18.908,18.908,18.908,18.908,2,0
AHOY.US,D,20230322,000000,18.6821,18.6821,18.6821,18.6821,6,0
AHOY.US,D,20230323,000000,18.7107,18.7107,18.7107,18.7107,55,0
AHOY.US,D,20230324,000000,18.7278,18.7278,18.7278,18.7278,1,0
AHOY.US,D,20230327,000000,18.8233,18.8233,18.8233,18.8233,2,0
AHOY.US,D,20230328,000000,18.82,18.82,18.7987,18.7987,100,0
AHOY.US,D,20230329,000000,18.9936,18.9936,18.9936,18.9936,1,0
AHOY.US,D,20230330,000000,19.1215,19.1215,19.1215,19.1215,2,0
AHOY.US,D,20230331,000000,19.4312,19.4312,19.4312,19.4312,3,0
AHOY.US,D,20230403,000000,19.4492,19.4492,19.4492,19.4492,3,0
AHOY.US,D,20230404,000000,19.3157,19.3157,19.3157,19.3157,3,0
AHOY.US,D,20230405,000000,19.2123,19.2123,19.2123,19.2123,30,0
AHOY.US,D,20230406,000000,19.242,19.242,19.242,19.242,20,0
AHOY.US,D,20230410,000000,19.235,19.235,19.235,19.235,2,0
AHOY.US,D,20230411,000000,19.291,19.291,19.291,19.291,2,0
AHOY.US,D,20230412,000000,19.228,19.228,19.228,19.228,2,0
AHOY.US,D,20230413,000000,19.5279,19.5279,19.5279,19.5279,5,0
AHOY.US,D,20230414,000000,19.4697,19.4697,19.4697,19.4697,1,0
AHOY.US,D,20230417,000000,19.5754,19.5754,19.5754,19.5754,6,0
AHOY.US,D,20230418,000000,19.5805,19.5805,19.5805,19.5805,4,0
AHOY.US,D,20230419,000000,19.4804,19.4804,19.4804,19.4804,2,0
AHOY.US,D,20230420,000000,19.3514,19.3514,19.3514,19.3514,2,0
AHOY.US,D,20230421,000000,19.3692,19.3692,19.3692,19.3692,84,0
AHOY.US,D,20230424,000000,19.3909,19.3909,19.3909,19.3909,129,0
AHOY.US,D,20230425,000000,19.0538,19.0538,19.0538,19.0538,9,0
AHOY.US,D,20230426,000000,19.0015,19.0015,19.0015,19.0015,9,0
AHOY.US,D,20230427,000000,19.2863,19.2863,19.2863,19.2863,7,0
AHOY.US,D,20230428,000000,19.375,19.375,19.375,19.375,198,0
AHOY.US,D,20230501,000000,19.3982,19.3982,19.3982,19.3982,4,0
AHOY.US,D,20230502,000000,19.27,19.27,19.2481,19.2649,207,0
AHOY.US,D,20230503,000000,19.1441,19.1441,19.1441,19.1441,14,0
AHOY.US,D,20230504,000000,19.0517,19.0517,19.0517,19.0517,9,0
AHOY.US,D,20230505,000000,19.3232,19.3232,19.3232,19.3232,95,0
AHOY.US,D,20230508,000000,19.29,19.29,19.29,19.29,101,0
AHOY.US,D,20230509,000000,19.2073,19.2073,19.2073,19.2073,9,0
AHOY.US,D,20230510,000000,19.2606,19.2606,19.2606,19.2606,9,0
AHOY.US,D,20230511,000000,19.2445,19.2445,19.2445,19.2445,8,0
AHOY.US,D,20230512,000000,19.1808,19.1808,19.1808,19.1808,24,0
AHOY.US,D,20230515,000000,19.21,19.2375,19.21,19.2375,183,0
AHOY.US,D,20230516,000000,19.1281,19.1281,19.1281,19.1281,1,0
AHOY.US,D,20230517,000000,19.34,19.34,19.3153,19.3153,556,0
AHOY.US,D,20230518,000000,19.4254,19.4254,19.4254,19.4254,64,0
AHOY.US,D,20230519,000000,19.4707,19.4707,19.4517,19.4517,151,0
AHOY.US,D,20230522,000000,19.4453,19.4453,19.4453,19.4453,69,0
AHOY.US,D,20230523,000000,19.2952,19.2952,19.2952,19.2952,136,0
AHOY.US,D,20230524,000000,19.11,19.12,19.04,19.0507,1604,0
AHOY.US,D,20230525,000000,19.22,19.22,19.1695,19.1695,280,0
AHOY.US,D,20230526,000000,19.3399,19.3553,19.3399,19.3553,223,0
AHOY.US,D,20230530,000000,19.32,19.33,19.2705,19.2705,227,0
AHOY.US,D,20230531,000000,19.101,19.101,19.101,19.101,1,0
AHOY.US,D,20230601,000000,19.3137,19.3137,19.3137,19.3137,11,0
AHOY.US,D,20230602,000000,19.7041,19.7041,19.7041,19.7041,24,0
AHOY.US,D,20230605,000000,19.628,19.628,19.628,19.628,14,0
AHOY.US,D,20230606,000000,19.7377,19.7377,19.7377,19.7377,11,0
AHOY.US,D,20230607,000000,19.675,19.675,19.675,19.675,11,0
AHOY.US,D,20230608,000000,19.74,19.7931,19.74,19.7931,145,0
AHOY.US,D,20230609,000000,19.83,19.83,19.7982,19.7982,239,0
AHOY.US,D,20230612,000000,19.93,19.9759,19.9117,19.9759,327,0
AHOY.US,D,20230613,000000,20.25,20.25,20.2,20.209,302,0
AHOY.US,D,20230614,000000,20.3,20.3,20.2334,20.2334,133,0
AHOY.US,D,20230615,000000,20.5136,20.5136,20.5136,20.5136,102,0
AHOY.US,D,20230616,000000,20.56,20.56,20.5232,20.5232,253,0
AHOY.US,D,20230620,000000,20.57,20.57,20.3676,20.3676,145,0
AHOY.US,D,20230621,000000,20.2809,20.2809,20.2809,20.2809,38,0
AHOY.US,D,20230622,000000,20.3057,20.3057,20.3057,20.3057,207,0
AHOY.US,D,20230623,000000,20.1329,20.1329,20.1329,20.1329,129,0
AHOY.US,D,20230626,000000,20.13,20.18,20.0865,20.0865,617,0
AHOY.US,D,20230627,000000,20.16,20.2176,20.16,20.2176,328,0
AHOY.US,D,20230628,000000,20.1702,20.1702,20.1702,20.1702,15,0
AHOY.US,D,20230629,000000,20.3241,20.3241,20.3241,20.3241,50,0
AHOY.US,D,20230630,000000,20.585,20.62,20.5693,20.5693,306,0
AHOY.US,D,20230703,000000,20.61,20.61,20.5803,20.5803,656,0
AHOY.US,D,20230705,000000,20.4929,20.4929,20.4929,20.4929,36,0
AHOY.US,D,20230706,000000,20.3412,20.3412,20.3412,20.3412,26,0
AHOY.US,D,20230707,000000,20.333,20.333,20.333,20.333,32,0
AHOY.US,D,20230710,000000,20.4021,20.4021,20.4021,20.4021,2,0
AHOY.US,D,20230711,000000,20.5586,20.5586,20.5586,20.5586,5,0
AHOY.US,D,20230712,000000,20.6686,20.6686,20.6686,20.6686,2,0
AHOY.US,D,20230713,000000,20.845,20.845,20.845,20.845,33,0
AHOY.US,D,20230714,000000,20.8118,20.8118,20.8118,20.8118,2,0
AHOY.US,D,20230717,000000,20.8938,20.8938,20.8938,20.8938,42,0
AHOY.US,D,20230718,000000,20.94,21.02,20.94,21.0021,757,0
AHOY.US,D,20230719,000000,21.09,21.09,21.03,21.0385,462,0
AHOY.US,D,20230720,000000,20.955,20.955,20.955,20.955,2,0
AHOY.US,D,20230721,000000,21.013,21.013,21.013,21.013,5,0
AHOY.US,D,20230724,000000,21.0899,21.0899,21.0496,21.0496,101,0
AHOY.US,D,20230725,000000,21.1796,21.1796,21.1796,21.1796,35,0
AHOY.US,D,20230726,000000,21.1252,21.1252,21.1252,21.1252,21,0
AHOY.US,D,20230727,000000,20.976,20.976,20.976,20.976,52,0
AHOY.US,D,20230728,000000,21.1121,21.1121,21.1121,21.1121,69,0
AHOY.US,D,20230731,000000,21.109,21.109,21.109,21.109,8,0
AHOY.US,D,20230801,000000,21.0819,21.0819,21.0819,21.0819,6,0
AHOY.US,D,20230802,000000,20.9087,20.9087,20.9087,20.9087,6,0
AHOY.US,D,20230803,000000,20.86,20.86,20.852,20.852,408,0
AHOY.US,D,20230804,000000,20.7219,20.7219,20.7219,20.7219,2,0
AHOY.US,D,20230807,000000,20.8385,20.8385,20.8385,20.8385,1,0
AHOY.US,D,20230808,000000,20.6884,20.7844,20.6884,20.7844,1101,0
AHOY.US,D,20230809,000000,20.79,20.79,20.6641,20.6641,1071,0
AHOY.US,D,20230810,000000,20.91,20.91,20.6822,20.6822,117,0
AHOY.US,D,20230811,000000,20.64,20.6714,20.64,20.6714,304,0
AHOY.US,D,20230814,000000,20.6997,20.6997,20.6997,20.6997,39,0
AHOY.US,D,20230815,000000,20.4866,20.4866,20.4866,20.4866,58,0
AHOY.US,D,20230816,000000,20.3191,20.3191,20.3191,20.3191,1,0
AHOY.US,D,20230817,000000,20.32,20.32,20.1711,20.1711,181,0
AHOY.US,D,20230818,000000,20.1458,20.1458,20.1458,20.1458,32,0
AHOY.US,D,20230821,000000,20.2473,20.2473,20.2473,20.2473,54,0
AHOY.US,D,20230822,000000,20.1902,20.1902,20.1902,20.1902,8,0
AHOY.US,D,20230823,000000,20.3666,20.3666,20.3666,20.3666,85,0
AHOY.US,D,20230824,000000,20.1443,20.1443,20.1443,20.1443,5,0
AHOY.US,D,20230825,000000,20.2591,20.2591,20.2591,20.2591,14,0
AHOY.US,D,20230828,000000,20.3787,20.3787,20.3787,20.3787,67,0
AHOY.US,D,20230829,000000,20.51,20.67,20.51,20.636,1318,0
AHOY.US,D,20230830,000000,20.6539,20.6539,20.6539,20.6539,5,0
AHOY.US,D,20230831,000000,20.71,20.71,20.6334,20.6334,195,0
AHOY.US,D,20230901,000000,20.83,20.83,20.7265,20.7265,836,0
AHOY.US,D,20230905,000000,20.5716,20.5716,20.5716,20.5716,45,0
AHOY.US,D,20230906,000000,20.4504,20.4504,20.4504,20.4504,4,0
AHOY.US,D,20230907,000000,20.41,20.41,20.3542,20.3542,551,0
AHOY.US,D,20230908,000000,20.3418,20.3418,20.3418,20.3418,94,0
AHOY.US,D,20230911,000000,20.4975,20.4975,20.4975,20.4975,50,0
AHOY.US,D,20230912,000000,20.27,20.29,20.2571,20.2571,1262,0
AHOY.US,D,20230913,000000,20.32,20.34,20.2961,20.2961,254,0
AHOY.US,D,20230914,000000,20.39,20.5082,20.39,20.5082,1244,0
AHOY.US,D,20230915,000000,20.3422,20.3422,20.3422,20.3422,80,0
AHOY.US,D,20230918,000000,20.3186,20.3186,20.3186,20.3186,80,0
AHOY.US,D,20230919,000000,20.3002,20.3002,20.3002,20.3002,55,0
AHOY.US,D,20230920,000000,20.1956,20.1956,20.1956,20.1956,1,0
AHOY.US,D,20230921,000000,19.905,19.92,19.8581,19.8581,1571,0
AHOY.US,D,20230922,000000,19.7947,19.7947,19.7947,19.7947,8,0
AHOY.US,D,20230925,000000,19.79,19.8138,19.78,19.8138,3757,0
AHOY.US,D,20230926,000000,19.5196,19.5196,19.5196,19.5196,42,0
AHOY.US,D,20230927,000000,19.5378,19.5378,19.5378,19.5378,50,0
AHOY.US,D,20230928,000000,19.66,19.66,19.6143,19.6143,1792,0
AHOY.US,D,20230929,000000,19.6125,19.6125,19.6125,19.6125,5,0
AHOY.US,D,20231002,000000,19.5226,19.5226,19.5226,19.5226,1,0
AHOY.US,D,20231003,000000,19.2804,19.2977,19.2804,19.2977,123,0
AHOY.US,D,20231004,000000,19.5102,19.5102,19.5102,19.5102,9,0
AHOY.US,D,20231005,000000,19.4776,19.4776,19.4776,19.4776,2,0
AHOY.US,D,20231006,000000,19.6211,19.6211,19.6211,19.6211,2,0
AHOY.US,D,20231009,000000,19.6991,19.6991,19.6991,19.6991,9,0
AHOY.US,D,20231010,000000,19.8419,19.8419,19.8419,19.8419,9,0
AHOY.US,D,20231011,000000,19.9565,19.9565,19.9565,19.9565,9,0
AHOY.US,D,20231012,000000,19.7604,19.7604,19.7604,19.7604,9,0
AHOY.US,D,20231013,000000,19.629,19.629,19.629,19.629,9,0
AHOY.US,D,20231016,000000,19.8468,19.8468,19.8468,19.8468,2,0
AHOY.US,D,20231017,000000,20,20,19.8951,19.8951,1241,0
AHOY.US,D,20231018,000000,19.66,19.66,19.66,19.66,102,0
AHOY.US,D,20231019,000000,19.552,19.552,19.4653,19.4653,1505,0
AHOY.US,D,20231020,000000,19.2165,19.2165,19.2165,19.2165,1,0
AHOY.US,D,20231023,000000,19.0841,19.0841,19.0841,19.0841,11,0
AHOY.US,D,20231024,000000,19.1942,19.1942,19.1942,19.1942,74,0
AHOY.US,D,20231025,000000,18.9134,18.9134,18.9134,18.9134,11,0
AHOY.US,D,20231026,000000,18.7999,18.7999,18.7999,18.7999,6,0
AHOY.US,D,20231027,000000,18.89,18.89,18.6842,18.6842,762,0
AHOY.US,D,20231030,000000,18.8806,18.8806,18.8806,18.8806,20,0
AHOY.US,D,20231031,000000,19.0649,19.0649,19.0649,19.0649,20,0
AHOY.US,D,20231101,000000,19.06,19.15,19.06,19.15,1032,0
AHOY.US,D,20231102,000000,19.52,19.5572,19.511,19.5572,5523,0
AHOY.US,D,20231103,000000,19.8198,19.8198,19.8198,19.8198,5,0
AHOY.US,D,20231106,000000,19.823,19.823,19.823,19.823,9,0
AHOY.US,D,20231107,000000,19.85,19.8619,19.85,19.8619,568,0
AHOY.US,D,20231108,000000,19.8817,19.8817,19.8817,19.8817,3,0
AHOY.US,D,20231109,000000,19.7096,19.7096,19.7096,19.7096,16,0
AHOY.US,D,20231110,000000,19.9949,19.9949,19.9949,19.9949,16,0
AHOY.US,D,20231113,000000,19.9567,19.9567,19.9567,19.9567,16,0
AHOY.US,D,20231114,000000,20.4125,20.4125,20.4125,20.4125,1,0
AHOY.US,D,20231115,000000,20.505,20.505,20.4634,20.4634,106,0
AHOY.US,D,20231116,000000,20.5028,20.5028,20.5028,20.5028,3,0
AHOY.US,D,20231117,000000,20.5577,20.5577,20.5577,20.5577,5,0
AHOY.US,D,20231120,000000,20.56,20.65,20.56,20.6468,284,0
AHOY.US,D,20231121,000000,20.79,20.79,20.6549,20.6549,300,0
AHOY.US,D,20231122,000000,20.7989,20.7989,20.7989,20.7989,3,0
AHOY.US,D,20231124,000000,20.8482,20.8482,20.8482,20.8482,12,0
AHOY.US,D,20231127,000000,20.8361,20.8361,20.815,20.815,212,0
AHOY.US,D,20231128,000000,20.9199,20.9199,20.804,20.804,272,0
AHOY.US,D,20231129,000000,20.8203,20.8203,20.8203,20.8203,7,0
AHOY.US,D,20231130,000000,20.9034,20.9034,20.9034,20.9034,6,0
AHOY.US,D,20231201,000000,21.0766,21.0766,21.0766,21.0766,6,0
AHOY.US,D,20231204,000000,21.0049,21.0049,21.0049,21.0049,55,0
AHOY.US,D,20231205,000000,20.9097,20.9097,20.9097,20.9097,91,0
AHOY.US,D,20231206,000000,20.871,20.871,20.871,20.871,113,0
AHOY.US,D,20231207,000000,21.0651,21.0651,21.0651,21.0651,82,0
AHOY.US,D,20231208,000000,21.0684,21.0684,21.0684,21.0684,5,0
AHOY.US,D,20231211,000000,21.1734,21.1734,21.1734,21.1734,4,0
AHOY.US,D,20231212,000000,21.177,21.177,21.177,21.177,193,0
AHOY.US,D,20231213,000000,21.4305,21.4305,21.4305,21.4305,45,0
AHOY.US,D,20231214,000000,21.5123,21.5123,21.5123,21.5123,3,0
AHOY.US,D,20231215,000000,21.5389,21.5389,21.4627,21.4627,101,0
AHOY.US,D,20231218,000000,21.5218,21.5218,21.5218,21.5218,50,0
AHOY.US,D,20231219,000000,21.6739,21.6739,21.6739,21.6739,45,0
AHOY.US,D,20231220,000000,21.73,21.73,21.4413,21.4413,223,0
AHOY.US,D,20231221,000000,21.5302,21.5302,21.5302,21.5302,3,0
AHOY.US,D,20231222,000000,21.66,21.66,21.5822,21.5822,618,0
AHOY.US,D,20231226,000000,21.6755,21.6755,21.6755,21.6755,6,0
AHOY.US,D,20231227,000000,21.77,21.77,21.7154,21.7154,421,0
AHOY.US,D,20231228,000000,21.7231,21.7231,21.7231,21.7231,1,0
AHOY.US,D,20231229,000000,21.6859,21.6859,21.6859,21.6859,48,0
AHOY.US,D,20240102,000000,21.5665,21.5665,21.5665,21.5665,97,0
AHOY.US,D,20240103,000000,21.3245,21.3245,21.3245,21.3245,9,0
AHOY.US,D,20240104,000000,21.2721,21.2721,21.2721,21.2721,25,0
AHOY.US,D,20240105,000000,21.2755,21.2755,21.2755,21.2755,1,0
AHOY.US,D,20240108,000000,21.5627,21.5627,21.5627,21.5627,21,0
AHOY.US,D,20240109,000000,21.4893,21.4893,21.4893,21.4893,3,0
AHOY.US,D,20240110,000000,21.5936,21.5936,21.5936,21.5936,2,0
AHOY.US,D,20240111,000000,21.5984,21.5984,21.5984,21.5984,47,0
AHOY.US,D,20240112,000000,21.646,21.646,21.646,21.646,8,0
AHOY.US,D,20240116,000000,21.4678,21.4678,21.4678,21.4678,7,0
AHOY.US,D,20240117,000000,21.3386,21.3386,21.3386,21.3386,1,0
AHOY.US,D,20240118,000000,21.483,21.483,21.483,21.483,6,0
AHOY.US,D,20240119,000000,21.7072,21.7072,21.7072,21.7072,24,0
AHOY.US,D,20240122,000000,21.8161,21.8161,21.8161,21.8161,7,0
AHOY.US,D,20240123,000000,21.8578,21.8578,21.8578,21.8578,7,0
AHOY.US,D,20240124,000000,21.8236,21.8236,21.8236,21.8236,1,0
AHOY.US,D,20240125,000000,21.8353,21.8353,21.8353,21.8353,101,0
AHOY.US,D,20240126,000000,21.9319,21.9319,21.9319,21.9319,1,0
AHOY.US,D,20240129,000000,21.93,22.0884,21.93,22.0884,383,0
AHOY.US,D,20240130,000000,22.076,22.076,22.076,22.076,15,0
AHOY.US,D,20240131,000000,21.9049,21.9049,21.9049,21.9049,4,0
AHOY.US,D,20240201,000000,22.09,22.24,22.09,22.24,613,0
AHOY.US,D,20240202,000000,22.1565,22.1565,22.1565,22.1565,19,0
AHOY.US,D,20240205,000000,22.12,22.12,22.0772,22.0772,720,0
AHOY.US,D,20240206,000000,22.269,22.269,22.269,22.269,33,0
AHOY.US,D,20240207,000000,22.5102,22.5102,22.5102,22.5102,6,0
AHOY.US,D,20240208,000000,22.45,22.45,22.45,22.45,57,0
AHOY.US,D,20240209,000000,22.46,22.46,22.46,22.46,7,0
AHOY.US,D,20240212,000000,22.4624,22.4624,22.4624,22.4624,4,0
AHOY.US,D,20240213,000000,22.3159,22.3159,22.3159,22.3159,56,0
AHOY.US,D,20240214,000000,22.49,22.504,22.4899,22.504,450,0
AHOY.US,D,20240215,000000,22.8809,22.8809,22.8809,22.8809,56,0
AHOY.US,D,20240216,000000,22.94,22.94,22.8442,22.8442,2251,0
AHOY.US,D,20240220,000000,22.8,22.8438,22.8,22.8438,157,0
AHOY.US,D,20240221,000000,22.8057,22.81,22.76,22.8069,738,0
AHOY.US,D,20240222,000000,22.8937,22.8937,22.8937,22.8937,147,0
AHOY.US,D,20240223,000000,22.8544,22.8544,22.8544,22.8544,22,0
AHOY.US,D,20240226,000000,22.8043,22.8043,22.8043,22.8043,60,0
AHOY.US,D,20240227,000000,22.825,22.87,22.825,22.8448,913,0
AHOY.US,D,20240228,000000,22.7677,22.7677,22.7677,22.7677,24,0
AHOY.US,D,20240229,000000,22.8718,22.8718,22.8718,22.8718,12,0
AHOY.US,D,20240301,000000,23.0799,23.13,23.0799,23.13,301,0
AHOY.US,D,20240304,000000,23.2108,23.2108,23.2108,23.2108,63,0
AHOY.US,D,20240305,000000,23.1337,23.1337,23.1337,23.1337,242,0
AHOY.US,D,20240306,000000,23.3007,23.3007,23.3007,23.3007,111,0
AHOY.US,D,20240307,000000,23.69,23.7022,23.69,23.7022,412,0
AHOY.US,D,20240308,000000,23.72,23.72,23.5528,23.5528,611,0
AHOY.US,D,20240311,000000,23.36,23.4028,23.351,23.4028,5191,0
AHOY.US,D,20240312,000000,23.514,23.514,23.514,23.514,89,0
AHOY.US,D,20240313,000000,23.4733,23.4733,23.4733,23.4733,68,0
AHOY.US,D,20240314,000000,23.5,23.52,23.2944,23.2944,1537,0
AHOY.US,D,20240315,000000,23.21,23.21,23.1877,23.1877,146,0
AHOY.US,D,20240318,000000,25.04,25.04,23.2922,23.2922,2260,0
AHOY.US,D,20240319,000000,23.363,23.363,23.363,23.363,140,0
AHOY.US,D,20240320,000000,23.33,23.5658,23.33,23.5658,249,0
AHOY.US,D,20240321,000000,23.5834,23.5834,23.5834,23.5834,179,0
AHOY.US,D,20240322,000000,23.5327,23.5327,23.5327,23.5327,66,0
AHOY.US,D,20240325,000000,23.4116,23.4116,23.3671,23.3671,168,0
AHOY.US,D,20240326,000000,23.43,23.43,23.367,23.367,378,0
AHOY.US,D,20240327,000000,23.5851,23.5851,23.5851,23.5851,87,0
AHOY.US,D,20240328,000000,23.5971,23.5971,23.5971,23.5971,1,0
AHOY.US,D,20240401,000000,23.53,23.53,23.5032,23.5032,1323,0
AHOY.US,D,20240402,000000,23.2261,23.2261,23.2261,23.2261,4,0
AHOY.US,D,20240403,000000,23.2007,23.2566,23.2007,23.2566,500,0
AHOY.US,D,20240404,000000,23.1302,23.1302,23.1302,23.1302,26,0
AHOY.US,D,20240405,000000,23.15,23.2006,23.15,23.2006,1952,0
AHOY.US,D,20240408,000000,23.2257,23.2257,23.2257,23.2257,41,0
AHOY.US,D,20240409,000000,23.45,23.45,23.3354,23.3354,248,0
AHOY.US,D,20240410,000000,23.0272,23.0272,23.0272,23.0272,61,0
AHOY.US,D,20240411,000000,23.0344,23.0344,23.0344,23.0344,70,0
AHOY.US,D,20240412,000000,22.7581,22.7581,22.7581,22.7581,16,0
AHOY.US,D,20240415,000000,22.83,22.83,22.6072,22.6072,295,0
AHOY.US,D,20240416,000000,22.6208,22.6208,22.6208,22.6208,134,0
AHOY.US,D,20240417,000000,22.4832,22.4832,22.4832,22.4832,2,0
AHOY.US,D,20240418,000000,22.7046,22.7046,22.7046,22.7046,43,0
AHOY.US,D,20240419,000000,22.7123,22.7123,22.7123,22.7123,87,0
AHOY.US,D,20240422,000000,22.76,22.8302,22.74,22.8302,1247,0
AHOY.US,D,20240423,000000,23.0159,23.0159,23.0159,23.0159,3,0
AHOY.US,D,20240424,000000,23.0002,23.0002,23.0002,23.0002,160,0
AHOY.US,D,20240425,000000,22.85,22.9744,22.85,22.9744,129,0
AHOY.US,D,20240426,000000,23.2115,23.2115,23.2115,23.2115,1,0
AHOY.US,D,20240429,000000,23.19,23.28,23.19,23.28,1324,0
AHOY.US,D,20240430,000000,23.48,23.48,23.21,23.21,497,0
AHOY.US,D,20240501,000000,23.1651,23.1651,23.1651,23.1651,13,0
AHOY.US,D,20240502,000000,23.4456,23.4456,23.4456,23.4456,1,0
AHOY.US,D,20240503,000000,23.7451,23.7451,23.7451,23.7451,60,0
AHOY.US,D,20240506,000000,23.88,23.88,23.88,23.88,18,0
AHOY.US,D,20240507,000000,23.9588,23.9588,23.9588,23.9588,39,0
AHOY.US,D,20240508,000000,24.0164,24.0164,24.0164,24.0164,104,0
AHOY.US,D,20240509,000000,24.19,24.19,24.184,24.184,128,0
AHOY.US,D,20240510,000000,24.387,24.387,24.387,24.387,142,0
AHOY.US,D,20240513,000000,24.3356,24.3356,24.3356,24.3356,30,0
AHOY.US,D,20240514,000000,24.34,24.4219,24.34,24.4219,366,0
AHOY.US,D,20240515,000000,24.51,24.6638,24.51,24.6638,1299,0
AHOY.US,D,20240516,000000,24.73,24.73,24.67,24.67,627,0
AHOY.US,D,20240517,000000,24.6,24.7419,24.6,24.7419,451,0
AHOY.US,D,20240520,000000,24.7,24.7459,24.7,24.7459,340,0
AHOY.US,D,20240521,000000,24.61,24.7017,24.61,24.7017,358,0
AHOY.US,D,20240522,000000,24.52,24.5971,24.52,24.5971,334,0
AHOY.US,D,20240523,000000,24.3988,24.3988,24.3988,24.3988,30,0
AHOY.US,D,20240524,000000,24.4,24.5838,24.4,24.5838,439,0
AHOY.US,D,20240528,000000,24.47,24.47,24.3643,24.3643,154,0
AHOY.US,D,20240529,000000,24.05,24.05,23.91,23.91,527,0
AHOY.US,D,20240530,000000,24.1048,24.1048,24.1048,24.1048,59,0
AHOY.US,D,20240531,000000,24.3447,24.3447,24.3447,24.3447,28,0
AHOY.US,D,20240603,000000,24.2397,24.2397,24.2397,24.2397,47,0
AHOY.US,D,20240604,000000,24.0758,24.0758,24.0758,24.0758,154,0
AHOY.US,D,20240605,000000,24.09,24.2658,24.09,24.2658,353,0
AHOY.US,D,20240606,000000,24.14,24.2192,24.14,24.2192,371,0
AHOY.US,D,20240607,000000,24.0373,24.0373,24.0373,24.0373,10,0
AHOY.US,D,20240610,000000,23.98,24.032,23.98,24.032,286,0
AHOY.US,D,20240611,000000,23.85,23.9308,23.85,23.9308,325,0
AHOY.US,D,20240612,000000,24.2097,24.2097,24.2097,24.2097,16,0
AHOY.US,D,20240613,000000,24.12,24.12,24.1127,24.1127,347,0
AHOY.US,D,20240614,000000,23.9069,23.9069,23.9069,23.9069,2,0
AHOY.US,D,20240617,000000,23.77,24.0833,23.77,24.0833,429,0
AHOY.US,D,20240618,000000,24.2876,24.2876,24.2876,24.2876,21,0
AHOY.US,D,20240620,000000,24.15,24.15,24.1127,24.1127,431,0
AHOY.US,D,20240621,000000,24.06,24.06,24.02,24.025,2293,0
AHOY.US,D,20240624,000000,24.2379,24.2379,24.2379,24.2379,36,0
AHOY.US,D,20240625,000000,24.08,24.08,23.9976,23.9976,369,0
AHOY.US,D,20240626,000000,23.83,23.8823,23.83,23.8823,340,0
AHOY.US,D,20240627,000000,23.81,23.88,23.7847,23.7847,1166,0
AHOY.US,D,20240628,000000,23.6,23.6538,23.6,23.6538,106,0
AHOY.US,D,20240701,000000,23.6161,23.6161,23.6161,23.6161,94,0
AHOY.US,D,20240702,000000,23.5416,23.5416,23.5416,23.5416,29,0
AHOY.US,D,20240703,000000,23.768,23.7941,23.768,23.7941,107,0
AHOY.US,D,20240705,000000,23.9251,23.9251,23.9251,23.9251,1,0
AHOY.US,D,20240708,000000,23.8284,23.8284,23.8284,23.8284,96,0
AHOY.US,D,20240709,000000,23.6923,23.6923,23.6923,23.6923,65,0
AHOY.US,D,20240710,000000,23.7709,23.9038,23.7709,23.9038,115,0
AHOY.US,D,20240711,000000,23.92,23.9441,23.92,23.9441,408,0
AHOY.US,D,20240712,000000,24.16,24.1601,24.1026,24.1026,407,0
AHOY.US,D,20240715,000000,24.07,24.07,23.92,23.9367,1214,0
AHOY.US,D,20240716,000000,23.98,24.296,23.98,24.296,346,0
AHOY.US,D,20240717,000000,24.32,24.32,24.2027,24.2027,1326,0
AHOY.US,D,20240718,000000,24.41,24.41,24.1678,24.1678,357,0
AHOY.US,D,20240719,000000,23.9804,23.9804,23.9804,23.9804,22,0
AHOY.US,D,20240722,000000,24.13,24.2568,24.13,24.2568,739,0
AHOY.US,D,20240723,000000,24.1852,24.1852,24.1852,24.1852,4,0
AHOY.US,D,20240724,000000,23.963,23.963,23.963,23.963,173,0
AHOY.US,D,20240725,000000,23.9556,23.9556,23.9556,23.9556,17,0
AHOY.US,D,20240726,000000,24.26,24.279,24.26,24.279,161,0
AHOY.US,D,20240729,000000,24.2658,24.2658,24.2658,24.2658,1,0
AHOY.US,D,20240730,000000,24.2001,24.2001,24.2001,24.2001,79,0
AHOY.US,D,20240731,000000,24.395,24.4228,24.395,24.4228,196,0
AHOY.US,D,20240801,000000,24.4311,24.4311,24.4311,24.4311,80,0
AHOY.US,D,20240802,000000,24.39,24.39,24.1214,24.1214,781,0
AHOY.US,D,20240805,000000,23.51,23.52,23.42,23.5164,4113,0
AHOY.US,D,20240806,000000,23.47,23.5978,23.47,23.5978,354,0
AHOY.US,D,20240807,000000,23.78,23.78,23.6985,23.6985,933,0
AHOY.US,D,20240808,000000,23.9496,23.9496,23.9496,23.9496,23,0
AHOY.US,D,20240809,000000,23.84,23.84,23.81,23.8121,670,0
AHOY.US,D,20240812,000000,23.7119,23.7119,23.7119,23.7119,173,0
AHOY.US,D,20240813,000000,24.0744,24.0744,24.0744,24.0744,65,0
AHOY.US,D,20240814,000000,23.99,24.0754,23.99,24.0754,264,0
AHOY.US,D,20240815,000000,24.3072,24.3072,24.3072,24.3072,216,0
AHOY.US,D,20240816,000000,24.4061,24.4061,24.4061,24.4061,1,0
AHOY.US,D,20240819,000000,24.5784,24.5784,24.5784,24.5784,100,0
AHOY.US,D,20240820,000000,24.505,24.505,24.505,24.505,12,0
AHOY.US,D,20240821,000000,24.7198,24.7198,24.7198,24.7198,59,0
AHOY.US,D,20240822,000000,24.613,24.613,24.613,24.613,8,0
AHOY.US,D,20240823,000000,24.78,24.885,24.78,24.885,212,0
AHOY.US,D,20240826,000000,24.79,24.8393,24.78,24.8393,465,0
AHOY.US,D,20240827,000000,24.83,24.9,24.83,24.9,334,0
AHOY.US,D,20240828,000000,24.8218,24.8218,24.8218,24.8218,22,0
AHOY.US,D,20240829,000000,24.8187,24.8187,24.8187,24.8187,2,0
AHOY.US,D,20240830,000000,24.9869,24.9869,24.9869,24.9869,11,0
AHOY.US,D,20240904,000000,24.4795,24.4795,24.4795,24.4795,28,0
AHOY.US,D,20240905,000000,24.3513,24.3513,24.3513,24.3513,86,0
AHOY.US,D,20240906,000000,23.9775,23.9775,23.9775,23.9775,21,0
AHOY.US,D,20240909,000000,24.2862,24.2862,24.2862,24.2862,2,0
AHOY.US,D,20240910,000000,24.3551,24.3551,24.3551,24.3551,2,0
AHOY.US,D,20240911,000000,24.4605,24.4605,24.4605,24.4605,12,0
AHOY.US,D,20240912,000000,24.6177,24.6799,24.5866,24.5866,351,0
AHOY.US,D,20240913,000000,24.7896,24.7896,24.7896,24.7896,1,0
AHOY.US,D,20240916,000000,25.0067,25.0067,25.0067,25.0067,3,0
AHOY.US,D,20240917,000000,25.13,25.14,24.91,24.91,392,0
AHOY.US,D,20240918,000000,24.9186,24.9186,24.9186,24.9186,2,0
AHOY.US,D,20240919,000000,25.2403,25.2403,25.2403,25.2403,1,0
AHOY.US,D,20240920,000000,25.2399,25.2399,25.1273,25.1273,100,0
AHOY.US,D,20240923,000000,25.11,25.252,25.11,25.252,274,0
AHOY.US,D,20240924,000000,25.27,25.39,25.27,25.2801,1940,0
AHOY.US,D,20240925,000000,25.38,25.38,25.2924,25.2924,463,0
AHOY.US,D,20240926,000000,25.46,25.5747,25.46,25.5747,482,0
AHOY.US,D,20240927,000000,25.6329,25.6329,25.6329,25.6329,3,0
AHOY.US,D,20241001,000000,25.6499,25.6499,25.6499,25.6499,1,0
AHOY.US,D,20241002,000000,25.515,25.65,25.515,25.5497,3737,0
AHOY.US,D,20241003,000000,25.3,25.4803,25.3,25.4803,221,0
AHOY.US,D,20241004,000000,25.7174,25.7174,25.7174,25.7174,101,0
AHOY.US,D,20241007,000000,25.4467,25.4467,25.4467,25.4467,11,0
AHOY.US,D,20241008,000000,25.6187,25.6187,25.6187,25.6187,10,0
AHOY.US,D,20241009,000000,25.6119,25.7206,25.6119,25.7206,115,0
AHOY.US,D,20241010,000000,25.5794,25.5794,25.5794,25.5794,8,0
AHOY.US,D,20241011,000000,25.6063,25.7005,25.6063,25.7005,29,0
AHOY.US,D,20241014,000000,25.7167,25.7167,25.7167,25.7167,7,0
AHOY.US,D,20241015,000000,25.55,25.55,25.4825,25.4825,116,0
AHOY.US,D,20241016,000000,25.53,25.55,25.53,25.55,303,0
AHOY.US,D,20241017,000000,25.41,25.41,25.406,25.406,103,0
AHOY.US,D,20241018,000000,25.4565,25.4565,25.4565,25.4565,14,0
AHOY.US,D,20241021,000000,25.226,25.226,25.226,25.226,12,0
AHOY.US,D,20241022,000000,24.9611,24.9611,24.9611,24.9611,30,0
AHOY.US,D,20241023,000000,25.0345,25.0345,25.0345,25.0345,36,0
AHOY.US,D,20241024,000000,24.9856,24.9856,24.9856,24.9856,2,0
AHOY.US,D,20241025,000000,24.99,24.99,24.9016,24.9016,114,0
AHOY.US,D,20241028,000000,25.13,25.13,25.11,25.11,1309,0
AHOY.US,D,20241029,000000,25,25.12,25,25.0368,836,0
AHOY.US,D,20241030,000000,24.9682,24.9682,24.9682,24.9682,82,0
AHOY.US,D,20241031,000000,24.87,24.87,24.7744,24.7744,1328,0
AHOY.US,D,20241101,000000,24.98,24.98,24.98,24.98,121,0
AHOY.US,D,20241104,000000,25.15,25.15,25.0403,25.0403,1812,0
AHOY.US,D,20241105,000000,25.54,25.54,25.5361,25.5361,101,0
AHOY.US,D,20241106,000000,25.5476,25.5476,25.5476,25.5476,47,0
AHOY.US,D,20241107,000000,25.7537,25.7537,25.7537,25.7537,1,0
AHOY.US,D,20241108,000000,25.77,25.77,25.7267,25.7267,208,0
AHOY.US,D,20241114,000000,25.52,25.52,25.1647,25.1647,492,0
AHOY.US,D,20241115,000000,25,25,24.9548,24.9548,214,0
AHOY.US,D,20241121,000000,25.05,25.1977,25.05,25.1977,252,0
AHOY.US,D,20241122,000000,25.34,25.4425,25.34,25.4425,120,0
AHOY.US,D,20241203,000000,25.715,25.7517,25.715,25.7517,165,0
AHOY.US,D,20241212,000000,25.41,25.41,25.3529,25.3529,942,0
AHOY.US,D,20241217,000000,24.82,24.82,24.7898,24.7898,158,0
AHOY.US,D,20241219,000000,24.33,24.33,24.2646,24.2646,117,0
AHOY.US,D,20241220,000000,24.39,24.39,24.3444,24.3444,239,0
AHOY.US,D,20241223,000000,24.31,24.3273,24.31,24.3273,387,0
