<TICKER>,<PER>,<DATE>,<TIME>,<OPEN>,<HIGH>,<LOW>,<CLOSE>,<VOL>,<OPENINT>
AMNA.US,D,20200629,000000,20.523,20.7192,20.5142,20.5492,21162.79661721,0
AMNA.US,D,20200630,000000,20.4181,21.0803,20.3307,21.0803,28937.284507779,0
AMNA.US,D,20200702,000000,21.1571,21.1755,20.9298,20.9638,6809.4997923495,0
AMNA.US,D,20200706,000000,21.3687,21.4581,20.4259,20.5842,66159.872377544,0
AMNA.US,D,20200707,000000,20.356,20.8133,20.2327,20.4444,86300.008182019,0
AMNA.US,D,20200708,000000,22.4096,22.4096,20.3734,20.4512,1848.6164741784,0
AMNA.US,D,20200714,000000,20.1627,20.32,20.154,20.32,456.23236660781,0
AMNA.US,D,20200715,000000,20.7434,21.0697,20.7434,21.0697,112.25581932337,0
AMNA.US,D,20200716,000000,20.7803,21.0425,20.7803,21.0425,338.8271977742,0
AMNA.US,D,20200721,000000,21.3775,21.3775,21.3775,21.3775,1.0298699020492,0
AMNA.US,D,20200722,000000,21.1755,21.1833,21.1755,21.1833,230.69085805903,0
AMNA.US,D,20200723,000000,20.9376,21.0172,20.9201,21.0172,1174.0516883361,0
AMNA.US,D,20200724,000000,20.9298,20.9298,20.8609,20.8609,228.63111825493,0
AMNA.US,D,20200727,000000,20.621,20.6734,20.6114,20.6608,3292.4940768514,0
AMNA.US,D,20200728,000000,20.7346,20.7609,20.6434,20.6434,6694.15436332,0
AMNA.US,D,20200729,000000,20.6997,21.3075,20.655,21.2989,17136.005300198,0
AMNA.US,D,20200730,000000,20.7434,20.9997,20.7269,20.9463,76144.461077911,0
AMNA.US,D,20200731,000000,20.6648,20.8318,20.4978,20.8318,8057.7021136332,0
AMNA.US,D,20200803,000000,21.0997,21.0997,20.9978,20.9978,170.95840374017,0
AMNA.US,D,20200804,000000,21.3522,21.828,21.2551,21.828,4417.1120098891,0
AMNA.US,D,20200806,000000,22.0134,22.0134,21.9882,21.9882,170.95840374017,0
AMNA.US,D,20200807,000000,21.8115,21.894,21.7396,21.894,2042.2320157636,0
AMNA.US,D,20200810,000000,22.2057,22.4271,22.0746,22.4096,16227.66004659,0
AMNA.US,D,20200811,000000,22.6913,22.7533,22.329,22.329,27694.231536005,0
AMNA.US,D,20200812,000000,22.6029,22.7359,22.4795,22.6291,42327.652974223,0
AMNA.US,D,20200813,000000,22.5591,22.5591,22.2776,22.4019,17247.231249619,0
AMNA.US,D,20200814,000000,22.5863,22.5863,22.5145,22.5145,112.25581932337,0
AMNA.US,D,20200817,000000,22.6203,22.6203,22.6029,22.6115,1701.3450781853,0
AMNA.US,D,20200818,000000,22.5679,22.5679,22.2552,22.2552,1135.9465019603,0
AMNA.US,D,20200819,000000,22.2863,22.2863,22.1048,22.1048,566.42844612708,0
AMNA.US,D,20200820,000000,22.0387,22.1533,21.9328,22.0484,11348.136450681,0
AMNA.US,D,20200821,000000,21.8115,21.9494,21.8018,21.9494,1590.119128764,0
AMNA.US,D,20200824,000000,21.996,21.996,21.996,21.996,42.224665984018,0
AMNA.US,D,20200825,000000,21.8902,21.8902,21.5988,21.7824,4878.4937260072,0
AMNA.US,D,20200826,000000,21.6086,21.6163,21.2279,21.2949,7036.0711708003,0
AMNA.US,D,20200827,000000,21.4143,21.46,21.2377,21.46,9418.1602542402,0
AMNA.US,D,20200828,000000,21.4755,21.7222,21.4056,21.6833,4425.3509691055,0
AMNA.US,D,20200831,000000,21.4056,21.4483,21.3337,21.3337,4878.4937260072,0
AMNA.US,D,20200901,000000,21.2027,21.4309,21.2027,21.3347,5106.0949743601,0
AMNA.US,D,20200902,000000,21.528,21.528,21.3445,21.4134,3972.2082122039,0
AMNA.US,D,20200903,000000,21.4581,21.4581,21.0172,21.1007,6694.15436332,0
AMNA.US,D,20200908,000000,20.5764,20.7269,20.4356,20.5346,10172.02502254,0
AMNA.US,D,20200909,000000,20.8056,20.9638,20.7522,20.7978,3972.2082122039,0
AMNA.US,D,20200910,000000,20.69,20.7609,20.356,20.3579,6013.4103580654,0
AMNA.US,D,20200911,000000,20.4793,20.4793,20.2055,20.3132,1590.119128764,0
AMNA.US,D,20200914,000000,20.4259,20.6822,20.4181,20.5774,3081.3707469313,0
AMNA.US,D,20200915,000000,20.6386,20.7609,20.3307,20.3307,2399.5968717747,0
AMNA.US,D,20200916,000000,20.6648,20.9551,20.6648,20.7346,4368.7081244928,0
AMNA.US,D,20200917,000000,20.5696,20.6298,20.4793,20.6152,1590.119128764,0
AMNA.US,D,20200918,000000,20.3307,20.4618,20.2851,20.4006,3292.4940768514,0
AMNA.US,D,20200921,000000,19.7656,19.9589,19.7229,19.9589,4085.4939014293,0
AMNA.US,D,20200922,000000,20.1453,20.1453,19.8801,19.9763,2496.4046425673,0
AMNA.US,D,20200923,000000,19.7471,19.8267,19.1422,19.1422,3176.1187779198,0
AMNA.US,D,20200924,000000,18.8043,19.2538,18.7703,19.1082,2269.8332641165,0
AMNA.US,D,20200925,000000,19.017,19.2412,18.948,19.2412,1701.3450781853,0
AMNA.US,D,20200928,000000,19.5821,19.5821,19.5821,19.5821,1.0298699020492,0
AMNA.US,D,20200929,000000,19.5316,19.5316,19.5316,19.5316,1.0298699020492,0
AMNA.US,D,20200930,000000,19.1296,19.1296,19.1296,19.1296,1.0298699020492,0
AMNA.US,D,20201001,000000,18.8859,18.8859,18.8859,18.8859,1.0298699020492,0
AMNA.US,D,20201002,000000,19.1354,19.1354,19.1354,19.1354,1.0298699020492,0
AMNA.US,D,20201005,000000,19.586,19.586,19.586,19.586,1.0298699020492,0
AMNA.US,D,20201006,000000,19.2432,19.2432,19.2432,19.2432,1.0298699020492,0
AMNA.US,D,20201007,000000,19.4316,19.4316,19.4316,19.4316,1.0298699020492,0
AMNA.US,D,20201008,000000,20.2414,20.3307,20.2414,20.3259,454.17262680371,0
AMNA.US,D,20201009,000000,20.3035,20.3035,20.1404,20.1491,1440.7879929669,0
AMNA.US,D,20201012,000000,20.1219,20.2482,20.1219,20.2482,1107.1101447029,0
AMNA.US,D,20201013,000000,20.1948,20.1948,20.1404,20.1715,666.32582662585,0
AMNA.US,D,20201014,000000,20.5182,20.5182,20.3307,20.3307,666.32582662585,0
AMNA.US,D,20201015,000000,20.2754,20.42,20.2754,20.4055,554.07000730249,0
AMNA.US,D,20201016,000000,20.2666,20.2938,20.0948,20.0948,666.32582662585,0
AMNA.US,D,20201019,000000,19.8181,19.8181,19.8181,19.8181,1.0298699020492,0
AMNA.US,D,20201020,000000,20.0589,20.0589,20.0579,20.0579,110.19607951927,0
AMNA.US,D,20201021,000000,19.8793,19.8869,19.8345,19.8345,1219.3659640263,0
AMNA.US,D,20201022,000000,20.4385,20.5114,20.42,20.5074,1331.6217833497,0
AMNA.US,D,20201023,000000,20.2123,20.3288,20.2123,20.3288,1107.1101447029,0
AMNA.US,D,20201026,000000,19.7801,19.7801,19.5811,19.7724,1440.7879929669,0
AMNA.US,D,20201027,000000,19.6267,19.7423,19.5899,19.619,1552.0139423882,0
AMNA.US,D,20201028,000000,19.2733,19.2733,19.0024,19.0024,1329.5620435456,0
AMNA.US,D,20201029,000000,19.0306,19.249,19.0306,19.249,6759.0361671491,0
AMNA.US,D,20201030,000000,18.9034,19.1334,18.9034,19.1334,222.45189884263,0
AMNA.US,D,20201102,000000,19.148,19.148,19.0402,19.0402,110.19607951927,0
AMNA.US,D,20201103,000000,19.3646,19.4549,19.3646,19.4083,3324.4200438149,0
AMNA.US,D,20201104,000000,19.4064,19.4064,19.4064,19.4064,1.0298699020492,0
AMNA.US,D,20201105,000000,19.5986,19.7617,19.5986,19.6549,2220.3995088181,0
AMNA.US,D,20201106,000000,19.0034,19.0402,18.9936,18.9936,222.45189884263,0
AMNA.US,D,20201109,000000,20.42,20.42,20.3841,20.3841,211.12332992009,0
AMNA.US,D,20201110,000000,21.0531,21.0531,21.0531,21.0531,1.0298699020492,0
AMNA.US,D,20201111,000000,21.1377,21.1377,21.1377,21.1377,1.0298699020492,0
AMNA.US,D,20201112,000000,21.025,21.0347,20.5744,20.5744,4432.5600584199,0
AMNA.US,D,20201113,000000,20.9347,20.9347,20.9347,20.9347,1.0298699020492,0
AMNA.US,D,20201116,000000,21.4891,21.4891,21.4891,21.4891,10.298699020492,0
AMNA.US,D,20201117,000000,21.9154,21.9154,21.9154,21.9154,2.0597398040985,0
AMNA.US,D,20201118,000000,21.6183,21.6183,21.6183,21.6183,12.358438824591,0
AMNA.US,D,20201119,000000,22.161,22.161,22.161,22.161,2.0597398040985,0
AMNA.US,D,20201120,000000,22.03,22.03,22.03,22.03,1.0298699020492,0
AMNA.US,D,20201123,000000,22.8835,22.8835,22.8835,22.8835,32.955836865575,0
AMNA.US,D,20201124,000000,23.7671,23.7671,23.7671,23.7671,1.0298699020492,0
AMNA.US,D,20201125,000000,23.7137,23.7137,23.6486,23.6486,199.79476099755,0
AMNA.US,D,20201127,000000,23.3796,23.3796,23.3796,23.3796,1.0298699020492,0
AMNA.US,D,20201130,000000,22.8747,22.8835,22.7116,22.7213,2881.5759859337,0
AMNA.US,D,20201201,000000,22.765,22.765,22.765,22.765,18.537658236886,0
AMNA.US,D,20201202,000000,23.269,23.269,23.269,23.269,9.2688291184431,0
AMNA.US,D,20201203,000000,23.6768,23.6768,23.6768,23.6768,1.0298699020492,0
AMNA.US,D,20201204,000000,24.4905,24.5167,24.4905,24.5167,165.80905422993,0
AMNA.US,D,20201207,000000,24.138,24.1652,24.138,24.1652,110.19607951927,0
AMNA.US,D,20201210,000000,24.7546,24.7624,24.7546,24.7546,1.0298699020492,0
AMNA.US,D,20201211,000000,24.7186,24.7186,24.7186,24.7186,2.0597398040985,0
AMNA.US,D,20201214,000000,24.0991,24.0991,24.0991,24.0991,1.0298699020492,0
AMNA.US,D,20201215,000000,24.5798,24.5798,24.5798,24.5798,1.0298699020492,0
AMNA.US,D,20201216,000000,24.2069,24.2069,24.2069,24.2069,7.2090893143446,0
AMNA.US,D,20201217,000000,24.0409,24.0409,24.0409,24.0409,2.0597398040985,0
AMNA.US,D,20201218,000000,23.8759,23.8759,23.7486,23.7486,331.61810845985,0
AMNA.US,D,20201221,000000,23.0544,23.2816,23.0544,23.2641,222.45189884263,0
AMNA.US,D,20201222,000000,23.1446,23.1446,23.0398,23.0398,111.22594942132,0
AMNA.US,D,20201223,000000,23.1894,23.236,23.1894,23.202,223.48176874468,0
AMNA.US,D,20201224,000000,23.0903,23.0903,23.0903,23.0903,1.0298699020492,0
AMNA.US,D,20201228,000000,22.766,22.8359,22.766,22.8359,112.25581932337,0
AMNA.US,D,20201229,000000,22.7397,22.7582,22.6669,22.7339,4321.3341089986,0
AMNA.US,D,20201230,000000,22.6931,22.6931,22.6931,22.6931,10.298699020492,0
AMNA.US,D,20201231,000000,22.8009,22.8009,22.8009,22.8009,1.0298699020492,0
AMNA.US,D,20210104,000000,22.6543,22.6543,22.6543,22.6543,1.0298699020492,0
AMNA.US,D,20210105,000000,23.5874,23.5874,23.5874,23.5874,1.0298699020492,0
AMNA.US,D,20210106,000000,24.1273,24.1273,24.1273,24.1273,1.0298699020492,0
AMNA.US,D,20210107,000000,24.5546,24.5546,24.5546,24.5546,1.0298699020492,0
AMNA.US,D,20210108,000000,24.3031,24.3031,24.3031,24.3031,1.0298699020492,0
AMNA.US,D,20210111,000000,24.5701,24.5701,24.5701,24.5701,1.0298699020492,0
AMNA.US,D,20210112,000000,25.3673,25.3673,25.3673,25.3673,10.298699020492,0
AMNA.US,D,20210113,000000,25.4615,25.4829,25.4615,25.4829,14157.621543471,0
AMNA.US,D,20210114,000000,25.9412,25.9412,25.9412,25.9412,1.0298699020492,0
AMNA.US,D,20210115,000000,25.6712,25.6712,25.6712,25.6712,1.0298699020492,0
AMNA.US,D,20210119,000000,25.7605,25.7605,25.7605,25.7605,3.0896097061477,0
AMNA.US,D,20210120,000000,25.6295,25.6295,25.6295,25.6295,2.0597398040985,0
AMNA.US,D,20210121,000000,25.2013,25.2013,25.2013,25.2013,2.0597398040985,0
AMNA.US,D,20210122,000000,24.9187,24.9187,24.9187,24.9187,1.0298699020492,0
AMNA.US,D,20210125,000000,24.7584,24.7584,24.7584,24.7584,2.0597398040985,0
AMNA.US,D,20210126,000000,24.5924,24.5924,24.5924,24.5924,1.0298699020492,0
AMNA.US,D,20210127,000000,23.9477,23.9477,23.9477,23.9477,7.2090893143446,0
AMNA.US,D,20210128,000000,24.3322,24.3322,24.3322,24.3322,8.2389592163938,0
AMNA.US,D,20210129,000000,24.0263,24.0263,24.0263,24.0263,1.0298699020492,0
AMNA.US,D,20210201,000000,24.1419,24.1419,24.1419,24.1419,1.0298699020492,0
AMNA.US,D,20210202,000000,24.3429,24.3429,24.3429,24.3429,1.0298699020492,0
AMNA.US,D,20210203,000000,24.6972,24.6972,24.6972,24.6972,3.0896097061477,0
AMNA.US,D,20210204,000000,24.738,24.738,24.738,24.738,1.0298699020492,0
AMNA.US,D,20210205,000000,24.9264,24.9264,24.9264,24.9264,9.2688291184431,0
AMNA.US,D,20210208,000000,25.4081,25.4081,25.4081,25.4081,7.2090893143446,0
AMNA.US,D,20210209,000000,25.2013,25.2013,25.2013,25.2013,2.0597398040985,0
AMNA.US,D,20210210,000000,25.4236,25.4236,25.4236,25.4236,2.0597398040985,0
AMNA.US,D,20210211,000000,25.5265,25.6353,25.4557,25.4557,2177.1449729321,0
AMNA.US,D,20210212,000000,25.7576,25.7576,25.7576,25.7576,1.0298699020492,0
AMNA.US,D,20210216,000000,26.0062,26.0062,26.0062,26.0062,1.0298699020492,0
AMNA.US,D,20210217,000000,26.0218,26.0218,26.0218,26.0218,1.0298699020492,0
AMNA.US,D,20210218,000000,25.4897,25.4915,25.4897,25.4915,120.49477853976,0
AMNA.US,D,20210219,000000,25.7586,25.7586,25.7586,25.7586,1.0298699020492,0
AMNA.US,D,20210222,000000,26.0576,26.0576,26.0576,26.0576,1.0298699020492,0
AMNA.US,D,20210223,000000,26.3101,26.3101,26.3101,26.3101,1.0298699020492,0
AMNA.US,D,20210224,000000,26.8471,26.8471,26.8471,26.8471,1.0298699020492,0
AMNA.US,D,20210225,000000,26.28,26.28,26.28,26.28,1.0298699020492,0
AMNA.US,D,20210226,000000,25.5333,25.5333,25.5333,25.5333,4.1194796081969,0
AMNA.US,D,20210301,000000,26.3509,26.3509,26.3509,26.3509,1.0298699020492,0
AMNA.US,D,20210302,000000,26.5101,26.5101,26.5101,26.5101,1.0298699020492,0
AMNA.US,D,20210303,000000,26.6859,26.6859,26.6859,26.6859,1.0298699020492,0
AMNA.US,D,20210304,000000,27.1219,27.1219,27.1219,27.1219,1.0298699020492,0
AMNA.US,D,20210305,000000,27.4608,27.4608,27.4608,27.4608,1.0298699020492,0
AMNA.US,D,20210308,000000,27.5908,27.5908,27.5908,27.5908,1.0298699020492,0
AMNA.US,D,20210309,000000,27.1947,27.1947,27.1947,27.1947,1.0298699020492,0
AMNA.US,D,20210310,000000,28.0075,28.0075,28.0075,28.0075,1.0298699020492,0
AMNA.US,D,20210311,000000,28.0579,28.0579,28.0579,28.0579,1.0298699020492,0
AMNA.US,D,20210312,000000,28.2415,28.2415,28.2415,28.2415,1.0298699020492,0
AMNA.US,D,20210315,000000,28.2696,28.2696,28.2696,28.2696,7.2090893143446,0
AMNA.US,D,20210316,000000,27.7841,27.7841,27.7841,27.7841,17.507788334837,0
AMNA.US,D,20210317,000000,27.7938,27.9103,27.6831,27.9103,326.46875894961,0
AMNA.US,D,20210318,000000,27.0131,27.0131,27.0131,27.0131,1.0298699020492,0
AMNA.US,D,20210319,000000,27.3122,27.3122,27.3122,27.3122,1.0298699020492,0
AMNA.US,D,20210322,000000,27.3112,27.3112,27.3112,27.3112,1.0298699020492,0
AMNA.US,D,20210323,000000,26.7141,26.7141,26.7141,26.7141,1.0298699020492,0
AMNA.US,D,20210324,000000,27.1063,27.1063,27.1063,27.1063,1.0298699020492,0
AMNA.US,D,20210325,000000,27.2928,27.2928,27.2928,27.2928,1.0298699020492,0
AMNA.US,D,20210326,000000,27.8821,27.8821,27.8821,27.8821,1.0298699020492,0
AMNA.US,D,20210329,000000,27.6676,27.6676,27.6676,27.6676,1.0298699020492,0
AMNA.US,D,20210330,000000,27.3414,27.3414,27.3414,27.3414,1.0298699020492,0
AMNA.US,D,20210331,000000,27.4626,27.4626,27.4626,27.4626,1.0298699020492,0
AMNA.US,D,20210401,000000,27.4812,27.7239,27.4812,27.7239,108.13633971517,0
AMNA.US,D,20210405,000000,27.654,27.654,27.654,27.654,17.507788334837,0
AMNA.US,D,20210406,000000,27.7317,27.7317,27.7317,27.7317,1.0298699020492,0
AMNA.US,D,20210407,000000,27.888,27.888,27.888,27.888,1.0298699020492,0
AMNA.US,D,20210408,000000,27.8676,27.8676,27.8676,27.8676,1.0298699020492,0
AMNA.US,D,20210409,000000,27.6996,27.6996,27.6996,27.6996,1.0298699020492,0
AMNA.US,D,20210412,000000,27.6384,27.6384,27.6384,27.6384,2.0597398040985,0
AMNA.US,D,20210413,000000,27.6957,27.6957,27.6957,27.6957,1.0298699020492,0
AMNA.US,D,20210414,000000,27.9715,27.9715,27.9715,27.9715,3.0896097061477,0
AMNA.US,D,20210415,000000,28.1589,28.1695,28.1589,28.1695,216.27267943034,0
AMNA.US,D,20210416,000000,27.9531,27.9531,27.9531,27.9531,1.0298699020492,0
AMNA.US,D,20210419,000000,28.0355,28.0355,28.0355,28.0355,1.0298699020492,0
AMNA.US,D,20210420,000000,27.7404,27.7404,27.7404,27.7404,1.0298699020492,0
AMNA.US,D,20210421,000000,28.1035,28.1035,28.1035,28.1035,1.0298699020492,0
AMNA.US,D,20210422,000000,27.8268,27.8268,27.8268,27.8268,4.1194796081969,0
AMNA.US,D,20210423,000000,28.1763,28.1763,28.1763,28.1763,1.0298699020492,0
AMNA.US,D,20210426,000000,28.3647,28.3647,28.3337,28.3337,321.31940943936,0
AMNA.US,D,20210427,000000,28.5512,28.5512,28.5512,28.5512,1.0298699020492,0
AMNA.US,D,20210428,000000,29.0736,29.0736,29.0736,29.0736,1.0298699020492,0
AMNA.US,D,20210429,000000,29.3503,29.3503,29.3503,29.3503,1.0298699020492,0
AMNA.US,D,20210430,000000,29.0823,29.0823,29.0823,29.0823,1.0298699020492,0
AMNA.US,D,20210503,000000,29.3008,29.3008,29.3008,29.3008,1.0298699020492,0
AMNA.US,D,20210504,000000,29.4299,29.4299,29.4299,29.4299,1.0298699020492,0
AMNA.US,D,20210505,000000,29.8562,29.8562,29.8562,29.8562,1.0298699020492,0
AMNA.US,D,20210506,000000,30.0212,30.0212,30.0212,30.0212,1.0298699020492,0
AMNA.US,D,20210507,000000,30.3038,30.3038,30.3038,30.3038,3.0896097061477,0
AMNA.US,D,20210510,000000,30.534,30.534,30.534,30.534,7.2090893143446,0
AMNA.US,D,20210511,000000,30.3184,30.3184,30.3184,30.3184,1.0298699020492,0
AMNA.US,D,20210512,000000,30.1922,30.1922,30.1922,30.1922,10.298699020492,0
AMNA.US,D,20210513,000000,30.2796,30.2796,30.2796,30.2796,4.1194796081969,0
AMNA.US,D,20210514,000000,30.8797,30.8797,30.8797,30.8797,49.433755298363,0
AMNA.US,D,20210517,000000,31.2593,31.2593,31.2593,31.2593,3.0896097061477,0
AMNA.US,D,20210518,000000,31.1214,31.1214,31.1214,31.1214,2.0597398040985,0
AMNA.US,D,20210519,000000,30.5903,30.5903,30.5903,30.5903,4.1194796081969,0
AMNA.US,D,20210520,000000,30.9233,30.9233,30.9233,30.9233,4.1194796081969,0
AMNA.US,D,20210521,000000,31.0418,31.0418,30.9641,30.9641,165.80905422993,0
AMNA.US,D,20210524,000000,31.201,31.201,31.201,31.201,4.1194796081969,0
AMNA.US,D,20210525,000000,30.6932,30.6932,30.6932,30.6932,4.1194796081969,0
AMNA.US,D,20210526,000000,30.8127,30.8127,30.8127,30.8127,4.1194796081969,0
AMNA.US,D,20210527,000000,30.8981,30.8981,30.8981,30.8981,4.1194796081969,0
AMNA.US,D,20210528,000000,30.8767,30.8767,30.8767,30.8767,4.1194796081969,0
AMNA.US,D,20210601,000000,31.3874,31.4254,31.3593,31.371,19071.130846147,0
AMNA.US,D,20210602,000000,31.7506,31.9293,31.7458,31.7458,964.98809822013,0
AMNA.US,D,20210603,000000,31.8283,31.8283,31.8283,31.8283,4.1194796081969,0
AMNA.US,D,20210604,000000,32.1895,32.1895,32.1895,32.1895,4.1194796081969,0
AMNA.US,D,20210607,000000,32.5614,32.5614,32.5614,32.5614,1.0298699020492,0
AMNA.US,D,20210608,000000,32.6546,32.6546,32.6546,32.6546,9.2688291184431,0
AMNA.US,D,20210609,000000,32.6468,32.6468,32.6468,32.6468,4.1194796081969,0
AMNA.US,D,20210610,000000,32.8906,32.9196,32.8906,32.9196,266.73630463075,0
AMNA.US,D,20210611,000000,33.0722,33.0722,33.0722,33.0722,4.1194796081969,0
AMNA.US,D,20210614,000000,33.0537,33.0537,33.0537,33.0537,4.1194796081969,0
AMNA.US,D,20210615,000000,33.0576,33.2285,33.0576,33.2285,302.78175120247,0
AMNA.US,D,20210616,000000,33.4314,33.4314,33.2615,33.2615,169.92853383812,0
AMNA.US,D,20210617,000000,32.2653,32.2653,32.2653,32.2653,4.1194796081969,0
AMNA.US,D,20210618,000000,31.5136,31.5136,31.5136,31.5136,8.2389592163938,0
AMNA.US,D,20210621,000000,31.9662,32.1827,31.9662,32.1827,411.94796081969,0
AMNA.US,D,20210622,000000,31.9467,32.1467,31.9467,32.1467,312.05058032092,0
AMNA.US,D,20210623,000000,32.073,32.073,32.073,32.073,4.1194796081969,0
AMNA.US,D,20210624,000000,32.1051,32.1051,32.1051,32.1051,4.1194796081969,0
AMNA.US,D,20210625,000000,32.0662,32.0662,32.0662,32.0662,4.1194796081969,0
AMNA.US,D,20210628,000000,31.4924,31.4924,31.4924,31.4924,29.866227159428,0
AMNA.US,D,20210629,000000,31.4652,31.4652,31.4652,31.4652,44.284405788117,0
AMNA.US,D,20210630,000000,31.7992,31.7992,31.7992,31.7992,23.687007747132,0
AMNA.US,D,20210701,000000,32.0739,32.0739,32.0739,32.0739,10.298699020492,0
AMNA.US,D,20210702,000000,31.9846,32.2419,31.9467,32.2419,4822.8807512965,0
AMNA.US,D,20210706,000000,31.9069,31.9069,31.9069,31.9069,59.732454318855,0
AMNA.US,D,20210707,000000,31.5806,31.5806,31.5806,31.5806,2.0597398040985,0
AMNA.US,D,20210708,000000,31.4263,31.4263,31.4263,31.4263,2.0597398040985,0
AMNA.US,D,20210709,000000,32.0701,32.0701,32.0701,32.0701,59.732454318855,0
AMNA.US,D,20210712,000000,31.9079,31.9079,31.9079,31.9079,77.240242653692,0
AMNA.US,D,20210713,000000,31.5108,31.5108,31.5108,31.5108,2.0597398040985,0
AMNA.US,D,20210714,000000,31.0311,31.0311,31.0311,31.0311,19.567528138935,0
AMNA.US,D,20210715,000000,30.7563,30.7563,30.7563,30.7563,60.762324220905,0
AMNA.US,D,20210716,000000,30.4534,30.4534,30.4534,30.4534,2.0597398040985,0
AMNA.US,D,20210719,000000,29.4551,29.4551,29.4551,29.4551,1.0298699020492,0
AMNA.US,D,20210720,000000,30.1534,30.1534,30.1534,30.1534,2.0597398040985,0
AMNA.US,D,20210721,000000,30.5689,30.5689,30.5689,30.5689,2.0597398040985,0
AMNA.US,D,20210722,000000,30.4786,30.4786,30.4786,30.4786,18.537658236886,0
AMNA.US,D,20210723,000000,30.4077,30.4077,30.4077,30.4077,19.567528138935,0
AMNA.US,D,20210726,000000,30.9563,30.9563,30.9563,30.9563,2.0597398040985,0
AMNA.US,D,20210727,000000,30.5913,30.5913,30.5913,30.5913,36.045446571723,0
AMNA.US,D,20210728,000000,30.8029,30.8029,30.8029,30.8029,2.0597398040985,0
AMNA.US,D,20210729,000000,31.0185,31.0185,31.0185,31.0185,2.0597398040985,0
AMNA.US,D,20210730,000000,30.5951,30.5951,30.5951,30.5951,30.896097061477,0
AMNA.US,D,20210802,000000,30.3466,30.3466,30.3466,30.3466,2.0597398040985,0
AMNA.US,D,20210803,000000,30.5475,30.5475,30.5475,30.5475,70.031153339348,0
AMNA.US,D,20210804,000000,30.1776,30.1776,30.1776,30.1776,30.896097061477,0
AMNA.US,D,20210805,000000,30.1756,30.1756,30.1756,30.1756,1.0298699020492,0
AMNA.US,D,20210806,000000,30.2436,30.2436,30.2436,30.2436,30.896097061477,0
AMNA.US,D,20210809,000000,30.0009,30.0009,30.0009,30.0009,2.0597398040985,0
AMNA.US,D,20210810,000000,30.4961,30.4961,30.4961,30.4961,2.0597398040985,0
AMNA.US,D,20210811,000000,30.6213,30.6213,30.6213,30.6213,2.0597398040985,0
AMNA.US,D,20210812,000000,30.7262,30.7262,30.7262,30.7262,2.0597398040985,0
AMNA.US,D,20210813,000000,30.4854,30.4854,30.4854,30.4854,2.0597398040985,0
AMNA.US,D,20210816,000000,30.2484,30.2484,30.2484,30.2484,2.0597398040985,0
AMNA.US,D,20210817,000000,29.9999,29.9999,29.9999,29.9999,2.0597398040985,0
AMNA.US,D,20210818,000000,29.5057,29.5057,29.5057,29.5057,2.0597398040985,0
AMNA.US,D,20210819,000000,28.8542,28.8542,28.8542,28.8542,3.0896097061477,0
AMNA.US,D,20210820,000000,29.1153,29.1153,29.1153,29.1153,2.0597398040985,0
AMNA.US,D,20210823,000000,29.729,29.729,29.729,29.729,1.0298699020492,0
AMNA.US,D,20210824,000000,30.0067,30.0067,30.0067,30.0067,2.0597398040985,0
AMNA.US,D,20210825,000000,30.2358,30.2358,30.2358,30.2358,2.0597398040985,0
AMNA.US,D,20210826,000000,29.7882,29.7882,29.7882,29.7882,2.0597398040985,0
AMNA.US,D,20210827,000000,30.4145,30.4145,30.4145,30.4145,2.0597398040985,0
AMNA.US,D,20210830,000000,30.234,30.234,30.234,30.234,63.851933927052,0
AMNA.US,D,20210831,000000,30.0864,30.0864,30.0864,30.0864,2.0597398040985,0
AMNA.US,D,20210901,000000,30.2164,30.2164,30.2164,30.2164,65.911673731151,0
AMNA.US,D,20210902,000000,30.6709,30.7058,30.6709,30.7058,263.6466949246,0
AMNA.US,D,20210903,000000,30.7281,30.7281,30.7281,30.7281,2.0597398040985,0
AMNA.US,D,20210907,000000,30.4835,30.4835,30.4835,30.4835,2.0597398040985,0
AMNA.US,D,20210908,000000,30.4368,30.4368,30.4368,30.4368,2.0597398040985,0
AMNA.US,D,20210909,000000,30.2484,30.2484,30.2484,30.2484,2.0597398040985,0
AMNA.US,D,20210910,000000,30.1242,30.1242,30.1242,30.1242,2.0597398040985,0
AMNA.US,D,20210913,000000,30.6505,30.6505,30.6505,30.6505,2.0597398040985,0
AMNA.US,D,20210914,000000,30.4204,30.4204,30.4204,30.4204,3.0896097061477,0
AMNA.US,D,20210915,000000,31.0263,31.0263,31.0263,31.0263,3.0896097061477,0
AMNA.US,D,20210916,000000,30.8475,30.8475,30.8475,30.8475,2.0597398040985,0
AMNA.US,D,20210917,000000,30.4708,30.4708,30.4708,30.4708,2.0597398040985,0
AMNA.US,D,20210920,000000,29.7358,29.7358,29.7358,29.7358,2.0597398040985,0
AMNA.US,D,20210921,000000,29.9203,29.9203,29.9203,29.9203,3.0896097061477,0
AMNA.US,D,20210922,000000,30.3961,30.3961,30.3961,30.3961,1.0298699020492,0
AMNA.US,D,20210923,000000,31.0738,31.0738,31.0738,31.0738,1.0298699020492,0
AMNA.US,D,20210924,000000,31.0155,31.0155,31.0155,31.0155,1.0298699020492,0
AMNA.US,D,20210927,000000,31.672,31.672,31.672,31.672,1.0298699020492,0
AMNA.US,D,20210928,000000,31.4108,31.4108,31.4108,31.4108,2.0597398040985,0
AMNA.US,D,20210929,000000,31.4467,31.4467,31.4467,31.4467,1.0298699020492,0
AMNA.US,D,20210930,000000,31.303,31.303,31.303,31.303,2.0597398040985,0
AMNA.US,D,20211001,000000,31.706,31.706,31.706,31.706,1.0298699020492,0
AMNA.US,D,20211004,000000,32.2925,32.2925,32.2925,32.2925,1.0298699020492,0
AMNA.US,D,20211005,000000,32.2089,32.2089,32.2089,32.2089,2.0597398040985,0
AMNA.US,D,20211006,000000,31.8778,31.8778,31.8778,31.8778,1.0298699020492,0
AMNA.US,D,20211007,000000,32.2663,32.2663,32.2663,32.2663,3.0896097061477,0
AMNA.US,D,20211008,000000,32.7993,32.7993,32.7993,32.7993,31.925966963526,0
AMNA.US,D,20211011,000000,32.9624,32.9624,32.9624,32.9624,168.89866393607,0
AMNA.US,D,20211012,000000,33.3246,33.3508,33.0654,33.3508,10430.522367954,0
AMNA.US,D,20211013,000000,33.5713,33.5713,33.5713,33.5713,1.0298699020492,0
AMNA.US,D,20211014,000000,34.08,34.08,34.08,34.08,1.0298699020492,0
AMNA.US,D,20211015,000000,34.514,34.514,34.4072,34.4072,202.8843707037,0
AMNA.US,D,20211018,000000,34.4208,34.4208,34.4208,34.4208,54.583104808609,0
AMNA.US,D,20211019,000000,34.4054,34.4054,34.4054,34.4054,1.0298699020492,0
AMNA.US,D,20211020,000000,34.6121,34.6121,34.6121,34.6121,102.98699020492,0
AMNA.US,D,20211021,000000,34.0208,34.0208,34.0208,34.0208,2.0597398040985,0
AMNA.US,D,20211022,000000,34.1072,34.1072,34.1072,34.1072,2.0597398040985,0
AMNA.US,D,20211025,000000,34.2722,34.2722,34.2722,34.2722,2.0597398040985,0
AMNA.US,D,20211026,000000,33.9684,33.9684,33.9684,33.9684,2.0597398040985,0
AMNA.US,D,20211027,000000,33.6567,33.6567,33.6567,33.6567,2.0597398040985,0
AMNA.US,D,20211028,000000,33.5993,33.5993,33.5993,33.5993,1.0298699020492,0
AMNA.US,D,20211029,000000,33.1644,33.1644,33.1644,33.1644,2.0597398040985,0
AMNA.US,D,20211101,000000,33.6858,33.6858,33.6858,33.6858,2.0597398040985,0
AMNA.US,D,20211102,000000,33.5139,33.5139,33.5139,33.5139,21.627267943034,0
AMNA.US,D,20211103,000000,33.3382,33.3382,33.3382,33.3382,2.0597398040985,0
AMNA.US,D,20211104,000000,33.1275,33.1275,33.1275,33.1275,4.1194796081969,0
AMNA.US,D,20211105,000000,33.4401,33.4401,33.4343,33.4343,106.07659991107,0
AMNA.US,D,20211108,000000,33.4741,33.4741,33.4741,33.4741,3.0896097061477,0
AMNA.US,D,20211110,000000,32.946,32.946,32.946,32.946,2.0597398040985,0
AMNA.US,D,20211111,000000,33.1003,33.1003,33.1003,33.1003,3.0896097061477,0
AMNA.US,D,20211112,000000,33.0052,33.0052,33.0052,33.0052,2.0597398040985,0
AMNA.US,D,20211115,000000,33.0274,33.0274,33.0274,33.0274,2.0597398040985,0
AMNA.US,D,20211116,000000,32.9188,32.9188,32.9188,32.9188,1.0298699020492,0
AMNA.US,D,20211117,000000,32.575,32.575,32.575,32.575,1.0298699020492,0
AMNA.US,D,20211118,000000,32.4633,32.4633,32.4633,32.4633,2.0597398040985,0
AMNA.US,D,20211119,000000,31.8312,31.8312,31.8312,31.8312,8.2389592163938,0
AMNA.US,D,20211122,000000,31.8749,31.8749,31.8749,31.8749,50.463625200412,0
AMNA.US,D,20211123,000000,32.2905,32.2905,32.2905,32.2905,1.0298699020492,0
AMNA.US,D,20211124,000000,32.7061,32.7061,32.7061,32.7061,1.0298699020492,0
AMNA.US,D,20211126,000000,32.0507,32.0507,32.0507,32.0507,1.0298699020492,0
AMNA.US,D,20211129,000000,31.6875,31.6875,31.6875,31.6875,1.0298699020492,0
AMNA.US,D,20211130,000000,30.7883,30.7883,30.7883,30.7883,1.0298699020492,0
AMNA.US,D,20211201,000000,30.2912,30.2912,30.2912,30.2912,1.0298699020492,0
AMNA.US,D,20211202,000000,31.0137,31.0137,30.8729,30.8729,1811.5411577046,0
AMNA.US,D,20211203,000000,30.6679,30.6679,30.6679,30.6679,1.0298699020492,0
AMNA.US,D,20211206,000000,30.8699,30.8699,30.8699,30.8699,1.0298699020492,0
AMNA.US,D,20211207,000000,31.4108,31.4108,31.4108,31.4108,1.0298699020492,0
AMNA.US,D,20211208,000000,31.4108,31.4108,31.4108,31.4108,1.0298699020492,0
AMNA.US,D,20211209,000000,30.9185,30.9185,30.9185,30.9185,1.0298699020492,0
AMNA.US,D,20211210,000000,30.9865,30.9865,30.9865,30.9865,7.2090893143446,0
AMNA.US,D,20211213,000000,30.5174,30.5174,30.5174,30.5174,7.2090893143446,0
AMNA.US,D,20211214,000000,30.2368,30.2368,30.2368,30.2368,1.0298699020492,0
AMNA.US,D,20211215,000000,30.399,30.399,30.399,30.399,1.0298699020492,0
AMNA.US,D,20211216,000000,30.4767,30.4767,30.4767,30.4767,2.0597398040985,0
AMNA.US,D,20211217,000000,30.2514,30.2514,30.2514,30.2514,1.0298699020492,0
AMNA.US,D,20211220,000000,29.8844,29.8844,29.8844,29.8844,1.0298699020492,0
AMNA.US,D,20211221,000000,30.4048,30.4048,30.4048,30.4048,2.0597398040985,0
AMNA.US,D,20211222,000000,30.5077,30.5077,30.5077,30.5077,1.0298699020492,0
AMNA.US,D,20211223,000000,30.6893,30.6893,30.6893,30.6893,1.0298699020492,0
AMNA.US,D,20211227,000000,31.0806,31.0806,31.0806,31.0806,1.0298699020492,0
AMNA.US,D,20211228,000000,31.0903,31.0903,30.934,30.934,125.64412805001,0
AMNA.US,D,20211229,000000,30.9175,30.9175,30.9175,30.9175,1.0298699020492,0
AMNA.US,D,20211230,000000,30.8321,30.8321,30.8321,30.8321,2.0597398040985,0
AMNA.US,D,20211231,000000,31.1039,31.1039,31.1039,31.1039,1.0298699020492,0
AMNA.US,D,20220103,000000,31.2632,31.6166,31.2632,31.6166,4997.9586346449,0
AMNA.US,D,20220104,000000,32.1119,32.1119,32.1119,32.1119,1.0298699020492,0
AMNA.US,D,20220105,000000,32.0109,32.0109,31.9963,31.9963,627.19077034798,0
AMNA.US,D,20220106,000000,32.6449,32.6449,32.6449,32.6449,1.0298699020492,0
AMNA.US,D,20220107,000000,33.0401,33.0401,33.0401,33.0401,44.284405788117,0
AMNA.US,D,20220110,000000,32.6342,32.9576,32.6342,32.9576,1048.4075602861,0
AMNA.US,D,20220111,000000,33.146,33.146,33.146,33.146,2.0597398040985,0
AMNA.US,D,20220112,000000,33.5799,33.5799,33.5799,33.5799,1.0298699020492,0
AMNA.US,D,20220113,000000,33.2964,33.2964,33.2964,33.2964,2.0597398040985,0
AMNA.US,D,20220114,000000,33.5761,33.5761,33.5761,33.5761,1.0298699020492,0
AMNA.US,D,20220118,000000,33.7081,33.7655,33.4305,33.5849,12292.527150859,0
AMNA.US,D,20220119,000000,33.2935,33.2935,33.2935,33.2935,1.0298699020492,0
AMNA.US,D,20220120,000000,32.9867,32.9867,32.9867,32.9867,1.0298699020492,0
AMNA.US,D,20220121,000000,32.507,32.507,32.507,32.507,12.358438824591,0
AMNA.US,D,20220124,000000,31.838,32.2545,31.6564,32.2545,5480.967618706,0
AMNA.US,D,20220125,000000,32.8644,32.8644,32.8644,32.8644,1.0298699020492,0
AMNA.US,D,20220126,000000,33.1061,33.1061,33.1061,33.1061,1.0298699020492,0
AMNA.US,D,20220127,000000,33.0906,33.0906,33.0906,33.0906,5.1493495102461,0
AMNA.US,D,20220128,000000,33.0654,33.245,33.0372,33.245,313.08045022297,0
AMNA.US,D,20220131,000000,33.5867,33.5867,33.5867,33.5867,2.0597398040985,0
AMNA.US,D,20220201,000000,34.1024,34.1024,34.1024,34.1024,1.0298699020492,0
AMNA.US,D,20220202,000000,34.4063,34.4063,34.4063,34.4063,1.0298699020492,0
AMNA.US,D,20220203,000000,34.183,34.183,34.183,34.183,1.0298699020492,0
AMNA.US,D,20220204,000000,34.318,34.318,34.318,34.318,1.0298699020492,0
AMNA.US,D,20220207,000000,34.4986,34.4986,34.4986,34.4986,1.0298699020492,0
AMNA.US,D,20220208,000000,34.2714,34.2714,34.2714,34.2714,30.896097061477,0
AMNA.US,D,20220209,000000,34.4316,34.4782,34.4276,34.4782,893.92707497873,0
AMNA.US,D,20220210,000000,34.215,34.215,34.215,34.215,4.1194796081969,0
AMNA.US,D,20220211,000000,35.0529,35.0529,35.0529,35.0529,2.0597398040985,0
AMNA.US,D,20220214,000000,34.3878,34.3878,34.3878,34.3878,4.1194796081969,0
AMNA.US,D,20220215,000000,34.2422,34.2422,34.2422,34.2422,1.0298699020492,0
AMNA.US,D,20220216,000000,34.3072,34.3092,34.3072,34.3092,145.21165618894,0
AMNA.US,D,20220217,000000,34.1092,34.1092,34.1092,34.1092,1.0298699020492,0
AMNA.US,D,20220218,000000,33.8421,33.8421,33.8402,33.8402,104.01686010697,0
AMNA.US,D,20220222,000000,33.3576,33.3576,33.3576,33.3576,1.0298699020492,0
AMNA.US,D,20220223,000000,33.3052,33.747,33.3052,33.747,523.17391024101,0
AMNA.US,D,20220224,000000,33.8217,33.8217,33.8217,33.8217,4.1194796081969,0
AMNA.US,D,20220225,000000,34.5384,34.5384,34.5384,34.5384,3.0896097061477,0
AMNA.US,D,20220228,000000,35.2879,35.4142,35.2239,35.4142,546.86091798814,0
AMNA.US,D,20220301,000000,35.4472,35.4472,35.4472,35.4472,1.0298699020492,0
AMNA.US,D,20220302,000000,36.4153,36.4153,36.4153,36.4153,1.0298699020492,0
AMNA.US,D,20220303,000000,36.1347,36.4571,36.1347,36.4571,133.8830872664,0
AMNA.US,D,20220304,000000,37.0464,37.0464,37.0464,37.0464,1.0298699020492,0
AMNA.US,D,20220307,000000,36.7901,36.8862,36.7901,36.8862,211.12332992009,0
AMNA.US,D,20220308,000000,36.6755,36.6755,36.6755,36.6755,1.0298699020492,0
AMNA.US,D,20220309,000000,36.2308,36.4201,36.2308,36.4201,250.25838619796,0
AMNA.US,D,20220310,000000,36.7765,36.7765,36.7765,36.7765,4.1194796081969,0
AMNA.US,D,20220311,000000,36.1201,36.1201,36.1201,36.1201,104.01686010697,0
AMNA.US,D,20220314,000000,35.2277,35.2277,35.2277,35.2277,1.0298699020492,0
AMNA.US,D,20220315,000000,34.9743,35.0073,34.9743,35.0073,209.06359011599,0
AMNA.US,D,20220316,000000,35.1103,35.1103,35.1103,35.1103,1.0298699020492,0
AMNA.US,D,20220317,000000,35.5832,35.5832,35.5832,35.5832,1.0298699020492,0
AMNA.US,D,20220318,000000,35.7472,35.7472,35.7472,35.7472,1.0298699020492,0
AMNA.US,D,20220321,000000,36.4317,36.4978,36.4317,36.4978,552.01026749839,0
AMNA.US,D,20220322,000000,36.5221,36.5221,36.5221,36.5221,3.0896097061477,0
AMNA.US,D,20220323,000000,36.9784,36.9784,36.9163,36.9163,460.35184621601,0
AMNA.US,D,20220324,000000,37.2377,37.2843,37.1892,37.2843,4134.9276567277,0
AMNA.US,D,20220325,000000,38.3146,38.3146,38.3146,38.3146,3.0896097061477,0
AMNA.US,D,20220328,000000,37.7669,37.7669,37.7669,37.7669,1.0298699020492,0
AMNA.US,D,20220329,000000,37.9591,37.9591,37.9591,37.9591,84.449331968037,0
AMNA.US,D,20220330,000000,38.267,38.267,38.267,38.267,1.0298699020492,0
AMNA.US,D,20220331,000000,37.9087,37.9087,37.9087,37.9087,62.822064025003,0
AMNA.US,D,20220401,000000,38.3786,38.3786,38.3786,38.3786,3.0896097061477,0
AMNA.US,D,20220404,000000,38.434,38.434,38.434,38.434,3.0896097061477,0
AMNA.US,D,20220405,000000,37.9659,38.0514,37.9659,38.0514,146.24152609099,0
AMNA.US,D,20220406,000000,38.2252,38.2252,38.2252,38.2252,3.0896097061477,0
AMNA.US,D,20220407,000000,38.3592,38.3592,38.3592,38.3592,3.0896097061477,0
AMNA.US,D,20220408,000000,38.7505,38.7505,38.7505,38.7505,4.1194796081969,0
AMNA.US,D,20220411,000000,38.2213,38.2213,38.2213,38.2213,3.0896097061477,0
AMNA.US,D,20220412,000000,38.5389,38.5389,38.5389,38.5389,4.1194796081969,0
AMNA.US,D,20220413,000000,38.8301,38.8457,38.7767,38.8457,515.96482092666,0
AMNA.US,D,20220414,000000,38.9928,38.9928,38.9928,38.9928,3.0896097061477,0
AMNA.US,D,20220418,000000,39.0202,39.0202,39.0202,39.0202,46.344145592215,0
AMNA.US,D,20220419,000000,39.2267,39.2267,39.2267,39.2267,3.0896097061477,0
AMNA.US,D,20220420,000000,39.6635,39.6635,39.6635,39.6635,104.01686010697,0
AMNA.US,D,20220421,000000,39.2161,39.2161,39.2161,39.2161,102.98699020492,0
AMNA.US,D,20220422,000000,38.2191,38.2191,38.2191,38.2191,3.0896097061477,0
AMNA.US,D,20220426,000000,37.1864,37.1864,37.1864,37.1864,3.0896097061477,0
AMNA.US,D,20220427,000000,37.3711,37.3711,37.3711,37.3711,4.1194796081969,0
AMNA.US,D,20220428,000000,38.0802,38.0802,38.0802,38.0802,1.0298699020492,0
AMNA.US,D,20220429,000000,36.9838,36.9838,36.9838,36.9838,25.746747551231,0
AMNA.US,D,20220502,000000,37.0139,37.0139,37.0139,37.0139,1.0298699020492,0
AMNA.US,D,20220503,000000,37.93,37.93,37.93,37.93,25.746747551231,0
AMNA.US,D,20220504,000000,39.1829,39.1829,39.1829,39.1829,25.746747551231,0
AMNA.US,D,20220505,000000,38.2209,38.2209,38.2209,38.2209,2.0597398040985,0
AMNA.US,D,20220506,000000,37.9757,38.7931,37.9757,38.7931,260.55708521845,0
AMNA.US,D,20220509,000000,36.8105,36.8105,36.8105,36.8105,1.0298699020492,0
AMNA.US,D,20220510,000000,36.5646,36.5646,36.5646,36.5646,25.746747551231,0
AMNA.US,D,20220511,000000,36.5455,36.5455,36.5455,36.5455,25.746747551231,0
AMNA.US,D,20220512,000000,36.5124,36.5124,36.5124,36.5124,2.0597398040985,0
AMNA.US,D,20220513,000000,37.4449,37.4449,37.4449,37.4449,25.746747551231,0
AMNA.US,D,20220516,000000,38.0897,38.0897,38.0897,38.0897,1.0298699020492,0
AMNA.US,D,20220517,000000,38.6934,38.6934,38.6934,38.6934,207.0038503119,0
AMNA.US,D,20220518,000000,37.9669,37.9669,37.9669,37.9669,78.270112555741,0
AMNA.US,D,20220519,000000,37.6803,37.6803,37.6803,37.6803,4.1194796081969,0
AMNA.US,D,20220520,000000,37.7624,37.7624,37.7624,37.7624,2.0597398040985,0
AMNA.US,D,20220523,000000,38.2476,38.3738,38.2087,38.2088,1621.0152258255,0
AMNA.US,D,20220524,000000,38.0359,38.0359,38.0359,38.0359,4.1194796081969,0
AMNA.US,D,20220525,000000,38.6979,38.6979,38.6979,38.6979,104.01686010697,0
AMNA.US,D,20220526,000000,39.0243,39.0243,38.9523,38.9523,121.52464844181,0
AMNA.US,D,20220527,000000,39.4597,39.4597,39.4597,39.4597,1.0298699020492,0
AMNA.US,D,20220531,000000,39.2979,39.2979,39.2979,39.2979,3.0896097061477,0
AMNA.US,D,20220601,000000,39.8577,39.8577,39.8577,39.8577,1.0298699020492,0
AMNA.US,D,20220602,000000,40.2508,40.2508,40.2508,40.2508,5.1493495102461,0
AMNA.US,D,20220603,000000,40.135,40.135,40.135,40.135,78.270112555741,0
AMNA.US,D,20220606,000000,40.0464,40.0464,40.0464,40.0464,1.0298699020492,0
AMNA.US,D,20220607,000000,40.8849,40.8849,40.8849,40.8849,1.0298699020492,0
AMNA.US,D,20220608,000000,40.4393,40.4393,40.4393,40.4393,20.597398040985,0
AMNA.US,D,20220609,000000,39.5512,39.5512,39.5512,39.5512,1.0298699020492,0
AMNA.US,D,20220610,000000,38.8582,38.8582,38.8582,38.8582,1.0298699020492,0
AMNA.US,D,20220613,000000,36.993,36.993,36.993,36.993,205.97398040985,0
AMNA.US,D,20220614,000000,36.4365,36.4365,36.4365,36.4365,6.1792194122954,0
AMNA.US,D,20220615,000000,35.9957,35.9957,35.9957,35.9957,4.1194796081969,0
AMNA.US,D,20220616,000000,34.2628,34.2628,34.2628,34.2628,77.240242653692,0
AMNA.US,D,20220617,000000,33.4753,33.4753,33.4753,33.4753,18.537658236886,0
AMNA.US,D,20220621,000000,34.7519,34.795,34.4704,34.795,1445.9373424771,0
AMNA.US,D,20220622,000000,33.9474,33.9474,33.9474,33.9474,1.0298699020492,0
AMNA.US,D,20220623,000000,33.3552,33.3552,33.3552,33.3552,66.9415436332,0
AMNA.US,D,20220624,000000,33.9233,33.9233,33.9233,33.9233,3.0896097061477,0
AMNA.US,D,20220627,000000,34.6084,34.6084,34.6084,34.6084,5.1493495102461,0
AMNA.US,D,20220628,000000,35.2783,35.2783,35.2783,35.2783,31.925966963526,0
AMNA.US,D,20220629,000000,34.87,34.87,34.87,34.87,31.925966963526,0
AMNA.US,D,20220630,000000,34.449,34.449,34.449,34.449,28.836357257378,0
AMNA.US,D,20220701,000000,34.856,34.856,34.856,34.856,31.925966963526,0
AMNA.US,D,20220705,000000,34.0028,34.0028,34.0028,34.0028,1.0298699020492,0
AMNA.US,D,20220706,000000,33.353,33.353,33.353,33.353,31.925966963526,0
AMNA.US,D,20220707,000000,34.5891,34.5891,34.5891,34.5891,29.866227159428,0
AMNA.US,D,20220708,000000,34.7382,34.7382,34.7382,34.7382,31.925966963526,0
AMNA.US,D,20220711,000000,34.4585,34.4585,34.4585,34.4585,31.925966963526,0
AMNA.US,D,20220712,000000,33.9823,33.9823,33.9823,33.9823,1.0298699020492,0
AMNA.US,D,20220713,000000,34.1361,34.1361,34.1361,34.1361,2.0297241372,0
AMNA.US,D,20220714,000000,33.9143,33.9143,33.9143,33.9143,3.0445862058,0
AMNA.US,D,20220715,000000,34.2648,34.2648,34.2648,34.2648,2.0297241372,0
AMNA.US,D,20220718,000000,34.9939,34.9939,34.9939,34.9939,11.1634827546,0
AMNA.US,D,20220719,000000,35.8057,35.8057,35.8057,35.8057,1.0148620686,0
AMNA.US,D,20220720,000000,35.9739,35.9739,35.9739,35.9739,5.074310343,0
AMNA.US,D,20220721,000000,35.9439,35.9439,35.9439,35.9439,1.0148620686,0
AMNA.US,D,20220722,000000,35.6579,35.6579,35.6579,35.6579,1.0148620686,0
AMNA.US,D,20220725,000000,36.7573,36.7573,36.7573,36.7573,4.0594482744,0
AMNA.US,D,20220726,000000,37.0023,37.0023,37.0023,37.0023,1.0148620686,0
AMNA.US,D,20220727,000000,37.4547,37.4547,37.4547,37.4547,1.0148620686,0
AMNA.US,D,20220728,000000,37.6367,37.6367,37.6367,37.6367,2.0297241372,0
AMNA.US,D,20220729,000000,37.9576,37.9576,37.9576,37.9576,1.0148620686,0
AMNA.US,D,20220801,000000,37.5125,37.709,37.5125,37.709,812.9045169486,0
AMNA.US,D,20220802,000000,37.3307,37.3307,37.3307,37.3307,2.0297241372,0
AMNA.US,D,20220803,000000,37.3131,37.3131,37.3131,37.3131,1.0148620686,0
AMNA.US,D,20220804,000000,36.4391,36.4391,36.4391,36.4391,1.0148620686,0
AMNA.US,D,20220805,000000,36.3636,36.3636,36.3636,36.3636,1.0148620686,0
AMNA.US,D,20220808,000000,36.7833,36.7833,36.7364,36.7364,291.2654136882,0
AMNA.US,D,20220809,000000,37.0643,37.0643,37.0643,37.0643,4.0594482744,0
AMNA.US,D,20220810,000000,37.5967,37.5967,37.5967,37.5967,1.0148620686,0
AMNA.US,D,20220811,000000,38.4664,38.4664,38.4664,38.4664,4.0594482744,0
AMNA.US,D,20220812,000000,38.6848,38.6848,38.6848,38.6848,1.0148620686,0
AMNA.US,D,20220815,000000,38.2878,38.2878,38.2878,38.2878,25.371551715,0
AMNA.US,D,20220816,000000,38.6949,38.6949,38.6949,38.6949,1.0148620686,0
AMNA.US,D,20220817,000000,38.393,38.393,38.393,38.393,1.0148620686,0
AMNA.US,D,20220818,000000,39.2051,39.2051,39.2051,39.2051,25.371551715,0
AMNA.US,D,20220819,000000,38.878,38.878,38.878,38.878,1.0148620686,0
AMNA.US,D,20220822,000000,38.6805,38.6805,38.6805,38.6805,5.074310343,0
AMNA.US,D,20220823,000000,39.4891,39.4891,39.4891,39.4891,25.371551715,0
AMNA.US,D,20220824,000000,39.885,39.885,39.885,39.885,1.0148620686,0
AMNA.US,D,20220825,000000,39.9423,39.9423,39.9423,39.9423,78.1443792822,0
AMNA.US,D,20220826,000000,39.3356,39.3356,39.3356,39.3356,1.0148620686,0
AMNA.US,D,20220829,000000,39.4198,39.4198,39.4198,39.4198,9.1337586174,0
AMNA.US,D,20220830,000000,38.3235,38.3235,38.3235,38.3235,1.0148620686,0
AMNA.US,D,20220831,000000,38.2121,38.2121,37.8924,37.8924,915.4055858772,0
AMNA.US,D,20220901,000000,37.3953,37.3953,37.3953,37.3953,1.0148620686,0
AMNA.US,D,20220902,000000,37.8442,37.8442,37.8442,37.8442,1.0148620686,0
AMNA.US,D,20220906,000000,37.2482,37.2482,37.2482,37.2482,1.0148620686,0
AMNA.US,D,20220907,000000,37.3495,37.3495,37.3495,37.3495,6.0891724116,0
AMNA.US,D,20220908,000000,37.5104,37.5104,37.5104,37.5104,2.0297241372,0
AMNA.US,D,20220909,000000,38.2064,38.2064,38.2064,38.2064,1.0148620686,0
AMNA.US,D,20220912,000000,38.8137,38.8137,38.8137,38.8137,26.3864137836,0
AMNA.US,D,20220913,000000,38.7836,38.7836,38.0244,38.0244,202.97241372,0
AMNA.US,D,20220914,000000,38.8582,38.8582,38.8582,38.8582,1.0148620686,0
AMNA.US,D,20220915,000000,38.4201,38.4201,38.4201,38.4201,1.0148620686,0
AMNA.US,D,20220916,000000,37.4666,37.4666,37.4666,37.4666,1.0148620686,0
AMNA.US,D,20220919,000000,37.7602,37.7602,37.7602,37.7602,1.0148620686,0
AMNA.US,D,20220920,000000,37.4511,37.4511,37.4511,37.4511,1.0148620686,0
AMNA.US,D,20220921,000000,36.9648,36.9648,36.9648,36.9648,83.2186896252,0
AMNA.US,D,20220922,000000,36.7341,36.7341,36.482,36.482,205.0021378572,0
AMNA.US,D,20220923,000000,34.1119,34.1119,34.1119,34.1119,81.188965488,0
AMNA.US,D,20220926,000000,33.1833,33.1833,33.1833,33.1833,81.188965488,0
AMNA.US,D,20220927,000000,33.5188,33.5188,33.5188,33.5188,6.0891724116,0
AMNA.US,D,20220928,000000,34.8504,34.8504,34.8504,34.8504,81.188965488,0
AMNA.US,D,20220929,000000,34.2707,34.3516,34.0933,34.3516,4061.4779985372,0
AMNA.US,D,20220930,000000,34.1628,34.1628,34.1628,34.1628,81.188965488,0
AMNA.US,D,20221003,000000,35.1601,35.1601,35.1601,35.1601,81.188965488,0
AMNA.US,D,20221004,000000,36.2018,36.2018,36.2018,36.2018,81.188965488,0
AMNA.US,D,20221005,000000,36.1622,36.1622,36.1622,36.1622,81.188965488,0
AMNA.US,D,20221006,000000,35.5734,35.5734,35.5734,35.5734,3.0445862058,0
AMNA.US,D,20221007,000000,35.4316,35.4316,35.4316,35.4316,1.0148620686,0
AMNA.US,D,20221010,000000,34.857,34.857,34.857,34.857,6.0891724116,0
AMNA.US,D,20221011,000000,34.9884,34.9884,34.9884,34.9884,1.0148620686,0
AMNA.US,D,20221012,000000,34.8902,34.8902,34.8902,34.8902,1,0
AMNA.US,D,20221013,000000,36.0428,36.0428,36.0428,36.0428,4,0
AMNA.US,D,20221014,000000,35.0803,35.0803,35.0803,35.0803,2,0
AMNA.US,D,20221017,000000,35.7591,35.7591,35.7591,35.7591,1,0
AMNA.US,D,20221018,000000,36.022,36.022,36.022,36.022,1,0
AMNA.US,D,20221019,000000,36.2048,36.2048,36.2048,36.2048,1,0
AMNA.US,D,20221020,000000,36.047,36.047,36.047,36.047,1,0
AMNA.US,D,20221021,000000,36.61,36.6475,36.61,36.6475,4476,0
AMNA.US,D,20221025,000000,36.5476,36.5476,36.4,36.5476,1500,0
AMNA.US,D,20221026,000000,36.9471,36.9471,36.9471,36.9471,1,0
AMNA.US,D,20221027,000000,37.47,37.47,37.3884,37.3884,4475,0
AMNA.US,D,20221028,000000,37.4768,37.4768,37.4768,37.4768,175,0
AMNA.US,D,20221031,000000,37.9099,37.9099,37.9099,37.9099,1,0
AMNA.US,D,20221101,000000,38.1071,38.1071,38.1071,38.1071,1,0
AMNA.US,D,20221102,000000,37.679,37.679,37.679,37.679,4,0
AMNA.US,D,20221103,000000,37.8039,37.8039,37.8039,37.8039,28,0
AMNA.US,D,20221104,000000,38.0999,38.0999,38.0999,38.0999,1,0
AMNA.US,D,20221107,000000,38.17,38.2565,38.17,38.2565,574,0
AMNA.US,D,20221108,000000,38.4368,38.4368,38.4368,38.4368,2,0
AMNA.US,D,20221109,000000,37.2978,37.2978,37.2978,37.2978,1,0
AMNA.US,D,20221110,000000,38.4799,38.4799,38.4799,38.4799,2,0
AMNA.US,D,20221111,000000,38.7825,38.7825,38.7825,38.7825,2,0
AMNA.US,D,20221114,000000,38.5103,38.5103,38.5103,38.5103,2,0
AMNA.US,D,20221115,000000,38.6513,38.6513,38.6513,38.6513,2,0
AMNA.US,D,20221116,000000,38.22,38.7,38.22,38.6917,2000,0
AMNA.US,D,20221117,000000,42.13,42.13,38.15,38.15,218,0
AMNA.US,D,20221118,000000,37.9,38.5309,37.9,38.5309,561,0
AMNA.US,D,20221121,000000,38.1404,38.1404,38.1404,38.1404,44,0
AMNA.US,D,20221122,000000,39.17,39.1769,39.17,39.1769,254,0
AMNA.US,D,20221123,000000,39.0948,39.0948,39.0948,39.0948,2,0
AMNA.US,D,20221125,000000,39.1387,39.1387,39.1387,39.1387,2,0
AMNA.US,D,20221128,000000,38.6331,38.6331,38.6331,38.6331,2,0
AMNA.US,D,20221129,000000,38.8721,38.8721,38.8721,38.8721,2,0
AMNA.US,D,20221130,000000,39.2363,39.2363,39.2363,39.2363,8,0
AMNA.US,D,20221201,000000,39.1612,39.1612,39.1612,39.1612,13,0
AMNA.US,D,20221202,000000,39.0438,39.0438,39.0438,39.0438,15,0
AMNA.US,D,20221205,000000,38.2665,38.2665,38.2665,38.2665,2,0
AMNA.US,D,20221206,000000,37.4544,37.4544,37.4544,37.4544,2,0
AMNA.US,D,20221207,000000,37.4065,37.4065,37.4065,37.4065,2,0
AMNA.US,D,20221208,000000,37.0753,37.0753,37.0753,37.0753,13,0
AMNA.US,D,20221209,000000,36.6247,36.6247,36.6247,36.6247,15,0
AMNA.US,D,20221212,000000,37.2656,37.2656,37.2656,37.2656,13,0
AMNA.US,D,20221213,000000,37.9223,37.9223,37.9223,37.9223,13,0
AMNA.US,D,20221214,000000,37.6776,37.6776,37.6776,37.6776,13,0
AMNA.US,D,20221215,000000,37.048,37.048,37.048,37.048,2,0
AMNA.US,D,20221216,000000,36.5769,36.5769,36.5769,36.5769,13,0
AMNA.US,D,20221219,000000,35.9932,35.9932,35.9932,35.9932,13,0
AMNA.US,D,20221220,000000,36.199,36.199,36.199,36.199,13,0
AMNA.US,D,20221221,000000,36.8439,36.8439,36.8439,36.8439,13,0
AMNA.US,D,20221222,000000,36.3255,36.3255,36.3255,36.3255,13,0
AMNA.US,D,20221223,000000,37.1008,37.1008,37.1008,37.1008,13,0
AMNA.US,D,20221227,000000,37.21,37.3111,37.21,37.3111,251,0
AMNA.US,D,20221228,000000,36.4832,36.4832,36.4832,36.4832,13,0
AMNA.US,D,20221229,000000,36.9086,36.9086,36.9086,36.9086,2,0
AMNA.US,D,20221230,000000,36.9133,36.9133,36.9133,36.9133,13,0
AMNA.US,D,20230103,000000,36.1581,36.1581,36.1581,36.1581,8,0
AMNA.US,D,20230104,000000,36.5201,36.5201,36.5201,36.5201,11,0
AMNA.US,D,20230105,000000,36.5696,36.5696,36.5696,36.5696,13,0
AMNA.US,D,20230106,000000,37.3204,37.3204,37.3204,37.3204,13,0
AMNA.US,D,20230109,000000,37.7013,37.7013,37.7013,37.7013,1,0
AMNA.US,D,20230110,000000,37.7838,37.7838,37.7838,37.7838,13,0
AMNA.US,D,20230111,000000,38.1479,38.1479,38.1479,38.1479,2,0
AMNA.US,D,20230112,000000,38.1733,38.1733,38.1733,38.1733,2,0
AMNA.US,D,20230113,000000,38.267,38.267,38.267,38.267,13,0
AMNA.US,D,20230117,000000,38.0567,38.0567,38.0567,38.0567,2,0
AMNA.US,D,20230118,000000,37.5102,37.5102,37.5102,37.5102,5,0
AMNA.US,D,20230119,000000,37.8119,37.8119,37.8119,37.8119,11,0
AMNA.US,D,20230120,000000,37.86,37.9574,37.86,37.9574,200,0
AMNA.US,D,20230123,000000,38.18,38.32,38.18,38.284,785,0
AMNA.US,D,20230124,000000,38.0608,38.0608,38.0608,38.0608,1,0
AMNA.US,D,20230125,000000,37.7892,37.7892,37.7892,37.7892,3,0
AMNA.US,D,20230126,000000,38.1565,38.1565,38.1565,38.1565,2,0
AMNA.US,D,20230127,000000,38.135,38.135,38.135,38.135,1,0
AMNA.US,D,20230130,000000,37.5694,37.5694,37.5694,37.5694,1,0
AMNA.US,D,20230131,000000,38.0805,38.0805,38.0805,38.0805,1,0
AMNA.US,D,20230201,000000,37.58,37.809,37.58,37.809,3883,0
AMNA.US,D,20230202,000000,37.9402,37.9402,37.9402,37.9402,23,0
AMNA.US,D,20230203,000000,37.7807,37.7807,37.7807,37.7807,23,0
AMNA.US,D,20230206,000000,37.6715,37.6715,37.6715,37.6715,1,0
AMNA.US,D,20230207,000000,37.9068,37.9068,37.9068,37.9068,1,0
AMNA.US,D,20230208,000000,37.6724,37.6724,37.6724,37.6724,20,0
AMNA.US,D,20230209,000000,37.3532,37.3532,37.3532,37.3532,2,0
AMNA.US,D,20230210,000000,38.0638,38.0638,38.0638,38.0638,1,0
AMNA.US,D,20230213,000000,38.0753,38.0753,38.0753,38.0753,2,0
AMNA.US,D,20230214,000000,37.58,38.2516,37.58,38.2516,2,0
AMNA.US,D,20230215,000000,38.1958,38.1958,38.1958,38.1958,1,0
AMNA.US,D,20230216,000000,38.0447,38.0447,38.0447,38.0447,1,0
AMNA.US,D,20230217,000000,37.4051,37.4051,37.4051,37.4051,1,0
AMNA.US,D,20230222,000000,36.9072,36.9072,36.9072,36.9072,1,0
AMNA.US,D,20230223,000000,37.4783,37.4783,37.4783,37.4783,7,0
AMNA.US,D,20230224,000000,37.3131,37.3131,37.3131,37.3131,7,0
AMNA.US,D,20230227,000000,37.2116,37.2116,37.2116,37.2116,1,0
AMNA.US,D,20230228,000000,36.7025,36.7025,36.7025,36.7025,1,0
AMNA.US,D,20230301,000000,37.58,37.58,37.0158,37.0158,1,0
AMNA.US,D,20230302,000000,37.4813,37.4813,37.4813,37.4813,1,0
AMNA.US,D,20230303,000000,37.8693,37.8693,37.8693,37.8693,1,0
AMNA.US,D,20230306,000000,37.68,37.708,37.68,37.708,2810,0
AMNA.US,D,20230307,000000,37.3076,37.3076,37.3076,37.3076,1,0
AMNA.US,D,20230308,000000,37.2044,37.2044,37.2044,37.2044,1,0
AMNA.US,D,20230309,000000,36.7178,36.7178,36.7178,36.7178,2,0
AMNA.US,D,20230310,000000,36.2245,36.2245,36.2245,36.2245,1,0
AMNA.US,D,20230313,000000,37.68,37.68,36.0474,36.0474,1,0
AMNA.US,D,20230314,000000,36.1688,36.1688,36.1688,36.1688,1,0
AMNA.US,D,20230315,000000,34.8095,34.8095,34.8095,34.8095,1,0
AMNA.US,D,20230316,000000,35.1161,35.1161,35.1161,35.1161,1,0
AMNA.US,D,20230317,000000,34.6471,34.6471,34.6471,34.6471,1,0
AMNA.US,D,20230320,000000,34.64,34.9865,34.64,34.9865,700,0
AMNA.US,D,20230321,000000,35.4842,35.4842,35.4842,35.4842,1,0
AMNA.US,D,20230322,000000,34.9439,34.9439,34.9439,34.9439,4,0
AMNA.US,D,20230323,000000,34.5558,34.5558,34.5558,34.5558,1,0
AMNA.US,D,20230328,000000,35.566,35.566,35.566,35.566,1,0
AMNA.US,D,20230329,000000,36.0948,36.0948,36.0948,36.0948,1,0
AMNA.US,D,20230330,000000,36.3294,36.3294,36.3294,36.3294,1,0
AMNA.US,D,20230331,000000,36.5792,36.5792,36.5792,36.5792,1,0
AMNA.US,D,20230403,000000,36.34,37.1301,36.34,37.1301,101,0
AMNA.US,D,20230404,000000,36.8635,36.8635,36.8635,36.8635,1,0
AMNA.US,D,20230405,000000,37.1553,37.1553,37.1553,37.1553,1,0
AMNA.US,D,20230406,000000,36.9696,36.9696,36.9696,36.9696,2,0
AMNA.US,D,20230410,000000,37.14,37.14,37.0934,37.0934,200,0
AMNA.US,D,20230411,000000,37.3768,37.3768,37.3768,37.3768,3,0
AMNA.US,D,20230412,000000,36.9198,36.9198,36.9198,36.9198,1,0
AMNA.US,D,20230413,000000,37.1494,37.1494,37.1494,37.1494,1,0
AMNA.US,D,20230414,000000,37.2176,37.2176,37.2176,37.2176,1,0
AMNA.US,D,20230417,000000,37.0685,37.0685,37.0685,37.0685,1,0
AMNA.US,D,20230418,000000,36.9772,36.9772,36.9772,36.9772,1,0
AMNA.US,D,20230419,000000,36.7545,36.7545,36.7545,36.7545,1,0
AMNA.US,D,20230420,000000,36.5301,36.5301,36.5301,36.5301,2,0
AMNA.US,D,20230421,000000,36.5996,36.5996,36.5996,36.5996,1,0
AMNA.US,D,20230424,000000,36.7705,36.7705,36.7705,36.7705,3,0
AMNA.US,D,20230425,000000,36.3413,36.3413,36.3413,36.3413,1,0
AMNA.US,D,20230426,000000,36.1617,36.1617,36.1617,36.1617,1,0
AMNA.US,D,20230427,000000,36.4629,36.4629,36.4629,36.4629,1,0
AMNA.US,D,20230428,000000,36.8865,36.8865,36.8865,36.8865,1,0
AMNA.US,D,20230501,000000,36.8624,36.8624,36.8624,36.8624,1,0
AMNA.US,D,20230502,000000,35.9443,35.9443,35.9443,35.9443,1,0
AMNA.US,D,20230503,000000,35.6676,35.6676,35.6676,35.6676,1,0
AMNA.US,D,20230504,000000,35.6506,35.6506,35.6506,35.6506,2,0
AMNA.US,D,20230505,000000,36.369,36.369,36.369,36.369,1,0
AMNA.US,D,20230508,000000,36.182,36.182,36.182,36.182,1,0
AMNA.US,D,20230509,000000,36.3364,36.3364,36.3364,36.3364,1,0
AMNA.US,D,20230510,000000,36.1782,36.1782,36.1782,36.1782,1,0
AMNA.US,D,20230511,000000,36.04,36.07,35.9542,35.9542,1400,0
AMNA.US,D,20230512,000000,36.0648,36.0648,36.0648,36.0648,1,0
AMNA.US,D,20230515,000000,36.2468,36.2468,36.2468,36.2468,1,0
AMNA.US,D,20230516,000000,35.4258,35.4258,35.4258,35.4258,2,0
AMNA.US,D,20230517,000000,35.6428,35.6428,35.6428,35.6428,1,0
AMNA.US,D,20230518,000000,35.7975,35.7975,35.7975,35.7975,1,0
AMNA.US,D,20230519,000000,35.8428,35.8428,35.8428,35.8428,1,0
AMNA.US,D,20230522,000000,35.84,35.84,35.84,35.84,2,0
AMNA.US,D,20230523,000000,35.869,35.869,35.869,35.869,1,0
AMNA.US,D,20230524,000000,35.6771,35.6771,35.6771,35.6771,1,0
AMNA.US,D,20230525,000000,35.2757,35.2757,35.2757,35.2757,1,0
AMNA.US,D,20230526,000000,35.1921,35.1921,35.1921,35.1921,1,0
AMNA.US,D,20230530,000000,35.0249,35.0249,35.0249,35.0249,1,0
AMNA.US,D,20230531,000000,34.8872,34.8872,34.8872,34.8872,1,0
AMNA.US,D,20230601,000000,35.4346,35.4346,35.4346,35.4346,2,0
AMNA.US,D,20230602,000000,36.393,36.393,36.393,36.393,1,0
AMNA.US,D,20230605,000000,36.2716,36.2716,36.2716,36.2716,1,0
AMNA.US,D,20230606,000000,36.417,36.417,36.417,36.417,1,0
AMNA.US,D,20230607,000000,36.962,36.962,36.962,36.962,1,0
AMNA.US,D,20230608,000000,37.0615,37.0615,37.0615,37.0615,2,0
AMNA.US,D,20230609,000000,36.5883,36.5883,36.5883,36.5883,1,0
AMNA.US,D,20230612,000000,36.3264,36.3264,36.3264,36.3264,1,0
AMNA.US,D,20230613,000000,36.4333,36.4333,36.4333,36.4333,2,0
AMNA.US,D,20230614,000000,36.3233,36.3233,36.3233,36.3233,2,0
AMNA.US,D,20230615,000000,36.6784,36.6784,36.6784,36.6784,2,0
AMNA.US,D,20230616,000000,36.729,36.729,36.729,36.729,2,0
AMNA.US,D,20230620,000000,36.3714,36.3714,36.3714,36.3714,2,0
AMNA.US,D,20230621,000000,36.4924,36.4924,36.4924,36.4924,2,0
AMNA.US,D,20230622,000000,36.2,36.2,36.2,36.2,2,0
AMNA.US,D,20230623,000000,35.7812,35.7812,35.7812,35.7812,2,0
AMNA.US,D,20230626,000000,36.2894,36.2894,36.2894,36.2894,1,0
AMNA.US,D,20230627,000000,36.462,36.462,36.462,36.462,2,0
AMNA.US,D,20230628,000000,36.45,36.751,36.45,36.751,121,0
AMNA.US,D,20230629,000000,37.0916,37.0916,37.0916,37.0916,4,0
AMNA.US,D,20230630,000000,37.3007,37.3007,37.3007,37.3007,1,0
AMNA.US,D,20230703,000000,37.5029,37.5029,37.5029,37.5029,1,0
AMNA.US,D,20230705,000000,37.1321,37.1321,37.1321,37.1321,1,0
AMNA.US,D,20230706,000000,36.8155,36.8155,36.8155,36.8155,1,0
AMNA.US,D,20230707,000000,37.0683,37.0683,37.0683,37.0683,1,0
AMNA.US,D,20230710,000000,37.1107,37.1107,37.1107,37.1107,1,0
AMNA.US,D,20230711,000000,37.5345,37.5345,37.5345,37.5345,1,0
AMNA.US,D,20230712,000000,37.8243,37.8243,37.8243,37.8243,201,0
AMNA.US,D,20230713,000000,37.5655,37.5655,37.5655,37.5655,3,0
AMNA.US,D,20230714,000000,36.9003,36.9003,36.9003,36.9003,1,0
AMNA.US,D,20230717,000000,36.8021,36.8021,36.8021,36.8021,1,0
AMNA.US,D,20230718,000000,37.1231,37.1231,37.1231,37.1231,1,0
AMNA.US,D,20230719,000000,37.2446,37.2446,37.2446,37.2446,1,0
AMNA.US,D,20230720,000000,37.5381,37.5381,37.5381,37.5381,1,0
AMNA.US,D,20230721,000000,37.7296,37.7296,37.7296,37.7296,1,0
AMNA.US,D,20230724,000000,37.9765,37.9765,37.9765,37.9765,2,0
AMNA.US,D,20230725,000000,37.83,37.8301,37.8265,37.8265,205,0
AMNA.US,D,20230726,000000,37.7108,37.7108,37.7108,37.7108,3,0
AMNA.US,D,20230727,000000,37.4212,37.4212,37.4212,37.4212,2,0
AMNA.US,D,20230728,000000,37.4015,37.4015,37.4015,37.4015,1,0
AMNA.US,D,20230731,000000,37.91,38.0658,37.9,38.0658,2004,0
AMNA.US,D,20230801,000000,37.5997,37.5997,37.5997,37.5997,1,0
AMNA.US,D,20230802,000000,37.4,37.5094,37.39,37.5094,9500,0
AMNA.US,D,20230803,000000,37.51,37.72,37.51,37.565,11341,0
AMNA.US,D,20230804,000000,37.3756,37.3756,37.3756,37.3756,2,0
AMNA.US,D,20230807,000000,37.4634,37.4634,37.4634,37.4634,8,0
AMNA.US,D,20230808,000000,37.5086,37.5086,37.5086,37.5086,2,0
AMNA.US,D,20230809,000000,37.8433,37.8433,37.8433,37.8433,53,0
AMNA.US,D,20230810,000000,37.8512,37.8512,37.8512,37.8512,2,0
AMNA.US,D,20230811,000000,38.1126,38.1126,38.1126,38.1126,4,0
AMNA.US,D,20230814,000000,37.7913,37.7913,37.7913,37.7913,6,0
AMNA.US,D,20230815,000000,37.3359,37.3359,37.3359,37.3359,2,0
AMNA.US,D,20230816,000000,37.1764,37.1764,37.1764,37.1764,36,0
AMNA.US,D,20230817,000000,37.4217,37.4217,37.4217,37.4217,68,0
AMNA.US,D,20230818,000000,37.5532,37.5532,37.5532,37.5532,10,0
AMNA.US,D,20230821,000000,37.5713,37.5713,37.5713,37.5713,10,0
AMNA.US,D,20230822,000000,37.4106,37.4106,37.4106,37.4106,71,0
AMNA.US,D,20230823,000000,37.4457,37.4457,37.4457,37.4457,71,0
AMNA.US,D,20230824,000000,37.2147,37.2147,37.2147,37.2147,2,0
AMNA.US,D,20230825,000000,37.4215,37.4215,37.4215,37.4215,71,0
AMNA.US,D,20230828,000000,37.7034,37.7034,37.7034,37.7034,56,0
AMNA.US,D,20230829,000000,37.8942,37.8942,37.8942,37.8942,71,0
AMNA.US,D,20230830,000000,38.03,38.03,38.03,38.03,1,0
AMNA.US,D,20230831,000000,37.8209,37.8209,37.8209,37.8209,71,0
AMNA.US,D,20230901,000000,38.1238,38.1238,38.1238,38.1238,1,0
AMNA.US,D,20230905,000000,38.0434,38.0434,38.0434,38.0434,1,0
AMNA.US,D,20230906,000000,37.1044,37.1044,37.1044,37.1044,71,0
AMNA.US,D,20230907,000000,37.2513,37.2513,37.2513,37.2513,2,0
AMNA.US,D,20230908,000000,37.4901,37.4901,37.4901,37.4901,1,0
AMNA.US,D,20230911,000000,37.3394,37.3394,37.3394,37.3394,2,0
AMNA.US,D,20230912,000000,37.8544,37.8544,37.8544,37.8544,71,0
AMNA.US,D,20230913,000000,37.8577,37.8577,37.8577,37.8577,71,0
AMNA.US,D,20230914,000000,38.3897,38.3897,38.3897,38.3897,71,0
AMNA.US,D,20230915,000000,38.1498,38.1498,38.1498,38.1498,71,0
AMNA.US,D,20230918,000000,38.24,38.24,38.24,38.24,71,0
AMNA.US,D,20230919,000000,38.1679,38.1679,38.1679,38.1679,2,0
AMNA.US,D,20230920,000000,38.1976,38.1976,38.1976,38.1976,71,0
AMNA.US,D,20230921,000000,37.6066,37.6066,37.6066,37.6066,4,0
AMNA.US,D,20230922,000000,37.7817,37.7817,37.7817,37.7817,71,0
AMNA.US,D,20230925,000000,38.0049,38.0049,38.0049,38.0049,71,0
AMNA.US,D,20230926,000000,37.433,37.433,37.433,37.433,15,0
AMNA.US,D,20230927,000000,37.7987,37.7987,37.7987,37.7987,71,0
AMNA.US,D,20230928,000000,37.8984,37.8984,37.8984,37.8984,2,0
AMNA.US,D,20230929,000000,37.5279,37.5279,37.5279,37.5279,1,0
AMNA.US,D,20231002,000000,36.6818,36.6818,36.6818,36.6818,1,0
AMNA.US,D,20231003,000000,36.4057,36.4057,36.4057,36.4057,1,0
AMNA.US,D,20231004,000000,36.073,36.073,36.073,36.073,2,0
AMNA.US,D,20231005,000000,36.4166,36.4166,36.4166,36.4166,3,0
AMNA.US,D,20231006,000000,36.6822,36.6822,36.6822,36.6822,1,0
AMNA.US,D,20231009,000000,37.4662,37.4662,37.4662,37.4662,1,0
AMNA.US,D,20231010,000000,37.7283,37.7283,37.7283,37.7283,1,0
AMNA.US,D,20231011,000000,38.0818,38.0818,38.0818,38.0818,1,0
AMNA.US,D,20231012,000000,37.4943,37.4943,37.4943,37.4943,4,0
AMNA.US,D,20231013,000000,37.8749,37.8749,37.8749,37.8749,2,0
AMNA.US,D,20231016,000000,38.1487,38.1487,38.1487,38.1487,1,0
AMNA.US,D,20231017,000000,38.0406,38.0406,38.0406,38.0406,10,0
AMNA.US,D,20231018,000000,37.8921,37.8921,37.8921,37.8921,1,0
AMNA.US,D,20231019,000000,37.899,37.899,37.899,37.899,7,0
AMNA.US,D,20231020,000000,37.4652,37.4652,37.4652,37.4652,62,0
AMNA.US,D,20231023,000000,37.2876,37.2876,37.2876,37.2876,1,0
AMNA.US,D,20231024,000000,37.1743,37.1743,37.1743,37.1743,3,0
AMNA.US,D,20231025,000000,37.123,37.123,37.123,37.123,1,0
AMNA.US,D,20231026,000000,37.0227,37.0227,37.0227,37.0227,1,0
AMNA.US,D,20231027,000000,36.5426,36.5426,36.5426,36.5426,1,0
AMNA.US,D,20231030,000000,36.6537,36.6537,36.6537,36.6537,7,0
AMNA.US,D,20231031,000000,36.7737,36.7737,36.7737,36.7737,1,0
AMNA.US,D,20231101,000000,37.24,37.24,37.0595,37.0595,200,0
AMNA.US,D,20231102,000000,38.2328,38.2328,38.2328,38.2328,2,0
AMNA.US,D,20231103,000000,38,38.3463,37.97,38.3047,1023,0
AMNA.US,D,20231106,000000,38.0213,38.0213,38.0213,38.0213,8,0
AMNA.US,D,20231107,000000,37.65,37.65,37.5662,37.5662,229,0
AMNA.US,D,20231108,000000,37.2707,37.2707,37.2707,37.2707,8,0
AMNA.US,D,20231109,000000,37.1771,37.1771,37.1771,37.1771,8,0
AMNA.US,D,20231110,000000,37.3155,37.3155,37.3155,37.3155,1,0
AMNA.US,D,20231113,000000,37.446,37.446,37.446,37.446,8,0
AMNA.US,D,20231114,000000,37.8402,37.8402,37.8402,37.8402,1,0
AMNA.US,D,20231115,000000,37.9552,37.9552,37.9552,37.9552,8,0
AMNA.US,D,20231116,000000,37.5659,37.5659,37.5659,37.5659,7,0
AMNA.US,D,20231117,000000,38.1617,38.1617,38.1617,38.1617,2,0
AMNA.US,D,20231120,000000,38.2313,38.2313,38.2313,38.2313,8,0
AMNA.US,D,20231121,000000,38.4828,38.4828,38.4828,38.4828,34,0
AMNA.US,D,20231122,000000,38.6441,38.6441,38.6441,38.6441,8,0
AMNA.US,D,20231124,000000,38.8388,38.8388,38.8388,38.8388,8,0
AMNA.US,D,20231127,000000,38.7168,38.7168,38.7168,38.7168,82,0
AMNA.US,D,20231128,000000,38.7517,38.7517,38.7517,38.7517,8,0
AMNA.US,D,20231129,000000,38.8687,38.8687,38.8687,38.8687,8,0
AMNA.US,D,20231130,000000,39.4046,39.4046,39.4046,39.4046,2,0
AMNA.US,D,20231201,000000,39.7254,39.7254,39.7254,39.7254,8,0
AMNA.US,D,20231204,000000,39.5551,39.5551,39.5551,39.5551,8,0
AMNA.US,D,20231205,000000,39.0294,39.0294,39.0294,39.0294,8,0
AMNA.US,D,20231206,000000,38.744,38.744,38.744,38.744,1,0
AMNA.US,D,20231207,000000,38.4513,38.4513,38.4513,38.4513,8,0
AMNA.US,D,20231208,000000,38.8078,38.8078,38.8078,38.8078,8,0
AMNA.US,D,20231211,000000,38.4772,38.4772,38.4772,38.4772,8,0
AMNA.US,D,20231212,000000,38.077,38.077,38.077,38.077,3,0
AMNA.US,D,20231213,000000,38.5929,38.5929,38.5929,38.5929,1,0
AMNA.US,D,20231214,000000,38.8815,38.8815,38.8815,38.8815,2,0
AMNA.US,D,20231215,000000,38.6756,38.6756,38.6756,38.6756,1,0
AMNA.US,D,20231218,000000,38.8779,38.8779,38.8779,38.8779,1,0
AMNA.US,D,20231219,000000,39.0808,39.0808,39.0808,39.0808,1,0
AMNA.US,D,20231220,000000,39.2,39.2,38.7862,38.7862,114,0
AMNA.US,D,20231221,000000,39.0908,39.0908,39.0908,39.0908,1,0
AMNA.US,D,20231222,000000,39.2455,39.2455,39.2455,39.2455,1,0
AMNA.US,D,20231226,000000,39.4974,39.4974,39.4974,39.4974,6,0
AMNA.US,D,20231227,000000,39.3636,39.3636,39.3636,39.3636,4,0
AMNA.US,D,20231228,000000,39.2339,39.2339,39.2339,39.2339,13,0
AMNA.US,D,20231229,000000,39.1687,39.1687,39.1687,39.1687,1,0
AMNA.US,D,20240102,000000,39.3848,39.3848,39.3848,39.3848,4,0
AMNA.US,D,20240103,000000,39.7549,39.7549,39.7549,39.7549,1,0
AMNA.US,D,20240104,000000,39.5423,39.5423,39.5423,39.5423,4,0
AMNA.US,D,20240105,000000,39.5959,39.5959,39.5959,39.5959,1,0
AMNA.US,D,20240108,000000,39.6366,39.6366,39.6366,39.6366,1,0
AMNA.US,D,20240109,000000,39.4483,39.4483,39.4483,39.4483,1,0
AMNA.US,D,20240110,000000,39.4559,39.4559,39.4559,39.4559,3,0
AMNA.US,D,20240111,000000,39.2195,39.2195,39.2195,39.2195,10,0
AMNA.US,D,20240112,000000,38.8725,38.8725,38.8725,38.8725,2,0
AMNA.US,D,20240116,000000,38.533,38.533,38.533,38.533,1,0
AMNA.US,D,20240117,000000,38.1086,38.1086,38.1086,38.1086,51,0
AMNA.US,D,20240118,000000,38.1733,38.1733,38.1733,38.1733,4,0
AMNA.US,D,20240119,000000,38.0668,38.0668,38.0668,38.0668,2,0
AMNA.US,D,20240122,000000,38.2521,38.2521,38.2521,38.2521,43,0
AMNA.US,D,20240123,000000,38.3031,38.3031,38.3031,38.3031,1,0
AMNA.US,D,20240124,000000,38.281,38.281,38.281,38.281,1,0
AMNA.US,D,20240125,000000,38.7061,38.7061,38.7061,38.7061,9,0
AMNA.US,D,20240126,000000,39.0867,39.0867,39.0867,39.0867,14,0
AMNA.US,D,20240129,000000,39.122,39.122,39.122,39.122,2,0
AMNA.US,D,20240130,000000,39.2417,39.2417,39.2417,39.2417,4,0
AMNA.US,D,20240131,000000,38.7278,38.7278,38.7278,38.7278,1,0
AMNA.US,D,20240201,000000,38.908,38.908,38.908,38.908,2,0
AMNA.US,D,20240202,000000,38.6144,38.6144,38.6144,38.6144,2,0
AMNA.US,D,20240205,000000,38.1619,38.1619,38.1619,38.1619,1,0
AMNA.US,D,20240206,000000,38.077,38.077,38.077,38.077,1,0
AMNA.US,D,20240207,000000,38.0894,38.0894,38.0894,38.0894,1,0
AMNA.US,D,20240208,000000,38.0788,38.0788,38.0788,38.0788,2,0
AMNA.US,D,20240209,000000,38.0055,38.0055,38.0055,38.0055,3,0
AMNA.US,D,20240212,000000,38.5222,38.5222,38.5222,38.5222,1,0
AMNA.US,D,20240214,000000,37.9268,37.9268,37.9268,37.9268,1,0
AMNA.US,D,20240215,000000,38.9049,38.9049,38.9049,38.9049,28,0
AMNA.US,D,20240216,000000,39.364,39.364,39.364,39.364,1,0
AMNA.US,D,20240220,000000,39.3842,39.3842,39.3842,39.3842,1,0
AMNA.US,D,20240221,000000,39.9674,39.9674,39.9674,39.9674,1,0
AMNA.US,D,20240222,000000,39.9235,39.9235,39.9235,39.9235,2,0
AMNA.US,D,20240223,000000,39.9202,39.9202,39.9202,39.9202,1,0
AMNA.US,D,20240226,000000,39.5995,39.5995,39.5995,39.5995,1,0
AMNA.US,D,20240227,000000,39.7138,39.7138,39.7138,39.7138,5,0
AMNA.US,D,20240228,000000,39.5718,39.5718,39.5718,39.5718,1,0
AMNA.US,D,20240229,000000,39.9423,39.9423,39.9423,39.9423,1,0
AMNA.US,D,20240301,000000,40.2872,40.2872,40.2872,40.2872,1,0
AMNA.US,D,20240304,000000,40.3095,40.3095,40.3095,40.3095,5,0
AMNA.US,D,20240305,000000,40.5948,40.5948,40.5948,40.5948,1,0
AMNA.US,D,20240306,000000,40.8124,40.8124,40.8124,40.8124,5,0
AMNA.US,D,20240307,000000,40.9316,40.9316,40.9316,40.9316,5,0
AMNA.US,D,20240308,000000,40.8324,40.8324,40.8324,40.8324,1,0
AMNA.US,D,20240311,000000,41.1014,41.1014,41.1014,41.1014,1,0
AMNA.US,D,20240312,000000,41.2454,41.2454,41.2454,41.2454,3,0
AMNA.US,D,20240313,000000,41.3569,41.3569,41.3569,41.3569,1,0
AMNA.US,D,20240314,000000,41.0422,41.0422,41.0422,41.0422,1,0
AMNA.US,D,20240315,000000,41.2262,41.2262,41.2262,41.2262,1,0
AMNA.US,D,20240318,000000,41.3594,41.3594,41.3594,41.3594,4,0
AMNA.US,D,20240319,000000,41.709,41.709,41.709,41.709,1,0
AMNA.US,D,20240320,000000,41.8349,41.8349,41.8349,41.8349,50,0
AMNA.US,D,20240321,000000,41.9284,41.9284,41.9284,41.9284,8,0
AMNA.US,D,20240322,000000,41.7863,41.7863,41.7863,41.7863,1,0
AMNA.US,D,20240325,000000,41.8605,41.8605,41.8605,41.8605,1,0
AMNA.US,D,20240326,000000,41.7556,41.7556,41.7556,41.7556,1,0
AMNA.US,D,20240327,000000,42.02,42.02,42.02,42.02,56,0
AMNA.US,D,20240328,000000,42.4659,42.4659,42.4659,42.4659,2,0
AMNA.US,D,20240401,000000,42.3577,42.3577,42.3577,42.3577,13,0
AMNA.US,D,20240402,000000,42.5098,42.5098,42.5098,42.5098,1,0
AMNA.US,D,20240403,000000,42.6861,42.6861,42.6861,42.6861,1,0
AMNA.US,D,20240404,000000,42.3662,42.3662,42.3662,42.3662,2,0
AMNA.US,D,20240405,000000,42.3918,42.3918,42.3918,42.3918,21,0
AMNA.US,D,20240408,000000,42.2864,42.2864,42.2864,42.2864,10,0
AMNA.US,D,20240409,000000,42.252,42.252,42.252,42.252,5,0
AMNA.US,D,20240410,000000,41.916,41.916,41.916,41.916,20,0
AMNA.US,D,20240411,000000,41.239,41.239,41.239,41.239,10,0
AMNA.US,D,20240412,000000,40.7926,40.7926,40.7926,40.7926,10,0
AMNA.US,D,20240415,000000,40.3485,40.3485,40.3485,40.3485,10,0
AMNA.US,D,20240416,000000,39.9431,39.9431,39.9431,39.9431,2,0
AMNA.US,D,20240417,000000,40.1536,40.1536,40.1536,40.1536,7,0
AMNA.US,D,20240418,000000,40.4766,40.4766,40.4766,40.4766,242,0
AMNA.US,D,20240419,000000,41.243,41.243,41.243,41.243,3,0
AMNA.US,D,20240422,000000,41.3947,41.3947,41.3947,41.3947,5,0
AMNA.US,D,20240423,000000,41.5057,41.5057,41.5057,41.5057,9,0
AMNA.US,D,20240424,000000,41.7083,41.7083,41.7083,41.7083,1,0
AMNA.US,D,20240425,000000,41.9096,41.9096,41.9096,41.9096,10,0
AMNA.US,D,20240426,000000,41.8047,41.8047,41.8047,41.8047,1,0
AMNA.US,D,20240429,000000,42.0112,42.0112,42.0112,42.0112,1,0
AMNA.US,D,20240430,000000,41.2676,41.2676,41.2676,41.2676,3,0
AMNA.US,D,20240501,000000,40.8128,40.8128,40.8128,40.8128,3,0
AMNA.US,D,20240502,000000,41.3553,41.3553,41.3553,41.3553,2,0
AMNA.US,D,20240503,000000,41.5597,41.5597,41.5597,41.5597,5,0
AMNA.US,D,20240506,000000,41.7866,41.7866,41.7866,41.7866,6,0
AMNA.US,D,20240507,000000,41.9096,41.9096,41.9096,41.9096,5,0
AMNA.US,D,20240508,000000,42.1418,42.1418,42.1418,42.1418,5,0
AMNA.US,D,20240509,000000,42.3914,42.3914,42.3914,42.3914,5,0
AMNA.US,D,20240510,000000,42.5164,42.5164,42.5164,42.5164,12,0
AMNA.US,D,20240513,000000,42.4305,42.4305,42.4305,42.4305,11,0
AMNA.US,D,20240514,000000,42.807,42.807,42.807,42.807,1,0
AMNA.US,D,20240515,000000,42.8589,42.8589,42.8589,42.8589,3,0
AMNA.US,D,20240516,000000,42.9171,42.9171,42.9171,42.9171,2,0
AMNA.US,D,20240517,000000,43.1506,43.1506,43.1506,43.1506,1,0
AMNA.US,D,20240520,000000,43.35,43.35,43.2666,43.2666,2603,0
AMNA.US,D,20240521,000000,43.2812,43.2812,43.2812,43.2812,1,0
AMNA.US,D,20240522,000000,42.6816,42.6816,42.6816,42.6816,1,0
AMNA.US,D,20240523,000000,42.4386,42.4386,42.1076,42.1076,1001,0
AMNA.US,D,20240524,000000,42.18,42.18,42.17,42.17,300,0
AMNA.US,D,20240528,000000,42.19,42.3445,42.19,42.3445,200,0
AMNA.US,D,20240529,000000,41.8851,41.8851,41.8851,41.8851,11,0
AMNA.US,D,20240530,000000,42.0879,42.0879,42.0879,42.0879,52,0
AMNA.US,D,20240531,000000,42.7594,42.7594,42.7594,42.7594,70,0
AMNA.US,D,20240603,000000,42.4163,42.4163,42.36,42.4163,2020,0
AMNA.US,D,20240604,000000,42.5551,42.5551,42.5551,42.5551,15,0
AMNA.US,D,20240605,000000,42.7947,42.7947,42.7947,42.7947,15,0
AMNA.US,D,20240606,000000,42.79,42.8537,42.7899,42.8537,203,0
AMNA.US,D,20240607,000000,42.6716,42.6716,42.6716,42.6716,15,0
AMNA.US,D,20240610,000000,42.9804,42.9804,42.9804,42.9804,2,0
AMNA.US,D,20240611,000000,42.8375,42.8375,42.8375,42.8375,1,0
AMNA.US,D,20240612,000000,42.9795,42.9795,42.9795,42.9795,15,0
AMNA.US,D,20240613,000000,42.718,42.718,42.718,42.718,117,0
AMNA.US,D,20240614,000000,42.3384,42.3384,42.3384,42.3384,4,0
AMNA.US,D,20240617,000000,42.3679,42.3679,42.3679,42.3679,15,0
AMNA.US,D,20240618,000000,42.6954,42.6954,42.6954,42.6954,61,0
AMNA.US,D,20240620,000000,43.0916,43.0916,43.0916,43.0916,31,0
AMNA.US,D,20240621,000000,42.9888,42.9888,42.9888,42.9888,1,0
AMNA.US,D,20240624,000000,43.54,43.7209,43.48,43.7209,2301,0
AMNA.US,D,20240625,000000,43.8156,43.8156,43.8156,43.8156,11,0
AMNA.US,D,20240627,000000,43.6497,43.6497,43.6497,43.6497,14,0
AMNA.US,D,20240628,000000,43.9486,43.9486,43.9486,43.9486,51,0
AMNA.US,D,20240701,000000,43.9444,43.9444,43.9444,43.9444,1,0
AMNA.US,D,20240702,000000,44.0999,44.0999,44.0999,44.0999,1,0
AMNA.US,D,20240703,000000,44.3893,44.3893,44.3893,44.3893,2,0
AMNA.US,D,20240705,000000,44.1137,44.1137,44.1137,44.1137,11,0
AMNA.US,D,20240708,000000,44.0171,44.0171,44.0171,44.0171,1,0
AMNA.US,D,20240709,000000,44.0681,44.0681,44.0681,44.0681,97,0
AMNA.US,D,20240710,000000,44.2593,44.2593,44.2593,44.2593,1,0
AMNA.US,D,20240711,000000,44.4368,44.4368,44.4368,44.4368,7,0
AMNA.US,D,20240712,000000,44.6909,44.6909,44.6909,44.6909,1,0
AMNA.US,D,20240715,000000,44.1341,44.1341,44.1341,44.1341,5,0
AMNA.US,D,20240716,000000,44.2592,44.2592,44.2592,44.2592,7,0
AMNA.US,D,20240717,000000,45,45,44.3995,44.3995,212,0
AMNA.US,D,20240718,000000,44.6644,44.6644,44.6644,44.6644,3,0
AMNA.US,D,20240719,000000,44.9885,44.9885,44.9885,44.9885,2,0
AMNA.US,D,20240722,000000,45.3815,45.3815,45.3815,45.3815,17,0
AMNA.US,D,20240723,000000,44.981,44.981,44.981,44.981,8,0
AMNA.US,D,20240724,000000,44.3422,44.3422,44.3422,44.3422,11,0
AMNA.US,D,20240725,000000,44.2692,44.2692,44.2692,44.2692,1,0
AMNA.US,D,20240726,000000,44.5634,44.5634,44.5634,44.5634,8,0
AMNA.US,D,20240729,000000,44.61,44.61,44.5023,44.5023,101,0
AMNA.US,D,20240730,000000,44.9284,44.9284,44.9284,44.9284,20,0
AMNA.US,D,20240731,000000,44.9826,44.9826,44.9826,44.9826,6,0
AMNA.US,D,20240801,000000,44.8564,44.8564,44.8564,44.8564,1,0
AMNA.US,D,20240802,000000,44.1968,44.1968,44.1968,44.1968,6,0
AMNA.US,D,20240805,000000,43.3743,43.3743,43.3743,43.3743,51,0
AMNA.US,D,20240806,000000,44.5116,44.5116,44.5116,44.5116,1,0
AMNA.US,D,20240807,000000,44.5028,44.5028,44.5028,44.5028,29,0
AMNA.US,D,20240808,000000,45.2809,45.2809,45.2809,45.2809,2,0
AMNA.US,D,20240809,000000,45.11,45.11,45.0259,45.0259,122,0
AMNA.US,D,20240812,000000,44.8985,44.8985,44.8985,44.8985,10,0
AMNA.US,D,20240813,000000,44.9534,44.9534,44.9534,44.9534,1,0
AMNA.US,D,20240814,000000,45.6544,45.6544,45.6544,45.6544,34,0
AMNA.US,D,20240815,000000,45.6799,45.6799,45.6799,45.6799,1,0
AMNA.US,D,20240816,000000,46.0147,46.0147,46.0147,46.0147,5,0
AMNA.US,D,20240819,000000,46.4778,46.4778,46.4778,46.4778,1,0
AMNA.US,D,20240820,000000,45.8865,45.8865,45.8865,45.8865,1,0
AMNA.US,D,20240821,000000,45.98,45.98,45.8557,45.8557,500,0
AMNA.US,D,20240822,000000,45.9614,45.9614,45.9614,45.9614,6,0
AMNA.US,D,20240823,000000,46.4995,46.4995,46.4995,46.4995,9,0
AMNA.US,D,20240826,000000,46.6981,46.6981,46.6981,46.6981,99,0
AMNA.US,D,20240827,000000,46.5586,46.5586,46.5586,46.5586,1,0
AMNA.US,D,20240828,000000,46.3748,46.3748,46.3748,46.3748,1,0
AMNA.US,D,20240829,000000,46.7342,46.7342,46.7342,46.7342,105,0
AMNA.US,D,20240830,000000,47.2212,47.2212,47.2212,47.2212,2,0
AMNA.US,D,20240903,000000,47.0232,47.0232,47.0232,47.0232,1,0
AMNA.US,D,20240904,000000,46.7408,46.7408,46.7408,46.7408,1,0
AMNA.US,D,20240905,000000,46.9675,46.9675,46.9675,46.9675,14,0
AMNA.US,D,20240906,000000,46.5781,46.5781,46.5781,46.5781,1,0
AMNA.US,D,20240909,000000,46.63,46.63,46.5939,46.5939,401,0
AMNA.US,D,20240910,000000,46.4549,46.4549,46.4549,46.4549,1,0
AMNA.US,D,20240911,000000,46.3445,46.3445,46.3445,46.3445,1,0
AMNA.US,D,20240912,000000,46.6716,46.6716,46.6716,46.6716,91,0
AMNA.US,D,20240913,000000,47.1057,47.1057,47.1057,47.1057,90,0
AMNA.US,D,20240916,000000,47.6083,47.6083,47.6083,47.6083,90,0
AMNA.US,D,20240917,000000,47.7,47.7,47.523,47.523,104,0
AMNA.US,D,20240918,000000,47.3649,47.3649,47.3649,47.3649,90,0
AMNA.US,D,20240919,000000,47.2272,47.2272,47.2272,47.2272,3,0
AMNA.US,D,20240920,000000,50.84,50.84,46.91,47.4181,579,0
AMNA.US,D,20240923,000000,47,48.0624,47,48.0624,200,0
AMNA.US,D,20240924,000000,48.0571,48.0571,48.0571,48.0571,5,0
AMNA.US,D,20240925,000000,48.06,48.06,47.9157,47.9157,556,0
AMNA.US,D,20240927,000000,47.2443,47.2443,47.2443,47.2443,9,0
AMNA.US,D,20240930,000000,47.39,47.4477,47.39,47.4477,123,0
AMNA.US,D,20241001,000000,47.9826,47.9826,47.9826,47.9826,7,0
AMNA.US,D,20241002,000000,48.4319,48.4319,48.4319,48.4319,1,0
AMNA.US,D,20241004,000000,49.3672,49.3672,49.3672,49.3672,29,0
AMNA.US,D,20241007,000000,49.3,49.3,49.2503,49.275,556,0
AMNA.US,D,20241008,000000,48.9005,48.9005,48.9005,48.9005,25,0
AMNA.US,D,20241009,000000,48.87,49.4033,48.75,49.4033,204,0
AMNA.US,D,20241010,000000,49.4021,49.4021,49.4021,49.4021,1,0
AMNA.US,D,20241011,000000,49.4538,49.4538,49.4538,49.4538,40,0
AMNA.US,D,20241014,000000,49.5437,49.5437,49.5437,49.5437,52,0
AMNA.US,D,20241015,000000,49.0154,49.1513,49.0154,49.1513,242,0
AMNA.US,D,20241016,000000,49.51,49.51,49.4972,49.4972,375,0
AMNA.US,D,20241017,000000,49.4902,49.4902,49.4902,49.4902,88,0
AMNA.US,D,20241021,000000,49.3938,49.3938,49.3938,49.3938,101,0
AMNA.US,D,20241022,000000,49.5879,49.5879,49.5879,49.5879,112,0
AMNA.US,D,20241023,000000,49.3837,49.3837,49.3837,49.3837,95,0
AMNA.US,D,20241024,000000,49.65,49.6851,49.65,49.6851,122,0
AMNA.US,D,20241025,000000,49.4902,49.4902,49.4902,49.4902,82,0
AMNA.US,D,20241028,000000,49.2647,49.2647,49.2647,49.2647,15,0
AMNA.US,D,20241029,000000,49.0449,49.0449,49.0449,49.0449,12,0
AMNA.US,D,20241030,000000,49.3113,49.3113,49.3113,49.3113,26,0
AMNA.US,D,20241031,000000,49.564,49.564,49.564,49.564,45,0
AMNA.US,D,20241104,000000,49.82,49.82,49.6777,49.6777,115,0
AMNA.US,D,20241105,000000,49.6,50.4971,49.6,50.4971,1959,0
AMNA.US,D,20241106,000000,50.45,52.023,49.4297,52.023,1303,0
AMNA.US,D,20241107,000000,52.81,52.81,52.6508,52.6508,244,0
AMNA.US,D,20241111,000000,53.6703,53.7333,53.6703,53.7333,549,0
AMNA.US,D,20241112,000000,53.5,53.5,53.2926,53.2926,269,0
AMNA.US,D,20241119,000000,54.71,55.1668,54.71,55.1668,286,0
AMNA.US,D,20241125,000000,55.43,55.43,55.3453,55.3453,115,0
AMNA.US,D,20241126,000000,55.63,55.6756,55.6299,55.6756,270,0
AMNA.US,D,20241204,000000,54.98,54.98,54.9192,54.9192,288,0
AMNA.US,D,20241206,000000,54.85,54.9582,54.85,54.9582,542,0
AMNA.US,D,20241211,000000,53.62,53.62,53.58,53.58,2219,0
