<TICKER>,<PER>,<DATE>,<TIME>,<OPEN>,<HIGH>,<LOW>,<CLOSE>,<VOL>,<OPENINT>
AMND.US,D,20200723,000000,21.5558,21.7103,21.4707,21.5838,1163.6933140483,0
AMND.US,D,20200724,000000,21.634,21.634,21.4351,21.4563,705.04906304886,0
AMND.US,D,20200727,000000,21.1791,21.2023,21.1791,21.2023,116.99052000664,0
AMND.US,D,20200729,000000,21.4022,21.8532,21.4022,21.8532,3498.3271424994,0
AMND.US,D,20200730,000000,21.5471,21.5471,21.3761,21.5046,19795.210110858,0
AMND.US,D,20200731,000000,21.324,21.325,21.324,21.325,116.99052000664,0
AMND.US,D,20200804,000000,21.917,22.3536,21.917,22.3536,1163.6933140483,0
AMND.US,D,20200805,000000,22.6366,22.6366,22.6366,22.6366,1.0353143363419,0
AMND.US,D,20200807,000000,22.4492,22.5313,22.4492,22.5313,116.99052000664,0
AMND.US,D,20200810,000000,23.1109,23.1109,23.0761,23.079,236.05166868596,0
AMND.US,D,20200811,000000,23.0596,23.0596,22.993,22.993,116.99052000664,0
AMND.US,D,20200812,000000,23.3176,23.3176,23.2741,23.3098,232.94572567694,0
AMND.US,D,20200817,000000,23.2702,23.2702,23.2702,23.2702,2.0706286726839,0
AMND.US,D,20200818,000000,22.8617,22.8675,22.8617,22.8675,1164.7286283847,0
AMND.US,D,20200819,000000,22.8617,22.8713,22.7245,22.7245,581.84665702417,0
AMND.US,D,20200821,000000,22.5361,22.5719,22.5361,22.5719,1182.3289721025,0
AMND.US,D,20200824,000000,22.6984,22.6984,22.5603,22.5835,933.85353138043,0
AMND.US,D,20200825,000000,22.3787,22.3787,22.3787,22.3787,1.0353143363419,0
AMND.US,D,20200827,000000,21.9943,22.002,21.9943,22.002,116.99052000664,0
AMND.US,D,20200828,000000,22.2609,22.2831,22.2609,22.2831,116.99052000664,0
AMND.US,D,20200831,000000,22.0541,22.0541,21.9093,21.9093,581.84665702417,0
AMND.US,D,20200901,000000,21.7876,21.7876,21.7857,21.7857,116.99052000664,0
AMND.US,D,20200903,000000,21.5094,21.5094,21.5094,21.5094,3.1059430090258,0
AMND.US,D,20200908,000000,20.9212,20.9966,20.9212,20.9966,798.22735331963,0
AMND.US,D,20200910,000000,20.8865,20.8865,20.8033,20.8033,116.99052000664,0
AMND.US,D,20200911,000000,20.7492,20.7492,20.671,20.7164,232.94572567694,0
AMND.US,D,20200915,000000,20.9888,20.9888,20.7144,20.7174,816.86301137379,0
AMND.US,D,20200922,000000,20.3204,20.3204,20.2817,20.2817,116.99052000664,0
AMND.US,D,20200923,000000,19.5303,19.5303,19.4395,19.4395,116.99052000664,0
AMND.US,D,20200924,000000,19.4009,19.4009,19.4009,19.4009,4.1412573453677,0
AMND.US,D,20200925,000000,20.2509,22.2773,19.1768,19.5148,2212.4667367627,0
AMND.US,D,20201001,000000,19.3226,19.3226,19.2956,19.2956,23288.360681675,0
AMND.US,D,20201006,000000,20.0538,20.0538,19.7089,19.7089,249.51075505841,0
AMND.US,D,20201007,000000,19.7437,19.9022,19.7437,19.9022,259.86389842183,0
AMND.US,D,20201009,000000,20.9424,20.9424,20.7792,20.7792,229.83978266791,0
AMND.US,D,20201012,000000,20.7038,20.8797,20.7038,20.8797,236.05166868596,0
AMND.US,D,20201013,000000,20.7918,20.7927,20.7918,20.7927,113.88457699761,0
AMND.US,D,20201015,000000,21.0516,21.0516,21.0516,21.0516,2.0706286726839,0
AMND.US,D,20201016,000000,20.7038,20.7202,20.7038,20.7202,113.88457699761,0
AMND.US,D,20201020,000000,20.6604,20.6604,20.6604,20.6604,1.0353143363419,0
AMND.US,D,20201022,000000,21.2786,21.2786,21.2786,21.2786,3.1059430090258,0
AMND.US,D,20201026,000000,20.5435,20.5773,20.5435,20.5773,1130.5632552854,0
AMND.US,D,20201027,000000,20.3059,20.4382,19.4559,20.3397,1925.684665596,0
AMND.US,D,20201028,000000,19.9263,19.9263,19.6945,19.6945,1244.447832283,0
AMND.US,D,20201029,000000,19.4917,19.9707,19.4917,19.9707,6106.2839557447,0
AMND.US,D,20201030,000000,19.4917,19.7843,19.4839,19.7843,1695.8448829281,0
AMND.US,D,20201102,000000,19.934,19.934,19.821,19.821,1471.1816719419,0
AMND.US,D,20201103,000000,20.217,20.2711,20.0838,20.1388,1265.1541190098,0
AMND.US,D,20201104,000000,20.0307,20.4518,19.8278,20.1408,17879.878588625,0
AMND.US,D,20201105,000000,20.4296,20.4528,20.4296,20.4528,116.99052000664,0
AMND.US,D,20201109,000000,20.6672,21.2438,20.6672,21.2438,2262.1618249071,0
AMND.US,D,20201110,000000,21.9238,21.9238,21.8977,21.9064,5653.8515907633,0
AMND.US,D,20201111,000000,22.0657,22.146,21.7731,21.8746,38783.910353705,0
AMND.US,D,20201112,000000,21.6949,21.7818,21.1375,21.4215,6560.7869493988,0
AMND.US,D,20201113,000000,21.7567,21.863,21.6852,21.7992,1130.5632552854,0
AMND.US,D,20201116,000000,22.5352,22.5352,22.3797,22.3797,113.88457699761,0
AMND.US,D,20201123,000000,23.9396,23.9956,23.9396,23.9956,113.88457699761,0
AMND.US,D,20201124,000000,24.8901,24.8901,24.8901,24.8901,2.0706286726839,0
AMND.US,D,20201127,000000,24.3414,24.3414,24.3414,24.3414,1.0353143363419,0
AMND.US,D,20201130,000000,23.617,23.617,23.617,23.617,1.0353143363419,0
AMND.US,D,20201201,000000,23.73,23.73,23.73,23.73,6.2118860180516,0
AMND.US,D,20201202,000000,24.3201,24.3221,24.3201,24.3221,1130.5632552854,0
AMND.US,D,20201203,000000,24.8697,24.8697,24.8697,24.8697,4.1412573453677,0
AMND.US,D,20201204,000000,25.7661,25.7661,25.7661,25.7661,3.1059430090258,0
AMND.US,D,20201209,000000,25.2928,25.3246,25.2928,25.3246,1130.5632552854,0
AMND.US,D,20201210,000000,25.7091,25.9564,25.7091,25.9496,2945.4692868928,0
AMND.US,D,20201211,000000,25.9564,25.9564,25.9042,25.9516,1585.0662489395,0
AMND.US,D,20201214,000000,25.2493,25.2677,25.1875,25.2397,3204.2978709783,0
AMND.US,D,20201215,000000,25.7275,25.7525,25.7178,25.7449,943.1713604075,0
AMND.US,D,20201216,000000,25.3546,25.3546,25.3546,25.3546,5.1765716817097,0
AMND.US,D,20201217,000000,25.116,25.1779,25.116,25.1779,126.30834903372,0
AMND.US,D,20201218,000000,24.7886,24.8881,24.7886,24.8881,113.88457699761,0
AMND.US,D,20201221,000000,24.3694,24.3694,24.3694,24.3694,9.3178290270774,0
AMND.US,D,20201222,000000,24.1444,24.1444,24.1444,24.1444,1.0353143363419,0
AMND.US,D,20201223,000000,24.3133,24.3133,24.3133,24.3133,6.2118860180516,0
AMND.US,D,20201224,000000,24.1414,24.1414,24.1414,24.1414,19.670972390497,0
AMND.US,D,20201228,000000,23.7715,23.7715,23.7715,23.7715,1.0353143363419,0
AMND.US,D,20201229,000000,23.6865,23.6865,23.6865,23.6865,7.2472003543936,0
AMND.US,D,20201230,000000,23.6354,23.6354,23.6354,23.6354,1.0353143363419,0
AMND.US,D,20201231,000000,23.7629,23.7629,23.7629,23.7629,68.330746198568,0
AMND.US,D,20210104,000000,23.6382,23.6382,23.6382,23.6382,51.765716817097,0
AMND.US,D,20210105,000000,24.6061,24.6061,24.6061,24.6061,13.459086372445,0
AMND.US,D,20210106,000000,25.2948,25.2948,25.2948,25.2948,2.0706286726839,0
AMND.US,D,20210107,000000,25.656,25.656,25.656,25.656,13.459086372445,0
AMND.US,D,20210108,000000,25.1779,25.3846,25.1779,25.3846,253.65201240377,0
AMND.US,D,20210111,000000,25.6328,25.6328,25.6328,25.6328,1.0353143363419,0
AMND.US,D,20210112,000000,26.6199,26.6199,26.6199,26.6199,10.353143363419,0
AMND.US,D,20210113,000000,26.8122,26.8122,26.8122,26.8122,13.459086372445,0
AMND.US,D,20210114,000000,27.2999,27.2999,27.2439,27.2439,2214.5373654354,0
AMND.US,D,20210115,000000,26.9213,26.9213,26.9213,26.9213,2.0706286726839,0
AMND.US,D,20210119,000000,26.901,26.901,26.901,26.901,13.459086372445,0
AMND.US,D,20210120,000000,26.6962,26.6962,26.6962,26.6962,2.0706286726839,0
AMND.US,D,20210121,000000,26.1968,26.1968,26.1968,26.1968,4.1412573453677,0
AMND.US,D,20210122,000000,25.9032,25.9032,25.9032,25.9032,2.0706286726839,0
AMND.US,D,20210125,000000,25.8656,25.8656,25.8656,25.8656,3.1059430090258,0
AMND.US,D,20210126,000000,25.7265,25.7265,25.7265,25.7265,2.0706286726839,0
AMND.US,D,20210127,000000,25.0388,25.0388,25.0388,25.0388,2.0706286726839,0
AMND.US,D,20210128,000000,25.5005,25.5005,25.5005,25.5005,2.0706286726839,0
AMND.US,D,20210129,000000,25.1576,25.1576,25.1576,25.1576,2.0706286726839,0
AMND.US,D,20210201,000000,25.2551,25.2551,25.2551,25.2551,2.0706286726839,0
AMND.US,D,20210202,000000,25.4174,25.4174,25.4174,25.4174,2.0706286726839,0
AMND.US,D,20210203,000000,25.7999,25.7999,25.7999,25.7999,2.0706286726839,0
AMND.US,D,20210204,000000,25.8569,25.8569,25.8569,25.8569,2.0706286726839,0
AMND.US,D,20210205,000000,26.0153,26.0153,26.0153,26.0153,2.0706286726839,0
AMND.US,D,20210208,000000,26.506,26.506,26.506,26.506,2.0706286726839,0
AMND.US,D,20210209,000000,26.2848,26.2848,26.2848,26.2848,2.0706286726839,0
AMND.US,D,20210210,000000,26.5301,26.5301,26.5301,26.5301,2.0706286726839,0
AMND.US,D,20210211,000000,26.4972,26.4972,26.4972,26.4972,6.2118860180516,0
AMND.US,D,20210212,000000,26.8865,26.8865,26.8865,26.8865,5.1765716817097,0
AMND.US,D,20210216,000000,27.1889,27.1889,27.1889,27.1889,1.0353143363419,0
AMND.US,D,20210217,000000,27.1734,27.1734,27.1734,27.1734,2.0706286726839,0
AMND.US,D,20210218,000000,26.6064,26.6064,26.6064,26.6064,2.0706286726839,0
AMND.US,D,20210219,000000,26.8257,26.8257,26.8257,26.8257,1.0353143363419,0
AMND.US,D,20210222,000000,27.1715,27.1715,27.1715,27.1715,3.1059430090258,0
AMND.US,D,20210223,000000,27.3994,27.3994,27.3994,27.3994,2.0706286726839,0
AMND.US,D,20210224,000000,27.9538,27.9538,27.9538,27.9538,2.0706286726839,0
AMND.US,D,20210225,000000,27.3752,27.3752,27.3752,27.3752,2.0706286726839,0
AMND.US,D,20210226,000000,26.6441,26.6441,26.6441,26.6441,2.0706286726839,0
AMND.US,D,20210301,000000,27.779,27.7877,27.6332,27.6332,4318.2960968822,0
AMND.US,D,20210302,000000,27.8041,27.8041,27.8041,27.8041,2.0706286726839,0
AMND.US,D,20210303,000000,28.0099,28.0099,28.0099,28.0099,1.0353143363419,0
AMND.US,D,20210304,000000,28.4203,28.4203,28.4203,28.4203,2.0706286726839,0
AMND.US,D,20210305,000000,28.8038,28.8038,28.8038,28.8038,8.2825146907355,0
AMND.US,D,20210308,000000,28.8955,28.8955,28.8955,28.8955,2.0706286726839,0
AMND.US,D,20210309,000000,28.4841,28.4841,28.4841,28.4841,2.0706286726839,0
AMND.US,D,20210310,000000,29.3998,29.3998,29.3998,29.3998,7.2472003543936,0
AMND.US,D,20210311,000000,29.4394,29.4394,29.4394,29.4394,7.2472003543936,0
AMND.US,D,20210312,000000,29.5862,29.5862,29.5862,29.5862,2.0706286726839,0
AMND.US,D,20210315,000000,29.5949,29.5949,29.5949,29.5949,2.0706286726839,0
AMND.US,D,20210316,000000,29.1177,29.1177,29.1177,29.1177,2.0706286726839,0
AMND.US,D,20210317,000000,29.2607,29.2607,29.2607,29.2607,2.0706286726839,0
AMND.US,D,20210318,000000,28.2987,28.2987,28.2987,28.2987,7.2472003543936,0
AMND.US,D,20210319,000000,28.6783,28.6783,28.6783,28.6783,2.0706286726839,0
AMND.US,D,20210322,000000,28.6686,28.6686,28.6686,28.6686,2.0706286726839,0
AMND.US,D,20210323,000000,27.9123,27.9123,27.9123,27.9123,2.0706286726839,0
AMND.US,D,20210324,000000,28.2774,28.2774,28.2774,28.2774,2.0706286726839,0
AMND.US,D,20210325,000000,28.46,28.46,28.46,28.46,100.42549062517,0
AMND.US,D,20210326,000000,29.1399,29.1399,29.1399,29.1399,1.0353143363419,0
AMND.US,D,20210329,000000,28.9111,28.9111,28.9111,28.9111,2.0706286726839,0
AMND.US,D,20210330,000000,28.5855,28.5855,28.5855,28.5855,14.494400708787,0
AMND.US,D,20210331,000000,28.7806,28.7806,28.7806,28.7806,2.0706286726839,0
AMND.US,D,20210401,000000,29.1303,29.1303,29.1303,29.1303,2.0706286726839,0
AMND.US,D,20210405,000000,29.0675,29.0675,29.0675,29.0675,37.27131610831,0
AMND.US,D,20210406,000000,29.1515,29.1515,29.1515,29.1515,2.0706286726839,0
AMND.US,D,20210407,000000,29.2163,29.2163,29.2163,29.2163,2.0706286726839,0
AMND.US,D,20210408,000000,29.279,29.279,29.279,29.279,2.0706286726839,0
AMND.US,D,20210409,000000,29.0646,29.0646,29.0646,29.0646,41.412573453677,0
AMND.US,D,20210412,000000,28.9787,28.9787,28.9787,28.9787,16.565029381471,0
AMND.US,D,20210413,000000,29.0559,29.0559,29.0559,29.0559,16.565029381471,0
AMND.US,D,20210414,000000,29.3466,29.3466,29.3466,29.3466,2.0706286726839,0
AMND.US,D,20210415,000000,29.5533,29.5533,29.5533,29.5533,2.0706286726839,0
AMND.US,D,20210416,000000,29.3215,29.3215,29.3215,29.3215,2.0706286726839,0
AMND.US,D,20210419,000000,29.4152,29.4152,29.4152,29.4152,3.1059430090258,0
AMND.US,D,20210420,000000,29.1332,29.1332,29.1332,29.1332,2.0706286726839,0
AMND.US,D,20210421,000000,29.5456,29.5456,29.5456,29.5456,1.0353143363419,0
AMND.US,D,20210422,000000,29.2481,29.2481,29.2481,29.2481,3.1059430090258,0
AMND.US,D,20210423,000000,29.6364,29.6364,29.6364,29.6364,2.0706286726839,0
AMND.US,D,20210426,000000,29.7842,29.7842,29.7842,29.7842,2.0706286726839,0
AMND.US,D,20210427,000000,29.9918,30.0179,29.8904,30.0179,877.94655721796,0
AMND.US,D,20210428,000000,30.5694,30.5694,30.5694,30.5694,7.2472003543936,0
AMND.US,D,20210429,000000,30.8785,30.8785,30.8785,30.8785,6.2118860180516,0
AMND.US,D,20210430,000000,30.4661,30.4661,30.4661,30.4661,2.0706286726839,0
AMND.US,D,20210503,000000,30.6535,30.6535,30.6535,30.6535,2.0706286726839,0
AMND.US,D,20210504,000000,30.8457,30.8457,30.8457,30.8457,2.0706286726839,0
AMND.US,D,20210505,000000,31.2687,31.2687,31.2687,31.2687,2.0706286726839,0
AMND.US,D,20210506,000000,31.4552,31.4552,31.4552,31.4552,2.0706286726839,0
AMND.US,D,20210507,000000,31.7247,31.7247,31.7247,31.7247,10.353143363419,0
AMND.US,D,20210510,000000,32.0202,32.0202,32.0202,32.0202,15.529715045129,0
AMND.US,D,20210511,000000,31.7517,31.7517,31.7517,31.7517,10.353143363419,0
AMND.US,D,20210512,000000,31.5749,31.5749,31.5749,31.5749,9.3178290270774,0
AMND.US,D,20210513,000000,31.7507,31.7507,31.7507,31.7507,5.1765716817097,0
AMND.US,D,20210514,000000,32.3563,32.3563,32.3563,32.3563,44.518516462703,0
AMND.US,D,20210517,000000,32.7862,32.7862,32.7862,32.7862,10.353143363419,0
AMND.US,D,20210518,000000,32.6249,32.6249,32.6249,32.6249,1.0353143363419,0
AMND.US,D,20210519,000000,32.0135,32.0135,32.0135,32.0135,2.0706286726839,0
AMND.US,D,20210520,000000,32.3679,32.3679,32.3679,32.3679,4.1412573453677,0
AMND.US,D,20210521,000000,32.4346,32.4346,32.4346,32.4346,1.0353143363419,0
AMND.US,D,20210524,000000,32.6713,32.6713,32.6713,32.6713,22.776915399523,0
AMND.US,D,20210525,000000,32.1767,32.1767,32.1767,32.1767,5.1765716817097,0
AMND.US,D,20210526,000000,32.3023,32.3023,32.3023,32.3023,22.776915399523,0
AMND.US,D,20210527,000000,32.5514,32.5514,32.3322,32.3322,217.41601063181,0
AMND.US,D,20210528,000000,32.2376,32.2376,32.2376,32.2376,1.0353143363419,0
AMND.US,D,20210601,000000,32.8644,32.8644,32.8074,32.8074,7392.1443614814,0
AMND.US,D,20210602,000000,33.131,33.131,33.131,33.131,1.0353143363419,0
AMND.US,D,20210603,000000,33.1667,33.1667,33.1667,33.1667,22.776915399523,0
AMND.US,D,20210604,000000,33.442,33.442,33.442,33.442,6.2118860180516,0
AMND.US,D,20210607,000000,33.7839,33.7839,33.7839,33.7839,7.2472003543936,0
AMND.US,D,20210608,000000,33.8699,33.8699,33.8699,33.8699,12.423772036103,0
AMND.US,D,20210609,000000,33.9868,33.9868,33.9868,33.9868,1.0353143363419,0
AMND.US,D,20210610,000000,34.3403,34.3403,34.3403,34.3403,1.0353143363419,0
AMND.US,D,20210611,000000,34.5498,34.5498,34.5498,34.5498,14.494400708787,0
AMND.US,D,20210614,000000,34.5924,34.5924,34.5924,34.5924,1.0353143363419,0
AMND.US,D,20210615,000000,34.7605,34.7605,34.7605,34.7605,2.0706286726839,0
AMND.US,D,20210616,000000,34.7914,34.7914,34.7914,34.7914,80.754518234671,0
AMND.US,D,20210617,000000,33.7878,33.7878,33.7878,33.7878,5.1765716817097,0
AMND.US,D,20210618,000000,33.0392,33.0489,33.0296,33.0296,977.33673350679,0
AMND.US,D,20210621,000000,33.7028,33.7028,33.7028,33.7028,88.001718589065,0
AMND.US,D,20210622,000000,33.4352,33.5995,33.4352,33.5995,298.17052886648,0
AMND.US,D,20210623,000000,33.4816,33.4816,33.4816,33.4816,1.0353143363419,0
AMND.US,D,20210624,000000,33.5164,33.5164,33.5164,33.5164,3.1059430090258,0
AMND.US,D,20210625,000000,33.471,33.471,33.471,33.471,1.0353143363419,0
AMND.US,D,20210628,000000,32.8354,32.8354,32.8354,32.8354,27.953487081232,0
AMND.US,D,20210629,000000,32.8953,32.8953,32.8953,32.8953,2.0706286726839,0
AMND.US,D,20210630,000000,33.2769,33.2769,33.2769,33.2769,2.0706286726839,0
AMND.US,D,20210701,000000,33.5811,33.5811,33.5811,33.5811,1.0353143363419,0
AMND.US,D,20210702,000000,33.4526,33.7617,33.4526,33.7617,543.54002657952,0
AMND.US,D,20210706,000000,33.388,33.388,33.388,33.388,56.942288498806,0
AMND.US,D,20210707,000000,32.9668,32.9668,32.9668,32.9668,1.0353143363419,0
AMND.US,D,20210708,000000,32.8122,32.8122,32.8122,32.8122,1.0353143363419,0
AMND.US,D,20210709,000000,33.5279,33.5279,33.5279,33.5279,1.0353143363419,0
AMND.US,D,20210712,000000,33.358,33.358,33.358,33.358,7.2472003543936,0
AMND.US,D,20210713,000000,32.9117,32.9117,32.9117,32.9117,6.2118860180516,0
AMND.US,D,20210714,000000,32.423,32.423,32.423,32.423,17.600343717813,0
AMND.US,D,20210715,000000,32.0772,32.0772,32.0772,32.0772,25.882858408548,0
AMND.US,D,20210716,000000,31.7063,31.7063,31.7063,31.7063,2.0706286726839,0
AMND.US,D,20210719,000000,30.6255,30.6255,30.6255,30.6255,3.1059430090258,0
AMND.US,D,20210720,000000,31.4542,31.4542,31.4542,31.4542,1.0353143363419,0
AMND.US,D,20210721,000000,31.7565,31.7565,31.7565,31.7565,1.0353143363419,0
AMND.US,D,20210722,000000,31.6716,31.6716,31.6716,31.6716,21.741601063181,0
AMND.US,D,20210723,000000,31.5779,31.5779,31.5779,31.5779,7.2472003543936,0
AMND.US,D,20210726,000000,32.1593,32.1593,32.1593,32.1593,2.0706286726839,0
AMND.US,D,20210727,000000,31.771,31.771,31.771,31.771,62.118860180516,0
AMND.US,D,20210728,000000,32.0559,32.0559,32.0559,32.0559,6.2118860180516,0
AMND.US,D,20210729,000000,32.2462,32.2462,32.2462,32.2462,2.0706286726839,0
AMND.US,D,20210730,000000,31.8435,31.8435,31.8435,31.8435,2.0706286726839,0
AMND.US,D,20210802,000000,31.5295,31.5295,31.5295,31.5295,3.1059430090258,0
AMND.US,D,20210803,000000,31.6668,31.7054,31.6668,31.7054,216.38069629546,0
AMND.US,D,20210804,000000,31.2968,31.2968,31.2968,31.2968,2.0706286726839,0
AMND.US,D,20210805,000000,31.262,31.262,31.262,31.262,3.1059430090258,0
AMND.US,D,20210806,000000,31.3238,31.3238,31.3238,31.3238,3.1059430090258,0
AMND.US,D,20210809,000000,31.1094,31.1094,31.1094,31.1094,2.0706286726839,0
AMND.US,D,20210810,000000,31.6165,31.6165,31.6165,31.6165,4.1412573453677,0
AMND.US,D,20210811,000000,31.8087,31.8087,31.8087,31.8087,2.0706286726839,0
AMND.US,D,20210812,000000,31.9516,31.9516,31.9516,31.9516,3.1059430090258,0
AMND.US,D,20210813,000000,31.689,31.689,31.689,31.689,2.0706286726839,0
AMND.US,D,20210816,000000,31.5141,31.5141,31.5141,31.5141,22.776915399523,0
AMND.US,D,20210817,000000,31.2465,31.2465,31.2465,31.2465,2.0706286726839,0
AMND.US,D,20210818,000000,30.7105,30.7105,30.7105,30.7105,2.0706286726839,0
AMND.US,D,20210819,000000,30.1165,30.1165,30.1165,30.1165,6.2118860180516,0
AMND.US,D,20210820,000000,30.3435,30.3435,30.3435,30.3435,12.423772036103,0
AMND.US,D,20210823,000000,30.8776,30.8776,30.8776,30.8776,6.2118860180516,0
AMND.US,D,20210824,000000,31.1114,31.1114,31.1114,31.1114,4.1412573453677,0
AMND.US,D,20210825,000000,31.3528,31.3528,31.3528,31.3528,14.494400708787,0
AMND.US,D,20210826,000000,30.865,30.865,30.865,30.865,3.1059430090258,0
AMND.US,D,20210827,000000,31.5151,31.5151,31.5151,31.5151,9.3178290270774,0
AMND.US,D,20210830,000000,31.3441,31.3441,31.3441,31.3441,4.1412573453677,0
AMND.US,D,20210831,000000,31.2166,31.2166,31.2166,31.2166,3.1059430090258,0
AMND.US,D,20210901,000000,31.4465,31.4465,31.4465,31.4465,62.118860180516,0
AMND.US,D,20210902,000000,31.9488,31.9488,31.9488,31.9488,2.0706286726839,0
AMND.US,D,20210903,000000,31.9516,31.9516,31.9516,31.9516,2.0706286726839,0
AMND.US,D,20210907,000000,31.7015,31.7015,31.7015,31.7015,2.0706286726839,0
AMND.US,D,20210908,000000,31.6232,31.6232,31.6232,31.6232,3.1059430090258,0
AMND.US,D,20210909,000000,31.4929,31.4929,31.4929,31.4929,3.1059430090258,0
AMND.US,D,20210910,000000,31.2591,31.2591,31.2591,31.2591,4.1412573453677,0
AMND.US,D,20210913,000000,31.7749,31.7749,31.7749,31.7749,2.0706286726839,0
AMND.US,D,20210914,000000,31.5103,31.5103,31.5103,31.5103,4.1412573453677,0
AMND.US,D,20210915,000000,31.968,31.968,31.968,31.968,2.0706286726839,0
AMND.US,D,20210916,000000,31.8579,31.8579,31.8579,31.8579,3.1059430090258,0
AMND.US,D,20210917,000000,31.5277,31.5277,31.5277,31.5277,2.0706286726839,0
AMND.US,D,20210920,000000,30.7346,30.7346,30.7346,30.7346,2.0706286726839,0
AMND.US,D,20210921,000000,30.8448,30.8448,30.8448,30.8448,4.1412573453677,0
AMND.US,D,20210922,000000,31.345,31.345,31.345,31.345,3.1059430090258,0
AMND.US,D,20210923,000000,31.997,31.997,31.997,31.997,2.0706286726839,0
AMND.US,D,20210924,000000,31.915,31.915,31.915,31.915,2.0706286726839,0
AMND.US,D,20210927,000000,32.5804,32.5804,32.5804,32.5804,5.1765716817097,0
AMND.US,D,20210928,000000,32.2434,32.2434,32.2434,32.2434,3.1059430090258,0
AMND.US,D,20210929,000000,32.2694,32.2694,32.2694,32.2694,4.1412573453677,0
AMND.US,D,20210930,000000,32.0531,32.0531,32.0531,32.0531,4.1412573453677,0
AMND.US,D,20211001,000000,32.4655,32.4655,32.4655,32.4655,4.1412573453677,0
AMND.US,D,20211004,000000,33.0045,33.0045,33.0045,33.0045,7.2472003543936,0
AMND.US,D,20211005,000000,32.9263,32.9263,32.9263,32.9263,2.0706286726839,0
AMND.US,D,20211006,000000,32.5466,32.6365,32.5466,32.6365,111.81394832493,0
AMND.US,D,20211007,000000,33.0392,33.0392,33.0392,33.0392,2.0706286726839,0
AMND.US,D,20211008,000000,33.5734,33.5734,33.5734,33.5734,2.0706286726839,0
AMND.US,D,20211011,000000,33.755,33.755,33.755,33.755,16.565029381471,0
AMND.US,D,20211012,000000,33.5956,33.6139,33.2295,33.5521,8119.9703399298,0
AMND.US,D,20211013,000000,33.7347,33.7347,33.7347,33.7347,39.341944780994,0
AMND.US,D,20211014,000000,34.2602,34.294,34.2602,34.294,1098.4685108588,0
AMND.US,D,20211015,000000,32.5843,34.5498,30.9549,34.5112,4443.5691315796,0
AMND.US,D,20211018,000000,34.4958,34.4958,34.4958,34.4958,2.0706286726839,0
AMND.US,D,20211019,000000,34.6165,34.6165,34.6165,34.6165,12.423772036103,0
AMND.US,D,20211020,000000,34.9759,34.9759,34.9759,34.9759,2.0706286726839,0
AMND.US,D,20211021,000000,34.322,34.322,34.322,34.322,6.2118860180516,0
AMND.US,D,20211022,000000,34.4117,34.4117,34.4117,34.4117,11.388457699761,0
AMND.US,D,20211025,000000,34.5374,34.5374,34.5374,34.5374,17.600343717813,0
AMND.US,D,20211026,000000,34.2109,34.2109,34.2109,34.2109,108.7080053159,0
AMND.US,D,20211027,000000,33.9742,33.9742,33.9742,33.9742,4.1412573453677,0
AMND.US,D,20211028,000000,33.8593,33.8593,33.8593,33.8593,4.1412573453677,0
AMND.US,D,20211029,000000,33.4227,33.4227,33.4227,33.4227,2.0706286726839,0
AMND.US,D,20211101,000000,33.9452,33.9452,33.9452,33.9452,5.1765716817097,0
AMND.US,D,20211102,000000,33.8119,33.8119,33.8119,33.8119,30.024115753916,0
AMND.US,D,20211103,000000,33.6497,33.6497,33.6497,33.6497,3.1059430090258,0
AMND.US,D,20211104,000000,33.4468,33.4468,33.4468,33.4468,2.0706286726839,0
AMND.US,D,20211105,000000,33.6207,33.6207,33.6207,33.6207,15.529715045129,0
AMND.US,D,20211108,000000,33.7086,33.7086,33.7086,33.7086,4.1412573453677,0
AMND.US,D,20211109,000000,33.7298,33.7298,33.7298,33.7298,2.0706286726839,0
AMND.US,D,20211110,000000,33.642,33.642,33.3551,33.3551,1070.5150237776,0
AMND.US,D,20211111,000000,33.5377,33.5377,33.5377,33.5377,2.0706286726839,0
AMND.US,D,20211112,000000,33.4671,33.4671,33.4671,33.4671,2.0706286726839,0
AMND.US,D,20211115,000000,33.2952,33.4681,33.2952,33.4681,217.41601063181,0
AMND.US,D,20211116,000000,33.2788,33.2788,33.2788,33.2788,2.0706286726839,0
AMND.US,D,20211117,000000,32.8692,32.8692,32.8692,32.8692,54.871659826123,0
AMND.US,D,20211118,000000,32.6857,32.6857,32.6857,32.6857,2.0706286726839,0
AMND.US,D,20211119,000000,32.0473,32.0473,32.0473,32.0473,10.353143363419,0
AMND.US,D,20211122,000000,32.1641,32.1641,32.1641,32.1641,53.836345489781,0
AMND.US,D,20211123,000000,32.5766,32.5766,32.5766,32.5766,2.0706286726839,0
AMND.US,D,20211124,000000,32.9571,32.9571,32.9571,32.9571,2.0706286726839,0
AMND.US,D,20211126,000000,32.3274,32.3274,32.3274,32.3274,4.1412573453677,0
AMND.US,D,20211129,000000,31.9082,31.9082,31.9082,31.9082,2.0706286726839,0
AMND.US,D,20211130,000000,31.0408,31.0408,31.0408,31.0408,7.2472003543936,0
AMND.US,D,20211201,000000,30.6177,30.6177,30.6177,30.6177,8.2825146907355,0
AMND.US,D,20211202,000000,31.1364,31.1364,31.1364,31.1364,2.0706286726839,0
AMND.US,D,20211203,000000,30.9181,30.9181,30.9181,30.9181,2.0706286726839,0
AMND.US,D,20211206,000000,31.0505,31.0505,31.0505,31.0505,2.0706286726839,0
AMND.US,D,20211207,000000,31.5605,31.5605,31.5605,31.5605,3.1059430090258,0
AMND.US,D,20211208,000000,31.5875,31.5875,31.5875,31.5875,5.1765716817097,0
AMND.US,D,20211209,000000,31.1316,31.1316,31.1316,31.1316,2.0706286726839,0
AMND.US,D,20211210,000000,31.1925,31.1925,31.1925,31.1925,2.0706286726839,0
AMND.US,D,20211213,000000,30.6679,30.6679,30.6679,30.6679,4.1412573453677,0
AMND.US,D,20211214,000000,30.4197,30.4197,30.4197,30.4197,2.0706286726839,0
AMND.US,D,20211215,000000,30.6004,30.6004,30.6004,30.6004,4.1412573453677,0
AMND.US,D,20211216,000000,30.7762,30.7762,30.7762,30.7762,19.670972390497,0
AMND.US,D,20211217,000000,30.5994,30.5994,30.5994,30.5994,2.0706286726839,0
AMND.US,D,20211220,000000,30.1165,30.1165,30.1165,30.1165,8.2825146907355,0
AMND.US,D,20211221,000000,30.5897,30.5897,30.5897,30.5897,4.1412573453677,0
AMND.US,D,20211222,000000,30.7443,30.7443,30.7443,30.7443,10.353143363419,0
AMND.US,D,20211223,000000,30.9471,30.9471,30.9471,30.9471,2.0706286726839,0
AMND.US,D,20211227,000000,31.3846,31.3846,31.3846,31.3846,2.0706286726839,0
AMND.US,D,20211228,000000,31.2273,31.2523,31.2273,31.2523,3122.5080384073,0
AMND.US,D,20211229,000000,31.2833,31.2833,31.2523,31.2523,109.74331965225,0
AMND.US,D,20211230,000000,31.4426,31.4426,31.2321,31.2321,827.21615473721,0
AMND.US,D,20211231,000000,31.5401,31.5401,31.5401,31.5401,2.0706286726839,0
AMND.US,D,20220103,000000,31.8165,32.0647,31.8165,32.0647,5736.6767376707,0
AMND.US,D,20220104,000000,32.6287,32.6287,32.6287,32.6287,2.0706286726839,0
AMND.US,D,20220105,000000,32.4713,32.4713,32.4713,32.4713,56.942288498806,0
AMND.US,D,20220106,000000,33.0508,33.0508,33.0508,33.0508,14.494400708787,0
AMND.US,D,20220107,000000,33.4932,33.4932,33.4932,33.4932,109.74331965225,0
AMND.US,D,20220110,000000,33.4642,33.4797,33.4642,33.4797,231.91041134059,0
AMND.US,D,20220111,000000,34.1722,34.1722,34.1722,34.1722,19.670972390497,0
AMND.US,D,20220112,000000,34.5828,34.5828,34.5828,34.5828,52.801031153439,0
AMND.US,D,20220113,000000,34.2476,34.2476,34.2476,34.2476,2.0706286726839,0
AMND.US,D,20220114,000000,34.5538,34.5538,34.5538,34.5538,2.0706286726839,0
AMND.US,D,20220118,000000,34.5528,34.5528,34.5528,34.5528,2.0706286726839,0
AMND.US,D,20220119,000000,34.3751,34.3751,34.3751,34.3751,47.624459471729,0
AMND.US,D,20220120,000000,34.1085,34.1085,34.1085,34.1085,1.0353143363419,0
AMND.US,D,20220121,000000,33.5917,33.5917,33.5917,33.5917,10.353143363419,0
AMND.US,D,20220124,000000,33.356,33.356,33.356,33.356,31.059430090258,0
AMND.US,D,20220125,000000,33.9472,33.9472,33.9472,33.9472,2.0706286726839,0
AMND.US,D,20220126,000000,34.2282,34.2282,34.2282,34.2282,2.0706286726839,0
AMND.US,D,20220127,000000,34.2215,34.2215,34.2215,34.2215,5.1765716817097,0
AMND.US,D,20220128,000000,34.3026,34.3026,34.3026,34.3026,2.0706286726839,0
AMND.US,D,20220131,000000,34.7276,34.7276,34.7276,34.7276,12.423772036103,0
AMND.US,D,20220201,000000,35.2763,35.2763,35.2763,35.2763,2.0706286726839,0
AMND.US,D,20220202,000000,35.5998,35.5998,35.5998,35.5998,2.0706286726839,0
AMND.US,D,20220203,000000,35.453,35.453,35.4154,35.452,6202.5681890245,0
AMND.US,D,20220204,000000,35.6114,35.6114,35.6114,35.6114,122.16709168835,0
AMND.US,D,20220207,000000,35.7486,35.7862,35.651,35.651,1416.3100121158,0
AMND.US,D,20220208,000000,35.7486,35.7486,35.3767,35.3767,977.33673350679,0
AMND.US,D,20220209,000000,35.5901,35.6056,35.5767,35.6056,751.63820818425,0
AMND.US,D,20220210,000000,35.3062,35.3062,35.3062,35.3062,3.1059430090258,0
AMND.US,D,20220211,000000,35.5959,36.1716,35.5959,36.1716,278.49955647598,0
AMND.US,D,20220214,000000,35.6336,35.6626,35.5273,35.5273,840.67524110965,0
AMND.US,D,20220215,000000,35.4105,35.4105,35.4105,35.4105,73.507317880277,0
AMND.US,D,20220216,000000,35.3854,35.3854,35.3854,35.3854,89.037032925407,0
AMND.US,D,20220217,000000,35.3197,35.3197,35.1613,35.1613,193.60378089594,0
AMND.US,D,20220218,000000,34.8938,34.8938,34.8938,34.8938,1.0353143363419,0
AMND.US,D,20220222,000000,34.3635,34.3635,34.3635,34.3635,15.529715045129,0
AMND.US,D,20220223,000000,34.7295,34.7295,34.5962,34.5962,210.16881027741,0
AMND.US,D,20220224,000000,34.546,34.546,34.546,34.546,67.295431862226,0
AMND.US,D,20220225,000000,35.2773,35.2773,35.2773,35.2773,210.16881027741,0
AMND.US,D,20220228,000000,36.1938,36.1938,36.1938,36.1938,1.0353143363419,0
AMND.US,D,20220301,000000,36.33,36.33,36.33,36.33,1.0353143363419,0
AMND.US,D,20220302,000000,37.1858,37.1858,37.152,37.152,115.9552056703,0
AMND.US,D,20220303,000000,37.1568,37.1568,37.1568,37.1568,1.0353143363419,0
AMND.US,D,20220304,000000,37.66,37.66,37.66,37.66,1.0353143363419,0
AMND.US,D,20220307,000000,37.4669,37.4669,37.4669,37.4669,1.0353143363419,0
AMND.US,D,20220308,000000,37.4659,37.4659,37.4659,37.4659,6.2118860180516,0
AMND.US,D,20220309,000000,37.1124,37.1124,37.1124,37.1124,64.1894888532,0
AMND.US,D,20220310,000000,37.5963,37.5963,37.5963,37.5963,65.224803189542,0
AMND.US,D,20220311,000000,37.1762,37.1762,36.8536,36.8536,317.84150125697,0
AMND.US,D,20220314,000000,35.7572,35.7572,35.7572,35.7572,73.507317880277,0
AMND.US,D,20220315,000000,35.4955,35.4955,35.4955,35.4955,1.0353143363419,0
AMND.US,D,20220316,000000,35.6249,35.6249,35.6249,35.6249,5.1765716817097,0
AMND.US,D,20220317,000000,36.0605,36.0605,36.0605,36.0605,1.0353143363419,0
AMND.US,D,20220318,000000,36.0644,36.0644,36.0644,36.0644,5.1765716817097,0
AMND.US,D,20220321,000000,36.7985,36.7985,36.7985,36.7985,1.0353143363419,0
AMND.US,D,20220322,000000,36.9385,36.9385,36.9385,36.9385,1.0353143363419,0
AMND.US,D,20220323,000000,37.2042,37.2042,37.2042,37.2042,1.0353143363419,0
AMND.US,D,20220324,000000,37.5943,37.5943,37.5943,37.5943,18.635658054155,0
AMND.US,D,20220325,000000,38.4656,38.4656,38.4656,38.4656,33.130058762942,0
AMND.US,D,20220328,000000,38.1063,38.1063,38.1063,38.1063,8.2825146907355,0
AMND.US,D,20220329,000000,37.975,38.3855,37.975,38.3855,1056.0206230688,0
AMND.US,D,20220330,000000,38.6646,38.6646,38.6646,38.6646,13.459086372445,0
AMND.US,D,20220331,000000,38.3584,38.3584,38.3584,38.3584,8.2825146907355,0
AMND.US,D,20220401,000000,38.6733,38.6733,38.6733,38.6733,3.1059430090258,0
AMND.US,D,20220404,000000,38.8278,38.8278,38.8278,38.8278,2.0706286726839,0
AMND.US,D,20220405,000000,38.4753,38.4753,38.4753,38.4753,3.1059430090258,0
AMND.US,D,20220406,000000,38.5361,38.5361,38.5361,38.5361,3.1059430090258,0
AMND.US,D,20220407,000000,38.6288,38.6288,38.6288,38.6288,14.494400708787,0
AMND.US,D,20220408,000000,39.0451,39.0451,39.0451,39.0451,3.1059430090258,0
AMND.US,D,20220411,000000,38.7129,38.7129,38.5851,38.5851,359.25407471065,0
AMND.US,D,20220412,000000,39.0278,39.0278,39.0278,39.0278,8.2825146907355,0
AMND.US,D,20220413,000000,39.3832,39.3832,39.3832,39.3832,1.0353143363419,0
AMND.US,D,20220414,000000,39.4045,39.4045,39.4045,39.4045,1.0353143363419,0
AMND.US,D,20220418,000000,39.4609,39.4609,39.4609,39.4609,45.553830799045,0
AMND.US,D,20220419,000000,39.6895,39.6895,39.6895,39.6895,43.483202126361,0
AMND.US,D,20220420,000000,40.1891,40.1891,40.1891,40.1891,1.0353143363419,0
AMND.US,D,20220421,000000,39.7718,39.7718,39.7718,39.7718,105.60206230688,0
AMND.US,D,20220422,000000,38.6711,38.6711,38.6711,38.6711,11.388457699761,0
AMND.US,D,20220426,000000,37.558,37.558,37.558,37.558,25.882858408548,0
AMND.US,D,20220427,000000,37.6053,37.6053,37.6053,37.6053,3.1059430090258,0
AMND.US,D,20220428,000000,38.2299,38.3886,38.2299,38.3886,103.53143363419,0
AMND.US,D,20220429,000000,37.3586,37.3586,37.3586,37.3586,1.0353143363419,0
AMND.US,D,20220502,000000,37.3566,37.3566,37.3566,37.3566,32.0947444266,0
AMND.US,D,20220503,000000,38.2053,38.2053,38.2053,38.2053,25.882858408548,0
AMND.US,D,20220504,000000,39.5375,39.5375,39.5375,39.5375,2.0706286726839,0
AMND.US,D,20220505,000000,38.6276,38.6276,38.6276,38.6276,14.494400708787,0
AMND.US,D,20220506,000000,39.0917,39.0917,39.0917,39.0917,4.1412573453677,0
AMND.US,D,20220509,000000,37.3439,37.3439,37.3439,37.3439,3.1059430090258,0
AMND.US,D,20220510,000000,37.101,37.101,37.101,37.101,25.882858408548,0
AMND.US,D,20220511,000000,36.9053,36.9053,36.9053,36.9053,25.882858408548,0
AMND.US,D,20220512,000000,36.6266,36.863,36.6266,36.863,664.67180393152,0
AMND.US,D,20220513,000000,37.8418,37.8418,37.8418,37.8418,25.882858408548,0
AMND.US,D,20220516,000000,38.4327,38.481,38.4327,38.481,295.06458585745,0
AMND.US,D,20220517,000000,39.0323,39.0323,39.0323,39.0323,14.494400708787,0
AMND.US,D,20220518,000000,38.3607,38.3607,38.3607,38.3607,3.1059430090258,0
AMND.US,D,20220519,000000,38.0475,38.0475,38.0475,38.0475,2.0706286726839,0
AMND.US,D,20220520,000000,37.8049,38.1918,37.5925,38.1918,6113.5311560991,0
AMND.US,D,20220523,000000,38.6646,38.6683,38.6646,38.6683,104.56674797054,0
AMND.US,D,20220524,000000,38.5278,38.5278,38.5278,38.5278,18.635658054155,0
AMND.US,D,20220525,000000,39.3311,39.3311,39.1846,39.1846,103.53143363419,0
AMND.US,D,20220526,000000,39.4179,39.4179,39.4179,39.4179,12.423772036103,0
AMND.US,D,20220527,000000,39.9159,39.9159,39.9159,39.9159,2.0706286726839,0
AMND.US,D,20220531,000000,40.0844,40.2197,39.8341,39.8341,10965.014136197,0
AMND.US,D,20220601,000000,40.3402,40.3402,40.3402,40.3402,2.0706286726839,0
AMND.US,D,20220602,000000,40.6008,40.6008,40.6008,40.6008,54.871659826123,0
AMND.US,D,20220603,000000,40.484,40.484,40.484,40.484,2.0706286726839,0
AMND.US,D,20220606,000000,40.5326,40.5326,40.5326,40.5326,4.1412573453677,0
AMND.US,D,20220607,000000,41.2711,41.2711,41.2711,41.2711,4.1412573453677,0
AMND.US,D,20220608,000000,40.9092,40.9092,40.9092,40.9092,12.423772036103,0
AMND.US,D,20220609,000000,40.2409,40.2409,40.2409,40.2409,1.0353143363419,0
AMND.US,D,20220610,000000,39.4925,39.4925,39.4925,39.4925,1.0353143363419,0
AMND.US,D,20220613,000000,37.5998,37.5998,37.5998,37.5998,102.49611929785,0
AMND.US,D,20220614,000000,36.9098,36.9098,36.9098,36.9098,3.1059430090258,0
AMND.US,D,20220615,000000,36.391,36.391,36.391,36.391,2.0706286726839,0
AMND.US,D,20220616,000000,34.7165,34.7165,34.7165,34.7165,2.0706286726839,0
AMND.US,D,20220617,000000,33.8954,33.8954,33.8954,33.8954,5.1765716817097,0
AMND.US,D,20220621,000000,35.1476,35.1476,35.1476,35.1476,4.1412573453677,0
AMND.US,D,20220622,000000,34.3295,34.3295,34.3295,34.3295,2.0706286726839,0
AMND.US,D,20220623,000000,33.6322,33.7567,33.4584,33.7567,4165.0695751036,0
AMND.US,D,20220624,000000,34.4382,34.4382,34.4382,34.4382,2.0706286726839,0
AMND.US,D,20220627,000000,34.9678,34.9678,34.9678,34.9678,2.0706286726839,0
AMND.US,D,20220628,000000,35.5707,35.5707,35.5707,35.5707,3.1059430090258,0
AMND.US,D,20220629,000000,35.153,35.153,35.153,35.153,1.0353143363419,0
AMND.US,D,20220630,000000,34.7618,34.7618,34.7618,34.7618,2.0706286726839,0
AMND.US,D,20220701,000000,35.2106,35.2106,35.2106,35.2106,2.0706286726839,0
AMND.US,D,20220705,000000,33.8255,34.3058,33.8255,34.3058,209.13349594107,0
AMND.US,D,20220706,000000,33.8071,33.8071,33.8071,33.8071,103.53143363419,0
AMND.US,D,20220707,000000,34.9363,34.9363,34.9243,34.9243,721.61409243033,0
AMND.US,D,20220708,000000,35.2007,35.2007,35.2007,35.2007,7.2472003543936,0
AMND.US,D,20220711,000000,34.9675,34.9675,34.9675,34.9675,84.895775580039,0
AMND.US,D,20220712,000000,34.4358,34.4358,34.4358,34.4358,4.1412573453677,0
AMND.US,D,20220713,000000,34.6637,34.6637,34.6637,34.6637,101.73098292,0
AMND.US,D,20220714,000000,34.3938,34.3938,34.3938,34.3938,2.0346196584,0
AMND.US,D,20220715,000000,34.8211,34.8211,34.8211,34.8211,1.0173098292,0
AMND.US,D,20220718,000000,35.5489,35.5489,35.5489,35.5489,10.173098292,0
AMND.US,D,20220719,000000,36.3527,36.3527,36.3527,36.3527,1.0173098292,0
AMND.US,D,20220720,000000,36.4392,36.4392,36.4392,36.4392,1.0173098292,0
AMND.US,D,20220721,000000,36.4088,36.4088,36.4088,36.4088,3.0519294876,0
AMND.US,D,20220722,000000,36.1453,36.1453,36.1453,36.1453,2.0346196584,0
AMND.US,D,20220725,000000,37.2276,37.2276,37.2276,37.2276,44.7616324848,0
AMND.US,D,20220726,000000,37.534,37.534,37.534,37.534,1.0173098292,0
AMND.US,D,20220727,000000,38.0217,38.0217,38.0217,38.0217,1.0173098292,0
AMND.US,D,20220728,000000,38.2899,38.2899,38.2899,38.2899,258.3966966168,0
AMND.US,D,20220729,000000,38.4273,38.4273,38.4273,38.4273,47.8135619724,0
AMND.US,D,20220801,000000,38.2266,38.2266,38.2266,38.2266,3.0519294876,0
AMND.US,D,20220802,000000,37.9136,37.9136,37.9136,37.9136,2.0346196584,0
AMND.US,D,20220803,000000,37.7466,37.9235,37.7466,37.9235,335.712243636,0
AMND.US,D,20220804,000000,36.926,36.926,36.926,36.926,3.0519294876,0
AMND.US,D,20220805,000000,36.7559,36.7559,36.7559,36.7559,1.0173098292,0
AMND.US,D,20220808,000000,37.0909,37.0909,37.0909,37.0909,1.0173098292,0
AMND.US,D,20220809,000000,37.393,37.393,37.393,37.393,2.0346196584,0
AMND.US,D,20220810,000000,37.9458,37.9458,37.9458,37.9458,1.0173098292,0
AMND.US,D,20220811,000000,38.7883,38.7883,38.7883,38.7883,3.0519294876,0
AMND.US,D,20220812,000000,38.9547,38.9547,38.9547,38.9547,1.0173098292,0
AMND.US,D,20220815,000000,38.5428,38.5969,38.5428,38.5969,223.808162424,0
AMND.US,D,20220816,000000,39.0443,39.0443,39.0443,39.0443,31.5366047052,0
AMND.US,D,20220817,000000,38.6421,38.6421,38.6421,38.6421,1.0173098292,0
AMND.US,D,20220818,000000,39.3819,39.3819,39.3819,39.3819,1.0173098292,0
AMND.US,D,20220819,000000,39.1603,39.1603,39.1603,39.1603,14.2423376088,0
AMND.US,D,20220822,000000,39.0242,39.0242,39.0242,39.0242,43.7443226556,0
AMND.US,D,20220823,000000,39.8359,39.8359,39.8359,39.8359,2.0346196584,0
AMND.US,D,20220824,000000,40.2819,40.2819,40.2819,40.2819,1.0173098292,0
AMND.US,D,20220825,000000,40.465,40.465,40.465,40.465,2.0346196584,0
AMND.US,D,20220826,000000,39.8874,39.8874,39.8874,39.8874,1.0173098292,0
AMND.US,D,20220829,000000,40.0704,40.0704,40.0704,40.0704,1.0173098292,0
AMND.US,D,20220830,000000,38.9189,38.9189,38.9189,38.9189,18.3115769256,0
AMND.US,D,20220831,000000,38.4042,38.4042,38.4042,38.4042,9.1557884628,0
AMND.US,D,20220901,000000,37.8646,37.9727,37.6975,37.9727,449.6509445064,0
AMND.US,D,20220902,000000,38.4092,38.4092,38.4092,38.4092,10.173098292,0
AMND.US,D,20220906,000000,37.8989,37.8989,37.8989,37.8989,3.0519294876,0
AMND.US,D,20220907,000000,38.1348,38.1348,38.1348,38.1348,1.0173098292,0
AMND.US,D,20220908,000000,38.1749,38.1749,38.1749,38.1749,4.0692393168,0
AMND.US,D,20220909,000000,39.049,39.049,39.049,39.049,2.0346196584,0
AMND.US,D,20220912,000000,39.6041,39.6041,39.6041,39.6041,1.0173098292,0
AMND.US,D,20220913,000000,37.8646,38.6469,37.8646,38.6469,2.0346196584,0
AMND.US,D,20220914,000000,39.3773,39.3773,39.3773,39.3773,8.1384786336,0
AMND.US,D,20220915,000000,38.9364,38.9364,38.9364,38.9364,12.2077179504,0
AMND.US,D,20220916,000000,38.0737,38.0737,38.0737,38.0737,6.1038589752,0
AMND.US,D,20220919,000000,38.3883,38.3883,38.3883,38.3883,3.0519294876,0
AMND.US,D,20220920,000000,38.2135,38.2135,38.2135,38.2135,1.0173098292,0
AMND.US,D,20220921,000000,37.742,37.742,37.742,37.742,1.0173098292,0
AMND.US,D,20220922,000000,37.1003,37.1003,37.1003,37.1003,2.0346196584,0
AMND.US,D,20220923,000000,34.8101,34.8101,34.8101,34.8101,1.0173098292,0
AMND.US,D,20220926,000000,33.9528,33.9528,33.9528,33.9528,1.0173098292,0
AMND.US,D,20220927,000000,34.2735,34.2735,34.2735,34.2735,1.0173098292,0
AMND.US,D,20220928,000000,35.6379,35.6379,35.6379,35.6379,1.0173098292,0
AMND.US,D,20220929,000000,35.1417,35.1417,34.9058,34.9424,1030.5348569796,0
AMND.US,D,20220930,000000,34.8383,34.8383,34.8383,34.8383,10.173098292,0
AMND.US,D,20221003,000000,35.7775,35.7775,35.7775,35.7775,10.173098292,0
AMND.US,D,20221004,000000,36.8807,36.8807,36.8807,36.8807,16.2769572672,0
AMND.US,D,20221005,000000,36.8518,36.8518,36.8518,36.8518,1.0173098292,0
AMND.US,D,20221006,000000,36.3143,36.3143,36.3143,36.3143,19.3288867548,0
AMND.US,D,20221007,000000,36.0796,36.0796,36.0796,36.0796,2.0346196584,0
AMND.US,D,20221010,000000,35.6069,35.6069,35.6069,35.6069,3.0519294876,0
AMND.US,D,20221011,000000,35.8178,35.8178,35.8178,35.8178,1.0173098292,0
AMND.US,D,20221012,000000,35.5984,35.5984,35.5984,35.5984,1,0
AMND.US,D,20221013,000000,36.694,36.694,36.694,36.694,1,0
AMND.US,D,20221014,000000,35.8541,35.8541,35.8541,35.8541,6,0
AMND.US,D,20221017,000000,36.5688,36.5688,36.5688,36.5688,1,0
AMND.US,D,20221018,000000,36.9933,36.9933,36.9933,36.9933,1,0
AMND.US,D,20221019,000000,37.0869,37.0869,37.0869,37.0869,55,0
AMND.US,D,20221020,000000,36.9143,36.9143,36.9143,36.9143,1,0
AMND.US,D,20221021,000000,37.5171,37.5171,37.5171,37.5171,5,0
AMND.US,D,20221025,000000,37.5452,37.5452,37.5452,37.5452,111,0
AMND.US,D,20221026,000000,37.9314,37.9314,37.9314,37.9314,3,0
AMND.US,D,20221027,000000,38.3513,38.3513,38.3513,38.3513,220,0
AMND.US,D,20221028,000000,38.5014,38.5014,38.5014,38.5014,4,0
AMND.US,D,20221031,000000,38.9173,38.9173,38.9173,38.9173,1,0
AMND.US,D,20221101,000000,39.1345,39.1345,39.1345,39.1345,1,0
AMND.US,D,20221102,000000,38.6541,38.6541,38.6541,38.6541,6,0
AMND.US,D,20221103,000000,38.7098,38.7098,38.7098,38.7098,3,0
AMND.US,D,20221104,000000,39.0991,39.0991,39.0991,39.0991,8,0
AMND.US,D,20221107,000000,39.2645,39.2645,39.2645,39.2645,10,0
AMND.US,D,20221108,000000,39.2943,39.2943,39.2943,39.2943,1,0
AMND.US,D,20221109,000000,38.2826,38.2826,38.2826,38.2826,1,0
AMND.US,D,20221110,000000,39.4483,39.4483,39.4483,39.4483,1,0
AMND.US,D,20221111,000000,39.7888,39.7888,39.7888,39.7888,1,0
AMND.US,D,20221114,000000,39.496,39.496,39.496,39.496,4,0
AMND.US,D,20221115,000000,39.508,39.508,39.508,39.508,2,0
AMND.US,D,20221116,000000,39.03,39.609,39.03,39.609,4000,0
AMND.US,D,20221117,000000,39.1022,39.1022,39.1022,39.1022,11,0
AMND.US,D,20221118,000000,39.4626,39.4626,39.4626,39.4626,5,0
AMND.US,D,20221121,000000,39.15,39.15,39.1305,39.1305,100,0
AMND.US,D,20221122,000000,40.2064,40.2064,40.2064,40.2064,7,0
AMND.US,D,20221123,000000,40.0921,40.0921,40.0921,40.0921,1,0
AMND.US,D,20221125,000000,40.1985,40.1985,40.1985,40.1985,3,0
AMND.US,D,20221128,000000,39.7093,39.7093,39.7093,39.7093,1,0
AMND.US,D,20221129,000000,39.9609,39.9609,39.9609,39.9609,21,0
AMND.US,D,20221130,000000,40.283,40.283,40.283,40.283,1,0
AMND.US,D,20221201,000000,40.0799,40.0799,40.0799,40.0799,2,0
AMND.US,D,20221202,000000,40.0059,40.0059,40.0059,40.0059,2,0
AMND.US,D,20221205,000000,39.262,39.262,39.262,39.262,3,0
AMND.US,D,20221206,000000,38.5091,38.5091,38.5091,38.5091,1,0
AMND.US,D,20221207,000000,38.2966,38.2966,38.2966,38.2966,50,0
AMND.US,D,20221208,000000,38.0594,38.0594,38.0594,38.0594,1,0
AMND.US,D,20221209,000000,37.6691,37.6691,37.6691,37.6691,3,0
AMND.US,D,20221212,000000,38.3239,38.3239,38.3239,38.3239,1,0
AMND.US,D,20221213,000000,38.07,39.0134,38.07,39.0134,209,0
AMND.US,D,20221214,000000,38.6977,38.6977,38.6977,38.6977,2,0
AMND.US,D,20221215,000000,38.1219,38.1219,38.1219,38.1219,2,0
AMND.US,D,20221216,000000,37.7413,37.7413,37.7413,37.7413,27,0
AMND.US,D,20221219,000000,37.2195,37.2195,37.2195,37.2195,13,0
AMND.US,D,20221220,000000,37.3916,37.3916,37.3916,37.3916,10,0
AMND.US,D,20221221,000000,38.0293,38.0293,38.0293,38.0293,1,0
AMND.US,D,20221222,000000,37.573,37.573,37.573,37.573,5,0
AMND.US,D,20221223,000000,38.3129,38.3129,38.3129,38.3129,2,0
AMND.US,D,20221227,000000,38.4584,38.4584,38.4584,38.4584,2,0
AMND.US,D,20221228,000000,37.6773,37.6773,37.6773,37.6773,1,0
AMND.US,D,20221229,000000,38.1847,38.1847,38.1847,38.1847,2,0
AMND.US,D,20221230,000000,38.2425,38.2425,38.2425,38.2425,2,0
AMND.US,D,20230103,000000,37.5707,37.5707,37.5707,37.5707,29,0
AMND.US,D,20230104,000000,37.8668,37.8668,37.8668,37.8668,1,0
AMND.US,D,20230105,000000,37.9439,37.9439,37.9439,37.9439,6,0
AMND.US,D,20230106,000000,38.8226,38.8226,38.8226,38.8226,4,0
AMND.US,D,20230109,000000,39.1899,39.1899,39.1899,39.1899,1,0
AMND.US,D,20230110,000000,38.98,39.1696,38.98,39.1696,102,0
AMND.US,D,20230111,000000,39.5233,39.5233,39.5233,39.5233,5,0
AMND.US,D,20230112,000000,39.4296,39.4296,39.4296,39.4296,51,0
AMND.US,D,20230113,000000,39.4506,39.4506,39.4506,39.4506,25,0
AMND.US,D,20230117,000000,39.519,39.519,39.3379,39.3379,100,0
AMND.US,D,20230118,000000,39.52,39.52,38.7198,38.7198,132,0
AMND.US,D,20230119,000000,39.062,39.062,39.062,39.062,2,0
AMND.US,D,20230120,000000,39.2218,39.2218,39.2218,39.2218,1,0
AMND.US,D,20230123,000000,39.5934,39.5934,39.5934,39.5934,3,0
AMND.US,D,20230124,000000,39.4319,39.4319,39.4319,39.4319,9,0
AMND.US,D,20230125,000000,39.1858,39.1858,39.1858,39.1858,5,0
AMND.US,D,20230126,000000,39.5407,39.5407,39.5407,39.5407,5,0
AMND.US,D,20230127,000000,39.5723,39.5723,39.5723,39.5723,3,0
AMND.US,D,20230130,000000,38.9677,38.9677,38.9677,38.9677,1,0
AMND.US,D,20230131,000000,39.4227,39.4227,39.4227,39.4227,1,0
AMND.US,D,20230201,000000,39.1976,39.1976,39.1976,39.1976,2,0
AMND.US,D,20230202,000000,39.22,39.4434,39.22,39.4434,147,0
AMND.US,D,20230203,000000,39.252,39.252,39.252,39.252,75,0
AMND.US,D,20230206,000000,39.1401,39.1401,39.1401,39.1401,85,0
AMND.US,D,20230207,000000,39.3358,39.3358,39.3358,39.3358,24,0
AMND.US,D,20230208,000000,39.2128,39.2128,39.2128,39.2128,24,0
AMND.US,D,20230209,000000,38.9071,38.9071,38.9071,38.9071,2,0
AMND.US,D,20230210,000000,39.5593,39.5593,39.5593,39.5593,24,0
AMND.US,D,20230213,000000,39.608,39.608,39.608,39.608,24,0
AMND.US,D,20230214,000000,39.22,39.8378,39.22,39.8378,2,0
AMND.US,D,20230215,000000,39.695,39.695,39.695,39.695,1,0
AMND.US,D,20230216,000000,39.5787,39.5787,39.5787,39.5787,2,0
AMND.US,D,20230217,000000,38.9489,38.9489,38.9489,38.9489,2,0
AMND.US,D,20230222,000000,38.4198,38.4198,38.4198,38.4198,1,0
AMND.US,D,20230223,000000,38.859,38.859,38.859,38.859,2,0
AMND.US,D,20230224,000000,38.6751,38.6751,38.6751,38.6751,8,0
AMND.US,D,20230227,000000,38.5317,38.5317,38.5317,38.5317,2,0
AMND.US,D,20230228,000000,38.0032,38.0032,38.0032,38.0032,1,0
AMND.US,D,20230301,000000,39.22,39.22,38.2396,38.2396,1,0
AMND.US,D,20230302,000000,38.45,38.6753,38.45,38.6753,5284,0
AMND.US,D,20230303,000000,39.0157,39.0157,39.0157,39.0157,1,0
AMND.US,D,20230306,000000,39.03,39.03,39.03,39.03,2,0
AMND.US,D,20230307,000000,38.6468,38.6468,38.6468,38.6468,1,0
AMND.US,D,20230308,000000,38.5716,38.5716,38.5716,38.5716,1,0
AMND.US,D,20230309,000000,38.0914,38.0914,38.0914,38.0914,2,0
AMND.US,D,20230310,000000,37.5371,37.5371,37.5371,37.5371,1,0
AMND.US,D,20230313,000000,38.45,38.45,37.3101,37.3101,2,0
AMND.US,D,20230314,000000,37.4848,37.4848,37.4848,37.4848,1,0
AMND.US,D,20230315,000000,36.0966,36.0966,36.0966,36.0966,1,0
AMND.US,D,20230316,000000,36.4081,36.4081,36.4081,36.4081,62,0
AMND.US,D,20230317,000000,35.9115,35.9115,35.9115,35.9115,1,0
AMND.US,D,20230320,000000,36.1349,36.1349,36.1349,36.1349,1,0
AMND.US,D,20230321,000000,36.7048,36.7048,36.7048,36.7048,1,0
AMND.US,D,20230322,000000,36.1752,36.1752,36.1752,36.1752,4,0
AMND.US,D,20230323,000000,35.769,35.769,35.769,35.769,2,0
AMND.US,D,20230328,000000,36.7697,36.7697,36.7697,36.7697,5,0
AMND.US,D,20230329,000000,37.2672,37.2672,37.2672,37.2672,5,0
AMND.US,D,20230330,000000,37.4942,37.4942,37.4942,37.4942,2,0
AMND.US,D,20230331,000000,37.7097,37.7097,37.7097,37.7097,5,0
AMND.US,D,20230403,000000,38.2401,38.2401,38.2401,38.2401,1,0
AMND.US,D,20230404,000000,38.0146,38.0146,38.0146,38.0146,5,0
AMND.US,D,20230405,000000,38.2138,38.2138,38.2138,38.2138,5,0
AMND.US,D,20230406,000000,38.0407,38.0407,38.0407,38.0407,2,0
AMND.US,D,20230410,000000,38.1879,38.1879,38.1879,38.1879,5,0
AMND.US,D,20230411,000000,38.5214,38.5214,38.5214,38.5214,52,0
AMND.US,D,20230412,000000,37.9257,37.9257,37.9257,37.9257,5,0
AMND.US,D,20230413,000000,38.1193,38.1193,38.1193,38.1193,2,0
AMND.US,D,20230414,000000,38.172,38.172,38.172,38.172,5,0
AMND.US,D,20230417,000000,38.1205,38.1205,38.1205,38.1205,5,0
AMND.US,D,20230418,000000,38.0094,38.0094,38.0094,38.0094,5,0
AMND.US,D,20230419,000000,37.7479,37.7479,37.7479,37.7479,5,0
AMND.US,D,20230420,000000,37.5361,37.5361,37.5361,37.5361,4,0
AMND.US,D,20230421,000000,37.6417,37.6417,37.6417,37.6417,5,0
AMND.US,D,20230424,000000,37.8257,37.8257,37.8257,37.8257,6,0
AMND.US,D,20230425,000000,37.3761,37.3761,37.3761,37.3761,1,0
AMND.US,D,20230426,000000,37.1971,37.1971,37.1971,37.1971,1,0
AMND.US,D,20230427,000000,37.4793,37.4793,37.4793,37.4793,2,0
AMND.US,D,20230428,000000,37.873,37.873,37.873,37.873,1,0
AMND.US,D,20230501,000000,37.9,37.904,37.8445,37.8445,1398,0
AMND.US,D,20230502,000000,37.0028,37.0028,37.0028,37.0028,1,0
AMND.US,D,20230503,000000,36.8107,36.8107,36.8107,36.8107,1,0
AMND.US,D,20230504,000000,36.8195,36.8195,36.8195,36.8195,3,0
AMND.US,D,20230505,000000,37.5035,37.5035,37.5035,37.5035,1,0
AMND.US,D,20230508,000000,37.3043,37.3043,37.3043,37.3043,1,0
AMND.US,D,20230509,000000,37.4952,37.4952,37.4952,37.4952,1,0
AMND.US,D,20230510,000000,37.4584,37.4584,37.4584,37.4584,6,0
AMND.US,D,20230511,000000,37.2427,37.2427,37.2427,37.2427,2,0
AMND.US,D,20230512,000000,37.2905,37.2905,37.2905,37.2905,2,0
AMND.US,D,20230515,000000,37.508,37.508,37.508,37.508,1,0
AMND.US,D,20230516,000000,36.9382,36.9382,36.9382,36.9382,3,0
AMND.US,D,20230517,000000,37.1469,37.1469,37.1469,37.1469,1,0
AMND.US,D,20230518,000000,37.3362,37.3362,37.3362,37.3362,3,0
AMND.US,D,20230519,000000,37.3638,37.3638,37.3638,37.3638,1,0
AMND.US,D,20230522,000000,37.3096,37.3096,37.3096,37.3096,1,0
AMND.US,D,20230523,000000,39.19,39.19,37.286,37.286,101,0
AMND.US,D,20230524,000000,37.1118,37.1118,37.1118,37.1118,1,0
AMND.US,D,20230525,000000,36.7134,36.7134,36.7134,36.7134,2,0
AMND.US,D,20230526,000000,36.6293,36.6293,36.6293,36.6293,23,0
AMND.US,D,20230530,000000,36.5013,36.5013,36.5013,36.5013,1,0
AMND.US,D,20230531,000000,36.2968,36.2968,36.2968,36.2968,1,0
AMND.US,D,20230601,000000,36.8588,36.8588,36.8588,36.8588,1,0
AMND.US,D,20230602,000000,37.7353,37.7353,37.7353,37.7353,1,0
AMND.US,D,20230605,000000,37.7,37.7,37.615,37.615,100,0
AMND.US,D,20230606,000000,37.798,37.798,37.798,37.798,1,0
AMND.US,D,20230607,000000,38.3019,38.3019,38.3019,38.3019,1,0
AMND.US,D,20230608,000000,38.338,38.338,38.338,38.338,2,0
AMND.US,D,20230609,000000,37.8149,37.8149,37.8149,37.8149,1,0
AMND.US,D,20230612,000000,37.598,37.598,37.598,37.598,1,0
AMND.US,D,20230613,000000,37.7052,37.7052,37.7052,37.7052,32,0
AMND.US,D,20230614,000000,37.6328,37.6328,37.6328,37.6328,1,0
AMND.US,D,20230615,000000,37.9975,37.9975,37.9975,37.9975,2,0
AMND.US,D,20230616,000000,38.108,38.108,38.108,38.108,32,0
AMND.US,D,20230620,000000,37.704,37.704,37.704,37.704,20,0
AMND.US,D,20230621,000000,37.7807,37.7807,37.7807,37.7807,1,0
AMND.US,D,20230622,000000,37.4682,37.4682,37.4682,37.4682,3,0
AMND.US,D,20230623,000000,37.0899,37.0899,37.0899,37.0899,1,0
AMND.US,D,20230626,000000,37.5633,37.5633,37.5633,37.5633,1,0
AMND.US,D,20230627,000000,37.6519,37.6519,37.6519,37.6519,1,0
AMND.US,D,20230628,000000,37.9046,37.9046,37.9046,37.9046,1,0
AMND.US,D,20230629,000000,38.2191,38.2191,38.2191,38.2191,5,0
AMND.US,D,20230630,000000,38.3937,38.3937,38.3937,38.3937,1,0
AMND.US,D,20230703,000000,38.5961,38.5961,38.5961,38.5961,3,0
AMND.US,D,20230705,000000,38.3152,38.3152,38.3152,38.3152,1,0
AMND.US,D,20230706,000000,37.9905,37.9905,37.9905,37.9905,2,0
AMND.US,D,20230707,000000,38.2464,38.2464,38.2464,38.2464,2,0
AMND.US,D,20230710,000000,38.2813,38.2813,38.2813,38.2813,2,0
AMND.US,D,20230711,000000,38.6047,38.6047,38.6047,38.6047,2,0
AMND.US,D,20230712,000000,38.87,38.9409,38.8164,38.9409,1566,0
AMND.US,D,20230713,000000,38.5527,38.5527,38.5527,38.5527,3,0
AMND.US,D,20230714,000000,37.9127,37.9127,37.9127,37.9127,2,0
AMND.US,D,20230717,000000,37.8672,37.8672,37.8672,37.8672,1,0
AMND.US,D,20230718,000000,38.18,38.1929,38.18,38.1929,1585,0
AMND.US,D,20230719,000000,38.3677,38.3677,38.3677,38.3677,1,0
AMND.US,D,20230720,000000,38.6714,38.6714,38.6714,38.6714,2,0
AMND.US,D,20230721,000000,38.8305,38.8305,38.8305,38.8305,2,0
AMND.US,D,20230724,000000,39.1325,39.1325,39.1325,39.1325,86,0
AMND.US,D,20230725,000000,38.6916,38.6916,38.6916,38.6916,3,0
AMND.US,D,20230726,000000,38.96,38.99,38.8565,38.8565,2602,0
AMND.US,D,20230727,000000,38.5701,38.5701,38.5701,38.5701,3,0
AMND.US,D,20230728,000000,38.609,38.609,38.609,38.609,2,0
AMND.US,D,20230731,000000,38.9891,38.9891,38.9891,38.9891,1,0
AMND.US,D,20230801,000000,38.7788,38.7788,38.7788,38.7788,1,0
AMND.US,D,20230802,000000,38.5008,38.5008,38.5008,38.5008,44,0
AMND.US,D,20230803,000000,38.6263,38.6263,38.6263,38.6263,2,0
AMND.US,D,20230804,000000,37.34,38.4453,37.34,38.4453,207,0
AMND.US,D,20230807,000000,38.6398,38.6398,38.6398,38.6398,7,0
AMND.US,D,20230808,000000,38.5562,38.5562,38.5562,38.5562,7,0
AMND.US,D,20230809,000000,38.8333,38.8333,38.8333,38.8333,7,0
AMND.US,D,20230810,000000,38.7861,38.7861,38.7861,38.7861,137,0
AMND.US,D,20230811,000000,39.0913,39.0913,39.0913,39.0913,3,0
AMND.US,D,20230814,000000,38.8279,38.8279,38.8279,38.8279,1,0
AMND.US,D,20230815,000000,38.3577,38.3577,38.3577,38.3577,2,0
AMND.US,D,20230816,000000,38.3261,38.3261,38.3261,38.3261,2,0
AMND.US,D,20230817,000000,38.534,38.534,38.534,38.534,2,0
AMND.US,D,20230818,000000,38.7047,38.7047,38.7047,38.7047,10,0
AMND.US,D,20230821,000000,38.7573,38.7573,38.7573,38.7573,2,0
AMND.US,D,20230822,000000,38.5599,38.5599,38.5599,38.5599,25,0
AMND.US,D,20230823,000000,38.5928,38.5928,38.5928,38.5928,1,0
AMND.US,D,20230824,000000,38.4038,38.4038,38.4038,38.4038,5,0
AMND.US,D,20230825,000000,38.6174,38.6174,38.6174,38.6174,1,0
AMND.US,D,20230828,000000,38.8923,38.8923,38.8923,38.8923,1,0
AMND.US,D,20230829,000000,39.1249,39.1249,39.1249,39.1249,1,0
AMND.US,D,20230830,000000,39.24,39.24,39.24,39.24,1,0
AMND.US,D,20230831,000000,39.0683,39.0683,39.0683,39.0683,2,0
AMND.US,D,20230901,000000,39.3973,39.3973,39.3973,39.3973,1,0
AMND.US,D,20230905,000000,39.3241,39.3241,39.3241,39.3241,2,0
AMND.US,D,20230906,000000,38.3985,38.3985,38.3985,38.3985,1,0
AMND.US,D,20230907,000000,38.596,38.596,38.596,38.596,2,0
AMND.US,D,20230908,000000,38.8299,38.8299,38.8299,38.8299,1,0
AMND.US,D,20230911,000000,38.6774,38.6774,38.6774,38.6774,2,0
AMND.US,D,20230912,000000,39.1741,39.1741,39.1741,39.1741,1,0
AMND.US,D,20230913,000000,39.1876,39.1876,39.1876,39.1876,2,0
AMND.US,D,20230914,000000,39.6669,39.6669,39.6669,39.6669,2,0
AMND.US,D,20230915,000000,39.4282,39.4282,39.4282,39.4282,1,0
AMND.US,D,20230918,000000,39.5555,39.5555,39.5555,39.5555,2,0
AMND.US,D,20230919,000000,39.5791,39.5791,39.5791,39.5791,1,0
AMND.US,D,20230920,000000,39.7333,39.7333,39.7333,39.7333,4,0
AMND.US,D,20230921,000000,39.1959,39.1959,39.1959,39.1959,2,0
AMND.US,D,20230922,000000,39.2656,39.2656,39.2656,39.2656,3,0
AMND.US,D,20230925,000000,39.5407,39.5407,39.5407,39.5407,2,0
AMND.US,D,20230926,000000,39.0308,39.0308,39.0308,39.0308,95,0
AMND.US,D,20230927,000000,39.3581,39.3581,39.3581,39.3581,2,0
AMND.US,D,20230928,000000,39.3571,39.3571,39.3571,39.3571,22,0
AMND.US,D,20230929,000000,39.094,39.094,39.094,39.094,2,0
AMND.US,D,20231002,000000,38.2786,38.2786,38.2786,38.2786,2,0
AMND.US,D,20231003,000000,37.9109,37.9109,37.9109,37.9109,2,0
AMND.US,D,20231004,000000,37.5296,37.5296,37.5296,37.5296,2,0
AMND.US,D,20231005,000000,37.9023,37.9023,37.9023,37.9023,1,0
AMND.US,D,20231006,000000,38.0989,38.0989,38.0989,38.0989,2,0
AMND.US,D,20231009,000000,37.85,38.9548,37.85,38.9548,102,0
AMND.US,D,20231010,000000,39.1852,39.1852,39.1852,39.1852,1,0
AMND.US,D,20231011,000000,39.424,39.424,39.424,39.424,1,0
AMND.US,D,20231012,000000,38.7442,38.7442,38.7442,38.7442,6,0
AMND.US,D,20231013,000000,39.1138,39.1138,39.1138,39.1138,3,0
AMND.US,D,20231016,000000,39.4086,39.4086,39.4086,39.4086,1,0
AMND.US,D,20231017,000000,39.6999,39.7,39.325,39.325,400,0
AMND.US,D,20231018,000000,39.1706,39.1706,39.1706,39.1706,1,0
AMND.US,D,20231019,000000,39.2029,39.2029,39.2029,39.2029,2,0
AMND.US,D,20231020,000000,38.8783,38.8783,38.8783,38.8783,2,0
AMND.US,D,20231023,000000,38.7028,38.7028,38.7028,38.7028,34,0
AMND.US,D,20231024,000000,38.7032,38.7032,38.7032,38.7032,7,0
AMND.US,D,20231025,000000,38.6554,38.6554,38.6554,38.6554,2,0
AMND.US,D,20231026,000000,38.5045,38.5045,38.5045,38.5045,1,0
AMND.US,D,20231027,000000,38.0359,38.0359,38.0359,38.0359,1,0
AMND.US,D,20231030,000000,38.1494,38.1494,38.1494,38.1494,3,0
AMND.US,D,20231031,000000,38.3158,38.3158,38.3158,38.3158,1,0
AMND.US,D,20231101,000000,38.6547,38.6547,38.6547,38.6547,1,0
AMND.US,D,20231102,000000,39.7156,39.7156,39.7156,39.7156,2,0
AMND.US,D,20231103,000000,39.9079,39.9079,39.9079,39.9079,1,0
AMND.US,D,20231106,000000,39.6414,39.6414,39.6414,39.6414,1,0
AMND.US,D,20231107,000000,39.24,39.2519,39.24,39.2519,100,0
AMND.US,D,20231108,000000,38.99,38.99,38.925,38.925,100,0
AMND.US,D,20231109,000000,38.8033,38.8033,38.8033,38.8033,3,0
AMND.US,D,20231110,000000,38.82,38.8718,38.82,38.8718,200,0
AMND.US,D,20231113,000000,39.0743,39.0743,39.0743,39.0743,5,0
AMND.US,D,20231114,000000,39.4804,39.4804,39.4804,39.4804,11,0
AMND.US,D,20231115,000000,39.5955,39.5955,39.5955,39.5955,1,0
AMND.US,D,20231116,000000,39.172,39.172,39.172,39.172,6,0
AMND.US,D,20231117,000000,39.8433,39.8433,39.8433,39.8433,1,0
AMND.US,D,20231120,000000,39.8586,39.8586,39.8586,39.8586,1,0
AMND.US,D,20231121,000000,40.0402,40.0402,40.0402,40.0402,1,0
AMND.US,D,20231122,000000,40.2101,40.2101,40.2101,40.2101,2,0
AMND.US,D,20231124,000000,39.94,40.398,39.94,40.398,107,0
AMND.US,D,20231127,000000,40.2699,40.2699,40.2699,40.2699,5,0
AMND.US,D,20231128,000000,40.2891,40.2891,40.2891,40.2891,1,0
AMND.US,D,20231129,000000,40.47,40.47,40.47,40.47,1,0
AMND.US,D,20231130,000000,40.9881,40.9881,40.9881,40.9881,2,0
AMND.US,D,20231201,000000,41.2824,41.2824,41.2824,41.2824,1,0
AMND.US,D,20231204,000000,41.2819,41.2819,41.2819,41.2819,45,0
AMND.US,D,20231205,000000,40.8315,40.8315,40.8315,40.8315,1,0
AMND.US,D,20231206,000000,40.3795,40.3795,40.3795,40.3795,1,0
AMND.US,D,20231207,000000,40.1364,40.1364,40.1364,40.1364,2,0
AMND.US,D,20231208,000000,40.3348,40.3348,40.3348,40.3348,1,0
AMND.US,D,20231211,000000,39.9811,39.9811,39.9811,39.9811,1,0
AMND.US,D,20231212,000000,39.5936,39.5936,39.5936,39.5936,1,0
AMND.US,D,20231213,000000,40.0801,40.0801,40.0801,40.0801,1,0
AMND.US,D,20231214,000000,40.3325,40.3325,40.3325,40.3325,2,0
AMND.US,D,20231215,000000,40.123,40.123,40.123,40.123,1,0
AMND.US,D,20231218,000000,40.3051,40.3051,40.3051,40.3051,1,0
AMND.US,D,20231219,000000,40.596,40.596,40.596,40.596,3,0
AMND.US,D,20231220,000000,40.2956,40.2956,40.2956,40.2956,1,0
AMND.US,D,20231221,000000,40.5847,40.5847,40.5847,40.5847,1,0
AMND.US,D,20231222,000000,40.6586,40.6586,40.6586,40.6586,1,0
AMND.US,D,20231226,000000,40.9198,40.9198,40.9198,40.9198,6,0
AMND.US,D,20231227,000000,40.7195,40.7195,40.7195,40.7195,4,0
AMND.US,D,20231228,000000,40.645,40.645,40.6053,40.6053,202,0
AMND.US,D,20231229,000000,40.5586,40.5586,40.5586,40.5586,1,0
AMND.US,D,20240102,000000,40.8443,40.8443,40.8443,40.8443,1,0
AMND.US,D,20240103,000000,41.2569,41.2569,41.2569,41.2569,3,0
AMND.US,D,20240104,000000,41.0772,41.0772,41.0772,41.0772,3,0
AMND.US,D,20240105,000000,41.2086,41.2086,41.2086,41.2086,1,0
AMND.US,D,20240108,000000,41.2543,41.2543,41.2543,41.2543,3,0
AMND.US,D,20240109,000000,41.0963,41.0963,41.0963,41.0963,1,0
AMND.US,D,20240110,000000,41.1023,41.1023,41.1023,41.1023,1,0
AMND.US,D,20240111,000000,40.9119,40.9119,40.9119,40.9119,4,0
AMND.US,D,20240112,000000,40.5091,40.5091,40.5091,40.5091,1,0
AMND.US,D,20240116,000000,40.3,40.3,40.1,40.1,2600,0
AMND.US,D,20240117,000000,39.7514,39.7514,39.7514,39.7514,1,0
AMND.US,D,20240118,000000,39.766,39.766,39.766,39.766,9,0
AMND.US,D,20240119,000000,39.6948,39.6948,39.6948,39.6948,1,0
AMND.US,D,20240122,000000,39.9064,39.9064,39.9064,39.9064,1,0
AMND.US,D,20240123,000000,39.995,39.995,39.995,39.995,1,0
AMND.US,D,20240124,000000,39.9392,39.9392,39.9392,39.9392,1,0
AMND.US,D,20240125,000000,40.4218,40.4218,40.4218,40.4218,10,0
AMND.US,D,20240126,000000,40.7958,40.7958,40.7958,40.7958,1,0
AMND.US,D,20240129,000000,40.9018,40.9018,40.9018,40.9018,1,0
AMND.US,D,20240130,000000,41.0751,41.0751,41.0751,41.0751,6,0
AMND.US,D,20240131,000000,40.5473,40.5473,40.5473,40.5473,1,0
AMND.US,D,20240201,000000,40.7537,40.7537,40.7537,40.7537,2,0
AMND.US,D,20240202,000000,40.3687,40.3687,40.3687,40.3687,4,0
AMND.US,D,20240205,000000,39.9486,39.9486,39.9486,39.9486,1,0
AMND.US,D,20240206,000000,39.7937,39.7937,39.7937,39.7937,1,0
AMND.US,D,20240207,000000,39.8206,39.8206,39.8206,39.8206,2,0
AMND.US,D,20240208,000000,39.828,39.828,39.828,39.828,2,0
AMND.US,D,20240209,000000,39.7777,39.7777,39.7777,39.7777,1,0
AMND.US,D,20240212,000000,40.3731,40.3731,40.3731,40.3731,22,0
AMND.US,D,20240214,000000,39.8421,39.8421,39.8421,39.8421,2,0
AMND.US,D,20240215,000000,40.7837,40.7837,40.7837,40.7837,28,0
AMND.US,D,20240216,000000,41.2031,41.2031,41.2031,41.2031,2,0
AMND.US,D,20240220,000000,41.2661,41.2661,41.2661,41.2661,14,0
AMND.US,D,20240221,000000,41.8124,41.8124,41.8124,41.8124,10,0
AMND.US,D,20240222,000000,41.8994,41.8994,41.8994,41.8994,4,0
AMND.US,D,20240223,000000,41.9552,41.9552,41.9552,41.9552,2,0
AMND.US,D,20240226,000000,41.6082,41.6082,41.6082,41.6082,2,0
AMND.US,D,20240227,000000,41.6796,41.6796,41.6796,41.6796,2,0
AMND.US,D,20240228,000000,41.4419,41.4419,41.4419,41.4419,4,0
AMND.US,D,20240229,000000,41.7052,41.7052,41.7052,41.7052,2,0
AMND.US,D,20240301,000000,42.0913,42.0913,42.0913,42.0913,2,0
AMND.US,D,20240304,000000,42.1461,42.1461,42.1461,42.1461,6,0
AMND.US,D,20240305,000000,42.4524,42.4524,42.4524,42.4524,1,0
AMND.US,D,20240306,000000,42.7105,42.7105,42.7105,42.7105,5,0
AMND.US,D,20240307,000000,42.7976,42.7976,42.7976,42.7976,4,0
AMND.US,D,20240308,000000,42.674,42.674,42.674,42.674,1,0
AMND.US,D,20240311,000000,42.91,42.91,42.91,42.91,1,0
AMND.US,D,20240312,000000,43.0523,43.0523,43.0523,43.0523,1,0
AMND.US,D,20240313,000000,43.1367,43.1367,43.1367,43.1367,10,0
AMND.US,D,20240314,000000,42.741,42.741,42.741,42.741,2,0
AMND.US,D,20240315,000000,42.8999,42.8999,42.8999,42.8999,1,0
AMND.US,D,20240318,000000,43.0405,43.0405,43.0405,43.0405,1,0
AMND.US,D,20240319,000000,43.3901,43.3901,43.3901,43.3901,1,0
AMND.US,D,20240320,000000,43.5521,43.5521,43.5521,43.5521,1,0
AMND.US,D,20240321,000000,43.6985,43.6985,43.6985,43.6985,4,0
AMND.US,D,20240322,000000,43.4962,43.4962,43.4962,43.4962,1,0
AMND.US,D,20240325,000000,43.5642,43.5642,43.5642,43.5642,1,0
AMND.US,D,20240326,000000,43.4534,43.4534,43.4534,43.4534,1,0
AMND.US,D,20240327,000000,43.7382,43.7382,43.7382,43.7382,3,0
AMND.US,D,20240328,000000,44.2108,44.2108,44.2108,44.2108,1,0
AMND.US,D,20240401,000000,44.1359,44.1359,44.1359,44.1359,1,0
AMND.US,D,20240402,000000,44.3497,44.3497,44.3497,44.3497,1,0
AMND.US,D,20240403,000000,44.5561,44.5561,44.5561,44.5561,1,0
AMND.US,D,20240404,000000,44.2944,44.2944,44.2944,44.2944,2,0
AMND.US,D,20240405,000000,44.1922,44.1922,44.1922,44.1922,1,0
AMND.US,D,20240408,000000,44.0415,44.0415,44.0415,44.0415,1,0
AMND.US,D,20240409,000000,43.945,43.945,43.945,43.945,63,0
AMND.US,D,20240410,000000,43.5478,43.5478,43.5478,43.5478,35,0
AMND.US,D,20240411,000000,42.7193,42.7193,42.7193,42.7193,4,0
AMND.US,D,20240412,000000,42.2644,42.2644,42.2644,42.2644,5,0
AMND.US,D,20240415,000000,41.7741,41.7741,41.7741,41.7741,136,0
AMND.US,D,20240416,000000,41.3642,41.3642,41.3642,41.3642,11,0
AMND.US,D,20240417,000000,41.5913,41.5913,41.5913,41.5913,11,0
AMND.US,D,20240418,000000,41.9829,41.9829,41.9829,41.9829,2,0
AMND.US,D,20240419,000000,42.7628,42.7628,42.7628,42.7628,11,0
AMND.US,D,20240422,000000,42.9353,42.9353,42.9353,42.9353,11,0
AMND.US,D,20240423,000000,43.0164,43.0164,43.0164,43.0164,11,0
AMND.US,D,20240424,000000,43.2493,43.2493,43.2493,43.2493,19,0
AMND.US,D,20240425,000000,43.4153,43.4153,43.4153,43.4153,3,0
AMND.US,D,20240426,000000,43.3713,43.3713,43.3713,43.3713,1,0
AMND.US,D,20240429,000000,43.5991,43.5991,43.5991,43.5991,1,0
AMND.US,D,20240430,000000,42.852,42.852,42.852,42.852,23,0
AMND.US,D,20240501,000000,42.485,42.485,42.485,42.485,1,0
AMND.US,D,20240502,000000,43.0476,43.0476,43.0476,43.0476,1,0
AMND.US,D,20240503,000000,43.3969,43.3969,43.3969,43.3969,18,0
AMND.US,D,20240506,000000,43.6207,43.6207,43.6207,43.6207,18,0
AMND.US,D,20240507,000000,43.789,43.789,43.789,43.789,4,0
AMND.US,D,20240508,000000,44.0284,44.0284,44.0284,44.0284,10,0
AMND.US,D,20240509,000000,44.1785,44.1785,44.1785,44.1785,2,0
AMND.US,D,20240510,000000,44.2616,44.2616,44.2616,44.2616,4,0
AMND.US,D,20240513,000000,44.1807,44.1807,44.1807,44.1807,12,0
AMND.US,D,20240514,000000,44.5052,44.5052,44.5052,44.5052,5,0
AMND.US,D,20240515,000000,44.5017,44.5017,44.5017,44.5017,4,0
AMND.US,D,20240516,000000,44.508,44.508,44.508,44.508,2,0
AMND.US,D,20240517,000000,44.7663,44.7663,44.7663,44.7663,14,0
AMND.US,D,20240520,000000,44.94,44.94,44.9063,44.9063,1546,0
AMND.US,D,20240521,000000,44.9326,44.9326,44.9326,44.9326,8,0
AMND.US,D,20240522,000000,44.3373,44.3373,44.3373,44.3373,7,0
AMND.US,D,20240523,000000,43.8381,43.8381,43.8381,43.8381,4,0
AMND.US,D,20240524,000000,43.9083,43.9083,43.9083,43.9083,5,0
AMND.US,D,20240528,000000,44.033,44.033,44.033,44.033,6,0
AMND.US,D,20240529,000000,43.5903,43.5903,43.5903,43.5903,43,0
AMND.US,D,20240530,000000,43.6987,43.6987,43.6987,43.6987,40,0
AMND.US,D,20240531,000000,44.3425,44.3425,44.3425,44.3425,1,0
AMND.US,D,20240603,000000,43.9039,43.95,43.9039,43.9039,1039,0
AMND.US,D,20240604,000000,44.0175,44.0175,44.0175,44.0175,1,0
AMND.US,D,20240605,000000,44.3145,44.3145,44.3145,44.3145,6,0
AMND.US,D,20240606,000000,44.347,44.347,44.347,44.347,8,0
AMND.US,D,20240607,000000,44.2321,44.2321,44.2321,44.2321,23,0
AMND.US,D,20240610,000000,44.5929,44.5929,44.5929,44.5929,4,0
AMND.US,D,20240611,000000,44.376,44.376,44.376,44.376,96,0
AMND.US,D,20240612,000000,44.5089,44.5089,44.5089,44.5089,3,0
AMND.US,D,20240613,000000,44.2218,44.2218,44.2218,44.2218,4,0
AMND.US,D,20240614,000000,43.8765,43.8765,43.8765,43.8765,3,0
AMND.US,D,20240617,000000,43.8255,43.8255,43.8255,43.8255,3,0
AMND.US,D,20240618,000000,43.9857,43.9857,43.9857,43.9857,1,0
AMND.US,D,20240620,000000,44.325,44.325,44.325,44.325,20,0
AMND.US,D,20240621,000000,44.3041,44.3041,44.3041,44.3041,8,0
AMND.US,D,20240624,000000,45.14,45.14,45.0886,45.0886,265,0
AMND.US,D,20240625,000000,45.0937,45.0937,45.0937,45.0937,26,0
AMND.US,D,20240627,000000,44.9267,44.9267,44.9267,44.9267,31,0
AMND.US,D,20240628,000000,45.2281,45.2281,45.2281,45.2281,2,0
AMND.US,D,20240701,000000,45.41,45.42,45.2215,45.2215,4405,0
AMND.US,D,20240702,000000,45.3943,45.3943,45.3943,45.3943,48,0
AMND.US,D,20240703,000000,45.6825,45.6825,45.6825,45.6825,85,0
AMND.US,D,20240705,000000,45.3507,45.3507,45.3507,45.3507,8,0
AMND.US,D,20240708,000000,45.2377,45.2377,45.2377,45.2377,46,0
AMND.US,D,20240709,000000,45.2769,45.2769,45.2769,45.2769,105,0
AMND.US,D,20240710,000000,45.4972,45.4972,45.4972,45.4972,70,0
AMND.US,D,20240711,000000,45.6915,45.6915,45.6915,45.6915,26,0
AMND.US,D,20240712,000000,45.9377,45.9377,45.9377,45.9377,11,0
AMND.US,D,20240715,000000,44.65,45.36,44.62,45.36,10124,0
AMND.US,D,20240716,000000,45.4707,45.4707,45.4707,45.4707,4,0
AMND.US,D,20240717,000000,46,46,45.5869,45.5869,283,0
AMND.US,D,20240718,000000,45.896,45.896,45.896,45.896,10,0
AMND.US,D,20240719,000000,46.2733,46.2733,46.2733,46.2733,3,0
AMND.US,D,20240722,000000,46.6927,46.6927,46.6927,46.6927,8,0
AMND.US,D,20240723,000000,46.3155,46.3155,46.3155,46.3155,1,0
AMND.US,D,20240724,000000,46,46,45.6831,45.6831,208,0
AMND.US,D,20240725,000000,45.4646,45.4646,45.4646,45.4646,3,0
AMND.US,D,20240726,000000,45.8311,45.8311,45.8311,45.8311,7,0
AMND.US,D,20240729,000000,45.8345,45.8345,45.8345,45.8345,3,0
AMND.US,D,20240730,000000,46.1759,46.1759,46.1759,46.1759,2,0
AMND.US,D,20240731,000000,46.1122,46.1122,46.1122,46.1122,90,0
AMND.US,D,20240801,000000,46.0035,46.0035,46.0035,46.0035,70,0
AMND.US,D,20240802,000000,45.3353,45.3353,45.3353,45.3353,128,0
AMND.US,D,20240805,000000,43.77,44.3152,43.73,44.3152,2363,0
AMND.US,D,20240806,000000,45.05,45.4839,45.03,45.4839,2002,0
AMND.US,D,20240807,000000,45.4173,45.4173,45.4173,45.4173,12,0
AMND.US,D,20240808,000000,46.1822,46.1822,46.1822,46.1822,7,0
AMND.US,D,20240809,000000,45.7304,45.7304,45.7304,45.7304,1,0
AMND.US,D,20240812,000000,45.5039,45.5039,45.5039,45.5039,3,0
AMND.US,D,20240813,000000,45.6125,45.6125,45.597,45.597,210,0
AMND.US,D,20240814,000000,46.1935,46.1935,46.1935,46.1935,85,0
AMND.US,D,20240815,000000,46.408,46.408,46.408,46.408,20,0
AMND.US,D,20240816,000000,46.8328,46.8328,46.8328,46.8328,1,0
AMND.US,D,20240819,000000,47.1652,47.1652,47.1652,47.1652,379,0
AMND.US,D,20240820,000000,46.5842,46.5842,46.5842,46.5842,1,0
AMND.US,D,20240821,000000,46.5445,46.5445,46.5445,46.5445,87,0
AMND.US,D,20240822,000000,46.64,46.64,46.64,46.64,14,0
AMND.US,D,20240823,000000,47.1431,47.1431,47.1431,47.1431,3,0
AMND.US,D,20240826,000000,47.357,47.357,47.357,47.357,15,0
AMND.US,D,20240827,000000,47.1312,47.1312,47.1312,47.1312,1,0
AMND.US,D,20240828,000000,46.8202,46.8202,46.8202,46.8202,1,0
AMND.US,D,20240829,000000,47.29,47.3448,47.29,47.3448,602,0
AMND.US,D,20240830,000000,47.8144,47.8144,47.8144,47.8144,1,0
AMND.US,D,20240903,000000,47.538,47.538,47.538,47.538,16,0
AMND.US,D,20240904,000000,47.3655,47.3655,47.3655,47.3655,11,0
AMND.US,D,20240905,000000,47.5321,47.5321,47.5321,47.5321,3,0
AMND.US,D,20240906,000000,47.2234,47.2234,47.2234,47.2234,11,0
AMND.US,D,20240909,000000,47.303,47.303,47.303,47.303,5,0
AMND.US,D,20240910,000000,47.1837,47.1837,47.1837,47.1837,1,0
AMND.US,D,20240911,000000,47.1185,47.1185,47.1185,47.1185,11,0
AMND.US,D,20240912,000000,47.4664,47.4664,47.4664,47.4664,11,0
AMND.US,D,20240913,000000,47.8956,47.8956,47.8956,47.8956,1,0
AMND.US,D,20240916,000000,48.2686,48.2686,48.2686,48.2686,2,0
AMND.US,D,20240917,000000,48.1952,48.1952,48.1952,48.1952,3,0
AMND.US,D,20240918,000000,48.15,48.167,48.15,48.167,105,0
AMND.US,D,20240919,000000,47.8594,47.8594,47.8594,47.8594,4,0
AMND.US,D,20240920,000000,48.032,48.032,48.032,48.032,6,0
AMND.US,D,20240923,000000,48.6777,48.6777,48.6777,48.6777,98,0
AMND.US,D,20240924,000000,48.7158,48.7158,48.7158,48.7158,1,0
AMND.US,D,20240925,000000,48.5,48.5999,48.5,48.5999,205,0
AMND.US,D,20240926,000000,48.72,48.72,48.4286,48.4286,103,0
AMND.US,D,20240927,000000,48.0677,48.0677,48.0677,48.0677,1,0
AMND.US,D,20241001,000000,48.7141,48.7141,48.7141,48.7141,101,0
AMND.US,D,20241002,000000,49.0332,49.0332,49.0332,49.0332,3,0
AMND.US,D,20241004,000000,49.8328,49.8328,49.8328,49.8328,94,0
AMND.US,D,20241007,000000,49.9,49.9,49.7038,49.7038,167,0
AMND.US,D,20241008,000000,49.3039,49.3039,49.3039,49.3039,125,0
AMND.US,D,20241009,000000,49.7091,49.7091,49.7091,49.7091,2,0
AMND.US,D,20241010,000000,49.8,49.8,49.7172,49.7172,107,0
AMND.US,D,20241011,000000,49.6039,49.6039,49.6039,49.6039,9,0
AMND.US,D,20241014,000000,49.6429,49.6429,49.6429,49.6429,54,0
AMND.US,D,20241015,000000,49.4076,49.4076,49.4076,49.4076,4,0
AMND.US,D,20241016,000000,49.7246,49.7246,49.7246,49.7246,48,0
AMND.US,D,20241017,000000,49.81,49.81,49.6879,49.6879,200,0
AMND.US,D,20241021,000000,49.5744,49.5744,49.5744,49.5744,38,0
AMND.US,D,20241022,000000,49.7048,49.7048,49.7048,49.7048,42,0
AMND.US,D,20241023,000000,49.52,49.52,49.4979,49.4979,254,0
AMND.US,D,20241024,000000,49.6243,49.6243,49.6243,49.6243,163,0
AMND.US,D,20241025,000000,49.4703,49.4703,49.4703,49.4703,42,0
AMND.US,D,20241028,000000,49.2661,49.64,49.2661,49.2661,301,0
AMND.US,D,20241029,000000,49.1586,49.1586,49.1586,49.1586,119,0
AMND.US,D,20241030,000000,49.3372,49.3372,49.3372,49.3372,8,0
AMND.US,D,20241031,000000,49.4179,49.4179,49.4179,49.4179,29,0
AMND.US,D,20241104,000000,49.4965,49.4965,49.4965,49.4965,1,0
AMND.US,D,20241105,000000,50.1729,50.1729,50.1729,50.1729,44,0
AMND.US,D,20241106,000000,51.5439,51.5439,51.5439,51.5439,26,0
AMND.US,D,20241107,000000,52.0237,52.0237,52.0237,52.0237,12,0
AMND.US,D,20241206,000000,55,55,54.6877,54.6877,477,0
AMND.US,D,20241210,000000,53.56,53.56,51.75,51.75,815,0
AMND.US,D,20241211,000000,53.55,53.55,53.54,53.54,2701,0
