<TICKER>,<PER>,<DATE>,<TIME>,<OPEN>,<HIGH>,<LOW>,<CLOSE>,<VOL>,<OPENINT>
AMPD.US,D,20230522,000000,24.83,24.83,24.69,24.69,271,0
AMPD.US,D,20230523,000000,24.2951,24.2951,24.2951,24.2951,20,0
AMPD.US,D,20230524,000000,24.27,24.27,24.235,24.235,150,0
AMPD.US,D,20230525,000000,24.1957,24.1957,24.1957,24.1957,18,0
AMPD.US,D,20230526,000000,23.97,23.97,23.97,23.97,102,0
AMPD.US,D,20230530,000000,23.555,23.555,23.555,23.555,28,0
AMPD.US,D,20230531,000000,23.2617,23.2617,23.2617,23.2617,10,0
AMPD.US,D,20230601,000000,22.89,22.89,22.885,22.885,224,0
AMPD.US,D,20230602,000000,22.7,22.7,22.63,22.635,100131,0
AMPD.US,D,20230605,000000,22.9,22.9,22.855,22.855,101,0
AMPD.US,D,20230606,000000,23.175,23.175,23.175,23.175,1,0
AMPD.US,D,20230607,000000,23.0699,23.07,23.0699,23.07,100,0
AMPD.US,D,20230608,000000,23.18,23.18,23.145,23.145,1144,0
AMPD.US,D,20230609,000000,22.9713,22.9713,22.9563,22.9563,100,0
AMPD.US,D,20230612,000000,22.77,22.77,22.77,22.77,11,0
AMPD.US,D,20230613,000000,22.7728,22.7728,22.7728,22.7728,1,0
AMPD.US,D,20230614,000000,22.89,22.89,22.89,22.89,20,0
AMPD.US,D,20230615,000000,23.2,23.2,23.2,23.2,147,0
AMPD.US,D,20230616,000000,23.4582,23.488,23.4582,23.488,134,0
AMPD.US,D,20230620,000000,23.58,23.61,23.58,23.61,126,0
AMPD.US,D,20230621,000000,23.69,23.7591,23.69,23.7591,1610,0
AMPD.US,D,20230622,000000,24.059,24.059,23.972,23.972,214,0
AMPD.US,D,20230623,000000,24.02,24.0962,24.02,24.0962,167,0
AMPD.US,D,20230626,000000,24.16,24.24,24.1409,24.1409,408,0
AMPD.US,D,20230627,000000,24.23,24.23,24.1101,24.1517,712,0
AMPD.US,D,20230628,000000,23.9252,23.9252,23.9252,23.9252,50,0
AMPD.US,D,20230629,000000,23.785,23.785,23.785,23.785,70,0
AMPD.US,D,20230630,000000,23.73,23.73,23.73,23.73,50,0
AMPD.US,D,20230703,000000,23.6924,23.6924,23.6924,23.6924,4,0
AMPD.US,D,20230705,000000,23.5,23.5,23.5,23.5,10,0
AMPD.US,D,20230706,000000,23.51,23.54,23.51,23.54,565,0
AMPD.US,D,20230707,000000,23.63,23.63,23.63,23.63,10,0
AMPD.US,D,20230710,000000,23.815,23.815,23.815,23.815,14,0
AMPD.US,D,20230711,000000,23.96,23.96,23.96,23.96,44,0
AMPD.US,D,20230712,000000,24.155,24.155,24.155,24.155,25,0
AMPD.US,D,20230713,000000,24.1762,24.1762,24.1762,24.1762,20,0
AMPD.US,D,20230714,000000,24.25,24.3374,24.25,24.3374,120,0
AMPD.US,D,20230717,000000,24.4799,24.4799,24.431,24.44,1620,0
AMPD.US,D,20230718,000000,24.3001,24.32,24.3001,24.32,534,0
AMPD.US,D,20230719,000000,24.37,24.37,24.305,24.305,270,0
AMPD.US,D,20230720,000000,24.2411,24.2887,24.2411,24.265,266,0
AMPD.US,D,20230721,000000,24.26,24.26,24.26,24.26,124,0
AMPD.US,D,20230724,000000,24.17,24.17,24.17,24.17,40,0
AMPD.US,D,20230725,000000,24.17,24.17,24.17,24.17,38,0
AMPD.US,D,20230726,000000,24.26,24.2795,24.1919,24.2795,594,0
AMPD.US,D,20230727,000000,24.265,24.265,24.265,24.265,187,0
AMPD.US,D,20230728,000000,24.1692,24.2,24.122,24.2,1669,0
AMPD.US,D,20230731,000000,24.22,24.22,24.175,24.175,317,0
AMPD.US,D,20230801,000000,23.93,23.93,23.93,23.93,106,0
AMPD.US,D,20230802,000000,23.65,23.65,23.65,23.65,172,0
AMPD.US,D,20230803,000000,23.64,23.64,23.64,23.64,127,0
AMPD.US,D,20230804,000000,23.83,23.945,23.83,23.945,360,0
AMPD.US,D,20230807,000000,24.29,24.3,24.29,24.3,878,0
AMPD.US,D,20230808,000000,24.4703,24.52,24.4703,24.52,188,0
AMPD.US,D,20230809,000000,24.79,24.79,24.75,24.75,345,0
AMPD.US,D,20230810,000000,24.95,24.9501,24.8802,24.8802,1175,0
AMPD.US,D,20230811,000000,24.81,24.81,24.755,24.755,475,0
AMPD.US,D,20230814,000000,24.9,24.9,24.9,24.9,206,0
AMPD.US,D,20230815,000000,24.99,24.99,24.9001,24.9263,758,0
AMPD.US,D,20230816,000000,24.7381,24.7381,24.69,24.69,250,0
AMPD.US,D,20230817,000000,24.6899,24.72,24.64,24.64,526,0
AMPD.US,D,20230818,000000,24.71,25,24.57,24.6827,888,0
AMPD.US,D,20230821,000000,24.66,24.72,24.66,24.72,360,0
AMPD.US,D,20230822,000000,24.775,24.775,24.775,24.775,301,0
AMPD.US,D,20230823,000000,24.77,24.77,24.77,24.77,180,0
AMPD.US,D,20230824,000000,24.825,24.825,24.825,24.825,105,0
AMPD.US,D,20230825,000000,24.9593,24.9593,24.9417,24.9417,222,0
AMPD.US,D,20230828,000000,25.1,25.1,24.9601,25.0055,515,0
AMPD.US,D,20230829,000000,25.0149,25.0149,25.0149,25.0149,159,0
AMPD.US,D,20230830,000000,25.051,25.1447,25.0501,25.1447,604,0
AMPD.US,D,20230831,000000,25.23,25.2501,25.21,25.21,1903,0
AMPD.US,D,20230901,000000,25.2999,25.2999,25.24,25.24,200,0
AMPD.US,D,20230905,000000,25.05,25.0507,24.99,24.99,266,0
AMPD.US,D,20230906,000000,24.8199,24.8199,24.7209,24.76,684,0
AMPD.US,D,20230907,000000,24.85,24.85,24.815,24.815,230,0
AMPD.US,D,20230908,000000,24.8601,24.8601,24.845,24.845,654,0
AMPD.US,D,20230911,000000,24.879,24.88,24.875,24.88,1716,0
AMPD.US,D,20230912,000000,24.9681,25.03,24.9681,24.99,1554,0
AMPD.US,D,20230913,000000,25.2399,25.2399,25.2399,25.2399,558,0
AMPD.US,D,20230914,000000,25.27,25.29,25.27,25.29,886,0
AMPD.US,D,20230915,000000,25.24,25.24,25.16,25.16,786,0
AMPD.US,D,20230918,000000,25.09,25.099,25.09,25.098,339,0
AMPD.US,D,20230919,000000,25.1901,25.2789,25.1901,25.2789,307,0
AMPD.US,D,20230920,000000,25.345,25.345,25.225,25.225,441,0
AMPD.US,D,20230921,000000,25.06,25.06,25.06,25.06,141,0
AMPD.US,D,20230922,000000,25.019,25.04,25.019,25.04,450,0
AMPD.US,D,20230925,000000,25.0899,25.09,25.0899,25.09,185,0
AMPD.US,D,20230926,000000,25.12,25.24,25.12,25.24,176,0
AMPD.US,D,20230927,000000,25.255,25.255,25.255,25.255,100,0
AMPD.US,D,20230928,000000,25.26,25.26,25.26,25.26,219,0
AMPD.US,D,20230929,000000,25.26,25.26,25.2154,25.2154,236,0
AMPD.US,D,20231002,000000,25.11,25.11,25.11,25.11,112,0
AMPD.US,D,20231003,000000,25.0385,25.0385,25.0385,25.0385,150,0
AMPD.US,D,20231004,000000,25.1401,25.18,25.08,25.08,814,0
AMPD.US,D,20231005,000000,24.99,25.1571,24.99,25.1571,210,0
AMPD.US,D,20231006,000000,25.3704,25.46,25.3704,25.46,450,0
AMPD.US,D,20231009,000000,25.5301,25.595,25.5301,25.595,220,0
AMPD.US,D,20231010,000000,25.63,25.689,25.63,25.689,403,0
AMPD.US,D,20231011,000000,25.7592,25.7592,25.72,25.72,302,0
AMPD.US,D,20231012,000000,25.7495,25.75,25.7495,25.75,137,0
AMPD.US,D,20231013,000000,25.7393,25.76,25.71,25.76,413,0
AMPD.US,D,20231016,000000,25.6309,25.6309,25.6309,25.6309,123,0
AMPD.US,D,20231017,000000,25.575,25.575,25.575,25.575,64,0
AMPD.US,D,20231018,000000,25.565,25.565,25.565,25.565,100,0
AMPD.US,D,20231019,000000,25.56,25.56,25.53,25.53,302,0
AMPD.US,D,20231020,000000,25.44,25.44,25.44,25.44,116,0
AMPD.US,D,20231023,000000,25.285,25.32,25.285,25.3,3064,0
AMPD.US,D,20231024,000000,25.1702,25.26,25.1702,25.26,400,0
AMPD.US,D,20231025,000000,25.4166,25.4166,25.4166,25.4166,90,0
AMPD.US,D,20231026,000000,25.539,25.6,25.539,25.6,189,0
AMPD.US,D,20231027,000000,25.7306,25.7306,25.695,25.695,479,0
AMPD.US,D,20231030,000000,25.5579,25.5579,25.5579,25.5579,337,0
AMPD.US,D,20231031,000000,25.449,25.46,25.449,25.46,338,0
AMPD.US,D,20231101,000000,25.44,25.44,25.44,25.44,137,0
AMPD.US,D,20231102,000000,25.41,25.41,25.38,25.38,253,0
AMPD.US,D,20231103,000000,25.4352,25.4352,25.4352,25.4352,87,0
AMPD.US,D,20231106,000000,25.35,25.35,25.2401,25.2401,754,0
AMPD.US,D,20231107,000000,24.81,24.81,24.74,24.7443,527,0
AMPD.US,D,20231108,000000,24.63,24.72,24.63,24.6772,1731,0
AMPD.US,D,20231109,000000,24.5991,24.6,24.5991,24.6,190,0
AMPD.US,D,20231110,000000,24.575,24.575,24.575,24.575,466,0
AMPD.US,D,20231113,000000,24.5503,24.655,24.5503,24.655,239,0
AMPD.US,D,20231114,000000,24.691,24.7147,24.691,24.7147,325,0
AMPD.US,D,20231115,000000,24.8496,24.8496,24.8328,24.8328,125,0
AMPD.US,D,20231116,000000,24.545,24.545,24.545,24.545,136,0
AMPD.US,D,20231117,000000,24.465,24.465,24.465,24.465,151,0
AMPD.US,D,20231120,000000,24.13,24.13,24.13,24.13,110,0
AMPD.US,D,20231121,000000,24.0293,24.0293,23.9386,24.0018,274,0
AMPD.US,D,20231122,000000,23.77,24.03,23.77,24.022,375,0
AMPD.US,D,20231124,000000,24,24.04,23.99,24.04,433,0
AMPD.US,D,20231127,000000,23.9832,23.9832,23.9832,23.9832,101,0
AMPD.US,D,20231128,000000,23.855,23.855,23.855,23.855,128,0
AMPD.US,D,20231129,000000,23.91,23.92,23.91,23.92,153,0
AMPD.US,D,20231130,000000,23.936,23.936,23.936,23.936,86,0
AMPD.US,D,20231201,000000,23.9,23.93,23.9,23.93,254,0
AMPD.US,D,20231204,000000,23.8954,23.8954,23.8954,23.8954,75,0
AMPD.US,D,20231205,000000,23.855,23.855,23.855,23.855,82,0
AMPD.US,D,20231206,000000,23.51,23.51,23.51,23.51,62,0
AMPD.US,D,20231207,000000,23.33,23.33,23.295,23.295,155,0
AMPD.US,D,20231208,000000,23.18,23.18,23.18,23.18,86,0
AMPD.US,D,20231211,000000,22.77,22.77,22.745,22.745,537,0
AMPD.US,D,20231212,000000,22.95,22.95,22.945,22.945,175,0
AMPD.US,D,20231213,000000,22.26,22.465,22.26,22.465,2961,0
AMPD.US,D,20231214,000000,22.7,22.7862,22.7,22.7862,637,0
AMPD.US,D,20231215,000000,23.1,23.1,23.0724,23.0724,236,0
AMPD.US,D,20231218,000000,23.36,23.36,23.2809,23.2809,653,0
AMPD.US,D,20231219,000000,23.041,23.2099,23.041,23.195,627,0
AMPD.US,D,20231220,000000,23.089,23.09,23,23,678,0
AMPD.US,D,20231221,000000,22.95,23.0731,22.95,23.06,269,0
AMPD.US,D,20231222,000000,23.16,23.16,23.16,23.16,78,0
AMPD.US,D,20231226,000000,22.6331,22.6331,22.6331,22.6331,122,0
AMPD.US,D,20231227,000000,22.42,22.42,22.42,22.42,79,0
AMPD.US,D,20231228,000000,22.6224,22.6224,22.6224,22.6224,111,0
AMPD.US,D,20231229,000000,22.66,22.66,22.66,22.66,259,0
AMPD.US,D,20240102,000000,22.7199,22.7199,22.64,22.64,180,0
AMPD.US,D,20240103,000000,22.74,22.845,22.74,22.845,198,0
AMPD.US,D,20240104,000000,23.3,23.5114,23.3,23.5114,526,0
AMPD.US,D,20240105,000000,23.64,23.945,23.64,23.945,311,0
AMPD.US,D,20240108,000000,23.8,24.0529,23.8,24.0529,1052,0
AMPD.US,D,20240109,000000,24.55,24.68,24.5499,24.68,2135,0
AMPD.US,D,20240110,000000,23.679,24,23.679,23.69,5305,0
AMPD.US,D,20240111,000000,24.17,24.54,24.161,24.325,5067,0
AMPD.US,D,20240112,000000,24.6,24.6,24.54,24.54,225,0
AMPD.US,D,20240116,000000,24.15,24.15,23.8639,23.8639,1887,0
AMPD.US,D,20240117,000000,24.019,24.019,23.86,23.86,606,0
AMPD.US,D,20240118,000000,23.7514,23.7514,23.6833,23.6833,200,0
AMPD.US,D,20240119,000000,23.8201,23.8201,23.71,23.71,900,0
AMPD.US,D,20240122,000000,23.2191,23.2191,23.12,23.1791,483,0
AMPD.US,D,20240123,000000,22.8899,22.985,22.8899,22.985,342,0
AMPD.US,D,20240124,000000,23.24,23.24,23.24,23.24,100,0
AMPD.US,D,20240125,000000,23.3501,23.38,23.34,23.34,323,0
AMPD.US,D,20240126,000000,23.2299,23.27,23.2299,23.27,154,0
AMPD.US,D,20240129,000000,23.04,23.04,23.04,23.04,197,0
AMPD.US,D,20240130,000000,22.8899,22.9483,22.8899,22.9483,130,0
AMPD.US,D,20240131,000000,23.0399,23.11,23.0399,23.11,200,0
AMPD.US,D,20240201,000000,23.0801,23.0801,23.06,23.06,275,0
AMPD.US,D,20240202,000000,22.97,22.97,22.9619,22.9619,238,0
AMPD.US,D,20240205,000000,22.93,22.93,22.93,22.93,75,0
AMPD.US,D,20240206,000000,22.751,22.795,22.751,22.795,211,0
AMPD.US,D,20240207,000000,22.62,22.62,22.62,22.62,174,0
AMPD.US,D,20240208,000000,22.485,22.485,22.46,22.46,237,0
AMPD.US,D,20240209,000000,22.34,22.355,22.34,22.355,212,0
AMPD.US,D,20240212,000000,22.0112,22.0112,22.0112,22.0112,100,0
AMPD.US,D,20240214,000000,21.391,21.4,21.391,21.4,372,0
AMPD.US,D,20240215,000000,21.2999,21.2999,21.28,21.28,215,0
AMPD.US,D,20240216,000000,21.335,21.335,21.33,21.33,377,0
AMPD.US,D,20240220,000000,21.27,21.27,21.27,21.27,123,0
AMPD.US,D,20240221,000000,21.53,21.585,21.4592,21.585,850,0
AMPD.US,D,20240222,000000,21.831,22.0355,21.831,22.0355,786,0
AMPD.US,D,20240223,000000,21.87,21.87,21.865,21.865,107,0
AMPD.US,D,20240226,000000,21.81,21.81,21.66,21.66,153,0
AMPD.US,D,20240227,000000,21.7976,21.7976,21.7976,21.7976,135,0
AMPD.US,D,20240228,000000,21.8701,22.01,21.8701,21.975,565,0
AMPD.US,D,20240229,000000,22.078,22.078,22.078,22.078,142,0
AMPD.US,D,20240301,000000,22.075,22.075,22.075,22.075,111,0
AMPD.US,D,20240304,000000,22.21,22.21,22.21,22.21,249,0
AMPD.US,D,20240305,000000,22.315,22.315,22.315,22.315,159,0
AMPD.US,D,20240306,000000,22.3401,22.3401,22.308,22.308,178,0
AMPD.US,D,20240307,000000,22.195,22.195,22.195,22.195,117,0
AMPD.US,D,20240308,000000,22.125,22.125,22.125,22.125,135,0
AMPD.US,D,20240311,000000,21.9816,21.9816,21.9816,21.9816,105,0
AMPD.US,D,20240312,000000,21.8701,21.8701,21.8077,21.8077,389,0
AMPD.US,D,20240313,000000,21.5199,21.5199,21.425,21.425,504,0
AMPD.US,D,20240314,000000,21.6993,21.6993,21.6993,21.6993,373,0
AMPD.US,D,20240315,000000,21.9201,22,21.9201,21.9557,731,0
AMPD.US,D,20240318,000000,22.1399,22.205,22.1399,22.205,220,0
AMPD.US,D,20240319,000000,22.47,22.54,22.47,22.54,178,0
AMPD.US,D,20240320,000000,22.6,22.6,22.6,22.6,196,0
AMPD.US,D,20240321,000000,22.4633,22.4633,22.4633,22.4633,101,0
AMPD.US,D,20240322,000000,22.28,22.28,22.28,22.28,120,0
AMPD.US,D,20240325,000000,22.2899,22.2899,22.2403,22.2403,219,0
AMPD.US,D,20240326,000000,22.2399,22.3201,22.202,22.3138,1669,0
AMPD.US,D,20240327,000000,22.465,22.465,22.465,22.465,165,0
AMPD.US,D,20240328,000000,22.4699,22.56,22.4699,22.56,270,0
AMPD.US,D,20240401,000000,22.7895,22.7895,22.7895,22.7895,152,0
AMPD.US,D,20240402,000000,22.97,22.97,22.9074,22.9074,308,0
AMPD.US,D,20240403,000000,22.9656,22.9656,22.71,22.71,382,0
AMPD.US,D,20240404,000000,22.22,22.22,22.22,22.22,141,0
AMPD.US,D,20240405,000000,22.5804,22.5804,22.5804,22.5804,139,0
AMPD.US,D,20240408,000000,22.23,22.23,22.23,22.23,257,0
AMPD.US,D,20240409,000000,22.42,22.5367,22.42,22.5367,346,0
AMPD.US,D,20240410,000000,22.48,22.48,22.48,22.48,164,0
AMPD.US,D,20240411,000000,22.44,22.4609,22.44,22.45,411,0
AMPD.US,D,20240412,000000,22.52,22.52,22.52,22.52,112,0
AMPD.US,D,20240415,000000,22.4701,22.59,22.4701,22.59,153,0
AMPD.US,D,20240416,000000,22.5614,22.5614,22.55,22.55,354,0
AMPD.US,D,20240417,000000,22.63,22.6561,22.63,22.6561,538,0
AMPD.US,D,20240418,000000,22.565,22.565,22.565,22.565,164,0
AMPD.US,D,20240419,000000,22.6599,22.6599,22.6599,22.6599,399,0
AMPD.US,D,20240422,000000,22.6501,22.6762,22.6501,22.6762,176,0
AMPD.US,D,20240423,000000,22.652,22.652,22.652,22.652,211,0
AMPD.US,D,20240424,000000,22.531,22.55,22.531,22.55,226,0
AMPD.US,D,20240425,000000,22.5299,22.5799,22.5299,22.5633,311,0
AMPD.US,D,20240426,000000,22.4701,22.5043,22.4701,22.5043,256,0
AMPD.US,D,20240429,000000,22.53,22.55,22.46,22.55,2200,0
AMPD.US,D,20240430,000000,22.5701,22.5701,22.57,22.57,150,0
AMPD.US,D,20240501,000000,22.6099,22.6373,22.6099,22.6373,187,0
AMPD.US,D,20240502,000000,22.66,22.66,22.66,22.66,107,0
AMPD.US,D,20240503,000000,22.6801,22.72,22.6801,22.72,221,0
AMPD.US,D,20240506,000000,22.809,22.89,22.809,22.89,176,0
AMPD.US,D,20240507,000000,22.999,23.07,22.9673,23.07,684,0
AMPD.US,D,20240508,000000,22.9801,23.015,22.9801,23.015,226,0
AMPD.US,D,20240509,000000,22.93,23,22.93,23,330,0
AMPD.US,D,20240510,000000,23.03,23.06,23.03,23.06,211,0
AMPD.US,D,20240513,000000,23.2299,23.2299,23.165,23.165,138,0
AMPD.US,D,20240514,000000,23.27,23.27,23.27,23.27,125,0
AMPD.US,D,20240515,000000,23.33,23.57,23.33,23.57,482,0
AMPD.US,D,20240516,000000,23.7664,23.7664,23.7664,23.7664,253,0
AMPD.US,D,20240517,000000,23.8,23.8223,23.8,23.8002,652,0
AMPD.US,D,20240520,000000,24.101,24.3251,24.101,24.3251,1447,0
AMPD.US,D,20240521,000000,24.445,24.445,24.445,24.445,188,0
AMPD.US,D,20240522,000000,24.2,24.325,24.2,24.325,343,0
AMPD.US,D,20240523,000000,24.879,24.88,24.625,24.625,2422,0
AMPD.US,D,20240524,000000,24.2501,24.2501,24.16,24.16,213,0
AMPD.US,D,20240528,000000,23.9499,23.9499,23.85,23.85,294,0
AMPD.US,D,20240529,000000,23.535,23.535,23.535,23.535,213,0
AMPD.US,D,20240530,000000,23.28,23.28,23.16,23.16,161,0
AMPD.US,D,20240531,000000,23.2201,23.2201,23.2094,23.22,325,0
AMPD.US,D,20240603,000000,23.26,23.35,23.22,23.2584,957,0
AMPD.US,D,20240604,000000,23.2,23.2,23.1,23.1,571,0
AMPD.US,D,20240605,000000,23.17,23.17,23.17,23.17,101,0
AMPD.US,D,20240606,000000,23.1701,23.3992,23.1701,23.3992,532,0
AMPD.US,D,20240607,000000,23.41,23.41,23.3975,23.3975,125,0
AMPD.US,D,20240610,000000,23.54,23.54,23.385,23.385,438,0
AMPD.US,D,20240611,000000,23.57,23.9748,23.57,23.9748,915,0
AMPD.US,D,20240612,000000,24.55,24.55,23.6776,23.6776,1903,0
AMPD.US,D,20240613,000000,23.9212,23.9212,23.9212,23.9212,105,0
AMPD.US,D,20240614,000000,23.6977,23.6977,23.6289,23.6289,282,0
AMPD.US,D,20240617,000000,23.56,23.56,23.5047,23.52,1334,0
AMPD.US,D,20240618,000000,23.6537,23.7148,23.6537,23.7148,170,0
AMPD.US,D,20240620,000000,23.89,23.89,23.868,23.868,908,0
AMPD.US,D,20240621,000000,23.6185,23.6185,23.6185,23.6185,122,0
AMPD.US,D,20240624,000000,23.3542,23.4,23.3542,23.4,245,0
AMPD.US,D,20240625,000000,23.33,23.3609,23.33,23.36,522,0
AMPD.US,D,20240626,000000,23.251,23.251,23.251,23.251,201,0
AMPD.US,D,20240627,000000,23.329,23.329,23.23,23.23,129,0
AMPD.US,D,20240628,000000,23.123,23.123,23.0624,23.0624,203,0
AMPD.US,D,20240701,000000,22.93,22.9301,22.91,22.91,501,0
AMPD.US,D,20240702,000000,22.9799,22.9799,22.855,22.855,140,0
AMPD.US,D,20240703,000000,22.9354,22.9354,22.9354,22.9354,112,0
AMPD.US,D,20240705,000000,22.9,22.92,22.9,22.92,325,0
AMPD.US,D,20240708,000000,23.0201,23.1564,23.0201,23.1564,268,0
AMPD.US,D,20240709,000000,23.2307,23.2307,23.2307,23.2307,88,0
AMPD.US,D,20240710,000000,23.0999,23.0999,23.0286,23.0286,103,0
AMPD.US,D,20240711,000000,22.922,22.922,22.8569,22.8569,242,0
AMPD.US,D,20240712,000000,22.699,22.699,22.655,22.655,112,0
AMPD.US,D,20240715,000000,22.551,22.5528,22.5251,22.5251,1304,0
AMPD.US,D,20240716,000000,22.1999,22.1999,22.1288,22.1288,193,0
AMPD.US,D,20240717,000000,22.0201,22.075,22.02,22.075,252,0
AMPD.US,D,20240718,000000,22.0399,22.0399,21.9399,21.9399,157,0
AMPD.US,D,20240719,000000,21.9369,21.9369,21.9369,21.9369,123,0
AMPD.US,D,20240722,000000,22.01,22.01,22.01,22.01,51,0
AMPD.US,D,20240723,000000,22.0507,22.1216,22.0507,22.1216,273,0
AMPD.US,D,20240724,000000,21.901,21.9551,21.901,21.9551,226,0
AMPD.US,D,20240725,000000,21.879,21.879,21.785,21.785,102,0
AMPD.US,D,20240726,000000,21.7162,21.7162,21.7162,21.7162,288,0
AMPD.US,D,20240729,000000,21.571,21.705,21.5701,21.705,1377,0
AMPD.US,D,20240730,000000,21.7201,21.78,21.7201,21.78,388,0
AMPD.US,D,20240731,000000,21.9013,21.9013,21.9013,21.9013,153,0
AMPD.US,D,20240801,000000,21.8999,21.8999,21.8677,21.8677,102,0
AMPD.US,D,20240802,000000,21.6132,21.6132,21.6132,21.6132,202,0
AMPD.US,D,20240805,000000,21.4099,21.4099,21.3936,21.3936,511,0
AMPD.US,D,20240806,000000,21.26,21.26,21.15,21.24,1624,0
AMPD.US,D,20240807,000000,21.28,21.29,21.28,21.29,199,0
AMPD.US,D,20240808,000000,21.28,21.3814,21.28,21.3814,271,0
AMPD.US,D,20240809,000000,21.49,21.49,21.49,21.49,85,0
AMPD.US,D,20240812,000000,21.4973,21.4973,21.4973,21.4973,133,0
AMPD.US,D,20240813,000000,21.5121,21.5121,21.5121,21.5121,83,0
AMPD.US,D,20240814,000000,21.44,21.44,21.44,21.44,85,0
AMPD.US,D,20240815,000000,21.195,21.195,21.195,21.195,102,0
AMPD.US,D,20240816,000000,21.0107,21.0107,21.005,21.005,200,0
AMPD.US,D,20240819,000000,20.9291,20.9291,20.805,20.805,123,0
AMPD.US,D,20240820,000000,20.7,20.7,20.7,20.7,212,0
AMPD.US,D,20240821,000000,20.5267,20.5267,20.5267,20.5267,101,0
AMPD.US,D,20240822,000000,20.49,20.621,20.49,20.621,400,0
AMPD.US,D,20240823,000000,20.52,20.52,20.471,20.471,183,0
AMPD.US,D,20240826,000000,20.56,20.56,20.56,20.56,101,0
AMPD.US,D,20240827,000000,20.66,20.7769,20.66,20.7769,540,0
AMPD.US,D,20240828,000000,20.7407,20.7407,20.7407,20.7407,119,0
AMPD.US,D,20240829,000000,20.72,20.72,20.72,20.72,94,0
AMPD.US,D,20240830,000000,20.76,20.76,20.76,20.76,94,0
AMPD.US,D,20240903,000000,20.75,20.75,20.75,20.75,163,0
AMPD.US,D,20240904,000000,20.6692,20.6692,20.6692,20.6692,111,0
AMPD.US,D,20240905,000000,20.59,20.59,20.59,20.59,92,0
AMPD.US,D,20240906,000000,20.5807,20.59,20.5807,20.59,106,0
AMPD.US,D,20240909,000000,20.61,20.6376,20.53,20.6376,3910,0
AMPD.US,D,20240910,000000,20.4969,20.4969,20.4969,20.4969,155,0
AMPD.US,D,20240911,000000,20.3593,20.3593,20.3593,20.3593,95,0
AMPD.US,D,20240912,000000,20.22,20.22,20.22,20.22,62,0
AMPD.US,D,20240913,000000,19.911,20.019,19.911,20.019,218,0
AMPD.US,D,20240916,000000,19.8583,19.8583,19.8583,19.8583,65,0
AMPD.US,D,20240917,000000,19.969,19.969,19.969,19.969,54,0
AMPD.US,D,20240918,000000,20.0691,20.115,20.0691,20.115,302,0
AMPD.US,D,20240919,000000,20.3922,20.3922,20.3922,20.3922,94,0
AMPD.US,D,20240920,000000,20.579,20.579,20.579,20.579,85,0
AMPD.US,D,20240923,000000,20.8447,20.8447,20.8447,20.8447,154,0
AMPD.US,D,20240924,000000,20.7485,20.7485,20.7485,20.7485,89,0
AMPD.US,D,20240925,000000,20.5837,20.5837,20.5837,20.5837,54,0
AMPD.US,D,20240926,000000,20.41,20.5053,20.41,20.5053,137,0
AMPD.US,D,20240927,000000,20.816,20.816,20.816,20.816,126,0
AMPD.US,D,20241001,000000,20.9809,20.9809,20.9809,20.9809,65,0
AMPD.US,D,20241002,000000,20.944,20.944,20.944,20.944,83,0
AMPD.US,D,20241003,000000,21.08,21.1119,21.08,21.1119,186,0
AMPD.US,D,20241004,000000,21.225,21.225,21.225,21.225,115,0
AMPD.US,D,20241007,000000,21.2,21.2,21.2,21.2,86,0
AMPD.US,D,20241008,000000,21.0004,21.0004,21.0004,21.0004,71,0
AMPD.US,D,20241009,000000,20.735,20.735,20.735,20.735,74,0
AMPD.US,D,20241010,000000,20.6,20.6,20.6,20.6,104,0
AMPD.US,D,20241011,000000,20.62,20.62,20.62,20.62,65,0
AMPD.US,D,20241014,000000,20.4322,20.4322,20.4322,20.4322,117,0
AMPD.US,D,20241015,000000,20.44,20.4715,20.44,20.4715,272,0
AMPD.US,D,20241016,000000,20.47,20.5118,20.47,20.5118,233,0
AMPD.US,D,20241017,000000,20.4112,20.4112,20.4112,20.4112,70,0
AMPD.US,D,20241018,000000,20.3336,20.3336,20.3336,20.3336,133,0
AMPD.US,D,20241021,000000,20.1889,20.1889,20.1889,20.1889,130,0
AMPD.US,D,20241022,000000,20.1611,20.1611,20.1611,20.1611,91,0
AMPD.US,D,20241023,000000,20.1973,20.1973,20.1973,20.1973,64,0
AMPD.US,D,20241024,000000,20.235,20.235,20.235,20.235,93,0
AMPD.US,D,20241025,000000,20.345,20.345,20.345,20.345,111,0
AMPD.US,D,20241028,000000,20.24,20.24,20.0739,20.0739,512,0
AMPD.US,D,20241029,000000,20.0154,20.0154,20.0154,20.0154,61,0
AMPD.US,D,20241030,000000,19.971,20.11,19.97,20.0758,828,0
AMPD.US,D,20241031,000000,19.94,20.0596,19.933,20.0596,508,0
AMPD.US,D,20241104,000000,20.035,20.035,20.035,20.035,53,0
AMPD.US,D,20241105,000000,20.08,20.08,20.035,20.035,135,0
AMPD.US,D,20241106,000000,20.1485,20.1485,20.1485,20.1485,77,0
AMPD.US,D,20241107,000000,20.17,20.17,20.17,20.17,67,0
AMPD.US,D,20241108,000000,20.0946,20.0946,20.0946,20.0946,68,0
AMPD.US,D,20241112,000000,19.165,20.609,19.165,20.3799,5585,0
AMPD.US,D,20241113,000000,19.9999,20.1499,18.01,20.1499,3746,0
AMPD.US,D,20241114,000000,19.961,21.0943,18.1401,21.0943,2382,0
AMPD.US,D,20241115,000000,20.1998,20.361,19.9295,20.361,2002,0
AMPD.US,D,20241118,000000,20,20.7416,18.6015,19.73,3198,0
AMPD.US,D,20241119,000000,20,20,20,20,133,0
AMPD.US,D,20241121,000000,20.62,20.74,20.62,20.736,604,0
AMPD.US,D,20241125,000000,20.4,20.4,20.395,20.395,2797,0
AMPD.US,D,20241126,000000,20.69,20.7,20.59,20.59,3406,0
AMPD.US,D,20241127,000000,20.59,21.5462,20.5,21.5462,2258,0
AMPD.US,D,20241203,000000,19.815,20.02,19.61,19.7902,1594,0
AMPD.US,D,20241204,000000,19.66,19.8255,19.59,19.8255,1688,0
AMPD.US,D,20241206,000000,19.5,20.06,19.5,19.7551,731,0
AMPD.US,D,20241209,000000,18.8017,20.95,18.515,20.2309,12556,0
AMPD.US,D,20241212,000000,20.759,20.759,20.54,20.54,337,0
AMPD.US,D,20241220,000000,20.31,20.5551,20.26,20.5551,550,0
AMPD.US,D,20241230,000000,20.2039,20.2039,20.1564,20.1564,100,0
AMPD.US,D,20241231,000000,19.8,20.625,19.8,20.625,516,0
AMPD.US,D,20250128,000000,19.43,19.5599,19.391,19.5599,421,0
AMPD.US,D,20250206,000000,20.64,20.64,20.43,20.43,155,0
AMPD.US,D,20250214,000000,20.5926,20.6581,20.5926,20.6581,939,0
AMPD.US,D,20250218,000000,21.9,21.9,19.555,20.98,4668,0
