<TICKER>,<PER>,<DATE>,<TIME>,<OPEN>,<HIGH>,<LOW>,<CLOSE>,<VOL>,<OPENINT>
ARKC.US,D,20231116,000000,24.93,24.95,24.4329,24.4329,4056,0
ARKC.US,D,20231117,000000,24.69,25,24.69,24.77,672,0
ARKC.US,D,20231120,000000,25.23,25.4338,25.23,25.4338,3301,0
ARKC.US,D,20231121,000000,24.96,25.36,24.96,25.0227,806,0
ARKC.US,D,20231122,000000,24.85,25.45,24.8342,25.45,1663,0
ARKC.US,D,20231124,000000,25.79,25.94,25.6279,25.6279,424,0
ARKC.US,D,20231127,000000,24.81,24.98,24.81,24.8148,342,0
ARKC.US,D,20231128,000000,25.28,25.838,25.28,25.838,726,0
ARKC.US,D,20231129,000000,25.4498,25.46,25.3129,25.3129,796,0
ARKC.US,D,20231130,000000,25.37,25.46,25.3672,25.3672,6984,0
ARKC.US,D,20231201,000000,25.85,26.07,25.85,26.0317,2273,0
ARKC.US,D,20231204,000000,27.77,27.95,27.601,27.9188,7618,0
ARKC.US,D,20231205,000000,28.17,29.0685,28.17,29.0685,1581,0
ARKC.US,D,20231206,000000,29.54,29.54,29.0458,29.0458,2449,0
ARKC.US,D,20231207,000000,28.84,29.02,28.71,28.7489,1286,0
ARKC.US,D,20231208,000000,29.1507,29.4543,29.1507,29.4543,553,0
ARKC.US,D,20231211,000000,27.81,27.81,27.0702,27.1025,1581,0
ARKC.US,D,20231212,000000,27.539,27.539,27.3905,27.3905,223,0
ARKC.US,D,20231213,000000,27.77,28.4,27.77,28.4,3607,0
ARKC.US,D,20231214,000000,28.1548,28.64,28.09,28.3821,1045,0
ARKC.US,D,20231215,000000,27.94,27.95,27.8,27.9301,2153,0
ARKC.US,D,20231218,000000,27.69,27.7989,27.45,27.7989,1210,0
ARKC.US,D,20231219,000000,28.01,28.0601,27.92,27.9252,3698,0
ARKC.US,D,20231220,000000,29.07,29.17,28.7394,28.7394,1602,0
ARKC.US,D,20231221,000000,28.862,28.862,28.862,28.862,146,0
ARKC.US,D,20231222,000000,28.7,28.8724,28.7,28.8672,887,0
ARKC.US,D,20231226,000000,28.2,28.2,27.7501,27.9073,2083,0
ARKC.US,D,20231227,000000,28.32,28.7431,28.32,28.7431,1253,0
ARKC.US,D,20231228,000000,28.18,28.18,27.9,27.9636,6061,0
ARKC.US,D,20231229,000000,28.1608,28.1608,27.5711,27.6978,2828,0
ARKC.US,D,20240102,000000,29.4156,29.4156,29.4156,29.4156,286,0
ARKC.US,D,20240103,000000,27.7783,28.0856,27.7783,28.0856,428,0
ARKC.US,D,20240104,000000,28.671,29.38,28.671,28.9799,2594,0
ARKC.US,D,20240105,000000,28.73,28.97,28.49,28.8123,3883,0
ARKC.US,D,20240108,000000,29.53,30.65,29.3198,30.62,2265,0
ARKC.US,D,20240109,000000,30.42,30.5599,30.4107,30.4107,2897,0
ARKC.US,D,20240110,000000,29.62,30.2993,29.2402,29.867,7204,0
ARKC.US,D,20240111,000000,31.19,31.83,29.8124,30.0584,19848,0
ARKC.US,D,20240112,000000,30.1,30.1,28.3497,28.4849,3443,0
ARKC.US,D,20240116,000000,28.06,28.38,27.58,28.15,12666,0
ARKC.US,D,20240117,000000,28.05,28.05,27.885,27.885,792,0
ARKC.US,D,20240118,000000,28.02,28.02,26.73,26.8454,1587,0
ARKC.US,D,20240119,000000,27.07,27.39,26.9935,27.35,2988,0
ARKC.US,D,20240122,000000,26.605,26.605,26.31,26.3331,1596,0
ARKC.US,D,20240123,000000,25.72,25.9267,25.72,25.79,1572,0
ARKC.US,D,20240124,000000,26.34,26.34,25.978,25.978,1931,0
ARKC.US,D,20240125,000000,26.09,26.09,26.04,26.04,3718,0
ARKC.US,D,20240126,000000,27.46,27.46,27.3785,27.4245,433,0
ARKC.US,D,20240129,000000,27.671,28.1214,27.67,28.1214,1604,0
ARKC.US,D,20240130,000000,28.269,28.3782,28.23,28.3782,1018,0
ARKC.US,D,20240131,000000,28.02,28.02,27.7837,27.7837,333,0
ARKC.US,D,20240201,000000,28,28,27.88,27.9777,553,0
ARKC.US,D,20240202,000000,27.92,28,27.92,27.9487,337,0
ARKC.US,D,20240205,000000,28.19,28.19,27.577,27.577,334,0
ARKC.US,D,20240206,000000,28.0443,28.0443,28.0443,28.0443,156,0
ARKC.US,D,20240207,000000,27.91,28.6761,27.91,28.6761,556,0
ARKC.US,D,20240208,000000,29.1706,29.4801,29.1706,29.4801,1064,0
ARKC.US,D,20240209,000000,30.55,30.73,30.415,30.7134,1559,0
ARKC.US,D,20240212,000000,31.4,32.2684,31.4,32.2684,6593,0
ARKC.US,D,20240213,000000,31.56,31.7839,31.29,31.7839,858,0
ARKC.US,D,20240214,000000,33.1,33.1793,33.1,33.1793,889,0
ARKC.US,D,20240215,000000,33.62,33.79,33.11,33.14,4209,0
ARKC.US,D,20240216,000000,33.45,33.6,33.11,33.2034,7148,0
ARKC.US,D,20240220,000000,33.55,33.55,33.2851,33.2851,401,0
ARKC.US,D,20240221,000000,32.5605,32.5605,32.5605,32.5605,48,0
ARKC.US,D,20240222,000000,32.97,33.2071,32.97,33.2071,302,0
ARKC.US,D,20240223,000000,32.63,32.6521,32.5519,32.6521,719,0
ARKC.US,D,20240226,000000,32.77,34.7552,32.77,34.7552,3618,0
ARKC.US,D,20240227,000000,36.075,36.3189,36.075,36.12,715,0
ARKC.US,D,20240228,000000,38.12,38.95,38.0641,38.0641,4013,0
ARKC.US,D,20240229,000000,39.86,39.9797,38.1901,39.1502,4794,0
ARKC.US,D,20240301,000000,38.91,39.64,38.91,39.64,1135,0
ARKC.US,D,20240304,000000,41.05,42.38,41.05,42.38,2095,0
ARKC.US,D,20240305,000000,42.18,43.25,38,38.9809,3133,0
ARKC.US,D,20240306,000000,41.62,42.1594,41.62,42.0897,967,0
ARKC.US,D,20240307,000000,42.3617,42.3617,42.3617,42.3617,301,0
ARKC.US,D,20240308,000000,43.47,43.47,42.52,43.0513,751,0
ARKC.US,D,20240311,000000,44.59,44.799,44.329,44.5035,3127,0
ARKC.US,D,20240312,000000,44.3928,44.3928,43.19,44.0952,5482,0
ARKC.US,D,20240313,000000,44.7621,45.17,44.71,45.17,2352,0
ARKC.US,D,20240314,000000,43.96,43.96,43.057,43.057,228,0
ARKC.US,D,20240315,000000,42.34,42.8599,42.34,42.7827,6052,0
ARKC.US,D,20240318,000000,42.04,42.0654,41.78,41.8621,2967,0
ARKC.US,D,20240319,000000,39.6711,41.08,39.6711,40.6395,3070,0
ARKC.US,D,20240320,000000,40.26,41.3888,39.55,41.33,1708,0
ARKC.US,D,20240321,000000,42.24,42.24,40.91,40.92,1922,0
ARKC.US,D,20240322,000000,40.07,40.38,39.88,40.3,2447,0
ARKC.US,D,20240325,000000,41.8,43.75,41.8,43.71,48656,0
ARKC.US,D,20240326,000000,43.55,43.55,42.9235,42.9235,496,0
ARKC.US,D,20240327,000000,44.14,44.14,42.35,42.35,817,0
ARKC.US,D,20240328,000000,43.7215,43.7215,43.47,43.47,3824,0
ARKC.US,D,20240401,000000,42.88,42.88,42.88,42.88,204,0
ARKC.US,D,20240402,000000,40.915,40.96,40.821,40.96,1446,0
ARKC.US,D,20240403,000000,40.92,40.92,40.92,40.92,232,0
ARKC.US,D,20240404,000000,42.193,42.193,42.193,42.193,550,0
ARKC.US,D,20240405,000000,41.75,41.9,41.66,41.66,978,0
ARKC.US,D,20240408,000000,43.7887,43.7887,43.7887,43.7887,235,0
ARKC.US,D,20240409,000000,43.2794,43.2794,42.14,42.4158,2419,0
ARKC.US,D,20240410,000000,42.3227,42.9217,42.3227,42.9217,545,0
ARKC.US,D,20240411,000000,42.92,43.1,42.92,43.1,551,0
ARKC.US,D,20240412,000000,42.24,42.24,40.99,41.43,2292,0
ARKC.US,D,20240415,000000,40.59,40.59,39.41,39.6,1567,0
ARKC.US,D,20240416,000000,39.3084,39.3084,39.3084,39.3084,97,0
ARKC.US,D,20240417,000000,38.37,38.44,37.87,38.44,1927,0
ARKC.US,D,20240418,000000,39.145,39.6234,39.145,39.6234,248,0
ARKC.US,D,20240419,000000,39.7643,39.7643,39.7643,39.7643,955,0
ARKC.US,D,20240422,000000,41.01,41.22,40.7619,41.1734,1277,0
ARKC.US,D,20240423,000000,41.2213,41.2213,41.1041,41.1041,226,0
ARKC.US,D,20240424,000000,39.8654,39.8654,39.8654,39.8654,47,0
ARKC.US,D,20240425,000000,40.162,40.162,40.162,40.162,38,0
ARKC.US,D,20240426,000000,39.73,39.73,39.73,39.73,145,0
ARKC.US,D,20240429,000000,39.3317,39.3317,39.3018,39.3018,284,0
ARKC.US,D,20240430,000000,38.489,38.489,37.4307,37.4307,812,0
ARKC.US,D,20240501,000000,36.501,36.501,36.4118,36.4118,550,0
ARKC.US,D,20240502,000000,37.532,37.532,37.532,37.532,107,0
ARKC.US,D,20240503,000000,38.8739,38.8739,38.8739,38.8739,167,0
ARKC.US,D,20240506,000000,39.8,39.8022,39.4016,39.4016,2490,0
ARKC.US,D,20240507,000000,39.789,39.789,39.308,39.308,406,0
ARKC.US,D,20240508,000000,38.9235,38.9235,38.9235,38.9235,18,0
ARKC.US,D,20240509,000000,39.0502,39.0502,39.0502,39.0502,23,0
ARKC.US,D,20240510,000000,38.1799,38.1799,38.1799,38.1799,139,0
ARKC.US,D,20240513,000000,39.3,39.3773,39.3,39.3773,203,0
ARKC.US,D,20240514,000000,38.77,38.77,38.5779,38.5779,250,0
ARKC.US,D,20240515,000000,40.43,40.8328,40.43,40.8328,347,0
ARKC.US,D,20240516,000000,40.381,40.47,40.38,40.388,561,0
ARKC.US,D,20240517,000000,41.3436,41.3436,41.0997,41.2517,532,0
ARKC.US,D,20240520,000000,42.7121,42.7121,42.7121,42.7121,164,0
ARKC.US,D,20240521,000000,42.77,42.77,42.3766,42.3766,314,0
ARKC.US,D,20240522,000000,42.5821,42.5821,42.5821,42.5821,122,0
ARKC.US,D,20240523,000000,41.78,41.78,41.3021,41.3021,783,0
ARKC.US,D,20240524,000000,41.81,42.2711,41.751,42.2711,782,0
ARKC.US,D,20240528,000000,41.81,41.9007,41.81,41.9007,542,0
ARKC.US,D,20240529,000000,41.2883,41.2883,41.2883,41.2883,33,0
ARKC.US,D,20240530,000000,41.9321,41.9321,41.9321,41.9321,48,0
ARKC.US,D,20240531,000000,41.42,41.42,41.42,41.42,169,0
ARKC.US,D,20240603,000000,42.31,42.31,42.06,42.15,2058,0
ARKC.US,D,20240604,000000,42.7856,42.7856,42.7856,42.7856,114,0
ARKC.US,D,20240605,000000,43.286,43.286,43.286,43.286,172,0
ARKC.US,D,20240606,000000,43.091,43.091,42.8231,42.8231,581,0
ARKC.US,D,20240607,000000,42.1786,42.1786,42.1786,42.1786,38,0
ARKC.US,D,20240610,000000,42.2419,42.2419,42.2419,42.2419,167,0
ARKC.US,D,20240611,000000,41.2,41.3298,41.2,41.3298,241,0
ARKC.US,D,20240612,000000,42.4,42.4,41.2731,41.2731,1165,0
ARKC.US,D,20240613,000000,41.52,41.52,40.86,40.86,424,0
ARKC.US,D,20240614,000000,40.2948,40.2948,40.2948,40.2948,74,0
ARKC.US,D,20240617,000000,40.8546,40.8546,40.8546,40.8546,9,0
ARKC.US,D,20240618,000000,39.7029,39.7029,39.7029,39.7029,75,0
ARKC.US,D,20240620,000000,39.84,40.0046,39.84,40.0046,389,0
ARKC.US,D,20240621,000000,39.6484,39.6484,39.6484,39.6484,17,0
ARKC.US,D,20240624,000000,37.2827,37.2827,37.2827,37.2827,576,0
ARKC.US,D,20240625,000000,38.48,38.59,38.48,38.59,500,0
ARKC.US,D,20240626,000000,38.09,38.09,38.09,38.09,205,0
ARKC.US,D,20240627,000000,37.8638,37.8638,37.8638,37.8638,59,0
ARKC.US,D,20240628,000000,37.13,37.13,37.13,37.13,247,0
ARKC.US,D,20240701,000000,38.53,38.6581,38.53,38.6581,249,0
ARKC.US,D,20240702,000000,38.05,38.05,38.05,38.05,169,0
ARKC.US,D,20240703,000000,37.37,37.37,37.3393,37.3393,733,0
ARKC.US,D,20240705,000000,35.4549,35.4549,35.4549,35.4549,183,0
ARKC.US,D,20240708,000000,35.7849,35.7849,35.4618,35.4618,660,0
ARKC.US,D,20240709,000000,36.0504,36.0861,36.0504,36.0861,310,0
ARKC.US,D,20240710,000000,35.8893,35.8893,35.8893,35.8893,55,0
ARKC.US,D,20240711,000000,35.8757,35.8757,35.8757,35.8757,13,0
ARKC.US,D,20240712,000000,36.01,36.01,36.01,36.01,144,0
ARKC.US,D,20240715,000000,38.51,38.7493,38.31,38.7493,1110,0
ARKC.US,D,20240716,000000,39,39.5252,39,39.5252,488,0
ARKC.US,D,20240717,000000,39.3173,39.3173,39.3173,39.3173,41,0
ARKC.US,D,20240718,000000,38.8327,38.8327,38.8327,38.8327,52,0
ARKC.US,D,20240719,000000,40.6629,40.6629,40.6629,40.6629,59,0
ARKC.US,D,20240722,000000,41.0111,41.0111,41.0111,41.0111,174,0
ARKC.US,D,20240723,000000,39.7218,39.7218,39.7218,39.7218,77,0
ARKC.US,D,20240724,000000,39.7856,39.7856,39.7856,39.7856,160,0
ARKC.US,D,20240725,000000,38.82,39.25,38.82,39.25,402,0
ARKC.US,D,20240726,000000,40.6,40.88,40.6,40.88,454,0
ARKC.US,D,20240729,000000,41.63,41.63,40.5037,40.5037,376,0
ARKC.US,D,20240730,000000,39.7963,39.7963,39.7963,39.7963,47,0
ARKC.US,D,20240731,000000,39.441,39.441,39.441,39.441,8,0
ARKC.US,D,20240801,000000,38.26,38.5234,38.26,38.5234,131,0
ARKC.US,D,20240802,000000,38.1813,38.1813,38.1813,38.1813,196,0
ARKC.US,D,20240805,000000,32.24,34.24,32.24,33.7467,1032,0
ARKC.US,D,20240806,000000,35.3993,35.3993,35.3993,35.3993,36,0
ARKC.US,D,20240807,000000,34.4381,34.4381,34.4381,34.4381,115,0
ARKC.US,D,20240808,000000,36.7263,36.7263,36.7263,36.7263,43,0
ARKC.US,D,20240809,000000,37.2605,37.2605,37.2605,37.2605,15,0
ARKC.US,D,20240812,000000,36.27,36.4442,36.27,36.4442,111,0
ARKC.US,D,20240813,000000,36.6589,37.317,36.6589,37.317,247,0
ARKC.US,D,20240814,000000,36.81,36.81,36.4167,36.4167,261,0
ARKC.US,D,20240815,000000,35.5436,35.5436,35.5436,35.5436,117,0
ARKC.US,D,20240816,000000,36.8115,36.8115,36.8115,36.8115,281,0
ARKC.US,D,20240819,000000,36.24,36.4769,36.24,36.4769,242,0
ARKC.US,D,20240820,000000,37.11,37.11,36.6839,36.6839,243,0
ARKC.US,D,20240821,000000,37.6444,37.6444,37.6444,37.6444,49,0
ARKC.US,D,20240822,000000,37.0119,37.0119,37.0119,37.0119,23,0
ARKC.US,D,20240823,000000,38.6095,38.6095,38.6095,38.6095,40,0
ARKC.US,D,20240826,000000,38.65,38.65,38.4969,38.4969,1024,0
ARKC.US,D,20240827,000000,37.78,37.835,37.78,37.81,365,0
ARKC.US,D,20240828,000000,36.43,36.43,36.43,36.43,48,0
ARKC.US,D,20240829,000000,36.4328,36.4328,36.4328,36.4328,232,0
ARKC.US,D,20240830,000000,36.207,36.207,36.207,36.207,45,0
ARKC.US,D,20240903,000000,35.8276,35.8276,35.8276,35.8276,73,0
ARKC.US,D,20240904,000000,35.8621,35.8621,35.8621,35.8621,91,0
ARKC.US,D,20240905,000000,34.8842,34.8842,34.8842,34.8842,136,0
ARKC.US,D,20240906,000000,33.7171,33.7171,33.7171,33.7171,102,0
ARKC.US,D,20240909,000000,35.4451,35.4451,35.4451,35.4451,135,0
ARKC.US,D,20240910,000000,35.8285,35.8285,35.8285,35.8285,77,0
ARKC.US,D,20240911,000000,34.8,35.6711,34.79,35.6711,2343,0
ARKC.US,D,20240912,000000,36.0084,36.0084,36.0084,36.0084,62,0
ARKC.US,D,20240913,000000,36.6529,36.6529,36.6529,36.6529,10,0
ARKC.US,D,20240916,000000,35.66,35.76,35.66,35.74,565,0
ARKC.US,D,20240917,000000,36.7679,36.7679,36.7679,36.7679,25,0
ARKC.US,D,20240918,000000,36.8083,36.8083,36.8083,36.8083,18,0
ARKC.US,D,20240919,000000,38.05,38.2917,38.05,38.2917,111,0
ARKC.US,D,20240920,000000,38.135,38.135,38.13,38.13,274,0
ARKC.US,D,20240923,000000,38.3022,38.3022,38.3022,38.3022,5,0
ARKC.US,D,20240924,000000,38.8424,38.8424,38.8424,38.8424,1,0
ARKC.US,D,20240925,000000,38.2775,38.2775,38.2775,38.2775,13,0
ARKC.US,D,20240926,000000,37.64,39.35,37.64,39.34,21566,0
ARKC.US,D,20240927,000000,30.5,30.81,30.5,30.5202,11896,0
ARKC.US,D,20240930,000000,30.1899,30.4,30.05,30.078,3620,0
ARKC.US,D,20241001,000000,29.73,29.73,29.323,29.323,861,0
ARKC.US,D,20241002,000000,29.04,29.04,28.74,28.74,322,0
ARKC.US,D,20241003,000000,29.0084,29.0084,29.0084,29.0084,151,0
ARKC.US,D,20241004,000000,29.5834,29.5834,29.5834,29.5834,105,0
ARKC.US,D,20241007,000000,30.315,30.46,29.9773,29.9773,1026,0
ARKC.US,D,20241008,000000,29.72,29.72,29.4695,29.518,539,0
ARKC.US,D,20241009,000000,29.19,29.19,28.9949,28.9949,161,0
ARKC.US,D,20241010,000000,28.4504,28.4504,28.4504,28.4504,73,0
ARKC.US,D,20241011,000000,29.71,29.8503,29.71,29.8503,377,0
ARKC.US,D,20241014,000000,30.5,31.029,30.5,31.029,4534,0
ARKC.US,D,20241015,000000,30.8082,31.4579,30.8082,31.4579,359,0
ARKC.US,D,20241016,000000,31.772,31.772,31.772,31.772,17,0
ARKC.US,D,20241017,000000,31.3449,31.3449,31.3449,31.3449,22,0
ARKC.US,D,20241018,000000,31.84,32.181,31.84,32.0893,394,0
ARKC.US,D,20241021,000000,31.48,31.753,31.48,31.753,650,0
ARKC.US,D,20241022,000000,31.408,31.6042,31.408,31.6042,2067,0
ARKC.US,D,20241023,000000,31.1383,31.1383,31.1383,31.1383,84,0
ARKC.US,D,20241024,000000,31.8724,31.924,31.8724,31.924,182,0
ARKC.US,D,20241025,000000,31.3439,31.3439,31.3439,31.3439,81,0
ARKC.US,D,20241028,000000,32.17,32.4769,32.17,32.4769,492,0
ARKC.US,D,20241029,000000,33.7401,33.85,33.74,33.75,835,0
ARKC.US,D,20241030,000000,33.31,33.428,33.3,33.428,363,0
ARKC.US,D,20241031,000000,32.83,32.83,32.6748,32.6748,222,0
ARKC.US,D,20241104,000000,31.84,31.84,31.5071,31.5071,370,0
ARKC.US,D,20241105,000000,32.3493,32.3493,32.3493,32.3493,15,0
ARKC.US,D,20241106,000000,34.76,35.2135,34.76,35.2135,371,0
ARKC.US,D,20241107,000000,35.2913,35.2913,35.2913,35.2913,73,0
ARKC.US,D,20241108,000000,35.2,35.3236,35.2,35.3236,786,0
ARKC.US,D,20241111,000000,38.37,39.5175,38.37,39.5175,1050,0
ARKC.US,D,20241113,000000,41.09,41.81,40.6077,40.6077,5746,0
ARKC.US,D,20241114,000000,40.38,40.4313,39.6933,39.6933,1251,0
ARKC.US,D,20241115,000000,40.44,41.24,40.43,41.24,830,0
ARKC.US,D,20241120,000000,42.4305,42.4305,42.09,42.2601,2650,0
ARKC.US,D,20241121,000000,43.46,43.6451,43.17,43.6451,1061,0
ARKC.US,D,20241125,000000,42.6921,42.6921,42.3566,42.3566,1017,0
ARKC.US,D,20241126,000000,41.25,41.42,41.0683,41.0683,399,0
ARKC.US,D,20241127,000000,42.69,43.21,42.69,43.0853,2373,0
ARKC.US,D,20241129,000000,43.44,43.6015,43.3326,43.3326,1210,0
ARKC.US,D,20241202,000000,45.6,45.6,42.6243,42.6243,1110,0
ARKC.US,D,20241203,000000,42.76,42.76,42.5866,42.5866,437,0
ARKC.US,D,20241204,000000,42.8543,43.8288,42.8543,43.8288,526,0
ARKC.US,D,20241205,000000,45.47,45.47,43.6659,43.7824,1379,0
ARKC.US,D,20241206,000000,43.84,44.6683,43.84,44.6683,931,0
ARKC.US,D,20241209,000000,43.819,43.819,42.7339,42.7339,285,0
ARKC.US,D,20241210,000000,43.2,43.2,42.7928,42.7928,461,0
ARKC.US,D,20241211,000000,44.05,44.5734,44.05,44.5734,3313,0
ARKC.US,D,20241212,000000,44.669,44.669,43.99,43.99,710,0
ARKC.US,D,20241213,000000,44.01,44.6982,44.01,44.6982,494,0
ARKC.US,D,20241216,000000,46.25,46.95,46.2,46.21,2382,0
ARKC.US,D,20241217,000000,46.65,46.77,46.31,46.5088,2961,0
ARKC.US,D,20241218,000000,45.45,45.6196,44.4011,44.4011,791,0
ARKC.US,D,20241219,000000,43.85,43.85,42.33,42.7442,633,0
ARKC.US,D,20241223,000000,41.9,41.9,41.44,41.44,4649,0
ARKC.US,D,20241224,000000,42.8,43.56,42.77,43.56,2196,0
ARKC.US,D,20241226,000000,42.68,42.68,42.3063,42.3063,551,0
ARKC.US,D,20241227,000000,42.09,42.09,41.9014,41.9014,534,0
ARKC.US,D,20241230,000000,38.42,38.835,38.2101,38.835,2169,0
ARKC.US,D,20241231,000000,39,39.39,38.33,38.3649,2824,0
ARKC.US,D,20250102,000000,39.89,39.89,39.14,39.63,502,0
ARKC.US,D,20250106,000000,41.3946,41.41,41.32,41.41,459,0
ARKC.US,D,20250107,000000,40.44,41.58,39.3,39.3748,1180,0
ARKC.US,D,20250110,000000,38.85,38.9,38.32,38.6507,2763,0
ARKC.US,D,20250113,000000,37.71,38.25,37.4,38.25,1443,0
ARKC.US,D,20250114,000000,39.39,39.39,39.1092,39.2008,907,0
ARKC.US,D,20250115,000000,40.21,40.7297,40.05,40.3374,1146,0
ARKC.US,D,20250116,000000,39.84,40.58,39.84,40.58,303,0
ARKC.US,D,20250117,000000,41.58,42.45,41.3895,42.2698,1727,0
ARKC.US,D,20250121,000000,41.769,42.96,41.769,42.57,2978,0
ARKC.US,D,20250122,000000,41.93,41.93,41.93,41.93,553,0
ARKC.US,D,20250123,000000,41.46,42.21,41.46,41.4901,527,0
ARKC.US,D,20250124,000000,42.589,42.69,42.14,42.14,2439,0
ARKC.US,D,20250127,000000,41,41,40.32,40.84,1019,0
ARKC.US,D,20250128,000000,41.1473,41.1473,40.8028,40.8028,2003,0
ARKC.US,D,20250129,000000,41.08,41.8877,41.08,41.8877,358,0
ARKC.US,D,20250130,000000,42.41,42.5187,42.11,42.11,574,0
ARKC.US,D,20250131,000000,41.84,41.97,40.8443,40.8443,280,0
ARKC.US,D,20250203,000000,38.8996,40.8,38.8996,40.8,801,0
ARKC.US,D,20250204,000000,40.34,40.34,39.65,39.88,481,0
ARKC.US,D,20250205,000000,39.5618,39.61,39.4007,39.4007,220,0
ARKC.US,D,20250206,000000,39.58,39.58,39.2027,39.2027,251,0
ARKC.US,D,20250207,000000,39.9,39.9,38.8204,38.8204,1303,0
ARKC.US,D,20250210,000000,39.45,39.51,39.3507,39.3507,490,0
ARKC.US,D,20250211,000000,39,39,38.6439,38.6439,1397,0
ARKC.US,D,20250212,000000,39.21,39.24,38.45,39.24,2051,0
ARKC.US,D,20250213,000000,38.92,39.0134,38.7391,38.939,3095,0
ARKC.US,D,20250214,000000,39.145,39.3453,39.145,39.3453,1410,0
ARKC.US,D,20250218,000000,39.16,39.16,38.09,38.23,3406,0
