<TICKER>,<PER>,<DATE>,<TIME>,<OPEN>,<HIGH>,<LOW>,<CLOSE>,<VOL>,<OPENINT>
ARP.US,D,20230120,000000,25.6472,25.6472,25.64,25.6472,132,0
ARP.US,D,20230123,000000,25.65,25.74,25.65,25.74,790,0
ARP.US,D,20230124,000000,25.73,25.76,25.7,25.7,9251,0
ARP.US,D,20230125,000000,25.71,25.71,25.7089,25.7089,494,0
ARP.US,D,20230126,000000,25.74,25.74,25.7128,25.7128,3651,0
ARP.US,D,20230127,000000,25.6814,25.6814,25.6814,25.6814,10,0
ARP.US,D,20230130,000000,25.6,25.6,25.5903,25.5903,1842,0
ARP.US,D,20230131,000000,25.6451,25.6538,25.64,25.6538,12797,0
ARP.US,D,20230201,000000,25.59,25.6884,25.59,25.6884,6960,0
ARP.US,D,20230202,000000,25.56,25.56,25.4715,25.4829,4782,0
ARP.US,D,20230203,000000,25.2,25.2,25.196,25.196,100,0
ARP.US,D,20230206,000000,25.116,25.13,25.1152,25.1157,4481,0
ARP.US,D,20230207,000000,25.16,25.1899,25.1399,25.1399,638,0
ARP.US,D,20230208,000000,25.17,25.17,25.14,25.14,308,0
ARP.US,D,20230209,000000,25.0795,25.0795,25.0795,25.0795,89,0
ARP.US,D,20230210,000000,25.0483,25.0483,25.0483,25.0483,9,0
ARP.US,D,20230213,000000,25.075,25.0814,25.075,25.0814,321,0
ARP.US,D,20230214,000000,25.075,25.0756,25.075,25.0756,9,0
ARP.US,D,20230215,000000,24.9627,24.9627,24.9627,24.9627,149,0
ARP.US,D,20230216,000000,24.9217,24.9217,24.9217,24.9217,60,0
ARP.US,D,20230217,000000,24.9,24.9,24.9,24.9,32,0
ARP.US,D,20230221,000000,24.78,24.84,24.7501,24.81,4770,0
ARP.US,D,20230222,000000,24.74,24.74,24.7331,24.7331,520,0
ARP.US,D,20230223,000000,24.73,24.7771,24.73,24.7771,2010,0
ARP.US,D,20230224,000000,24.6083,24.6083,24.5901,24.5901,1829,0
ARP.US,D,20230227,000000,24.65,24.7099,24.65,24.6758,6717,0
ARP.US,D,20230228,000000,24.6401,24.6625,24.6401,24.6625,582,0
ARP.US,D,20230301,000000,24.8,24.8,24.74,24.773,9645,0
ARP.US,D,20230302,000000,24.8085,24.8085,24.8085,24.8085,1013,0
ARP.US,D,20230303,000000,24.89,24.89,24.8601,24.8601,867,0
ARP.US,D,20230306,000000,24.86,24.86,24.84,24.84,1568,0
ARP.US,D,20230307,000000,24.8399,24.84,24.8,24.8,3494,0
ARP.US,D,20230308,000000,24.81,24.81,24.81,24.81,8,0
ARP.US,D,20230309,000000,24.82,24.82,24.7703,24.7703,114,0
ARP.US,D,20230310,000000,24.78,24.78,24.7501,24.7501,76081,0
ARP.US,D,20230313,000000,24.69,24.7247,24.69,24.7247,3917,0
ARP.US,D,20230314,000000,24.7323,24.7323,24.7323,24.7323,36,0
ARP.US,D,20230315,000000,24.7045,24.7045,24.7045,24.7045,35,0
ARP.US,D,20230316,000000,24.78,24.78,24.69,24.7345,910,0
ARP.US,D,20230317,000000,24.79,24.79,24.7414,24.7414,349,0
ARP.US,D,20230320,000000,24.7934,24.7934,24.7914,24.7914,225,0
ARP.US,D,20230321,000000,24.795,24.795,24.7901,24.7901,1000,0
ARP.US,D,20230322,000000,24.7778,24.7778,24.7778,24.7778,25,0
ARP.US,D,20230323,000000,24.819,24.819,24.819,24.819,25,0
ARP.US,D,20230324,000000,24.8092,24.8092,24.8092,24.8092,25,0
ARP.US,D,20230327,000000,24.83,24.83,24.83,24.83,25,0
ARP.US,D,20230328,000000,24.8218,24.8218,24.8218,24.8218,97,0
ARP.US,D,20230329,000000,24.895,24.895,24.895,24.895,25,0
ARP.US,D,20230330,000000,24.75,24.95,24.75,24.9259,762,0
ARP.US,D,20230331,000000,24.98,24.98,24.95,24.9691,499,0
ARP.US,D,20230403,000000,25,25.0099,24.9701,24.9951,15069,0
ARP.US,D,20230404,000000,25.0203,25.0308,24.99,25.0308,3685,0
ARP.US,D,20230405,000000,25.0006,25.0006,25.0006,25.0006,11,0
ARP.US,D,20230406,000000,25,25.0155,25,25.0155,342,0
ARP.US,D,20230410,000000,24.98,25.01,24.98,24.9907,835,0
ARP.US,D,20230411,000000,25.02,25.02,25.02,25.02,111,0
ARP.US,D,20230412,000000,25.0655,25.0655,25.0655,25.0655,25,0
ARP.US,D,20230413,000000,25.16,25.2,25.13,25.199,1240,0
ARP.US,D,20230414,000000,25.08,25.08,25.0725,25.0725,146,0
ARP.US,D,20230417,000000,25.09,25.09,25.077,25.077,666,0
ARP.US,D,20230418,000000,25.13,25.13,25.1199,25.1199,394,0
ARP.US,D,20230419,000000,25.0704,25.0704,25.0704,25.0704,17,0
ARP.US,D,20230420,000000,25.0612,25.0612,25.0612,25.0612,106,0
ARP.US,D,20230421,000000,25.05,25.06,25.0399,25.0399,1068,0
ARP.US,D,20230424,000000,25.05,25.05,25.05,25.05,1,0
ARP.US,D,20230425,000000,24.96,24.96,24.96,24.96,1,0
ARP.US,D,20230426,000000,24.96,24.96,24.913,24.913,513,0
ARP.US,D,20230427,000000,24.9501,25.0508,24.95,25.0508,2396,0
ARP.US,D,20230428,000000,25.0812,25.1087,25.0812,25.1087,121,0
ARP.US,D,20230501,000000,25.11,25.15,25.09,25.0953,4091,0
ARP.US,D,20230502,000000,25.09,25.15,25.07,25.15,2300,0
ARP.US,D,20230503,000000,25.26,25.29,25.21,25.2159,12436,0
ARP.US,D,20230504,000000,25.255,25.2552,25.255,25.2552,111,0
ARP.US,D,20230505,000000,25.2892,25.2892,25.2892,25.2892,1,0
ARP.US,D,20230508,000000,25.31,25.31,25.28,25.2802,551,0
ARP.US,D,20230509,000000,25.2949,25.2949,25.2949,25.2949,1,0
ARP.US,D,20230510,000000,25.29,25.29,25.29,25.29,555,0
ARP.US,D,20230511,000000,25.25,25.25,25.23,25.235,444,0
ARP.US,D,20230512,000000,25.2068,25.2068,25.2068,25.2068,28,0
ARP.US,D,20230515,000000,25.26,25.26,25.26,25.26,28,0
ARP.US,D,20230516,000000,25.12,25.13,25.1036,25.1036,2901,0
ARP.US,D,20230517,000000,25.13,25.13,25.13,25.13,8,0
ARP.US,D,20230518,000000,25,25.0755,25,25.0755,319,0
ARP.US,D,20230519,000000,25.1403,25.1607,25.13,25.1607,1694,0
ARP.US,D,20230522,000000,25.1646,25.1646,25.1646,25.1646,30,0
ARP.US,D,20230523,000000,25.1,25.1,25.063,25.063,237,0
ARP.US,D,20230524,000000,24.9101,24.9101,24.9101,24.9101,3,0
ARP.US,D,20230525,000000,24.8851,24.8851,24.8851,24.8851,1,0
ARP.US,D,20230526,000000,25,25,24.99,24.995,1146,0
ARP.US,D,20230530,000000,25.09,25.09,25.02,25.0752,336,0
ARP.US,D,20230531,000000,24.77,24.99,24.77,24.9829,93569,0
ARP.US,D,20230601,000000,25.0498,25.16,25.01,25.1253,55861,0
ARP.US,D,20230602,000000,25.18,25.25,25.18,25.1949,2337,0
ARP.US,D,20230605,000000,25.2399,25.2399,25.175,25.175,379,0
ARP.US,D,20230606,000000,25.17,25.17,25.17,25.17,769,0
ARP.US,D,20230607,000000,24.9983,24.9983,24.9983,24.9983,1,0
ARP.US,D,20230608,000000,25.08,25.16,25.08,25.129,1644,0
ARP.US,D,20230609,000000,25.21,25.23,25.1438,25.1438,6463,0
ARP.US,D,20230612,000000,25.2897,25.2897,25.2897,25.2897,51,0
ARP.US,D,20230613,000000,25.35,25.35,25.3001,25.3206,3688,0
ARP.US,D,20230614,000000,25.2701,25.3722,25.2701,25.3722,3820,0
ARP.US,D,20230615,000000,25.4919,25.57,25.45,25.4913,2447,0
ARP.US,D,20230616,000000,25.505,25.5599,25.4416,25.4416,489,0
ARP.US,D,20230620,000000,25.39,25.39,25.321,25.3654,1452,0
ARP.US,D,20230621,000000,25.31,25.31,25.2714,25.2714,926,0
ARP.US,D,20230622,000000,25.3173,25.3173,25.3173,25.3173,99,0
ARP.US,D,20230623,000000,25.2215,25.2215,25.2215,25.2215,440,0
ARP.US,D,20230626,000000,25.1401,25.1401,25.1401,25.1401,418,0
ARP.US,D,20230627,000000,25.2698,25.2698,25.2698,25.2698,53,0
ARP.US,D,20230628,000000,25.3075,25.3075,25.3075,25.3075,95,0
ARP.US,D,20230629,000000,25.3194,25.3194,25.3194,25.3194,177,0
ARP.US,D,20230630,000000,25.4947,25.4947,25.4947,25.4947,20,0
ARP.US,D,20230703,000000,25.5498,25.5498,25.47,25.5264,5365,0
ARP.US,D,20230705,000000,25.44,25.4739,25.44,25.4739,103,0
ARP.US,D,20230706,000000,25.2176,25.2914,25.2176,25.2914,1806,0
ARP.US,D,20230707,000000,25.3047,25.3047,25.3047,25.3047,131,0
ARP.US,D,20230710,000000,25.3052,25.3052,25.3052,25.3052,61,0
ARP.US,D,20230711,000000,25.27,25.4192,25.27,25.4192,3513,0
ARP.US,D,20230712,000000,25.615,25.6751,25.615,25.6751,930,0
ARP.US,D,20230713,000000,25.8859,25.9122,25.8859,25.9122,392,0
ARP.US,D,20230714,000000,25.8505,25.8505,25.8505,25.8505,203,0
ARP.US,D,20230717,000000,25.9871,25.9871,25.9871,25.9871,3,0
ARP.US,D,20230718,000000,26.2001,26.2001,26.2001,26.2001,1,0
ARP.US,D,20230719,000000,26.16,26.196,25.8939,26.196,5477,0
ARP.US,D,20230720,000000,25.8997,25.8997,25.8997,25.8997,3,0
ARP.US,D,20230721,000000,25.8684,25.8684,25.8684,25.8684,29,0
ARP.US,D,20230724,000000,25.85,25.89,25.84,25.8511,2554,0
ARP.US,D,20230725,000000,26.06,26.09,25.9905,25.9905,4517,0
ARP.US,D,20230726,000000,25.96,25.98,25.8202,25.963,662,0
ARP.US,D,20230727,000000,25.9599,25.9599,25.8327,25.8327,274,0
ARP.US,D,20230728,000000,26.07,26.14,26.07,26.1103,2103,0
ARP.US,D,20230731,000000,26.1,26.1264,26.1,26.1264,12944,0
ARP.US,D,20230801,000000,26.03,26.03,25.9903,26.0124,2020,0
ARP.US,D,20230802,000000,25.59,25.615,25.59,25.611,752,0
ARP.US,D,20230803,000000,25.6034,25.6034,25.6034,25.6034,4,0
ARP.US,D,20230804,000000,25.5383,25.5383,25.5383,25.5383,1,0
ARP.US,D,20230807,000000,25.67,25.6732,25.67,25.6732,831,0
ARP.US,D,20230808,000000,25.39,25.5153,25.39,25.5153,1022,0
ARP.US,D,20230809,000000,25.52,25.53,25.3804,25.3804,1067,0
ARP.US,D,20230810,000000,25.384,25.384,25.384,25.384,39,0
ARP.US,D,20230811,000000,25.23,25.285,25.23,25.2822,1183,0
ARP.US,D,20230814,000000,25.36,25.37,25.35,25.36,4250,0
ARP.US,D,20230815,000000,25.1445,25.1445,25.1445,25.1445,2,0
ARP.US,D,20230816,000000,25.145,25.145,24.9501,24.9501,200,0
ARP.US,D,20230817,000000,24.92,24.92,24.8004,24.8004,405,0
ARP.US,D,20230818,000000,24.78,24.78,24.7633,24.7633,132,0
ARP.US,D,20230821,000000,24.8,24.9763,24.8,24.9763,3702,0
ARP.US,D,20230822,000000,24.995,24.995,24.9529,24.9529,1001,0
ARP.US,D,20230823,000000,25.2343,25.2343,25.2343,25.2343,3,0
ARP.US,D,20230824,000000,24.9459,24.9459,24.9459,24.9459,3,0
ARP.US,D,20230825,000000,25.0705,25.0705,25.0705,25.0705,42,0
ARP.US,D,20230828,000000,25.2212,25.2212,25.2212,25.2212,3,0
ARP.US,D,20230829,000000,25.55,25.591,25.55,25.591,157,0
ARP.US,D,20230830,000000,25.6763,25.6763,25.6763,25.6763,42,0
ARP.US,D,20230831,000000,25.66,25.691,25.66,25.691,125,0
ARP.US,D,20230901,000000,25.72,25.7501,25.64,25.7202,12855,0
ARP.US,D,20230905,000000,25.6599,25.6599,25.59,25.59,3891,0
ARP.US,D,20230906,000000,25.42,25.5086,25.42,25.5086,1181,0
ARP.US,D,20230907,000000,25.39,25.446,25.37,25.446,3032,0
ARP.US,D,20230908,000000,25.4692,25.4692,25.4692,25.4692,259,0
ARP.US,D,20230911,000000,25.5871,25.5871,25.5871,25.5871,1,0
ARP.US,D,20230912,000000,25.52,26.06,25.4641,25.4641,11755,0
ARP.US,D,20230913,000000,25.53,25.53,25.44,25.4831,5400,0
ARP.US,D,20230914,000000,25.6178,25.6178,25.6178,25.6178,3,0
ARP.US,D,20230915,000000,25.61,25.61,25.4501,25.4773,590,0
ARP.US,D,20230918,000000,25.5139,25.5139,25.5139,25.5139,3,0
ARP.US,D,20230919,000000,25.5,25.5,25.4501,25.46,390,0
ARP.US,D,20230920,000000,25.3559,25.3559,25.3559,25.3559,122,0
ARP.US,D,20230921,000000,25.0958,25.0958,25.0958,25.0958,3,0
ARP.US,D,20230922,000000,25.15,25.15,25.0993,25.0993,100,0
ARP.US,D,20230925,000000,25.118,25.118,25.118,25.118,88,0
ARP.US,D,20230926,000000,24.9176,24.9176,24.9176,24.9176,105,0
ARP.US,D,20230927,000000,24.8003,24.8916,24.8003,24.8916,533,0
ARP.US,D,20230928,000000,24.9354,24.9354,24.9354,24.9354,149,0
ARP.US,D,20230929,000000,24.8339,24.8339,24.8339,24.8339,1,0
ARP.US,D,20231002,000000,24.81,24.8333,24.71,24.817,37690,0
ARP.US,D,20231003,000000,24.73,24.73,24.69,24.7068,7741,0
ARP.US,D,20231004,000000,24.69,24.7155,24.65,24.7155,9537,0
ARP.US,D,20231005,000000,24.67,24.6834,24.66,24.6834,2001,0
ARP.US,D,20231006,000000,24.77,24.7971,24.74,24.7971,13723,0
ARP.US,D,20231009,000000,24.84,24.94,24.84,24.9198,5021,0
ARP.US,D,20231010,000000,24.93,24.9402,24.92,24.9402,3326,0
ARP.US,D,20231011,000000,24.95,24.9951,24.95,24.9951,438,0
ARP.US,D,20231012,000000,24.97,25.0138,24.97,25.0138,246,0
ARP.US,D,20231013,000000,25.0849,25.0849,25.0744,25.0744,626,0
ARP.US,D,20231016,000000,25.1238,25.1238,25.1238,25.1238,65,0
ARP.US,D,20231017,000000,25.1146,25.1146,25.1146,25.1146,4,0
ARP.US,D,20231018,000000,25.1,25.1137,25.07,25.1137,3340,0
ARP.US,D,20231019,000000,25.0992,25.1111,25,25.1111,7771,0
ARP.US,D,20231020,000000,25.08,25.1,24.9976,24.9976,6621,0
ARP.US,D,20231023,000000,24.97,24.99,24.94,24.9555,8702,0
ARP.US,D,20231024,000000,24.9671,25.0143,24.9671,25.0143,610,0
ARP.US,D,20231025,000000,24.93,24.94,24.89,24.9199,4370,0
ARP.US,D,20231026,000000,24.84,24.84,24.7979,24.7979,3769,0
ARP.US,D,20231027,000000,24.8252,24.91,24.8252,24.885,2568,0
ARP.US,D,20231030,000000,24.8944,24.8944,24.8944,24.8944,4,0
ARP.US,D,20231031,000000,24.9439,24.9439,24.9439,24.9439,227,0
ARP.US,D,20231101,000000,25.0199,25.08,24.97,25.045,16612,0
ARP.US,D,20231102,000000,25.05,25.13,25.05,25.1025,5233,0
ARP.US,D,20231103,000000,25.1283,25.1283,25.1283,25.1283,92,0
ARP.US,D,20231106,000000,25.0801,25.1259,25.08,25.1259,840,0
ARP.US,D,20231107,000000,25.1342,25.1342,25.1342,25.1342,1,0
ARP.US,D,20231108,000000,25.0767,25.0767,25.0767,25.0767,18,0
ARP.US,D,20231109,000000,25.09,25.1076,25.09,25.1076,474,0
ARP.US,D,20231110,000000,25.1528,25.1528,25.1528,25.1528,5,0
ARP.US,D,20231113,000000,25.17,25.1819,25.17,25.1819,4417,0
ARP.US,D,20231114,000000,25.2322,25.2322,25.2322,25.2322,13,0
ARP.US,D,20231115,000000,25.2445,25.2445,25.2445,25.2445,1,0
ARP.US,D,20231116,000000,25.25,25.2735,25.25,25.2735,2001,0
ARP.US,D,20231117,000000,25.24,25.2615,25.24,25.2615,459,0
ARP.US,D,20231120,000000,25.2956,25.2956,25.2956,25.2956,27,0
ARP.US,D,20231121,000000,25.3163,25.3163,25.3163,25.3163,82,0
ARP.US,D,20231122,000000,25.32,25.335,25.32,25.335,2658,0
ARP.US,D,20231124,000000,25.3091,25.32,25.3091,25.32,514,0
ARP.US,D,20231127,000000,25.3737,25.3737,25.3376,25.3376,6833,0
ARP.US,D,20231128,000000,25.374,25.374,25.374,25.374,77,0
ARP.US,D,20231129,000000,25.3701,25.4002,25.3701,25.4002,680,0
ARP.US,D,20231130,000000,25.4036,25.412,25.4036,25.4099,275,0
ARP.US,D,20231201,000000,25.41,25.47,25.3701,25.451,8866,0
ARP.US,D,20231204,000000,25.1,25.2157,25.1,25.2157,5117,0
ARP.US,D,20231205,000000,25.16,25.1779,25.16,25.1779,206,0
ARP.US,D,20231206,000000,25.17,25.17,25.1128,25.1128,359,0
ARP.US,D,20231207,000000,24.99,25.2501,24.99,25.2501,530,0
ARP.US,D,20231208,000000,25.17,25.22,25.17,25.22,4331,0
ARP.US,D,20231211,000000,25.18,25.2109,25.18,25.2109,564,0
ARP.US,D,20231212,000000,25.22,25.2512,25.22,25.2512,188,0
ARP.US,D,20231213,000000,25.5291,25.5291,25.5291,25.5291,83,0
ARP.US,D,20231214,000000,25.6075,25.6075,25.6075,25.6075,115,0
ARP.US,D,20231215,000000,25.6107,25.6107,25.6107,25.6107,3,0
ARP.US,D,20231218,000000,25.7202,25.7202,25.7202,25.7202,12,0
ARP.US,D,20231219,000000,25.7701,25.8052,25.7701,25.8052,214,0
ARP.US,D,20231220,000000,25.766,25.766,25.6092,25.6092,2528,0
ARP.US,D,20231221,000000,25.65,25.7566,25.61,25.7566,3228,0
ARP.US,D,20231222,000000,25.95,25.95,25.83,25.85,3568,0
ARP.US,D,20231226,000000,25.96,25.96,25.9261,25.9261,372,0
ARP.US,D,20231227,000000,25.92,25.9568,25.92,25.9568,616,0
ARP.US,D,20231228,000000,25.33,25.35,25.2328,25.2328,2216,0
ARP.US,D,20231229,000000,25.22,25.23,25.14,25.1428,11850,0
ARP.US,D,20240102,000000,25.01,25.08,24.997,24.997,13379,0
ARP.US,D,20240103,000000,24.84,24.91,24.78,24.8094,10594,0
ARP.US,D,20240104,000000,24.79,24.79,24.717,24.717,1098,0
ARP.US,D,20240105,000000,24.882,24.882,24.7295,24.7295,4701,0
ARP.US,D,20240108,000000,24.9002,25.02,24.9002,25.0089,579,0
ARP.US,D,20240109,000000,24.94,25.04,24.91,24.9963,1951,0
ARP.US,D,20240110,000000,25.04,25.1,25.04,25.0737,811,0
ARP.US,D,20240111,000000,25.06,25.11,25.06,25.109,482,0
ARP.US,D,20240112,000000,25.27,25.27,25.12,25.12,14584,0
ARP.US,D,20240116,000000,25.0232,25.0232,25.0232,25.0232,368,0
ARP.US,D,20240117,000000,24.81,24.8715,24.8099,24.8715,383,0
ARP.US,D,20240118,000000,25.1085,25.1085,25.1085,25.1085,136,0
ARP.US,D,20240119,000000,25.44,25.4444,25.42,25.4444,383,0
ARP.US,D,20240122,000000,25.42,25.42,25.42,25.42,278,0
ARP.US,D,20240123,000000,25.5237,25.5237,25.5237,25.5237,50,0
ARP.US,D,20240124,000000,25.5781,25.5781,25.5213,25.5213,1311,0
ARP.US,D,20240125,000000,25.59,25.5942,25.59,25.5942,230,0
ARP.US,D,20240126,000000,25.5602,25.5602,25.5602,25.5602,2,0
ARP.US,D,20240129,000000,25.7741,25.7741,25.7741,25.7741,204,0
ARP.US,D,20240130,000000,25.6,25.78,25.6,25.7237,1682,0
ARP.US,D,20240131,000000,25.62,25.62,25.4191,25.4191,102,0
ARP.US,D,20240201,000000,25.5566,25.6798,25.48,25.6798,11515,0
ARP.US,D,20240202,000000,25.8725,25.8725,25.8725,25.8725,1,0
ARP.US,D,20240205,000000,25.8036,25.8036,25.8036,25.8036,1,0
ARP.US,D,20240206,000000,25.8083,25.8083,25.8083,25.8083,124,0
ARP.US,D,20240207,000000,25.94,25.9637,25.94,25.953,334,0
ARP.US,D,20240208,000000,25.96,25.9618,25.96,25.9618,107,0
ARP.US,D,20240209,000000,26.0666,26.0666,26.0666,26.0666,5,0
ARP.US,D,20240212,000000,26.016,26.016,26.016,26.016,158,0
ARP.US,D,20240213,000000,25.7086,25.7086,25.7086,25.7086,1,0
ARP.US,D,20240214,000000,25.8341,25.8758,25.8341,25.8758,479,0
ARP.US,D,20240215,000000,25.9375,25.9375,25.92,25.9309,5064,0
ARP.US,D,20240216,000000,25.91,25.91,25.85,25.8671,5737,0
ARP.US,D,20240220,000000,25.7647,25.7647,25.7647,25.7647,48,0
ARP.US,D,20240221,000000,25.67,25.7526,25.67,25.7526,1623,0
ARP.US,D,20240222,000000,26.15,26.1703,26.15,26.1703,422,0
ARP.US,D,20240223,000000,26.215,26.22,26.1937,26.1937,330,0
ARP.US,D,20240226,000000,26.17,26.17,26.1408,26.1408,106,0
ARP.US,D,20240227,000000,26.1517,26.1517,26.1517,26.1517,192,0
ARP.US,D,20240228,000000,26.1045,26.1045,26.1045,26.1045,8,0
ARP.US,D,20240229,000000,26.2954,26.2954,26.2954,26.2954,1,0
ARP.US,D,20240301,000000,26.37,26.5466,26.35,26.5466,52279,0
ARP.US,D,20240304,000000,26.54,26.54,26.52,26.5335,502,0
ARP.US,D,20240305,000000,26.299,26.299,26.299,26.299,4,0
ARP.US,D,20240306,000000,26.47,26.47,26.38,26.4258,342,0
ARP.US,D,20240307,000000,26.635,26.6837,26.59,26.6494,15694,0
ARP.US,D,20240308,000000,26.7201,26.7345,26.4833,26.4833,498,0
ARP.US,D,20240311,000000,26.4,26.45,26.38,26.4252,2565,0
ARP.US,D,20240312,000000,26.57,26.67,26.57,26.6498,883,0
ARP.US,D,20240313,000000,26.61,26.63,26.5602,26.5602,3964,0
ARP.US,D,20240314,000000,26.4974,26.4974,26.4974,26.4974,2,0
ARP.US,D,20240315,000000,26.3515,26.3515,26.349,26.349,532,0
ARP.US,D,20240318,000000,26.58,26.59,26.5005,26.5005,13846,0
ARP.US,D,20240319,000000,26.5835,26.5835,26.5835,26.5835,80,0
ARP.US,D,20240320,000000,26.5896,26.7707,26.58,26.7707,8471,0
ARP.US,D,20240321,000000,26.9361,26.9361,26.87,26.8842,2020,0
ARP.US,D,20240322,000000,26.8201,26.8931,26.8201,26.8931,731,0
ARP.US,D,20240325,000000,26.81,26.8326,26.81,26.8172,2488,0
ARP.US,D,20240326,000000,26.86,26.87,26.75,26.75,7837,0
ARP.US,D,20240327,000000,26.79,26.9028,26.78,26.9028,10865,0
ARP.US,D,20240328,000000,26.9,26.957,26.9,26.957,1167,0
ARP.US,D,20240401,000000,26.95,26.97,26.9143,26.9609,14983,0
ARP.US,D,20240402,000000,26.87,26.9538,26.87,26.9538,528,0
ARP.US,D,20240403,000000,27.08,27.1,27.0589,27.0589,14592,0
ARP.US,D,20240404,000000,27.1,27.15,26.82,26.8201,1472,0
ARP.US,D,20240405,000000,27.15,27.15,27.105,27.105,653,0
ARP.US,D,20240408,000000,27.12,27.1641,27.12,27.1641,459,0
ARP.US,D,20240409,000000,27.29,27.29,27.17,27.2295,502,0
ARP.US,D,20240410,000000,26.98,27.11,26.98,27.0274,696,0
ARP.US,D,20240411,000000,27.08,27.3575,27.04,27.3575,844,0
ARP.US,D,20240412,000000,27.22,27.282,26.9521,26.9521,510,0
ARP.US,D,20240415,000000,26.95,26.9501,26.83,26.93,1374,0
ARP.US,D,20240416,000000,26.89,26.9999,26.89,26.9341,1359,0
ARP.US,D,20240417,000000,26.7414,26.7414,26.7414,26.7414,5,0
ARP.US,D,20240418,000000,26.7,26.7094,26.69,26.7094,2001,0
ARP.US,D,20240419,000000,26.575,26.575,26.575,26.575,851,0
ARP.US,D,20240422,000000,26.51,26.51,26.4436,26.4436,1611,0
ARP.US,D,20240423,000000,26.61,26.69,26.6099,26.6212,3109,0
ARP.US,D,20240424,000000,26.65,26.67,26.6423,26.6423,224,0
ARP.US,D,20240425,000000,26.6081,26.6081,26.6081,26.6081,26,0
ARP.US,D,20240426,000000,26.88,26.88,26.8295,26.8295,3216,0
ARP.US,D,20240429,000000,26.89,26.9,26.8597,26.8597,434,0
ARP.US,D,20240430,000000,26.429,26.429,26.429,26.429,86,0
ARP.US,D,20240501,000000,26.41,26.6,26.3489,26.4242,33712,0
ARP.US,D,20240502,000000,26.35,26.57,26.35,26.5405,1797,0
ARP.US,D,20240503,000000,26.8,26.8,26.774,26.774,15211,0
ARP.US,D,20240506,000000,26.93,26.9835,26.93,26.9835,392,0
ARP.US,D,20240507,000000,26.9665,26.9665,26.9665,26.9665,37,0
ARP.US,D,20240508,000000,26.948,26.948,26.9451,26.9451,2323,0
ARP.US,D,20240509,000000,27.14,27.15,27.13,27.13,6207,0
ARP.US,D,20240510,000000,27.2426,27.2426,27.2426,27.2426,19,0
ARP.US,D,20240513,000000,27.1443,27.1443,27.1411,27.1411,752,0
ARP.US,D,20240514,000000,27.28,27.3,27.22,27.2717,4623,0
ARP.US,D,20240515,000000,27.52,27.52,27.485,27.503,1284,0
ARP.US,D,20240516,000000,27.4746,27.4746,27.4746,27.4746,168,0
ARP.US,D,20240517,000000,27.6,27.6209,27.6,27.6209,4551,0
ARP.US,D,20240520,000000,27.71,27.72,27.71,27.72,648,0
ARP.US,D,20240521,000000,27.75,27.75,27.7299,27.7344,21635,0
ARP.US,D,20240522,000000,27.509,27.509,27.509,27.509,1,0
ARP.US,D,20240523,000000,27.27,27.29,27.2484,27.2484,1914,0
ARP.US,D,20240524,000000,27.38,27.38,27.31,27.3378,4745,0
ARP.US,D,20240528,000000,27.37,27.46,27.37,27.456,1659,0
ARP.US,D,20240529,000000,27.307,27.307,27.307,27.307,34,0
ARP.US,D,20240530,000000,27.2264,27.2264,27.2264,27.2264,19,0
ARP.US,D,20240531,000000,27.2202,27.2202,27.2202,27.2202,33,0
ARP.US,D,20240603,000000,27.29,27.2986,27.23,27.2986,5840,0
ARP.US,D,20240604,000000,27.12,27.2247,27.12,27.2247,674,0
ARP.US,D,20240605,000000,27.47,27.51,27.445,27.4825,1495,0
ARP.US,D,20240606,000000,27.5683,27.5683,27.5683,27.5683,132,0
ARP.US,D,20240607,000000,27.2087,27.2087,27.2087,27.2087,71,0
ARP.US,D,20240610,000000,27.3293,27.3293,27.3293,27.3293,16,0
ARP.US,D,20240611,000000,27.33,27.3677,27.33,27.3677,258,0
ARP.US,D,20240612,000000,27.6421,27.6421,27.5788,27.5788,1230,0
ARP.US,D,20240613,000000,27.5076,27.5076,27.5076,27.5076,76,0
ARP.US,D,20240614,000000,27.62,27.65,27.55,27.6048,20178,0
ARP.US,D,20240617,000000,27.5206,27.7052,27.5206,27.7052,275,0
ARP.US,D,20240618,000000,27.7878,27.7878,27.7878,27.7878,9,0
ARP.US,D,20240620,000000,27.77,27.87,27.77,27.8403,9215,0
ARP.US,D,20240621,000000,27.6435,27.6578,27.6435,27.6578,1156,0
ARP.US,D,20240624,000000,27.6424,27.6424,27.6424,27.6424,2,0
ARP.US,D,20240625,000000,27.69,27.7,27.6665,27.6665,790,0
ARP.US,D,20240626,000000,27.6064,27.6064,27.6064,27.6064,44,0
ARP.US,D,20240627,000000,27.68,27.706,27.68,27.706,1973,0
ARP.US,D,20240628,000000,27.8,27.82,27.6764,27.6764,6057,0
ARP.US,D,20240701,000000,27.68,27.7504,27.6,27.7504,16784,0
ARP.US,D,20240702,000000,27.87,27.87,27.8529,27.8529,227,0
ARP.US,D,20240703,000000,28.04,28.05,28.01,28.0283,2555,0
ARP.US,D,20240705,000000,28.2397,28.2397,28.2397,28.2397,82,0
ARP.US,D,20240708,000000,28.1701,28.2099,28.11,28.1683,9388,0
ARP.US,D,20240709,000000,28.1617,28.1955,28.1617,28.1955,155,0
ARP.US,D,20240710,000000,28.35,28.3964,28.35,28.3964,284,0
ARP.US,D,20240711,000000,28.2891,28.2976,28.2401,28.2976,1013,0
ARP.US,D,20240712,000000,28.4298,28.45,28.3684,28.3684,7067,0
ARP.US,D,20240715,000000,28.4276,28.4354,28.4276,28.4354,470,0
ARP.US,D,20240716,000000,28.653,28.653,28.653,28.653,1,0
ARP.US,D,20240717,000000,28.2988,28.2988,28.2988,28.2988,84,0
ARP.US,D,20240718,000000,28.1407,28.1407,28.1407,28.1407,101,0
ARP.US,D,20240719,000000,27.8667,27.8667,27.8667,27.8667,2,0
ARP.US,D,20240722,000000,28.0646,28.0646,28.0646,28.0646,80,0
ARP.US,D,20240723,000000,28.08,28.08,28.0577,28.0577,2538,0
ARP.US,D,20240724,000000,27.7069,27.7069,27.5946,27.5946,2235,0
ARP.US,D,20240725,000000,27.3783,27.3783,27.3783,27.3783,5,0
ARP.US,D,20240726,000000,27.599,27.599,27.599,27.599,5,0
ARP.US,D,20240729,000000,27.54,27.67,27.54,27.643,1983,0
ARP.US,D,20240730,000000,27.7264,27.7264,27.6225,27.6225,658,0
ARP.US,D,20240731,000000,27.98,28.0369,27.98,28.0369,136,0
ARP.US,D,20240801,000000,28.16,28.16,27.738,27.738,6629,0
ARP.US,D,20240802,000000,27.37,27.3941,27.3277,27.3941,3151,0
ARP.US,D,20240805,000000,26.7868,26.7868,26.7868,26.7868,75,0
ARP.US,D,20240806,000000,26.95,26.95,26.8606,26.8606,2100,0
ARP.US,D,20240807,000000,26.73,26.73,26.7223,26.7223,253,0
ARP.US,D,20240808,000000,27.1631,27.1631,27.1631,27.1631,2,0
ARP.US,D,20240809,000000,27.22,27.3002,27.22,27.3002,189,0
ARP.US,D,20240812,000000,27.3913,27.3913,27.3913,27.3913,56,0
ARP.US,D,20240813,000000,27.62,27.6794,27.6194,27.6794,847,0
ARP.US,D,20240814,000000,27.67,27.7707,27.67,27.7707,508,0
ARP.US,D,20240815,000000,28.09,28.09,28.0392,28.0392,797,0
ARP.US,D,20240816,000000,28.17,28.193,28.17,28.193,361,0
ARP.US,D,20240819,000000,28.3187,28.3187,28.3187,28.3187,290,0
ARP.US,D,20240820,000000,28.345,28.37,28.27,28.2919,6239,0
ARP.US,D,20240821,000000,28.4052,28.4052,28.4052,28.4052,152,0
ARP.US,D,20240822,000000,28.1171,28.1171,28.1171,28.1171,2,0
ARP.US,D,20240823,000000,28.4027,28.4027,28.4027,28.4027,2,0
ARP.US,D,20240826,000000,28.3236,28.3236,28.3236,28.3236,2,0
ARP.US,D,20240827,000000,28.3776,28.3776,28.3776,28.3776,9,0
ARP.US,D,20240828,000000,28.2278,28.2278,28.2278,28.2278,1,0
ARP.US,D,20240829,000000,28.2344,28.2344,28.2344,28.2344,1,0
ARP.US,D,20240830,000000,28.3525,28.3525,28.3525,28.3525,6,0
ARP.US,D,20240903,000000,28.11,28.11,27.9451,27.9451,2101,0
ARP.US,D,20240904,000000,28.03,28.1,28.0215,28.0523,8960,0
ARP.US,D,20240905,000000,27.9226,27.9817,27.9226,27.9817,592,0
ARP.US,D,20240906,000000,27.6926,27.6926,27.6926,27.6926,89,0
ARP.US,D,20240909,000000,27.85,27.884,27.85,27.884,100,0
ARP.US,D,20240910,000000,27.9,27.9971,27.9,27.9971,1398,0
ARP.US,D,20240911,000000,28.1474,28.1474,28.1474,28.1474,82,0
ARP.US,D,20240912,000000,28.2996,28.2996,28.2996,28.2996,70,0
ARP.US,D,20240913,000000,28.4629,28.4629,28.4629,28.4629,43,0
ARP.US,D,20240916,000000,28.49,28.5365,28.48,28.5365,1300,0
ARP.US,D,20240917,000000,28.4558,28.4558,28.4558,28.4558,76,0
ARP.US,D,20240918,000000,28.4,28.4,28.3484,28.3484,6264,0
ARP.US,D,20240919,000000,28.676,28.81,28.676,28.7634,19899,0
ARP.US,D,20240920,000000,28.74,28.74,28.6968,28.6968,515,0
ARP.US,D,20240923,000000,28.75,28.75,28.725,28.7462,2561,0
ARP.US,D,20240924,000000,28.6949,28.91,28.6949,28.8709,5543,0
ARP.US,D,20240925,000000,28.7965,28.84,28.7965,28.801,5306,0
ARP.US,D,20240926,000000,28.9594,28.9594,28.9594,28.9594,34,0
ARP.US,D,20240927,000000,28.8845,28.8845,28.8845,28.8845,1,0
ARP.US,D,20241001,000000,28.81,28.935,28.72,28.7978,25240,0
ARP.US,D,20241002,000000,28.7902,28.7902,28.7902,28.7902,2,0
ARP.US,D,20241003,000000,28.6598,28.6598,28.6598,28.6598,48,0
ARP.US,D,20241004,000000,28.775,28.8079,28.775,28.8079,178,0
ARP.US,D,20241007,000000,28.7226,28.7226,28.7226,28.7226,194,0
ARP.US,D,20241008,000000,28.56,28.6295,28.525,28.6295,1113,0
ARP.US,D,20241009,000000,28.629,28.629,28.629,28.629,6,0
ARP.US,D,20241010,000000,28.63,28.67,28.63,28.6556,4588,0
ARP.US,D,20241011,000000,28.8,28.8142,28.8,28.8142,273,0
ARP.US,D,20241014,000000,28.82,28.8668,28.82,28.8668,762,0
ARP.US,D,20241015,000000,28.6901,28.6901,28.6901,28.6901,49,0
ARP.US,D,20241016,000000,28.8223,28.8223,28.8223,28.8223,1,0
ARP.US,D,20241017,000000,28.8298,28.8298,28.8298,28.8298,6,0
ARP.US,D,20241018,000000,28.98,29.0013,28.97,29.0013,1550,0
ARP.US,D,20241021,000000,28.9143,28.9143,28.9143,28.9143,32,0
ARP.US,D,20241022,000000,28.98,28.98,28.9796,28.9796,219,0
ARP.US,D,20241023,000000,28.77,28.7701,28.69,28.7452,787,0
ARP.US,D,20241024,000000,28.83,28.83,28.78,28.8257,3507,0
ARP.US,D,20241025,000000,28.8199,28.8199,28.8199,28.8199,23,0
ARP.US,D,20241028,000000,28.8728,28.8728,28.8728,28.8728,49,0
ARP.US,D,20241029,000000,28.9112,28.9431,28.9,28.9271,12503,0
ARP.US,D,20241030,000000,28.91,28.91,28.8907,28.8907,449,0
ARP.US,D,20241031,000000,28.61,28.61,28.5857,28.5857,742,0
ARP.US,D,20241101,000000,28.76,28.79,28.6231,28.6231,32123,0
ARP.US,D,20241104,000000,28.61,28.61,28.5665,28.5665,128,0
ARP.US,D,20241105,000000,28.78,28.78,28.73,28.7706,270,0
ARP.US,D,20241106,000000,28.82,28.9,28.82,28.8545,1187,0
ARP.US,D,20241107,000000,29.1,29.1122,29.1,29.1122,586,0
ARP.US,D,20241108,000000,29.06,29.06,29.01,29.0138,3218,0
ARP.US,D,20241111,000000,28.81,28.99,28.81,28.8316,913,0
ARP.US,D,20241112,000000,28.72,28.74,28.6685,28.6685,19012,0
ARP.US,D,20241113,000000,28.65,28.65,28.6087,28.6087,250,0
ARP.US,D,20241114,000000,28.5271,28.5271,28.4794,28.4829,1526,0
ARP.US,D,20241118,000000,28.4799,28.4959,28.4601,28.4959,4778,0
ARP.US,D,20241119,000000,28.51,28.6154,28.5099,28.6154,1142,0
ARP.US,D,20241120,000000,28.66,28.66,28.654,28.654,2778,0
ARP.US,D,20241121,000000,28.79,28.8,28.7577,28.7577,1390,0
ARP.US,D,20241125,000000,28.73,28.74,28.7221,28.7221,788,0
ARP.US,D,20241127,000000,28.76,28.76,28.7457,28.7457,2504,0
ARP.US,D,20241202,000000,28.86,28.8959,28.85,28.8959,6770,0
ARP.US,D,20241203,000000,28.88,28.9241,28.88,28.9241,633,0
ARP.US,D,20241204,000000,29.07,29.0775,29.0699,29.0775,371,0
ARP.US,D,20241205,000000,29.01,29.0101,29.0049,29.0049,661,0
ARP.US,D,20241206,000000,29.07,29.077,29.07,29.077,276,0
ARP.US,D,20241212,000000,29.21,29.21,29.1265,29.1265,502,0
ARP.US,D,20241217,000000,29.13,29.13,29.105,29.1131,3573,0
ARP.US,D,20241218,000000,29.12,29.12,28.5321,28.5321,1146,0
ARP.US,D,20241219,000000,28.5784,28.58,28.4856,28.4856,13460,0
ARP.US,D,20241224,000000,28.96,28.9611,28.94,28.9611,521,0
ARP.US,D,20241230,000000,27.13,27.21,27.12,27.1658,12867,0
ARP.US,D,20241231,000000,27.18,27.1807,27.18,27.1807,1912,0
ARP.US,D,20250102,000000,27.18,27.28,27.16,27.1777,25354,0
ARP.US,D,20250103,000000,27.24,27.3181,27.1801,27.3181,4262,0
ARP.US,D,20250106,000000,27.37,27.41,27.3525,27.3525,23337,0
ARP.US,D,20250107,000000,27.38,27.38,27.21,27.21,1128,0
ARP.US,D,20250110,000000,27.2507,27.29,27.16,27.2642,1339,0
ARP.US,D,20250113,000000,27.19,27.22,27.1872,27.2185,1218,0
ARP.US,D,20250114,000000,27.21,27.21,27.208,27.208,696,0
ARP.US,D,20250115,000000,27.4,27.4408,27.3999,27.4408,5777,0
ARP.US,D,20250116,000000,27.4771,27.55,27.468,27.468,35906,0
ARP.US,D,20250117,000000,27.64,27.64,27.5702,27.5702,17386,0
ARP.US,D,20250121,000000,27.6455,27.67,27.6455,27.6489,726,0
ARP.US,D,20250122,000000,27.7899,27.7899,27.7547,27.7547,6588,0
ARP.US,D,20250123,000000,27.7799,27.82,27.7799,27.8165,1253,0
ARP.US,D,20250128,000000,27.675,27.696,27.675,27.696,1589,0
ARP.US,D,20250129,000000,27.67,27.67,27.6434,27.6434,11258,0
ARP.US,D,20250130,000000,27.763,27.7818,27.763,27.7818,3482,0
ARP.US,D,20250131,000000,27.83,27.83,27.78,27.78,261,0
ARP.US,D,20250203,000000,27.77,27.83,27.76,27.769,26168,0
ARP.US,D,20250206,000000,27.9075,27.9224,27.9075,27.9224,1393,0
ARP.US,D,20250207,000000,27.92,27.92,27.8646,27.8646,736,0
ARP.US,D,20250210,000000,28.07,28.07,28.0398,28.0398,348,0
ARP.US,D,20250211,000000,27.98,28.0126,27.98,28.0126,2185,0
ARP.US,D,20250212,000000,27.99,28.02,27.9899,27.9939,3262,0
ARP.US,D,20250213,000000,28.08,28.14,28.079,28.1214,13147,0
ARP.US,D,20250214,000000,28.0037,28.04,27.98,28.02,20206,0
ARP.US,D,20250218,000000,28.14,28.17,28.1001,28.17,33857,0
ARP.US,D,20250219,000000,28.19,28.22,28.18,28.1947,2299,0
