<TICKER>,<PER>,<DATE>,<TIME>,<OPEN>,<HIGH>,<LOW>,<CLOSE>,<VOL>,<OPENINT>
BITC.US,D,20230322,000000,25.5094,25.88,23.94,23.94,10983,0
BITC.US,D,20230323,000000,24.63,25.86,24.6299,25.52,2142,0
BITC.US,D,20230324,000000,25.13,25.155,24.64,24.9715,6485,0
BITC.US,D,20230327,000000,24.99,25.6875,23.9,24.2255,2555,0
BITC.US,D,20230328,000000,24.1189,24.5901,24.1189,24.5901,1912,0
BITC.US,D,20230329,000000,25.42,25.526,25.4,25.4794,1919,0
BITC.US,D,20230330,000000,25.67,25.67,24.82,25.0734,5973,0
BITC.US,D,20230331,000000,25.41,25.7,25.4099,25.5532,1783,0
BITC.US,D,20230403,000000,25.38,25.38,25.1097,25.1097,1117,0
BITC.US,D,20230404,000000,25.2,25.24,25.1,25.1937,938,0
BITC.US,D,20230405,000000,24.9787,25.25,24.9787,25.21,1623,0
BITC.US,D,20230406,000000,25.0121,25.0121,25.0121,25.0121,261,0
BITC.US,D,20230410,000000,25.67,26.3,25.28,26.11,7046,0
BITC.US,D,20230411,000000,27,27.26,26.89,26.9337,3918,0
BITC.US,D,20230412,000000,26.91,26.93,26.6138,26.6138,1387,0
BITC.US,D,20230413,000000,27.1156,27.1156,27.1156,27.1156,253,0
BITC.US,D,20230414,000000,26.95,27.0664,26.95,27.0664,140,0
BITC.US,D,20230417,000000,26.18,26.34,26.18,26.2806,1916,0
BITC.US,D,20230418,000000,27.01,27.01,26.8486,26.946,1219,0
BITC.US,D,20230419,000000,25.9901,26.0381,25.9901,26.0381,371,0
BITC.US,D,20230420,000000,25.1601,25.1601,25.0197,25.0197,348,0
BITC.US,D,20230421,000000,25.14,25.14,24.2129,24.2129,2056,0
BITC.US,D,20230424,000000,24.28,24.528,24.28,24.3056,1321,0
BITC.US,D,20230425,000000,24.33,24.5446,24.3,24.5446,1166,0
BITC.US,D,20230426,000000,26.48,26.48,24.81,24.81,4968,0
BITC.US,D,20230427,000000,22.55,26.4209,21.95,26.4209,1949,0
BITC.US,D,20230428,000000,25.77,26.0304,25.7699,26.0304,524,0
BITC.US,D,20230501,000000,25.37,25.37,24.6552,24.6552,1863,0
BITC.US,D,20230502,000000,24.929,25.61,24.929,25.4687,6606,0
BITC.US,D,20230503,000000,25.11,25.42,25.06,25.087,1192,0
BITC.US,D,20230504,000000,25.64,25.64,25.5591,25.6078,1199,0
BITC.US,D,20230505,000000,25.75,26.28,25.75,26.28,799,0
BITC.US,D,20230508,000000,24.7,24.7,24.1827,24.1827,286,0
BITC.US,D,20230509,000000,24.36,24.5105,24.36,24.5105,611,0
BITC.US,D,20230510,000000,24.96,24.99,24.5365,24.5365,1518,0
BITC.US,D,20230511,000000,24,24,23.7403,23.7403,199,0
BITC.US,D,20230512,000000,23.4693,23.4693,23.1,23.3649,299,0
BITC.US,D,20230515,000000,24.33,24.33,24.2844,24.2844,226,0
BITC.US,D,20230516,000000,23.8397,23.8397,23.8397,23.8397,68,0
BITC.US,D,20230517,000000,22.52,24.2896,20.37,24.2896,2823,0
BITC.US,D,20230518,000000,23.6636,23.6636,23.6636,23.6636,10,0
BITC.US,D,20230519,000000,23.805,24.03,23.7,23.7555,3217,0
BITC.US,D,20230522,000000,23.9,23.9,23.76,23.7951,2231,0
BITC.US,D,20230523,000000,24.16,24.16,24.1234,24.1234,102,0
BITC.US,D,20230524,000000,23.242,23.242,23.242,23.242,20,0
BITC.US,D,20230525,000000,23.29,23.43,23.29,23.3529,392,0
BITC.US,D,20230526,000000,23.6927,23.6927,23.6742,23.6742,257,0
BITC.US,D,20230530,000000,24.6552,24.6552,24.6552,24.6552,105,0
BITC.US,D,20230531,000000,23.8811,23.8811,23.8811,23.8811,173,0
BITC.US,D,20230601,000000,23.805,23.8332,23.7108,23.7108,596,0
BITC.US,D,20230602,000000,24.17,24.1733,24.1668,24.1668,707,0
BITC.US,D,20230605,000000,23.32,23.32,22.5801,22.5801,797,0
BITC.US,D,20230606,000000,23.01,24.0116,23.01,24.0116,875,0
BITC.US,D,20230607,000000,23.489,23.489,23.27,23.4223,332,0
BITC.US,D,20230608,000000,23.42,23.444,23.42,23.444,669,0
BITC.US,D,20230609,000000,23.42,23.4366,23.2854,23.2854,3355,0
BITC.US,D,20230612,000000,22.85,22.85,22.72,22.7936,2444,0
BITC.US,D,20230613,000000,23,23.04,22.73,22.8234,1178,0
BITC.US,D,20230614,000000,22.7994,22.7994,22.7994,22.7994,168,0
BITC.US,D,20230615,000000,21.9601,22.4154,21.96,22.4154,364,0
BITC.US,D,20230616,000000,22.61,23.2669,22.6099,23.2669,3088,0
BITC.US,D,20230620,000000,24.0999,24.8623,24.0999,24.8623,2015,0
BITC.US,D,20230621,000000,25.83,26.77,25.79,26.7109,4554,0
BITC.US,D,20230622,000000,26.91,26.91,26.26,26.7158,1113,0
BITC.US,D,20230623,000000,26.669,27.685,26.669,27.4427,3412,0
BITC.US,D,20230626,000000,26.97,26.97,26.6733,26.81,2791,0
BITC.US,D,20230627,000000,27.15,27.389,27,27.1585,9619,0
BITC.US,D,20230628,000000,26.72,26.96,26.61,26.6504,2227,0
BITC.US,D,20230629,000000,27.22,27.32,27.05,27.15,10626,0
BITC.US,D,20230630,000000,26.62,27.11,26.44,26.83,2645,0
BITC.US,D,20230703,000000,27.04,27.56,27.04,27.4638,2575,0
BITC.US,D,20230705,000000,26.7382,26.8535,26.71,26.8535,1158,0
BITC.US,D,20230706,000000,26.671,26.679,26.511,26.6698,2212,0
BITC.US,D,20230707,000000,26.559,26.5637,26.54,26.5637,1031,0
BITC.US,D,20230710,000000,26.67,27.1517,26.6699,27.1517,608,0
BITC.US,D,20230711,000000,26.721,26.9,26.721,26.8999,1236,0
BITC.US,D,20230712,000000,27.11,27.1361,26.6062,26.6062,6764,0
BITC.US,D,20230713,000000,26.97,27.9913,26.97,27.89,4491,0
BITC.US,D,20230714,000000,27.44,27.5,26.4355,26.4355,3031,0
BITC.US,D,20230717,000000,26.595,26.595,26.2,26.2191,1722,0
BITC.US,D,20230718,000000,26.2579,26.2579,26.0724,26.0724,915,0
BITC.US,D,20230719,000000,26.241,26.3626,26.241,26.3626,1796,0
BITC.US,D,20230720,000000,26.109,26.11,26,26.08,5410,0
BITC.US,D,20230721,000000,26.06,26.1235,26.06,26.1235,281,0
BITC.US,D,20230724,000000,25.3,25.431,25.3,25.431,1206,0
BITC.US,D,20230725,000000,25.46,25.66,25.46,25.5388,870,0
BITC.US,D,20230726,000000,25.71,25.71,25.5742,25.66,2234,0
BITC.US,D,20230727,000000,25.74,25.809,25.3559,25.3559,1643,0
BITC.US,D,20230728,000000,25.42,25.5648,25.42,25.5648,686,0
BITC.US,D,20230731,000000,25.4,25.512,25.4,25.4233,3040,0
BITC.US,D,20230801,000000,25.445,25.5139,25.445,25.5139,369,0
BITC.US,D,20230802,000000,25.625,25.625,25.3626,25.3626,1041,0
BITC.US,D,20230803,000000,25.4802,25.4802,25.4802,25.4802,105,0
BITC.US,D,20230804,000000,25.421,25.421,25.2192,25.2192,126,0
BITC.US,D,20230807,000000,25.3022,25.3022,25.3022,25.3022,77,0
BITC.US,D,20230808,000000,25.935,26.0269,25.935,26.0269,1946,0
BITC.US,D,20230809,000000,26,26,25.5903,25.5903,246,0
BITC.US,D,20230810,000000,25.67,25.67,25.57,25.57,342,0
BITC.US,D,20230811,000000,25.5355,25.5355,25.5355,25.5355,177,0
BITC.US,D,20230814,000000,25.769,25.769,25.4712,25.4712,116,0
BITC.US,D,20230815,000000,25.3425,25.3425,25.3425,25.3425,64,0
BITC.US,D,20230816,000000,25.2848,25.2848,25.2848,25.2848,21,0
BITC.US,D,20230817,000000,24.125,24.2394,24.08,24.198,2115,0
BITC.US,D,20230818,000000,22.87,22.87,22.6484,22.6484,461,0
BITC.US,D,20230821,000000,22.55,22.6664,22.53,22.6664,869,0
BITC.US,D,20230822,000000,22.44,22.49,22.3654,22.3654,250,0
BITC.US,D,20230823,000000,22.539,23.098,22.49,23.098,1786,0
BITC.US,D,20230824,000000,22.5,22.5115,22.5,22.5115,141,0
BITC.US,D,20230825,000000,22.42,22.4502,22.42,22.4502,217,0
BITC.US,D,20230828,000000,22.54,22.54,22.4301,22.4301,553,0
BITC.US,D,20230829,000000,22.549,24.229,22.549,24.11,2174,0
BITC.US,D,20230830,000000,23.431,23.52,23.4159,23.48,1586,0
BITC.US,D,20230831,000000,22.5643,22.5643,22.5643,22.5643,91,0
BITC.US,D,20230901,000000,22.21,22.21,22.0769,22.0784,399,0
BITC.US,D,20230905,000000,22.185,22.19,22.0301,22.0791,1145,0
BITC.US,D,20230906,000000,22.19,22.19,22.029,22.029,248,0
BITC.US,D,20230907,000000,22.25,22.25,22.2398,22.2398,216,0
BITC.US,D,20230908,000000,22.2185,22.2185,22.2185,22.2185,113,0
BITC.US,D,20230911,000000,21.4517,21.4517,21.4517,21.4517,75,0
BITC.US,D,20230912,000000,22.29,22.59,22.29,22.3532,11000,0
BITC.US,D,20230913,000000,22.4121,22.4121,22.4121,22.4121,72,0
BITC.US,D,20230914,000000,22.761,22.8559,22.761,22.8559,288,0
BITC.US,D,20230915,000000,22.7,22.7,22.64,22.64,430,0
BITC.US,D,20230918,000000,23.4,23.4,22.96,23.0733,627,0
BITC.US,D,20230919,000000,23.5,23.5,23.3974,23.3974,302,0
BITC.US,D,20230920,000000,23.28,23.28,23.04,23.1576,1190,0
BITC.US,D,20230921,000000,22.8764,22.8764,22.8764,22.8764,28,0
BITC.US,D,20230922,000000,22.82,22.8344,22.82,22.8344,282,0
BITC.US,D,20230925,000000,22.6245,22.6245,22.6245,22.6245,211,0
BITC.US,D,20230926,000000,22.4819,22.4819,22.4819,22.4819,24,0
BITC.US,D,20230927,000000,22.69,22.69,22.4159,22.4159,392,0
BITC.US,D,20230928,000000,22.79,23.2921,22.79,23.2921,341,0
BITC.US,D,20230929,000000,23.22,23.22,23.0655,23.0944,214,0
BITC.US,D,20231002,000000,24.33,24.52,23.9583,23.9583,1712,0
BITC.US,D,20231003,000000,23.4897,23.4897,23.3202,23.3202,151,0
BITC.US,D,20231004,000000,23.6615,23.6615,23.6615,23.6615,14,0
BITC.US,D,20231005,000000,24.08,24.08,23.445,23.49,2886,0
BITC.US,D,20231006,000000,23.47,23.9521,23.47,23.9521,211,0
BITC.US,D,20231009,000000,23.6076,23.6076,23.6076,23.6076,31,0
BITC.US,D,20231010,000000,23.4151,23.4151,23.4151,23.4151,82,0
BITC.US,D,20231011,000000,23.1205,23.1992,22.8355,22.8355,295,0
BITC.US,D,20231012,000000,22.7355,22.791,22.7355,22.791,216,0
BITC.US,D,20231013,000000,23.02,23.02,22.8624,22.8624,572,0
BITC.US,D,20231016,000000,25.15,25.15,23.98,24.3009,1444,0
BITC.US,D,20231017,000000,24.19,24.3741,24.19,24.3741,1333,0
BITC.US,D,20231018,000000,24.1678,24.1678,24.1678,24.1678,94,0
BITC.US,D,20231019,000000,24.749,24.749,24.475,24.604,281,0
BITC.US,D,20231020,000000,25.27,25.47,25.26,25.2765,6727,0
BITC.US,D,20231023,000000,26.22,26.8597,26.0654,26.8597,5742,0
BITC.US,D,20231024,000000,29.44,29.558,28.561,28.88,8394,0
BITC.US,D,20231025,000000,29.43,29.88,29.4157,29.7692,3052,0
BITC.US,D,20231026,000000,29.66,29.66,28.911,29.0347,8646,0
BITC.US,D,20231027,000000,29.239,29.239,28.671,28.7356,1166,0
BITC.US,D,20231030,000000,29.63,29.731,29.38,29.4262,4157,0
BITC.US,D,20231031,000000,29.3,29.55,29.3,29.5149,3767,0
BITC.US,D,20231101,000000,29.62,29.659,29.57,29.6093,1406,0
BITC.US,D,20231102,000000,30.1,30.1,29.5152,29.93,3356,0
BITC.US,D,20231103,000000,29.331,29.7,29.331,29.5239,10336,0
BITC.US,D,20231106,000000,30.009,30.04,29.861,29.9224,5159,0
BITC.US,D,20231107,000000,29.5847,30.7214,29.565,30.7214,4094,0
BITC.US,D,20231108,000000,30.0301,30.4049,30,30.4049,2561,0
BITC.US,D,20231109,000000,32.109,32.47,30.96,31.2241,17729,0
BITC.US,D,20231110,000000,31.64,31.955,31.64,31.8745,10348,0
BITC.US,D,20231113,000000,31.43,31.531,31.2265,31.32,9894,0
BITC.US,D,20231114,000000,30.701,30.863,29.54,29.982,5361,0
BITC.US,D,20231115,000000,30.96,32.0617,30.96,32.0617,2174,0
BITC.US,D,20231116,000000,31.2,31.2,30.56,30.6,10454,0
BITC.US,D,20231117,000000,30.93,31.31,30.699,31.0822,2499,0
BITC.US,D,20231120,000000,31.9,32.09,31.9,32.0371,767,0
BITC.US,D,20231121,000000,31.73,31.73,31.4677,31.4677,2240,0
BITC.US,D,20231122,000000,31.11,32.0711,31.11,32.0711,1195,0
BITC.US,D,20231124,000000,33.49,33.49,32.31,32.3131,2771,0
BITC.US,D,20231127,000000,31.101,31.32,31.1,31.1731,2150,0
BITC.US,D,20231128,000000,31.87,32.739,31.735,32.602,25343,0
BITC.US,D,20231129,000000,32.36,32.36,31.89,31.9155,14700,0
BITC.US,D,20231130,000000,31.95,32.01,31.7723,31.9793,1245,0
BITC.US,D,20231201,000000,32.92,33.09,32.56,32.92,21556,0
BITC.US,D,20231204,000000,35.42,35.62,34.91,35.41,11390,0
BITC.US,D,20231205,000000,35.74,37.38,35.72,37.1162,41400,0
BITC.US,D,20231206,000000,37.58,37.58,37.06,37.117,29467,0
BITC.US,D,20231207,000000,36.7,37.059,36.42,36.6417,52234,0
BITC.US,D,20231208,000000,36.94,37.6459,33.86,37.6459,18137,0
BITC.US,D,20231211,000000,35.42,35.42,33.48,34.345,21235,0
BITC.US,D,20231212,000000,35.11,35.15,34.62,34.7607,7251,0
BITC.US,D,20231213,000000,35.48,36.22,35.44,36.2012,13504,0
BITC.US,D,20231214,000000,35.89,36.505,35.71,36.1598,22641,0
BITC.US,D,20231215,000000,35.4901,35.5999,35.315,35.5921,1319,0
BITC.US,D,20231218,000000,34.68,35.3492,34.68,35.3492,3255,0
BITC.US,D,20231219,000000,36.02,36.02,35.2299,35.5365,1914,0
BITC.US,D,20231220,000000,37.18,37.34,36.6206,36.6206,13524,0
BITC.US,D,20231221,000000,37.2,37.2,36.53,36.7813,5029,0
BITC.US,D,20231222,000000,35.55,35.55,34.7401,34.86,35045,0
BITC.US,D,20231226,000000,34.22,34.22,33.27,33.54,4005,0
BITC.US,D,20231227,000000,34.25,34.75,34.1667,34.67,19649,0
BITC.US,D,20231228,000000,34.119,34.119,33.6898,33.7926,8485,0
BITC.US,D,20231229,000000,33.76,34.26,33.01,33.3168,4094,0
BITC.US,D,20240102,000000,36.48,36.48,35.6061,35.6061,25857,0
BITC.US,D,20240103,000000,33.38,34.27,33.26,33.83,6718,0
BITC.US,D,20240104,000000,34.67,35.44,34.67,35,4037,0
BITC.US,D,20240105,000000,34.42,34.91,34.4,34.8686,1104,0
BITC.US,D,20240108,000000,35.76,37.43,35.522,37.1787,14426,0
BITC.US,D,20240109,000000,37.27,37.27,36.79,36.9032,7043,0
BITC.US,D,20240110,000000,35.82,36.7012,35.44,36.2379,16499,0
BITC.US,D,20240111,000000,37.82,38.79,35.93,36.517,78736,0
BITC.US,D,20240112,000000,36.32,36.32,34,34.3,37201,0
BITC.US,D,20240116,000000,33.57,34.17,33.1619,33.9468,13724,0
BITC.US,D,20240117,000000,33.47,33.76,33.22,33.5653,4942,0
BITC.US,D,20240118,000000,33.8,33.8,32.03,32.2425,21026,0
BITC.US,D,20240119,000000,32.59,33,31,32.7733,7770,0
BITC.US,D,20240122,000000,32.18,32.18,31,31.7,10996,0
BITC.US,D,20240123,000000,30.54,31.04,30.25,30.7652,11298,0
BITC.US,D,20240124,000000,31.77,31.77,31.1216,31.1216,4313,0
BITC.US,D,20240125,000000,31.51,31.51,31.091,31.17,3845,0
BITC.US,D,20240126,000000,32.13,33,32.13,32.9056,9890,0
BITC.US,D,20240129,000000,32.95,33.9001,32.84,33.8873,6276,0
BITC.US,D,20240130,000000,34.38,34.38,33.97,34.1808,1656,0
BITC.US,D,20240131,000000,33.5715,34.088,33.3803,33.3803,2175,0
BITC.US,D,20240201,000000,33.46,33.6737,33.31,33.6544,4122,0
BITC.US,D,20240202,000000,33.51,33.78,33.51,33.6257,1305,0
BITC.US,D,20240205,000000,33.83,33.83,33.148,33.148,1620,0
BITC.US,D,20240206,000000,33.44,33.88,33.44,33.7685,822,0
BITC.US,D,20240207,000000,33.859,34.593,33.7,34.593,11256,0
BITC.US,D,20240208,000000,35.385,35.6666,35.33,35.6666,2614,0
BITC.US,D,20240209,000000,36.98,37.63,36.98,37.2852,7532,0
BITC.US,D,20240212,000000,37.65,39.3763,37.65,39.3763,11740,0
BITC.US,D,20240213,000000,38.57,38.7728,38.13,38.7728,6977,0
BITC.US,D,20240214,000000,40.87,40.87,40.4,40.7147,16735,0
BITC.US,D,20240215,000000,41.42,41.69,40.71,40.7608,11806,0
BITC.US,D,20240216,000000,40.9553,41.25,40.7701,40.94,4393,0
BITC.US,D,20240220,000000,41.58,41.58,40.091,41.0363,7675,0
BITC.US,D,20240221,000000,40.21,40.341,40.01,40.1038,2768,0
BITC.US,D,20240222,000000,40.14,40.88,40.14,40.88,4509,0
BITC.US,D,20240223,000000,40.29,40.3082,39.929,40.1873,5672,0
BITC.US,D,20240226,000000,40.8518,43.03,40.8518,43.0183,6329,0
BITC.US,D,20240227,000000,44.79,45.04,44.5597,44.79,17648,0
BITC.US,D,20240228,000000,47.25,50.3,47.15,47.3847,31461,0
BITC.US,D,20240229,000000,49.94,49.94,47.5237,48.7684,24961,0
BITC.US,D,20240301,000000,49.27,49.5468,48,49.5468,19579,0
BITC.US,D,20240304,000000,51.31,53.369,51.31,53.3464,33557,0
BITC.US,D,20240305,000000,53.75,54.31,47.75,48.5718,38883,0
BITC.US,D,20240306,000000,52.55,52.97,51.6939,52.7114,16214,0
BITC.US,D,20240307,000000,52.74,53.328,52.39,53.0284,13266,0
BITC.US,D,20240308,000000,53.38,55.0166,52.1,54.1264,14823,0
BITC.US,D,20240311,000000,56.86,57.07,56.0193,56.54,36424,0
BITC.US,D,20240312,000000,56.35,56.668,54,55.8609,19335,0
BITC.US,D,20240313,000000,57.28,57.54,56.7066,57.54,21681,0
BITC.US,D,20240314,000000,57.08,57.08,53.85,54.16,15989,0
BITC.US,D,20240315,000000,53.3,54.85,52.621,54,19848,0
BITC.US,D,20240318,000000,53.36,53.61,51.93,52.1995,25768,0
BITC.US,D,20240319,000000,49.71,51.05,48.4801,50.2678,22957,0
BITC.US,D,20240320,000000,49.19,51.429,48.6,51.3827,11743,0
BITC.US,D,20240321,000000,52.71,52.71,50.9221,50.9221,17031,0
BITC.US,D,20240322,000000,50.08,50.08,49,49.93,5133,0
BITC.US,D,20240325,000000,52.21,55.3557,52.21,55.3557,31583,0
BITC.US,D,20240326,000000,55.38,55.38,54,54.01,8653,0
BITC.US,D,20240327,000000,55.98,55.98,53.3747,53.3747,5191,0
BITC.US,D,20240328,000000,54.76,55.2399,54.49,54.6474,9337,0
BITC.US,D,20240401,000000,55.1,55.1,52.7833,53.7701,38253,0
BITC.US,D,20240402,000000,49.715,50.8455,49.68,50.8455,6662,0
BITC.US,D,20240403,000000,50.62,51.3555,50.51,50.68,4221,0
BITC.US,D,20240404,000000,52.17,53.2,52.06,52.66,3354,0
BITC.US,D,20240405,000000,51.18,52.3,51.18,51.8524,4487,0
BITC.US,D,20240408,000000,55.46,55.5496,54.949,55.18,8352,0
BITC.US,D,20240409,000000,54.57,54.64,52.52,52.96,4550,0
BITC.US,D,20240410,000000,51.88,53.7724,51.88,53.7724,4041,0
BITC.US,D,20240411,000000,54.34,54.34,53.55,54.13,7633,0
BITC.US,D,20240412,000000,53.93,53.93,51,51.31,5282,0
BITC.US,D,20240415,000000,51.13,51.13,48.1001,48.6807,7913,0
BITC.US,D,20240416,000000,48.48,48.48,47.3727,48.1148,3189,0
BITC.US,D,20240417,000000,47.84,48.09,45.86,46.73,34879,0
BITC.US,D,20240418,000000,48.09,49.06,47.42,48.5972,16581,0
BITC.US,D,20240419,000000,49.35,49.71,49.2591,49.6,3498,0
BITC.US,D,20240422,000000,50.68,51.1345,50.44,50.9029,5905,0
BITC.US,D,20240423,000000,50.63,51.1282,50.581,50.85,3715,0
BITC.US,D,20240424,000000,50.5,50.5,48.6,48.8833,1923,0
BITC.US,D,20240425,000000,48.15,49.4599,48.15,49.4599,2490,0
BITC.US,D,20240426,000000,48.74,48.82,48.59,48.696,2552,0
BITC.US,D,20240429,000000,47.67,48.0634,47.541,47.9931,1289,0
BITC.US,D,20240430,000000,46.55,46.64,44.98,44.9984,5575,0
BITC.US,D,20240501,000000,43.96,45.229,43.22,43.4889,7526,0
BITC.US,D,20240502,000000,44.86,45.359,44.86,45.3,1925,0
BITC.US,D,20240503,000000,46.71,47.42,46.71,47.3169,7229,0
BITC.US,D,20240506,000000,48.43,48.79,48.08,48.1606,3479,0
BITC.US,D,20240507,000000,48.56,49,48,48.01,6409,0
BITC.US,D,20240508,000000,47.32,47.3898,47.1513,47.3898,1757,0
BITC.US,D,20240509,000000,46.8399,47.5912,46.8399,47.5912,757,0
BITC.US,D,20240510,000000,47.55,47.55,46.07,46.2228,894,0
BITC.US,D,20240513,000000,47.825,48.1481,47.82,48.12,1702,0
BITC.US,D,20240514,000000,47.149,47.15,46.76,46.8424,1698,0
BITC.US,D,20240515,000000,48.911,50.47,48.91,50.3527,5143,0
BITC.US,D,20240516,000000,50.58,50.58,49.5519,49.6595,3776,0
BITC.US,D,20240517,000000,50.37,51.2299,50.37,50.9952,2360,0
BITC.US,D,20240520,000000,51.02,53.2763,51.02,53.2763,4106,0
BITC.US,D,20240521,000000,54.07,54.1,52.7534,52.7534,4919,0
BITC.US,D,20240522,000000,53.1193,53.479,52.87,53.072,3712,0
BITC.US,D,20240523,000000,54.5,54.5,51.06,51.06,1960,0
BITC.US,D,20240524,000000,51.2005,52.5781,51.2005,52.5781,2502,0
BITC.US,D,20240528,000000,52,52.0015,51.4224,52.0015,4172,0
BITC.US,D,20240529,000000,51.51,51.5201,51.0224,51.0224,1108,0
BITC.US,D,20240530,000000,52.1901,52.1901,51.8851,52.0271,2114,0
BITC.US,D,20240531,000000,51.3699,51.3699,50.6499,51.3476,1462,0
BITC.US,D,20240603,000000,53.07,53.071,52.17,52.42,2424,0
BITC.US,D,20240604,000000,52.73,53.89,52.73,53.354,10149,0
BITC.US,D,20240605,000000,53.91,54.43,53.362,54,4656,0
BITC.US,D,20240606,000000,53.82,54.155,53.4107,53.4107,4846,0
BITC.US,D,20240607,000000,54.16,54.16,52.3993,52.3993,1717,0
BITC.US,D,20240610,000000,52.4,52.5696,52.4,52.53,1104,0
BITC.US,D,20240611,000000,51.09,51.09,49.92,51.075,9929,0
BITC.US,D,20240612,000000,52.35,52.8501,50.9866,50.9866,5930,0
BITC.US,D,20240613,000000,51.54,51.54,50.32,50.32,2994,0
BITC.US,D,20240614,000000,50.94,50.94,49.215,49.4543,2353,0
BITC.US,D,20240617,000000,49.54,50.78,49.341,50.3245,2017,0
BITC.US,D,20240618,000000,49.05,49.05,48.24,48.58,21283,0
BITC.US,D,20240620,000000,49.27,49.3892,48.691,48.9987,3384,0
BITC.US,D,20240621,000000,47.8572,48.42,47.81,48.4122,3843,0
BITC.US,D,20240624,000000,46.18,46.3514,44.6,44.6,4588,0
BITC.US,D,20240625,000000,46.12,46.7834,46.075,46.7834,2014,0
BITC.US,D,20240626,000000,46.53,46.53,45.9459,45.9459,1283,0
BITC.US,D,20240627,000000,46.51,46.56,46.225,46.2441,2006,0
BITC.US,D,20240628,000000,45.89,45.89,45.1721,45.1721,1615,0
BITC.US,D,20240701,000000,47.2201,48,47.1901,47.4704,6100,0
BITC.US,D,20240702,000000,46.47,46.605,46.47,46.5327,812,0
BITC.US,D,20240703,000000,45.29,45.42,45.05,45.42,2814,0
BITC.US,D,20240705,000000,41.68,42.6786,41.67,42.4295,23437,0
BITC.US,D,20240708,000000,42.94,43.05,41.8371,42.4561,6656,0
BITC.US,D,20240709,000000,42.92,43.53,42.91,43.4471,4839,0
BITC.US,D,20240710,000000,43.82,43.82,43.115,43.1224,3006,0
BITC.US,D,20240711,000000,44.2,44.2,43.102,43.102,3411,0
BITC.US,D,20240712,000000,43.395,43.93,43.3556,43.3556,1800,0
BITC.US,D,20240715,000000,47.06,47.8086,47.06,47.5705,8814,0
BITC.US,D,20240716,000000,47.895,48.8,47.3201,48.783,2400,0
BITC.US,D,20240717,000000,48.52,48.82,48.3101,48.4713,7983,0
BITC.US,D,20240718,000000,48.3806,48.3806,47.51,47.6964,1234,0
BITC.US,D,20240719,000000,48.14,50.5,48.14,50.4887,14910,0
BITC.US,D,20240722,000000,50.72,51.046,49.87,51.046,10051,0
BITC.US,D,20240723,000000,49.87,49.8799,49.0261,49.0261,2364,0
BITC.US,D,20240724,000000,50.0599,50.0599,49.1151,49.1151,2314,0
BITC.US,D,20240725,000000,47.905,48.46,47.905,48.3467,3037,0
BITC.US,D,20240726,000000,50.5411,50.89,50.23,50.8259,11686,0
BITC.US,D,20240729,000000,52.2,52.2,49.951,50.1434,23492,0
BITC.US,D,20240730,000000,49.72,49.72,49.12,49.1437,2044,0
BITC.US,D,20240731,000000,49.3,49.69,48.5719,48.5719,1986,0
BITC.US,D,20240801,000000,48.16,48.211,46.68,47.1279,3296,0
BITC.US,D,20240802,000000,48.39,48.6,46.5372,46.5372,3565,0
BITC.US,D,20240805,000000,37.21,40.781,37.21,39.6433,17395,0
BITC.US,D,20240806,000000,40.94,42.536,40.94,42.2987,11482,0
BITC.US,D,20240807,000000,42.73,42.73,40.68,40.7008,9173,0
BITC.US,D,20240808,000000,43.34,44.4929,42.77,44.22,13622,0
BITC.US,D,20240809,000000,44.98,45.1531,44.545,45.1531,5750,0
BITC.US,D,20240812,000000,44.22,44.4618,43.2377,43.81,17695,0
BITC.US,D,20240813,000000,43.825,45.27,43.825,45.2207,2863,0
BITC.US,D,20240814,000000,45.27,45.27,43.74,43.77,11323,0
BITC.US,D,20240815,000000,43.91,44.29,42.235,42.38,4319,0
BITC.US,D,20240816,000000,43.5,44.395,43.38,44.3937,1912,0
BITC.US,D,20240819,000000,43.67,43.8408,43.37,43.82,3438,0
BITC.US,D,20240820,000000,44.949,45.265,43.66,44.2096,5006,0
BITC.US,D,20240821,000000,45.64,45.6754,45.64,45.6754,1919,0
BITC.US,D,20240822,000000,45.24,45.24,44.62,44.7154,14158,0
BITC.US,D,20240823,000000,45.31,47.35,45.251,47.24,2423,0
BITC.US,D,20240826,000000,47.41,47.41,46.81,46.9403,2884,0
BITC.US,D,20240827,000000,46.33,46.33,45.53,45.8847,1535,0
BITC.US,D,20240828,000000,43.74,43.95,43,43.8541,4453,0
BITC.US,D,20240829,000000,44.715,44.7522,43.8509,43.8951,2012,0
BITC.US,D,20240830,000000,43.37,43.771,43.295,43.5084,2704,0
BITC.US,D,20240903,000000,43.74,43.74,42.6,42.9335,3189,0
BITC.US,D,20240904,000000,41.67,42.99,41.6,42.99,4321,0
BITC.US,D,20240905,000000,41.4222,41.4222,41.4222,41.4222,923,0
BITC.US,D,20240906,000000,41.88,41.88,39.5401,39.5537,6196,0
BITC.US,D,20240909,000000,41.03,42.29,41.03,42.29,1906,0
BITC.US,D,20240910,000000,42.22,42.8848,42.1,42.8848,1436,0
BITC.US,D,20240911,000000,41.95,42.6364,41.95,42.6364,723,0
BITC.US,D,20240912,000000,43.1723,43.1723,43.1723,43.1723,294,0
BITC.US,D,20240913,000000,42.83,44.1713,42.83,44.1713,4945,0
BITC.US,D,20240916,000000,42.8122,42.8122,42.8122,42.8122,3816,0
BITC.US,D,20240917,000000,44.4637,45.35,44.3447,44.3447,3128,0
BITC.US,D,20240918,000000,44.2088,44.4028,44.2088,44.4028,863,0
BITC.US,D,20240919,000000,46.655,46.9021,46.63,46.7536,963,0
BITC.US,D,20240920,000000,46.41,46.41,46.41,46.41,449,0
BITC.US,D,20240923,000000,46.75,47.09,46.6679,46.7111,2626,0
BITC.US,D,20240924,000000,46.86,47.4304,46.6399,47.4304,1391,0
BITC.US,D,20240925,000000,46.53,46.6474,46.53,46.6474,586,0
BITC.US,D,20240926,000000,47.74,48.36,47.45,47.8517,15868,0
BITC.US,D,20240927,000000,49,49,48.4559,48.4559,3678,0
BITC.US,D,20240930,000000,47.0483,47.1,46.4812,46.7583,5178,0
BITC.US,D,20241001,000000,46.08,46.08,45.4,45.4538,1953,0
BITC.US,D,20241002,000000,43.75,45.91,42.6,44.36,15903,0
BITC.US,D,20241003,000000,44.48,44.8917,44.3333,44.8917,2968,0
BITC.US,D,20241004,000000,45.063,45.8785,44.89,45.8785,2471,0
BITC.US,D,20241007,000000,46.35,47.18,46.35,46.5839,1250,0
BITC.US,D,20241008,000000,46.5,46.5,45.69,45.7773,2726,0
BITC.US,D,20241009,000000,45.75,45.75,44.77,44.7915,2902,0
BITC.US,D,20241010,000000,44.81,44.81,43.25,43.8435,3083,0
BITC.US,D,20241011,000000,45.25,46.5191,45.231,46.3602,2834,0
BITC.US,D,20241014,000000,47.64,48.77,47.511,48.5119,3868,0
BITC.US,D,20241015,000000,48.51,49.5,48.25,49.274,4138,0
BITC.US,D,20241016,000000,49.88,50,49.4668,49.8333,6511,0
BITC.US,D,20241017,000000,49.092,49.66,49.05,49.0653,4459,0
BITC.US,D,20241018,000000,50.319,50.611,50.3,50.3923,2027,0
BITC.US,D,20241021,000000,49.8391,49.8391,49.0201,49.7713,6920,0
BITC.US,D,20241022,000000,49.479,49.5105,49.43,49.5105,2282,0
BITC.US,D,20241023,000000,48.85,48.85,48.3378,48.7314,4376,0
BITC.US,D,20241024,000000,49.56,50.12,49.55,50.09,1692,0
BITC.US,D,20241025,000000,49.695,50.24,48.975,48.9868,6134,0
BITC.US,D,20241028,000000,50.66,51.2099,50.17,51.05,10634,0
BITC.US,D,20241029,000000,52.25,54.0073,52.028,53.33,7346,0
BITC.US,D,20241030,000000,52.8,53.1782,52.755,52.7794,5693,0
BITC.US,D,20241031,000000,52.89,52.89,51.4023,51.4023,7134,0
BITC.US,D,20241101,000000,52.4388,52.4388,51.039,51.039,1358,0
BITC.US,D,20241104,000000,51.11,51.11,49.3664,49.3664,25057,0
BITC.US,D,20241105,000000,50.66,51.4157,50.6377,50.8422,4890,0
BITC.US,D,20241106,000000,54.51,56.14,54.03,55.95,15307,0
BITC.US,D,20241107,000000,54.96,56.2825,54.755,56.2141,6410,0
BITC.US,D,20241108,000000,55.95,56.72,55.46,56.253,7988,0
BITC.US,D,20241111,000000,59.8979,64.15,59.8979,63.8952,43475,0
BITC.US,D,20241112,000000,63.1798,66.02,62.72,65.77,21772,0
BITC.US,D,20241113,000000,66.53,68.4225,65.5,65.82,47616,0
BITC.US,D,20241114,000000,67.03,67.38,64.291,64.31,22762,0
BITC.US,D,20241115,000000,65.025,67.2,64.38,67.2,11337,0
BITC.US,D,20241118,000000,66.43,68,66.01,67.0745,12865,0
BITC.US,D,20241119,000000,67.19,69.095,67.19,67.9209,15769,0
BITC.US,D,20241120,000000,69.58,69.76,68.6801,69.24,14106,0
BITC.US,D,20241121,000000,71.28,72.5701,70.5627,72.1422,25555,0
BITC.US,D,20241122,000000,71.6,73.25,71.37,72.89,38272,0
BITC.US,D,20241125,000000,71.43,71.49,69.2515,69.52,19589,0
BITC.US,D,20241126,000000,67.44,68.731,66.45,66.83,23099,0
BITC.US,D,20241127,000000,69.55,71.538,69.36,70.9692,15824,0
BITC.US,D,20241129,000000,71.65,72.7,71.49,71.6122,7866,0
BITC.US,D,20241202,000000,70.64,71.53,69.82,70.2231,13252,0
BITC.US,D,20241203,000000,69.07,70.53,68.7635,70.2736,5878,0
BITC.US,D,20241204,000000,70.805,72.89,69.57,72.5174,8102,0
BITC.US,D,20241205,000000,75.55,76.095,71.91,72.67,30266,0
BITC.US,D,20241206,000000,72.8284,74.9098,72.02,74.3402,18441,0
BITC.US,D,20241209,000000,72.5,73.55,70.34,70.45,14226,0
BITC.US,D,20241210,000000,71.64,71.95,69.2158,70.54,17538,0
BITC.US,D,20241211,000000,72.5086,74.471,72.32,74.2,16383,0
BITC.US,D,20241212,000000,74.189,75.03,72.83,73.1,6602,0
BITC.US,D,20241213,000000,74.018,74.6289,73.17,74.48,7391,0
BITC.US,D,20241216,000000,76.5772,79.005,76.32,77.55,32809,0
BITC.US,D,20241217,000000,79.05,79.48,77.4978,78.19,18113,0
BITC.US,D,20241218,000000,76.06,77.7,73.21,73.21,13013,0
BITC.US,D,20241219,000000,74.8195,74.8195,69.962,69.97,20720,0
BITC.US,D,20241220,000000,69.3051,71.19,69.21,70.22,19073,0
BITC.US,D,20241223,000000,69.74,71.85,67.001,67.44,24952,0
BITC.US,D,20241224,000000,67.5786,67.83,67.5786,67.66,10032,0
BITC.US,D,20241226,000000,47.4001,47.49,47.4,47.41,20491,0
BITC.US,D,20241227,000000,47.41,47.5,47.39,47.43,35154,0
BITC.US,D,20241230,000000,47.49,47.56,47.31,47.34,53198,0
BITC.US,D,20241231,000000,47.47,47.53,47.3207,47.37,18814,0
BITC.US,D,20250102,000000,47.52,47.5999,47.4,47.48,42043,0
BITC.US,D,20250103,000000,47.51,47.54,47.45,47.45,15510,0
BITC.US,D,20250106,000000,47.54,47.5699,47.33,47.539,56044,0
BITC.US,D,20250107,000000,46.6,46.89,44.655,44.655,14074,0
BITC.US,D,20250108,000000,44.08,44.19,42.7702,43.36,7933,0
BITC.US,D,20250110,000000,43.64,44.17,42.69,43.74,16552,0
BITC.US,D,20250113,000000,43.9,43.94,43.79,43.84,24372,0
BITC.US,D,20250114,000000,43.88,43.92,43.82,43.82,8291,0
BITC.US,D,20250115,000000,43.87,43.91,43.77,43.8152,16273,0
BITC.US,D,20250116,000000,43.84,44.3,43.62,44.01,11956,0
BITC.US,D,20250117,000000,45.2205,46.679,45.1332,46.16,22898,0
BITC.US,D,20250121,000000,46.2,47.1184,45.4299,46.63,19004,0
BITC.US,D,20250122,000000,45.765,46.1668,45.3862,45.75,11365,0
BITC.US,D,20250123,000000,44.902,46.69,44.9,45.28,20878,0
BITC.US,D,20250124,000000,46.29,47.07,45.9804,46.2147,7248,0
BITC.US,D,20250127,000000,44.29,44.725,43.48,44.5473,9314,0
BITC.US,D,20250128,000000,45.051,45.374,44.4,44.4,6736,0
BITC.US,D,20250129,000000,44.7808,45.81,44.57,45.8,10855,0
BITC.US,D,20250130,000000,46.21,46.6184,45.9703,46.06,10727,0
BITC.US,D,20250131,000000,46,46.34,44.42,44.42,7932,0
BITC.US,D,20250203,000000,41.54,44.7455,41.54,44.3999,14300,0
BITC.US,D,20250204,000000,44.479,44.51,44.2078,44.385,17158,0
BITC.US,D,20250205,000000,44.3201,44.4484,44.29,44.37,4302,0
BITC.US,D,20250206,000000,44.405,44.5,44.35,44.405,11351,0
BITC.US,D,20250207,000000,44.37,44.5,44.35,44.4843,14846,0
BITC.US,D,20250210,000000,44.44,44.47,44.41,44.4655,16227,0
BITC.US,D,20250211,000000,44.439,44.49,44.37,44.425,11294,0
BITC.US,D,20250212,000000,44.43,44.52,44.43,44.455,11843,0
BITC.US,D,20250213,000000,44.479,44.48,44.411,44.4437,9605,0
BITC.US,D,20250214,000000,44.435,44.48,44.42,44.42,3010,0
BITC.US,D,20250218,000000,44.44,44.4438,44.39,44.42,11033,0
BITC.US,D,20250219,000000,44.411,44.53,44.38,44.44,3374,0
