<TICKER>,<PER>,<DATE>,<TIME>,<OPEN>,<HIGH>,<LOW>,<CLOSE>,<VOL>,<OPENINT>
BOAT.US,D,20210805,000000,19.4519,19.9801,19.4519,19.7445,6415.9936883402,0
BOAT.US,D,20210806,000000,20.0158,20.0158,19.5232,19.6826,10947.155275272,0
BOAT.US,D,20210809,000000,19.6478,19.6478,19.5408,19.566,2604.7244959935,0
BOAT.US,D,20210810,000000,19.4764,19.8118,19.4519,19.7889,11718.738717454,0
BOAT.US,D,20210811,000000,20.3322,20.4774,20.3322,20.4774,4480.7312965929,0
BOAT.US,D,20210812,000000,20.6019,20.7509,20.6019,20.743,11486.759381896,0
BOAT.US,D,20210813,000000,20.8059,20.8059,20.6725,20.6884,8251.6562566686,0
BOAT.US,D,20210816,000000,20.6964,20.743,20.5559,20.7193,19056.345961734,0
BOAT.US,D,20210817,000000,20.9152,21.181,20.8605,21.0152,26609.542697212,0
BOAT.US,D,20210818,000000,20.9627,21.1342,20.9072,21.0097,19906.096353941,0
BOAT.US,D,20210819,000000,20.4774,20.4774,20.0705,20.2625,10033.106262883,0
BOAT.US,D,20210820,000000,19.7096,19.8667,19.6478,19.8667,10280.214685543,0
BOAT.US,D,20210823,000000,20.3204,20.5321,20.2498,20.5321,14308.334126344,0
BOAT.US,D,20210824,000000,20.7034,21.0556,20.7034,21.0001,18030.089553342,0
BOAT.US,D,20210825,000000,20.9937,21.0794,20.966,21.0437,6422.2974746327,0
BOAT.US,D,20210826,000000,21.165,21.2713,20.9232,21.1144,11986.019256248,0
BOAT.US,D,20210827,000000,21.3767,21.7837,21.3767,21.7837,10164.225017764,0
BOAT.US,D,20210830,000000,22.8718,22.8718,22.0256,22.1201,22297.752873254,0
BOAT.US,D,20210831,000000,21.9869,22.0812,21.909,22.0011,7846.9531767006,0
BOAT.US,D,20210901,000000,22.0495,22.285,22.0495,22.2454,38656.078301868,0
BOAT.US,D,20210902,000000,22.511,24.3734,22.4889,22.5388,24176.28118837,0
BOAT.US,D,20210903,000000,22.5268,22.8633,22.5268,22.7697,13854.461513297,0
BOAT.US,D,20210907,000000,24.7486,24.7486,23.1257,23.4034,34538.445095713,0
BOAT.US,D,20210908,000000,23.1607,23.4263,22.7149,22.8323,21333.273570526,0
BOAT.US,D,20210909,000000,23.0829,23.474,23.0829,23.3558,21039.517129303,0
BOAT.US,D,20210910,000000,23.5129,23.6929,23.3558,23.474,31752.171554499,0
BOAT.US,D,20210913,000000,23.6929,23.8651,23.5169,23.5993,28020.330069436,0
BOAT.US,D,20210914,000000,24.0213,24.0213,23.7088,23.7635,29349.168219861,0
BOAT.US,D,20210915,000000,24.0371,25.0389,23.9745,24.433,68808.348895371,0
BOAT.US,D,20210916,000000,24.6161,24.7186,24.4385,24.5043,78403.972389567,0
BOAT.US,D,20210917,000000,24.6557,24.7416,24.2569,24.287,26469.598641522,0
BOAT.US,D,20210920,000000,24.287,24.287,22.6998,22.9418,67468.16392962,0
BOAT.US,D,20210921,000000,23.271,23.271,22.9886,23.1218,29505.50211991,0
BOAT.US,D,20210922,000000,23.5843,23.8269,23.5843,23.6548,27470.639904744,0
BOAT.US,D,20210923,000000,23.8896,24.0545,23.7644,24.0229,36023.617146188,0
BOAT.US,D,20210924,000000,24.2108,24.2108,23.7135,24.0079,121490.35169768,0
BOAT.US,D,20210927,000000,24.2893,24.2893,23.4526,23.647,43937.390457587,0
BOAT.US,D,20210928,000000,23.0124,23.0124,22.5421,22.6982,47080.458302945,0
BOAT.US,D,20210929,000000,22.8473,22.8473,22.3967,22.4301,25743.402460644,0
BOAT.US,D,20210930,000000,21.9931,22.1502,21.8757,22.0518,26300.657168888,0
BOAT.US,D,20211001,000000,22.0478,22.3342,22.0011,22.2905,12594.965012088,0
BOAT.US,D,20211004,000000,22.5499,22.5499,20.966,21.0294,39949.615249054,0
BOAT.US,D,20211005,000000,21.3269,21.5775,21.3269,21.4838,17160.167045,0
BOAT.US,D,20211006,000000,21.092,21.3974,21.0294,21.3348,18146.079221121,0
BOAT.US,D,20211007,000000,21.6013,21.6759,21.5545,21.5545,19256.80636583,0
BOAT.US,D,20211008,000000,21.2094,21.3816,20.9352,20.9819,39505.828694075,0
BOAT.US,D,20211011,000000,20.9509,21.2643,20.8883,20.8883,15340.894321031,0
BOAT.US,D,20211012,000000,20.9819,21.1072,20.9358,20.9819,13681.737768888,0
BOAT.US,D,20211013,000000,20.9897,20.9897,20.7859,20.8486,15248.859041162,0
BOAT.US,D,20211014,000000,20.8327,20.8327,20.4178,20.4178,15736.772100188,0
BOAT.US,D,20211015,000000,20.4806,20.4964,20.3315,20.4409,7234.2251490855,0
BOAT.US,D,20211018,000000,20.6296,21.0294,20.6296,20.9588,27958.552963773,0
BOAT.US,D,20211019,000000,21.4918,21.8264,21.4918,21.7385,28145.145038025,0
BOAT.US,D,20211020,000000,21.6252,21.6252,21.3032,21.5617,27967.378264581,0
BOAT.US,D,20211021,000000,21.5934,21.5934,21.242,21.3974,35897.54142034,0
BOAT.US,D,20211022,000000,21.4212,21.4212,21.1627,21.4054,24221.668449674,0
BOAT.US,D,20211025,000000,21.5545,21.7893,21.5545,21.6798,19938.876042662,0
BOAT.US,D,20211026,000000,21.9306,21.9385,21.5545,21.5617,32016.930578778,0
BOAT.US,D,20211027,000000,21.3974,21.4991,21.0056,21.0056,24321.268273094,0
BOAT.US,D,20211028,000000,21.1151,21.2959,21.1151,21.2959,9700.2663466476,0
BOAT.US,D,20211029,000000,21.6252,21.6252,21.4362,21.5775,9066.1054456386,0
BOAT.US,D,20211101,000000,21.6798,21.9217,21.6029,21.8757,18562.129116415,0
BOAT.US,D,20211102,000000,21.8757,21.8757,21.5784,21.6401,10856.380752662,0
BOAT.US,D,20211103,000000,21.9067,22.2208,21.7654,22.2208,16657.12489887,0
BOAT.US,D,20211104,000000,22.2129,22.2129,21.6013,21.7266,13503.970995444,0
BOAT.US,D,20211105,000000,21.7266,21.7266,21.123,21.1857,26941.121856187,0
BOAT.US,D,20211108,000000,21.4212,21.5696,21.4125,21.4402,11279.995191507,0
BOAT.US,D,20211109,000000,21.6878,21.7266,21.4054,21.6401,10352.077849275,0
BOAT.US,D,20211110,000000,21.656,21.656,21.1556,21.2094,9458.2009530219,0
BOAT.US,D,20211111,000000,21.3974,21.6323,21.396,21.5545,18449.921720411,0
BOAT.US,D,20211112,000000,21.4601,21.5798,21.4441,21.5798,4828.7002999299,0
BOAT.US,D,20211115,000000,21.5617,21.5617,21.1548,21.2015,18985.743555258,0
BOAT.US,D,20211116,000000,21.0445,21.0445,20.7073,20.7629,22602.856129802,0
BOAT.US,D,20211117,000000,20.8644,20.8723,20.7113,20.7859,9639.7499982412,0
BOAT.US,D,20211118,000000,20.6138,20.7154,20.4178,20.5511,14493.665443341,0
BOAT.US,D,20211119,000000,20.7154,20.8177,20.6884,20.7073,8651.3163076028,0
BOAT.US,D,20211122,000000,20.8802,20.9977,20.7154,20.755,12853.420250074,0
BOAT.US,D,20211123,000000,20.6527,21.9306,20.5194,20.5511,4555.1159748425,0
BOAT.US,D,20211124,000000,20.5036,20.7701,20.5036,20.7629,3723.016184254,0
BOAT.US,D,20211126,000000,20.5979,20.5979,20.3473,20.4742,15735.511342932,0
BOAT.US,D,20211129,000000,21.2094,21.2094,20.8296,21.0761,7991.9402614244,0
BOAT.US,D,20211130,000000,20.9352,21.3428,20.9352,21.0961,13574.573401918,0
BOAT.US,D,20211201,000000,21.3269,21.3348,20.747,20.747,69537.066590765,0
BOAT.US,D,20211202,000000,20.9113,21.3974,20.7859,21.2737,45648.238057327,0
BOAT.US,D,20211203,000000,21.7425,21.7503,21.4362,21.6323,34010.187804415,0
BOAT.US,D,20211206,000000,21.821,22.2208,21.7671,22.1343,26396.47472053,0
BOAT.US,D,20211207,000000,22.573,23.0124,22.573,22.7768,21545.080789948,0
BOAT.US,D,20211208,000000,22.8236,23.1528,22.8084,22.8552,16109.956248695,0
BOAT.US,D,20211209,000000,22.7061,22.7061,22.4944,22.5721,9512.4135151361,0
BOAT.US,D,20211210,000000,22.7926,22.7926,22.5427,22.6753,7440.9893394742,0
BOAT.US,D,20211213,000000,22.4634,22.4634,22.2129,22.2438,6236.9661576378,0
BOAT.US,D,20211214,000000,21.8916,22.1883,21.6521,21.7663,7529.2423475669,0
BOAT.US,D,20211215,000000,21.6639,22.017,21.5696,21.9852,9098.8851343587,0
BOAT.US,D,20211216,000000,22.4714,22.6047,22.3303,22.3532,3661.2390785891,0
BOAT.US,D,20211217,000000,22.1891,22.2905,22.0598,22.158,2126.8974950344,0
BOAT.US,D,20211220,000000,22.1264,22.2168,21.7893,22.2161,94101.661014743,0
BOAT.US,D,20211221,000000,22.4237,22.6903,22.2905,22.6823,13807.813494734,0
BOAT.US,D,20211222,000000,22.4792,22.6903,22.3382,22.5889,20170.855378219,0
BOAT.US,D,20211223,000000,22.8395,23.0591,22.7918,23.0005,18719.723773723,0
BOAT.US,D,20211227,000000,22.9727,23.2393,22.9727,23.1845,15948.579319612,0
BOAT.US,D,20211228,000000,23.248,23.7079,23.0972,23.1131,46885.040927883,0
BOAT.US,D,20211229,000000,23.1925,23.5097,23.1131,23.4588,10551.277496113,0
BOAT.US,D,20211230,000000,23.4065,23.6206,23.3669,23.3748,35528.13954361,0
BOAT.US,D,20211231,000000,23.462,23.6365,23.462,23.6,4748.011835388,0
BOAT.US,D,20220103,000000,23.6365,24.3424,23.6365,24.2235,24128.372412549,0
BOAT.US,D,20220104,000000,24.517,24.5884,24.4813,24.5487,19790.106686161,0
BOAT.US,D,20220105,000000,24.4456,24.5884,24.1124,24.1124,15299.289331501,0
BOAT.US,D,20220106,000000,24.1284,24.3108,24.0766,24.0766,5374.6081928462,0
BOAT.US,D,20220107,000000,24.0966,24.3663,24.0076,24.2591,19748.501696632,0
BOAT.US,D,20220110,000000,24.0569,24.0569,23.6921,23.8511,12930.326442842,0
BOAT.US,D,20220111,000000,23.8507,24.3424,23.819,24.1918,9898.205236227,0
BOAT.US,D,20220112,000000,24.6597,24.6757,24.5567,24.6673,10178.093347607,0
BOAT.US,D,20220113,000000,24.866,24.9374,24.6505,24.6505,33582.791093794,0
BOAT.US,D,20220114,000000,24.9452,24.9452,24.747,24.8721,5050.5935774202,0
BOAT.US,D,20220118,000000,24.3345,24.4218,24.16,24.2349,10637.008989689,0
BOAT.US,D,20220119,000000,24.16,24.16,23.8507,23.8745,32545.187870075,0
BOAT.US,D,20220120,000000,23.819,24.0013,23.5005,23.5005,24999.555678149,0
BOAT.US,D,20220121,000000,23.2558,23.2558,22.7641,22.7849,57290.070582014,0
BOAT.US,D,20220124,000000,22.5737,22.5737,21.6537,22.4429,31361.336804375,0
BOAT.US,D,20220125,000000,22.0503,22.4786,21.7886,22.3373,11320.339423778,0
BOAT.US,D,20220126,000000,22.7878,22.9465,22.4516,22.5388,3699.0617963431,0
BOAT.US,D,20220127,000000,22.78,22.9068,22.6292,22.6967,4238.6659029671,0
BOAT.US,D,20220128,000000,22.9068,23.0733,22.7085,23.0664,7352.7363313814,0
BOAT.US,D,20220131,000000,23.462,23.7238,23.3865,23.6944,42814.055740292,0
BOAT.US,D,20220201,000000,23.7159,24.0966,23.7159,24.0507,12389.461578958,0
BOAT.US,D,20220202,000000,24.3108,24.3108,24.1363,24.1918,30316.169037106,0
BOAT.US,D,20220203,000000,23.7635,24.0529,23.7159,23.7248,9219.9178311717,0
BOAT.US,D,20220204,000000,23.7953,24.0092,23.589,23.8923,19850.623034567,0
BOAT.US,D,20220207,000000,24.1204,24.4139,24.0824,24.3028,24910.041912798,0
BOAT.US,D,20220208,000000,24.5884,24.6519,24.4298,24.6202,44787.140849793,0
BOAT.US,D,20220209,000000,24.9613,25.3023,24.9453,25.2538,68462.901406551,0
BOAT.US,D,20220210,000000,25.215,25.8257,25.215,25.5798,79460.486972162,0
BOAT.US,D,20220211,000000,25.6671,25.913,25.1912,25.317,24292.270856149,0
BOAT.US,D,20220214,000000,25.2309,25.3775,25.1277,25.206,18688.204842261,0
BOAT.US,D,20220215,000000,25.3895,25.8654,25.3895,25.7219,218300.11930362,0
BOAT.US,D,20220216,000000,25.6433,26.04,25.6433,25.9685,18413.359759916,0
BOAT.US,D,20220217,000000,26.032,26.3493,26.0162,26.0241,31884.551066639,0
BOAT.US,D,20220218,000000,26.2064,26.484,26.0707,26.1351,15634.650762254,0
BOAT.US,D,20220222,000000,25.9764,26.254,25.4767,26.0398,72836.468336174,0
BOAT.US,D,20220223,000000,26.3175,26.3652,25.8416,25.8662,32098.879800579,0
BOAT.US,D,20220224,000000,25.1675,26.0716,24.287,26.0499,38294.240968686,0
BOAT.US,D,20220225,000000,26.3969,26.8409,26.1839,26.7692,130037.02515284,0
BOAT.US,D,20220228,000000,26.8489,27.1662,26.6824,27.0592,53253.125840401,0
BOAT.US,D,20220301,000000,27.1028,27.1662,26.2779,26.4682,248018.68940022,0
BOAT.US,D,20220302,000000,26.6666,26.9589,26.373,26.8496,65305.965231348,0
BOAT.US,D,20220303,000000,27.6738,27.7929,27.2663,27.3844,93446.067240339,0
BOAT.US,D,20220304,000000,27.4836,27.5311,27.0869,27.5231,49586.843732778,0
BOAT.US,D,20220307,000000,27.4756,27.6025,26.9997,27.0552,43014.516144389,0
BOAT.US,D,20220308,000000,26.7221,27.0076,26.3176,26.7855,81831.971375338,0
BOAT.US,D,20220309,000000,27.3328,27.4042,27.1384,27.2059,25743.402460644,0
BOAT.US,D,20220310,000000,27.1821,27.4042,27.0394,27.3646,59926.314009468,0
BOAT.US,D,20220311,000000,27.8722,28.1022,27.4287,27.6738,83982.823258285,0
BOAT.US,D,20220314,000000,27.777,27.8324,27.2059,27.3408,18664.25045435,0
BOAT.US,D,20220315,000000,27.0314,27.0711,26.5515,27.0473,38763.242668837,0
BOAT.US,D,20220316,000000,27.9832,28.5226,27.8089,28.4354,88845.564004193,0
BOAT.US,D,20220317,000000,28.3719,28.586,28.3719,28.483,106365.04686786,0
BOAT.US,D,20220318,000000,28.6258,29.038,28.5781,29.038,55864.154122687,0
BOAT.US,D,20220321,000000,28.9509,29.0302,28.721,28.9669,82503.954994101,0
BOAT.US,D,20220322,000000,28.9113,29.1967,28.8715,28.9271,25463.514349264,0
BOAT.US,D,20220323,000000,29.1254,29.1254,28.4116,28.6971,25902.257875211,0
BOAT.US,D,20220324,000000,28.5542,28.5542,27.9396,28.0388,94257.994914793,0
BOAT.US,D,20220325,000000,27.8088,27.8088,27.4517,27.7373,34266.121527883,0
BOAT.US,D,20220328,000000,27.9515,27.9515,27.591,27.8642,81707.15640675,0
BOAT.US,D,20220329,000000,28.0265,28.0265,27.1909,27.8481,79668.629273172,0
BOAT.US,D,20220330,000000,27.9615,28.213,27.955,28.075,48607.898558493,0
BOAT.US,D,20220331,000000,28.059,28.3428,28.0346,28.0346,32098.718302461,0
BOAT.US,D,20220401,000000,28.3266,28.5699,28.1806,28.3347,74584.709068881,0
BOAT.US,D,20220404,000000,28.286,28.286,27.6858,27.7669,53722.637871686,0
BOAT.US,D,20220405,000000,27.629,27.629,26.8583,27.0206,44695.104492435,0
BOAT.US,D,20220406,000000,27.2883,27.2883,25.885,25.9417,88348.52310402,0
BOAT.US,D,20220407,000000,25.8768,25.9417,25.5117,25.7471,37566.02822148,0
BOAT.US,D,20220408,000000,25.8768,26.2324,25.8768,26.1364,8208.9778468427,0
BOAT.US,D,20220411,000000,26.3554,26.3554,25.3008,25.3089,32319.383122192,0
BOAT.US,D,20220412,000000,25.3982,25.4955,25.2684,25.2684,9023.8350861824,0
BOAT.US,D,20220413,000000,25.4874,25.9661,25.4874,25.9336,63039.870874605,0
BOAT.US,D,20220414,000000,26.2256,26.5338,26.1851,26.404,130135.53648057,0
BOAT.US,D,20220418,000000,26.615,26.7084,26.2662,26.6636,56815.64364098,0
BOAT.US,D,20220419,000000,26.9394,27.2558,26.922,27.2558,29747.836675501,0
BOAT.US,D,20220420,000000,27.2721,27.3045,26.8583,26.9881,33417.776163419,0
BOAT.US,D,20220421,000000,27.0019,27.1097,26.2743,26.3149,114717.35267963,0
BOAT.US,D,20220422,000000,26.3959,26.5663,25.9579,25.9742,28723.409495635,0
BOAT.US,D,20220425,000000,25.6335,28.1481,24.1815,24.7412,59348.974392633,0
BOAT.US,D,20220426,000000,24.8385,24.9033,24.441,24.6032,17728.384204151,0
BOAT.US,D,20220427,000000,25.1629,25.859,25.1629,25.7251,44400.473811343,0
BOAT.US,D,20220428,000000,26.0472,26.2743,25.6495,26.2175,12168.616958429,0
BOAT.US,D,20220429,000000,26.3149,26.4508,25.8038,25.8038,14129.945048883,0
BOAT.US,D,20220502,000000,26.0066,26.3432,25.9328,26.2743,26695.512129957,0
BOAT.US,D,20220503,000000,26.5094,27.0935,26.5094,27.0611,33437.500393117,0
BOAT.US,D,20220504,000000,27.2071,27.8399,27.0546,27.8155,11718.657968477,0
BOAT.US,D,20220505,000000,27.4018,27.5884,26.6718,27.0286,21325.590595064,0
BOAT.US,D,20220506,000000,27.0286,27.337,26.8583,27.1179,12682.679694897,0
BOAT.US,D,20220509,000000,26.5988,26.6555,25.6091,25.6091,36994.02556028,0
BOAT.US,D,20220510,000000,26.0877,26.4447,25.8768,26.1202,11028.309929097,0
BOAT.US,D,20220511,000000,26.5988,26.907,26.1725,26.2581,27469.688145546,0
BOAT.US,D,20220512,000000,26.2337,26.2662,25.7147,26.0877,17480.598568589,0
BOAT.US,D,20220513,000000,26.5419,27.3817,26.5419,27.3264,9682.1312523055,0
BOAT.US,D,20220516,000000,27.6047,27.8642,27.1503,27.7669,58301.124690003,0
BOAT.US,D,20220517,000000,28.3833,28.4888,28.0265,28.3347,50151.31953225,0
BOAT.US,D,20220518,000000,28.3509,28.3509,27.6614,27.6695,46504.802567097,0
BOAT.US,D,20220519,000000,27.5398,28.286,27.3127,28.1075,40726.836030356,0
BOAT.US,D,20220520,000000,28.5699,28.8295,28.221,28.4969,33097.25743085,0
BOAT.US,D,20220523,000000,29.154,29.5921,28.9999,29.5596,35751.399089395,0
BOAT.US,D,20220524,000000,29.4866,29.5677,29.2108,29.5027,14205.143674601,0
BOAT.US,D,20220525,000000,29.4217,29.8678,29.3974,29.7624,58290.0298108,0
BOAT.US,D,20220526,000000,29.9976,30.3221,29.9489,30.2815,209600.75963499,0
BOAT.US,D,20220527,000000,30.452,30.5086,30.0138,30.5086,24546.803857386,0
BOAT.US,D,20220531,000000,29.9327,29.9327,29.3081,29.3649,256581.40924352,0
BOAT.US,D,20220601,000000,29.9003,30.0523,29.5474,29.9164,16548.628715426,0
BOAT.US,D,20220602,000000,30.0706,30.4925,30.0098,30.3626,51920.336383162,0
BOAT.US,D,20220603,000000,30.1193,30.3229,29.9652,30.3109,15127.251412915,0
BOAT.US,D,20220606,000000,30.5086,30.6304,30.2409,30.2896,31312.21464331,0
BOAT.US,D,20220607,000000,30.1193,30.4601,30.0949,30.4601,20763.450048711,0
BOAT.US,D,20220608,000000,30.0138,30.0138,28.6511,28.6672,84076.994610357,0
BOAT.US,D,20220609,000000,27.783,27.783,26.8908,26.8989,60769.118930787,0
BOAT.US,D,20220610,000000,26.6474,26.8259,26.4285,26.6555,28879.970568852,0
BOAT.US,D,20220613,000000,25.9417,25.9661,25.244,25.2684,67774.918766138,0
BOAT.US,D,20220614,000000,25.5848,26.0472,25.5848,25.7308,17346.22725378,0
BOAT.US,D,20220615,000000,25.885,26.2093,25.5848,26.0715,23242.539168701,0
BOAT.US,D,20220616,000000,25.0738,25.0738,24.7412,24.8709,20102.688353877,0
BOAT.US,D,20220617,000000,24.9197,24.9358,24.66,24.7249,7723.2686905646,0
BOAT.US,D,20220621,000000,25.2094,25.4942,24.3356,25.3414,65787.702624208,0
BOAT.US,D,20220622,000000,24.8547,24.8547,24.3194,24.3194,17521.279792338,0
BOAT.US,D,20220623,000000,23.938,23.938,23.5001,23.7515,19953.523866795,0
BOAT.US,D,20220624,000000,23.9299,24.2059,23.8569,24.1328,17268.56309935,0
BOAT.US,D,20220627,000000,24.6032,25.1143,24.6032,25.0413,41036.259883721,0
BOAT.US,D,20220628,000000,25.109,25.126,24.6776,24.6932,10967.042299406,0
BOAT.US,D,20220629,000000,24.5337,24.5337,24.1953,24.2122,15054.564639494,0
BOAT.US,D,20220630,000000,23.7723,24.06,23.6538,23.9839,11308.654201165,0
BOAT.US,D,20220701,000000,23.6877,23.7639,23.1041,23.544,27873.876316262,0
BOAT.US,D,20220705,000000,23.0109,23.0194,22.6726,23.0194,11909.134637476,0
BOAT.US,D,20220706,000000,22.8756,22.8756,22.2157,22.4103,50004.180900167,0
BOAT.US,D,20220707,000000,23.0363,23.5777,23.0363,23.4085,40031.241055364,0
BOAT.US,D,20220708,000000,23.5692,23.7046,23.4636,23.607,5485.8852459088,0
BOAT.US,D,20220711,000000,23.2054,23.2054,23.0363,23.0871,20285.12749516,0
BOAT.US,D,20220712,000000,23.0363,23.1209,22.9094,22.9477,4102.8889654276,0
BOAT.US,D,20220713,000000,22.9178,23.2858,22.9178,23.2478,16022.662035831,0
BOAT.US,D,20220714,000000,23.0109,23.2027,22.8502,23.2027,9102.9524410134,0
BOAT.US,D,20220715,000000,23.4593,23.7469,23.4593,23.7469,4632.4465155605,0
BOAT.US,D,20220718,000000,24.3814,24.779,24.3221,24.5675,17424.57108596,0
BOAT.US,D,20220719,000000,24.999,25.5996,24.999,25.501,10574.602329218,0
BOAT.US,D,20220720,000000,25.3374,25.6504,25.3374,25.6504,10709.355812957,0
BOAT.US,D,20220721,000000,25.7858,26.0142,25.6081,26.0142,119183.5461268,0
BOAT.US,D,20220722,000000,26.1072,26.1072,25.6757,25.7603,13721.214379338,0
BOAT.US,D,20220725,000000,25.8871,25.9295,25.7773,25.9202,31855.014327084,0
BOAT.US,D,20220726,000000,25.8112,25.8112,25.5996,25.6832,5222.2885189452,0
BOAT.US,D,20220727,000000,26.0565,26.5386,26.0565,26.5335,12123.085344116,0
BOAT.US,D,20220728,000000,26.9533,26.9533,26.4373,26.767,161879.12360627,0
BOAT.US,D,20220729,000000,26.8939,27.1816,26.8939,27.1816,12827.586013489,0
BOAT.US,D,20220801,000000,27.1986,27.5445,27.1986,27.4439,29511.012938883,0
BOAT.US,D,20220802,000000,27.4608,27.4608,26.9236,27.217,29352.618493085,0
BOAT.US,D,20220803,000000,27.0293,27.2409,27.0293,27.1986,8128.9448041617,0
BOAT.US,D,20220804,000000,27.1816,27.1816,27.004,27.0247,14650.304188277,0
BOAT.US,D,20220805,000000,27.1394,27.57,27.1394,27.5161,13320.500072429,0
BOAT.US,D,20220808,000000,27.5116,27.8077,27.5116,27.5685,13878.426777033,0
BOAT.US,D,20220809,000000,27.6469,27.6808,27.5793,27.6131,8593.489708631,0
BOAT.US,D,20220810,000000,28.0785,28.0953,27.9515,28.0309,11671.542968779,0
BOAT.US,D,20220811,000000,28.5699,28.5733,28.2307,28.3438,8036.7450521296,0
BOAT.US,D,20220812,000000,28.1038,28.2391,27.8331,28.1714,22678.774903686,0
BOAT.US,D,20220815,000000,27.207,27.317,26.9194,27.2025,23242.611848804,0
BOAT.US,D,20220816,000000,27.3423,27.41,27.1563,27.3932,12936.334438963,0
BOAT.US,D,20220817,000000,27.0717,27.2493,27.0168,27.1215,6425.6134877742,0
BOAT.US,D,20220818,000000,27.0801,27.3508,27.0801,27.2702,10415.025835316,0
BOAT.US,D,20220819,000000,27.0801,27.0801,26.6995,26.8083,7086.3783773374,0
BOAT.US,D,20220822,000000,26.5641,26.767,26.361,26.6571,11842.93994371,0
BOAT.US,D,20220823,000000,26.691,26.7146,26.4457,26.4457,8859.4505318005,0
BOAT.US,D,20220824,000000,26.6318,26.6318,26.4372,26.5218,15034.469821743,0
BOAT.US,D,20220825,000000,26.8178,26.8178,26.6751,26.721,1405.4551944377,0
BOAT.US,D,20220826,000000,26.6063,26.6063,25.9549,25.9718,45117.594042467,0
BOAT.US,D,20220829,000000,25.6673,25.9211,25.6588,25.7291,18590.070515494,0
BOAT.US,D,20220830,000000,25.5066,25.5066,25.109,25.1104,10283.818495886,0
BOAT.US,D,20220831,000000,25.1766,25.3204,25.1428,25.1512,14724.773218764,0
BOAT.US,D,20220901,000000,24.5591,24.5634,24.3391,24.4345,78960.813278756,0
BOAT.US,D,20220902,000000,24.4915,24.5675,24.1845,24.3128,9423.2874769198,0
BOAT.US,D,20220906,000000,24.1107,24.2587,23.9162,23.975,7172.6678888546,0
BOAT.US,D,20220907,000000,23.6962,23.73,23.5524,23.7046,16188.148770248,0
BOAT.US,D,20220908,000000,23.4423,23.6793,23.4001,23.6586,10218.805850222,0
BOAT.US,D,20220909,000000,23.9331,24.4406,23.9331,24.4406,12365.405205226,0
BOAT.US,D,20220912,000000,24.7705,24.779,24.4492,24.629,7432.7184715092,0
BOAT.US,D,20220913,000000,24.4448,24.4914,24.1318,24.1318,34838.503738994,0
BOAT.US,D,20220914,000000,24.5675,24.8805,24.5675,24.7539,45760.628210485,0
BOAT.US,D,20220915,000000,24.4153,24.4237,24.1616,24.1616,3392.4780555393,0
BOAT.US,D,20220916,000000,23.7723,23.7723,23.4508,23.6453,4786.1127689473,0
BOAT.US,D,20220919,000000,23.1632,23.6793,23.0448,23.6793,12028.521495877,0
BOAT.US,D,20220920,000000,23.5946,23.6707,23.5101,23.6368,5203.3757492976,0
BOAT.US,D,20220921,000000,24.0092,24.0092,23.5607,23.6327,28177.662678727,0
BOAT.US,D,20220922,000000,23.4338,23.6031,23.1378,23.2666,5709.2923373711,0
BOAT.US,D,20220923,000000,22.5117,22.5117,21.8434,21.994,14398.527942343,0
BOAT.US,D,20220926,000000,21.7927,21.9871,21.6574,21.6911,9545.0384315262,0
BOAT.US,D,20220927,000000,21.9619,22.0465,21.8435,22.0127,3972.8636741003,0
BOAT.US,D,20220928,000000,22.3478,22.3478,21.598,22.0029,10723.472702255,0
BOAT.US,D,20220929,000000,21.3862,21.3862,20.804,21.0218,8946.2393022827,0
BOAT.US,D,20220930,000000,21.0863,21.4215,21.0774,21.0774,5873.4843613872,0
BOAT.US,D,20221003,000000,21.5018,21.7656,21.5018,21.6621,10891.22177317,0
BOAT.US,D,20221004,000000,22.0127,22.1707,21.9554,22.1464,15639.200543887,0
BOAT.US,D,20221005,000000,21.7038,21.9067,21.4216,21.7873,7701.7225464349,0
BOAT.US,D,20221006,000000,21.7215,21.9156,21.7215,21.8082,1506.3413192365,0
BOAT.US,D,20221007,000000,21.8008,21.8891,21.6597,21.8274,15740.07667437,0
BOAT.US,D,20221010,000000,21.8538,21.8538,21.5097,21.5819,10971.695989623,0
BOAT.US,D,20221011,000000,21.5362,21.642,21.2813,21.4262,4370.5433611557,0
BOAT.US,D,20221012,000000,21.545,21.8185,21.5292,21.7139,3371.9830133398,0
BOAT.US,D,20221013,000000,21.4039,22.3744,21.4039,22.2593,4324.0723347534,0
BOAT.US,D,20221014,000000,22.4538,22.5085,22.2509,22.392,12150.473244707,0
BOAT.US,D,20221017,000000,22.9214,23.1155,22.8243,22.8961,5196.8208793825,0
BOAT.US,D,20221018,000000,23.2743,23.3022,23.1684,23.3022,5173.0186463472,0
BOAT.US,D,20221019,000000,23.0449,23.1243,22.8332,22.8752,2881.2036369445,0
BOAT.US,D,20221020,000000,22.8332,22.8605,22.4538,22.5039,3022.8835954881,0
BOAT.US,D,20221021,000000,22.8685,23.1242,22.8685,23.1066,2733.856480059,0
BOAT.US,D,20221024,000000,22.9919,23.0228,22.842,23.0228,6222.5837792388,0
BOAT.US,D,20221025,000000,23.0272,23.4397,23.0008,23.4078,7118.0011172349,0
BOAT.US,D,20221026,000000,23.4904,23.5566,23.4154,23.4525,2371.1557861872,0
BOAT.US,D,20221027,000000,23.1949,23.1949,22.891,22.891,1374.862317708,0
BOAT.US,D,20221028,000000,22.5949,22.5949,22.2861,22.4966,8277.5098979565,0
BOAT.US,D,20221031,000000,22.4097,22.5067,22.4097,22.4935,2283.8809317243,0
BOAT.US,D,20221101,000000,22.9479,23.1286,22.9479,23.1286,904.48485534291,0
BOAT.US,D,20221102,000000,23.0978,23.3625,22.7668,22.7668,4642.5688815596,0
BOAT.US,D,20221103,000000,22.5596,22.7978,22.5596,22.6918,1227.5151608225,0
BOAT.US,D,20221104,000000,23.4754,23.6448,23.3585,23.5831,2747.4577560792,0
BOAT.US,D,20221107,000000,24.033,24.1477,24.033,24.1124,4093.9840820784,0
BOAT.US,D,20221108,000000,24.3771,24.5583,24.2845,24.3736,3317.577909259,0
BOAT.US,D,20221109,000000,24.2977,24.2977,23.8328,23.8328,3544.2658429289,0
BOAT.US,D,20221110,000000,24.5977,24.5977,24.3198,24.5058,3131.6938036497,0
BOAT.US,D,20221111,000000,24.8801,25.0476,24.8448,25.0274,9106.05429552,0
BOAT.US,D,20221114,000000,25.0476,25.3651,25.0476,25.0501,4139.3216688124,0
BOAT.US,D,20221115,000000,25.3829,25.5241,25.0388,25.1846,9155.9256409273,0
BOAT.US,D,20221116,000000,24.836,24.924,24.7477,24.7477,13883.502497613,0
BOAT.US,D,20221117,000000,24.73,24.9329,24.73,24.9329,3327.7788662742,0
BOAT.US,D,20221118,000000,24.7036,24.7036,24.5094,24.6374,2348.4869928202,0
BOAT.US,D,20221121,000000,24.2184,24.5624,24.2184,24.5624,5573.1228492745,0
BOAT.US,D,20221122,000000,24.8094,24.9595,24.7654,24.8827,4174.4582985312,0
BOAT.US,D,20221123,000000,25.0919,25.0919,25.0432,25.0476,1106.2371163091,0
BOAT.US,D,20221125,000000,24.9771,25.277,24.9771,25.277,2135.4003351705,0
BOAT.US,D,20221128,000000,25.1005,25.1005,24.7874,24.7874,3447.9234711192,0
BOAT.US,D,20221129,000000,24.6683,25.1076,24.6683,24.9413,9614.9687066089,0
BOAT.US,D,20221130,000000,25.4094,25.7623,25.277,25.7138,5740.8719201903,0
BOAT.US,D,20221201,000000,25.674,25.674,25.4359,25.4843,3269.9734431883,0
BOAT.US,D,20221202,000000,24.8801,25.5681,24.8801,25.5418,10477.516294223,0
BOAT.US,D,20221205,000000,25.7005,25.727,25.3035,25.3035,8617.5417984613,0
BOAT.US,D,20221206,000000,25.0829,25.0829,24.7093,24.7607,5124.2807406081,0
BOAT.US,D,20221207,000000,24.6418,24.6418,24.28,24.285,4319.53857608,0
BOAT.US,D,20221208,000000,24.4918,24.8271,24.4918,24.6773,4963.3323077025,0
BOAT.US,D,20221209,000000,24.9682,25.1447,24.9682,24.9682,3561.2674379542,0
BOAT.US,D,20221212,000000,25.0829,25.5329,25.0829,25.4383,8554.0691770338,0
BOAT.US,D,20221213,000000,26.0358,26.124,25.7005,25.7616,7054.5284958074,0
BOAT.US,D,20221214,000000,25.6388,25.7535,25.4094,25.5173,4434.0159825833,0
BOAT.US,D,20221215,000000,25.2947,25.5462,25.277,25.4403,6465.1398682656,0
BOAT.US,D,20221216,000000,25.6476,25.7269,25.5418,25.6299,9311.2068754912,0
BOAT.US,D,20221219,000000,25.1623,25.1711,24.941,24.9531,4580.2296998004,0
BOAT.US,D,20221220,000000,25.1183,25.4535,25.0476,25.3097,3395.7852463751,0
BOAT.US,D,20221221,000000,25.9122,25.9122,25.5108,25.6989,3896.7655797856,0
BOAT.US,D,20221222,000000,25.8064,25.8064,25.233,25.5162,14522.762470562,0
BOAT.US,D,20221223,000000,25.5241,25.7623,25.3962,25.7623,7513.5715614889,0
BOAT.US,D,20221227,000000,25.7984,25.8163,25.5818,25.7307,5237.395690557,0
BOAT.US,D,20221228,000000,25.5457,25.5457,24.9592,24.9592,15920.530361943,0
BOAT.US,D,20221229,000000,25.0223,25.2389,25.0223,25.1034,6778.9143967704,0
BOAT.US,D,20221230,000000,25.0223,25.0765,24.8599,25.0765,14144.071349678,0
BOAT.US,D,20230103,000000,25.3562,25.3562,24.5351,24.5893,18840.661052721,0
BOAT.US,D,20230104,000000,24.2283,24.2283,23.8493,23.8493,11451.123502015,0
BOAT.US,D,20230105,000000,23.5244,23.7581,23.5244,23.7049,19377.034204272,0
BOAT.US,D,20230106,000000,24.014,24.4539,24.014,24.3608,4384.0747676351,0
BOAT.US,D,20230109,000000,24.6794,24.8509,24.6032,24.6032,4724.294927813,0
BOAT.US,D,20230110,000000,24.6975,24.9592,24.693,24.9592,3269.2165228826,0
BOAT.US,D,20230111,000000,25.0314,25.0314,24.7427,24.7427,3085.2538304085,0
BOAT.US,D,20230112,000000,24.7336,24.9863,24.5893,24.9863,8006.8099585853,0
BOAT.US,D,20230113,000000,24.9637,25.1622,24.9501,25.1622,2767.1978500467,0
BOAT.US,D,20230117,000000,25.3652,25.663,25.3652,25.5187,13444.791476478,0
BOAT.US,D,20230118,000000,25.6089,25.7262,25.3358,25.3358,10413.83988662,0
BOAT.US,D,20230119,000000,25.266,25.3246,25.0766,25.3155,3479.776231136,0
BOAT.US,D,20230120,000000,25.7081,25.7081,25.6215,25.7081,2971.1083043553,0
BOAT.US,D,20230123,000000,25.7172,25.8616,25.6269,25.6483,20459.754388291,0
BOAT.US,D,20230124,000000,25.4194,25.5187,25.3722,25.4223,4924.8807551492,0
BOAT.US,D,20230125,000000,25.1126,25.1847,24.8729,25.1835,10657.645864597,0
BOAT.US,D,20230126,000000,25.1035,25.1035,24.7698,24.9772,9280.1420890233,0
BOAT.US,D,20230127,000000,25.0946,25.266,25.0945,25.266,3304.6792105884,0
BOAT.US,D,20230130,000000,25.0765,25.293,25.0765,25.1035,2876.9105401367,0
BOAT.US,D,20230131,000000,25.275,25.4795,25.275,25.4795,2502.3359012437,0
BOAT.US,D,20230201,000000,25.8796,26.6105,25.8796,26.5293,13734.034023079,0
BOAT.US,D,20230202,000000,26.2946,26.466,26.2586,26.2992,6245.8658721919,0
BOAT.US,D,20230203,000000,26.1232,26.3714,26.1232,26.1669,6326.7651285209,0
BOAT.US,D,20230206,000000,26.0872,26.2496,26.0872,26.1503,5485.6345044979,0
BOAT.US,D,20230207,000000,26.3398,26.6285,26.3082,26.6232,2766.0896410559,0
BOAT.US,D,20230208,000000,26.7549,26.8361,26.6917,26.746,17171.698312565,0
BOAT.US,D,20230209,000000,27.1249,27.4046,27.1203,27.17,28158.482247432,0
BOAT.US,D,20230210,000000,27.0817,27.0817,26.773,26.9083,7106.9442580495,0
BOAT.US,D,20230213,000000,27.0256,27.2872,27.0256,27.2535,6608.250212186,0
BOAT.US,D,20230214,000000,27.0707,27.3865,27.0707,27.3602,29949.347976577,0
BOAT.US,D,20230215,000000,27.3504,27.3504,26.9985,27.269,7608.9629308854,0
BOAT.US,D,20230216,000000,27.2692,27.4678,27.1429,27.383,7338.5599371283,0
BOAT.US,D,20230217,000000,27.3324,27.3639,27.2783,27.3118,2532.2575439955,0
BOAT.US,D,20230221,000000,27.4136,27.4858,27.2331,27.2331,3130.6903990316,0
BOAT.US,D,20230222,000000,27.2963,27.2963,27.1577,27.1982,3039.8172617854,0
BOAT.US,D,20230223,000000,27.576,28.0263,27.5679,27.955,31705.859227007,0
BOAT.US,D,20230224,000000,28.1355,28.1535,27.9731,28.1138,8472.2577347245,0
BOAT.US,D,20230227,000000,28.2347,28.5506,28.2077,28.4612,21042.672317456,0
BOAT.US,D,20230228,000000,28.2078,28.4062,28.1987,28.1987,8542.0749011454,0
BOAT.US,D,20230301,000000,28.6919,28.7491,28.5235,28.6047,14476.53404692,0
BOAT.US,D,20230302,000000,28.704,28.7788,28.5731,28.7788,13280.776545839,0
BOAT.US,D,20230303,000000,28.8393,29.1552,28.8393,29.0934,7539.1457644645,0
BOAT.US,D,20230306,000000,28.9657,28.9657,28.5866,28.6363,11137.500357617,0
BOAT.US,D,20230307,000000,28.5054,28.5054,28.0904,28.1156,18571.366267955,0
BOAT.US,D,20230308,000000,28.334,28.4963,28.288,28.4285,5987.6531773338,0
BOAT.US,D,20230309,000000,28.6678,28.6859,28.0633,28.0633,14947.522868014,0
BOAT.US,D,20230310,000000,28.316,28.316,27.7204,27.808,16297.321418817,0
BOAT.US,D,20230313,000000,27.5219,27.6545,27.2602,27.4568,9039.660738018,0
BOAT.US,D,20230314,000000,27.6662,28.1355,27.6572,27.8782,5300.563603033,0
BOAT.US,D,20230315,000000,27.3685,27.54,27.1519,27.3647,10858.231691933,0
BOAT.US,D,20230316,000000,27.1609,27.3454,26.9895,27.3313,5454.6046527553,0
BOAT.US,D,20230317,000000,27.3775,27.3775,27.0707,27.0871,6924.0897745662,0
BOAT.US,D,20230320,000000,27.1249,27.3323,27.1068,27.2723,7437.1905373102,0
BOAT.US,D,20230321,000000,27.3955,27.991,27.3955,27.933,13400.463116846,0
BOAT.US,D,20230322,000000,27.8377,28.0904,27.6843,27.6843,2710.6791915155,0
BOAT.US,D,20230323,000000,28.3249,28.4423,27.8444,27.8444,3754.6120608563,0
BOAT.US,D,20230324,000000,27.4317,27.6933,27.3053,27.585,2940.0784526127,0
BOAT.US,D,20230327,000000,27.6121,27.8106,27.531,27.7248,3227.1045812319,0
BOAT.US,D,20230328,000000,27.9485,27.9485,27.7477,27.8527,3931.156913831,0
BOAT.US,D,20230329,000000,27.839,27.8663,27.693,27.7112,7812.996275077,0
BOAT.US,D,20230330,000000,28.2405,28.2405,28.0488,28.0677,7874.369229405,0
BOAT.US,D,20230331,000000,27.7386,27.8663,27.7021,27.7699,4702.702625383,0
BOAT.US,D,20230403,000000,27.328,27.328,26.7805,26.963,27616.733501987,0
BOAT.US,D,20230404,000000,27.2441,27.2441,27.109,27.1729,4418.852711616,0
BOAT.US,D,20230405,000000,27.0634,27.1096,26.8261,27.1096,7102.823517853,0
BOAT.US,D,20230406,000000,26.8445,26.9102,26.8445,26.9102,528.245785466,0
BOAT.US,D,20230410,000000,26.9174,27.1181,26.9174,27.0843,2317.924971495,0
BOAT.US,D,20230411,000000,27.3827,27.7477,27.3827,27.693,3468.667865145,0
BOAT.US,D,20230412,000000,27.9393,27.9393,27.8481,27.8481,2110.791250638,0
BOAT.US,D,20230413,000000,28.3773,28.7377,28.3773,28.7241,5913.722527748,0
BOAT.US,D,20230414,000000,28.8427,29.0115,28.7515,28.9191,4525.159436077,0
BOAT.US,D,20230417,000000,29.2624,29.7095,29.2624,29.7095,4564.613478145,0
BOAT.US,D,20230418,000000,29.9376,30.0562,29.9376,29.9847,4608.451302665,0
BOAT.US,D,20230419,000000,29.454,29.454,29.1164,29.1985,4636.945888603,0
BOAT.US,D,20230420,000000,29.1164,29.3353,28.9339,28.9978,2886.720744642,0
BOAT.US,D,20230421,000000,28.8244,28.8244,28.4412,28.5416,6387.171032564,0
BOAT.US,D,20230424,000000,28.5142,28.8564,28.5142,28.8244,5378.901068604,0
BOAT.US,D,20230425,000000,28.4686,28.4686,27.9576,27.9576,3702.104280714,0
BOAT.US,D,20230426,000000,27.8298,27.8298,27.4557,27.5462,4650.097235959,0
BOAT.US,D,20230427,000000,27.4466,27.611,27.3645,27.611,6113.184629314,0
BOAT.US,D,20230428,000000,27.2641,27.6109,27.1273,27.5485,6110.992738088,0
BOAT.US,D,20230501,000000,27.2784,27.4831,27.109,27.197,4967.921463729,0
BOAT.US,D,20230502,000000,26.8353,26.8353,26.2102,26.3997,19397.141404487,0
BOAT.US,D,20230503,000000,26.2787,26.4429,26.1327,26.2169,16053.411339224,0
BOAT.US,D,20230504,000000,25.754,25.754,25.4848,25.5943,11321.11818229,0
BOAT.US,D,20230505,000000,25.5578,26.3425,25.5578,26.1679,6690.747967365,0
BOAT.US,D,20230508,000000,26.2604,26.3334,26.0779,26.265,27826.05911407,0
BOAT.US,D,20230509,000000,26.1874,26.2787,26.0962,26.2617,2542.59382216,0
BOAT.US,D,20230510,000000,26.379,26.3882,26.2487,26.3882,3959.651499769,0
BOAT.US,D,20230511,000000,26.3106,26.5414,26.2878,26.428,8599.885225211,0
BOAT.US,D,20230512,000000,26.6619,26.6619,26.0323,26.2144,2417.656022278,0
BOAT.US,D,20230515,000000,26.1692,26.306,26.078,26.1633,4442.963515102,0
BOAT.US,D,20230516,000000,25.8681,26.0506,25.6665,25.7588,6827.74116899,0
BOAT.US,D,20230517,000000,25.6673,25.6673,25.4607,25.6217,4719.141809578,0
BOAT.US,D,20230518,000000,25.5943,25.6947,25.358,25.608,15049.525157716,0
BOAT.US,D,20230519,000000,25.7221,25.9,25.7221,25.9,5678.094220953,0
BOAT.US,D,20230522,000000,26.0141,26.0693,25.8498,25.8498,2863.705886769,0
BOAT.US,D,20230523,000000,25.8133,25.8133,25.567,25.5775,5403.01187209,0
BOAT.US,D,20230524,000000,25.4483,25.4789,25.2385,25.3206,6144.967052091,0
BOAT.US,D,20230525,000000,25.2476,25.2476,24.9556,24.9556,5239.715975753,0
BOAT.US,D,20230526,000000,25.1655,25.3388,25.0742,25.2109,3764.573180655,0
BOAT.US,D,20230530,000000,25.1199,25.1199,24.9018,25.0286,7534.626089375,0
BOAT.US,D,20230531,000000,24.6089,24.7001,24.3534,24.4095,9220.190442169,0
BOAT.US,D,20230601,000000,24.5724,25.0012,24.5724,24.8918,7190.499166893,0
BOAT.US,D,20230602,000000,25.202,25.4301,25.202,25.3936,2496.564106414,0
BOAT.US,D,20230605,000000,25.4076,25.4076,25.0377,25.0742,2908.639656902,0
BOAT.US,D,20230606,000000,24.8644,25.1199,24.6454,25.1136,2137.09394535,0
BOAT.US,D,20230607,000000,25.3115,25.3845,25.1472,25.3753,9835.015931062,0
BOAT.US,D,20230608,000000,25.8042,26.0323,25.8042,25.8954,2342.035774981,0
BOAT.US,D,20230609,000000,25.9411,25.9548,25.8042,25.9137,31200.475656497,0
BOAT.US,D,20230612,000000,25.7495,25.795,25.494,25.6308,5600.28208243,0
BOAT.US,D,20230613,000000,26.2239,26.2331,25.9137,26.0141,18672.721354294,0
BOAT.US,D,20230614,000000,26.0688,26.3516,26.0688,26.1882,2701.505936045,0
BOAT.US,D,20230615,000000,26.2696,26.5316,26.2148,26.5316,3055.496369044,0
BOAT.US,D,20230616,000000,26.3425,26.379,26.1979,26.2894,1660.357603695,0
BOAT.US,D,20230620,000000,25.9593,25.9593,25.6218,25.6657,4537.21483782,0
BOAT.US,D,20230621,000000,25.7678,25.8608,25.7678,25.8589,4303.778422251,0
BOAT.US,D,20230622,000000,25.8772,25.8954,25.7139,25.8179,7320.91669484,0
BOAT.US,D,20230623,000000,25.3936,25.4939,25.2759,25.3571,7745.047647071,0
BOAT.US,D,20230626,000000,25.5578,25.7221,25.5353,25.5353,7691.346312034,0
BOAT.US,D,20230627,000000,25.84,26.12,25.64,25.97,11934,0
BOAT.US,D,20230628,000000,25.72,25.81,25.53,25.755,5773,0
BOAT.US,D,20230629,000000,25.59,25.81,25.55,25.68,18969,0
BOAT.US,D,20230630,000000,26.158,26.2,26.025,26.1,9428,0
BOAT.US,D,20230703,000000,26.48,26.579,26.47,26.47,7531,0
BOAT.US,D,20230705,000000,26.8,26.829,26.5901,26.8,6015,0
BOAT.US,D,20230706,000000,26.5399,26.5399,26.2484,26.4352,3110,0
BOAT.US,D,20230707,000000,26.6498,26.955,26.6498,26.8868,1452,0
BOAT.US,D,20230710,000000,26.77,26.77,26.7071,26.7071,1048,0
BOAT.US,D,20230711,000000,26.97,27.2,26.84,27.2,2409,0
BOAT.US,D,20230712,000000,27.553,27.77,27.4,27.5945,8122,0
BOAT.US,D,20230713,000000,27.67,27.815,27.61,27.815,3870,0
BOAT.US,D,20230714,000000,27.96,27.96,27.5,27.55,8102,0
BOAT.US,D,20230717,000000,27.37,27.56,27.3679,27.4725,5138,0
BOAT.US,D,20230718,000000,27.44,27.66,27.43,27.6,8124,0
BOAT.US,D,20230719,000000,27.77,27.96,27.77,27.87,12956,0
BOAT.US,D,20230720,000000,27.99,27.99,27.6365,27.6762,5234,0
BOAT.US,D,20230721,000000,27.57,27.57,27.2501,27.4,11542,0
BOAT.US,D,20230724,000000,27.35,27.62,27.35,27.55,13410,0
BOAT.US,D,20230725,000000,27.47,27.8,27.47,27.587,7516,0
BOAT.US,D,20230726,000000,27.56,27.82,27.518,27.7781,1984,0
BOAT.US,D,20230727,000000,27.77,28.12,27.74,27.7979,3009,0
BOAT.US,D,20230728,000000,28.379,28.62,28.379,28.61,5054,0
BOAT.US,D,20230731,000000,28.82,28.94,28.65,28.9,10799,0
BOAT.US,D,20230801,000000,28.76,28.76,28.51,28.68,8501,0
BOAT.US,D,20230802,000000,28.49,28.49,28.1701,28.3841,12148,0
BOAT.US,D,20230803,000000,28.71,28.89,28.71,28.81,1715,0
BOAT.US,D,20230804,000000,28.9,29.02,28.8159,28.8159,5913,0
BOAT.US,D,20230807,000000,28.81,28.89,28.7,28.8855,2953,0
BOAT.US,D,20230808,000000,28.77,28.89,28.6301,28.89,2184,0
BOAT.US,D,20230809,000000,28.99,29.149,28.99,29.1,4188,0
BOAT.US,D,20230810,000000,29.22,29.38,29.025,29.025,3322,0
BOAT.US,D,20230811,000000,28.86,28.86,28.7631,28.7631,3165,0
BOAT.US,D,20230814,000000,28.63,28.75,28.48,28.6788,13975,0
BOAT.US,D,20230815,000000,28.71,28.81,28.6425,28.71,3354,0
BOAT.US,D,20230816,000000,28.5,28.5,28.2477,28.2477,4663,0
BOAT.US,D,20230817,000000,28.46,28.49,28.2759,28.2759,1729,0
BOAT.US,D,20230818,000000,28.092,28.4199,28.092,28.3393,1013,0
BOAT.US,D,20230821,000000,28.33,28.33,28.255,28.302,2022,0
BOAT.US,D,20230822,000000,28.3,28.3,28.11,28.1571,3428,0
BOAT.US,D,20230823,000000,28.05,28.11,27.929,28.02,9952,0
BOAT.US,D,20230824,000000,28,28.03,27.81,27.845,6107,0
BOAT.US,D,20230825,000000,27.8,27.8648,27.63,27.8648,2396,0
BOAT.US,D,20230828,000000,28.12,28.29,28.0894,28.0894,785,0
BOAT.US,D,20230829,000000,28.44,28.61,28.37,28.6,7917,0
BOAT.US,D,20230830,000000,28.49,28.49,28.37,28.46,1889,0
BOAT.US,D,20230831,000000,28.3,28.36,28.0601,28.1038,4767,0
BOAT.US,D,20230901,000000,28.47,28.47,28.3,28.3374,3110,0
BOAT.US,D,20230905,000000,28.25,28.2946,27.97,28.1046,4689,0
BOAT.US,D,20230906,000000,28.07,28.07,27.9,27.95,5025,0
BOAT.US,D,20230907,000000,27.83,27.83,27.7349,27.7349,2108,0
BOAT.US,D,20230908,000000,27.73,27.9088,27.73,27.8755,1751,0
BOAT.US,D,20230911,000000,28.19,28.19,27.93,28.0058,2390,0
BOAT.US,D,20230912,000000,27.87,27.99,27.8401,27.9275,5030,0
BOAT.US,D,20230913,000000,27.84,27.9,27.67,27.7699,4794,0
BOAT.US,D,20230914,000000,28.15,28.265,28.1195,28.1195,4134,0
BOAT.US,D,20230915,000000,28.26,28.3686,28.14,28.195,3379,0
BOAT.US,D,20230918,000000,28.16,28.46,28.157,28.46,7681,0
BOAT.US,D,20230919,000000,28.64,28.81,28.64,28.7562,8947,0
BOAT.US,D,20230920,000000,28.98,29.155,28.9181,28.9181,3098,0
BOAT.US,D,20230921,000000,28.9,29.1,28.855,28.855,7164,0
BOAT.US,D,20230922,000000,28.961,28.961,28.8175,28.8175,4408,0
BOAT.US,D,20230925,000000,28.61,28.74,28.5,28.6938,7053,0
BOAT.US,D,20230926,000000,28.13,28.31,28.0899,28.159,7056,0
BOAT.US,D,20230927,000000,28.12,28.21,27.96,28.1354,5005,0
BOAT.US,D,20230928,000000,28.01,28.36,28.01,28.3031,4445,0
BOAT.US,D,20230929,000000,28.29,28.29,27.9,27.9725,9003,0
BOAT.US,D,20231002,000000,28,28,27.5978,27.5978,5543,0
BOAT.US,D,20231003,000000,27.41,27.41,27.11,27.214,6510,0
BOAT.US,D,20231004,000000,26.94,27.04,26.48,26.7047,6160,0
BOAT.US,D,20231005,000000,27.03,27.43,27,27.4233,13989,0
BOAT.US,D,20231006,000000,27.46,27.89,27.46,27.8132,3115,0
BOAT.US,D,20231009,000000,27.93,28.1108,27.93,28.1108,3220,0
BOAT.US,D,20231010,000000,28.13,28.33,28.11,28.1961,3637,0
BOAT.US,D,20231011,000000,27.95,28,27.7101,27.8412,5215,0
BOAT.US,D,20231012,000000,28,28,27.76,27.7735,1705,0
BOAT.US,D,20231013,000000,27.96,27.96,27.81,27.8727,1719,0
BOAT.US,D,20231016,000000,27.93,28.01,27.925,27.925,1753,0
BOAT.US,D,20231017,000000,28,28.1399,28,28.0354,2123,0
BOAT.US,D,20231018,000000,27.94,27.98,27.63,27.68,2788,0
BOAT.US,D,20231019,000000,27.61,27.61,27.4,27.53,1625,0
BOAT.US,D,20231020,000000,27.46,27.46,27.2874,27.3129,1785,0
BOAT.US,D,20231023,000000,27.15,27.3656,27.054,27.3105,9250,0
BOAT.US,D,20231024,000000,27.53,27.83,27.53,27.6757,65311,0
BOAT.US,D,20231025,000000,27.635,27.651,27.5585,27.651,582,0
BOAT.US,D,20231026,000000,27.52,27.52,27.3285,27.4502,1443,0
BOAT.US,D,20231027,000000,27.91,28.21,27.835,27.985,232808,0
BOAT.US,D,20231030,000000,28.33,28.415,27.9,28.0572,49249,0
BOAT.US,D,20231031,000000,27.9,27.9558,27.6,27.8711,35288,0
BOAT.US,D,20231101,000000,28,28.33,27.985,28.31,33959,0
BOAT.US,D,20231102,000000,28.46,28.73,28.355,28.73,34359,0
BOAT.US,D,20231103,000000,28.5,28.5,28.1,28.392,71590,0
BOAT.US,D,20231106,000000,28.15,28.18,27.7501,27.8762,36628,0
BOAT.US,D,20231107,000000,27.61,27.61,27.27,27.34,24373,0
BOAT.US,D,20231108,000000,27.32,27.32,27.06,27.2199,29135,0
BOAT.US,D,20231109,000000,27.21,27.77,27.21,27.3515,24395,0
BOAT.US,D,20231110,000000,27.51,27.68,27.45,27.597,12857,0
BOAT.US,D,20231113,000000,27.55,27.68,27.34,27.5726,13950,0
BOAT.US,D,20231114,000000,27.72,28.08,27.636,28.0085,15046,0
BOAT.US,D,20231115,000000,28.01,28.28,27.81,28,19692,0
BOAT.US,D,20231116,000000,27.7,27.86,27.4165,27.57,18735,0
BOAT.US,D,20231117,000000,27.81,28.089,27.81,27.95,7801,0
BOAT.US,D,20231120,000000,28.13,28.389,28.09,28.1658,9836,0
BOAT.US,D,20231121,000000,28.37,28.37,28.02,28.28,11237,0
BOAT.US,D,20231122,000000,28.28,28.3318,28.1,28.3318,6598,0
BOAT.US,D,20231124,000000,28.56,28.83,28.56,28.8292,2322,0
BOAT.US,D,20231127,000000,28.8,28.84,28.6493,28.67,45150,0
BOAT.US,D,20231128,000000,28.67,28.67,28.4635,28.5074,6936,0
BOAT.US,D,20231129,000000,28.3,28.3,28.06,28.1,24216,0
BOAT.US,D,20231130,000000,28,28.1898,27.94,28.1162,13447,0
BOAT.US,D,20231201,000000,28.34,28.83,28.33,28.83,45530,0
BOAT.US,D,20231204,000000,28.88,29,28.74,28.81,13061,0
BOAT.US,D,20231205,000000,28.62,28.62,28.12,28.12,18776,0
BOAT.US,D,20231206,000000,28.32,28.4399,28,28.0193,18581,0
BOAT.US,D,20231207,000000,27.82,27.8302,27.57,27.67,18681,0
BOAT.US,D,20231208,000000,27.61,27.7201,27.57,27.7136,25413,0
BOAT.US,D,20231211,000000,27.58,27.59,27.52,27.5504,11729,0
BOAT.US,D,20231212,000000,27.5,27.52,27.351,27.4734,16559,0
BOAT.US,D,20231213,000000,27.26,27.5986,27.05,27.5986,22420,0
BOAT.US,D,20231214,000000,27.96,28.12,27.85,27.98,23115,0
BOAT.US,D,20231215,000000,28.5,29.0499,28.5,28.97,76690,0
BOAT.US,D,20231218,000000,30.41,30.5192,30.05,30.2001,87953,0
BOAT.US,D,20231219,000000,30.24,30.4886,30.21,30.4886,23756,0
BOAT.US,D,20231220,000000,30.88,31.0499,30.5,30.58,79946,0
BOAT.US,D,20231221,000000,30.97,31.2669,30.9676,31.2669,24769,0
BOAT.US,D,20231222,000000,31.81,32.09,31.7599,32.0389,63970,0
BOAT.US,D,20231226,000000,31,31,30.31,30.37,50936,0
BOAT.US,D,20231227,000000,30.44,30.47,30.26,30.3432,59207,0
BOAT.US,D,20231228,000000,30.17,30.25,30,30.0502,56119,0
BOAT.US,D,20231229,000000,30.04,30.0457,29.895,29.92,27256,0
BOAT.US,D,20240102,000000,30.38,30.57,30.36,30.4606,30369,0
BOAT.US,D,20240103,000000,30.62,31.1195,30.5288,31.0478,61220,0
BOAT.US,D,20240104,000000,31.91,32.33,31.91,31.98,70338,0
BOAT.US,D,20240105,000000,32,32.43,31.86,32.2467,169116,0
BOAT.US,D,20240108,000000,31.74,31.7499,31.39,31.6089,150277,0
BOAT.US,D,20240109,000000,31.28,31.28,30.78,31.05,31714,0
BOAT.US,D,20240110,000000,30.86,30.91,30.55,30.72,119674,0
BOAT.US,D,20240111,000000,30.66,30.795,30.26,30.75,46403,0
BOAT.US,D,20240112,000000,31.57,31.84,31.415,31.43,43728,0
BOAT.US,D,20240116,000000,31.87,31.9599,31.5,31.5196,35499,0
BOAT.US,D,20240117,000000,31.23,31.54,30.97,31.5128,78800,0
BOAT.US,D,20240118,000000,31.74,31.8,31.605,31.8,19095,0
BOAT.US,D,20240119,000000,31.63,31.68,31.37,31.6057,32529,0
BOAT.US,D,20240122,000000,31.51,31.6697,31.38,31.4227,49147,0
BOAT.US,D,20240123,000000,31.5,31.58,31.4,31.51,10171,0
BOAT.US,D,20240124,000000,32,32.2267,31.94,31.98,35241,0
BOAT.US,D,20240125,000000,32.17,32.17,31.75,31.84,25183,0
BOAT.US,D,20240126,000000,31.77,31.92,31.57,31.8715,26810,0
BOAT.US,D,20240129,000000,32.01,32.01,31.57,31.78,37336,0
BOAT.US,D,20240130,000000,31.7,31.97,31.58,31.96,43746,0
BOAT.US,D,20240131,000000,31.86,31.86,31.53,31.54,31650,0
BOAT.US,D,20240201,000000,31.74,31.87,30.64,31.28,106623,0
BOAT.US,D,20240202,000000,31.28,31.28,30.5904,30.8198,43876,0
BOAT.US,D,20240205,000000,30.78,30.91,30.525,30.8595,103910,0
BOAT.US,D,20240206,000000,31.05,31.42,31.05,31.2687,76751,0
BOAT.US,D,20240207,000000,31.32,31.6784,31.23,31.6,19210,0
BOAT.US,D,20240208,000000,31.2,31.2,30.68,30.94,130211,0
BOAT.US,D,20240209,000000,30.7,30.7,30.47,30.5,112306,0
BOAT.US,D,20240212,000000,30.69,31.22,30.6501,31.1216,56201,0
BOAT.US,D,20240213,000000,30.95,30.95,30.565,30.69,13138,0
BOAT.US,D,20240214,000000,31.08,31.1,30.88,31.05,12769,0
BOAT.US,D,20240215,000000,30.92,31.31,30.92,31.13,16348,0
BOAT.US,D,20240216,000000,31.42,31.5977,31.22,31.22,22814,0
BOAT.US,D,20240220,000000,31.45,31.45,31.0164,31.0164,8727,0
BOAT.US,D,20240221,000000,31.2465,31.6091,31.19,31.3997,18098,0
BOAT.US,D,20240222,000000,31.7,31.7,31.4,31.5214,25451,0
BOAT.US,D,20240223,000000,31.6,31.65,31.2901,31.5591,22479,0
BOAT.US,D,20240226,000000,31.67,31.67,31.35,31.41,19426,0
BOAT.US,D,20240227,000000,31.13,31.1867,31,31.01,18588,0
BOAT.US,D,20240228,000000,31.4,31.4,30.884,30.9787,20390,0
BOAT.US,D,20240229,000000,31.12,31.22,31,31.0913,12793,0
BOAT.US,D,20240301,000000,31.35,31.6783,31.35,31.4744,12860,0
BOAT.US,D,20240304,000000,31.39,31.39,31,31,11723,0
BOAT.US,D,20240305,000000,30.9,31.0889,30.805,31,9883,0
BOAT.US,D,20240306,000000,30.93,31.07,30.9,30.96,27872,0
BOAT.US,D,20240307,000000,30.89,31.11,30.844,30.97,24840,0
BOAT.US,D,20240308,000000,31.26,31.49,31.1503,31.2187,35567,0
BOAT.US,D,20240311,000000,31.17,31.2059,30.93,31.0855,17615,0
BOAT.US,D,20240312,000000,31.22,31.46,31.11,31.45,32905,0
BOAT.US,D,20240313,000000,31.45,31.45,31.11,31.11,16003,0
BOAT.US,D,20240314,000000,31.17,31.23,30.96,30.98,15412,0
BOAT.US,D,20240315,000000,31.1,31.1,30.9,30.95,17935,0
BOAT.US,D,20240318,000000,30.97,30.97,30.58,30.66,20161,0
BOAT.US,D,20240319,000000,30.5,30.5299,30.4,30.42,18426,0
BOAT.US,D,20240320,000000,30.28,30.5401,30.05,30.4772,10297,0
BOAT.US,D,20240321,000000,30.4,30.64,30.4,30.6384,15751,0
BOAT.US,D,20240322,000000,30.31,30.31,30.12,30.12,15522,0
BOAT.US,D,20240325,000000,29.75,29.87,29.68,29.69,27205,0
BOAT.US,D,20240326,000000,29.63,29.63,29.45,29.527,21181,0
BOAT.US,D,20240327,000000,29.65,29.98,29.65,29.98,15735,0
BOAT.US,D,20240328,000000,29.92,30.01,29.91,30,13358,0
BOAT.US,D,20240401,000000,30,30.134,29.992,30.066,23104,0
BOAT.US,D,20240402,000000,30.15,30.17,30.01,30.16,15799,0
BOAT.US,D,20240403,000000,30.31,30.99,30.31,30.94,52326,0
BOAT.US,D,20240404,000000,31.02,31.02,30.557,30.6,20915,0
BOAT.US,D,20240405,000000,30.55,30.6396,30.4,30.5013,17110,0
BOAT.US,D,20240408,000000,30.59,30.59,30.38,30.4,15699,0
BOAT.US,D,20240409,000000,30.48,30.5,30.08,30.12,14297,0
BOAT.US,D,20240410,000000,30,30.28,30,30.18,9948,0
BOAT.US,D,20240411,000000,30.86,31.03,30.69,30.97,20405,0
BOAT.US,D,20240412,000000,30.85,30.98,30.32,30.37,15865,0
BOAT.US,D,20240415,000000,30.6,30.71,30.34,30.34,9002,0
BOAT.US,D,20240416,000000,30.02,30.18,29.8,29.98,10024,0
BOAT.US,D,20240417,000000,30.28,30.44,30.18,30.2324,12011,0
BOAT.US,D,20240418,000000,30.18,30.26,29.9275,30,7740,0
BOAT.US,D,20240419,000000,30.43,30.7099,30.43,30.6,9369,0
BOAT.US,D,20240422,000000,30.7,31.09,30.7,31.03,15292,0
BOAT.US,D,20240423,000000,30.94,31.35,30.94,31.32,11545,0
BOAT.US,D,20240424,000000,31.36,31.51,31.25,31.34,15081,0
BOAT.US,D,20240425,000000,31.25,31.69,31.172,31.58,22155,0
BOAT.US,D,20240426,000000,31.95,32.225,31.93,32.0821,17960,0
BOAT.US,D,20240429,000000,32.2,32.47,32.2,32.44,9589,0
BOAT.US,D,20240430,000000,32.67,32.94,32.5,32.59,14551,0
BOAT.US,D,20240501,000000,32.39,32.6,32.03,32.42,5356,0
BOAT.US,D,20240502,000000,32.57,33.05,32.57,33.01,11274,0
BOAT.US,D,20240503,000000,33.2,33.33,33.099,33.27,10388,0
BOAT.US,D,20240506,000000,33.4,33.5,33.3237,33.3924,11951,0
BOAT.US,D,20240507,000000,33.55,33.8896,33.52,33.84,17902,0
BOAT.US,D,20240508,000000,33.84,34.5,33.84,34.48,18892,0
BOAT.US,D,20240509,000000,34.86,35.5999,34.86,35.42,39166,0
BOAT.US,D,20240510,000000,35.81,36.09,35.81,35.84,37289,0
BOAT.US,D,20240513,000000,36.19,36.59,36.19,36.53,35349,0
BOAT.US,D,20240514,000000,36.55,36.65,36.3201,36.65,25824,0
BOAT.US,D,20240515,000000,36.83,36.8499,36.5301,36.78,13357,0
BOAT.US,D,20240516,000000,36.62,36.769,36.4,36.65,26865,0
BOAT.US,D,20240517,000000,36.7009,36.78,36.5525,36.74,15273,0
BOAT.US,D,20240520,000000,36.82,37.15,36.82,37.07,19610,0
BOAT.US,D,20240521,000000,37.05,37.3,36.99,37.3,19892,0
BOAT.US,D,20240522,000000,36.81,36.81,36.26,36.4,58464,0
BOAT.US,D,20240523,000000,36.74,36.8947,36.32,36.46,15530,0
BOAT.US,D,20240524,000000,36.91,37.4383,36.91,37.39,39996,0
BOAT.US,D,20240528,000000,38.29,38.44,38.0501,38.27,36483,0
BOAT.US,D,20240529,000000,38.1,38.185,37.93,38,22652,0
BOAT.US,D,20240530,000000,37.8516,38.1,37.76,38.1,25699,0
BOAT.US,D,20240531,000000,38.32,38.4229,38.08,38.31,21367,0
BOAT.US,D,20240603,000000,38.82,38.83,38.31,38.72,75102,0
BOAT.US,D,20240604,000000,38.65,38.65,38.0101,38.05,72209,0
BOAT.US,D,20240605,000000,38.15,38.4797,38.05,38.4288,17974,0
BOAT.US,D,20240606,000000,38.57,38.57,38.05,38.17,39258,0
BOAT.US,D,20240607,000000,38.07,38.15,37.82,37.88,27208,0
BOAT.US,D,20240610,000000,37.77,38.09,37.62,37.9576,14948,0
BOAT.US,D,20240611,000000,36.55,36.55,35.8,35.83,61223,0
BOAT.US,D,20240612,000000,36.48,36.55,36.2223,36.5262,25317,0
BOAT.US,D,20240613,000000,36.2,36.2,35.475,35.57,27546,0
BOAT.US,D,20240614,000000,35.7,35.7787,35.33,35.34,15423,0
BOAT.US,D,20240617,000000,35.36,35.66,35.33,35.6433,11145,0
BOAT.US,D,20240618,000000,35.94,36.53,35.94,36.38,7763,0
BOAT.US,D,20240620,000000,36.8,37.27,36.7106,37.06,34400,0
BOAT.US,D,20240621,000000,37.04,37.11,36.88,37.06,18431,0
BOAT.US,D,20240624,000000,37.18,37.5,36.98,37.44,47475,0
BOAT.US,D,20240625,000000,37.26,37.32,37.01,37.1,24683,0
BOAT.US,D,20240626,000000,36.61,36.84,36.395,36.73,49802,0
BOAT.US,D,20240627,000000,36.82,36.82,36.34,36.34,33732,0
BOAT.US,D,20240628,000000,36.97,37.08,36.57,36.57,16084,0
BOAT.US,D,20240701,000000,37.05,37.05,36.8083,37,17196,0
BOAT.US,D,20240702,000000,37.35,37.56,37.35,37.39,15478,0
BOAT.US,D,20240703,000000,37.75,38,37.7483,37.92,11537,0
BOAT.US,D,20240705,000000,37.2,37.2,36.57,36.61,22053,0
BOAT.US,D,20240708,000000,35.74,35.74,34.998,35.03,84204,0
BOAT.US,D,20240709,000000,34.95,35.02,34.62,34.82,65001,0
BOAT.US,D,20240710,000000,34.98,35.19,34.6501,35.136,13202,0
BOAT.US,D,20240711,000000,34.7,34.72,34.39,34.46,51770,0
BOAT.US,D,20240712,000000,34.35,34.49,33.95,34,20927,0
BOAT.US,D,20240715,000000,34,34.3099,33.8501,33.88,42455,0
BOAT.US,D,20240716,000000,34.04,34.48,33.8331,34.3,12592,0
BOAT.US,D,20240717,000000,34.24,34.24,33.89,33.89,9619,0
BOAT.US,D,20240718,000000,34.22,34.22,33.46,33.46,19454,0
BOAT.US,D,20240719,000000,33.28,33.28,32.8601,33.1,27355,0
BOAT.US,D,20240722,000000,33.5,34.25,33.5,34.25,36300,0
BOAT.US,D,20240723,000000,33.99,34.02,33.76,34.02,7355,0
BOAT.US,D,20240724,000000,33.9,34.14,33.2401,33.4206,5141,0
BOAT.US,D,20240725,000000,33.32,33.32,33,33,9343,0
BOAT.US,D,20240726,000000,33,33.066,32.8936,32.95,8442,0
BOAT.US,D,20240729,000000,33.42,33.72,33.31,33.36,12934,0
BOAT.US,D,20240730,000000,33.47,33.78,33.345,33.74,11133,0
BOAT.US,D,20240731,000000,34.43,34.44,34.17,34.17,5401,0
BOAT.US,D,20240801,000000,34.52,34.52,33.5301,33.66,16077,0
BOAT.US,D,20240802,000000,33.52,33.52,32.53,32.75,18111,0
BOAT.US,D,20240805,000000,31.35,31.88,30.59,31.56,33274,0
BOAT.US,D,20240806,000000,31.74,32.3,31.72,32,7471,0
BOAT.US,D,20240807,000000,32.72,32.72,31.84,32.11,14389,0
BOAT.US,D,20240808,000000,32.16,32.24,31.8802,32.01,9219,0
BOAT.US,D,20240809,000000,32.19,32.235,32.01,32.21,7065,0
BOAT.US,D,20240812,000000,32.68,32.95,32.62,32.64,22048,0
BOAT.US,D,20240813,000000,33,33,32.6301,32.75,7221,0
BOAT.US,D,20240814,000000,33.19,33.3067,33.01,33.01,6793,0
BOAT.US,D,20240815,000000,33.48,33.7199,33.18,33.69,19843,0
BOAT.US,D,20240816,000000,33.51,33.63,33.41,33.62,13395,0
BOAT.US,D,20240819,000000,33.65,34.14,33.65,34.05,11685,0
BOAT.US,D,20240820,000000,34.71,34.71,33.32,33.42,6557,0
BOAT.US,D,20240821,000000,33.65,33.8,33.58,33.62,7464,0
BOAT.US,D,20240822,000000,33.53,33.825,33.38,33.43,10388,0
BOAT.US,D,20240823,000000,33.34,33.74,33.34,33.69,5097,0
BOAT.US,D,20240826,000000,33.65,33.88,33.57,33.5897,6364,0
BOAT.US,D,20240827,000000,33.73,33.92,33.62,33.7871,9246,0
BOAT.US,D,20240828,000000,33.51,33.51,33.08,33.225,7923,0
BOAT.US,D,20240829,000000,33.03,33.4339,33.03,33.3661,5344,0
BOAT.US,D,20240830,000000,33.55,33.7736,33.5301,33.6595,6847,0
BOAT.US,D,20240903,000000,32.78,32.78,32.3623,32.495,10710,0
BOAT.US,D,20240904,000000,32.5,32.8999,32.39,32.39,6806,0
BOAT.US,D,20240905,000000,32.3,32.4797,32.23,32.26,8520,0
BOAT.US,D,20240906,000000,32.3,32.3,31.6114,31.7118,6656,0
BOAT.US,D,20240909,000000,31.62,31.7334,31.5403,31.6395,5508,0
BOAT.US,D,20240910,000000,31.7,31.7,31.1001,31.2852,5512,0
BOAT.US,D,20240911,000000,31.36,31.8,31.21,31.7721,7085,0
BOAT.US,D,20240912,000000,32.02,32.5,32.02,32.2316,12090,0
BOAT.US,D,20240913,000000,32.76,32.8999,32.58,32.7285,4241,0
BOAT.US,D,20240916,000000,33.16,33.2499,32.91,33.175,9236,0
BOAT.US,D,20240917,000000,33.54,33.63,33.45,33.56,20690,0
BOAT.US,D,20240918,000000,33.74,34.05,33.65,33.74,7415,0
BOAT.US,D,20240919,000000,34.43,34.739,34.17,34.68,16049,0
BOAT.US,D,20240920,000000,34.48,34.48,34.04,34.3,7180,0
BOAT.US,D,20240923,000000,34.41,34.7399,34.3075,34.72,6075,0
BOAT.US,D,20240924,000000,35.38,35.87,35.38,35.87,8350,0
BOAT.US,D,20240925,000000,35.61,35.7,35.19,35.235,9685,0
BOAT.US,D,20240926,000000,35.37,35.769,35.2,35.71,7214,0
BOAT.US,D,20240927,000000,35.66,36.09,35.4701,35.5932,27874,0
BOAT.US,D,20240930,000000,35.59,35.91,35.4101,35.5211,12933,0
BOAT.US,D,20241001,000000,35.49,35.73,35.189,35.4962,20354,0
BOAT.US,D,20241002,000000,35.96,36.1,35.7601,35.8601,10182,0
BOAT.US,D,20241003,000000,35.85,35.8799,35.64,35.7695,6931,0
BOAT.US,D,20241004,000000,34.65,34.65,34.2801,34.4,24173,0
BOAT.US,D,20241007,000000,34.55,34.91,34.465,34.7466,8272,0
BOAT.US,D,20241008,000000,34.4,34.4,33.9901,34.0701,7412,0
BOAT.US,D,20241009,000000,33.76,33.76,33.482,33.6978,11751,0
BOAT.US,D,20241010,000000,33.89,33.9,33.7,33.88,9568,0
BOAT.US,D,20241011,000000,33.96,33.9999,33.81,33.9026,7492,0
BOAT.US,D,20241014,000000,34,34,33.8,33.92,4720,0
BOAT.US,D,20241015,000000,33.39,33.39,32.83,32.8581,11637,0
BOAT.US,D,20241016,000000,33.12,33.3699,33.0601,33.19,32332,0
BOAT.US,D,20241017,000000,33.2255,33.2255,32.9201,33.0499,6959,0
BOAT.US,D,20241018,000000,33.52,33.74,33.4301,33.5239,15165,0
BOAT.US,D,20241021,000000,33.82,33.93,33.52,33.88,38820,0
BOAT.US,D,20241022,000000,33.95,33.95,33.57,33.6641,6034,0
BOAT.US,D,20241023,000000,33.04,33.04,32.3901,32.5,14190,0
BOAT.US,D,20241024,000000,32.54,32.54,32.3301,32.4634,6251,0
BOAT.US,D,20241025,000000,32.48,32.7,32.42,32.476,10849,0
BOAT.US,D,20241028,000000,32.41,32.48,32.4,32.445,4102,0
BOAT.US,D,20241029,000000,32.37,32.39,32.17,32.32,12958,0
BOAT.US,D,20241030,000000,32.01,32.01,31.42,31.53,14195,0
BOAT.US,D,20241031,000000,31.86,32.28,31.75,32.27,10123,0
BOAT.US,D,20241101,000000,32.64,32.73,32.4,32.5799,5544,0
BOAT.US,D,20241104,000000,32.56,32.74,32.48,32.48,7544,0
BOAT.US,D,20241105,000000,32.85,32.94,32.79,32.9001,5158,0
BOAT.US,D,20241106,000000,31.95,32.26,31.76,32.1316,25188,0
BOAT.US,D,20241107,000000,32.84,33.02,32.7101,32.845,12625,0
BOAT.US,D,20241108,000000,32.57,32.57,32.16,32.2617,18596,0
BOAT.US,D,20241111,000000,32.07,32.18,31.93,31.945,8629,0
BOAT.US,D,20241112,000000,31.8,31.8475,31.5,31.59,8136,0
BOAT.US,D,20241113,000000,32,32.25,31.88,32.1426,12773,0
BOAT.US,D,20241114,000000,32.579,32.66,32.3832,32.3832,9142,0
BOAT.US,D,20241115,000000,32.68,32.73,32.3596,32.3596,10958,0
BOAT.US,D,20241118,000000,32.8841,33.08,32.74,33,8929,0
BOAT.US,D,20241119,000000,32.7572,32.9938,32.7572,32.905,7261,0
BOAT.US,D,20241120,000000,33.07,33.1,32.82,32.831,4672,0
BOAT.US,D,20241121,000000,32.575,32.77,32.2801,32.43,9363,0
BOAT.US,D,20241122,000000,32.25,32.27,32.07,32.2004,8913,0
BOAT.US,D,20241125,000000,32.05,32.1,31.582,31.7,10182,0
BOAT.US,D,20241126,000000,31.5236,31.59,31.12,31.12,9355,0
BOAT.US,D,20241127,000000,30.8,31,30.75,30.775,8993,0
BOAT.US,D,20241129,000000,30.75,30.77,30.7061,30.7149,7383,0
BOAT.US,D,20241202,000000,30.6139,30.79,30.55,30.7605,29353,0
BOAT.US,D,20241203,000000,30.99,31.2399,30.94,31.0899,9317,0
BOAT.US,D,20241204,000000,30.95,31.11,30.7501,30.825,9969,0
BOAT.US,D,20241205,000000,31.01,31.01,30.8677,30.9179,12830,0
BOAT.US,D,20241206,000000,30.71,30.9,30.35,30.4429,14224,0
BOAT.US,D,20241209,000000,30.99,30.99,30.7456,30.7456,6679,0
BOAT.US,D,20241210,000000,30.55,30.62,30.44,30.51,14447,0
BOAT.US,D,20241211,000000,30.25,30.57,30.03,30.1259,22749,0
BOAT.US,D,20241212,000000,29.9634,29.9634,29.82,29.8854,24705,0
BOAT.US,D,20241213,000000,30.26,30.31,30.01,30.2377,17196,0
BOAT.US,D,20241216,000000,29.805,29.97,29.66,29.7583,25769,0
BOAT.US,D,20241217,000000,29.4,29.4,29.08,29.2982,19119,0
BOAT.US,D,20241218,000000,29.53,29.6288,28.87,29.0051,20381,0
BOAT.US,D,20241219,000000,29.06,29.21,28.82,28.874,17198,0
BOAT.US,D,20241220,000000,28.8,29.11,28.66,28.88,9739,0
BOAT.US,D,20241223,000000,29.2667,29.82,29.08,29.82,16876,0
BOAT.US,D,20241224,000000,30.308,30.38,30.0196,30.38,12646,0
BOAT.US,D,20241226,000000,30.34,30.45,30.23,30.34,24283,0
BOAT.US,D,20241227,000000,27.83,28,27.65,27.81,33380,0
BOAT.US,D,20241230,000000,27.815,27.89,27.6514,27.7753,60014,0
BOAT.US,D,20241231,000000,27.94,28.02,27.7793,27.9653,29701,0
BOAT.US,D,20250102,000000,28.47,28.7366,28.29,28.54,11175,0
BOAT.US,D,20250103,000000,28.856,28.856,28.3196,28.45,41402,0
BOAT.US,D,20250106,000000,28.7,28.74,28.28,28.28,7889,0
BOAT.US,D,20250107,000000,28.38,28.5334,28.3,28.5334,4603,0
BOAT.US,D,20250108,000000,28.3,28.33,28.016,28.3155,15909,0
BOAT.US,D,20250110,000000,28.4,28.46,28.25,28.41,32251,0
BOAT.US,D,20250113,000000,28.4,28.5695,28.3,28.5695,10108,0
BOAT.US,D,20250114,000000,28.47,28.63,28.43,28.6112,11288,0
BOAT.US,D,20250115,000000,28.715,28.81,28.5665,28.61,10474,0
BOAT.US,D,20250116,000000,28.42,28.42,27.84,27.9243,23124,0
BOAT.US,D,20250117,000000,27.44,27.82,27.27,27.56,38806,0
BOAT.US,D,20250121,000000,27.25,27.42,26.96,27.05,27899,0
BOAT.US,D,20250122,000000,27.0479,27.05,26.9,26.9,30941,0
BOAT.US,D,20250123,000000,27.105,27.3033,27.09,27.19,11020,0
BOAT.US,D,20250124,000000,27.15,27.23,26.81,26.86,13928,0
BOAT.US,D,20250127,000000,27,27.25,26.82,27.053,11713,0
BOAT.US,D,20250128,000000,27.09,27.0928,26.7,26.9226,17531,0
BOAT.US,D,20250129,000000,27.0059,27.46,26.96,27.2755,9256,0
BOAT.US,D,20250130,000000,27.5899,27.73,27.26,27.63,6788,0
BOAT.US,D,20250131,000000,27.4589,27.86,27.3959,27.6563,11351,0
BOAT.US,D,20250203,000000,27,27.35,26.81,27.1724,25528,0
BOAT.US,D,20250204,000000,27.5,28.035,27.26,27.92,18421,0
BOAT.US,D,20250205,000000,27.85,28.058674,27.79,28.0306,10296,0
BOAT.US,D,20250206,000000,28.06,28.14,27.6111,27.7227,13672,0
BOAT.US,D,20250207,000000,27.8101,28.0844,27.6996,27.75,10265,0
BOAT.US,D,20250210,000000,28,28.12,27.7565,28.0991,10791,0
BOAT.US,D,20250211,000000,28.31,28.52,28.24,28.4489,15071,0
BOAT.US,D,20250212,000000,28.45,28.55,28.31,28.38,12491,0
BOAT.US,D,20250213,000000,27.945,28.18,27.83,28.0003,18199,0
BOAT.US,D,20250214,000000,28.19,28.4138,27.93,28.0501,13319,0
BOAT.US,D,20250218,000000,28.15,28.28,28.01,28.0909,9459,0
BOAT.US,D,20250219,000000,27.94,27.9853,27.7586,27.8151,6205,0
