<TICKER>,<PER>,<DATE>,<TIME>,<OPEN>,<HIGH>,<LOW>,<CLOSE>,<VOL>,<OPENINT>
BTEK.US,D,20201002,000000,25.9,25.9,25.6069,25.6294,2740,0
BTEK.US,D,20201005,000000,26.0248,26.229,26.0248,26.229,1747,0
BTEK.US,D,20201006,000000,26.58,26.58,26.2491,26.2491,8975,0
BTEK.US,D,20201007,000000,26.69,26.8625,26.5626,26.8,6082,0
BTEK.US,D,20201008,000000,26.954,27.01,26.954,27,6327,0
BTEK.US,D,20201009,000000,27.32,27.46,27.32,27.4143,7231,0
BTEK.US,D,20201012,000000,27.73,27.74,27.64,27.64,1583,0
BTEK.US,D,20201013,000000,27.83,27.8495,27.8045,27.8495,1327,0
BTEK.US,D,20201014,000000,27.74,27.83,27.506,27.7021,3937,0
BTEK.US,D,20201015,000000,27.4,27.619,27.4,27.5834,1036,0
BTEK.US,D,20201016,000000,27.6864,27.6864,27.6,27.6,1731,0
BTEK.US,D,20201019,000000,27.79,27.93,27.3506,27.3506,2276,0
BTEK.US,D,20201020,000000,27.71,27.71,27.5479,27.5479,476,0
BTEK.US,D,20201021,000000,27.879,27.879,27.4,27.4,1987,0
BTEK.US,D,20201022,000000,27.449,27.449,27.08,27.1895,1032,0
BTEK.US,D,20201023,000000,27.09,27.2748,27.04,27.2748,1997,0
BTEK.US,D,20201026,000000,27,27.22,26.68,26.7153,2270,0
BTEK.US,D,20201027,000000,27.07,27.07,26.895,26.9061,8862,0
BTEK.US,D,20201028,000000,26.69,26.69,26.2745,26.34,2470,0
BTEK.US,D,20201029,000000,26.65,26.752,26.51,26.6745,742,0
BTEK.US,D,20201030,000000,26.23,26.23,25.8442,25.8442,1818,0
BTEK.US,D,20201102,000000,26.3,26.3,25.785,25.8623,1623,0
BTEK.US,D,20201103,000000,26.42,26.59,26.42,26.4837,461,0
BTEK.US,D,20201104,000000,27.61,27.83,27.61,27.7848,1406,0
BTEK.US,D,20201105,000000,28.4,29.1272,28.4,29.1272,1338,0
BTEK.US,D,20201106,000000,29.62,29.6223,29.62,29.6223,255,0
BTEK.US,D,20201109,000000,30.45,30.45,28.6478,28.6478,6073,0
BTEK.US,D,20201110,000000,27.775,27.775,27.48,27.6088,2018,0
BTEK.US,D,20201111,000000,28.028,28.24,28.028,28.21,2113,0
BTEK.US,D,20201112,000000,28.51,28.525,28.25,28.2634,4191,0
BTEK.US,D,20201113,000000,28.5935,28.5935,28.44,28.494,1257,0
BTEK.US,D,20201116,000000,28.72,28.74,28.43,28.5029,4252,0
BTEK.US,D,20201117,000000,28.5,28.5992,28.5,28.5992,710,0
BTEK.US,D,20201118,000000,28.74,28.78,28.5556,28.5556,2723,0
BTEK.US,D,20201119,000000,29.28,29.3006,29.28,29.3006,837,0
BTEK.US,D,20201120,000000,29.34,29.8,29.34,29.6514,5374,0
BTEK.US,D,20201123,000000,30.08,30.27,29.8,30.2691,6599,0
BTEK.US,D,20201124,000000,30.28,30.52,30.25,30.41,2445,0
BTEK.US,D,20201125,000000,30.49,30.77,30.2371,30.6063,4029,0
BTEK.US,D,20201127,000000,30.99,31.24,30.99,31.1285,6445,0
BTEK.US,D,20201130,000000,31.44,31.44,31.03,31.2491,3775,0
BTEK.US,D,20201201,000000,31.41,31.45,31.175,31.2359,12315,0
BTEK.US,D,20201202,000000,30.98,31.0447,30.955,31.0447,9124,0
BTEK.US,D,20201203,000000,31.42,31.659,31.395,31.5,3733,0
BTEK.US,D,20201204,000000,31.71,31.89,31.66,31.86,13606,0
BTEK.US,D,20201207,000000,32.03,32.07,31.95,32.06,10868,0
BTEK.US,D,20201208,000000,32.29,32.51,32.29,32.4922,26551,0
BTEK.US,D,20201209,000000,32.64,32.64,31.515,31.6321,12424,0
BTEK.US,D,20201210,000000,31.8,32.2067,31.8,32.2067,2734,0
BTEK.US,D,20201211,000000,32.5,32.55,32.0944,32.4309,4451,0
BTEK.US,D,20201214,000000,32.889,32.96,32.79,32.8259,11057,0
BTEK.US,D,20201215,000000,32.76,33.21,32.76,33.07,7527,0
BTEK.US,D,20201216,000000,33.2515,33.41,33.04,33.3746,10658,0
BTEK.US,D,20201217,000000,34,34.07,33.78,34.0638,20408,0
BTEK.US,D,20201218,000000,34.45,34.67,34.4185,34.5794,42297,0
BTEK.US,D,20201221,000000,34.55,34.69,34.0659,34.61,15126,0
BTEK.US,D,20201222,000000,35.02,35.02,34.435,34.8534,17009,0
BTEK.US,D,20201223,000000,35.1,35.1,34.71,34.75,13854,0
BTEK.US,D,20201224,000000,34.88,34.89,34.7,34.7124,9590,0
BTEK.US,D,20201228,000000,35.11,35.11,34.2531,34.37,8583,0
BTEK.US,D,20201229,000000,34.57,34.71,33.96,34.1486,8167,0
BTEK.US,D,20201230,000000,34.21,34.9005,34.21,34.8,31977,0
BTEK.US,D,20201231,000000,34.6,34.839,34.6,34.65,5846,0
BTEK.US,D,20210104,000000,35.1,35.27,34.31,34.7135,12404,0
BTEK.US,D,20210105,000000,34.7,35.38,34.7,35.38,9184,0
BTEK.US,D,20210106,000000,35.32,35.52,34.885,35.05,21067,0
BTEK.US,D,20210107,000000,35.67,36.01,35.64,36.01,7637,0
BTEK.US,D,20210108,000000,36.62,36.83,36.17,36.61,9251,0
BTEK.US,D,20210111,000000,36.29,36.63,36.06,36.39,9534,0
BTEK.US,D,20210112,000000,36.9,37.05,36.72,37.0188,5540,0
BTEK.US,D,20210113,000000,37.06,37.239,36.9365,37.05,9040,0
BTEK.US,D,20210114,000000,37.32,37.73,37.32,37.36,12224,0
BTEK.US,D,20210115,000000,37.4,37.4,36.6695,36.6695,11685,0
BTEK.US,D,20210119,000000,37.9,37.91,37.5866,37.9,16983,0
BTEK.US,D,20210120,000000,38.16,38.6,38.16,38.42,14981,0
BTEK.US,D,20210121,000000,38.77,38.86,38.448,38.67,27983,0
BTEK.US,D,20210122,000000,38.67,38.93,38.67,38.905,11296,0
BTEK.US,D,20210125,000000,39.5,39.56,38.4,38.641,14846,0
BTEK.US,D,20210126,000000,38.59,38.74,37.7731,37.7731,11290,0
BTEK.US,D,20210127,000000,37.21,37.21,36.3103,36.3103,12883,0
BTEK.US,D,20210128,000000,36.51,37.153,36.505,37,14780,0
BTEK.US,D,20210129,000000,37.01,37.01,36.105,36.355,7900,0
BTEK.US,D,20210201,000000,37.1,37.76,36.9756,37.76,7615,0
BTEK.US,D,20210202,000000,38.58,38.6692,38.35,38.65,9108,0
BTEK.US,D,20210203,000000,38.93,38.93,38.53,38.6,9768,0
BTEK.US,D,20210204,000000,38.7,38.96,38.7,38.96,9396,0
BTEK.US,D,20210205,000000,39.29,39.4767,39.08,39.44,12621,0
BTEK.US,D,20210208,000000,39.95,40.205,39.7737,40.01,21078,0
BTEK.US,D,20210209,000000,40.16,40.41,40.16,40.32,19407,0
BTEK.US,D,20210210,000000,40.75,40.945,39.78,40.37,10515,0
BTEK.US,D,20210211,000000,40.86,41.08,40.792,41.03,11496,0
BTEK.US,D,20210212,000000,41.19,41.65,41.0802,41.57,10607,0
BTEK.US,D,20210216,000000,43.49,43.49,41.105,41.325,31370,0
BTEK.US,D,20210217,000000,41.2,41.2,40.105,40.7327,16350,0
BTEK.US,D,20210218,000000,40.54,40.54,39.73,40.41,12381,0
BTEK.US,D,20210219,000000,40.91,41.289,40.89,41.1121,6808,0
BTEK.US,D,20210222,000000,40.51,40.51,39.2721,39.28,16080,0
BTEK.US,D,20210223,000000,38.27,38.67,36.64,38.67,32368,0
BTEK.US,D,20210224,000000,38.24,38.63,37.6,38.63,9039,0
BTEK.US,D,20210225,000000,38.5867,38.5867,36.79,36.86,21090,0
BTEK.US,D,20210226,000000,36.91,37.295,36.28,37.055,5172,0
BTEK.US,D,20210301,000000,38,38.41,37.59,38.37,51178,0
BTEK.US,D,20210302,000000,38.36,38.36,37.4189,37.4189,14449,0
BTEK.US,D,20210303,000000,37.26,37.26,35.62,35.7144,11796,0
BTEK.US,D,20210304,000000,35.03,35.0584,33.38,33.8721,34363,0
BTEK.US,D,20210305,000000,33.9,33.9,32.26,33.8,26407,0
BTEK.US,D,20210308,000000,33.11,33.6,32.06,32.07,14374,0
BTEK.US,D,20210309,000000,33.043,33.9299,33.02,33.76,22171,0
BTEK.US,D,20210310,000000,34.6,34.6,33.53,33.6,9808,0
BTEK.US,D,20210311,000000,34.52,35.618,34.52,35.48,13625,0
BTEK.US,D,20210312,000000,34.7,35.169,34.5827,35.166,10701,0
BTEK.US,D,20210315,000000,35.1055,35.53,35.06,35.5291,7095,0
BTEK.US,D,20210316,000000,36.01,36.03,35.35,35.4762,4202,0
BTEK.US,D,20210317,000000,35.03,35.75,34.634,35.5863,3763,0
BTEK.US,D,20210318,000000,34.96,34.96,34,34.07,22070,0
BTEK.US,D,20210319,000000,34.33,34.53,33.76,34.414,4381,0
BTEK.US,D,20210322,000000,34.74,34.83,34.53,34.6176,3101,0
BTEK.US,D,20210323,000000,34.44,34.44,33.9377,33.9377,2550,0
BTEK.US,D,20210324,000000,33.9066,33.9066,32.7551,32.7551,11341,0
BTEK.US,D,20210325,000000,32.1,32.8,32.1,32.7,8615,0
BTEK.US,D,20210326,000000,33.1,33.34,32.51,32.75,7623,0
BTEK.US,D,20210329,000000,33.01,33.1699,32.31,32.503,3995,0
BTEK.US,D,20210330,000000,32.2916,32.82,32.2916,32.7876,3405,0
BTEK.US,D,20210331,000000,33.5642,33.96,33.5642,33.801,6775,0
BTEK.US,D,20210401,000000,35.0337,35.0337,34.6998,34.795,7744,0
BTEK.US,D,20210405,000000,35.03,35.04,34.86,35.0035,8196,0
BTEK.US,D,20210406,000000,35.08,35.5,35.08,35.32,8129,0
BTEK.US,D,20210407,000000,35.25,35.251,35.05,35.0604,6503,0
BTEK.US,D,20210408,000000,35.31,35.775,35.31,35.7311,11194,0
BTEK.US,D,20210409,000000,35.6,35.6,35.235,35.55,3445,0
BTEK.US,D,20210412,000000,35.26,35.26,34.96,35.2,7438,0
BTEK.US,D,20210413,000000,35.28,35.6,35.28,35.6,5949,0
BTEK.US,D,20210414,000000,35.8,35.83,35.25,35.25,14643,0
BTEK.US,D,20210415,000000,35.59,35.71,35.5665,35.71,6004,0
BTEK.US,D,20210416,000000,35.7,35.74,35.63,35.66,3122,0
BTEK.US,D,20210419,000000,35.65,35.7,34.8809,35.08,7032,0
BTEK.US,D,20210420,000000,34.92,34.92,34.42,34.54,3210,0
BTEK.US,D,20210421,000000,34.1201,35.09,34.1201,35.09,3420,0
BTEK.US,D,20210422,000000,35.34,35.6345,35.0707,35.14,2557,0
BTEK.US,D,20210423,000000,35.8454,35.9999,35.8454,35.95,2295,0
BTEK.US,D,20210426,000000,36.12,36.51,36.12,36.5,1185,0
BTEK.US,D,20210427,000000,36.61,36.61,36.2609,36.2609,2121,0
BTEK.US,D,20210428,000000,36.14,36.2043,36.14,36.2043,311,0
BTEK.US,D,20210429,000000,36.23,36.23,35.16,35.54,4324,0
BTEK.US,D,20210430,000000,35.24,35.44,34.9,34.97,6627,0
BTEK.US,D,20210503,000000,34.98,34.98,34.4216,34.4216,2301,0
BTEK.US,D,20210504,000000,33.75,33.75,33.0001,33.35,4963,0
BTEK.US,D,20210505,000000,33.5675,33.5675,33.175,33.1811,2286,0
BTEK.US,D,20210506,000000,32.99,32.99,32.08,32.47,5096,0
BTEK.US,D,20210507,000000,32.74,33.31,32.74,32.8901,2636,0
BTEK.US,D,20210510,000000,32.72,32.72,31.58,31.58,12526,0
BTEK.US,D,20210511,000000,30.48,31.62,30.48,31.5415,9690,0
BTEK.US,D,20210512,000000,30.97,31.075,30.161,30.28,7410,0
BTEK.US,D,20210513,000000,30.33,30.678,29.51,29.835,27618,0
BTEK.US,D,20210514,000000,30.16,30.93,30.16,30.8478,8220,0
BTEK.US,D,20210517,000000,30.47,30.6247,30.29,30.6247,5610,0
BTEK.US,D,20210518,000000,30.92,31.33,30.92,30.974,3496,0
BTEK.US,D,20210519,000000,30.5133,31.04,30.5133,31.04,2884,0
BTEK.US,D,20210520,000000,31.88,32.18,31.8,32.1394,4887,0
BTEK.US,D,20210521,000000,32.35,32.35,32.08,32.08,2516,0
BTEK.US,D,20210524,000000,32.13,32.78,32.13,32.71,3750,0
BTEK.US,D,20210525,000000,33.03,33.23,32.985,33,1260,0
BTEK.US,D,20210526,000000,33.23,33.47,33.23,33.4017,7582,0
BTEK.US,D,20210527,000000,33.459,33.74,33.459,33.74,1821,0
BTEK.US,D,20210528,000000,33.87,33.87,33.72,33.72,3455,0
BTEK.US,D,20210601,000000,33.95,34.1,33.6306,33.89,9241,0
BTEK.US,D,20210602,000000,33.72,33.7919,33.68,33.76,1511,0
BTEK.US,D,20210603,000000,33.12,33.4721,33.07,33.19,2638,0
BTEK.US,D,20210604,000000,33.59,33.72,33.59,33.71,4322,0
BTEK.US,D,20210607,000000,33.54,33.92,33.54,33.9117,4101,0
BTEK.US,D,20210608,000000,34.0044,34.02,33.87,33.982,2489,0
BTEK.US,D,20210609,000000,34.22,34.22,33.8815,33.8815,9419,0
BTEK.US,D,20210610,000000,34.31,34.422,34.16,34.422,6517,0
BTEK.US,D,20210611,000000,34.491,34.75,34.48,34.7471,8724,0
BTEK.US,D,20210614,000000,35,35.51,35,35.38,9793,0
BTEK.US,D,20210615,000000,35.22,35.22,34.9479,34.9479,2680,0
BTEK.US,D,20210616,000000,34.9,35.0891,34.6,34.8,2075,0
BTEK.US,D,20210617,000000,35.19,35.62,35.19,35.62,2691,0
BTEK.US,D,20210618,000000,35.35,35.69,35.35,35.56,21900,0
BTEK.US,D,20210621,000000,35.66,35.835,35.36,35.75,2168,0
BTEK.US,D,20210622,000000,35.61,35.8644,35.61,35.8644,2661,0
BTEK.US,D,20210623,000000,36.3,36.369,36.2167,36.2901,60578,0
BTEK.US,D,20210624,000000,36.53,36.9096,36.53,36.7597,10883,0
BTEK.US,D,20210625,000000,36.859,36.859,36.705,36.79,2672,0
BTEK.US,D,20210628,000000,36.991,37.21,36.95,37.1897,17014,0
BTEK.US,D,20210629,000000,37.24,37.39,37.24,37.3648,9831,0
BTEK.US,D,20210630,000000,37.0755,37.159,36.99,37.0562,1764,0
BTEK.US,D,20210701,000000,36.995,36.995,36.728,36.7965,1087,0
BTEK.US,D,20210702,000000,36.951,36.99,36.908,36.9808,6427,0
BTEK.US,D,20210706,000000,36.89,36.89,36.4501,36.78,3109,0
BTEK.US,D,20210707,000000,37.01,37.01,36.4178,36.4178,4010,0
BTEK.US,D,20210708,000000,35.62,35.8899,35.3301,35.8746,18566,0
BTEK.US,D,20210709,000000,35.99,36.44,35.99,36.44,5613,0
BTEK.US,D,20210712,000000,36.43,36.57,36.43,36.5639,1556,0
BTEK.US,D,20210713,000000,36.535,36.545,36.265,36.265,2478,0
BTEK.US,D,20210714,000000,36.37,36.575,35.93,35.9387,29338,0
BTEK.US,D,20210715,000000,35.46,35.6324,35.155,35.3635,31832,0
BTEK.US,D,20210716,000000,35.42,35.42,35.165,35.165,293,0
BTEK.US,D,20210719,000000,34.37,34.93,34.37,34.9123,13140,0
BTEK.US,D,20210720,000000,35.2,35.8,35.2,35.7036,7248,0
BTEK.US,D,20210721,000000,35.71,36.0594,35.4301,36.0594,2873,0
BTEK.US,D,20210722,000000,36.2,36.3099,36.2,36.3,491,0
BTEK.US,D,20210723,000000,36.36,36.72,36.331,36.7172,1823,0
BTEK.US,D,20210726,000000,35.16,36.46,35.16,36.4179,4685,0
BTEK.US,D,20210727,000000,35.435,35.6643,35.18,35.6643,8443,0
BTEK.US,D,20210728,000000,35.66,36.423,35.66,36.3624,7725,0
BTEK.US,D,20210729,000000,36.55,36.8001,36.55,36.6578,6851,0
BTEK.US,D,20210730,000000,36.429,36.47,36.29,36.3064,10530,0
BTEK.US,D,20210802,000000,36.495,36.83,36.49,36.55,4203,0
BTEK.US,D,20210803,000000,36.84,36.84,36.335,36.4668,2750,0
BTEK.US,D,20210804,000000,36.68,36.7478,36.67,36.7478,43878,0
BTEK.US,D,20210805,000000,36.9899,37.17,36.96,37.1472,3169,0
BTEK.US,D,20210806,000000,36.8,36.8,36.6827,36.6827,671,0
BTEK.US,D,20210809,000000,36.72,36.78,36.72,36.7419,3414,0
BTEK.US,D,20210810,000000,36.68,36.68,36.446,36.446,7235,0
BTEK.US,D,20210811,000000,36.27,36.29,36.05,36.29,2796,0
BTEK.US,D,20210812,000000,36.135,36.2172,36.13,36.2172,1277,0
BTEK.US,D,20210813,000000,35.95,36.0709,35.91,35.9328,3985,0
BTEK.US,D,20210816,000000,35.28,35.3,35.19,35.2579,9245,0
BTEK.US,D,20210817,000000,34.84,34.84,34.52,34.584,1619,0
BTEK.US,D,20210818,000000,34.68,34.97,34.6455,34.6455,3475,0
BTEK.US,D,20210819,000000,34.66,34.66,34.6303,34.6303,619,0
BTEK.US,D,20210820,000000,34.79,35,34.79,35,1645,0
BTEK.US,D,20210823,000000,35.38,35.9879,35.38,35.958,1824,0
BTEK.US,D,20210824,000000,36.29,36.5436,36.2801,36.5168,2264,0
BTEK.US,D,20210825,000000,36.4847,36.6471,36.4847,36.6471,5826,0
BTEK.US,D,20210826,000000,36.48,36.54,36.1706,36.1706,468,0
BTEK.US,D,20210827,000000,36.28,36.91,36.28,36.86,2912,0
BTEK.US,D,20210830,000000,37.08,37.08,37,37.0793,2105,0
BTEK.US,D,20210831,000000,37.1161,37.152,37.1161,37.152,1117,0
BTEK.US,D,20210901,000000,37.45,37.6934,37.45,37.5486,2513,0
BTEK.US,D,20210902,000000,37.97,37.97,37.82,37.8274,1174,0
BTEK.US,D,20210903,000000,37.67,38.2304,37.67,38.2304,822,0
BTEK.US,D,20210907,000000,38.23,38.2853,38.18,38.1881,2434,0
BTEK.US,D,20210908,000000,37.7301,37.7301,37.36,37.37,4379,0
BTEK.US,D,20210909,000000,37.5699,37.5699,37.5699,37.5699,203,0
BTEK.US,D,20210910,000000,38.01,38.0899,37.538,37.538,838,0
BTEK.US,D,20210913,000000,37.13,37.165,37,37.165,864,0
BTEK.US,D,20210914,000000,37.45,37.56,37.32,37.4039,6939,0
BTEK.US,D,20210915,000000,37.2,37.64,37.2,37.64,1228,0
BTEK.US,D,20210916,000000,37.58,37.81,37.58,37.81,941,0
BTEK.US,D,20210917,000000,37.82,37.9,37.62,37.67,2522,0
BTEK.US,D,20210920,000000,36.57,36.77,36.12,36.5079,2285,0
BTEK.US,D,20210921,000000,36.78,36.95,36.78,36.9426,2403,0
BTEK.US,D,20210922,000000,37.0899,37.53,37.0899,37.48,6193,0
BTEK.US,D,20210923,000000,37.665,38,37.665,37.91,7111,0
BTEK.US,D,20210924,000000,37.64,37.71,37.56,37.71,1741,0
BTEK.US,D,20210927,000000,37.46,37.46,37.069,37.21,2259,0
BTEK.US,D,20210928,000000,36.53,36.53,35.6798,35.6798,7345,0
BTEK.US,D,20210929,000000,35.82,35.82,35.02,35.02,5559,0
BTEK.US,D,20210930,000000,35.04,35.429,35.04,35.159,6691,0
BTEK.US,D,20211001,000000,34.98,35.37,34.8342,35.37,9759,0
BTEK.US,D,20211004,000000,35.06,35.06,33.9316,34.0455,7091,0
BTEK.US,D,20211005,000000,34.4715,34.56,34.44,34.44,1923,0
BTEK.US,D,20211006,000000,34.145,34.51,34.145,34.5,6233,0
BTEK.US,D,20211007,000000,35.04,35.41,35.04,35.2369,1788,0
BTEK.US,D,20211008,000000,35.1799,35.21,34.8191,34.8191,633,0
BTEK.US,D,20211011,000000,34.67,34.77,34.3722,34.3722,806,0
BTEK.US,D,20211012,000000,34.4,34.5786,34.4,34.5786,1115,0
BTEK.US,D,20211013,000000,34.84,35.26,34.84,35.2481,840,0
BTEK.US,D,20211014,000000,36,36,35.94,35.99,1035,0
BTEK.US,D,20211015,000000,36.29,36.41,36.2499,36.4,4802,0
BTEK.US,D,20211018,000000,36.06,36.4913,36.06,36.4913,3209,0
BTEK.US,D,20211019,000000,36.74,37.049,36.73,36.8741,2556,0
BTEK.US,D,20211020,000000,36.7176,36.86,36.6844,36.77,6450,0
BTEK.US,D,20211021,000000,36.9963,37.1002,36.9963,37.1002,1623,0
BTEK.US,D,20211022,000000,37,37,36.6,36.7704,1681,0
BTEK.US,D,20211025,000000,36.8,37.053,36.8,37.053,3081,0
BTEK.US,D,20211026,000000,37.25,37.44,36.9259,36.9259,3521,0
BTEK.US,D,20211027,000000,36.89,36.9034,36.589,36.589,1780,0
BTEK.US,D,20211028,000000,36.7901,37.3617,36.7901,37.3617,1597,0
BTEK.US,D,20211029,000000,37.33,37.33,37.231,37.3231,686,0
BTEK.US,D,20211101,000000,37.5,37.84,37.5,37.8381,2501,0
BTEK.US,D,20211102,000000,37.8,37.8,37.53,37.68,4809,0
BTEK.US,D,20211103,000000,37.74,37.9671,37.68,37.9671,3234,0
BTEK.US,D,20211104,000000,37.97,38.0919,37.918,38.0662,2119,0
BTEK.US,D,20211105,000000,38.38,38.38,38.0878,38.23,4299,0
BTEK.US,D,20211108,000000,38.3,38.5,38.3,38.4835,4295,0
BTEK.US,D,20211109,000000,38.65,38.7548,38.39,38.6196,3990,0
BTEK.US,D,20211110,000000,37.639,37.6763,37.57,37.6763,1251,0
BTEK.US,D,20211111,000000,38.22,38.32,38.17,38.1802,19556,0
BTEK.US,D,20211112,000000,38.39,38.7061,38.39,38.7061,6306,0
BTEK.US,D,20211115,000000,38.809,38.82,38.45,38.6711,2274,0
BTEK.US,D,20211116,000000,38.65,39.05,38.65,39.05,6100,0
BTEK.US,D,20211117,000000,38.7595,38.82,38.56,38.61,2978,0
BTEK.US,D,20211118,000000,38.67,38.67,38.282,38.282,1745,0
BTEK.US,D,20211119,000000,38.28,38.28,37.9992,37.9992,3728,0
BTEK.US,D,20211122,000000,38.01,38.01,36.55,36.692,5315,0
BTEK.US,D,20211123,000000,36.36,36.36,35.51,35.94,7778,0
BTEK.US,D,20211124,000000,35.59,36.2453,35.543,36.2359,50589,0
BTEK.US,D,20211126,000000,35.47,35.71,35.38,35.5676,1358,0
BTEK.US,D,20211129,000000,35.995,36.3,35.99,36.2742,2127,0
BTEK.US,D,20211130,000000,36.25,36.405,35.1201,35.4735,1406,0
BTEK.US,D,20211201,000000,36.05,36.11,34.4805,34.4883,6972,0
BTEK.US,D,20211202,000000,34.56,34.76,34.2,34.66,16057,0
BTEK.US,D,20211203,000000,34.8,34.8,33.41,33.87,14145,0
BTEK.US,D,20211206,000000,33.51,33.7,32.75,33.63,9289,0
BTEK.US,D,20211207,000000,34.99,35.42,34.9239,35.2162,5657,0
BTEK.US,D,20211208,000000,35.39,35.88,35.2,35.8194,5212,0
BTEK.US,D,20211209,000000,35.69,35.9002,34.755,34.8081,3436,0
BTEK.US,D,20211210,000000,34.5599,34.56,34.45,34.5048,11483,0
BTEK.US,D,20211213,000000,34.4989,34.51,33.9331,33.9331,20410,0
BTEK.US,D,20211214,000000,33.37,33.37,33.1,33.27,15808,0
BTEK.US,D,20211215,000000,33,33.98,32.77,33.95,9069,0
BTEK.US,D,20211216,000000,33.9519,33.9519,32.67,32.94,15442,0
BTEK.US,D,20211217,000000,32.49,33.3135,32.4192,33.15,14403,0
BTEK.US,D,20211220,000000,32.6,32.775,32.45,32.6809,5420,0
BTEK.US,D,20211221,000000,33.15,33.8798,33.15,33.8798,2354,0
BTEK.US,D,20211222,000000,34.05,34.3146,34.05,34.3146,454,0
BTEK.US,D,20211223,000000,34.7306,34.745,34.7176,34.7176,8026,0
BTEK.US,D,20211227,000000,34.73,35.3829,34.73,35.3829,20587,0
BTEK.US,D,20211228,000000,35.52,35.52,34.83,34.8991,6222,0
BTEK.US,D,20211229,000000,34.71,34.7504,34.425,34.7504,8655,0
BTEK.US,D,20211230,000000,35.06,35.1,34.9063,34.9063,1834,0
BTEK.US,D,20211231,000000,35.28,35.28,34.74,34.89,7473,0
BTEK.US,D,20220103,000000,34.77,34.77,34.4901,34.68,5899,0
BTEK.US,D,20220104,000000,34.64,34.64,33.31,33.6951,5034,0
BTEK.US,D,20220105,000000,33.09,33.09,31.715,31.715,8084,0
BTEK.US,D,20220106,000000,31.28,31.71,30.97,31.4145,7848,0
BTEK.US,D,20220107,000000,31.33,31.33,30.8985,30.9284,2496,0
BTEK.US,D,20220110,000000,30,30.7308,29.56,30.7308,4569,0
BTEK.US,D,20220111,000000,30.78,31.435,30.75,31.435,21735,0
BTEK.US,D,20220112,000000,31.69,31.81,31.2148,31.34,11590,0
BTEK.US,D,20220113,000000,30.95,30.955,30.01,30.06,6150,0
BTEK.US,D,20220114,000000,29.64,29.9182,29.5,29.9136,10744,0
BTEK.US,D,20220118,000000,29.65,29.655,28.77,28.7899,27344,0
BTEK.US,D,20220119,000000,29.23,29.23,28.4842,28.4842,4956,0
BTEK.US,D,20220120,000000,29.1,29.11,28.0435,28.0435,2308,0
BTEK.US,D,20220121,000000,27.89,28,27.16,27.16,14327,0
BTEK.US,D,20220124,000000,26.36,27.46,25.6,27.4526,25649,0
BTEK.US,D,20220125,000000,26.83,26.905,26.11,26.3966,16475,0
BTEK.US,D,20220126,000000,27.02,27.45,26.2071,26.2071,2681,0
BTEK.US,D,20220127,000000,26.28,26.28,25.3205,25.3205,1733,0
BTEK.US,D,20220128,000000,24.98,25.992,24.79,25.992,4095,0
BTEK.US,D,20220131,000000,26.2,27.76,26.2,27.76,5328,0
BTEK.US,D,20220201,000000,27.98,28.22,27.93,28.22,2170,0
BTEK.US,D,20220202,000000,28.188,28.188,27.74,27.8799,2776,0
BTEK.US,D,20220203,000000,26.96,27.06,26.41,26.41,3290,0
BTEK.US,D,20220204,000000,26.54,27.61,26.54,27.5091,3238,0
BTEK.US,D,20220207,000000,27.58,27.8999,27.4898,27.4898,18348,0
BTEK.US,D,20220208,000000,27.25,27.99,27.25,27.99,7770,0
BTEK.US,D,20220209,000000,28.57,29.0774,28.57,29.0774,3627,0
BTEK.US,D,20220210,000000,29.5001,29.5001,28.6091,28.6091,2524,0
BTEK.US,D,20220211,000000,28.52,28.59,27.4747,27.4747,2315,0
BTEK.US,D,20220214,000000,27.47,27.71,27.19,27.3278,25861,0
BTEK.US,D,20220215,000000,27.98,28.59,27.98,28.585,2581,0
BTEK.US,D,20220216,000000,28.24,28.4843,28.2297,28.4843,3423,0
BTEK.US,D,20220217,000000,27.1401,27.1401,27.1401,27.1401,352,0
BTEK.US,D,20220218,000000,26.54,26.87,26.5205,26.56,4337,0
BTEK.US,D,20220222,000000,26.27,26.76,25.97,25.9939,33003,0
BTEK.US,D,20220223,000000,25.5,25.5,25.2367,25.2367,1151,0
BTEK.US,D,20220224,000000,24.3,26.39,24.3,26.3761,4005,0
BTEK.US,D,20220225,000000,26.3199,26.8,25.995,26.7744,2411,0
BTEK.US,D,20220228,000000,26.74,27.15,26.65,26.9901,5381,0
BTEK.US,D,20220301,000000,27.13,27.13,26.3645,26.3645,1740,0
BTEK.US,D,20220302,000000,26.56,26.76,26.275,26.74,1958,0
BTEK.US,D,20220303,000000,26.3001,26.3001,25.69,25.6936,2100,0
BTEK.US,D,20220304,000000,25.01,25.01,24.5658,24.6883,3605,0
BTEK.US,D,20220307,000000,24.49,24.5,23.3883,23.3883,8392,0
BTEK.US,D,20220308,000000,23.38,24.25,23.14,23.5922,12391,0
BTEK.US,D,20220309,000000,24.6794,24.89,24.6746,24.8105,3026,0
BTEK.US,D,20220310,000000,24.23,24.37,24.17,24.31,5677,0
BTEK.US,D,20220311,000000,23.95,23.95,23.42,23.42,1379,0
BTEK.US,D,20220314,000000,22.99,22.99,22.575,22.6292,3223,0
BTEK.US,D,20220315,000000,22.76,23.42,22.76,23.42,7893,0
BTEK.US,D,20220316,000000,24.45,24.912,24.3,24.8906,4445,0
BTEK.US,D,20220317,000000,25.4599,25.7583,25.4599,25.7583,537,0
BTEK.US,D,20220318,000000,26.35,26.5112,26.35,26.5112,1730,0
BTEK.US,D,20220321,000000,26.37,26.37,25.9109,26.15,10091,0
BTEK.US,D,20220322,000000,26,26.91,26,26.81,4917,0
BTEK.US,D,20220323,000000,26.8901,26.9,26.433,26.433,1561,0
BTEK.US,D,20220324,000000,26.5479,26.9717,26.5479,26.9717,2233,0
BTEK.US,D,20220325,000000,26.5,26.5784,26.29,26.5784,3778,0
BTEK.US,D,20220328,000000,26.63,27.005,26.56,27.005,3495,0
BTEK.US,D,20220329,000000,27.6711,28.01,27.57,27.9615,4071,0
BTEK.US,D,20220330,000000,27.79,27.81,27.4287,27.4366,2268,0
BTEK.US,D,20220331,000000,27.37,27.38,27.05,27.05,14582,0
BTEK.US,D,20220401,000000,27.19,27.2,27.0307,27.0307,1183,0
BTEK.US,D,20220404,000000,27.45,27.78,27.45,27.7611,1678,0
BTEK.US,D,20220405,000000,26.8,27.11,26.69,26.7124,894,0
BTEK.US,D,20220406,000000,26.2,26.2,25.4372,25.72,4649,0
BTEK.US,D,20220407,000000,25.65,25.65,25.28,25.5693,1789,0
BTEK.US,D,20220408,000000,25.0299,25.0849,24.9796,24.9796,2269,0
BTEK.US,D,20220411,000000,24.39,24.63,24.39,24.4557,22206,0
BTEK.US,D,20220412,000000,24.86,25.26,24.51,24.51,13767,0
BTEK.US,D,20220413,000000,24.921,25.2249,24.921,25.2232,600,0
BTEK.US,D,20220414,000000,25,25,24.62,24.62,1090,0
BTEK.US,D,20220418,000000,24.49,24.49,24.1972,24.3036,27475,0
BTEK.US,D,20220419,000000,24.95,25.04,24.93,25.0253,1237,0
BTEK.US,D,20220420,000000,25.15,25.15,24.5603,24.5603,2837,0
BTEK.US,D,20220421,000000,24.64,24.64,23.72,23.7559,20070,0
BTEK.US,D,20220422,000000,23.4,23.4,23.18,23.19,1583,0
BTEK.US,D,20220425,000000,22.98,23.635,22.92,23.635,27066,0
BTEK.US,D,20220426,000000,23.1,23.1,22.52,22.52,5782,0
BTEK.US,D,20220427,000000,22.4,22.5124,22.4,22.4545,658,0
BTEK.US,D,20220428,000000,22.309,23.33,22.309,23.1484,5323,0
BTEK.US,D,20220429,000000,22.6,22.6,22.3452,22.3569,2311,0
BTEK.US,D,20220502,000000,22.26,22.7425,22.15,22.7425,5398,0
BTEK.US,D,20220503,000000,22.9142,22.92,22.72,22.7905,8229,0
BTEK.US,D,20220504,000000,22.76,23.4165,22.0732,23.4164,1996,0
BTEK.US,D,20220505,000000,23.12,23.12,21.7477,21.8762,10717,0
BTEK.US,D,20220506,000000,21.18,21.58,21.07,21.27,6563,0
BTEK.US,D,20220509,000000,20.65,20.65,19.8311,19.8311,2972,0
BTEK.US,D,20220510,000000,20.1093,20.1093,19.94,19.9505,3320,0
BTEK.US,D,20220511,000000,19.92,20,19.249,19.27,17106,0
BTEK.US,D,20220512,000000,18.74,19.77,18.74,19.4047,8340,0
BTEK.US,D,20220513,000000,20.22,20.76,20.22,20.7396,3994,0
BTEK.US,D,20220516,000000,20.8,20.8,20.2345,20.2345,31561,0
BTEK.US,D,20220517,000000,20.8923,20.8923,20.41,20.8563,2495,0
BTEK.US,D,20220518,000000,20.62,20.71,19.9222,20.04,2771,0
BTEK.US,D,20220519,000000,20.19,20.8101,20.19,20.488,25823,0
BTEK.US,D,20220520,000000,21.01,21.01,19.88,20.5021,5858,0
BTEK.US,D,20220523,000000,20.55,20.665,20.46,20.6303,7659,0
BTEK.US,D,20220524,000000,19.57,19.66,19.57,19.6322,6135,0
BTEK.US,D,20220525,000000,19.71,20.0524,19.71,20.0524,9496,0
BTEK.US,D,20220526,000000,20.39,20.64,20.39,20.64,2786,0
BTEK.US,D,20220527,000000,21.4299,21.6,21.4299,21.5932,12614,0
BTEK.US,D,20220531,000000,21.2,21.44,21.2,21.3452,7653,0
BTEK.US,D,20220601,000000,21.2199,21.2199,20.84,21.0755,17511,0
BTEK.US,D,20220602,000000,21.23,22.12,21.23,22.12,6804,0
BTEK.US,D,20220603,000000,21.385,21.4963,21.385,21.4963,1857,0
BTEK.US,D,20220606,000000,21.6201,21.715,21.6085,21.6085,620,0
BTEK.US,D,20220607,000000,21.38,21.8163,21.38,21.8163,5001,0
BTEK.US,D,20220608,000000,21.62,21.815,21.6,21.6,6614,0
BTEK.US,D,20220609,000000,21.42,21.42,20.9,20.9,3174,0
BTEK.US,D,20220610,000000,20.44,20.44,20.18,20.18,1540,0
BTEK.US,D,20220613,000000,19.0099,19.0667,18.775,18.8515,31256,0
BTEK.US,D,20220614,000000,18.82,19.06,18.76,18.8911,9141,0
BTEK.US,D,20220615,000000,19.16,19.39,19.12,19.3885,15526,0
BTEK.US,D,20220616,000000,18.88,18.88,18.1898,18.2656,5795,0
BTEK.US,D,20220617,000000,18.48,18.79,18.3401,18.7059,9866,0
BTEK.US,D,20220621,000000,19.264,19.29,19.0555,19.103,7656,0
BTEK.US,D,20220622,000000,18.67,19.25,18.67,18.9941,23081,0
BTEK.US,D,20220623,000000,18.94,19.4,18.94,19.3978,24387,0
BTEK.US,D,20220624,000000,19.9,20.1923,19.9,20.1923,9332,0
BTEK.US,D,20220627,000000,20.47,20.47,19.99,20.0058,7998,0
BTEK.US,D,20220628,000000,20.24,20.24,19.4199,19.45,3579,0
BTEK.US,D,20220629,000000,19.055,19.21,19.05,19.19,16419,0
BTEK.US,D,20220630,000000,18.686,18.98,18.505,18.7988,1445,0
BTEK.US,D,20220701,000000,18.73,18.79,18.485,18.7296,5407,0
BTEK.US,D,20220705,000000,18.29,19.06,18.29,19.0595,11087,0
BTEK.US,D,20220706,000000,19.12,19.21,18.96,19.13,4615,0
BTEK.US,D,20220707,000000,19.54,19.72,19.54,19.7114,13352,0
BTEK.US,D,20220708,000000,19.57,19.9032,19.57,19.7487,11134,0
BTEK.US,D,20220711,000000,19.17,19.2999,19.13,19.1306,9655,0
BTEK.US,D,20220712,000000,19.16,19.16,18.87,18.91,9970,0
BTEK.US,D,20220713,000000,18.9801,19.04,18.8612,18.9309,5955,0
BTEK.US,D,20220714,000000,18.62,18.86,18.62,18.86,1911,0
BTEK.US,D,20220715,000000,19.11,19.23,19.08,19.23,1323,0
BTEK.US,D,20220718,000000,19.56,19.69,19.2468,19.2468,10897,0
BTEK.US,D,20220719,000000,19.6493,19.8099,19.6493,19.7959,1952,0
BTEK.US,D,20220720,000000,19.8,20.39,19.8,20.3223,1501,0
BTEK.US,D,20220721,000000,20.61,20.7694,20.39,20.7694,382,0
BTEK.US,D,20220722,000000,20.15,20.2029,20.15,20.2029,576,0
BTEK.US,D,20220725,000000,20.05,20.0629,20.0099,20.0629,549,0
BTEK.US,D,20220726,000000,19.68,19.68,19.59,19.5984,7142,0
BTEK.US,D,20220727,000000,20.1535,20.51,20.13,20.44,2769,0
BTEK.US,D,20220728,000000,20.37,20.7796,20.26,20.7796,1390,0
BTEK.US,D,20220729,000000,20.87,21.0184,20.83,21.0184,6966,0
BTEK.US,D,20220801,000000,20.81,21.22,20.81,21.01,5659,0
BTEK.US,D,20220802,000000,20.96,21.1919,20.96,21.0923,2697,0
BTEK.US,D,20220803,000000,21.3914,21.7528,21.39,21.7528,2366,0
BTEK.US,D,20220804,000000,21.73,21.91,21.73,21.9063,3697,0
BTEK.US,D,20220805,000000,21.6758,21.8488,21.6758,21.8488,4586,0
BTEK.US,D,20220808,000000,22.07,22.07,21.9203,21.938,555,0
BTEK.US,D,20220809,000000,21.491,21.491,21.37,21.4282,1391,0
BTEK.US,D,20220810,000000,22.2473,22.2473,22.2473,22.2473,118,0
BTEK.US,D,20220811,000000,22.55,22.55,21.92,21.95,6199,0
BTEK.US,D,20220812,000000,22.09,22.2144,22.09,22.2144,231,0
BTEK.US,D,20220815,000000,22.3301,22.3301,22.3161,22.3161,1120,0
BTEK.US,D,20220816,000000,22.08,22.3201,22.08,22.225,10318,0
BTEK.US,D,20220817,000000,21.65,21.7747,21.65,21.7747,3718,0
BTEK.US,D,20220818,000000,21.82,21.9968,21.82,21.9968,1593,0
BTEK.US,D,20220819,000000,21.35,21.3566,21.35,21.3566,379,0
BTEK.US,D,20220822,000000,20.88,20.8946,20.83,20.8337,2452,0
BTEK.US,D,20220823,000000,21.0704,21.0704,21.0704,21.0704,86,0
BTEK.US,D,20220824,000000,21.31,21.31,21.1701,21.1959,1595,0
BTEK.US,D,20220825,000000,21.49,21.6928,21.465,21.6928,1681,0
BTEK.US,D,20220826,000000,21.9,21.9,20.866,20.866,351,0
BTEK.US,D,20220829,000000,20.74,20.74,20.54,20.54,1144,0
BTEK.US,D,20220830,000000,20.645,20.645,20.28,20.41,4399,0
BTEK.US,D,20220831,000000,20.23,20.32,20.23,20.25,917,0
BTEK.US,D,20220901,000000,19.42,19.6174,19.39,19.6174,1525,0
BTEK.US,D,20220902,000000,19.7,19.91,19.4324,19.4324,3957,0
BTEK.US,D,20220906,000000,19.3,19.43,19.2099,19.2707,2687,0
BTEK.US,D,20220907,000000,19.4801,19.7192,19.48,19.7192,724,0
BTEK.US,D,20220908,000000,19.72,19.89,19.71,19.8832,1617,0
BTEK.US,D,20220909,000000,20.5375,20.55,20.53,20.5423,1147,0
BTEK.US,D,20220912,000000,20.55,20.7634,20.55,20.7634,7908,0
BTEK.US,D,20220913,000000,20.07,20.1012,19.8559,19.8714,1321,0
BTEK.US,D,20220914,000000,19.96,20.16,19.96,20.14,5429,0
BTEK.US,D,20220915,000000,20.01,20.01,19.7667,19.7667,464,0
BTEK.US,D,20220916,000000,19.38,19.4827,19.38,19.4827,337,0
BTEK.US,D,20220919,000000,19.47,19.5539,19.3599,19.5539,5214,0
BTEK.US,D,20220920,000000,19.34,19.34,19.21,19.31,1358,0
BTEK.US,D,20220921,000000,19.29,19.31,19.0665,19.0665,505,0
BTEK.US,D,20220922,000000,18.65,18.65,18.497,18.531,2818,0
BTEK.US,D,20220923,000000,18.02,18.0397,17.92,18.0397,1877,0
BTEK.US,D,20220926,000000,18.0999,18.0999,17.9569,17.9569,259,0
BTEK.US,D,20220927,000000,17.99,18.13,17.99,18.1042,1763,0
BTEK.US,D,20220928,000000,18.366,18.5238,18.366,18.5238,1718,0
BTEK.US,D,20220929,000000,17.9,18.0244,17.9,18.0244,1103,0
BTEK.US,D,20220930,000000,18.25,18.2501,17.8852,17.8852,813,0
BTEK.US,D,20221003,000000,18.1201,18.2167,18.09,18.2167,1561,0
BTEK.US,D,20221004,000000,19,19,18.995,18.995,881,0
BTEK.US,D,20221005,000000,18.62,19.0733,18.62,19.0733,568,0
BTEK.US,D,20221006,000000,19.1181,19.1482,19.05,19.0519,4651,0
BTEK.US,D,20221007,000000,18.46,18.46,18.22,18.26,1619,0
BTEK.US,D,20221010,000000,17.8694,17.8694,17.7269,17.738,455,0
BTEK.US,D,20221011,000000,17.2938,17.61,17.2059,17.28,2145,0
BTEK.US,D,20221012,000000,17.2747,17.2747,17.2747,17.2747,280,0
BTEK.US,D,20221013,000000,16.97,17.56,16.97,17.5135,1432,0
BTEK.US,D,20221014,000000,17.17,17.17,16.9011,16.9011,1153,0
BTEK.US,D,20221017,000000,17.26,17.5695,17.26,17.5463,1053,0
BTEK.US,D,20221018,000000,17.73,17.75,17.73,17.7468,6273,0
BTEK.US,D,20221019,000000,17.6813,17.6813,17.42,17.4425,3230,0
BTEK.US,D,20221020,000000,17.45,17.79,17.3409,17.4568,3078,0
BTEK.US,D,20221021,000000,17.402,17.8401,17.402,17.8401,4450,0
BTEK.US,D,20221024,000000,17.98,17.98,17.5,17.7227,1250,0
BTEK.US,D,20221025,000000,18.21,18.3046,18.21,18.3046,4150,0
BTEK.US,D,20221026,000000,18.56,18.56,18.2174,18.2174,563,0
BTEK.US,D,20221027,000000,18.3,18.3,18.0656,18.0656,562,0
BTEK.US,D,20221028,000000,18.03,18.24,18.03,18.2395,3717,0
BTEK.US,D,20221031,000000,18.29,18.29,17.94,18.0695,9720,0
BTEK.US,D,20221101,000000,18.17,18.1786,18.1155,18.1155,564,0
BTEK.US,D,20221102,000000,17.94,17.94,17.3303,17.3303,887,0
BTEK.US,D,20221103,000000,17.04,17.2583,17.04,17.1734,1347,0
BTEK.US,D,20221104,000000,17.4099,17.41,17.0239,17.2353,2326,0
BTEK.US,D,20221107,000000,17.22,17.22,17.0999,17.2162,2750,0
BTEK.US,D,20221108,000000,17.53,17.53,17.3497,17.445,1682,0
BTEK.US,D,20221109,000000,17.15,17.17,16.89,16.955,1669,0
BTEK.US,D,20221110,000000,17.92,18.27,17.92,18.27,1497,0
BTEK.US,D,20221111,000000,18.4,18.91,18.4,18.87,3001,0
BTEK.US,D,20221114,000000,18.588,18.85,18.588,18.6675,5561,0
BTEK.US,D,20221115,000000,19.27,19.34,19.0001,19.17,10950,0
BTEK.US,D,20221116,000000,18.81,18.81,18.53,18.5588,6915,0
BTEK.US,D,20221117,000000,18.24,18.41,18.22,18.3585,1442,0
BTEK.US,D,20221118,000000,18.405,18.405,18.3,18.3749,1508,0
BTEK.US,D,20221121,000000,18.0569,18.0569,18.0569,18.0569,344,0
BTEK.US,D,20221122,000000,18.1913,18.1913,18.1913,18.1913,85,0
BTEK.US,D,20221123,000000,18.44,18.4592,18.44,18.4592,973,0
BTEK.US,D,20221125,000000,18.4109,18.4109,18.4109,18.4109,31,0
BTEK.US,D,20221128,000000,18.26,18.26,18.0561,18.0561,294,0
BTEK.US,D,20221129,000000,18.15,18.15,18.005,18.038,13642,0
BTEK.US,D,20221130,000000,18.11,18.8223,18.1,18.8223,30675,0
BTEK.US,D,20221201,000000,18.94,19.07,18.76,19.0551,8173,0
BTEK.US,D,20221202,000000,18.97,19.11,18.9699,19.04,649,0
BTEK.US,D,20221205,000000,19.08,19.08,18.44,18.5665,9206,0
BTEK.US,D,20221206,000000,18.2991,18.2991,18.18,18.2468,2166,0
BTEK.US,D,20221207,000000,18.22,18.2248,18.181,18.2248,644,0
BTEK.US,D,20221208,000000,18.45,18.5305,18.45,18.5097,543,0
BTEK.US,D,20221209,000000,18.5081,18.59,18.4589,18.4589,7008,0
BTEK.US,D,20221212,000000,18.31,18.5937,18.31,18.5937,8061,0
BTEK.US,D,20221213,000000,19.17,19.17,18.7385,18.8583,3814,0
BTEK.US,D,20221214,000000,18.9311,18.9311,18.58,18.77,6042,0
BTEK.US,D,20221215,000000,18.3301,18.3301,18.13,18.13,10507,0
BTEK.US,D,20221216,000000,17.99,17.9926,17.905,17.9833,2994,0
BTEK.US,D,20221219,000000,17.65,17.7206,17.58,17.6432,18109,0
BTEK.US,D,20221220,000000,17.42,17.68,17.42,17.632,3582,0
BTEK.US,D,20221221,000000,17.7899,17.85,17.7882,17.8151,8563,0
BTEK.US,D,20221222,000000,17.3721,17.41,17.3721,17.41,319,0
BTEK.US,D,20221223,000000,17.2201,17.3027,17.22,17.3027,2544,0
BTEK.US,D,20221227,000000,17.335,17.335,17.21,17.2328,2610,0
BTEK.US,D,20221228,000000,17.0238,17.1,16.97,17.0038,2251,0
BTEK.US,D,20221229,000000,17.15,17.56,17.15,17.5342,3923,0
BTEK.US,D,20221230,000000,17.46,17.4705,17.26,17.4705,14381,0
BTEK.US,D,20230103,000000,17.28,17.395,17.28,17.3924,3501,0
BTEK.US,D,20230104,000000,17.65,17.65,17.54,17.5591,1070,0
BTEK.US,D,20230105,000000,17.41,17.425,17.26,17.2898,1446,0
BTEK.US,D,20230106,000000,17.27,17.7654,17.23,17.7654,4025,0
BTEK.US,D,20230109,000000,18.08,18.25,17.97,18.053,2908,0
BTEK.US,D,20230110,000000,18.0755,18.2365,18.06,18.2365,4383,0
BTEK.US,D,20230111,000000,18.3699,18.4312,18.3699,18.4312,1471,0
BTEK.US,D,20230112,000000,18.35,18.6197,18.35,18.5558,7235,0
BTEK.US,D,20230113,000000,18.57,18.7575,18.54,18.7575,842,0
BTEK.US,D,20230117,000000,18.829,18.8751,18.829,18.8605,2834,0
BTEK.US,D,20230118,000000,18.8083,18.8083,18.7452,18.7452,1287,0
BTEK.US,D,20230119,000000,18.4355,18.5218,18.4355,18.5218,281,0
BTEK.US,D,20230120,000000,18.6699,18.9194,18.64,18.9194,3002,0
BTEK.US,D,20230123,000000,19.09,19.45,19.09,19.4383,3479,0
BTEK.US,D,20230124,000000,19.47,19.47,19.28,19.3398,2302,0
BTEK.US,D,20230125,000000,19.306,19.3989,19.306,19.3989,3949,0
BTEK.US,D,20230126,000000,19.6,19.6863,19.6,19.6863,218,0
BTEK.US,D,20230127,000000,19.75,19.96,19.75,19.84,4878,0
BTEK.US,D,20230130,000000,19.54,19.54,19.3374,19.3374,3989,0
BTEK.US,D,20230131,000000,19.49,19.5601,19.49,19.5601,568,0
BTEK.US,D,20230201,000000,19.6,20.26,19.6,20.159,10285,0
BTEK.US,D,20230202,000000,20.33,20.79,20.33,20.5976,1682,0
BTEK.US,D,20230203,000000,20.3501,20.48,20.09,20.1121,6024,0
BTEK.US,D,20230206,000000,19.89,19.93,19.8118,19.8118,2377,0
BTEK.US,D,20230207,000000,19.68,20.1802,19.68,20.1802,817,0
BTEK.US,D,20230208,000000,20.16,20.16,19.9277,19.9277,4856,0
BTEK.US,D,20230209,000000,20.265,20.27,19.9992,19.9992,2119,0
BTEK.US,D,20230210,000000,19.76,19.76,19.5833,19.6494,3003,0
BTEK.US,D,20230213,000000,19.9199,19.94,19.89,19.8946,3498,0
BTEK.US,D,20230214,000000,20.07,20.1864,19.98,20.1864,5254,0
BTEK.US,D,20230215,000000,19.8999,20.1938,19.8999,20.1938,1670,0
BTEK.US,D,20230216,000000,19.96,20.11,19.9019,19.905,7093,0
BTEK.US,D,20230217,000000,19.72,19.72,19.46,19.5191,2032,0
BTEK.US,D,20230221,000000,19.32,19.32,19.0394,19.0394,2948,0
BTEK.US,D,20230222,000000,19.12,19.21,19.088,19.088,3194,0
BTEK.US,D,20230223,000000,19.24,19.37,19.15,19.37,1081,0
BTEK.US,D,20230224,000000,19,19,18.86,18.9679,2112,0
BTEK.US,D,20230227,000000,19.18,19.19,19.0927,19.0927,1189,0
BTEK.US,D,20230228,000000,19.1802,19.1802,19.1802,19.1802,134,0
BTEK.US,D,20230301,000000,19.19,19.1919,19.19,19.1919,313,0
BTEK.US,D,20230302,000000,18.8799,19.26,18.84,19.2163,1861,0
BTEK.US,D,20230303,000000,19.37,19.61,19.3675,19.5856,2926,0
BTEK.US,D,20230306,000000,19.6699,19.71,19.4774,19.4774,1267,0
BTEK.US,D,20230307,000000,19.39,19.39,19.2064,19.2064,760,0
BTEK.US,D,20230308,000000,19.35,19.3901,19.35,19.3901,3869,0
BTEK.US,D,20230309,000000,19.46,19.46,18.9319,18.9319,2123,0
BTEK.US,D,20230310,000000,18.77,18.9448,18.513,18.513,3589,0
BTEK.US,D,20230313,000000,18.3,18.71,18.3,18.5848,1276,0
BTEK.US,D,20230314,000000,18.86,18.98,18.84,18.9033,599,0
BTEK.US,D,20230315,000000,18.4499,18.5621,18.4,18.5621,5622,0
BTEK.US,D,20230316,000000,18.525,18.9962,18.525,18.9962,1365,0
BTEK.US,D,20230317,000000,18.9999,19,18.8361,18.8449,2745,0
BTEK.US,D,20230320,000000,18.95,18.97,18.91,18.9543,2038,0
BTEK.US,D,20230321,000000,19.188,19.303,19.188,19.303,1310,0
BTEK.US,D,20230322,000000,19.35,19.41,19.1009,19.1009,1542,0
BTEK.US,D,20230323,000000,19.335,19.3553,19.33,19.3553,238,0
BTEK.US,D,20230324,000000,19.12,19.12,18.9599,19.0579,1808,0
BTEK.US,D,20230327,000000,19.185,19.19,19.1349,19.1349,1480,0
BTEK.US,D,20230328,000000,18.96,19.0008,18.89,19.0008,3077,0
BTEK.US,D,20230329,000000,19.255,19.3454,19.24,19.3454,4373,0
BTEK.US,D,20230330,000000,19.66,19.66,19.59,19.6175,4542,0
BTEK.US,D,20230331,000000,19.6,19.9428,19.6,19.9428,3288,0
BTEK.US,D,20230403,000000,19.96,19.96,19.77,19.8884,4947,0
BTEK.US,D,20230404,000000,19.69,19.6987,19.69,19.6987,280,0
BTEK.US,D,20230405,000000,19.74,19.74,19.24,19.3881,4393,0
BTEK.US,D,20230406,000000,19.3038,19.3038,19.3038,19.3038,279,0
BTEK.US,D,20230410,000000,19.3,19.44,19.09,19.4211,6281,0
BTEK.US,D,20230411,000000,19.53,19.55,19.5099,19.53,7970,0
BTEK.US,D,20230412,000000,19.74,19.74,19.3286,19.3286,2126,0
BTEK.US,D,20230413,000000,19.47,19.62,19.47,19.6028,3873,0
BTEK.US,D,20230414,000000,19.54,19.54,19.5055,19.5055,462,0
BTEK.US,D,20230417,000000,19.38,19.5407,19.38,19.5407,3406,0
BTEK.US,D,20230418,000000,19.74,19.74,19.59,19.59,2710,0
BTEK.US,D,20230419,000000,19.344,19.44,19.344,19.3674,2563,0
BTEK.US,D,20230420,000000,19.25,19.36,19.2284,19.2284,2639,0
BTEK.US,D,20230421,000000,19.135,19.23,19.13,19.1552,7520,0
BTEK.US,D,20230424,000000,19.09,19.0946,19.01,19.0946,7522,0
BTEK.US,D,20230425,000000,19,19,18.5093,18.5093,5676,0
BTEK.US,D,20230426,000000,18.6097,18.65,18.57,18.5935,2264,0
BTEK.US,D,20230427,000000,18.5399,18.5951,18.5399,18.5951,1396,0
BTEK.US,D,20230428,000000,18.49,18.5913,18.49,18.5913,1145,0
BTEK.US,D,20230501,000000,18.55,18.6306,18.55,18.6306,2822,0
BTEK.US,D,20230502,000000,18.48,18.4827,18.4499,18.4543,861,0
BTEK.US,D,20230503,000000,18.55,18.55,18.3667,18.3667,321,0
BTEK.US,D,20230504,000000,18.37,18.37,18.235,18.235,556,0
BTEK.US,D,20230505,000000,18.44,18.585,18.4373,18.5688,3115,0
BTEK.US,D,20230508,000000,18.52,18.66,18.52,18.627,1409,0
BTEK.US,D,20230509,000000,18.45,18.45,18.4,18.4228,2723,0
BTEK.US,D,20230510,000000,18.65,18.65,18.515,18.5703,604,0
BTEK.US,D,20230511,000000,18.5,18.5,18.42,18.4973,837,0
BTEK.US,D,20230512,000000,18.4787,18.4899,18.4787,18.4899,241,0
BTEK.US,D,20230515,000000,18.54,18.7421,18.54,18.7421,467,0
BTEK.US,D,20230516,000000,18.6386,18.6386,18.6386,18.6386,85,0
BTEK.US,D,20230517,000000,18.9709,18.9709,18.9709,18.9709,96,0
BTEK.US,D,20230518,000000,19.3076,19.3076,19.3076,19.3076,89,0
BTEK.US,D,20230519,000000,19.4,19.405,19.3781,19.3781,892,0
BTEK.US,D,20230522,000000,19.5127,19.527,19.5127,19.527,169,0
BTEK.US,D,20230523,000000,19.43,19.43,19.2543,19.2543,496,0
BTEK.US,D,20230524,000000,19.18,19.18,18.965,19.0679,1623,0
BTEK.US,D,20230525,000000,19.65,19.7507,19.65,19.7507,269,0
BTEK.US,D,20230526,000000,20.4638,20.4638,20.4638,20.4638,238,0
BTEK.US,D,20230530,000000,20.86,20.86,20.47,20.5079,8503,0
BTEK.US,D,20230531,000000,20.33,20.3301,20.0834,20.1906,10986,0
BTEK.US,D,20230601,000000,20.45,20.6795,20.45,20.6795,650,0
BTEK.US,D,20230602,000000,20.84,20.84,20.7308,20.7946,2321,0
BTEK.US,D,20230605,000000,20.8,20.8,20.3739,20.7441,1727,0
BTEK.US,D,20230606,000000,20.82,20.87,20.78,20.833,2209,0
BTEK.US,D,20230607,000000,20.84,20.84,20.6261,20.6261,2804,0
BTEK.US,D,20230608,000000,20.66,20.76,20.6199,20.7574,2078,0
BTEK.US,D,20230609,000000,20.89,20.89,20.7748,20.7748,994,0
BTEK.US,D,20230612,000000,21.0506,21.1519,21.0506,21.1519,4955,0
BTEK.US,D,20230613,000000,21.56,21.61,21.47,21.565,4742,0
BTEK.US,D,20230614,000000,21.59,21.59,21.53,21.581,2283,0
BTEK.US,D,20230615,000000,21.7799,21.7799,21.7569,21.7569,511,0
BTEK.US,D,20230616,000000,21.95,21.95,21.6817,21.6817,525,0
BTEK.US,D,20230620,000000,21.6,21.6,21.422,21.5394,1246,0
BTEK.US,D,20230621,000000,21.15,21.2716,21.15,21.2716,1143,0
BTEK.US,D,20230622,000000,21.17,21.2781,21.17,21.2781,1152,0
BTEK.US,D,20230623,000000,20.99,20.99,20.9399,20.9399,572,0
BTEK.US,D,20230626,000000,21.05,21.05,20.8055,20.8055,1239,0
BTEK.US,D,20230627,000000,20.8201,21.1981,20.8201,21.1981,475,0
BTEK.US,D,20230628,000000,20.96,21.2419,20.96,21.2419,354,0
BTEK.US,D,20230629,000000,21.309,21.3397,21.309,21.3397,2636,0
BTEK.US,D,20230630,000000,21.76,21.76,21.7261,21.7274,1146,0
BTEK.US,D,20230703,000000,21.7,21.8126,21.7,21.8126,2709,0
BTEK.US,D,20230705,000000,21.57,21.6675,21.57,21.6394,1867,0
BTEK.US,D,20230706,000000,21.3045,21.3045,21.07,21.2212,1664,0
BTEK.US,D,20230707,000000,21.3531,21.3531,21.3531,21.3531,262,0
BTEK.US,D,20230710,000000,21.42,21.5208,21.42,21.5208,2780,0
BTEK.US,D,20230711,000000,21.7074,21.7501,21.64,21.7501,4566,0
BTEK.US,D,20230712,000000,22.07,22.1141,22.07,22.1141,953,0
BTEK.US,D,20230713,000000,22.5753,22.7392,22.5753,22.7392,5839,0
BTEK.US,D,20230714,000000,22.8089,22.86,22.59,22.5968,4475,0
BTEK.US,D,20230717,000000,22.73,22.91,22.73,22.9085,1974,0
BTEK.US,D,20230718,000000,22.97,23.0374,22.97,23.0374,1680,0
BTEK.US,D,20230719,000000,23.05,23.05,22.8684,22.8684,2093,0
BTEK.US,D,20230720,000000,22.448,22.448,22.2242,22.2242,1714,0
BTEK.US,D,20230721,000000,22.1701,22.32,22.17,22.2187,855,0
BTEK.US,D,20230724,000000,22.2,22.2395,22.2,22.2395,2566,0
BTEK.US,D,20230725,000000,22.3001,22.3799,22.2963,22.2963,4926,0
BTEK.US,D,20230726,000000,22.12,22.2141,22.07,22.2141,2059,0
BTEK.US,D,20230727,000000,22.6057,22.6137,22.2478,22.2478,1329,0
BTEK.US,D,20230728,000000,22.58,22.752,22.58,22.752,1026,0
BTEK.US,D,20230731,000000,22.76,22.76,22.72,22.753,331,0
BTEK.US,D,20230801,000000,22.46,22.5844,22.46,22.5844,459,0
BTEK.US,D,20230802,000000,22.34,22.34,21.87,21.8807,1661,0
BTEK.US,D,20230803,000000,21.862,21.8816,21.862,21.8816,332,0
BTEK.US,D,20230804,000000,21.8171,21.8171,21.8171,21.8171,108,0
BTEK.US,D,20230807,000000,22,22.0716,22,22.0716,1136,0
BTEK.US,D,20230808,000000,21.6,21.7138,21.5215,21.7138,2000,0
BTEK.US,D,20230809,000000,21.6798,21.69,21.38,21.447,1757,0
BTEK.US,D,20230810,000000,21.3282,21.3282,21.3282,21.3282,209,0
BTEK.US,D,20230811,000000,21.1626,21.1699,21.05,21.0963,5061,0
BTEK.US,D,20230814,000000,20.96,21.2629,20.9201,21.2629,850,0
BTEK.US,D,20230815,000000,21.0133,21.0133,21.0133,21.0133,50,0
BTEK.US,D,20230816,000000,20.94,20.94,20.816,20.816,1123,0
BTEK.US,D,20230817,000000,20.52,20.52,20.4215,20.4215,161,0
BTEK.US,D,20230818,000000,20.2637,20.4107,20.2637,20.4107,664,0
BTEK.US,D,20230821,000000,20.81,20.9247,20.7377,20.9247,481,0
BTEK.US,D,20230822,000000,21.04,21.0402,20.985,20.985,754,0
BTEK.US,D,20230823,000000,21.0189,21.4807,21.0189,21.4202,1495,0
BTEK.US,D,20230824,000000,21.89,21.89,20.9511,20.9511,388,0
BTEK.US,D,20230825,000000,20.92,20.92,20.92,20.92,41,0
BTEK.US,D,20230828,000000,21.11,21.1529,21.0805,21.1529,5597,0
BTEK.US,D,20230829,000000,21.515,21.6643,21.49,21.6643,1390,0
BTEK.US,D,20230830,000000,21.7816,21.89,21.7816,21.8197,1568,0
BTEK.US,D,20230831,000000,21.8197,21.8977,21.81,21.8977,627,0
BTEK.US,D,20230901,000000,21.9099,21.9099,21.87,21.8703,1056,0
BTEK.US,D,20230905,000000,21.87,21.9044,21.87,21.9044,801,0
BTEK.US,D,20230906,000000,21.64,21.7343,21.64,21.7343,118,0
BTEK.US,D,20230907,000000,21.4275,21.4275,21.4275,21.4275,228,0
BTEK.US,D,20230908,000000,21.3,21.33,21.28,21.3166,738,0
BTEK.US,D,20230911,000000,21.36,21.41,21.36,21.4066,601,0
BTEK.US,D,20230912,000000,21.1841,21.1841,21.1841,21.1841,43,0
BTEK.US,D,20230913,000000,21.27,21.27,21.1974,21.1974,176,0
BTEK.US,D,20230914,000000,21.42,21.42,21.33,21.3631,2415,0
BTEK.US,D,20230915,000000,21.24,21.2415,21.066,21.066,952,0
BTEK.US,D,20230918,000000,20.85,20.9768,20.85,20.866,620,0
BTEK.US,D,20230919,000000,20.5595,20.7309,20.5595,20.7309,701,0
BTEK.US,D,20230920,000000,20.4399,20.4399,20.4399,20.4399,113,0
BTEK.US,D,20230921,000000,19.965,19.965,19.93,19.93,989,0
BTEK.US,D,20230922,000000,20.2,20.2699,20.1299,20.1299,1565,0
BTEK.US,D,20230925,000000,20.11,20.2008,20.085,20.2008,632,0
BTEK.US,D,20230926,000000,19.83,19.879,19.83,19.843,1852,0
BTEK.US,D,20230927,000000,19.82,19.979,19.82,19.979,327,0
BTEK.US,D,20230928,000000,20.37,20.4001,20.37,20.3924,518,0
BTEK.US,D,20230929,000000,20.41,20.5178,20.41,20.4763,285,0
BTEK.US,D,20231002,000000,20.48,20.62,20.48,20.4865,507,0
BTEK.US,D,20231003,000000,20.02,20.02,20.0066,20.0066,202,0
BTEK.US,D,20231004,000000,20.2919,20.2919,20.2919,20.2919,1441,0
BTEK.US,D,20231005,000000,20.2233,20.3431,20.22,20.3431,635,0
BTEK.US,D,20231006,000000,20.72,20.8099,20.72,20.7592,356,0
BTEK.US,D,20231009,000000,20.532,20.7209,20.532,20.7209,740,0
BTEK.US,D,20231010,000000,20.88,21.135,20.88,21.0323,753,0
BTEK.US,D,20231011,000000,21.02,21.0506,20.95,21.0506,12448,0
BTEK.US,D,20231012,000000,21.13,21.13,20.9001,20.9181,1596,0
BTEK.US,D,20231013,000000,20.53,20.53,20.4926,20.4926,333,0
BTEK.US,D,20231016,000000,20.65,20.7158,20.63,20.7158,2468,0
BTEK.US,D,20231017,000000,20.6401,20.67,20.51,20.5796,4115,0
BTEK.US,D,20231018,000000,20.25,20.25,20.0137,20.0137,1043,0
BTEK.US,D,20231019,000000,19.7832,19.7832,19.7832,19.7832,12,0
BTEK.US,D,20231020,000000,19.63,19.63,19.36,19.3956,2398,0
BTEK.US,D,20231023,000000,19.3,19.47,19.3,19.47,994,0
BTEK.US,D,20231024,000000,19.655,19.749,19.61,19.749,6538,0
BTEK.US,D,20231025,000000,19.53,19.53,19.1855,19.1855,1501,0
BTEK.US,D,20231026,000000,19.1,19.1,18.92,18.9491,2252,0
BTEK.US,D,20231027,000000,19.12,19.16,19,19.0178,1907,0
BTEK.US,D,20231030,000000,19.09,19.09,18.99,19.0409,1453,0
BTEK.US,D,20231031,000000,19.05,19.0666,19.01,19.0666,14244,0
BTEK.US,D,20231101,000000,19.19,19.2866,19.04,19.2866,2646,0
BTEK.US,D,20231102,000000,19.795,19.8399,19.725,19.7836,3323,0
BTEK.US,D,20231103,000000,20.04,20.2406,20.04,20.2406,660,0
BTEK.US,D,20231106,000000,20.15,20.153,20.087,20.153,762,0
BTEK.US,D,20231107,000000,20.44,20.44,20.374,20.374,489,0
BTEK.US,D,20231108,000000,20.4477,20.4477,20.4477,20.4477,494,0
BTEK.US,D,20231109,000000,20.2565,20.2565,20.2565,20.2565,91,0
BTEK.US,D,20231110,000000,20.54,20.6973,20.54,20.6973,428,0
BTEK.US,D,20231113,000000,20.6,20.7206,20.6,20.7206,2825,0
BTEK.US,D,20231114,000000,21.3966,21.4799,21.3705,21.445,1277,0
BTEK.US,D,20231115,000000,21.45,21.54,21.45,21.5005,1593,0
BTEK.US,D,20231116,000000,21.2801,21.388,21.2801,21.388,704,0
BTEK.US,D,20231117,000000,21.52,21.52,21.52,21.52,140,0
BTEK.US,D,20231120,000000,21.7601,21.8649,21.7601,21.8649,469,0
BTEK.US,D,20231121,000000,21.6501,21.71,21.6501,21.7097,827,0
BTEK.US,D,20231122,000000,21.87,21.87,21.7385,21.7385,203,0
BTEK.US,D,20231124,000000,21.63,21.7438,21.63,21.7438,566,0
BTEK.US,D,20231127,000000,21.8078,21.8078,21.8078,21.8078,215,0
BTEK.US,D,20231128,000000,21.88,21.9147,21.88,21.9147,436,0
BTEK.US,D,20231129,000000,22.2004,22.26,22.1175,22.1175,778,0
BTEK.US,D,20231130,000000,21.99,21.99,21.82,21.9284,2869,0
BTEK.US,D,20231201,000000,21.8,22.2854,21.8,22.2854,1925,0
BTEK.US,D,20231204,000000,21.8,21.8717,21.69,21.8717,3431,0
BTEK.US,D,20231205,000000,21.74,21.8416,21.74,21.8153,562,0
BTEK.US,D,20231206,000000,21.96,22.0301,21.6784,21.6784,2320,0
BTEK.US,D,20231207,000000,21.78,21.94,21.78,21.94,1213,0
BTEK.US,D,20231208,000000,22.1021,22.1021,22.1021,22.1021,193,0
BTEK.US,D,20231211,000000,22.2245,22.2816,22.2245,22.2816,474,0
BTEK.US,D,20231212,000000,22.28,22.4388,22.28,22.4388,1278,0
BTEK.US,D,20231213,000000,22.9,22.9176,22.9,22.9176,327,0
BTEK.US,D,20231214,000000,23,23.2601,23,23.26,6026,0
BTEK.US,D,20231215,000000,23.26,23.26,23.1533,23.1533,663,0
BTEK.US,D,20231218,000000,23.1,23.15,23.1,23.1415,3474,0
BTEK.US,D,20231219,000000,23.27,23.34,23.25,23.272,982,0
BTEK.US,D,20231220,000000,22.965,22.965,22.7445,22.7445,664,0
BTEK.US,D,20231221,000000,23.2596,23.2596,23.2596,23.2596,417,0
BTEK.US,D,20231222,000000,23.2412,23.2449,23.1563,23.1563,1130,0
BTEK.US,D,20231226,000000,23.48,23.48,23.3,23.4045,2793,0
BTEK.US,D,20231227,000000,23.36,23.4282,23.34,23.3827,11668,0
BTEK.US,D,20231228,000000,23.37,23.45,23.37,23.37,3931,0
BTEK.US,D,20231229,000000,23.2453,23.2453,23.2453,23.2453,373,0
BTEK.US,D,20240102,000000,22.96,22.96,22.5894,22.5894,1530,0
BTEK.US,D,20240103,000000,22.1401,22.1568,22.1401,22.1568,355,0
BTEK.US,D,20240104,000000,22.1,22.12,22.0321,22.0321,1147,0
BTEK.US,D,20240105,000000,22.17,22.1701,22.072,22.072,3193,0
BTEK.US,D,20240108,000000,22.15,22.69,22.15,22.6762,1915,0
BTEK.US,D,20240109,000000,22.5682,22.79,22.5682,22.654,2313,0
BTEK.US,D,20240110,000000,22.765,22.88,22.72,22.7875,1145,0
BTEK.US,D,20240111,000000,22.789,22.8776,22.789,22.8741,2470,0
BTEK.US,D,20240112,000000,22.79,22.86,22.79,22.86,764,0
BTEK.US,D,20240116,000000,22.8801,22.8801,22.69,22.7649,1840,0
BTEK.US,D,20240117,000000,22.5407,22.5407,22.5407,22.5407,125,0
BTEK.US,D,20240118,000000,22.8432,22.9307,22.8432,22.9307,916,0
BTEK.US,D,20240119,000000,23.5516,23.5516,23.5516,23.5516,236,0
BTEK.US,D,20240122,000000,23.94,23.99,23.8501,23.8855,1556,0
BTEK.US,D,20240123,000000,23.82,23.902,23.79,23.902,1649,0
BTEK.US,D,20240124,000000,24,24.1769,23.87,23.8781,3259,0
BTEK.US,D,20240125,000000,23.94,23.95,23.74,23.7689,1261,0
BTEK.US,D,20240126,000000,23.5905,23.5905,23.5905,23.5905,756,0
BTEK.US,D,20240129,000000,23.62,23.9535,23.62,23.9535,2380,0
BTEK.US,D,20240130,000000,23.8827,23.8827,23.8827,23.8827,407,0
BTEK.US,D,20240131,000000,23.56,23.675,23.41,23.44,8444,0
BTEK.US,D,20240201,000000,23.62,23.7853,23.62,23.7853,386,0
BTEK.US,D,20240202,000000,23.94,24.1553,23.94,24.1553,1086,0
BTEK.US,D,20240205,000000,24.12,24.12,23.94,24.1011,1758,0
BTEK.US,D,20240206,000000,24.17,24.17,23.9499,24.1196,1658,0
BTEK.US,D,20240207,000000,24.31,24.4,24.31,24.38,7441,0
BTEK.US,D,20240208,000000,24.5,24.8954,24.5,24.7814,1408,0
BTEK.US,D,20240209,000000,25,25.3,25,25.2413,2444,0
BTEK.US,D,20240212,000000,25.24,25.53,25.24,25.36,9910,0
BTEK.US,D,20240213,000000,24.69,24.7501,24.471,24.5886,3461,0
BTEK.US,D,20240214,000000,25.0755,25.2204,25.0396,25.2204,5301,0
BTEK.US,D,20240215,000000,25.63,25.63,25.29,25.57,4125,0
BTEK.US,D,20240216,000000,25.62,25.62,25.1188,25.1188,2339,0
BTEK.US,D,20240220,000000,24.9,24.9,24.47,24.6838,1323,0
BTEK.US,D,20240221,000000,24.4,24.4,24.165,24.2375,736,0
BTEK.US,D,20240222,000000,25.14,25.2699,25.14,25.2323,2510,0
BTEK.US,D,20240223,000000,24.905,25.17,24.905,25.0888,5450,0
BTEK.US,D,20240226,000000,25.28,25.38,25.28,25.35,3811,0
BTEK.US,D,20240227,000000,25.3961,25.3961,25.18,25.2161,2703,0
BTEK.US,D,20240228,000000,25.09,25.19,25.0201,25.0676,2676,0
BTEK.US,D,20240229,000000,25.49,25.4933,25.26,25.4933,2225,0
BTEK.US,D,20240301,000000,25.77,26.1383,25.77,26.0599,3115,0
BTEK.US,D,20240304,000000,26.31,26.34,26.1984,26.1984,7080,0
BTEK.US,D,20240305,000000,26.16,26.16,25.57,25.766,3358,0
BTEK.US,D,20240306,000000,26.07,26.29,25.91,26.21,1503,0
BTEK.US,D,20240307,000000,26.3399,26.5726,26.3399,26.5726,1653,0
BTEK.US,D,20240308,000000,26.51,26.58,25.8585,25.8585,1596,0
BTEK.US,D,20240311,000000,25.74,25.74,25.4816,25.4816,3230,0
BTEK.US,D,20240312,000000,25.55,25.9153,25.55,25.9153,530,0
BTEK.US,D,20240313,000000,25.69,25.69,25.51,25.5864,1405,0
BTEK.US,D,20240314,000000,25.53,25.53,25.243,25.243,159,0
BTEK.US,D,20240315,000000,25.11,25.11,24.8818,24.8818,1098,0
BTEK.US,D,20240318,000000,25.23,25.24,25.04,25.1015,3548,0
BTEK.US,D,20240319,000000,24.9,25.024,24.69,24.9431,1030,0
BTEK.US,D,20240320,000000,24.9,25.2786,24.9,25.2786,448,0
BTEK.US,D,20240321,000000,25.63,25.8856,25.63,25.6825,3159,0
BTEK.US,D,20240322,000000,25.78,25.8185,25.69,25.75,567,0
BTEK.US,D,20240325,000000,25.76,25.92,25.6686,25.8638,2653,0
BTEK.US,D,20240326,000000,26.14,26.14,25.7907,25.7907,3344,0
BTEK.US,D,20240327,000000,25.71,25.73,25.57,25.73,1475,0
BTEK.US,D,20240328,000000,25.73,25.73,25.6466,25.6466,626,0
BTEK.US,D,20240401,000000,25.9,25.9,25.6747,25.6747,1562,0
BTEK.US,D,20240402,000000,25.3,25.4884,25.285,25.4884,1421,0
BTEK.US,D,20240403,000000,25.67,25.67,25.645,25.645,440,0
BTEK.US,D,20240404,000000,25.905,25.905,25.26,25.26,2010,0
BTEK.US,D,20240405,000000,25.52,25.5482,25.48,25.5482,1385,0
BTEK.US,D,20240408,000000,25.63,25.63,25.5188,25.5188,280,0
BTEK.US,D,20240409,000000,25.477,25.4846,25.37,25.4846,5276,0
BTEK.US,D,20240410,000000,25.09,25.15,25.07,25.15,2927,0
BTEK.US,D,20240411,000000,25.24,25.61,25.24,25.6069,3181,0
BTEK.US,D,20240412,000000,25.38,25.38,24.9859,24.9859,2041,0
BTEK.US,D,20240415,000000,25.04,25.04,24.41,24.4226,2102,0
BTEK.US,D,20240416,000000,24.3201,24.4144,24.3201,24.4144,1210,0
BTEK.US,D,20240417,000000,24.405,24.405,24.0488,24.0488,1132,0
BTEK.US,D,20240418,000000,23.9413,24.14,23.88,23.882,5332,0
BTEK.US,D,20240419,000000,23.46,23.46,22.89,23,3130,0
BTEK.US,D,20240422,000000,23.11,23.2399,22.85,23.1352,2318,0
BTEK.US,D,20240423,000000,23.44,23.7209,23.44,23.7209,1222,0
BTEK.US,D,20240424,000000,24.21,24.21,23.7266,23.8207,926,0
BTEK.US,D,20240425,000000,23.95,24.0061,23.95,23.95,5111,0
BTEK.US,D,20240426,000000,24.3,24.65,24.3,24.5915,3500,0
BTEK.US,D,20240429,000000,24.6599,24.76,24.6599,24.6784,2595,0
BTEK.US,D,20240430,000000,24.64,24.65,24.24,24.24,14986,0
BTEK.US,D,20240501,000000,23.9,23.9909,23.9,23.9909,557,0
BTEK.US,D,20240502,000000,24.08,24.52,23.96,24.441,5077,0
BTEK.US,D,20240503,000000,24.789,24.7943,24.789,24.7943,701,0
BTEK.US,D,20240506,000000,25.01,25.16,24.965,25.1581,3157,0
BTEK.US,D,20240507,000000,25.32,25.32,25,25.08,2914,0
BTEK.US,D,20240508,000000,24.88,24.9354,24.88,24.9354,2080,0
BTEK.US,D,20240509,000000,24.8231,24.905,24.8231,24.9005,1420,0
BTEK.US,D,20240510,000000,25.12,25.12,24.92,24.9663,1389,0
BTEK.US,D,20240513,000000,24.925,24.94,24.86,24.9228,2836,0
BTEK.US,D,20240514,000000,25.2105,25.2105,25.2105,25.2105,248,0
BTEK.US,D,20240515,000000,25.45,25.8798,25.45,25.8798,3753,0
BTEK.US,D,20240516,000000,25.78,25.92,25.7299,25.7299,6208,0
BTEK.US,D,20240517,000000,25.82,25.82,25.68,25.6903,4628,0
BTEK.US,D,20240520,000000,25.64,25.96,25.64,25.93,8526,0
BTEK.US,D,20240521,000000,25.84,25.9026,25.82,25.9026,1567,0
BTEK.US,D,20240522,000000,25.94,25.94,25.77,25.8342,4831,0
BTEK.US,D,20240523,000000,26.47,26.47,26.0599,26.0599,695,0
BTEK.US,D,20240524,000000,26.06,26.4061,26.06,26.4061,3678,0
BTEK.US,D,20240528,000000,26.71,26.71,26.46,26.5599,3951,0
BTEK.US,D,20240529,000000,26.3,26.3931,26.3,26.37,775,0
BTEK.US,D,20240530,000000,26.22,26.22,25.95,25.9892,2975,0
BTEK.US,D,20240531,000000,25.5499,25.557,25.24,25.557,1135,0
BTEK.US,D,20240603,000000,25.85,25.85,25.51,25.7008,2851,0
BTEK.US,D,20240604,000000,25.58,25.6247,25.46,25.6247,133159,0
BTEK.US,D,20240605,000000,25.95,26.2467,25.95,26.2467,9236,0
BTEK.US,D,20240606,000000,26.23,26.23,26.0879,26.15,7397,0
BTEK.US,D,20240607,000000,26.09,26.12,26.0502,26.0612,831,0
BTEK.US,D,20240610,000000,25.87,26.342,25.87,26.342,934,0
BTEK.US,D,20240611,000000,26.41,26.4126,26.25,26.4126,1271,0
BTEK.US,D,20240612,000000,27.16,27.2,27.09,27.09,1168,0
BTEK.US,D,20240613,000000,27.08,27.255,26.9,27.1291,2886,0
BTEK.US,D,20240614,000000,27.13,27.1301,27.0299,27.1059,2455,0
BTEK.US,D,20240617,000000,26.99,27.3,26.86,27.2446,15439,0
BTEK.US,D,20240618,000000,27.48,27.5957,27.48,27.5957,965,0
BTEK.US,D,20240620,000000,27.86,27.86,27.1,27.1747,3934,0
BTEK.US,D,20240621,000000,27.09,27.09,26.88,27.0282,1790,0
BTEK.US,D,20240624,000000,26.8,26.8,26.5626,26.5626,404,0
BTEK.US,D,20240625,000000,26.7099,26.9687,26.7,26.9687,3410,0
BTEK.US,D,20240626,000000,27.05,27.1663,27.02,27.1663,1756,0
BTEK.US,D,20240627,000000,27.3952,27.3952,27.3952,27.3952,125,0
BTEK.US,D,20240628,000000,27.46,27.5599,27.4364,27.4364,568,0
BTEK.US,D,20240701,000000,27.05,27.3707,27.05,27.3707,1008,0
BTEK.US,D,20240702,000000,27.4099,27.6,27.34,27.6,3254,0
BTEK.US,D,20240703,000000,27.9297,27.9297,27.9297,27.9297,98,0
BTEK.US,D,20240705,000000,28.0428,28.0982,28.0428,28.0982,859,0
BTEK.US,D,20240708,000000,28.23,28.23,28.1849,28.1849,466,0
BTEK.US,D,20240709,000000,28.296,28.296,28.04,28.1113,4087,0
BTEK.US,D,20240710,000000,28.3,28.432,28.3,28.432,2702,0
BTEK.US,D,20240711,000000,28.67,28.67,27.96,27.9873,1811,0
BTEK.US,D,20240712,000000,28.11,28.4592,28.11,28.2212,2098,0
BTEK.US,D,20240715,000000,28.3799,28.4199,28.08,28.0852,2894,0
BTEK.US,D,20240716,000000,28.37,28.37,28.0735,28.3116,2084,0
BTEK.US,D,20240717,000000,27.22,27.22,26.9525,26.9525,2560,0
BTEK.US,D,20240718,000000,26.88,26.88,26.3143,26.5071,2684,0
BTEK.US,D,20240719,000000,26.4,26.4,26.27,26.27,2028,0
BTEK.US,D,20240722,000000,26.73,26.837,26.73,26.837,3104,0
BTEK.US,D,20240723,000000,26.75,26.948,26.75,26.8931,2902,0
BTEK.US,D,20240724,000000,26.55,26.55,25.665,25.6658,1404,0
BTEK.US,D,20240725,000000,25.12,25.45,24.986,25.181,2452,0
BTEK.US,D,20240726,000000,25.51,25.545,25.4992,25.4992,1942,0
BTEK.US,D,20240729,000000,25.53,25.53,25.3,25.3012,5093,0
BTEK.US,D,20240730,000000,24.81,24.81,24.5,24.6945,7644,0
BTEK.US,D,20240731,000000,25.57,25.8143,25.57,25.8143,1256,0
BTEK.US,D,20240801,000000,25.63,25.65,24.49,24.6476,4278,0
BTEK.US,D,20240802,000000,23.49,23.6356,23.49,23.6356,656,0
BTEK.US,D,20240805,000000,22.15,23.21,22.15,23.0087,1833,0
BTEK.US,D,20240806,000000,23.005,23.63,23.005,23.2913,18730,0
BTEK.US,D,20240807,000000,24,24,23.0192,23.0192,11028,0
BTEK.US,D,20240808,000000,23.1,23.1,23.04,23.045,17000,0
BTEK.US,D,20240809,000000,23.16,23.1785,23.14,23.1785,18436,0
BTEK.US,D,20240812,000000,23.18,23.18,23.18,23.18,139,0
