<TICKER>,<PER>,<DATE>,<TIME>,<OPEN>,<HIGH>,<LOW>,<CLOSE>,<VOL>,<OPENINT>
CNBS.US,D,20190725,000000,23.759,24.075,23.626,23.628,19460,0
CNBS.US,D,20190726,000000,23.631,23.837,23.619,23.759,12601,0
CNBS.US,D,20190729,000000,23.799,23.867,23.159,23.443,13327,0
CNBS.US,D,20190730,000000,23.295,23.728,23.275,23.621,17756,0
CNBS.US,D,20190731,000000,23.669,23.906,23.418,23.529,22403,0
CNBS.US,D,20190801,000000,23.521,23.521,23.077,23.107,15400,0
CNBS.US,D,20190802,000000,23.521,24.293,23.521,24.293,15072,0
CNBS.US,D,20190805,000000,24.075,24.075,23.659,23.839,11878,0
CNBS.US,D,20190806,000000,24.688,24.688,24.035,24.31,7904,0
CNBS.US,D,20190807,000000,24.243,24.331,23.948,24.286,5186,0
CNBS.US,D,20190808,000000,24.53,24.556,24.24,24.463,74023,0
CNBS.US,D,20190809,000000,24.54,24.608,24.085,24.115,7818,0
CNBS.US,D,20190812,000000,24.006,24.006,23.749,23.832,10569,0
CNBS.US,D,20190813,000000,23.937,24.64,23.937,24.639,37703,0
CNBS.US,D,20190814,000000,24.194,24.194,23.341,23.546,26426,0
CNBS.US,D,20190815,000000,23.343,23.343,22.03,22.176,20918,0
CNBS.US,D,20190816,000000,22.414,22.751,22.395,22.673,7358,0
CNBS.US,D,20190819,000000,23.117,23.117,22.49,22.517,6643,0
CNBS.US,D,20190820,000000,22.444,22.692,22.389,22.521,4580,0
CNBS.US,D,20190821,000000,22.721,22.721,22.286,22.372,9044,0
CNBS.US,D,20190822,000000,22.245,22.245,21.778,21.778,6126,0
CNBS.US,D,20190823,000000,21.742,21.755,21.13,21.186,5325,0
CNBS.US,D,20190826,000000,21.377,21.377,20.893,21.006,5184,0
CNBS.US,D,20190827,000000,21.03,21.03,20.034,20.068,7759,0
CNBS.US,D,20190828,000000,19.954,20.552,19.651,20.552,7476,0
CNBS.US,D,20190829,000000,20.833,20.866,20.555,20.555,8290,0
CNBS.US,D,20190830,000000,20.645,20.735,20.287,20.352,6614,0
CNBS.US,D,20190903,000000,20.25,20.701,20.201,20.701,3783,0
CNBS.US,D,20190904,000000,20.695,20.793,20.477,20.702,8307,0
CNBS.US,D,20190905,000000,20.952,21.486,20.919,21.452,24826,0
CNBS.US,D,20190906,000000,21.545,22.117,21.456,21.908,22648,0
CNBS.US,D,20190909,000000,22.128,22.225,21.406,21.406,12803,0
CNBS.US,D,20190910,000000,21.407,21.734,21.095,21.734,20671,0
CNBS.US,D,20190911,000000,21.899,21.97,21.832,21.832,4911,0
CNBS.US,D,20190912,000000,21.528,21.634,21.357,21.363,22154,0
CNBS.US,D,20190913,000000,21.418,21.534,21.289,21.521,4343,0
CNBS.US,D,20190916,000000,21.407,21.407,21.108,21.108,2270,0
CNBS.US,D,20190917,000000,21.169,21.169,20.775,20.891,6626,0
CNBS.US,D,20190918,000000,20.755,20.783,20.438,20.669,4278,0
CNBS.US,D,20190919,000000,20.765,20.765,20.192,20.209,6834,0
CNBS.US,D,20190920,000000,20.26,20.26,19.974,20.042,7774,0
CNBS.US,D,20190923,000000,20.092,20.197,19.845,19.846,3798,0
CNBS.US,D,20190924,000000,19.894,19.894,18.994,19.081,18604,0
CNBS.US,D,20190925,000000,19.074,19.074,18.463,18.896,16046,0
CNBS.US,D,20190926,000000,19.104,19.104,18.659,18.823,4937,0
CNBS.US,D,20190927,000000,18.788,18.857,18.286,18.345,7729,0
CNBS.US,D,20190930,000000,18.096,18.096,17.608,17.776,9715,0
CNBS.US,D,20191001,000000,17.72,17.723,16.989,17.07,20124,0
CNBS.US,D,20191002,000000,16.989,17.389,16.297,17.143,10377,0
CNBS.US,D,20191003,000000,17.409,17.759,17.167,17.759,8647,0
CNBS.US,D,20191004,000000,18.077,18.077,17.752,17.752,8770,0
CNBS.US,D,20191007,000000,17.621,17.669,17.328,17.328,2884,0
CNBS.US,D,20191008,000000,16.92,17.127,16.893,16.995,4877,0
CNBS.US,D,20191009,000000,17.177,17.177,16.938,16.938,1184,0
CNBS.US,D,20191010,000000,16.86,16.86,15.775,15.783,15936,0
CNBS.US,D,20191011,000000,15.981,16.307,15.813,15.832,4324,0
CNBS.US,D,20191014,000000,15.694,15.773,15.565,15.741,5805,0
CNBS.US,D,20191015,000000,15.951,16.544,15.951,16.421,17068,0
CNBS.US,D,20191016,000000,16.436,16.484,16.178,16.214,1506,0
CNBS.US,D,20191017,000000,16.405,16.748,16.405,16.748,6237,0
CNBS.US,D,20191018,000000,16.544,16.712,16.223,16.405,11072,0
CNBS.US,D,20191021,000000,16.396,16.509,16.129,16.437,6826,0
CNBS.US,D,20191022,000000,16.534,16.534,16.33,16.33,4661,0
CNBS.US,D,20191023,000000,16.268,16.677,16.268,16.677,3187,0
CNBS.US,D,20191024,000000,16.682,16.782,16.574,16.751,4264,0
CNBS.US,D,20191025,000000,16.634,16.92,16.564,16.859,4922,0
CNBS.US,D,20191028,000000,16.94,17.108,16.607,16.607,7759,0
CNBS.US,D,20191029,000000,16.554,16.554,15.987,15.987,2194,0
CNBS.US,D,20191030,000000,15.991,16.09,15.863,15.863,3239,0
CNBS.US,D,20191031,000000,15.813,15.813,15.536,15.699,4163,0
CNBS.US,D,20191101,000000,15.808,15.902,15.773,15.893,3732,0
CNBS.US,D,20191104,000000,16.01,16.01,15.689,15.689,4826,0
CNBS.US,D,20191105,000000,15.727,16.02,15.727,15.844,5890,0
CNBS.US,D,20191106,000000,15.724,15.793,15.584,15.595,3485,0
CNBS.US,D,20191107,000000,15.585,15.635,15.379,15.408,5364,0
CNBS.US,D,20191108,000000,15.437,16.129,15.437,16.129,5446,0
CNBS.US,D,20191111,000000,16.129,16.129,15.562,15.644,3102,0
CNBS.US,D,20191112,000000,15.575,15.575,15.161,15.161,2219,0
CNBS.US,D,20191113,000000,15.151,15.151,14.682,14.682,5389,0
CNBS.US,D,20191114,000000,14.38,14.38,13.796,13.99,13365,0
CNBS.US,D,20191115,000000,13.777,13.973,13.634,13.765,5376,0
CNBS.US,D,20191118,000000,13.459,13.459,13.1,13.1,7027,0
CNBS.US,D,20191119,000000,13.006,13.688,13.006,13.536,9295,0
CNBS.US,D,20191120,000000,13.836,14.212,13.836,14.047,7916,0
CNBS.US,D,20191121,000000,14.38,15.407,14.38,15.051,21281,0
CNBS.US,D,20191122,000000,15.061,15.061,14.387,14.387,4199,0
CNBS.US,D,20191125,000000,14.498,14.676,14.152,14.196,21070,0
CNBS.US,D,20191126,000000,13.954,14.301,13.926,14.072,10552,0
CNBS.US,D,20191127,000000,14.132,14.207,14.102,14.207,6195,0
CNBS.US,D,20191129,000000,14.329,14.33,14.202,14.226,4594,0
CNBS.US,D,20191202,000000,14.291,14.291,13.767,13.826,22372,0
CNBS.US,D,20191203,000000,13.55,13.7,13.46,13.658,8363,0
CNBS.US,D,20191204,000000,13.6,13.674,13.521,13.521,564,0
CNBS.US,D,20191205,000000,13.53,13.541,13.312,13.349,4622,0
CNBS.US,D,20191206,000000,13.342,13.402,13.223,13.243,30294,0
CNBS.US,D,20191209,000000,13.115,13.421,13.115,13.411,38353,0
CNBS.US,D,20191210,000000,13.431,13.431,13.194,13.204,9224,0
CNBS.US,D,20191211,000000,13.283,13.283,13.018,13.039,7690,0
CNBS.US,D,20191212,000000,13.075,13.46,13.075,13.453,5631,0
CNBS.US,D,20191213,000000,13.718,13.748,13.475,13.475,10859,0
CNBS.US,D,20191216,000000,13.48,13.591,13.46,13.46,3697,0
CNBS.US,D,20191217,000000,13.54,13.54,13.177,13.184,4003,0
CNBS.US,D,20191218,000000,13.125,13.125,12.819,12.819,19167,0
CNBS.US,D,20191219,000000,12.858,13.065,12.789,13.006,10660,0
CNBS.US,D,20191220,000000,12.957,13.034,12.848,12.956,4797,0
CNBS.US,D,20191223,000000,12.897,12.897,12.809,12.833,11230,0
CNBS.US,D,20191224,000000,12.819,13.026,12.794,13.008,6823,0
CNBS.US,D,20191226,000000,12.947,13.105,12.824,12.824,8992,0
CNBS.US,D,20191227,000000,12.799,12.867,12.719,12.742,11065,0
CNBS.US,D,20191230,000000,12.829,12.829,12.513,12.545,14796,0
CNBS.US,D,20191231,000000,12.54,13.236,12.481,13.226,8580,0
CNBS.US,D,20200102,000000,13.445,13.445,13.028,13.145,10929,0
CNBS.US,D,20200103,000000,13.097,13.117,12.928,13.028,5139,0
CNBS.US,D,20200106,000000,12.938,12.938,12.68,12.725,5259,0
CNBS.US,D,20200107,000000,12.709,12.709,12.446,12.468,5752,0
CNBS.US,D,20200108,000000,12.441,12.59,12.253,12.443,8692,0
CNBS.US,D,20200109,000000,12.471,12.719,12.471,12.686,4065,0
CNBS.US,D,20200110,000000,12.699,12.699,12.548,12.548,8499,0
CNBS.US,D,20200113,000000,12.53,13.167,12.408,13.167,7097,0
CNBS.US,D,20200114,000000,13.087,13.362,13.087,13.297,9145,0
CNBS.US,D,20200115,000000,13.405,14.399,13.405,14.25,17682,0
CNBS.US,D,20200116,000000,14.48,14.678,14.241,14.295,12771,0
CNBS.US,D,20200117,000000,14.241,14.44,14.224,14.363,5072,0
CNBS.US,D,20200121,000000,14.37,14.549,14.032,14.032,22198,0
CNBS.US,D,20200122,000000,14.072,14.112,14.006,14.006,2574,0
CNBS.US,D,20200123,000000,13.873,14.161,13.873,13.923,2339,0
CNBS.US,D,20200124,000000,14.102,14.102,13.266,13.346,12440,0
CNBS.US,D,20200127,000000,13.077,13.077,12.888,12.891,7590,0
CNBS.US,D,20200128,000000,13.047,13.376,13.047,13.376,1526,0
CNBS.US,D,20200129,000000,13.256,13.346,13.207,13.207,2366,0
CNBS.US,D,20200130,000000,13.057,13.057,12.803,12.914,3696,0
CNBS.US,D,20200131,000000,12.799,12.799,12.497,12.563,4596,0
CNBS.US,D,20200203,000000,12.689,12.689,12.539,12.59,1470,0
CNBS.US,D,20200204,000000,12.666,12.895,12.666,12.826,4095,0
CNBS.US,D,20200205,000000,12.829,12.829,12.668,12.668,1121,0
CNBS.US,D,20200206,000000,12.68,12.68,12.53,12.53,3264,0
CNBS.US,D,20200207,000000,12.322,12.322,12.162,12.254,5009,0
CNBS.US,D,20200210,000000,12.212,12.212,12.083,12.088,5577,0
CNBS.US,D,20200211,000000,12.083,12.386,12.033,12.285,2436,0
CNBS.US,D,20200212,000000,12.401,12.401,12.073,12.093,4884,0
CNBS.US,D,20200213,000000,11.986,12.089,11.986,12.039,2862,0
CNBS.US,D,20200214,000000,12.56,12.66,12.431,12.58,6665,0
CNBS.US,D,20200218,000000,12.6,12.67,12.461,12.461,6244,0
CNBS.US,D,20200219,000000,12.53,12.53,12.385,12.487,8564,0
CNBS.US,D,20200220,000000,12.524,12.809,12.524,12.623,3845,0
CNBS.US,D,20200221,000000,12.61,12.61,12.376,12.376,2719,0
CNBS.US,D,20200224,000000,11.934,11.934,11.735,11.745,23811,0
CNBS.US,D,20200225,000000,11.784,11.844,11.198,11.321,25296,0
CNBS.US,D,20200226,000000,11.277,11.426,11.098,11.166,6345,0
CNBS.US,D,20200227,000000,10.87,10.909,10.323,10.601,12427,0
CNBS.US,D,20200228,000000,10.233,10.73,10.044,10.73,10730,0
CNBS.US,D,20200302,000000,10.82,10.82,10.404,10.74,5505,0
CNBS.US,D,20200303,000000,10.571,10.671,10.362,10.362,2781,0
CNBS.US,D,20200304,000000,10.502,10.79,10.502,10.73,4010,0
CNBS.US,D,20200305,000000,10.392,10.447,10.274,10.274,2494,0
CNBS.US,D,20200306,000000,10.034,10.084,9.746,9.85,5154,0
CNBS.US,D,20200309,000000,8.8806,9.1989,8.7514,8.7667,7118,0
CNBS.US,D,20200310,000000,9.0974,9.2189,8.9349,9.1094,5378,0
CNBS.US,D,20200311,000000,8.9005,9,8.453,8.4978,7083,0
CNBS.US,D,20200312,000000,7.6574,7.8762,7.3928,7.3988,9596,0
CNBS.US,D,20200313,000000,7.727,7.7668,7.2795,7.7527,9514,0
CNBS.US,D,20200316,000000,6.8619,7.3715,6.8619,7.1403,8023,0
CNBS.US,D,20200317,000000,7.2,7.3989,7.1304,7.3683,3136,0
CNBS.US,D,20200318,000000,6.7127,7.0409,6.5536,6.7978,1547,0
CNBS.US,D,20200319,000000,6.7027,7.3094,6.4442,7.1837,9102,0
CNBS.US,D,20200320,000000,7.2,7.8266,7.2,7.4271,4089,0
CNBS.US,D,20200323,000000,7.4784,7.4884,7.3193,7.4685,2061,0
CNBS.US,D,20200324,000000,7.9558,8.0452,7.9062,8.0154,6621,0
CNBS.US,D,20200325,000000,8.1348,8.6967,8.0873,8.5037,6807,0
CNBS.US,D,20200326,000000,8.6619,9.4972,8.6619,9.1989,11932,0
CNBS.US,D,20200327,000000,9.1193,9.1791,9.0199,9.1392,8366,0
CNBS.US,D,20200330,000000,9.179,9.179,8.8207,8.8207,1338,0
CNBS.US,D,20200331,000000,8.7911,8.9254,8.7098,8.7098,1428,0
CNBS.US,D,20200401,000000,8.4233,8.5714,8.1676,8.1676,14688,0
CNBS.US,D,20200402,000000,8.3933,8.3933,8.2869,8.2869,2285,0
CNBS.US,D,20200403,000000,8.3138,8.3138,8.0523,8.0523,5969,0
CNBS.US,D,20200406,000000,8.4928,8.4978,8.3536,8.4729,1526,0
CNBS.US,D,20200407,000000,8.821,8.821,8.51,8.5226,3626,0
CNBS.US,D,20200408,000000,8.5525,8.8906,8.5525,8.8362,1642,0
CNBS.US,D,20200409,000000,8.9801,9.0199,8.7812,8.8807,6034,0
CNBS.US,D,20200413,000000,8.8806,9.0696,8.811,9.0696,11545,0
CNBS.US,D,20200414,000000,9.3083,9.3083,9.2421,9.2421,1604,0
CNBS.US,D,20200415,000000,9.2088,9.2088,8.9971,9.1591,3565,0
CNBS.US,D,20200416,000000,9.0057,9.0184,8.7911,8.954,9978,0
CNBS.US,D,20200417,000000,9.2486,9.3132,9.2088,9.3083,2381,0
CNBS.US,D,20200420,000000,9.2188,9.557,9.2188,9.3405,3266,0
CNBS.US,D,20200421,000000,9.179,9.2784,9.179,9.2188,2681,0
CNBS.US,D,20200422,000000,9.2188,9.2585,9.1909,9.2266,3205,0
CNBS.US,D,20200423,000000,9.3679,9.4119,9.348,9.4119,895,0
CNBS.US,D,20200424,000000,9.3779,9.572,9.3083,9.572,646,0
CNBS.US,D,20200427,000000,9.676,10.094,9.676,9.994,5088,0
CNBS.US,D,20200428,000000,10.029,10.029,9.835,9.835,1762,0
CNBS.US,D,20200429,000000,9.945,10.053,9.945,10.015,5592,0
CNBS.US,D,20200430,000000,9.935,9.966,9.724,9.725,2597,0
CNBS.US,D,20200501,000000,9.4575,9.527,9.2885,9.3449,3064,0
CNBS.US,D,20200504,000000,9.3281,9.587,9.2486,9.587,1470,0
CNBS.US,D,20200505,000000,9.713,9.756,9.623,9.623,2054,0
CNBS.US,D,20200506,000000,9.726,9.726,9.626,9.626,3669,0
CNBS.US,D,20200507,000000,9.716,9.756,9.587,9.637,4904,0
CNBS.US,D,20200508,000000,9.726,9.726,9.636,9.656,3263,0
CNBS.US,D,20200511,000000,9.666,9.676,9.541,9.676,2162,0
CNBS.US,D,20200512,000000,9.875,9.875,9.586,9.586,982,0
CNBS.US,D,20200513,000000,9.401,9.401,9.0199,9.0907,4525,0
CNBS.US,D,20200514,000000,9,9.3296,9,9.3296,2331,0
CNBS.US,D,20200515,000000,9.348,9.811,9.348,9.811,3478,0
CNBS.US,D,20200518,000000,10.064,10.372,10.064,10.243,3650,0
CNBS.US,D,20200519,000000,10.343,10.531,10.313,10.44,9258,0
CNBS.US,D,20200520,000000,10.512,10.571,10.442,10.566,3909,0
CNBS.US,D,20200521,000000,10.82,11.031,10.732,11.015,9423,0
CNBS.US,D,20200522,000000,11.108,11.657,10.927,11.657,8204,0
CNBS.US,D,20200526,000000,12.113,12.172,11.894,11.964,13896,0
CNBS.US,D,20200527,000000,12.093,12.093,11.436,11.834,16791,0
CNBS.US,D,20200528,000000,11.894,12.212,11.834,11.944,4798,0
CNBS.US,D,20200529,000000,11.486,11.486,11.218,11.395,12348,0
CNBS.US,D,20200601,000000,11.347,11.596,11.337,11.545,3582,0
CNBS.US,D,20200602,000000,11.615,11.655,11.576,11.625,1744,0
CNBS.US,D,20200603,000000,11.755,11.844,11.75,11.784,3407,0
CNBS.US,D,20200604,000000,11.766,11.804,11.705,11.751,1418,0
CNBS.US,D,20200605,000000,11.894,11.894,11.733,11.733,5208,0
CNBS.US,D,20200608,000000,11.814,12.507,11.814,12.492,10479,0
CNBS.US,D,20200609,000000,12.411,12.552,12.252,12.381,3762,0
CNBS.US,D,20200610,000000,12.391,12.391,12.252,12.275,2753,0
CNBS.US,D,20200611,000000,11.934,11.934,11.136,11.136,5350,0
CNBS.US,D,20200612,000000,11.515,11.566,11.128,11.28,6703,0
CNBS.US,D,20200615,000000,11.059,11.454,11.039,11.417,3072,0
CNBS.US,D,20200616,000000,11.615,11.625,11.586,11.601,2661,0
CNBS.US,D,20200617,000000,11.506,11.526,11.44,11.44,1550,0
CNBS.US,D,20200618,000000,11.397,11.655,11.397,11.655,1032,0
CNBS.US,D,20200619,000000,11.742,11.742,11.496,11.568,2691,0
CNBS.US,D,20200622,000000,11.407,11.556,11.407,11.504,4423,0
CNBS.US,D,20200623,000000,11.695,11.804,11.587,11.587,3216,0
CNBS.US,D,20200624,000000,11.397,11.397,11.251,11.283,1168,0
CNBS.US,D,20200625,000000,11.297,11.312,11.297,11.312,703,0
CNBS.US,D,20200626,000000,10.939,10.939,10.909,10.938,1889,0
CNBS.US,D,20200629,000000,10.969,11.148,10.85,11.082,4297,0
CNBS.US,D,20200630,000000,10.87,10.929,10.84,10.902,4030,0
CNBS.US,D,20200701,000000,11.115,11.198,11.108,11.113,2128,0
CNBS.US,D,20200702,000000,11.257,11.257,11.039,11.078,4060,0
CNBS.US,D,20200706,000000,11.347,11.397,11.178,11.397,3545,0
CNBS.US,D,20200707,000000,11.257,11.257,11.149,11.149,3738,0
CNBS.US,D,20200708,000000,11.188,11.271,11.124,11.203,3785,0
CNBS.US,D,20200709,000000,11.188,11.198,10.932,11.059,5402,0
CNBS.US,D,20200710,000000,11.118,11.312,11.118,11.312,5758,0
CNBS.US,D,20200713,000000,11.267,11.735,11.267,11.335,8018,0
CNBS.US,D,20200714,000000,11.307,11.526,11.278,11.511,1892,0
CNBS.US,D,20200715,000000,11.586,11.884,11.586,11.842,3023,0
CNBS.US,D,20200716,000000,11.794,11.817,11.695,11.817,983,0
CNBS.US,D,20200717,000000,11.844,11.844,11.824,11.832,3038,0
CNBS.US,D,20200720,000000,11.755,11.855,11.755,11.855,3037,0
CNBS.US,D,20200721,000000,11.884,12.053,11.882,11.882,2632,0
CNBS.US,D,20200722,000000,11.729,11.774,11.729,11.767,1446,0
CNBS.US,D,20200723,000000,11.596,11.596,11.577,11.577,1012,0
CNBS.US,D,20200724,000000,11.526,11.526,11.367,11.44,3882,0
CNBS.US,D,20200727,000000,11.506,11.794,11.506,11.794,5236,0
CNBS.US,D,20200728,000000,11.804,12.282,11.804,12.182,5080,0
CNBS.US,D,20200729,000000,12.133,12.133,11.944,11.993,5403,0
CNBS.US,D,20200730,000000,11.834,12.113,11.834,12.023,11515,0
CNBS.US,D,20200731,000000,12.123,12.123,11.775,11.841,6941,0
CNBS.US,D,20200803,000000,11.934,12.164,11.934,12.164,1286,0
CNBS.US,D,20200804,000000,12.192,12.36,12.192,12.354,3204,0
CNBS.US,D,20200805,000000,12.381,12.431,12.312,12.312,1600,0
CNBS.US,D,20200806,000000,12.282,12.282,11.865,11.865,1259,0
CNBS.US,D,20200807,000000,11.784,11.784,11.476,11.536,6372,0
CNBS.US,D,20200810,000000,11.735,11.944,11.735,11.944,5212,0
CNBS.US,D,20200811,000000,11.973,11.973,11.54,11.54,16339,0
CNBS.US,D,20200812,000000,11.675,11.675,11.497,11.566,5362,0
CNBS.US,D,20200813,000000,11.894,12.051,11.874,12.051,5049,0
CNBS.US,D,20200814,000000,11.973,12.013,11.904,12.013,2790,0
CNBS.US,D,20200817,000000,12.222,12.353,12.222,12.342,4596,0
CNBS.US,D,20200818,000000,12.56,12.64,12.381,12.431,20089,0
CNBS.US,D,20200819,000000,12.51,12.75,12.431,12.67,9583,0
CNBS.US,D,20200820,000000,12.481,12.523,12.411,12.439,5765,0
CNBS.US,D,20200821,000000,12.322,12.322,12.152,12.217,3667,0
CNBS.US,D,20200824,000000,12.232,12.232,11.909,12.05,19832,0
CNBS.US,D,20200825,000000,12.007,12.182,12.007,12.182,2858,0
CNBS.US,D,20200826,000000,12.162,12.162,11.993,12.083,20505,0
CNBS.US,D,20200827,000000,12.152,12.152,12.121,12.121,1751,0
CNBS.US,D,20200828,000000,12.202,12.431,12.202,12.431,5566,0
CNBS.US,D,20200831,000000,12.331,12.361,12.238,12.282,9460,0
CNBS.US,D,20200901,000000,12.222,12.292,12.182,12.197,4845,0
CNBS.US,D,20200902,000000,12.232,12.243,12.113,12.188,2791,0
CNBS.US,D,20200903,000000,12.162,12.162,11.755,11.945,5142,0
CNBS.US,D,20200904,000000,11.963,12.003,11.287,11.715,7517,0
CNBS.US,D,20200908,000000,11.625,11.695,11.536,11.574,5718,0
CNBS.US,D,20200909,000000,11.685,11.823,11.685,11.804,2351,0
CNBS.US,D,20200910,000000,11.934,11.963,11.681,11.681,2020,0
CNBS.US,D,20200911,000000,11.735,11.735,11.516,11.617,5399,0
CNBS.US,D,20200914,000000,11.625,11.894,11.625,11.864,7857,0
CNBS.US,D,20200915,000000,11.954,12.048,11.944,11.944,2982,0
CNBS.US,D,20200916,000000,12.093,12.257,12.071,12.071,5036,0
CNBS.US,D,20200917,000000,11.854,11.973,11.814,11.896,2969,0
CNBS.US,D,20200918,000000,11.934,11.934,11.755,11.844,5942,0
CNBS.US,D,20200921,000000,11.556,11.63,11.407,11.589,1362,0
CNBS.US,D,20200922,000000,11.556,11.685,11.516,11.685,1022,0
CNBS.US,D,20200923,000000,11.665,11.665,11.108,11.151,9237,0
CNBS.US,D,20200924,000000,11.049,11.168,10.909,11.011,5026,0
CNBS.US,D,20200925,000000,10.999,11.12,10.999,11.12,933,0
CNBS.US,D,20200928,000000,11.208,11.208,11.088,11.11,15453,0
CNBS.US,D,20200929,000000,11.239,11.257,11.193,11.243,1234,0
CNBS.US,D,20200930,000000,11.267,11.426,11.188,11.188,1767,0
CNBS.US,D,20201001,000000,11.178,11.178,11.098,11.099,765,0
CNBS.US,D,20201002,000000,10.954,11.098,10.954,11.055,2617,0
CNBS.US,D,20201005,000000,11.198,11.556,11.198,11.556,3073,0
CNBS.US,D,20201006,000000,11.556,11.596,11.357,11.357,1384,0
CNBS.US,D,20201007,000000,11.655,11.893,11.655,11.879,2643,0
CNBS.US,D,20201008,000000,12.123,12.53,12.083,12.487,9670,0
CNBS.US,D,20201009,000000,12.729,12.779,12.58,12.695,26668,0
CNBS.US,D,20201012,000000,12.819,13.162,12.819,13.015,21565,0
CNBS.US,D,20201013,000000,12.918,12.918,12.789,12.849,10782,0
CNBS.US,D,20201014,000000,12.769,12.769,12.551,12.597,5493,0
CNBS.US,D,20201015,000000,12.341,12.341,12.093,12.202,7228,0
CNBS.US,D,20201016,000000,12.312,12.411,12.222,12.239,3912,0
CNBS.US,D,20201019,000000,12.292,12.62,12.232,12.59,11321,0
CNBS.US,D,20201020,000000,12.431,12.5,12.431,12.434,3089,0
CNBS.US,D,20201021,000000,12.481,12.628,12.481,12.481,5014,0
CNBS.US,D,20201022,000000,12.53,12.756,12.431,12.749,7726,0
CNBS.US,D,20201023,000000,12.829,12.829,12.469,12.541,4847,0
CNBS.US,D,20201026,000000,12.401,12.401,11.944,12.041,6420,0
CNBS.US,D,20201027,000000,12.073,12.282,12.073,12.101,14144,0
CNBS.US,D,20201028,000000,11.884,11.934,11.662,11.727,8658,0
CNBS.US,D,20201029,000000,11.735,11.988,11.596,11.949,9398,0
CNBS.US,D,20201030,000000,11.914,11.963,11.61,11.829,9039,0
CNBS.US,D,20201102,000000,12.003,12.501,11.983,12.422,17972,0
CNBS.US,D,20201103,000000,12.68,12.739,12.371,12.714,19024,0
CNBS.US,D,20201104,000000,12.709,12.749,12.451,12.651,30870,0
CNBS.US,D,20201105,000000,13.147,13.952,13.134,13.923,50599,0
CNBS.US,D,20201106,000000,14.36,15.354,14.141,14.549,111309,0
CNBS.US,D,20201109,000000,16.18,16.18,14.49,14.498,43378,0
CNBS.US,D,20201110,000000,14.122,14.122,13.754,14.077,28668,0
CNBS.US,D,20201111,000000,14.201,14.44,13.87,14.335,18205,0
CNBS.US,D,20201112,000000,14.39,14.423,14.211,14.222,7784,0
CNBS.US,D,20201113,000000,14.36,14.599,14.36,14.586,9192,0
CNBS.US,D,20201116,000000,14.708,14.927,14.551,14.913,30233,0
CNBS.US,D,20201117,000000,14.808,15.464,14.808,15.414,41893,0
CNBS.US,D,20201118,000000,15.593,15.733,15.256,15.277,29118,0
CNBS.US,D,20201119,000000,15.275,15.474,15.275,15.399,8898,0
CNBS.US,D,20201120,000000,15.454,15.503,15.255,15.275,17313,0
CNBS.US,D,20201123,000000,15.464,16.006,15.394,15.912,151597,0
CNBS.US,D,20201124,000000,16.836,16.836,16.369,16.657,161198,0
CNBS.US,D,20201125,000000,16.608,16.906,16.449,16.886,85032,0
CNBS.US,D,20201127,000000,17.145,17.801,17.085,17.798,66312,0
CNBS.US,D,20201130,000000,17.94,18.377,17.403,18.338,157161,0
CNBS.US,D,20201201,000000,18.537,18.607,17.304,17.304,142804,0
CNBS.US,D,20201202,000000,17.254,18.03,17.204,17.881,92919,0
CNBS.US,D,20201203,000000,17.94,18.323,17.672,18.08,67630,0
CNBS.US,D,20201204,000000,18.348,18.567,18.119,18.288,158063,0
CNBS.US,D,20201207,000000,18.318,18.398,17.873,18.05,102458,0
CNBS.US,D,20201208,000000,17.801,17.97,17.622,17.851,69772,0
CNBS.US,D,20201209,000000,17.841,17.871,16.727,16.996,105056,0
CNBS.US,D,20201210,000000,17.015,17.463,16.809,17.413,56675,0
CNBS.US,D,20201211,000000,17.463,17.92,17.224,17.433,331535,0
CNBS.US,D,20201214,000000,17.642,17.703,17.035,17.045,69229,0
CNBS.US,D,20201215,000000,17.135,17.662,16.896,17.662,41760,0
CNBS.US,D,20201216,000000,18.398,18.398,17.602,18.129,124991,0
CNBS.US,D,20201217,000000,18.189,18.189,17.771,17.771,80557,0
CNBS.US,D,20201218,000000,17.891,18.045,17.673,17.791,48853,0
CNBS.US,D,20201221,000000,17.542,17.975,17.542,17.947,60532,0
CNBS.US,D,20201222,000000,17.99,18.288,17.93,18.169,45310,0
CNBS.US,D,20201223,000000,18.149,18.955,18.074,18.617,72073,0
CNBS.US,D,20201224,000000,18.686,18.721,18.353,18.509,24387,0
CNBS.US,D,20201228,000000,18.567,18.567,17.96,17.99,58845,0
CNBS.US,D,20201229,000000,18.11,18.11,17.1,17.25,126644,0
CNBS.US,D,20201230,000000,17.35,17.8901,17.2723,17.75,59961,0
CNBS.US,D,20201231,000000,17.78,17.78,17.45,17.45,45330,0
CNBS.US,D,20210104,000000,17.59,18.275,17.57,18.08,67488,0
CNBS.US,D,20210105,000000,18.09,18.78,18.04,18.7,147894,0
CNBS.US,D,20210106,000000,19.8153,21.0374,19.74,20.16,309886,0
CNBS.US,D,20210107,000000,20.83,21.62,20.72,20.84,196563,0
CNBS.US,D,20210108,000000,21.05,21.05,20.3,20.69,126801,0
CNBS.US,D,20210111,000000,20.68,21.9207,20.5,21.8,141408,0
CNBS.US,D,20210112,000000,21.93,22.189,21.63,21.8,181203,0
CNBS.US,D,20210113,000000,21.75,22.5145,21.75,22.27,115762,0
CNBS.US,D,20210114,000000,22.66,23.97,22.62,23.91,229736,0
CNBS.US,D,20210115,000000,24.67,24.75,23.22,23.64,214477,0
CNBS.US,D,20210119,000000,23.78,24.23,23.15,24.23,144966,0
CNBS.US,D,20210120,000000,24.3,24.45,23.75,24.07,117379,0
CNBS.US,D,20210121,000000,24.08,24.23,23.39,24.06,143770,0
CNBS.US,D,20210122,000000,23.62,24.02,23.5232,23.71,75097,0
CNBS.US,D,20210125,000000,23.78,24.0699,22.65,23.01,177611,0
CNBS.US,D,20210126,000000,23.21,24.07,23.21,23.78,92408,0
CNBS.US,D,20210127,000000,23,24.17,22.75,23.41,125657,0
CNBS.US,D,20210128,000000,23.55,24.5766,23.3301,23.76,129393,0
CNBS.US,D,20210129,000000,23.7,24.43,23.14,23.4,141002,0
CNBS.US,D,20210201,000000,23.76,24.1299,23.25,24.04,102246,0
CNBS.US,D,20210202,000000,24.52,26.025,24.23,26.01,298754,0
CNBS.US,D,20210203,000000,28.68,29.26,27.8,28.65,416951,0
CNBS.US,D,20210204,000000,29.08,29.649,28.25,29.02,401903,0
CNBS.US,D,20210205,000000,29.62,29.62,28.76,29.19,275640,0
CNBS.US,D,20210208,000000,29.86,31.25,29.6864,31.25,490534,0
CNBS.US,D,20210209,000000,32.61,35.034,32.06,34.8,721317,0
CNBS.US,D,20210210,000000,40.51,40.6485,35.01,39.9,1222267,0
CNBS.US,D,20210211,000000,39.35,39.35,32.179,32.4,2476401,0
CNBS.US,D,20210212,000000,32.5,35.4781,32.37,34.75,708657,0
CNBS.US,D,20210216,000000,35.53,35.96,34.75,35.96,492952,0
CNBS.US,D,20210217,000000,35.66,35.66,34.38,35,306525,0
CNBS.US,D,20210218,000000,35,35.2,33.2,33.38,277277,0
CNBS.US,D,20210219,000000,33.88,34.5299,33.55,34.27,283905,0
CNBS.US,D,20210222,000000,33.53,33.9,33,33.16,267186,0
CNBS.US,D,20210223,000000,31.48,31.78,29,31.75,528054,0
CNBS.US,D,20210224,000000,31.95,32.585,31.62,32.49,179912,0
CNBS.US,D,20210225,000000,32.22,32.7099,30.5,30.74,206533,0
CNBS.US,D,20210226,000000,30.73,31.1,29.86,30.12,142985,0
CNBS.US,D,20210301,000000,31.09,31.5989,30.89,31.58,220688,0
CNBS.US,D,20210302,000000,32,32.62,30.945,31.01,290776,0
CNBS.US,D,20210303,000000,31.35,31.405,29.61,29.66,234760,0
CNBS.US,D,20210304,000000,29.48,29.66,27.22,27.94,333730,0
CNBS.US,D,20210305,000000,28.27,28.5,25.401,27.37,384128,0
CNBS.US,D,20210308,000000,27.83,28.5,27.19,27.42,233770,0
CNBS.US,D,20210309,000000,28.41,29.44,28.06,29.29,238105,0
CNBS.US,D,20210310,000000,30.07,30.4499,28.53,28.95,170777,0
CNBS.US,D,20210311,000000,29.62,31.12,29.5,31.12,245454,0
CNBS.US,D,20210312,000000,30.19,31.33,29.7,31.16,207641,0
CNBS.US,D,20210315,000000,31.43,32.9299,31.246,32.73,374834,0
CNBS.US,D,20210316,000000,33,33.02,30.85,31.43,271308,0
CNBS.US,D,20210317,000000,30.63,31.86,30.2194,31.86,224521,0
CNBS.US,D,20210318,000000,31.84,31.9887,30.16,30.5,146683,0
CNBS.US,D,20210319,000000,30.51,31.18,30.25,30.71,125650,0
CNBS.US,D,20210322,000000,31.53,31.53,30.54,30.54,182113,0
CNBS.US,D,20210323,000000,30.69,30.72,29.551,29.61,190337,0
CNBS.US,D,20210324,000000,30,30,28.56,28.61,247112,0
CNBS.US,D,20210325,000000,28.11,29.28,27.67,29.2,184611,0
CNBS.US,D,20210326,000000,29.56,29.56,28.025,28.61,144456,0
CNBS.US,D,20210329,000000,28.6,28.999,27.63,27.79,110192,0
CNBS.US,D,20210330,000000,27.5,28.2091,27.23,27.8998,128623,0
CNBS.US,D,20210331,000000,28.5,29.269,28.5,29.05,171551,0
CNBS.US,D,20210401,000000,29.65,29.93,29.25,29.54,202957,0
CNBS.US,D,20210405,000000,30,30.095,29.18,29.49,199434,0
CNBS.US,D,20210406,000000,29.59,29.63,29,29.08,133014,0
CNBS.US,D,20210407,000000,29,29,27.9001,28.05,171917,0
CNBS.US,D,20210408,000000,28.25,28.51,27.75,28.51,108431,0
CNBS.US,D,20210409,000000,28.5,28.975,28.228,28.95,114063,0
CNBS.US,D,20210412,000000,28.5,28.55,27.3601,27.5,199131,0
CNBS.US,D,20210413,000000,27.07,27.8984,27,27.82,225534,0
CNBS.US,D,20210414,000000,27.79,27.79,27.1,27.17,93205,0
CNBS.US,D,20210415,000000,27.03,27.5088,26.5492,26.61,148916,0
CNBS.US,D,20210416,000000,26.54,26.8899,26.21,26.73,122962,0
CNBS.US,D,20210419,000000,26.73,27.17,26.12,26.49,114734,0
CNBS.US,D,20210420,000000,26.79,26.79,24.95,25.39,181151,0
CNBS.US,D,20210421,000000,25.4,26.41,25.081,26.41,102787,0
CNBS.US,D,20210422,000000,26.53,26.715,25.991,26.19,63159,0
CNBS.US,D,20210423,000000,26.25,26.84,26.1605,26.84,170389,0
CNBS.US,D,20210426,000000,26.9,27.3,26.7001,27.17,144677,0
CNBS.US,D,20210427,000000,27.15,27.21,26.55,26.66,109299,0
CNBS.US,D,20210428,000000,26.66,27.5399,26.521,27.51,115513,0
CNBS.US,D,20210429,000000,27.4,27.4,26.635,27.18,254077,0
CNBS.US,D,20210430,000000,27,27.22,26.59,26.8,96424,0
CNBS.US,D,20210503,000000,27.03,27.22,26.35,26.57,180693,0
CNBS.US,D,20210504,000000,26.39,26.39,25.5,26.19,152602,0
CNBS.US,D,20210505,000000,26.24,26.2905,25.91,26.14,41675,0
CNBS.US,D,20210506,000000,26,26,25.01,25.38,111220,0
CNBS.US,D,20210507,000000,25.57,26.345,25.57,26.08,93932,0
CNBS.US,D,20210510,000000,26.25,26.25,24.7,24.86,193969,0
CNBS.US,D,20210511,000000,23.83,24.6999,23.5501,24.67,103439,0
CNBS.US,D,20210512,000000,24.54,24.65,23.632,23.75,132010,0
CNBS.US,D,20210513,000000,24,24.1,22.5,22.81,215429,0
CNBS.US,D,20210514,000000,23,23.769,23,23.6,76615,0
CNBS.US,D,20210517,000000,23.73,24.05,22.7364,23.9,45228,0
CNBS.US,D,20210518,000000,24.12,24.48,23.99,24.14,42565,0
CNBS.US,D,20210519,000000,23.64,23.756,23.31,23.64,133060,0
CNBS.US,D,20210520,000000,23.75,24.009,23.64,23.84,64324,0
CNBS.US,D,20210521,000000,24.1,24.1147,23.875,23.91,36237,0
CNBS.US,D,20210524,000000,24,24.23,23.8146,24.13,131411,0
CNBS.US,D,20210525,000000,24.13,24.725,24.13,24.46,67612,0
CNBS.US,D,20210526,000000,24.63,24.95,24.27,24.94,187997,0
CNBS.US,D,20210527,000000,25.3,25.46,24.72,25.38,97272,0
CNBS.US,D,20210528,000000,25.65,26.14,25.53,26.04,113885,0
CNBS.US,D,20210601,000000,26.3,26.36,25.36,25.47,102470,0
CNBS.US,D,20210602,000000,25.65,26.3199,25.4401,26.24,134941,0
CNBS.US,D,20210603,000000,26.56,26.785,25.8845,26.13,65118,0
CNBS.US,D,20210604,000000,26.4,26.4,25.785,25.93,56875,0
CNBS.US,D,20210607,000000,26.03,26.6824,25.95,26.6,61487,0
CNBS.US,D,20210608,000000,26.88,26.88,26.2371,26.64,43936,0
CNBS.US,D,20210609,000000,26.74,27.23,26.56,26.59,80501,0
CNBS.US,D,20210610,000000,26.59,26.64,26,26.26,72913,0
CNBS.US,D,20210611,000000,26.32,26.55,26.2,26.47,43989,0
CNBS.US,D,20210614,000000,26.61,26.6785,26.145,26.1941,56709,0
CNBS.US,D,20210615,000000,26.03,26.28,25.5,25.56,61744,0
CNBS.US,D,20210616,000000,25.63,25.8,25.325,25.61,45947,0
CNBS.US,D,20210617,000000,25.75,26,25.31,25.66,27075,0
CNBS.US,D,20210618,000000,25.49,25.49,24.901,25.03,61900,0
CNBS.US,D,20210621,000000,24.99,25.25,24.6301,25.19,49213,0
CNBS.US,D,20210622,000000,25.09,25.09,24.6911,24.78,44147,0
CNBS.US,D,20210623,000000,24.77,25.34,24.77,25.27,143986,0
CNBS.US,D,20210624,000000,25.53,26.175,25.53,26.11,172015,0
CNBS.US,D,20210625,000000,26.11,26.14,25.7009,25.7793,57952,0
CNBS.US,D,20210628,000000,25.93,26.21,25.7971,26.09,58181,0
CNBS.US,D,20210629,000000,26.12,26.18,25.69,25.93,199049,0
CNBS.US,D,20210630,000000,25.92,25.92,25.543,25.79,38090,0
CNBS.US,D,20210701,000000,25.7,25.9362,25.5,25.92,69561,0
CNBS.US,D,20210702,000000,25.92,25.92,25.4,25.56,41689,0
CNBS.US,D,20210706,000000,25.56,25.56,25.0318,25.12,59261,0
CNBS.US,D,20210707,000000,25.16,25.5,24.785,25.1,105828,0
CNBS.US,D,20210708,000000,24.64,24.7999,24.28,24.71,90339,0
CNBS.US,D,20210709,000000,24.94,24.94,24.603,24.87,62346,0
CNBS.US,D,20210712,000000,25,25.01,24.5801,24.8,81584,0
CNBS.US,D,20210713,000000,24.96,25.3,24.8,24.92,59445,0
CNBS.US,D,20210714,000000,25.18,25.18,23.77,23.86,158527,0
CNBS.US,D,20210715,000000,23.78,23.85,22.94,23.47,153008,0
CNBS.US,D,20210716,000000,23.69,23.69,22.62,22.7,176107,0
CNBS.US,D,20210719,000000,22.22,22.3,21.55,22.3,120498,0
CNBS.US,D,20210720,000000,22.29,22.79,22.1501,22.79,117450,0
CNBS.US,D,20210721,000000,22.75,23.3599,22.71,23.24,73047,0
CNBS.US,D,20210722,000000,23.29,23.29,22.73,22.93,34426,0
CNBS.US,D,20210723,000000,22.97,22.97,22.495,22.67,83139,0
CNBS.US,D,20210726,000000,22.5,22.92,22.41,22.64,43168,0
CNBS.US,D,20210727,000000,22.68,22.68,21.8205,22.01,92704,0
CNBS.US,D,20210728,000000,22.29,23.25,22.29,23.22,124847,0
CNBS.US,D,20210729,000000,23.31,23.3421,22.9383,23.05,29323,0
CNBS.US,D,20210730,000000,22.85,23.01,22.48,22.77,116624,0
CNBS.US,D,20210802,000000,22.86,22.97,22.69,22.75,41326,0
CNBS.US,D,20210803,000000,22.87,22.87,22.29,22.49,43536,0
CNBS.US,D,20210804,000000,22.38,22.49,22.0708,22.13,38631,0
CNBS.US,D,20210805,000000,22.13,22.94,22.13,22.92,49151,0
CNBS.US,D,20210806,000000,22.81,22.89,22.6601,22.76,20333,0
CNBS.US,D,20210809,000000,22.62,23.08,22.5583,22.94,62893,0
CNBS.US,D,20210810,000000,22.94,23.36,22.94,23.23,65041,0
CNBS.US,D,20210811,000000,23.15,23.29,22.65,22.73,41010,0
CNBS.US,D,20210812,000000,22.54,22.6064,22.06,22.14,46189,0
CNBS.US,D,20210813,000000,22.06,22.14,21.54,21.65,71034,0
CNBS.US,D,20210816,000000,21.46,21.4759,20.87,20.89,61927,0
CNBS.US,D,20210817,000000,20.6,20.85,20.3,20.65,99446,0
CNBS.US,D,20210818,000000,20.86,21.21,20.491,20.92,83183,0
CNBS.US,D,20210819,000000,20.57,20.73,20.14,20.1801,62634,0
CNBS.US,D,20210820,000000,20.13,20.3286,20.1244,20.23,33272,0
CNBS.US,D,20210823,000000,20.57,20.88,20.455,20.88,55275,0
CNBS.US,D,20210824,000000,21.13,21.2736,20.975,21.26,46324,0
CNBS.US,D,20210825,000000,21.13,21.345,21.0774,21.24,34687,0
CNBS.US,D,20210826,000000,21.05,21.3,20.7037,20.82,63951,0
CNBS.US,D,20210827,000000,20.84,21.12,20.72,21.065,22669,0
CNBS.US,D,20210830,000000,21,21.035,20.78,20.79,47413,0
CNBS.US,D,20210831,000000,20.88,21.22,20.82,21.22,27145,0
CNBS.US,D,20210901,000000,21.08,21.2314,21.007,21.07,53988,0
CNBS.US,D,20210902,000000,21.07,21.4853,21.065,21.3,30246,0
CNBS.US,D,20210903,000000,21.27,21.5106,21.24,21.36,38105,0
CNBS.US,D,20210907,000000,21.36,21.5,21,21.05,36024,0
CNBS.US,D,20210908,000000,21,21.0003,20.39,20.39,32862,0
CNBS.US,D,20210909,000000,20.4,20.5499,20.15,20.26,35824,0
CNBS.US,D,20210910,000000,20.3,20.3,19.8,19.84,44429,0
CNBS.US,D,20210913,000000,19.99,19.99,19.33,19.61,109975,0
CNBS.US,D,20210914,000000,19.7,19.7,19.05,19.09,45289,0
CNBS.US,D,20210915,000000,19.32,19.71,19.05,19.71,45072,0
CNBS.US,D,20210916,000000,19.68,19.86,19.4601,19.76,28447,0
CNBS.US,D,20210917,000000,19.81,19.86,19.47,19.8,33325,0
CNBS.US,D,20210920,000000,19.25,19.31,18.8001,18.89,81101,0
CNBS.US,D,20210921,000000,18.84,19.208,18.72,19.19,54155,0
CNBS.US,D,20210922,000000,19.2,19.84,19.2,19.68,78988,0
CNBS.US,D,20210923,000000,19.96,20.2138,19.88,20.05,56327,0
CNBS.US,D,20210924,000000,20,20,19.59,20,18704,0
CNBS.US,D,20210927,000000,20,20.3399,19.88,20.2968,38016,0
CNBS.US,D,20210928,000000,20.16,20.16,19.7001,19.76,43187,0
CNBS.US,D,20210929,000000,19.8,19.8,19.2001,19.32,30911,0
CNBS.US,D,20210930,000000,19.29,19.5,18.875,19.28,40321,0
CNBS.US,D,20211001,000000,19.39,19.39,18.9964,19.35,49604,0
CNBS.US,D,20211004,000000,19.2,19.28,18.65,18.65,48498,0
CNBS.US,D,20211005,000000,18.61,19,18.5688,18.72,63633,0
CNBS.US,D,20211006,000000,18.53,18.72,18.37,18.66,37968,0
CNBS.US,D,20211007,000000,18.74,19.19,18.68,18.94,31124,0
CNBS.US,D,20211008,000000,19.07,19.07,18.6607,18.69,35277,0
CNBS.US,D,20211011,000000,18.65,18.7,18.5,18.57,32414,0
CNBS.US,D,20211012,000000,18.5,18.7,18.45,18.529,29257,0
CNBS.US,D,20211013,000000,18.53,18.61,18.431,18.44,33526,0
CNBS.US,D,20211014,000000,18.51,18.8589,18.5,18.5,101302,0
CNBS.US,D,20211015,000000,18.52,18.52,18.13,18.13,53559,0
CNBS.US,D,20211018,000000,18.17,18.17,17.79,17.81,76328,0
CNBS.US,D,20211019,000000,17.87,18.74,17.83,18.74,83038,0
CNBS.US,D,20211020,000000,18.74,18.9299,18.47,18.87,48072,0
CNBS.US,D,20211021,000000,18.88,19.1725,18.66,18.76,45655,0
CNBS.US,D,20211022,000000,18.71,18.73,18.13,18.15,36872,0
CNBS.US,D,20211025,000000,18.15,18.2792,18,18.08,39556,0
CNBS.US,D,20211026,000000,18.13,18.18,17.75,17.86,48075,0
CNBS.US,D,20211027,000000,17.81,17.85,17.32,17.3999,39494,0
CNBS.US,D,20211028,000000,17.34,17.59,17.3001,17.44,39116,0
CNBS.US,D,20211029,000000,17.42,17.55,17.25,17.3619,31896,0
CNBS.US,D,20211101,000000,17.5,17.95,17.4,17.79,47060,0
CNBS.US,D,20211102,000000,17.91,17.91,17.385,17.49,36792,0
CNBS.US,D,20211103,000000,17.35,17.7199,17.21,17.53,37441,0
CNBS.US,D,20211104,000000,17.61,17.7,17.22,17.22,92173,0
CNBS.US,D,20211105,000000,17.22,17.7,17.01,17.67,346686,0
CNBS.US,D,20211108,000000,18,19.27,18,18.95,337966,0
CNBS.US,D,20211109,000000,18.9,19.0699,18.32,19.05,120781,0
CNBS.US,D,20211110,000000,18.98,19.03,18.02,18.18,80155,0
CNBS.US,D,20211111,000000,18.27,18.88,18.1901,18.7,60423,0
CNBS.US,D,20211112,000000,19,19.69,18.8,19.6,251000,0
CNBS.US,D,20211115,000000,20.27,20.44,19.1501,19.16,242896,0
CNBS.US,D,20211116,000000,19.14,19.15,18.45,18.69,116537,0
CNBS.US,D,20211117,000000,18.69,18.72,17.93,18,128279,0
CNBS.US,D,20211118,000000,18,18,16.87,17.23,152365,0
CNBS.US,D,20211119,000000,17.25,17.39,16.913,17.02,63821,0
CNBS.US,D,20211122,000000,17.18,17.18,16.09,16.29,118035,0
CNBS.US,D,20211123,000000,16.43,16.69,15.96,16.52,97523,0
CNBS.US,D,20211124,000000,16.47,16.99,16.31,16.8,64471,0
CNBS.US,D,20211126,000000,16.33,16.65,16.101,16.61,44877,0
CNBS.US,D,20211129,000000,16.87,16.9399,16,16.06,88702,0
CNBS.US,D,20211130,000000,15.91,16.07,15.2,15.64,100513,0
CNBS.US,D,20211201,000000,15.87,15.87,14.69,14.82,124388,0
CNBS.US,D,20211202,000000,14.82,15.2193,14.66,15.19,61558,0
CNBS.US,D,20211203,000000,15.34,15.34,14.77,14.82,108496,0
CNBS.US,D,20211206,000000,14.9,15.3736,14.54,14.67,65251,0
CNBS.US,D,20211207,000000,14.92,15.31,14.92,14.96,55399,0
CNBS.US,D,20211208,000000,15,15.669,14.8,15.51,63417,0
CNBS.US,D,20211209,000000,15.55,15.58,15.081,15.09,43590,0
CNBS.US,D,20211210,000000,15.32,15.32,14.7,14.85,77783,0
CNBS.US,D,20211213,000000,14.72,14.72,14.08,14.31,75764,0
CNBS.US,D,20211214,000000,14.15,14.22,13.74,13.94,93983,0
CNBS.US,D,20211215,000000,13.9,14.03,13.361,13.88,104243,0
CNBS.US,D,20211216,000000,13.92,14.14,13.63,13.79,65555,0
CNBS.US,D,20211217,000000,13.74,14,13.41,13.85,131178,0
CNBS.US,D,20211220,000000,13.59,13.6,13.229,13.38,116567,0
CNBS.US,D,20211221,000000,13.35,13.7994,13.35,13.66,76948,0
CNBS.US,D,20211222,000000,13.65,13.99,13.53,13.99,68880,0
CNBS.US,D,20211223,000000,14,14.56,13.99,14.34,87389,0
CNBS.US,D,20211227,000000,14.35,14.47,14.24,14.26,156252,0
CNBS.US,D,20211228,000000,14.25,14.4099,13.9501,14.0479,94601,0
CNBS.US,D,20211229,000000,14.06,14.08,13.68,13.95,150590,0
CNBS.US,D,20211230,000000,13.85,14.4348,13.85,14.07,104271,0
CNBS.US,D,20211231,000000,13.99,14.17,13.99,14.13,94021,0
CNBS.US,D,20220103,000000,14.24,14.6838,14.24,14.44,65632,0
CNBS.US,D,20220104,000000,14.43,14.43,13.9012,13.95,62554,0
CNBS.US,D,20220105,000000,13.89,14.0128,13.11,13.1801,72033,0
CNBS.US,D,20220106,000000,13.15,13.3197,12.8,13.16,81879,0
CNBS.US,D,20220107,000000,13.14,13.633,13.12,13.4283,37697,0
CNBS.US,D,20220110,000000,13.37,13.639,13.24,13.55,78071,0
CNBS.US,D,20220111,000000,13.61,13.9399,13.43,13.82,41826,0
CNBS.US,D,20220112,000000,13.86,14.015,13.5894,13.61,61487,0
CNBS.US,D,20220113,000000,13.66,13.78,13.4,13.4596,31994,0
CNBS.US,D,20220114,000000,13.27,13.44,13.1701,13.42,40884,0
CNBS.US,D,20220118,000000,13.33,13.42,13.1,13.18,50814,0
CNBS.US,D,20220119,000000,13.25,13.25,12.78,12.85,83745,0
CNBS.US,D,20220120,000000,12.96,13.08,12.49,12.495,38085,0
CNBS.US,D,20220121,000000,12.4,12.4042,11.85,11.95,83213,0
CNBS.US,D,20220124,000000,11.67,12,11.04,11.99,179574,0
CNBS.US,D,20220125,000000,11.95,12.1296,11.565,11.88,43989,0
CNBS.US,D,20220126,000000,12.01,12.195,11.58,11.68,60405,0
CNBS.US,D,20220127,000000,11.72,11.91,11.2501,11.33,34292,0
CNBS.US,D,20220128,000000,11.16,11.3454,11.03,11.23,75808,0
CNBS.US,D,20220131,000000,11.22,12,11.22,12,58640,0
CNBS.US,D,20220201,000000,12.19,12.6,11.885,12.6,90913,0
CNBS.US,D,20220202,000000,12.65,12.66,12.15,12.24,49267,0
CNBS.US,D,20220203,000000,12.13,12.15,11.67,11.74,55502,0
CNBS.US,D,20220204,000000,11.75,12.36,11.7,12.16,51085,0
CNBS.US,D,20220207,000000,12.14,12.59,12.14,12.42,67262,0
CNBS.US,D,20220208,000000,12.42,12.57,12.3011,12.57,28010,0
CNBS.US,D,20220209,000000,12.64,13.5,12.64,13.5,64683,0
CNBS.US,D,20220210,000000,13.28,14.1,13.1801,13.43,91736,0
CNBS.US,D,20220211,000000,13.49,13.835,13.11,13.46,52214,0
CNBS.US,D,20220214,000000,13.39,13.6,13.0345,13.12,48844,0
CNBS.US,D,20220215,000000,13.18,13.56,13.18,13.5437,17676,0
CNBS.US,D,20220216,000000,13.7,13.889,13.4281,13.64,22253,0
CNBS.US,D,20220217,000000,13.54,13.54,13.05,13.05,189583,0
CNBS.US,D,20220218,000000,12.96,13.05,12.5701,12.77,58708,0
CNBS.US,D,20220222,000000,12.72,12.72,12,12.15,111302,0
CNBS.US,D,20220223,000000,12.14,12.37,11.7,11.85,41175,0
CNBS.US,D,20220224,000000,11.25,12.33,11.24,12.14,129524,0
CNBS.US,D,20220225,000000,12.2402,12.29,11.93,12.1,21953,0
CNBS.US,D,20220228,000000,12.04,12.27,11.9,12.27,31614,0
CNBS.US,D,20220301,000000,12.15,12.24,11.63,11.83,28413,0
CNBS.US,D,20220302,000000,11.73,11.87,11.615,11.65,27004,0
CNBS.US,D,20220303,000000,11.82,11.82,11.27,11.3634,32655,0
CNBS.US,D,20220304,000000,11.25,11.3344,10.97,11.12,57822,0
CNBS.US,D,20220307,000000,11.05,11.14,10.5,10.54,80930,0
CNBS.US,D,20220308,000000,10.47,11.14,10.47,11.0012,112651,0
CNBS.US,D,20220309,000000,11.13,11.43,11.13,11.14,15070,0
CNBS.US,D,20220310,000000,11.19,11.19,10.95,11.14,8461,0
CNBS.US,D,20220311,000000,11.25,11.31,10.8118,10.94,27007,0
CNBS.US,D,20220314,000000,10.975,10.975,10.47,10.54,57463,0
CNBS.US,D,20220315,000000,10.52,10.75,10.45,10.72,76378,0
CNBS.US,D,20220316,000000,11.01,11.2299,10.82,11.21,25128,0
CNBS.US,D,20220317,000000,11.15,11.64,11.12,11.6,57276,0
CNBS.US,D,20220318,000000,11.41,12.095,11.41,12.078,36331,0
CNBS.US,D,20220321,000000,12.06,12.12,11.83,11.9,24366,0
CNBS.US,D,20220322,000000,11.87,12.26,11.87,12.24,28446,0
CNBS.US,D,20220323,000000,12.46,12.5,12.02,12.12,41021,0
CNBS.US,D,20220324,000000,12.11,12.61,11.911,12.54,60554,0
CNBS.US,D,20220325,000000,13.45,13.45,12.55,12.94,159334,0
CNBS.US,D,20220328,000000,12.94,12.95,12.32,12.62,78381,0
CNBS.US,D,20220329,000000,12.7,13.02,12.59,12.87,83457,0
CNBS.US,D,20220330,000000,12.93,13.11,12.6,12.7,48166,0
CNBS.US,D,20220331,000000,12.9,12.9,12.5007,12.54,38111,0
CNBS.US,D,20220401,000000,12.58,12.9,12.55,12.65,75563,0
CNBS.US,D,20220404,000000,12.75,12.8,12.5,12.62,37116,0
CNBS.US,D,20220405,000000,12.69,12.69,12.05,12.28,64757,0
CNBS.US,D,20220406,000000,12.33,12.33,11.8,11.98,47952,0
CNBS.US,D,20220407,000000,11.98,11.98,11.4,11.83,55042,0
CNBS.US,D,20220408,000000,11.78,11.8187,11.5101,11.59,38750,0
CNBS.US,D,20220411,000000,11.37,11.59,11.2991,11.36,42577,0
CNBS.US,D,20220412,000000,11.45,11.725,11.1681,11.2249,37860,0
CNBS.US,D,20220413,000000,11.15,11.43,11.15,11.4088,27920,0
CNBS.US,D,20220414,000000,11.41,11.41,11.1,11.1464,26657,0
CNBS.US,D,20220418,000000,11.11,11.11,10.65,10.77,45680,0
CNBS.US,D,20220419,000000,10.68,10.939,10.585,10.85,54608,0
CNBS.US,D,20220420,000000,10.87,10.87,10.56,10.66,21807,0
CNBS.US,D,20220421,000000,10.74,10.74,10.25,10.3,58851,0
CNBS.US,D,20220422,000000,10.29,10.385,10.1043,10.25,34174,0
CNBS.US,D,20220425,000000,10.09,10.19,9.96,10.05,43323,0
CNBS.US,D,20220426,000000,10.15,10.15,9.85,9.89,132265,0
CNBS.US,D,20220427,000000,9.77,9.9362,9.48,9.52,47801,0
CNBS.US,D,20220428,000000,9.51,9.7,9.22,9.7,65428,0
CNBS.US,D,20220429,000000,9.73,9.835,9.38,9.44,23324,0
CNBS.US,D,20220502,000000,9.33,9.44,9.2,9.44,50827,0
CNBS.US,D,20220503,000000,9.44,9.54,9.2642,9.34,208301,0
CNBS.US,D,20220504,000000,9.3,9.52,9.0001,9.52,51146,0
CNBS.US,D,20220505,000000,9.29,9.29,8.85,8.98,83289,0
CNBS.US,D,20220506,000000,8.92,8.9851,8.5,8.97,90766,0
CNBS.US,D,20220509,000000,8.81,8.99,8.3815,8.46,62428,0
CNBS.US,D,20220510,000000,8.56,8.56,8.15,8.3618,38885,0
CNBS.US,D,20220511,000000,8.29,8.4,8.03,8.03,52552,0
CNBS.US,D,20220512,000000,8,8.4099,7.83,8.19,55103,0
CNBS.US,D,20220513,000000,8.45,8.74,8.3,8.66,28078,0
CNBS.US,D,20220516,000000,8.72,8.8723,8.55,8.75,25038,0
CNBS.US,D,20220517,000000,8.75,8.98,8.68,8.81,24126,0
CNBS.US,D,20220518,000000,8.72,8.76,8.341,8.5,28799,0
CNBS.US,D,20220519,000000,8.35,8.7299,8.35,8.57,15738,0
CNBS.US,D,20220520,000000,8.6,8.75,8.341,8.69,28202,0
CNBS.US,D,20220523,000000,8.68,8.71,8.5601,8.62,13662,0
CNBS.US,D,20220524,000000,8.55,8.55,8.25,8.4,39608,0
CNBS.US,D,20220525,000000,8.33,8.51,8.33,8.37,19021,0
CNBS.US,D,20220526,000000,8.39,8.72,8.39,8.61,17024,0
CNBS.US,D,20220527,000000,8.49,8.57,8.31,8.42,44795,0
CNBS.US,D,20220531,000000,8.4,8.5,8.35,8.458,18439,0
CNBS.US,D,20220601,000000,8.66,8.66,8.281,8.29,22979,0
CNBS.US,D,20220602,000000,8.25,8.56,8.25,8.47,20130,0
CNBS.US,D,20220603,000000,8.39,8.428,8.3,8.35,12189,0
CNBS.US,D,20220606,000000,8.36,8.36,8.25,8.28,10364,0
CNBS.US,D,20220607,000000,8.2,8.4,8.2,8.33,21761,0
CNBS.US,D,20220608,000000,8.24,8.44,8.16,8.1631,10015,0
CNBS.US,D,20220609,000000,8.07,8.13,7.92,7.92,19376,0
CNBS.US,D,20220610,000000,7.87,7.905,7.69,7.77,32339,0
CNBS.US,D,20220613,000000,7.55,7.63,7.2881,7.35,39135,0
CNBS.US,D,20220614,000000,7.28,7.34,7.07,7.24,34222,0
CNBS.US,D,20220615,000000,7.24,7.34,7.13,7.28,16442,0
CNBS.US,D,20220616,000000,7.03,7.17,7.01,7.1,64840,0
CNBS.US,D,20220617,000000,7.04,7.2999,7.04,7.1,28701,0
CNBS.US,D,20220621,000000,7.23,7.36,7.12,7.12,19587,0
CNBS.US,D,20220622,000000,7.04,7.1599,6.95,7.11,23563,0
CNBS.US,D,20220623,000000,7.2,7.2,6.92,7.11,26321,0
CNBS.US,D,20220624,000000,7.19,7.38,7.19,7.29,15091,0
CNBS.US,D,20220627,000000,7.26,7.26,7.111,7.17,19061,0
CNBS.US,D,20220628,000000,7.2,7.29,6.95,6.97,47091,0
CNBS.US,D,20220629,000000,7,7.0818,6.77,6.77,14357,0
CNBS.US,D,20220630,000000,6.75,6.7799,6.5,6.5982,30944,0
CNBS.US,D,20220701,000000,6.51,6.7092,6.51,6.62,11480,0
CNBS.US,D,20220705,000000,6.51,6.91,6.49,6.86,39562,0
CNBS.US,D,20220706,000000,7.01,7.0552,6.87,7,53664,0
CNBS.US,D,20220707,000000,6.9,7.16,6.8,7.14,13086,0
CNBS.US,D,20220708,000000,7.11,7.17,6.96,7.05,6531,0
CNBS.US,D,20220711,000000,6.89,6.89,6.69,6.75,28066,0
CNBS.US,D,20220712,000000,6.68,6.8152,6.65,6.7126,18852,0
CNBS.US,D,20220713,000000,6.62,6.84,6.62,6.76,20747,0
CNBS.US,D,20220714,000000,6.79,7.1399,6.59,7.02,24549,0
CNBS.US,D,20220715,000000,7.01,7.0101,6.8501,6.86,50601,0
CNBS.US,D,20220718,000000,6.95,7.11,6.94,6.96,30073,0
CNBS.US,D,20220719,000000,6.98,7.2,6.98,7.14,18809,0
CNBS.US,D,20220720,000000,7.2,7.7,7.14,7.5,64301,0
CNBS.US,D,20220721,000000,7.61,7.69,7.3401,7.55,18936,0
CNBS.US,D,20220722,000000,7.67,7.72,7.3001,7.43,41434,0
CNBS.US,D,20220725,000000,7.37,7.43,7.3,7.32,10711,0
CNBS.US,D,20220726,000000,7.26,7.305,7.09,7.12,26753,0
CNBS.US,D,20220727,000000,7.27,7.27,7.0001,7.1339,27337,0
CNBS.US,D,20220728,000000,7.1,7.22,7.03,7.22,13810,0
CNBS.US,D,20220729,000000,7.14,7.2,7.08,7.11,15270,0
CNBS.US,D,20220801,000000,7.06,7.1599,7.025,7.04,10312,0
CNBS.US,D,20220802,000000,7.09,7.36,7.03,7.36,80361,0
CNBS.US,D,20220803,000000,7.28,7.3876,7.275,7.28,23945,0
CNBS.US,D,20220804,000000,7.27,7.435,7.25,7.25,10656,0
CNBS.US,D,20220805,000000,7.11,7.4,7.11,7.4,14006,0
CNBS.US,D,20220808,000000,7.4,7.72,7.35,7.62,19817,0
CNBS.US,D,20220809,000000,7.45,7.53,7.29,7.3,15888,0
CNBS.US,D,20220810,000000,7.32,7.46,7.16,7.456,29123,0
CNBS.US,D,20220811,000000,7.465,7.64,7.37,7.44,10148,0
CNBS.US,D,20220812,000000,7.58,7.58,7.41,7.5724,28618,0
CNBS.US,D,20220815,000000,7.5,7.6767,7.4931,7.59,22948,0
CNBS.US,D,20220816,000000,7.56,7.8,7.55,7.65,22701,0
CNBS.US,D,20220817,000000,7.73,7.73,7.55,7.6,16108,0
CNBS.US,D,20220818,000000,7.56,7.5899,7.38,7.48,34103,0
CNBS.US,D,20220819,000000,7.39,7.42,7.2906,7.32,16198,0
CNBS.US,D,20220822,000000,7.21,7.25,7.07,7.07,9095,0
CNBS.US,D,20220823,000000,7.22,7.23,7.07,7.07,21909,0
CNBS.US,D,20220824,000000,7.06,7.53,7.04,7.53,16332,0
CNBS.US,D,20220825,000000,7.49,7.88,7.4,7.8,23558,0
CNBS.US,D,20220826,000000,7.85,7.94,7.56,7.635,39791,0
CNBS.US,D,20220829,000000,7.52,7.8699,7.52,7.75,21940,0
CNBS.US,D,20220830,000000,7.78,7.78,7.55,7.62,14399,0
CNBS.US,D,20220831,000000,7.55,7.64,7.5,7.54,11479,0
CNBS.US,D,20220901,000000,7.48,7.48,7.25,7.35,18164,0
CNBS.US,D,20220902,000000,7.38,7.53,7.33,7.38,8156,0
CNBS.US,D,20220906,000000,7.52,7.52,7.21,7.21,16506,0
CNBS.US,D,20220907,000000,7.18,7.32,7.14,7.18,13444,0
CNBS.US,D,20220908,000000,7.24,7.24,7.1,7.22,10835,0
CNBS.US,D,20220909,000000,7.09,7.43,7.09,7.39,23112,0
CNBS.US,D,20220912,000000,7.33,7.395,7.21,7.2429,16302,0
CNBS.US,D,20220913,000000,7.19,7.19,6.91,6.97,12955,0
CNBS.US,D,20220914,000000,7,7,6.94,6.9726,8714,0
CNBS.US,D,20220915,000000,6.91,7.085,6.881,6.89,6013,0
CNBS.US,D,20220916,000000,6.85,6.85,6.74,6.79,9303,0
CNBS.US,D,20220919,000000,6.65,6.74,6.61,6.645,12404,0
CNBS.US,D,20220920,000000,6.57,6.6,6.5,6.5,16731,0
CNBS.US,D,20220921,000000,6.64,6.64,6.46,6.4629,30772,0
CNBS.US,D,20220922,000000,6.49,6.49,6.13,6.1416,20610,0
CNBS.US,D,20220923,000000,6.14,6.15,5.8901,5.9444,19290,0
CNBS.US,D,20220926,000000,5.86,6,5.82,5.839,19881,0
CNBS.US,D,20220927,000000,5.81,5.98,5.76,5.8182,13586,0
CNBS.US,D,20220928,000000,5.85,6.0545,5.85,6.0317,8719,0
CNBS.US,D,20220929,000000,5.9,5.909,5.78,5.83,8988,0
CNBS.US,D,20220930,000000,5.75,5.89,5.75,5.7895,12982,0
CNBS.US,D,20221003,000000,5.85,5.98,5.85,5.9621,15389,0
CNBS.US,D,20221004,000000,6.01,6.19,6.01,6.1202,10147,0
CNBS.US,D,20221005,000000,6.1,6.11,5.94,5.9731,42593,0
CNBS.US,D,20221006,000000,5.8857,8,5.84,7.2,128454,0
CNBS.US,D,20221007,000000,7.73,8.0979,6.74,6.82,140288,0
CNBS.US,D,20221010,000000,6.75,6.79,6.43,6.4895,37390,0
CNBS.US,D,20221011,000000,6.51,6.51,6.0709,6.1492,100195,0
CNBS.US,D,20221012,000000,6.0621,6.19,6.0621,6.1804,3189,0
CNBS.US,D,20221013,000000,6.16,6.28,6.01,6.2136,26264,0
CNBS.US,D,20221014,000000,6.36,6.36,6.1,6.1039,7678,0
CNBS.US,D,20221017,000000,6.2,6.365,6.195,6.333,9061,0
CNBS.US,D,20221018,000000,6.56,6.56,6.3601,6.435,25967,0
CNBS.US,D,20221019,000000,6.4,6.5881,6.35,6.3878,15474,0
CNBS.US,D,20221020,000000,6.52,6.63,6.4,6.507,79642,0
CNBS.US,D,20221021,000000,6.46,6.61,6.46,6.5939,15491,0
CNBS.US,D,20221024,000000,6.65,6.65,6.31,6.3855,48614,0
CNBS.US,D,20221025,000000,6.71,6.8,6.32,6.62,41975,0
CNBS.US,D,20221026,000000,6.56,6.8499,6.56,6.64,10285,0
CNBS.US,D,20221027,000000,6.75,6.75,6.5351,6.56,4377,0
CNBS.US,D,20221028,000000,6.56,6.57,6.43,6.5298,10052,0
CNBS.US,D,20221031,000000,6.51,6.9999,6.47,6.899,41771,0
CNBS.US,D,20221101,000000,7,7,6.7,6.727,38234,0
CNBS.US,D,20221102,000000,6.8,6.8,6.4,6.4,34980,0
CNBS.US,D,20221103,000000,6.48,6.675,6.405,6.65,20424,0
CNBS.US,D,20221104,000000,6.68,6.73,6.59,6.6741,20059,0
CNBS.US,D,20221107,000000,6.65,6.76,6.52,6.57,22111,0
CNBS.US,D,20221108,000000,6.63,6.78,6.47,6.56,44668,0
CNBS.US,D,20221109,000000,6.62,6.81,6.53,6.59,14654,0
CNBS.US,D,20221110,000000,6.74,6.96,6.74,6.81,25110,0
CNBS.US,D,20221111,000000,6.79,7.13,6.79,7.09,29994,0
CNBS.US,D,20221114,000000,7.07,7.389,7.01,7.02,38995,0
CNBS.US,D,20221115,000000,7.15,7.31,7.15,7.23,58854,0
CNBS.US,D,20221116,000000,7.17,7.25,7.03,7.25,17569,0
CNBS.US,D,20221117,000000,7.06,7.24,7.06,7.18,22524,0
CNBS.US,D,20221118,000000,7.19,7.23,6.95,6.98,28754,0
CNBS.US,D,20221121,000000,6.92,6.92,6.77,6.88,9466,0
CNBS.US,D,20221122,000000,6.8713,6.8713,6.7677,6.8489,8612,0
CNBS.US,D,20221123,000000,6.94,7.08,6.845,7.08,39716,0
CNBS.US,D,20221125,000000,7.02,7.119,6.9917,7.077,6338,0
CNBS.US,D,20221128,000000,6.98,7.08,6.8008,6.96,13945,0
CNBS.US,D,20221129,000000,6.96,7.01,6.88,6.99,37152,0
CNBS.US,D,20221130,000000,6.94,7.1,6.8501,7.1,12947,0
CNBS.US,D,20221201,000000,7.06,7.46,7.0301,7.43,36776,0
CNBS.US,D,20221202,000000,7.37,7.86,7.2509,7.77,42297,0
CNBS.US,D,20221205,000000,7.86,8.28,7.8422,7.93,104955,0
CNBS.US,D,20221206,000000,7.98,7.98,7.105,7.19,65730,0
CNBS.US,D,20221207,000000,7.09,7.09,6.63,6.805,208296,0
CNBS.US,D,20221208,000000,6.87,6.87,6.39,6.42,46517,0
CNBS.US,D,20221209,000000,6.38,6.559,6.3,6.4291,28838,0
CNBS.US,D,20221212,000000,6.35,6.49,6.2001,6.24,54072,0
CNBS.US,D,20221213,000000,6.29,6.4195,6.1,6.11,46690,0
CNBS.US,D,20221214,000000,6.08,6.08,5.81,5.85,101252,0
CNBS.US,D,20221215,000000,5.79,5.965,5.62,5.64,139693,0
CNBS.US,D,20221216,000000,5.61,5.99,5.61,5.91,68316,0
CNBS.US,D,20221219,000000,5.86,5.86,5.331,5.3464,43789,0
CNBS.US,D,20221220,000000,5.35,5.4,5.11,5.14,57203,0
CNBS.US,D,20221221,000000,5.25,5.25,5.095,5.19,76432,0
CNBS.US,D,20221222,000000,5.2,5.2,4.951,5.07,56217,0
CNBS.US,D,20221223,000000,5.05,5.1599,4.995,5.1299,54136,0
CNBS.US,D,20221227,000000,5.1,5.1,4.91,4.9253,75888,0
CNBS.US,D,20221228,000000,4.95,5.05,4.81,4.8769,199034,0
CNBS.US,D,20221229,000000,4.88,5.14,4.875,5.07,111140,0
CNBS.US,D,20221230,000000,5.04,5.12,4.98,5.09,117746,0
CNBS.US,D,20230103,000000,5.11,5.31,5.0601,5.155,240744,0
CNBS.US,D,20230104,000000,5.19,5.32,5.135,5.3103,15433,0
CNBS.US,D,20230105,000000,5.33,5.36,5.2254,5.32,110488,0
CNBS.US,D,20230106,000000,5.37,5.37,5.211,5.22,15470,0
CNBS.US,D,20230109,000000,5.29,5.33,5.09,5.16,66475,0
CNBS.US,D,20230110,000000,5.13,5.1699,5.1,5.12,8425,0
CNBS.US,D,20230111,000000,5.16,5.32,5.16,5.18,22035,0
CNBS.US,D,20230112,000000,5.2,5.4,5.1401,5.33,25805,0
CNBS.US,D,20230113,000000,5.27,5.42,5.27,5.375,18509,0
CNBS.US,D,20230117,000000,5.39,5.49,5.3765,5.4403,14054,0
CNBS.US,D,20230118,000000,5.43,5.55,5.32,5.32,18993,0
CNBS.US,D,20230119,000000,5.24,5.2862,5.185,5.22,8656,0
CNBS.US,D,20230120,000000,5.23,5.3,5.23,5.25,9199,0
CNBS.US,D,20230123,000000,5.28,5.37,5.28,5.3544,17795,0
CNBS.US,D,20230124,000000,5.29,5.31,5.26,5.2759,17111,0
CNBS.US,D,20230125,000000,5.2,5.22,5.1501,5.2174,13422,0
CNBS.US,D,20230126,000000,5.16,5.23,5,5.05,12709,0
CNBS.US,D,20230127,000000,5,5.235,5,5.17,14794,0
CNBS.US,D,20230130,000000,5.07,5.2214,5.07,5.1,31919,0
CNBS.US,D,20230131,000000,5.05,5.39,5.05,5.26,41103,0
CNBS.US,D,20230201,000000,5.31,5.484,5.26,5.4,15272,0
CNBS.US,D,20230202,000000,5.53,5.62,5.4501,5.4615,15447,0
CNBS.US,D,20230203,000000,5.37,5.5401,5.37,5.4231,61814,0
CNBS.US,D,20230206,000000,5.36,5.4888,5.2301,5.395,15204,0
CNBS.US,D,20230207,000000,5.38,5.39,5.28,5.32,18781,0
CNBS.US,D,20230208,000000,5.3,5.32,5.225,5.23,7155,0
CNBS.US,D,20230209,000000,5.26,5.279,5.01,5.05,17121,0
CNBS.US,D,20230210,000000,5.08,5.08,4.995,5.0171,11919,0
CNBS.US,D,20230213,000000,5,5.12,4.99,5.05,28884,0
CNBS.US,D,20230214,000000,5.01,5.15,5.01,5.1053,12718,0
CNBS.US,D,20230215,000000,5.1,5.235,5.1,5.2,11968,0
CNBS.US,D,20230216,000000,5.21,5.3199,5.141,5.2,16397,0
CNBS.US,D,20230217,000000,5.23,5.23,5.1101,5.2249,16756,0
CNBS.US,D,20230221,000000,5.08,5.08,4.98,5.02,10223,0
CNBS.US,D,20230222,000000,5,5.09,4.9401,4.98,8954,0
CNBS.US,D,20230223,000000,5.07,5.07,4.9,4.975,6819,0
CNBS.US,D,20230224,000000,4.915,4.92,4.85,4.8878,10941,0
CNBS.US,D,20230227,000000,4.88,4.9329,4.81,4.82,10088,0
CNBS.US,D,20230228,000000,4.81,4.9,4.81,4.9,18206,0
CNBS.US,D,20230301,000000,4.84,4.9097,4.8,4.81,23307,0
CNBS.US,D,20230302,000000,4.84,4.9182,4.811,4.85,48653,0
CNBS.US,D,20230303,000000,4.9,4.99,4.9,4.97,7815,0
CNBS.US,D,20230306,000000,5,5.0025,4.8607,4.9,24662,0
CNBS.US,D,20230307,000000,4.82,4.83,4.74,4.82,28062,0
CNBS.US,D,20230308,000000,4.76,4.76,4.69,4.7075,7197,0
CNBS.US,D,20230309,000000,4.67,4.71,4.57,4.62,9325,0
CNBS.US,D,20230310,000000,4.63,4.63,4.48,4.5,17902,0
CNBS.US,D,20230313,000000,4.39,4.505,4.35,4.4354,73066,0
CNBS.US,D,20230314,000000,4.57,4.57,4.42,4.4316,10094,0
CNBS.US,D,20230315,000000,4.37,4.39,4.35,4.378,11479,0
CNBS.US,D,20230316,000000,4.3,4.5,4.3,4.45,10493,0
CNBS.US,D,20230317,000000,4.44,4.46,4.37,4.4088,31254,0
CNBS.US,D,20230320,000000,4.35,4.3899,4.26,4.2703,16947,0
CNBS.US,D,20230321,000000,4.25,4.42,4.25,4.41,92686,0
CNBS.US,D,20230322,000000,4.41,4.41,4.32,4.33,73812,0
CNBS.US,D,20230323,000000,4.32,4.377,4.24,4.2617,16607,0
CNBS.US,D,20230324,000000,4.24,4.28,4.19,4.224,4448,0
CNBS.US,D,20230327,000000,4.23,4.245,4.153,4.2258,15476,0
CNBS.US,D,20230328,000000,4.201,4.22,4.18,4.1916,7724,0
CNBS.US,D,20230329,000000,4.2,4.25,4.2,4.21,7383,0
CNBS.US,D,20230330,000000,4.22,4.25,4.2,4.205,15089,0
CNBS.US,D,20230331,000000,4.2466,4.25,4.1866,4.2104,6629,0
CNBS.US,D,20230403,000000,4.22,4.2292,4.1,4.1,32475,0
CNBS.US,D,20230404,000000,4.12,4.12,4.01,4.025,14934,0
CNBS.US,D,20230405,000000,4,4.02,3.911,3.92,32630,0
CNBS.US,D,20230406,000000,3.92,4.05,3.92,4.03,11012,0
CNBS.US,D,20230410,000000,3.98,4.0385,3.9701,4.0236,17230,0
CNBS.US,D,20230411,000000,4.01,4.04,3.95,3.982,18213,0
CNBS.US,D,20230412,000000,3.98,4.017,3.96,3.9801,19584,0
CNBS.US,D,20230413,000000,4,4.09,4,4.0216,22298,0
CNBS.US,D,20230414,000000,4.08,4.08,3.9476,3.9476,12046,0
CNBS.US,D,20230417,000000,3.95,4.035,3.94,4.0333,19447,0
CNBS.US,D,20230418,000000,4.11,4.11,3.983,3.9945,16986,0
CNBS.US,D,20230419,000000,3.94,4,3.94,3.9854,20639,0
CNBS.US,D,20230420,000000,3.95,3.975,3.88,3.88,11932,0
CNBS.US,D,20230421,000000,3.94,3.94,3.85,3.8671,14327,0
CNBS.US,D,20230424,000000,3.91,3.91,3.78,3.8696,14376,0
CNBS.US,D,20230425,000000,3.8799,3.8799,3.7771,3.7923,7785,0
CNBS.US,D,20230426,000000,3.78,3.8,3.7652,3.7652,31803,0
CNBS.US,D,20230427,000000,3.9,4.06,3.9,3.9401,32584,0
CNBS.US,D,20230428,000000,4,4,3.965,3.9666,9719,0
CNBS.US,D,20230501,000000,3.96,4.06,3.96,3.98,10155,0
CNBS.US,D,20230502,000000,3.96,4,3.8781,3.955,23650,0
CNBS.US,D,20230503,000000,3.89,3.9982,3.89,3.9,5867,0
CNBS.US,D,20230504,000000,3.88,4.0999,3.88,4.0397,21280,0
CNBS.US,D,20230505,000000,4.07,4.31,4.07,4.3,21827,0
CNBS.US,D,20230508,000000,4.24,4.3,4.181,4.2711,16450,0
CNBS.US,D,20230509,000000,4.19,4.25,4.18,4.1852,5700,0
CNBS.US,D,20230510,000000,4.2,4.28,4.2,4.21,14268,0
CNBS.US,D,20230511,000000,4.23,4.23,3.97,3.97,14624,0
CNBS.US,D,20230512,000000,3.9602,3.9602,3.851,3.9055,7346,0
CNBS.US,D,20230515,000000,3.89,3.955,3.89,3.9497,5829,0
CNBS.US,D,20230516,000000,3.9596,3.99,3.9101,3.9199,5372,0
CNBS.US,D,20230517,000000,3.92,3.99,3.901,3.977,11399,0
CNBS.US,D,20230518,000000,3.98,4.08,3.98,4.0095,12153,0
CNBS.US,D,20230519,000000,3.97,4.01,3.921,3.96,9506,0
CNBS.US,D,20230522,000000,3.93,4.0744,3.93,4.0486,13697,0
CNBS.US,D,20230523,000000,4.031,4.12,4.0001,4.0288,6651,0
CNBS.US,D,20230524,000000,3.971,4.0199,3.96,4.0052,3817,0
CNBS.US,D,20230525,000000,3.96,4,3.86,3.9152,20953,0
CNBS.US,D,20230526,000000,3.89,3.89,3.7852,3.7852,59759,0
CNBS.US,D,20230530,000000,3.8,3.864,3.75,3.78,345814,0
CNBS.US,D,20230531,000000,3.81,3.821,3.755,3.7767,43869,0
CNBS.US,D,20230601,000000,3.75,3.86,3.75,3.7517,254440,0
CNBS.US,D,20230602,000000,3.77,3.797,3.74,3.765,24221,0
CNBS.US,D,20230605,000000,3.72,3.749,3.7001,3.72,24132,0
CNBS.US,D,20230606,000000,3.72,3.78,3.72,3.7732,5110,0
CNBS.US,D,20230607,000000,3.79,3.9,3.765,3.8277,15452,0
CNBS.US,D,20230608,000000,3.8101,3.8341,3.7733,3.78,24036,0
CNBS.US,D,20230609,000000,3.76,3.7802,3.72,3.74,29156,0
CNBS.US,D,20230612,000000,3.74,3.795,3.731,3.795,22628,0
CNBS.US,D,20230613,000000,3.85,3.85,3.76,3.78,15098,0
CNBS.US,D,20230614,000000,3.75,3.81,3.75,3.76,14087,0
CNBS.US,D,20230615,000000,3.75,3.8,3.73,3.77,20615,0
CNBS.US,D,20230616,000000,3.8,3.8499,3.7601,3.7734,19634,0
CNBS.US,D,20230620,000000,3.76,3.7799,3.73,3.7662,14599,0
CNBS.US,D,20230621,000000,3.8,3.8399,3.735,3.7746,13778,0
CNBS.US,D,20230622,000000,3.79,3.82,3.7388,3.82,67708,0
CNBS.US,D,20230623,000000,3.76,3.83,3.6981,3.6981,29326,0
CNBS.US,D,20230626,000000,3.67,3.71,3.67,3.705,11642,0
CNBS.US,D,20230627,000000,3.68,3.73,3.68,3.7029,12868,0
CNBS.US,D,20230628,000000,3.67,3.709,3.6601,3.709,14799,0
CNBS.US,D,20230629,000000,3.7099,3.719,3.661,3.6854,6894,0
CNBS.US,D,20230630,000000,3.69,3.729,3.66,3.6973,31506,0
CNBS.US,D,20230703,000000,3.68,3.9008,3.68,3.9008,14546,0
CNBS.US,D,20230705,000000,3.91,3.91,3.82,3.82,18881,0
CNBS.US,D,20230706,000000,3.78,3.9,3.7494,3.7876,13181,0
CNBS.US,D,20230707,000000,3.81,3.97,3.771,3.954,15832,0
CNBS.US,D,20230710,000000,3.95,4.05,3.94,4,12458,0
CNBS.US,D,20230711,000000,4,4.09,4,4.09,20501,0
CNBS.US,D,20230712,000000,4.13,4.13,3.941,4.0179,16153,0
CNBS.US,D,20230713,000000,4,4.0998,3.94,4.0737,21633,0
CNBS.US,D,20230714,000000,4.04,4.079,3.892,3.9502,12108,0
CNBS.US,D,20230717,000000,3.9,3.935,3.8959,3.8959,5613,0
CNBS.US,D,20230718,000000,3.87,3.9,3.8617,3.8707,6403,0
CNBS.US,D,20230719,000000,3.9,3.98,3.8755,3.94,13031,0
CNBS.US,D,20230720,000000,3.93,3.93,3.76,3.85,9992,0
CNBS.US,D,20230721,000000,3.83,3.87,3.77,3.7985,7065,0
CNBS.US,D,20230724,000000,3.79,3.8,3.75,3.7671,30461,0
CNBS.US,D,20230725,000000,3.75,3.761,3.7176,3.7176,15915,0
CNBS.US,D,20230726,000000,3.81,3.88,3.76,3.7861,28494,0
CNBS.US,D,20230727,000000,3.85,3.8899,3.81,3.815,20487,0
CNBS.US,D,20230728,000000,3.811,3.94,3.811,3.9252,13331,0
CNBS.US,D,20230731,000000,3.9,4.09,3.9,4.09,31601,0
CNBS.US,D,20230801,000000,4.05,4.09,4.02,4.045,22560,0
CNBS.US,D,20230802,000000,4.1,4.1,3.9501,4.0022,20649,0
CNBS.US,D,20230803,000000,3.97,4.0599,3.92,3.992,12347,0
CNBS.US,D,20230804,000000,3.96,4.0268,3.92,3.9594,13214,0
CNBS.US,D,20230807,000000,3.95,3.99,3.87,3.9209,9967,0
CNBS.US,D,20230808,000000,3.91,4.1,3.91,4.0822,16514,0
CNBS.US,D,20230809,000000,4.17,4.17,3.9201,3.9448,8692,0
CNBS.US,D,20230810,000000,3.91,3.94,3.85,3.88,12267,0
CNBS.US,D,20230811,000000,3.85,3.93,3.85,3.87,5957,0
CNBS.US,D,20230814,000000,3.85,3.88,3.83,3.87,10335,0
CNBS.US,D,20230815,000000,3.8308,3.84,3.81,3.825,13334,0
CNBS.US,D,20230816,000000,3.87,3.898,3.8204,3.835,9395,0
CNBS.US,D,20230817,000000,3.87,3.915,3.86,3.8745,8708,0
CNBS.US,D,20230818,000000,3.87,3.9299,3.8575,3.8575,5658,0
CNBS.US,D,20230821,000000,3.84,3.9199,3.8207,3.8207,7387,0
CNBS.US,D,20230822,000000,3.81,3.879,3.8001,3.85,12654,0
CNBS.US,D,20230823,000000,3.83,3.85,3.79,3.84,21708,0
CNBS.US,D,20230824,000000,3.88,3.88,3.72,3.7292,17220,0
CNBS.US,D,20230825,000000,3.7,3.75,3.69,3.7304,6690,0
CNBS.US,D,20230828,000000,3.74,3.79,3.72,3.75,4571,0
CNBS.US,D,20230829,000000,3.7,3.835,3.7,3.7756,12174,0
CNBS.US,D,20230830,000000,3.8025,4.44,3.77,4.1903,59723,0
CNBS.US,D,20230831,000000,4.33,4.86,4.33,4.69,95394,0
CNBS.US,D,20230901,000000,4.85,4.87,4.6607,4.6836,72151,0
CNBS.US,D,20230905,000000,4.76,5.22,4.7202,5.21,107526,0
CNBS.US,D,20230906,000000,5.53,5.53,5.08,5.1546,124817,0
CNBS.US,D,20230907,000000,5.14,5.27,5.0001,5.19,29206,0
CNBS.US,D,20230908,000000,5.17,5.5699,5.17,5.35,45980,0
CNBS.US,D,20230911,000000,5.45,5.79,5.348,5.75,90414,0
CNBS.US,D,20230912,000000,5.78,5.78,5.2,5.32,34767,0
CNBS.US,D,20230913,000000,5.32,5.54,5.15,5.3218,28294,0
CNBS.US,D,20230914,000000,5.36,5.66,5.36,5.59,17735,0
CNBS.US,D,20230915,000000,5.96,5.98,5.5407,5.605,22459,0
CNBS.US,D,20230918,000000,5.5,5.5,5.25,5.3564,23467,0
CNBS.US,D,20230919,000000,5.33,5.33,5,5.05,54945,0
CNBS.US,D,20230920,000000,5.05,5.18,5.02,5.06,20341,0
CNBS.US,D,20230921,000000,5.02,5.02,4.73,4.75,30581,0
CNBS.US,D,20230922,000000,4.9,4.9117,4.7301,4.83,27535,0
CNBS.US,D,20230925,000000,4.83,5.164,4.83,4.9348,30190,0
CNBS.US,D,20230926,000000,4.91,5.07,4.87,4.896,16280,0
CNBS.US,D,20230927,000000,5.1,5.15,4.82,4.8832,40653,0
CNBS.US,D,20230928,000000,4.92,4.9392,4.72,4.8635,24144,0
CNBS.US,D,20230929,000000,4.92,4.92,4.74,4.8198,13957,0
CNBS.US,D,20231002,000000,4.84,4.8999,4.63,4.77,31845,0
CNBS.US,D,20231003,000000,4.68,4.7,4.54,4.61,47195,0
CNBS.US,D,20231004,000000,4.58,4.5899,4.3981,4.46,15733,0
CNBS.US,D,20231005,000000,4.42,4.43,4.35,4.3537,5166,0
CNBS.US,D,20231006,000000,4.26,4.5,4.26,4.35,42118,0
CNBS.US,D,20231009,000000,4.29,4.3461,4.2554,4.3461,5837,0
CNBS.US,D,20231010,000000,4.415,4.46,4.3901,4.4,6039,0
CNBS.US,D,20231011,000000,4.4,4.4,4.28,4.3,4883,0
CNBS.US,D,20231012,000000,4.29,4.39,4.2,4.2505,6550,0
CNBS.US,D,20231013,000000,4.25,4.38,4.2249,4.2697,12761,0
CNBS.US,D,20231016,000000,4.21,4.33,4.19,4.33,21556,0
CNBS.US,D,20231017,000000,4.25,4.44,4.25,4.39,5432,0
CNBS.US,D,20231018,000000,4.36,4.47,4.16,4.1616,17411,0
CNBS.US,D,20231019,000000,4.1,4.2099,4.1,4.1,26797,0
CNBS.US,D,20231020,000000,4.1,4.11,4.0201,4.0476,26734,0
CNBS.US,D,20231023,000000,4.01,4.03,3.87,3.87,16464,0
CNBS.US,D,20231024,000000,4.02,4.04,3.9,3.99,21865,0
CNBS.US,D,20231025,000000,4.03,4.03,3.76,3.77,22038,0
CNBS.US,D,20231026,000000,3.82,3.82,3.605,3.65,22681,0
CNBS.US,D,20231027,000000,3.61,3.62,3.42,3.43,52459,0
CNBS.US,D,20231030,000000,3.5291,3.5291,3.3801,3.43,40656,0
CNBS.US,D,20231031,000000,3.47,3.675,3.45,3.66,38121,0
CNBS.US,D,20231101,000000,3.65,3.65,3.521,3.53,11845,0
CNBS.US,D,20231102,000000,3.57,3.78,3.57,3.7,19811,0
CNBS.US,D,20231103,000000,3.83,3.8776,3.75,3.82,21762,0
CNBS.US,D,20231106,000000,3.82,3.9,3.75,3.78,20783,0
CNBS.US,D,20231107,000000,3.76,3.82,3.76,3.79,7242,0
CNBS.US,D,20231108,000000,3.83,4.01,3.82,3.83,21685,0
CNBS.US,D,20231109,000000,3.82,3.922,3.73,3.7703,4584,0
CNBS.US,D,20231110,000000,3.76,3.92,3.75,3.92,32246,0
CNBS.US,D,20231113,000000,3.95,4.0599,3.8501,4,42894,0
CNBS.US,D,20231114,000000,4,4.19,3.92,3.92,13906,0
CNBS.US,D,20231115,000000,3.97,4.2,3.97,4.05,14701,0
CNBS.US,D,20231116,000000,4.02,4.04,3.9001,3.96,46960,0
CNBS.US,D,20231117,000000,3.96,4.1399,3.96,4.13,25641,0
CNBS.US,D,20231120,000000,4.08,4.1357,4.05,4.06,12043,0
CNBS.US,D,20231121,000000,4,4.1499,3.9601,4.11,9491,0
CNBS.US,D,20231122,000000,4.14,4.15,4.0701,4.13,14382,0
CNBS.US,D,20231124,000000,4.12,4.16,4.12,4.1235,5411,0
CNBS.US,D,20231127,000000,4.1,4.14,4.0536,4.1,9262,0
CNBS.US,D,20231128,000000,4.08,4.14,4.0401,4.14,17699,0
CNBS.US,D,20231129,000000,4.1507,4.21,4.12,4.12,17915,0
CNBS.US,D,20231130,000000,4.11,4.15,4.067,4.11,9418,0
CNBS.US,D,20231201,000000,4.07,4.2499,4.07,4.23,29235,0
CNBS.US,D,20231204,000000,4.2,4.5199,4.2,4.42,49707,0
CNBS.US,D,20231205,000000,4.42,4.45,4.32,4.34,12677,0
CNBS.US,D,20231206,000000,4.39,4.5,4.36,4.41,35357,0
CNBS.US,D,20231207,000000,4.38,4.454,4.38,4.42,28783,0
CNBS.US,D,20231208,000000,4.4,4.5,4.4,4.4497,7288,0
CNBS.US,D,20231211,000000,4.41,4.435,4.24,4.24,7900,0
CNBS.US,D,20231212,000000,4.22,4.22,3.89,3.89,38262,0
CNBS.US,D,20231213,000000,3.86,4.09,3.81,4.05,35850,0
CNBS.US,D,20231214,000000,4.06,4.1363,4,4.09,23503,0
CNBS.US,D,20231215,000000,4.07,4.14,4.0015,4.14,22918,0
CNBS.US,D,20231218,000000,4.07,4.0999,3.965,3.99,28967,0
CNBS.US,D,20231219,000000,3.98,4.0699,3.951,3.97,21961,0
CNBS.US,D,20231220,000000,3.94,4.0286,3.91,3.92,24790,0
CNBS.US,D,20231221,000000,3.91,3.94,3.85,3.8699,18376,0
CNBS.US,D,20231222,000000,3.86,4.1499,3.86,4.08,44990,0
CNBS.US,D,20231226,000000,4.07,4.46,4.07,4.34,49979,0
CNBS.US,D,20231227,000000,4.29,4.39,4.24,4.2794,31029,0
CNBS.US,D,20231228,000000,4.25,4.4499,4.25,4.31,26626,0
CNBS.US,D,20231229,000000,4.29,4.32,4.2016,4.27,22745,0
CNBS.US,D,20240102,000000,4.24,4.33,4.161,4.21,20223,0
CNBS.US,D,20240103,000000,4.15,4.45,4.12,4.34,31074,0
CNBS.US,D,20240104,000000,4.36,4.47,4.34,4.42,24601,0
CNBS.US,D,20240105,000000,4.43,4.625,4.33,4.58,36409,0
CNBS.US,D,20240108,000000,4.62,4.71,4.58,4.62,25177,0
CNBS.US,D,20240109,000000,4.67,4.67,4.401,4.44,38318,0
CNBS.US,D,20240110,000000,4.41,4.46,4.32,4.33,106675,0
CNBS.US,D,20240111,000000,4.35,4.41,4.27,4.37,40265,0
CNBS.US,D,20240112,000000,4.36,4.65,4.36,4.61,34887,0
CNBS.US,D,20240116,000000,4.73,5,4.73,4.9399,65552,0
CNBS.US,D,20240117,000000,4.96,5,4.75,4.79,60523,0
CNBS.US,D,20240118,000000,4.85,4.86,4.56,4.57,51392,0
CNBS.US,D,20240119,000000,4.57,4.79,4.43,4.78,58788,0
CNBS.US,D,20240122,000000,4.81,4.8843,4.72,4.82,66510,0
CNBS.US,D,20240123,000000,4.79,4.88,4.77,4.81,17024,0
CNBS.US,D,20240124,000000,4.85,5.0299,4.77,4.98,25324,0
CNBS.US,D,20240125,000000,4.98,5.02,4.9,5.01,16808,0
CNBS.US,D,20240126,000000,5.03,5.089,4.9201,4.97,48058,0
CNBS.US,D,20240129,000000,4.96,5.0981,4.89,5.07,13036,0
CNBS.US,D,20240130,000000,5.12,5.2383,5.05,5.16,26108,0
CNBS.US,D,20240131,000000,5.12,5.155,5.0001,5.01,22359,0
CNBS.US,D,20240201,000000,5.17,5.4393,5.1106,5.38,55540,0
CNBS.US,D,20240202,000000,5.44,5.5163,5.25,5.48,57336,0
CNBS.US,D,20240205,000000,5.5,5.5,5.21,5.27,29888,0
CNBS.US,D,20240206,000000,5.32,5.579,5.28,5.55,49851,0
CNBS.US,D,20240207,000000,5.54,5.54,5.35,5.35,64954,0
CNBS.US,D,20240208,000000,5.35,5.35,5.18,5.31,8762,0
CNBS.US,D,20240209,000000,5.29,5.29,5.2,5.22,44705,0
CNBS.US,D,20240212,000000,5.21,5.2122,4.88,4.96,49787,0
CNBS.US,D,20240213,000000,4.9,4.92,4.7,4.7,72299,0
CNBS.US,D,20240214,000000,4.82,4.84,4.65,4.79,38766,0
CNBS.US,D,20240215,000000,4.78,5.02,4.78,4.94,20962,0
CNBS.US,D,20240216,000000,4.9,4.96,4.8333,4.96,24108,0
CNBS.US,D,20240220,000000,4.89,4.89,4.79,4.81,19169,0
CNBS.US,D,20240221,000000,4.82,4.86,4.7901,4.8,17055,0
CNBS.US,D,20240222,000000,4.8,4.95,4.8,4.93,64510,0
CNBS.US,D,20240223,000000,4.96,5.151,4.96,5.1,20375,0
CNBS.US,D,20240226,000000,5.07,5.156,4.9,4.9723,14751,0
CNBS.US,D,20240227,000000,4.99,5.0491,4.9,4.9,25547,0
CNBS.US,D,20240228,000000,4.87,4.98,4.82,4.82,19783,0
CNBS.US,D,20240229,000000,4.83,4.9999,4.75,4.83,24080,0
CNBS.US,D,20240301,000000,4.85,4.93,4.78,4.87,14273,0
CNBS.US,D,20240304,000000,4.88,4.9,4.75,4.75,20539,0
CNBS.US,D,20240305,000000,4.73,4.8399,4.63,4.71,21157,0
CNBS.US,D,20240306,000000,4.8,4.8,4.56,4.57,17657,0
CNBS.US,D,20240307,000000,4.55,4.6,4.43,4.52,42622,0
CNBS.US,D,20240308,000000,4.59,4.676,4.53,4.58,29896,0
CNBS.US,D,20240311,000000,4.54,4.563,4.35,4.3648,11054,0
CNBS.US,D,20240312,000000,4.42,4.42,4.35,4.38,14242,0
CNBS.US,D,20240313,000000,4.43,4.49,4.4,4.47,52837,0
CNBS.US,D,20240314,000000,4.46,4.5,4.38,4.42,12290,0
CNBS.US,D,20240315,000000,4.44,4.95,4.44,4.87,16245,0
CNBS.US,D,20240318,000000,5.01,5.23,5.01,5.21,73578,0
CNBS.US,D,20240319,000000,5.23,5.23,5.09,5.11,35302,0
CNBS.US,D,20240320,000000,5.19,5.19,5.06,5.08,12432,0
CNBS.US,D,20240321,000000,5.06,5.4098,5.04,5.36,47803,0
CNBS.US,D,20240322,000000,5.45,5.563,5.3703,5.48,65090,0
CNBS.US,D,20240325,000000,5.51,5.6202,5.27,5.3,105835,0
CNBS.US,D,20240326,000000,5.35,5.606,5.35,5.49,26814,0
CNBS.US,D,20240327,000000,5.53,5.8999,5.48,5.89,31341,0
CNBS.US,D,20240328,000000,5.94,5.988,5.73,5.77,89522,0
CNBS.US,D,20240401,000000,5.85,5.9295,5.76,5.89,27231,0
CNBS.US,D,20240402,000000,5.9,6.02,5.86,5.88,66526,0
CNBS.US,D,20240403,000000,5.78,6.22,5.78,6.21,63851,0
CNBS.US,D,20240404,000000,6.22,6.4,5.57,5.65,106523,0
CNBS.US,D,20240405,000000,5.62,5.94,5.62,5.91,35388,0
CNBS.US,D,20240408,000000,5.83,6.07,5.8,5.94,28849,0
CNBS.US,D,20240409,000000,5.82,5.82,5.619,5.76,39469,0
CNBS.US,D,20240410,000000,5.64,5.77,5.6,5.6,29336,0
CNBS.US,D,20240411,000000,5.55,5.63,5.37,5.58,28446,0
CNBS.US,D,20240412,000000,5.52,5.55,5.13,5.25,34763,0
CNBS.US,D,20240415,000000,5.26,5.26,5.05,5.13,33397,0
CNBS.US,D,20240416,000000,5.15,5.1983,5.021,5.13,7765,0
CNBS.US,D,20240417,000000,5.2,5.3401,5.11,5.31,53022,0
CNBS.US,D,20240418,000000,5.34,5.35,5.1823,5.2,9607,0
CNBS.US,D,20240419,000000,5.16,5.2315,5.06,5.06,4996,0
CNBS.US,D,20240422,000000,5.07,5.07,4.91,5.0131,14909,0
CNBS.US,D,20240423,000000,5.07,5.21,5.04,5.12,43855,0
CNBS.US,D,20240424,000000,5.17,5.2099,5.06,5.18,8194,0
CNBS.US,D,20240425,000000,5.14,5.14,4.95,4.9944,15952,0
CNBS.US,D,20240426,000000,4.98,5.14,4.98,5.08,37932,0
CNBS.US,D,20240429,000000,5.08,5.17,4.994,5.13,32746,0
CNBS.US,D,20240430,000000,5.18,6.45,5.12,6.435,237712,0
CNBS.US,D,20240501,000000,6.48,6.48,5.55,5.61,204112,0
CNBS.US,D,20240502,000000,5.66,5.8191,5.565,5.67,21199,0
CNBS.US,D,20240503,000000,5.77,5.77,5.59,5.64,24859,0
CNBS.US,D,20240506,000000,5.7,5.81,5.55,5.55,27957,0
CNBS.US,D,20240507,000000,5.68,5.68,5.28,5.33,64298,0
CNBS.US,D,20240508,000000,5.28,5.39,5.2619,5.34,17565,0
CNBS.US,D,20240509,000000,5.38,5.53,5.38,5.52,7124,0
CNBS.US,D,20240510,000000,5.55,5.55,5.35,5.44,18546,0
CNBS.US,D,20240513,000000,5.48,5.568,5.39,5.52,33958,0
CNBS.US,D,20240514,000000,5.63,5.69,5.56,5.68,19761,0
CNBS.US,D,20240515,000000,5.75,5.75,5.5601,5.65,23369,0
CNBS.US,D,20240516,000000,5.55,6.08,5.55,5.79,193461,0
CNBS.US,D,20240517,000000,5.82,6,5.6,5.6,202210,0
CNBS.US,D,20240520,000000,5.7,5.7,5.37,5.37,58947,0
CNBS.US,D,20240521,000000,5.4,5.413,5.28,5.35,44554,0
CNBS.US,D,20240522,000000,5.37,5.38,5.25,5.25,32562,0
CNBS.US,D,20240523,000000,5.25,5.25,4.91,4.91,49995,0
CNBS.US,D,20240524,000000,4.93,5.08,4.92,4.96,60653,0
CNBS.US,D,20240528,000000,4.94,4.94,4.8,4.83,32463,0
CNBS.US,D,20240529,000000,4.87,4.87,4.75,4.75,31792,0
CNBS.US,D,20240530,000000,4.76,4.8884,4.7501,4.8,10342,0
CNBS.US,D,20240531,000000,4.8,4.87,4.775,4.84,26824,0
CNBS.US,D,20240603,000000,4.82,4.85,4.6933,4.75,13844,0
CNBS.US,D,20240604,000000,4.8,4.8,4.66,4.75,72712,0
CNBS.US,D,20240605,000000,4.76,4.805,4.7,4.73,20780,0
CNBS.US,D,20240606,000000,4.7,4.73,4.67,4.6719,47666,0
CNBS.US,D,20240607,000000,4.63,4.6988,4.63,4.68,67031,0
CNBS.US,D,20240610,000000,4.64,4.79,4.64,4.7544,13517,0
CNBS.US,D,20240611,000000,4.68,4.7142,4.635,4.67,8552,0
CNBS.US,D,20240612,000000,4.68,4.77,4.68,4.71,21703,0
CNBS.US,D,20240613,000000,4.6501,4.66,4.52,4.5251,114373,0
CNBS.US,D,20240614,000000,4.5,4.55,4.38,4.38,40762,0
CNBS.US,D,20240617,000000,4.36,4.4748,4.34,4.46,35576,0
CNBS.US,D,20240618,000000,4.45,4.53,4.45,4.46,26716,0
CNBS.US,D,20240620,000000,4.46,4.5,4.44,4.47,25011,0
CNBS.US,D,20240621,000000,4.46,4.4999,4.41,4.4903,10668,0
CNBS.US,D,20240624,000000,4.49,4.6412,4.49,4.64,10989,0
CNBS.US,D,20240625,000000,4.71,4.71,4.52,4.52,13865,0
CNBS.US,D,20240626,000000,4.48,4.7074,4.48,4.65,12398,0
CNBS.US,D,20240627,000000,4.63,4.835,4.63,4.81,48675,0
CNBS.US,D,20240628,000000,4.85,4.85,4.45,4.47,80837,0
CNBS.US,D,20240701,000000,4.54,4.6109,4.43,4.5,113441,0
CNBS.US,D,20240702,000000,4.47,4.5091,4.3606,4.37,31609,0
CNBS.US,D,20240703,000000,4.35,4.56,4.35,4.53,22270,0
CNBS.US,D,20240705,000000,4.52,4.52,4.41,4.47,20306,0
CNBS.US,D,20240708,000000,4.44,4.53,4.43,4.46,138076,0
CNBS.US,D,20240709,000000,4.44,4.51,4.35,4.37,47555,0
CNBS.US,D,20240710,000000,4.44,4.45,4.4,4.4,21261,0
CNBS.US,D,20240711,000000,4.42,4.64,4.42,4.64,11074,0
CNBS.US,D,20240712,000000,4.64,4.72,4.64,4.66,10652,0
CNBS.US,D,20240715,000000,4.63,4.79,4.58,4.69,22348,0
CNBS.US,D,20240716,000000,4.69,4.8799,4.69,4.8,39673,0
CNBS.US,D,20240717,000000,4.74,4.94,4.74,4.8,10845,0
CNBS.US,D,20240718,000000,4.8,4.94,4.74,4.74,17884,0
CNBS.US,D,20240719,000000,4.719,4.73,4.63,4.63,14502,0
CNBS.US,D,20240722,000000,4.63,4.87,4.63,4.87,11171,0
CNBS.US,D,20240723,000000,4.84,5,4.84,4.89,21334,0
CNBS.US,D,20240724,000000,4.85,4.89,4.68,4.71,15358,0
CNBS.US,D,20240725,000000,4.69,4.735,4.6,4.62,11282,0
CNBS.US,D,20240726,000000,4.64,4.75,4.62,4.7,15213,0
CNBS.US,D,20240729,000000,4.68,4.78,4.66,4.66,25253,0
CNBS.US,D,20240730,000000,4.76,4.82,4.66,4.73,31757,0
CNBS.US,D,20240731,000000,4.75,4.831,4.73,4.73,29138,0
CNBS.US,D,20240801,000000,4.7,4.745,4.62,4.62,12574,0
CNBS.US,D,20240802,000000,4.57,4.57,4.36,4.38,41218,0
CNBS.US,D,20240805,000000,4.1,4.1999,4.05,4.0881,52000,0
CNBS.US,D,20240806,000000,4.1,4.42,4.1,4.37,15333,0
CNBS.US,D,20240807,000000,4.44,4.44,4.18,4.18,8100,0
CNBS.US,D,20240808,000000,4.25,4.53,4.2,4.47,30263,0
CNBS.US,D,20240809,000000,4.46,4.47,4.3601,4.37,7593,0
CNBS.US,D,20240812,000000,4.4,4.4,4.32,4.33,23461,0
CNBS.US,D,20240813,000000,4.38,4.46,4.37,4.43,5780,0
CNBS.US,D,20240814,000000,4.44,4.64,4.42,4.57,8917,0
CNBS.US,D,20240815,000000,4.65,4.65,4.59,4.6,8097,0
CNBS.US,D,20240816,000000,4.59,4.73,4.5806,4.73,12848,0
CNBS.US,D,20240819,000000,4.72,4.8074,4.6415,4.69,19895,0
CNBS.US,D,20240820,000000,4.68,4.68,4.5,4.5,3894,0
CNBS.US,D,20240821,000000,4.49,4.6,4.49,4.55,10682,0
CNBS.US,D,20240822,000000,4.56,4.59,4.4501,4.4899,30347,0
CNBS.US,D,20240823,000000,4.55,4.585,4.529,4.53,3267,0
CNBS.US,D,20240826,000000,4.54,4.5879,4.49,4.49,13443,0
CNBS.US,D,20240827,000000,4.36,4.415,4.03,4.03,77113,0
CNBS.US,D,20240828,000000,4.1,4.13,4.04,4.04,29291,0
CNBS.US,D,20240829,000000,4.1,4.11,4.01,4.09,20966,0
CNBS.US,D,20240830,000000,4.11,4.17,4.09,4.1,35300,0
CNBS.US,D,20240903,000000,4.23,4.26,4.09,4.15,43328,0
CNBS.US,D,20240904,000000,4.16,4.2927,4.135,4.16,78864,0
CNBS.US,D,20240905,000000,4.16,4.2621,4.16,4.19,4361,0
CNBS.US,D,20240906,000000,4.2141,4.2141,4.08,4.08,15738,0
CNBS.US,D,20240909,000000,4.17,4.45,4.17,4.45,56025,0
CNBS.US,D,20240910,000000,4.4,4.4,4.33,4.3418,16296,0
CNBS.US,D,20240911,000000,4.32,4.33,4.27,4.3,16042,0
CNBS.US,D,20240912,000000,4.31,4.3699,4.28,4.28,34887,0
CNBS.US,D,20240913,000000,4.33,4.37,4.3101,4.33,6119,0
CNBS.US,D,20240916,000000,4.32,4.47,4.32,4.43,21509,0
CNBS.US,D,20240917,000000,4.48,4.5,4.41,4.41,11767,0
CNBS.US,D,20240918,000000,4.4,4.47,4.4,4.4,8851,0
CNBS.US,D,20240919,000000,4.5,4.5,4.37,4.37,6235,0
CNBS.US,D,20240920,000000,4.36,4.3999,4.3,4.307,7622,0
CNBS.US,D,20240923,000000,4.3,4.435,4.3,4.39,19665,0
CNBS.US,D,20240924,000000,4.39,4.57,4.38,4.46,45554,0
CNBS.US,D,20240925,000000,4.46,4.49,4.37,4.375,12099,0
CNBS.US,D,20240926,000000,4.41,4.49,4.39,4.45,26595,0
CNBS.US,D,20240927,000000,4.44,4.5399,4.42,4.45,14585,0
CNBS.US,D,20240930,000000,4.47,4.5692,4.425,4.49,17543,0
CNBS.US,D,20241001,000000,4.44,4.45,4.3801,4.3801,8968,0
CNBS.US,D,20241002,000000,4.35,4.43,4.35,4.37,4404,0
CNBS.US,D,20241003,000000,4.38,4.47,4.37,4.4543,27474,0
CNBS.US,D,20241004,000000,4.46,4.5,4.4119,4.4282,7406,0
CNBS.US,D,20241007,000000,4.4,4.44,4.37,4.37,21379,0
CNBS.US,D,20241008,000000,4.35,4.3882,4.35,4.38,6878,0
CNBS.US,D,20241009,000000,4.34,4.37,4.31,4.3209,4838,0
CNBS.US,D,20241010,000000,4.3112,4.325,4.282,4.2906,8623,0
CNBS.US,D,20241011,000000,4.28,4.33,4.28,4.31,29440,0
CNBS.US,D,20241014,000000,4.31,4.41,4.31,4.39,32043,0
CNBS.US,D,20241015,000000,4.39,4.43,4.34,4.34,30653,0
CNBS.US,D,20241016,000000,4.39,4.42,4.37,4.39,19413,0
CNBS.US,D,20241017,000000,4.4,4.45,4.39,4.43,36109,0
CNBS.US,D,20241018,000000,4.44,4.49,4.4201,4.4677,9458,0
CNBS.US,D,20241021,000000,4.43,4.49,4.4,4.4,15607,0
CNBS.US,D,20241022,000000,4.37,4.7899,4.37,4.7661,83545,0
CNBS.US,D,20241023,000000,4.75,4.8278,4.64,4.72,14073,0
CNBS.US,D,20241024,000000,4.71,4.7308,4.6,4.6002,11264,0
CNBS.US,D,20241025,000000,4.59,4.6799,4.59,4.62,18236,0
CNBS.US,D,20241028,000000,4.62,4.7093,4.57,4.595,18629,0
CNBS.US,D,20241029,000000,4.61,4.61,4.405,4.405,14043,0
CNBS.US,D,20241030,000000,4.39,4.415,4.31,4.33,7771,0
CNBS.US,D,20241031,000000,4.31,4.3299,4.23,4.256,14025,0
CNBS.US,D,20241101,000000,4.3,4.39,4.2913,4.37,21474,0
CNBS.US,D,20241104,000000,4.43,4.5641,4.43,4.495,32262,0
CNBS.US,D,20241105,000000,4.53,4.53,4.4,4.432,37772,0
CNBS.US,D,20241106,000000,4.09,4.15,3.4,3.485,287410,0
CNBS.US,D,20241107,000000,3.5,3.61,3.5,3.57,103676,0
CNBS.US,D,20241108,000000,3.6,3.6,3.37,3.38,80391,0
CNBS.US,D,20241111,000000,3.4196,3.4196,3.01,3.035,112548,0
CNBS.US,D,20241112,000000,3.04,3.35,3.02,3.29,53012,0
CNBS.US,D,20241113,000000,3.3699,3.55,3.16,3.47,39661,0
CNBS.US,D,20241114,000000,3.46,3.5,3.396,3.407,28570,0
CNBS.US,D,20241115,000000,3.39,3.45,3.32,3.395,39182,0
CNBS.US,D,20241118,000000,3.3613,3.47,3.35,3.3653,24889,0
CNBS.US,D,20241119,000000,3.36,3.36,3.3,3.31,12957,0
CNBS.US,D,20241120,000000,3.3145,3.38,3.29,3.34,54566,0
CNBS.US,D,20241121,000000,3.37,3.38,3.2,3.2763,27420,0
CNBS.US,D,20241122,000000,3.3,3.3092,3.23,3.2699,35690,0
CNBS.US,D,20241125,000000,3.3011,3.36,3.27,3.32,44305,0
CNBS.US,D,20241126,000000,3.3074,3.38,3.26,3.3127,119558,0
CNBS.US,D,20241127,000000,3.2904,3.369,3.2904,3.36,45144,0
CNBS.US,D,20241129,000000,3.32,3.3491,3.27,3.27,7055,0
CNBS.US,D,20241202,000000,3.26,3.34,3.25,3.29,64827,0
CNBS.US,D,20241203,000000,3.3,3.34,3.22,3.22,17085,0
CNBS.US,D,20241204,000000,3.22,3.25,3.12,3.13,37519,0
CNBS.US,D,20241205,000000,3.12,3.23,3.12,3.1588,30645,0
CNBS.US,D,20241206,000000,3.16,3.19,3.1343,3.1343,15486,0
CNBS.US,D,20241209,000000,3.165,3.21,3.12,3.1415,21574,0
CNBS.US,D,20241210,000000,3.16,3.2,3.1,3.11,33564,0
CNBS.US,D,20241211,000000,3.1,3.1,2.99,3.01,68674,0
CNBS.US,D,20241212,000000,2.99,2.99,2.9,2.91,64213,0
CNBS.US,D,20241213,000000,2.9,2.92,2.85,2.9075,44584,0
CNBS.US,D,20241216,000000,2.8765,2.9,2.77,2.8,104288,0
CNBS.US,D,20241217,000000,2.79,2.91,2.75,2.9,75185,0
CNBS.US,D,20241218,000000,2.92,3.02,2.8502,2.87,52091,0
CNBS.US,D,20241219,000000,2.9141,2.9141,2.815,2.8251,30074,0
CNBS.US,D,20241220,000000,2.76,2.91,2.76,2.85,367993,0
CNBS.US,D,20241223,000000,2.88,2.95,2.82,2.85,89399,0
CNBS.US,D,20241224,000000,2.885,2.89,2.84,2.8879,23078,0
CNBS.US,D,20241226,000000,2.87,2.89,2.84,2.86,39362,0
CNBS.US,D,20241227,000000,2.86,2.86,2.79,2.79,96227,0
CNBS.US,D,20241230,000000,1.98,2.02,1.845,1.875,182010,0
CNBS.US,D,20241231,000000,1.91,2.06,1.89,2.05,516262,0
CNBS.US,D,20250102,000000,2.06,2.21,2.06,2.17,289584,0
CNBS.US,D,20250103,000000,2.2,2.22,2.12,2.17,48394,0
CNBS.US,D,20250106,000000,2.21,2.21,2.11,2.13,30729,0
CNBS.US,D,20250107,000000,2.13,2.18,2.1,2.105,26131,0
CNBS.US,D,20250108,000000,2.1,2.1,1.95,1.95,29869,0
CNBS.US,D,20250110,000000,2.02,2.02,1.87,1.88,164600,0
CNBS.US,D,20250113,000000,1.8896,1.8896,1.77,1.87,250152,0
CNBS.US,D,20250114,000000,1.83,1.86,1.79,1.79,35942,0
CNBS.US,D,20250115,000000,1.8225,1.847384,1.79,1.8,29845,0
CNBS.US,D,20250116,000000,1.7908,1.8,1.79,1.79,39923,0
CNBS.US,D,20250117,000000,1.84,1.845,1.82,1.84,30609,0
CNBS.US,D,20250121,000000,1.865,1.878,1.84,1.85,39633,0
CNBS.US,D,20250122,000000,1.84,1.84,1.78,1.78,47072,0
CNBS.US,D,20250123,000000,1.81,1.81,1.765,1.78,140057,0
CNBS.US,D,20250124,000000,1.75,1.81,1.75,1.8,163632,0
CNBS.US,D,20250127,000000,1.8069,1.81,1.7645,1.765,32763645,0
CNBS.US,D,20250128,000000,1.7602,1.78,1.75,1.7649,83957,0
CNBS.US,D,20250129,000000,1.75,1.7999,1.73,1.76,97003,0
CNBS.US,D,20250130,000000,1.78,1.84,1.76,1.82,57289,0
CNBS.US,D,20250131,000000,1.815,1.82,1.75,1.7697,48122,0
CNBS.US,D,20250203,000000,1.77,1.77,1.7169,1.75,74563,0
CNBS.US,D,20250204,000000,1.78,1.85,1.75,1.85,54982,0
CNBS.US,D,20250205,000000,1.86,1.96,1.84,1.93,120052,0
CNBS.US,D,20250206,000000,1.9253,1.96,1.89,1.9,101010,0
CNBS.US,D,20250207,000000,1.9,1.9225,1.85,1.8501,57158,0
CNBS.US,D,20250210,000000,1.8697,1.88,1.8,1.8478,30029,0
CNBS.US,D,20250211,000000,1.845,1.8586,1.785,1.82,55022,0
CNBS.US,D,20250212,000000,1.78,1.8375,1.767,1.79,116736,0
CNBS.US,D,20250213,000000,1.79,1.8796,1.79,1.8665,42478,0
CNBS.US,D,20250214,000000,1.87,1.89,1.8001,1.82,19852,0
CNBS.US,D,20250218,000000,1.81,1.81,1.74,1.74,122280,0
CNBS.US,D,20250219,000000,1.73,1.75,1.67,1.73,100790,0
