<TICKER>,<PER>,<DATE>,<TIME>,<OPEN>,<HIGH>,<LOW>,<CLOSE>,<VOL>,<OPENINT>
DWCR.US,D,20210811,000000,35.6633,35.7021,35.6184,35.7021,967.4797172528,0
DWCR.US,D,20210816,000000,35.467,35.6563,35.467,35.6563,220.794126344,0
DWCR.US,D,20210823,000000,34.9807,34.9807,34.9807,34.9807,155.559498106,0
DWCR.US,D,20210824,000000,35.3833,35.4849,35.3833,35.4849,274.9890482648,0
DWCR.US,D,20210827,000000,35.4331,35.4331,35.4331,35.4331,102.3681858504,0
DWCR.US,D,20210831,000000,36.3259,36.3348,36.2771,36.3348,2435.7606574404,0
DWCR.US,D,20210902,000000,36.5869,36.5869,36.581,36.581,271.9782192692,0
DWCR.US,D,20210907,000000,36.6507,36.6507,36.6507,36.6507,627.25604075,0
DWCR.US,D,20210915,000000,36.1296,36.1296,36.1296,36.1296,1032.7143454908,0
DWCR.US,D,20210917,000000,36.0509,36.0509,36.0509,36.0509,109.3934535068,0
DWCR.US,D,20210920,000000,34.7326,34.7326,34.7326,34.7326,755.7180778956,0
DWCR.US,D,20210927,000000,35.6573,35.6573,35.6085,35.6174,5775.773623226,0
DWCR.US,D,20210928,000000,34.9877,34.9877,34.9877,34.9877,444.5990816836,0
DWCR.US,D,20210929,000000,34.1617,34.1617,34.0112,34.0112,217.7832973484,0
DWCR.US,D,20210930,000000,34.4865,34.4865,34.4467,34.4467,752.7072489,0
DWCR.US,D,20211007,000000,34.5054,34.5254,34.4008,34.4008,6223.3835339052,0
DWCR.US,D,20211008,000000,33.7581,33.9803,33.7581,33.9803,224.8085650048,0
DWCR.US,D,20211011,000000,34.0899,34.1099,33.8757,33.8757,1354.87304802,0
DWCR.US,D,20211018,000000,35.1352,35.1352,35.0973,35.0973,360.2958698068,0
DWCR.US,D,20211019,000000,35.6473,35.6473,35.5706,35.5706,694.4978883184,0
DWCR.US,D,20211020,000000,35.6961,35.8048,35.6961,35.749,643.3137953932,0
DWCR.US,D,20211022,000000,35.9333,35.9333,35.7759,35.8964,896.2234310236,0
DWCR.US,D,20211025,000000,35.7669,35.9233,35.7669,35.8785,581.0899961508,0
DWCR.US,D,20211026,000000,36.1266,36.1595,36.0668,36.0668,296.064851234,0
DWCR.US,D,20211028,000000,36.4544,36.6118,36.4544,36.5521,666.3968176928,0
DWCR.US,D,20211029,000000,35.8048,36.0509,35.7948,35.9313,1724.2014048136,0
DWCR.US,D,20211101,000000,36.2482,36.4444,36.2482,36.3209,950.4183529444,0
DWCR.US,D,20211102,000000,36.4843,36.4843,36.4126,36.4126,232.8374423264,0
DWCR.US,D,20211104,000000,36.6019,36.6896,36.5232,36.6896,2675.6233674232,0
DWCR.US,D,20211105,000000,36.7454,36.7454,36.7254,36.7254,154.5558884408,0
DWCR.US,D,20211109,000000,37.0453,37.0453,37.0443,37.0443,131.4728661412,0
DWCR.US,D,20211111,000000,36.9666,36.9666,36.8141,36.8141,241.8699293132,0
DWCR.US,D,20211115,000000,37.0453,37.0503,37.0453,37.0463,1052.7865387948,0
DWCR.US,D,20211116,000000,37.0453,37.1429,37.0303,37.0303,3376.1429137328,0
DWCR.US,D,20211117,000000,36.9765,36.9765,36.9765,36.9765,666.3968176928,0
DWCR.US,D,20211122,000000,36.573,36.6716,36.3607,36.3607,334.2020185116,0
DWCR.US,D,20211123,000000,36.1296,36.1296,36.1296,36.1296,436.570204362,0
DWCR.US,D,20211126,000000,35.0664,35.0664,34.9718,34.9718,263.9493419476,0
DWCR.US,D,20211129,000000,35.4311,35.5885,35.4311,35.452,395.4222080888,0
DWCR.US,D,20211130,000000,35.5786,35.5786,35.5786,35.5786,490.7651262828,0
DWCR.US,D,20211202,000000,35.5198,35.5198,35.458,35.458,336.209237842,0
DWCR.US,D,20211206,000000,35.0176,35.18,35.0176,35.18,2858.2803264896,0
DWCR.US,D,20211208,000000,36.0708,36.1595,36.0708,36.1595,1785.4215943908,0
DWCR.US,D,20211215,000000,35.1531,35.734,35.1451,35.734,2926.5257837232,0
DWCR.US,D,20211216,000000,35.6673,35.751,35.6673,35.751,3273.7747278824,0
DWCR.US,D,20211222,000000,35.8934,36.1376,35.8735,36.1376,3691.2763486056,0
DWCR.US,D,20211223,000000,36.3289,36.5182,36.3289,36.4196,1252.5048621696,0
DWCR.US,D,20211227,000000,36.4086,36.5753,36.4086,36.5753,499.7976132696,0
DWCR.US,D,20211228,000000,36.9465,36.9465,36.8218,36.8218,205.739981366,0
DWCR.US,D,20220104,000000,37.1251,37.2555,37.1251,37.1468,1135.0825313412,0
DWCR.US,D,20220105,000000,37.1698,37.1698,36.7213,36.7213,364.3103084676,0
DWCR.US,D,20220106,000000,36.568,36.568,36.331,36.331,7432.7331804712,0
DWCR.US,D,20220110,000000,35.9004,35.9004,35.2527,35.7211,711.5592526268,0
DWCR.US,D,20220113,000000,36.7175,36.7175,36.333,36.333,323.1623121944,0
DWCR.US,D,20220118,000000,35.7908,35.7908,35.7908,35.7908,254.9168549608,0
DWCR.US,D,20220119,000000,35.5118,35.5716,35.452,35.452,1129.06087335,0
DWCR.US,D,20220121,000000,34.8293,34.8293,34.1136,34.1136,440.5846430228,0
DWCR.US,D,20220124,000000,33.2799,33.5893,32.7119,33.5893,1447.2051372184,0
DWCR.US,D,20220125,000000,33.2001,33.2001,33.2001,33.2001,230.830222996,0
DWCR.US,D,20220126,000000,33.7979,33.7979,33.2263,33.2263,113.4078921676,0
DWCR.US,D,20220127,000000,33.0319,33.0805,32.6448,32.6448,315.1334348728,0
DWCR.US,D,20220131,000000,33.4324,33.6725,33.4324,33.6725,193.6966653836,0
DWCR.US,D,20220203,000000,33.6984,33.6984,33.6504,33.6504,4964.8570137444,0
DWCR.US,D,20220207,000000,33.4293,33.4293,33.4293,33.4293,1651.9415089192,0
DWCR.US,D,20220209,000000,34.0272,34.1667,34.0272,34.1368,3343.0237947812,0
DWCR.US,D,20220210,000000,33.7681,33.7681,33.7681,33.7681,398.4330370844,0
DWCR.US,D,20220216,000000,33.4293,33.5499,33.4293,33.529,6222.37992424,0
DWCR.US,D,20220222,000000,32.7119,32.7119,32.7119,32.7119,146.5270111192,0
DWCR.US,D,20220224,000000,30.5995,31.7011,30.5995,31.7011,220.794126344,0
DWCR.US,D,20220225,000000,32.2137,32.2137,32.2137,32.2137,407.4655240712,0
DWCR.US,D,20220228,000000,32.0543,32.1988,31.7255,31.8152,5126.4381698416,0
DWCR.US,D,20220302,000000,31.8733,31.9995,31.6757,31.9995,422.5196690492,0
DWCR.US,D,20220303,000000,31.5462,31.5462,31.4107,31.4107,203.7327620356,0
DWCR.US,D,20220304,000000,30.6992,30.6992,30.6992,30.6992,404.4546950756,0
DWCR.US,D,20220308,000000,29.6928,29.6928,29.6858,29.6858,147.5306207844,0
DWCR.US,D,20220309,000000,30.4899,30.4899,30.4899,30.4899,683.4581820012,0
DWCR.US,D,20220311,000000,30.3206,30.3368,30.3106,30.3368,1671.010092558,0
DWCR.US,D,20220314,000000,30.8088,30.8088,30.8088,30.8088,370.3319664588,0
DWCR.US,D,20220315,000000,30.3604,30.5298,30.3604,30.5099,3213.5581479704,0
DWCR.US,D,20220316,000000,31.8201,31.855,31.6358,31.855,3627.0453300328,0
DWCR.US,D,20220317,000000,32.2635,32.2635,32.2635,32.2635,1606.7790739852,0
DWCR.US,D,20220321,000000,32.702,32.7858,32.4852,32.7858,3227.6086832832,0
DWCR.US,D,20220322,000000,32.8713,33.1666,32.8315,33.1666,1611.7971223112,0
DWCR.US,D,20220325,000000,32.8514,32.8514,32.8514,32.8514,1549.5733230688,0
DWCR.US,D,20220331,000000,33.3994,33.3994,33.3994,33.3994,407.4655240712,0
DWCR.US,D,20220405,000000,33.3297,33.3297,33.147,33.147,923.320891984,0
DWCR.US,D,20220406,000000,32.6023,32.6023,32.5425,32.5425,907.2631373408,0
DWCR.US,D,20220413,000000,32.7617,32.7998,32.7617,32.7998,337.2128475072,0
DWCR.US,D,20220420,000000,32.6854,32.6854,32.6854,32.6854,1.0036096652,0
DWCR.US,D,20220421,000000,32.7817,32.7817,32.3931,32.423,205.739981366,0
DWCR.US,D,20220422,000000,31.6059,31.6059,30.1811,30.1811,1708.1436501704,0
DWCR.US,D,20220425,000000,31.0579,31.7653,31.0579,31.7653,205.739981366,0
DWCR.US,D,20220426,000000,31.0579,31.0579,31.0579,31.0579,11.0397063172,0
DWCR.US,D,20220427,000000,31.1669,31.1669,31.1669,31.1669,4.0144386608,0
DWCR.US,D,20220428,000000,31.6004,31.6004,31.6004,31.6004,4.0144386608,0
DWCR.US,D,20220429,000000,31.023,31.023,30.8686,30.8686,307.1045575512,0
DWCR.US,D,20220502,000000,30.4501,30.4501,30.4501,30.4501,2.0072193304,0
DWCR.US,D,20220503,000000,32.1739,32.1739,32.1739,32.1739,2.0072193304,0
DWCR.US,D,20220504,000000,29.9419,29.9419,29.9419,29.9419,2.0072193304,0
DWCR.US,D,20220505,000000,30.8387,30.8387,30.8387,30.8387,4.0144386608,0
DWCR.US,D,20220506,000000,30.111,30.111,30.111,30.111,1.0036096652,0
DWCR.US,D,20220509,000000,28.8658,28.8658,28.8658,28.8658,6.0216579912,0
DWCR.US,D,20220510,000000,29.3142,29.3142,29.3142,29.3142,6.0216579912,0
DWCR.US,D,20220511,000000,29.1113,29.1113,29.1113,29.1113,1.0036096652,0
DWCR.US,D,20220512,000000,28.9086,28.9086,28.6665,28.6665,211.7616393572,0
DWCR.US,D,20220513,000000,31.0778,31.0778,31.0778,31.0778,2.0072193304,0
DWCR.US,D,20220516,000000,29.4537,29.7622,29.4537,29.7622,1613.8043416416,0
DWCR.US,D,20220517,000000,30.0914,30.5298,30.0914,30.5298,1607.7826836504,0
DWCR.US,D,20220518,000000,29.662,29.662,29.662,29.662,1.0036096652,0
DWCR.US,D,20220519,000000,30.1312,30.1312,30.1312,30.1312,2.0072193304,0
DWCR.US,D,20220520,000000,30.0966,30.0966,30.0966,30.0966,2.0072193304,0
DWCR.US,D,20220523,000000,30.5127,30.5127,30.5127,30.5127,1.0036096652,0
DWCR.US,D,20220524,000000,30.1213,30.1213,30.1213,30.1213,2.0072193304,0
DWCR.US,D,20220525,000000,30.1614,30.1614,30.1614,30.1614,10.036096652,0
DWCR.US,D,20220526,000000,30.522,30.522,30.522,30.522,1.0036096652,0
DWCR.US,D,20220527,000000,31.2572,31.2572,31.2572,31.2572,5.018048326,0
DWCR.US,D,20220531,000000,31.0489,31.2871,31.038,31.2871,3213.5581479704,0
DWCR.US,D,20220601,000000,30.6793,30.6793,30.6793,30.6793,3.0108289956,0
DWCR.US,D,20220602,000000,31.3468,31.3468,31.3468,31.3468,3.0108289956,0
DWCR.US,D,20220603,000000,30.8408,30.8408,30.8408,30.8408,2.0072193304,0
DWCR.US,D,20220606,000000,30.8486,30.8486,30.787,30.787,1606.7790739852,0
DWCR.US,D,20220607,000000,30.8663,30.8663,30.8663,30.8663,1.0036096652,0
DWCR.US,D,20220608,000000,30.7257,30.7257,30.7257,30.7257,1.0036096652,0
DWCR.US,D,20220609,000000,30.0073,30.0073,30.0073,30.0073,1.0036096652,0
DWCR.US,D,20220610,000000,29.3347,29.3347,29.3347,29.3347,1.0036096652,0
DWCR.US,D,20220613,000000,28.2281,28.2381,28.1484,28.1484,870.1295797284,0
DWCR.US,D,20220614,000000,28.4772,28.4772,28.4772,28.4772,5.018048326,0
DWCR.US,D,20220615,000000,27.3911,27.3911,27.3911,27.3911,3.0108289956,0
DWCR.US,D,20220616,000000,29.1049,29.1049,29.1049,29.1049,3.0108289956,0
DWCR.US,D,20220617,000000,27.431,27.431,27.431,27.431,8.0288773216,0
DWCR.US,D,20220621,000000,29.3142,29.3142,29.3142,29.3142,20.072193304,0
DWCR.US,D,20220622,000000,27.1321,27.1321,27.1321,27.1321,9.0324869868,0
DWCR.US,D,20220623,000000,26.9228,26.9228,26.9228,26.9228,7.0252676564,0
DWCR.US,D,20220624,000000,27.7614,27.7614,27.7614,27.7614,100.36096652,0
DWCR.US,D,20220627,000000,27.7762,27.7762,27.7762,27.7762,39.1407769428,0
DWCR.US,D,20220628,000000,27.5983,27.5983,27.5983,27.5983,2.0072193304,0
DWCR.US,D,20220629,000000,27.3115,27.3115,27.3115,27.3115,2.0072193304,0
DWCR.US,D,20220630,000000,26.9774,26.9774,26.9774,26.9774,1.0036096652,0
DWCR.US,D,20220701,000000,27.0524,27.0524,27.0524,27.0524,24.0866319648,0
DWCR.US,D,20220705,000000,26.5225,26.5225,26.5225,26.5225,3.0108289956,0
DWCR.US,D,20220706,000000,26.2929,26.2929,26.2929,26.2929,3.0108289956,0
DWCR.US,D,20220707,000000,26.8009,26.8009,26.8009,26.8009,1.0036096652,0
DWCR.US,D,20220708,000000,26.8353,26.8353,26.8353,26.8353,3.0108289956,0
DWCR.US,D,20220711,000000,26.5741,26.5741,26.5741,26.5741,6.0216579912,0
DWCR.US,D,20220712,000000,26.5193,26.5193,26.5193,26.5193,5.018048326,0
DWCR.US,D,20220713,000000,26.2552,26.2552,26.2552,26.2552,5.018048326,0
DWCR.US,D,20220714,000000,26.3947,26.3947,26.3947,26.3947,2.0072193304,0
DWCR.US,D,20220715,000000,26.5143,26.6706,26.4445,26.6706,1605.77546432,0
DWCR.US,D,20220718,000000,26.7506,26.7506,26.7506,26.7506,1.0036096652,0
DWCR.US,D,20220719,000000,27.2269,27.2269,27.2269,27.2269,4.0144386608,0
DWCR.US,D,20220720,000000,27.2213,27.2213,27.2213,27.2213,3.0108289956,0
DWCR.US,D,20220721,000000,27.4428,27.4428,27.4428,27.4428,1.0036096652,0
DWCR.US,D,20220722,000000,27.2521,27.2521,27.2521,27.2521,1.0036096652,0
DWCR.US,D,20220725,000000,27.3999,27.3999,27.3999,27.3999,1.0036096652,0
DWCR.US,D,20220726,000000,27.3214,27.3214,27.3214,27.3214,2.0072193304,0
DWCR.US,D,20220727,000000,27.9393,27.9393,27.9393,27.9393,11.0397063172,0
DWCR.US,D,20220728,000000,27.979,28.3991,27.979,28.3991,200.72193304,0
DWCR.US,D,20220729,000000,28.1882,28.1882,27.0723,27.0723,1607.7826836504,0
DWCR.US,D,20220801,000000,28.258,28.258,28.258,28.258,3.0108289956,0
DWCR.US,D,20220802,000000,27.7151,27.7151,27.7151,27.7151,1.0036096652,0
DWCR.US,D,20220803,000000,27.8893,28.0707,27.8893,28.0707,3211.55092864,0
DWCR.US,D,20220804,000000,28.2301,28.2301,28.2301,28.2301,16.0577546432,0
DWCR.US,D,20220805,000000,27.9093,27.9093,27.9093,27.9093,2.0072193304,0
DWCR.US,D,20220808,000000,28.1982,28.3205,28.1285,28.3205,3211.55092864,0
DWCR.US,D,20220809,000000,28.2427,28.2427,28.2427,28.2427,1.0036096652,0
DWCR.US,D,20220810,000000,28.9256,29.0789,28.9256,29.0789,1605.77546432,0
DWCR.US,D,20220811,000000,29.0252,29.1049,28.9555,28.9885,9635.6563955852,0
DWCR.US,D,20220812,000000,29.3661,29.3661,29.3661,29.3661,1.0036096652,0
DWCR.US,D,20220815,000000,28.816,28.9953,28.816,28.9555,3214.5617576356,0
DWCR.US,D,20220816,000000,29.1548,30.6892,29.1448,30.6892,6751.2822178004,0
DWCR.US,D,20220817,000000,28.7961,28.9852,28.7263,28.9527,4728.0051327572,0
DWCR.US,D,20220818,000000,29.1249,29.3939,29.075,29.3939,1608.7862933156,0
DWCR.US,D,20220819,000000,28.5171,28.5171,28.5171,28.5171,2.0072193304,0
DWCR.US,D,20220822,000000,28.5171,28.5171,28.5171,28.5171,3.0108289956,0
DWCR.US,D,20220823,000000,28.8834,28.8834,28.8834,28.8834,1.0036096652,0
DWCR.US,D,20220824,000000,28.9611,29.0304,28.9611,29.0304,302.0865092252,0
DWCR.US,D,20220825,000000,29.2847,29.2847,29.2847,29.2847,2.0072193304,0
DWCR.US,D,20220826,000000,28.576,28.576,28.576,28.576,1.0036096652,0
DWCR.US,D,20220829,000000,28.4236,28.4236,28.4236,28.4236,3.0108289956,0
DWCR.US,D,20220830,000000,28.2864,28.2864,28.2864,28.2864,1.0036096652,0
DWCR.US,D,20220831,000000,28.0145,28.0145,28.0145,28.0145,1.0036096652,0
DWCR.US,D,20220901,000000,28.0587,28.0587,28.0587,28.0587,2.0072193304,0
DWCR.US,D,20220902,000000,27.9436,27.9436,27.9436,27.9436,1.0036096652,0
DWCR.US,D,20220906,000000,27.601,27.601,27.601,27.601,2.0072193304,0
DWCR.US,D,20220907,000000,27.7644,27.7644,27.7644,27.7644,1.0036096652,0
DWCR.US,D,20220908,000000,27.9572,27.9572,27.9572,27.9572,1.0036096652,0
DWCR.US,D,20220909,000000,28.5299,28.5299,28.5299,28.5299,1.0036096652,0
DWCR.US,D,20220912,000000,28.6865,28.6865,28.6865,28.6865,3.0108289956,0
DWCR.US,D,20220914,000000,27.9989,27.9989,27.9989,27.9989,2.0072193304,0
DWCR.US,D,20220915,000000,27.7034,27.7034,27.7034,27.7034,6.0216579912,0
DWCR.US,D,20220916,000000,27.42,27.515,27.42,27.515,704,0
DWCR.US,D,20220922,000000,27.0475,27.0475,27.0475,27.0475,5,0
DWCR.US,D,20220923,000000,26.0933,26.0933,26.0933,26.0933,4,0
DWCR.US,D,20220926,000000,25.5786,25.5786,25.5786,25.5786,1,0
DWCR.US,D,20220927,000000,25.6354,25.6354,25.6354,25.6354,1,0
DWCR.US,D,20220928,000000,25.91,26.082,25.91,26.082,1666,0
DWCR.US,D,20220929,000000,25.29,25.5801,25.29,25.5801,810,0
DWCR.US,D,20220930,000000,25.2843,25.2843,25.2843,25.2843,1,0
DWCR.US,D,20221003,000000,25.71,25.9161,25.7,25.9161,802,0
DWCR.US,D,20221004,000000,26.7658,26.7658,26.7658,26.7658,1,0
DWCR.US,D,20221005,000000,26.398,26.398,26.398,26.398,1,0
DWCR.US,D,20221006,000000,26.4568,26.4568,26.4568,26.4568,1,0
DWCR.US,D,20221007,000000,25.9525,25.9525,25.9525,25.9525,1,0
DWCR.US,D,20221010,000000,25.9805,25.9805,25.9805,25.9805,1,0
DWCR.US,D,20221011,000000,25.8703,25.8703,25.8703,25.8703,1,0
DWCR.US,D,20221012,000000,25.7907,25.7907,25.7907,25.7907,1,0
DWCR.US,D,20221013,000000,26.3511,26.3511,26.3511,26.3511,1,0
DWCR.US,D,20221014,000000,26.33,26.33,25.9273,25.9273,301,0
DWCR.US,D,20221017,000000,26.6152,26.6152,26.6152,26.6152,1,0
DWCR.US,D,20221018,000000,26.8085,26.8085,26.8085,26.8085,1,0
DWCR.US,D,20221019,000000,26.4207,26.4207,26.4207,26.4207,1,0
DWCR.US,D,20221020,000000,26.5625,26.5625,26.5625,26.5625,1,0
DWCR.US,D,20221021,000000,27.0126,27.0126,27.0126,27.0126,112,0
DWCR.US,D,20221024,000000,27.2769,27.2769,27.2769,27.2769,1,0
DWCR.US,D,20221025,000000,27.421,27.421,27.421,27.421,1,0
DWCR.US,D,20221026,000000,27.5763,27.5763,27.5763,27.5763,1,0
DWCR.US,D,20221027,000000,27.4721,27.4721,27.4721,27.4721,11,0
DWCR.US,D,20221028,000000,27.5154,27.5154,27.5154,27.5154,2,0
DWCR.US,D,20221031,000000,27.4952,27.4952,27.4952,27.4952,6,0
DWCR.US,D,20221101,000000,27.6389,27.6389,27.6389,27.6389,6,0
DWCR.US,D,20221102,000000,27.1651,27.1651,27.1651,27.1651,6,0
DWCR.US,D,20221103,000000,27.0876,27.0876,27.0876,27.0876,6,0
DWCR.US,D,20221104,000000,28.0655,28.0655,28.0655,28.0655,6,0
DWCR.US,D,20221107,000000,28.2879,28.2879,28.2879,28.2879,6,0
DWCR.US,D,20221108,000000,28.3295,28.3295,28.3295,28.3295,6,0
DWCR.US,D,20221109,000000,27.6,28.22,27.6,27.778,815,0
DWCR.US,D,20221110,000000,28.9199,28.9199,28.9199,28.9199,6,0
DWCR.US,D,20221111,000000,29.0312,29.0312,29.0312,29.0312,6,0
DWCR.US,D,20221114,000000,28.6945,28.6945,28.6945,28.6945,4,0
DWCR.US,D,20221115,000000,28.844,28.844,28.844,28.844,4,0
DWCR.US,D,20221116,000000,28.6581,28.6581,28.6581,28.6581,4,0
DWCR.US,D,20221117,000000,28.3248,28.3248,28.3248,28.3248,4,0
DWCR.US,D,20221118,000000,28.4336,28.4336,28.4336,28.4336,4,0
DWCR.US,D,20221121,000000,28.4295,28.4295,28.4295,28.4295,25,0
DWCR.US,D,20221122,000000,29.0503,29.0503,29.0503,29.0503,20,0
DWCR.US,D,20221123,000000,29.2902,29.2902,29.2902,29.2902,20,0
DWCR.US,D,20221125,000000,29.26,29.3827,29.26,29.3827,1606,0
DWCR.US,D,20221128,000000,29.09,29.11,29.08,29.0818,1600,0
DWCR.US,D,20221129,000000,29.2889,29.2889,29.2889,29.2889,20,0
DWCR.US,D,20221130,000000,29.8648,29.8648,29.8648,29.8648,20,0
DWCR.US,D,20221201,000000,29.7428,29.7428,29.7428,29.7428,20,0
DWCR.US,D,20221202,000000,29.5511,29.5511,29.5511,29.5511,20,0
DWCR.US,D,20221205,000000,28.9913,28.9913,28.9913,28.9913,20,0
DWCR.US,D,20221206,000000,28.95,28.95,28.71,28.9071,4800,0
DWCR.US,D,20221207,000000,28.76,28.7863,28.69,28.7863,3202,0
DWCR.US,D,20221208,000000,28.9401,28.9401,28.9401,28.9401,4,0
DWCR.US,D,20221209,000000,28.8254,28.8254,28.8254,28.8254,10,0
DWCR.US,D,20221212,000000,29.1311,29.1311,29.1311,29.1311,20,0
DWCR.US,D,20221213,000000,29.3775,29.3775,29.3775,29.3775,10,0
DWCR.US,D,20221214,000000,29.16,29.19,28.95,29.1043,4800,0
DWCR.US,D,20221215,000000,28.55,28.6766,28.51,28.6766,4800,0
DWCR.US,D,20221216,000000,28.58,28.6813,28.54,28.6813,1612,0
DWCR.US,D,20221219,000000,28.89,28.915,28.89,28.915,412,0
DWCR.US,D,20221220,000000,28.85,29.0146,28.84,29.0146,9600,0
DWCR.US,D,20221221,000000,29.11,29.42,29.11,29.3911,5600,0
DWCR.US,D,20221222,000000,28.91,28.9726,28.875,28.9726,1600,0
DWCR.US,D,20221223,000000,27.97,28.0734,27.97,28.0734,412,0
DWCR.US,D,20221227,000000,27.04,27.9926,27.04,27.9926,100,0
DWCR.US,D,20221228,000000,27.5525,27.5525,27.5525,27.5525,202,0
DWCR.US,D,20221229,000000,28.0855,28.0855,28.0855,28.0855,37,0
DWCR.US,D,20221230,000000,27.9086,27.9086,27.9086,27.9086,149,0
DWCR.US,D,20230103,000000,28.03,28.04,27.873,27.873,7007,0
DWCR.US,D,20230104,000000,28.4572,28.4572,28.4572,28.4572,5,0
DWCR.US,D,20230105,000000,28.61,28.61,27.942,27.942,302,0
DWCR.US,D,20230106,000000,28.6231,28.6231,28.6231,28.6231,1,0
DWCR.US,D,20230109,000000,28.7574,28.7574,28.7574,28.7574,1,0
DWCR.US,D,20230110,000000,28.7178,28.7178,28.7178,28.7178,5,0
DWCR.US,D,20230111,000000,28.7241,28.7241,28.7241,28.7241,1,0
DWCR.US,D,20230112,000000,29.103,29.103,29.103,29.103,67,0
DWCR.US,D,20230113,000000,29.59,29.59,27.95,28.98,2350,0
DWCR.US,D,20230117,000000,28.91,28.9758,28.91,28.9758,150,0
DWCR.US,D,20230118,000000,29.1707,29.1707,29.1707,29.1707,1,0
DWCR.US,D,20230119,000000,29.2047,29.2047,29.2047,29.2047,42,0
DWCR.US,D,20230120,000000,29.69,29.69,29.3199,29.3199,600,0
DWCR.US,D,20230123,000000,29.32,29.3604,29.32,29.3604,242,0
DWCR.US,D,20230124,000000,29.2159,29.2159,29.2159,29.2159,3,0
DWCR.US,D,20230125,000000,29.2124,29.2124,29.2124,29.2124,3,0
DWCR.US,D,20230126,000000,29.22,29.339,29.22,29.339,750,0
DWCR.US,D,20230127,000000,29.163,29.163,29.163,29.163,3,0
DWCR.US,D,20230130,000000,28.9167,28.9167,28.9167,28.9167,3,0
DWCR.US,D,20230131,000000,28.984,28.984,28.984,28.984,3,0
DWCR.US,D,20230201,000000,29.1543,29.1543,29.1543,29.1543,3,0
DWCR.US,D,20230202,000000,28.8946,28.8946,28.8946,28.8946,3,0
DWCR.US,D,20230203,000000,28.7011,28.7011,28.7011,28.7011,60,0
DWCR.US,D,20230206,000000,28.3479,28.3479,28.3479,28.3479,80,0
DWCR.US,D,20230207,000000,28.3393,28.3393,28.3393,28.3393,3,0
DWCR.US,D,20230208,000000,28.545,28.545,28.545,28.545,1,0
DWCR.US,D,20230209,000000,28.154,28.154,28.154,28.154,2,0
DWCR.US,D,20230210,000000,28.038,28.038,28.038,28.038,4,0
DWCR.US,D,20230213,000000,28.12,28.3297,28.12,28.3297,300,0
DWCR.US,D,20230214,000000,28.12,28.4306,28.12,28.4306,40,0
DWCR.US,D,20230215,000000,28.5584,28.5584,28.5584,28.5584,3,0
DWCR.US,D,20230216,000000,28.419,28.419,28.419,28.419,3,0
DWCR.US,D,20230217,000000,28.4694,28.4694,28.4694,28.4694,3,0
DWCR.US,D,20230221,000000,28.2211,28.2211,28.2211,28.2211,2,0
DWCR.US,D,20230222,000000,28.0206,28.0206,28.0206,28.0206,21,0
DWCR.US,D,20230223,000000,28.2047,28.2047,28.2047,28.2047,3,0
DWCR.US,D,20230224,000000,27.8295,27.8295,27.8295,27.8295,3,0
DWCR.US,D,20230227,000000,28.0889,28.0889,28.0889,28.0889,10,0
DWCR.US,D,20230228,000000,27.9668,27.9668,27.9668,27.9668,89,0
DWCR.US,D,20230301,000000,28.12,28.2506,28.12,28.2506,3,0
DWCR.US,D,20230302,000000,28.075,28.1566,28.075,28.1566,110,0
DWCR.US,D,20230303,000000,28.4254,28.4254,28.4254,28.4254,35,0
DWCR.US,D,20230306,000000,28.4572,28.4572,28.4572,28.4572,6,0
DWCR.US,D,20230307,000000,27.9405,27.9405,27.9405,27.9405,1,0
DWCR.US,D,20230308,000000,28.0297,28.0297,28.0297,28.0297,1,0
DWCR.US,D,20230309,000000,27.8065,27.8065,27.8065,27.8065,1,0
DWCR.US,D,20230310,000000,27.483,27.483,27.483,27.483,1,0
DWCR.US,D,20230313,000000,28.075,28.075,27.4254,27.4254,1,0
DWCR.US,D,20230314,000000,27.4872,27.4872,27.4872,27.4872,1,0
DWCR.US,D,20230315,000000,26.7752,26.7752,26.7752,26.7752,1,0
DWCR.US,D,20230316,000000,26.7787,26.7787,26.7787,26.7787,8,0
DWCR.US,D,20230317,000000,26.585,26.585,26.585,26.585,3,0
DWCR.US,D,20230320,000000,26.6632,26.6632,26.6632,26.6632,26,0
DWCR.US,D,20230321,000000,26.9389,26.9389,26.9389,26.9389,7,0
DWCR.US,D,20230322,000000,27.0719,27.0719,27.0719,27.0719,2,0
DWCR.US,D,20230323,000000,27.1024,27.1024,27.1024,27.1024,7,0
DWCR.US,D,20230324,000000,26.8003,26.9886,26.8003,26.9886,111,0
DWCR.US,D,20230327,000000,27.14,27.14,27.14,27.14,10,0
DWCR.US,D,20230328,000000,27.2511,27.2511,27.2511,27.2511,4,0
DWCR.US,D,20230329,000000,27.5704,27.5704,27.5704,27.5704,4,0
DWCR.US,D,20230330,000000,27.803,27.803,27.803,27.803,4,0
DWCR.US,D,20230331,000000,27.7105,27.7105,27.7105,27.7105,4,0
DWCR.US,D,20230403,000000,27.9414,27.9414,27.9414,27.9414,4,0
DWCR.US,D,20230404,000000,28.0752,28.0752,28.0752,28.0752,4,0
DWCR.US,D,20230405,000000,27.7332,27.7332,27.7332,27.7332,4,0
DWCR.US,D,20230406,000000,27.8644,27.8644,27.8644,27.8644,5,0
DWCR.US,D,20230410,000000,27.9261,27.9261,27.9261,27.9261,1,0
DWCR.US,D,20230411,000000,28.05,28.05,28.05,28.05,4,0
DWCR.US,D,20230412,000000,28.1626,28.1626,28.1626,28.1626,1,0
DWCR.US,D,20230413,000000,28.5365,28.5365,28.5365,28.5365,1,0
DWCR.US,D,20230414,000000,28.5899,28.5899,28.4495,28.4495,722,0
DWCR.US,D,20230417,000000,28.385,28.385,28.385,28.385,2,0
DWCR.US,D,20230418,000000,28.4065,28.4065,28.4065,28.4065,2,0
DWCR.US,D,20230419,000000,28.4148,28.4148,28.4148,28.4148,2,0
DWCR.US,D,20230420,000000,28.3949,28.3949,28.3949,28.3949,1,0
DWCR.US,D,20230421,000000,28.4558,28.4558,28.4558,28.4558,2,0
DWCR.US,D,20230424,000000,28.5442,28.5442,28.5442,28.5442,2,0
DWCR.US,D,20230425,000000,28.3,28.3,27.9211,27.9211,2201,0
DWCR.US,D,20230426,000000,27.8321,27.8321,27.8321,27.8321,2,0
DWCR.US,D,20230427,000000,28.02,28.2204,28.02,28.2204,500,0
DWCR.US,D,20230428,000000,28.0866,28.0866,28.0866,28.0866,2,0
DWCR.US,D,20230501,000000,28.0816,28.0816,28.0816,28.0816,2,0
DWCR.US,D,20230502,000000,27.738,27.738,27.738,27.738,2,0
DWCR.US,D,20230503,000000,27.7914,27.7914,27.7914,27.7914,2,0
DWCR.US,D,20230504,000000,27.658,27.658,27.658,27.658,21,0
DWCR.US,D,20230505,000000,27.89,27.89,27.8362,27.8362,12700,0
DWCR.US,D,20230508,000000,27.973,27.973,27.973,27.973,17,0
DWCR.US,D,20230509,000000,27.94,27.9472,27.88,27.9472,451,0
DWCR.US,D,20230510,000000,28.24,28.24,27.9816,27.9816,171,0
DWCR.US,D,20230511,000000,28.0499,28.0499,28.0499,28.0499,5,0
DWCR.US,D,20230512,000000,27.8366,27.8366,27.8366,27.8366,5,0
DWCR.US,D,20230515,000000,27.76,27.76,27.76,27.76,5,0
DWCR.US,D,20230516,000000,27.7175,27.7175,27.5502,27.5502,218,0
DWCR.US,D,20230517,000000,27.5754,27.5754,27.5754,27.5754,1,0
DWCR.US,D,20230518,000000,27.4317,27.4317,27.4317,27.4317,1,0
DWCR.US,D,20230519,000000,27.5617,27.5617,27.5617,27.5617,2,0
DWCR.US,D,20230522,000000,27.5334,27.5334,27.5334,27.5334,1,0
DWCR.US,D,20230523,000000,27.1942,27.1942,27.1942,27.1942,1,0
DWCR.US,D,20230524,000000,26.9343,26.9343,26.9343,26.9343,1,0
DWCR.US,D,20230525,000000,26.865,26.8734,26.865,26.8734,106,0
DWCR.US,D,20230526,000000,27.2192,27.2192,27.2192,27.2192,9,0
DWCR.US,D,20230530,000000,27.1323,27.1323,27.1323,27.1323,2,0
DWCR.US,D,20230531,000000,26.7974,26.7974,26.7974,26.7974,1,0
DWCR.US,D,20230601,000000,27.2259,27.2259,27.2259,27.2259,10,0
DWCR.US,D,20230602,000000,27.5251,27.5251,27.5251,27.5251,17,0
DWCR.US,D,20230605,000000,27.3922,27.3922,27.3922,27.3922,10,0
DWCR.US,D,20230606,000000,27.4707,27.4707,27.4707,27.4707,44,0
DWCR.US,D,20230607,000000,27.0451,27.0451,27.0451,27.0451,10,0
DWCR.US,D,20230608,000000,27.612,27.612,27.612,27.612,10,0
DWCR.US,D,20230609,000000,27.6439,27.6439,27.6439,27.6439,10,0
DWCR.US,D,20230612,000000,27.34,27.34,27.34,27.34,260,0
DWCR.US,D,20230613,000000,27.8833,27.8833,27.8833,27.8833,1,0
DWCR.US,D,20230614,000000,27.9778,27.9778,27.9778,27.9778,21,0
DWCR.US,D,20230615,000000,28.33,28.33,28.3189,28.3189,219,0
DWCR.US,D,20230616,000000,28.1078,28.1078,28.1078,28.1078,4,0
DWCR.US,D,20230620,000000,27.7239,27.7239,27.7239,27.7239,2,0
DWCR.US,D,20230621,000000,27.7725,27.7725,27.7725,27.7725,1,0
DWCR.US,D,20230622,000000,27.4842,27.4842,27.4842,27.4842,11,0
DWCR.US,D,20230623,000000,27.074,27.074,27.074,27.074,1,0
DWCR.US,D,20230626,000000,27.0964,27.0964,27.0964,27.0964,6,0
DWCR.US,D,20230627,000000,27.2157,27.2157,27.2157,27.2157,2,0
DWCR.US,D,20230628,000000,27.1716,27.1716,27.1716,27.1716,66,0
DWCR.US,D,20230629,000000,27.3088,27.3088,27.3088,27.3088,1,0
DWCR.US,D,20230630,000000,27.6728,27.6728,27.6728,27.6728,2,0
DWCR.US,D,20230703,000000,27.7955,27.7955,27.7955,27.7955,4,0
DWCR.US,D,20230705,000000,27.3654,27.3654,27.3654,27.3654,1,0
DWCR.US,D,20230706,000000,26.888,26.888,26.888,26.888,1,0
DWCR.US,D,20230707,000000,27.138,27.138,27.138,27.138,1,0
DWCR.US,D,20230710,000000,27.2184,27.2184,27.2184,27.2184,2,0
DWCR.US,D,20230711,000000,27.4363,27.4363,27.4363,27.4363,1,0
DWCR.US,D,20230712,000000,28.0616,28.0616,28.0616,28.0616,19,0
DWCR.US,D,20230713,000000,28.5165,28.5165,28.5165,28.5165,1,0
DWCR.US,D,20230714,000000,28.3631,28.3631,28.3631,28.3631,2,0
DWCR.US,D,20230717,000000,28.4645,28.4645,28.4645,28.4645,1,0
DWCR.US,D,20230718,000000,28.5539,28.5539,28.5539,28.5539,1,0
DWCR.US,D,20230719,000000,28.4737,28.4737,28.4737,28.4737,2,0
DWCR.US,D,20230720,000000,28.2684,28.2684,28.2684,28.2684,1,0
DWCR.US,D,20230721,000000,28.3393,28.3393,28.3393,28.3393,1,0
DWCR.US,D,20230724,000000,28.03,28.2895,28.03,28.2895,200,0
DWCR.US,D,20230725,000000,28.2939,28.2939,28.2939,28.2939,1,0
DWCR.US,D,20230726,000000,28.4905,28.4905,28.4905,28.4905,3,0
DWCR.US,D,20230727,000000,28.4207,28.4207,28.4207,28.4207,1,0
DWCR.US,D,20230728,000000,28.7752,28.7752,28.7752,28.7752,2,0
DWCR.US,D,20230731,000000,28.9,28.9757,28.9,28.9757,273,0
DWCR.US,D,20230801,000000,28.78,28.9,28.4325,28.4325,301,0
DWCR.US,D,20230802,000000,27.962,27.962,27.962,27.962,3,0
DWCR.US,D,20230803,000000,27.8115,27.8115,27.8115,27.8115,17,0
DWCR.US,D,20230804,000000,27.927,27.927,27.927,27.927,17,0
DWCR.US,D,20230807,000000,28.1902,28.1902,28.1902,28.1902,1,0
DWCR.US,D,20230808,000000,27.9061,27.9061,27.9061,27.9061,17,0
DWCR.US,D,20230809,000000,27.9587,27.9587,27.9587,27.9587,17,0
DWCR.US,D,20230810,000000,28.1839,28.1839,28.1839,28.1839,2,0
DWCR.US,D,20230811,000000,28.0094,28.0094,28.0094,28.0094,1,0
DWCR.US,D,20230814,000000,27.8719,27.8719,27.8719,27.8719,1,0
DWCR.US,D,20230815,000000,27.5985,27.5985,27.5985,27.5985,1,0
DWCR.US,D,20230816,000000,27.4127,27.4127,27.4127,27.4127,2,0
DWCR.US,D,20230817,000000,27.1007,27.1007,27.1007,27.1007,2,0
DWCR.US,D,20230818,000000,27.1535,27.1535,27.1535,27.1535,2,0
DWCR.US,D,20230821,000000,27.2633,27.2633,27.2633,27.2633,2,0
DWCR.US,D,20230822,000000,27.192,27.192,27.192,27.192,2,0
DWCR.US,D,20230823,000000,27.4552,27.4552,27.4552,27.4552,2,0
DWCR.US,D,20230824,000000,27.1277,27.1277,27.1277,27.1277,1,0
DWCR.US,D,20230825,000000,27.2948,27.2948,27.2948,27.2948,1,0
DWCR.US,D,20230828,000000,27.5855,27.5855,27.5855,27.5855,1,0
DWCR.US,D,20230829,000000,27.6,27.9275,27.6,27.9275,400,0
DWCR.US,D,20230830,000000,28.0118,28.0118,28.0118,28.0118,2,0
DWCR.US,D,20230831,000000,27.5916,27.5916,27.5916,27.5916,1,0
DWCR.US,D,20230901,000000,27.508,27.508,27.508,27.508,1,0
DWCR.US,D,20230905,000000,27.2524,27.2524,27.2524,27.2524,1,0
DWCR.US,D,20230906,000000,26.9525,26.9525,26.9525,26.9525,3,0
DWCR.US,D,20230907,000000,26.7786,26.7786,26.7786,26.7786,1,0
DWCR.US,D,20230908,000000,26.8868,26.8868,26.8868,26.8868,1,0
DWCR.US,D,20230911,000000,27.1553,27.1553,27.1553,27.1553,1,0
DWCR.US,D,20230912,000000,27.0908,27.0908,27.0908,27.0908,1,0
DWCR.US,D,20230913,000000,27.13,27.13,27.13,27.13,2,0
DWCR.US,D,20230914,000000,27.3428,27.3428,27.3428,27.3428,1,0
DWCR.US,D,20230915,000000,27.3233,27.3233,27.3233,27.3233,1,0
DWCR.US,D,20230918,000000,27.0582,27.0582,27.0582,27.0582,1,0
DWCR.US,D,20230919,000000,27.0795,27.0795,27.0795,27.0795,1,0
DWCR.US,D,20230920,000000,27.1411,27.1411,27.1411,27.1411,2,0
DWCR.US,D,20230921,000000,26.7491,26.7491,26.7491,26.7491,4,0
DWCR.US,D,20230922,000000,26.6948,26.6948,26.6948,26.6948,3,0
DWCR.US,D,20230925,000000,26.4923,26.4923,26.4923,26.4923,3,0
DWCR.US,D,20230926,000000,26.1257,26.1257,26.1257,26.1257,26,0
DWCR.US,D,20230927,000000,25.8819,25.8819,25.8819,25.8819,2,0
DWCR.US,D,20230928,000000,26.1893,26.1893,26.1893,26.1893,1,0
DWCR.US,D,20230929,000000,26.2176,26.2176,26.2176,26.2176,1,0
DWCR.US,D,20231002,000000,26.1531,26.1531,26.1531,26.1531,1,0
DWCR.US,D,20231003,000000,25.56,25.56,25.56,25.56,1,0
DWCR.US,D,20231004,000000,25.7525,25.7525,25.7525,25.7525,2,0
DWCR.US,D,20231005,000000,25.65,25.65,25.519,25.519,100,0
DWCR.US,D,20231006,000000,25.902,25.902,25.902,25.902,1,0
DWCR.US,D,20231009,000000,25.7261,25.7261,25.7261,25.7261,1,0
DWCR.US,D,20231010,000000,26.257,26.257,26.257,26.257,1,0
DWCR.US,D,20231011,000000,26.3117,26.3117,26.3117,26.3117,3,0
DWCR.US,D,20231012,000000,25.9639,25.9639,25.9639,25.9639,1,0
DWCR.US,D,20231013,000000,25.6282,25.6282,25.6282,25.6282,1,0
DWCR.US,D,20231016,000000,26.0321,26.0321,26.0321,26.0321,1,0
DWCR.US,D,20231017,000000,26.0771,26.0771,26.0771,26.0771,5,0
DWCR.US,D,20231018,000000,25.5513,25.5513,25.5513,25.5513,2,0
DWCR.US,D,20231019,000000,25.3037,25.3037,25.3037,25.3037,2,0
DWCR.US,D,20231020,000000,25.0738,25.0738,25.0738,25.0738,1,0
DWCR.US,D,20231023,000000,25.2417,25.2417,25.2417,25.2417,1,0
DWCR.US,D,20231024,000000,25.4337,25.4337,25.4337,25.4337,1,0
DWCR.US,D,20231025,000000,25.1895,25.1895,25.1895,25.1895,4,0
DWCR.US,D,20231026,000000,25.3126,25.3126,25.3126,25.3126,1,0
DWCR.US,D,20231027,000000,25.0499,25.0499,25.0499,25.0499,1,0
DWCR.US,D,20231030,000000,25.4403,25.4403,25.4403,25.4403,6,0
DWCR.US,D,20231031,000000,25.4544,25.4544,25.4544,25.4544,3,0
DWCR.US,D,20231101,000000,25.6852,25.6852,25.6852,25.6852,2,0
DWCR.US,D,20231102,000000,26.0998,26.0998,26.0998,26.0998,1,0
DWCR.US,D,20231103,000000,26.5048,26.5048,26.5048,26.5048,39,0
DWCR.US,D,20231106,000000,26.5622,26.5622,26.5622,26.5622,34,0
DWCR.US,D,20231107,000000,26.4716,26.4716,26.4716,26.4716,1,0
DWCR.US,D,20231108,000000,26.4978,26.4978,26.4978,26.4978,2,0
DWCR.US,D,20231109,000000,26.4369,26.4369,26.4369,26.4369,24,0
DWCR.US,D,20231110,000000,26.6334,26.6334,26.6334,26.6334,24,0
DWCR.US,D,20231113,000000,26.6263,26.6263,26.6263,26.6263,24,0
DWCR.US,D,20231114,000000,27.4537,27.4537,27.4537,27.4537,1,0
DWCR.US,D,20231115,000000,27.3711,27.3711,27.3711,27.3711,14,0
DWCR.US,D,20231116,000000,27.4738,27.4738,27.4738,27.4738,1,0
DWCR.US,D,20231117,000000,27.7615,27.7615,27.7615,27.7615,11,0
DWCR.US,D,20231120,000000,27.9868,27.9868,27.9868,27.9868,1,0
DWCR.US,D,20231121,000000,27.8161,27.8161,27.8161,27.8161,1,0
DWCR.US,D,20231122,000000,27.8464,27.8464,27.8464,27.8464,5,0
DWCR.US,D,20231124,000000,27.9575,27.9575,27.9575,27.9575,2,0
DWCR.US,D,20231127,000000,27.9553,27.9553,27.9553,27.9553,2,0
DWCR.US,D,20231128,000000,28.1117,28.1117,28.1117,28.1117,1,0
DWCR.US,D,20231129,000000,28.0882,28.0882,28.0882,28.0882,2,0
DWCR.US,D,20231130,000000,28.0446,28.0446,28.0446,28.0446,1,0
DWCR.US,D,20231201,000000,28.413,28.413,28.413,28.413,1,0
DWCR.US,D,20231204,000000,28.2021,28.2021,28.2021,28.2021,1,0
DWCR.US,D,20231205,000000,28.3619,28.3619,28.3619,28.3619,1,0
DWCR.US,D,20231206,000000,28.1293,28.1293,28.1293,28.1293,2,0
DWCR.US,D,20231207,000000,28.2338,28.2338,28.2338,28.2338,1,0
DWCR.US,D,20231208,000000,28.3935,28.3935,28.3935,28.3935,2,0
DWCR.US,D,20231211,000000,28.3298,28.3298,28.3298,28.3298,8,0
DWCR.US,D,20231212,000000,28.3821,28.3821,28.3821,28.3821,10,0
DWCR.US,D,20231213,000000,28.8221,28.8221,28.8221,28.8221,12,0
DWCR.US,D,20231214,000000,29.0634,29.0634,29.0634,29.0634,1,0
DWCR.US,D,20231215,000000,28.8083,28.8083,28.8083,28.8083,1,0
DWCR.US,D,20231218,000000,28.9323,28.9323,28.9323,28.9323,1,0
DWCR.US,D,20231219,000000,29.1545,29.1545,29.1545,29.1545,10,0
DWCR.US,D,20231220,000000,28.7434,28.7434,28.7434,28.7434,3,0
DWCR.US,D,20231221,000000,29.2534,29.2534,29.2534,29.2534,2,0
DWCR.US,D,20231222,000000,29.2249,29.2249,29.2249,29.2249,75,0
DWCR.US,D,20231226,000000,29.07,29.2325,29,29.2325,1176,0
DWCR.US,D,20231227,000000,29.4198,29.4198,29.4198,29.4198,1,0
DWCR.US,D,20231228,000000,29.3134,29.3134,29.3134,29.3134,1,0
DWCR.US,D,20231229,000000,29.1,29.1,29.1,29.1,201,0
DWCR.US,D,20240102,000000,28.9043,28.9043,28.8446,28.8446,852,0
DWCR.US,D,20240103,000000,28.5011,28.5011,28.5011,28.5011,3,0
DWCR.US,D,20240104,000000,28.6455,28.6455,28.6455,28.6455,48,0
DWCR.US,D,20240105,000000,28.7975,28.7975,28.7975,28.7975,1,0
DWCR.US,D,20240108,000000,29.04,29.0981,29.04,29.0981,332,0
DWCR.US,D,20240109,000000,28.7152,28.7152,28.7152,28.7152,1,0
DWCR.US,D,20240110,000000,28.8527,28.8527,28.8527,28.8527,4,0
DWCR.US,D,20240111,000000,28.8964,28.8964,28.8964,28.8964,2,0
DWCR.US,D,20240112,000000,29.0443,29.0443,29.0443,29.0443,1,0
DWCR.US,D,20240116,000000,28.62,28.62,28.5345,28.5345,104,0
DWCR.US,D,20240117,000000,28.2665,28.2665,28.2665,28.2665,79,0
DWCR.US,D,20240118,000000,28.13,28.3867,28.13,28.3867,100,0
DWCR.US,D,20240119,000000,28.5401,28.5401,28.5401,28.5401,1,0
DWCR.US,D,20240122,000000,28.4531,28.4531,28.4531,28.4531,15,0
DWCR.US,D,20240123,000000,28.3522,28.3522,28.3522,28.3522,1,0
DWCR.US,D,20240124,000000,28.6535,28.6535,28.6535,28.6535,2,0
DWCR.US,D,20240125,000000,28.7448,28.7448,28.7448,28.7448,1,0
DWCR.US,D,20240126,000000,28.9806,28.9806,28.9806,28.9806,25,0
DWCR.US,D,20240129,000000,28.9979,28.9979,28.9979,28.9979,10,0
DWCR.US,D,20240130,000000,29.0804,29.0804,29.0804,29.0804,45,0
DWCR.US,D,20240131,000000,29.0584,29.0584,29.0584,29.0584,3,0
DWCR.US,D,20240201,000000,29.43,29.43,29.43,29.43,5,0
DWCR.US,D,20240202,000000,29.3202,29.3202,29.3202,29.3202,19,0
DWCR.US,D,20240205,000000,29.1857,29.1857,29.1857,29.1857,54,0
DWCR.US,D,20240206,000000,29.4623,29.4623,29.4623,29.4623,3,0
DWCR.US,D,20240207,000000,29.4362,29.4362,29.4362,29.4362,3,0
DWCR.US,D,20240208,000000,29.3134,29.3134,29.3134,29.3134,1,0
DWCR.US,D,20240209,000000,29.4837,29.4837,29.4837,29.4837,1,0
DWCR.US,D,20240212,000000,29.5813,29.5813,29.5813,29.5813,2,0
DWCR.US,D,20240213,000000,29.0755,29.0755,29.0755,29.0755,1,0
DWCR.US,D,20240214,000000,29.4953,29.4953,29.4953,29.4953,3,0
DWCR.US,D,20240215,000000,29.8405,29.8405,29.8405,29.8405,1,0
DWCR.US,D,20240216,000000,29.8503,29.8503,29.8503,29.8503,1,0
DWCR.US,D,20240220,000000,30.15,30.15,30.15,30.15,2,0
DWCR.US,D,20240221,000000,30.1561,30.1561,30.1561,30.1561,52,0
DWCR.US,D,20240222,000000,30.3523,30.3523,30.3523,30.3523,9,0
DWCR.US,D,20240223,000000,30.28,30.3182,30.28,30.3182,90009,0
DWCR.US,D,20240226,000000,30.2491,30.2491,30.2491,30.2491,3,0
DWCR.US,D,20240227,000000,30.27,30.27,30.27,30.27,50,0
DWCR.US,D,20240228,000000,29.9354,29.9354,29.9354,29.9354,2,0
DWCR.US,D,20240229,000000,29.9371,29.9371,29.9371,29.9371,1,0
DWCR.US,D,20240301,000000,30.1066,30.1066,30.1066,30.1066,30,0
DWCR.US,D,20240304,000000,29.9601,29.9601,29.9601,29.9601,20,0
DWCR.US,D,20240305,000000,29.8586,29.8586,29.8586,29.8586,25,0
DWCR.US,D,20240306,000000,30.0974,30.0974,30.0974,30.0974,2,0
DWCR.US,D,20240307,000000,30.3565,30.3565,30.3565,30.3565,1,0
DWCR.US,D,20240308,000000,30.199,30.199,30.199,30.199,3,0
DWCR.US,D,20240311,000000,30.1977,30.1977,30.1977,30.1977,2,0
DWCR.US,D,20240312,000000,30.3794,30.3794,30.3794,30.3794,1,0
DWCR.US,D,20240313,000000,30.4045,30.4045,30.4045,30.4045,3,0
DWCR.US,D,20240314,000000,30.2425,30.2425,30.2425,30.2425,2,0
DWCR.US,D,20240315,000000,30.1521,30.1521,30.1521,30.1521,1,0
DWCR.US,D,20240318,000000,29.9486,29.9486,29.9486,29.9486,4,0
DWCR.US,D,20240319,000000,29.99,30.0003,29.99,30.0003,252,0
DWCR.US,D,20240320,000000,30.4229,30.4229,30.4229,30.4229,6,0
DWCR.US,D,20240321,000000,30.4825,30.4825,30.4825,30.4825,39,0
DWCR.US,D,20240322,000000,30.3311,30.3311,30.3311,30.3311,21,0
DWCR.US,D,20240325,000000,30.3249,30.3249,30.3249,30.3249,20,0
DWCR.US,D,20240326,000000,30.3934,30.3934,30.3934,30.3934,11,0
DWCR.US,D,20240327,000000,30.5922,30.5922,30.5922,30.5922,6,0
DWCR.US,D,20240328,000000,30.6553,30.6553,30.6553,30.6553,5,0
DWCR.US,D,20240401,000000,30.62,30.62,30.62,30.62,1,0
DWCR.US,D,20240402,000000,30.5185,30.5185,30.5185,30.5185,5,0
DWCR.US,D,20240403,000000,30.6565,30.6565,30.6565,30.6565,5,0
DWCR.US,D,20240404,000000,31.33,31.33,30.5956,30.5956,202,0
DWCR.US,D,20240405,000000,30.8645,30.8645,30.8645,30.8645,1,0
DWCR.US,D,20240408,000000,31.1616,31.1616,31.1616,31.1616,18,0
DWCR.US,D,20240409,000000,31.1157,31.1157,31.1157,31.1157,1,0
DWCR.US,D,20240410,000000,30.7089,30.7089,30.7089,30.7089,1,0
DWCR.US,D,20240411,000000,30.6341,30.6341,30.6341,30.6341,1,0
DWCR.US,D,20240412,000000,30.0377,30.0377,30.0377,30.0377,17,0
DWCR.US,D,20240415,000000,29.8666,29.8666,29.8666,29.8666,35,0
DWCR.US,D,20240416,000000,29.4762,29.4762,29.4762,29.4762,2,0
DWCR.US,D,20240417,000000,29.5834,29.5834,29.5834,29.5834,13,0
DWCR.US,D,20240418,000000,29.6034,29.6034,29.6034,29.6034,11,0
DWCR.US,D,20240419,000000,29.6869,29.6869,29.6869,29.6869,11,0
DWCR.US,D,20240422,000000,29.998,29.998,29.998,29.998,11,0
DWCR.US,D,20240423,000000,30.3,30.3352,30.3,30.3352,1120,0
DWCR.US,D,20240424,000000,30.2286,30.2286,30.2286,30.2286,2,0
DWCR.US,D,20240425,000000,30.1747,30.1747,30.1747,30.1747,1,0
DWCR.US,D,20240426,000000,30.5218,30.5218,30.5218,30.5218,1,0
DWCR.US,D,20240429,000000,30.7505,30.7505,30.7505,30.7505,31,0
DWCR.US,D,20240430,000000,30.219,30.219,30.219,30.219,30,0
DWCR.US,D,20240501,000000,30.2011,30.2011,30.2011,30.2011,2,0
DWCR.US,D,20240502,000000,30.5987,30.5987,30.5987,30.5987,1,0
DWCR.US,D,20240503,000000,30.9102,30.9102,30.9102,30.9102,1,0
DWCR.US,D,20240506,000000,31.1133,31.1133,31.1133,31.1133,15,0
DWCR.US,D,20240507,000000,31.13,31.13,31.13,31.13,15,0
DWCR.US,D,20240508,000000,31.1933,31.1933,31.1933,31.1933,2,0
DWCR.US,D,20240509,000000,31.27,31.27,31.27,31.27,100,0
DWCR.US,D,20240510,000000,31.2,31.2,31.2,31.2,102,0
DWCR.US,D,20240513,000000,31.26,31.26,31.26,31.26,101,0
DWCR.US,D,20240514,000000,31.56,31.56,31.56,31.56,100,0
DWCR.US,D,20240515,000000,31.84,31.84,31.84,31.84,102,0
DWCR.US,D,20240516,000000,31.8548,31.8548,31.8548,31.8548,1,0
DWCR.US,D,20240517,000000,32.14,32.19,32.1013,32.1013,4110,0
DWCR.US,D,20240520,000000,32.0956,32.0956,32.0956,32.0956,11,0
DWCR.US,D,20240521,000000,32.0194,32.0194,32.0194,32.0194,1,0
DWCR.US,D,20240522,000000,31.7,31.7,31.7,31.7,105,0
DWCR.US,D,20240523,000000,31.55,31.55,31.55,31.55,101,0
DWCR.US,D,20240524,000000,31.66,31.66,31.66,31.66,100,0
DWCR.US,D,20240528,000000,31.6947,31.7476,31.64,31.7476,833,0
DWCR.US,D,20240529,000000,31.2093,31.2093,31.2093,31.2093,75,0
DWCR.US,D,20240530,000000,31.16,31.3,31.16,31.25,3112,0
DWCR.US,D,20240531,000000,31.3667,31.3667,31.3667,31.3667,2,0
DWCR.US,D,20240603,000000,31.13,31.19,31.09,31.19,491,0
DWCR.US,D,20240604,000000,30.64,30.64,30.64,30.64,129,0
DWCR.US,D,20240605,000000,31.2541,31.2541,31.2541,31.2541,2,0
DWCR.US,D,20240606,000000,31.3413,31.3413,31.3413,31.3413,1,0
DWCR.US,D,20240607,000000,30.7839,30.7839,30.7839,30.7839,2,0
DWCR.US,D,20240610,000000,30.6596,30.6596,30.6596,30.6596,40,0
DWCR.US,D,20240611,000000,30.4276,30.4276,30.4276,30.4276,1,0
DWCR.US,D,20240612,000000,30.57,30.57,30.57,30.57,102,0
DWCR.US,D,20240613,000000,30.35,30.35,30.35,30.35,130,0
DWCR.US,D,20240614,000000,30.02,30.182,30.02,30.182,402,0
DWCR.US,D,20240617,000000,29.99,29.99,29.99,29.99,385,0
DWCR.US,D,20240618,000000,30.25,30.25,30.25,30.25,100,0
DWCR.US,D,20240620,000000,30.36,30.36,30.36,30.36,106,0
DWCR.US,D,20240621,000000,30.25,30.25,30.25,30.25,105,0
DWCR.US,D,20240624,000000,30.49,30.49,30.49,30.49,422,0
DWCR.US,D,20240625,000000,30.32,30.4,30.29,30.4,1117,0
DWCR.US,D,20240626,000000,30.12,30.12,30.12,30.12,102,0
DWCR.US,D,20240627,000000,30.25,30.25,30.25,30.25,142,0
DWCR.US,D,20240628,000000,30.2601,30.2601,30.21,30.23,516,0
DWCR.US,D,20240701,000000,30.37,30.37,30.37,30.37,100,0
DWCR.US,D,20240702,000000,30.33,30.397,30.31,30.35,3836,0
DWCR.US,D,20240703,000000,30.79,30.79,30.79,30.79,103,0
DWCR.US,D,20240705,000000,31.0767,31.0767,31.0767,31.0767,1,0
DWCR.US,D,20240708,000000,30.9,30.9,30.9,30.9,101,0
DWCR.US,D,20240709,000000,30.71,30.71,30.71,30.71,117,0
DWCR.US,D,20240710,000000,31.02,31.02,31.02,31.02,104,0
DWCR.US,D,20240711,000000,31.17,31.17,31.17,31.17,123,0
DWCR.US,D,20240712,000000,31.43,31.43,31.43,31.43,103,0
DWCR.US,D,20240715,000000,31.12,31.12,31.12,31.12,104,0
DWCR.US,D,20240716,000000,31.2,31.2,31.2,31.2,101,0
DWCR.US,D,20240717,000000,30.82,30.82,30.82,30.82,102,0
DWCR.US,D,20240718,000000,30.74,30.74,30.74,30.74,100,0
DWCR.US,D,20240719,000000,30.5,30.5,30.5,30.5,104,0
DWCR.US,D,20240722,000000,30.87,30.87,30.87,30.87,101,0
DWCR.US,D,20240723,000000,30.6,30.67,30.57,30.57,3238,0
DWCR.US,D,20240724,000000,30.39,30.39,30.19,30.19,1023,0
DWCR.US,D,20240725,000000,30.165,30.165,30.165,30.165,1,0
DWCR.US,D,20240726,000000,30.4358,30.4358,30.4358,30.4358,1,0
DWCR.US,D,20240729,000000,30.2351,30.2351,30.2351,30.2351,1,0
DWCR.US,D,20240730,000000,30.2852,30.2852,30.2852,30.2852,14,0
DWCR.US,D,20240731,000000,30.5891,30.5891,30.5891,30.5891,1,0
DWCR.US,D,20240801,000000,29.8885,29.8885,29.8885,29.8885,1,0
DWCR.US,D,20240802,000000,29.5298,29.5298,29.5298,29.5298,51,0
DWCR.US,D,20240805,000000,28.665,28.665,28.665,28.665,38,0
DWCR.US,D,20240806,000000,28.6889,28.6889,28.6889,28.6889,28,0
DWCR.US,D,20240807,000000,28.7795,28.7795,28.7795,28.7795,2,0
DWCR.US,D,20240808,000000,29.2794,29.2794,29.2794,29.2794,1,0
DWCR.US,D,20240809,000000,29.2157,29.349,29.17,29.349,1400,0
DWCR.US,D,20240812,000000,29.3606,29.3606,29.3606,29.3606,2,0
DWCR.US,D,20240813,000000,29.7989,29.7989,29.7989,29.7989,2,0
DWCR.US,D,20240814,000000,29.8745,29.8745,29.8745,29.8745,3,0
DWCR.US,D,20240815,000000,30.1939,30.1939,30.1939,30.1939,1,0
DWCR.US,D,20240816,000000,30.4026,30.4026,30.4026,30.4026,1,0
DWCR.US,D,20240819,000000,30.7784,30.7784,30.7784,30.7784,1,0
DWCR.US,D,20240820,000000,30.6091,30.6255,30.49,30.6255,503,0
DWCR.US,D,20240821,000000,30.8027,30.8027,30.8027,30.8027,14,0
DWCR.US,D,20240822,000000,30.5321,30.5321,30.5321,30.5321,1,0
DWCR.US,D,20240823,000000,30.977,30.977,30.977,30.977,11,0
DWCR.US,D,20240826,000000,30.7734,30.7734,30.7734,30.7734,1,0
DWCR.US,D,20240827,000000,30.9121,30.9121,30.9121,30.9121,2,0
DWCR.US,D,20240828,000000,30.7884,30.7884,30.7884,30.7884,12,0
DWCR.US,D,20240829,000000,30.5347,30.5347,30.5347,30.5347,1,0
DWCR.US,D,20240830,000000,30.9902,30.9902,30.9902,30.9902,4,0
DWCR.US,D,20240903,000000,30.9902,30.9902,30.9902,30.9902,49,0
DWCR.US,D,20240904,000000,30.4393,30.4393,30.4393,30.4393,3,0
DWCR.US,D,20240905,000000,30.1183,30.1183,30.1183,30.1183,1,0
DWCR.US,D,20240906,000000,29.8748,29.8748,29.8748,29.8748,1,0
DWCR.US,D,20240909,000000,30.114,30.114,30.114,30.114,2,0
DWCR.US,D,20240910,000000,29.9201,29.9201,29.9201,29.9201,2,0
DWCR.US,D,20240911,000000,29.9994,29.9994,29.9994,29.9994,4,0
DWCR.US,D,20240912,000000,29.99,30.3585,29.99,30.3585,204,0
DWCR.US,D,20240913,000000,30.5943,30.5943,30.5943,30.5943,1,0
DWCR.US,D,20240916,000000,30.7248,30.7248,30.7248,30.7248,2,0
DWCR.US,D,20240917,000000,30.4585,30.4585,30.4585,30.4585,1,0
DWCR.US,D,20240918,000000,30.4128,30.4128,30.4128,30.4128,3,0
DWCR.US,D,20240919,000000,31.2204,31.2204,31.2204,31.2204,15,0
DWCR.US,D,20240920,000000,30.8989,30.8989,30.8989,30.8989,1,0
DWCR.US,D,20240923,000000,30.895,30.895,30.895,30.895,2,0
DWCR.US,D,20240924,000000,31.2887,31.2887,31.2887,31.2887,2,0
DWCR.US,D,20240925,000000,31.1157,31.1157,31.1157,31.1157,6,0
DWCR.US,D,20240926,000000,31.6464,31.6464,31.6464,31.6464,6,0
DWCR.US,D,20240927,000000,31.4548,31.4548,31.4548,31.4548,1,0
DWCR.US,D,20241001,000000,30.6986,30.6986,30.6986,30.6986,1,0
DWCR.US,D,20241002,000000,30.6689,30.6689,30.6689,30.6689,3,0
DWCR.US,D,20241003,000000,30.3983,30.3983,30.3983,30.3983,1,0
DWCR.US,D,20241004,000000,30.4976,30.4976,30.4976,30.4976,1,0
DWCR.US,D,20241007,000000,30.3506,30.3506,30.3506,30.3506,3,0
DWCR.US,D,20241008,000000,30.4769,30.4769,30.4769,30.4769,1,0
DWCR.US,D,20241009,000000,30.4818,30.4818,30.4818,30.4818,4,0
DWCR.US,D,20241010,000000,30.4104,30.4104,30.4104,30.4104,16,0
DWCR.US,D,20241011,000000,30.6427,30.6427,30.6427,30.6427,1,0
DWCR.US,D,20241014,000000,30.7113,30.7113,30.7113,30.7113,1,0
DWCR.US,D,20241015,000000,30.2803,30.2803,30.2803,30.2803,1,0
DWCR.US,D,20241016,000000,30.3674,30.3674,30.3674,30.3674,3,0
DWCR.US,D,20241017,000000,30.333,30.333,30.333,30.333,1,0
DWCR.US,D,20241018,000000,30.603,30.603,30.603,30.603,1,0
DWCR.US,D,20241021,000000,29.57,30.2952,29.57,30.2952,443,0
DWCR.US,D,20241022,000000,29.8817,29.8817,29.8817,29.8817,1,0
DWCR.US,D,20241023,000000,29.9264,29.9264,29.9264,29.9264,23,0
DWCR.US,D,20241024,000000,30.0504,30.0504,30.0504,30.0504,4,0
DWCR.US,D,20241025,000000,29.94,29.94,29.94,29.94,1,0
DWCR.US,D,20241028,000000,30.1452,30.1452,30.1452,30.1452,5,0
DWCR.US,D,20241029,000000,30.0305,30.0305,30.0305,30.0305,2,0
DWCR.US,D,20241030,000000,29.6984,29.6984,29.6984,29.6984,2,0
DWCR.US,D,20241031,000000,29.5898,29.5898,29.5898,29.5898,1,0
DWCR.US,D,20241104,000000,29.7552,29.7552,29.7552,29.7552,1,0
DWCR.US,D,20241105,000000,29.983,29.983,29.983,29.983,1,0
DWCR.US,D,20241106,000000,29.3154,29.3154,29.3154,29.3154,4,0
DWCR.US,D,20241107,000000,29.889,29.889,29.889,29.889,1,0
DWCR.US,D,20241108,000000,29.3587,29.3587,29.3587,29.3587,1,0
DWCR.US,D,20241226,000000,27.95,28.1561,27.95,28.1561,25004,0
DWCR.US,D,20250124,000000,28.891,28.9772,28.891,28.9772,101,0
