<TICKER>,<PER>,<DATE>,<TIME>,<OPEN>,<HIGH>,<LOW>,<CLOSE>,<VOL>,<OPENINT>
EMFQ.US,D,20190131,000000,25.205,25.355,25.205,25.346,7982,0
EMFQ.US,D,20190201,000000,25.395,25.445,25.355,25.379,4543,0
EMFQ.US,D,20190204,000000,25.39,25.435,25.39,25.423,900,0
EMFQ.US,D,20190205,000000,25.505,25.635,25.505,25.604,3420,0
EMFQ.US,D,20190206,000000,25.359,25.359,25.255,25.279,7662,0
EMFQ.US,D,20190207,000000,24.956,24.966,24.736,24.828,4665,0
EMFQ.US,D,20190208,000000,24.689,24.723,24.689,24.723,283,0
EMFQ.US,D,20190211,000000,24.891,24.926,24.855,24.855,706,0
EMFQ.US,D,20190212,000000,25.165,25.245,25.165,25.245,2305,0
EMFQ.US,D,20190213,000000,25.375,25.375,25.21,25.23,830,0
EMFQ.US,D,20190214,000000,25.056,25.173,25.056,25.173,1352,0
EMFQ.US,D,20190215,000000,25.165,25.25,25.165,25.25,544,0
EMFQ.US,D,20190219,000000,25.46,25.555,25.435,25.484,6115,0
EMFQ.US,D,20190220,000000,25.712,25.864,25.712,25.754,8537,0
EMFQ.US,D,20190221,000000,25.934,25.934,25.635,25.67,1681,0
EMFQ.US,D,20190222,000000,26.164,26.402,26.142,26.401,3397,0
EMFQ.US,D,20190225,000000,26.982,26.982,26.852,26.892,5701,0
EMFQ.US,D,20190226,000000,27.012,27.352,27.012,27.281,6770,0
EMFQ.US,D,20190227,000000,27.172,27.342,27.172,27.222,4546,0
EMFQ.US,D,20190228,000000,27.362,27.411,27.342,27.358,5106,0
EMFQ.US,D,20190301,000000,27.591,27.786,27.591,27.612,2739,0
EMFQ.US,D,20190304,000000,27.95,28.03,27.741,27.871,4409,0
EMFQ.US,D,20190305,000000,28.016,28.36,28.016,28.22,10736,0
EMFQ.US,D,20190306,000000,28.31,28.31,28.005,28.014,3507,0
EMFQ.US,D,20190307,000000,27.711,27.711,27.318,27.318,2748,0
EMFQ.US,D,20190308,000000,26.743,26.986,26.623,26.986,3814,0
EMFQ.US,D,20190311,000000,27.371,27.441,27.342,27.423,2055,0
EMFQ.US,D,20190312,000000,27.267,27.322,27.267,27.277,1516,0
EMFQ.US,D,20190313,000000,27.241,27.249,27.21,27.249,1791,0
EMFQ.US,D,20190314,000000,27.212,27.212,27.102,27.141,1052,0
EMFQ.US,D,20190315,000000,27.307,27.382,27.307,27.37,674,0
EMFQ.US,D,20190318,000000,27.571,27.671,27.547,27.646,6053,0
EMFQ.US,D,20190319,000000,27.44,27.441,27.399,27.399,538,0
EMFQ.US,D,20190320,000000,27.391,27.421,27.172,27.421,1110,0
EMFQ.US,D,20190321,000000,27.172,27.464,27.172,27.464,4213,0
EMFQ.US,D,20190322,000000,27.202,27.202,26.746,26.746,2233,0
EMFQ.US,D,20190325,000000,26.703,26.703,26.686,26.686,230,0
EMFQ.US,D,20190326,000000,26.882,26.916,26.882,26.916,185,0
EMFQ.US,D,20190327,000000,27.08,27.08,26.893,26.893,391,0
EMFQ.US,D,20190328,000000,26.952,27.107,26.952,27.107,210,0
EMFQ.US,D,20190329,000000,27.291,27.291,27.289,27.289,100,0
EMFQ.US,D,20190401,000000,27.526,27.601,27.526,27.582,2680,0
EMFQ.US,D,20190402,000000,27.237,27.237,27.174,27.174,326,0
EMFQ.US,D,20190403,000000,27.561,27.561,27.412,27.412,1398,0
EMFQ.US,D,20190404,000000,27.342,27.342,27.122,27.214,351,0
EMFQ.US,D,20190405,000000,27.298,27.342,27.298,27.342,696,0
EMFQ.US,D,20190408,000000,27.352,27.371,27.32,27.32,834,0
EMFQ.US,D,20190409,000000,27.202,27.245,27.202,27.245,1480,0
EMFQ.US,D,20190410,000000,27.401,27.493,27.401,27.47,250,0
EMFQ.US,D,20190411,000000,27.302,27.386,27.292,27.294,549,0
EMFQ.US,D,20190412,000000,27.541,27.567,27.539,27.539,552,0
EMFQ.US,D,20190415,000000,27.496,27.496,27.447,27.447,136,0
EMFQ.US,D,20190416,000000,27.831,27.831,27.738,27.738,255,0
EMFQ.US,D,20190417,000000,27.95,28.021,27.935,28.021,810,0
EMFQ.US,D,20190418,000000,27.94,28.066,27.94,28.066,233,0
EMFQ.US,D,20190422,000000,27.811,27.881,27.811,27.818,4398,0
EMFQ.US,D,20190423,000000,28.015,28.032,28.015,28.032,741,0
EMFQ.US,D,20190424,000000,28.031,28.072,28.031,28.035,904,0
EMFQ.US,D,20190425,000000,28.18,28.18,28.18,28.18,62,0
EMFQ.US,D,20190426,000000,28.05,28.19,27.94,28.179,5509,0
EMFQ.US,D,20190429,000000,28.253,28.407,28.235,28.407,929,0
EMFQ.US,D,20190430,000000,28.509,28.629,28.422,28.422,1796,0
EMFQ.US,D,20190501,000000,28.45,28.549,28.371,28.371,1002,0
EMFQ.US,D,20190502,000000,28.37,28.425,28.308,28.308,381,0
EMFQ.US,D,20190503,000000,28.948,28.948,28.948,28.948,50,0
EMFQ.US,D,20190506,000000,28.43,28.539,28.43,28.522,1142,0
EMFQ.US,D,20190507,000000,28.058,28.058,27.972,27.972,227,0
EMFQ.US,D,20190508,000000,28.09,28.09,28.047,28.047,366,0
EMFQ.US,D,20190509,000000,27.283,27.561,27.221,27.549,1893,0
EMFQ.US,D,20190510,000000,27.587,27.587,27.587,27.587,130,0
EMFQ.US,D,20190513,000000,26.755,26.755,26.693,26.698,1526,0
EMFQ.US,D,20190514,000000,27.062,27.062,27.038,27.038,610,0
EMFQ.US,D,20190515,000000,26.862,27.102,26.862,27.096,319,0
EMFQ.US,D,20190516,000000,27.126,27.126,27.126,27.126,15,0
EMFQ.US,D,20190517,000000,26.653,26.677,26.472,26.472,3921,0
EMFQ.US,D,20190520,000000,25.954,25.954,25.868,25.868,294,0
EMFQ.US,D,20190521,000000,26.144,26.184,26.144,26.146,1798,0
EMFQ.US,D,20190522,000000,26.314,26.314,26.142,26.142,803,0
EMFQ.US,D,20190523,000000,25.644,25.702,25.625,25.702,1521,0
EMFQ.US,D,20190524,000000,25.804,25.822,25.804,25.822,202,0
EMFQ.US,D,20190528,000000,26.253,26.273,26.104,26.112,501,0
EMFQ.US,D,20190529,000000,25.854,25.854,25.655,25.763,4308,0
EMFQ.US,D,20190530,000000,25.822,25.825,25.822,25.825,142,0
EMFQ.US,D,20190531,000000,25.645,25.709,25.645,25.709,551,0
EMFQ.US,D,20190603,000000,25.455,25.505,25.455,25.5,500,0
EMFQ.US,D,20190604,000000,25.555,25.573,25.555,25.573,455,0
EMFQ.US,D,20190605,000000,25.545,25.63,25.545,25.63,399,0
EMFQ.US,D,20190606,000000,25.585,25.691,25.585,25.659,952,0
EMFQ.US,D,20190607,000000,25.874,25.99,25.874,25.99,301,0
EMFQ.US,D,20190610,000000,26.233,26.373,26.233,26.24,1453,0
EMFQ.US,D,20190611,000000,26.673,26.684,26.673,26.682,3332,0
EMFQ.US,D,20190612,000000,26.563,26.576,26.563,26.576,200,0
EMFQ.US,D,20190613,000000,26.503,26.52,26.473,26.52,955,0
EMFQ.US,D,20190614,000000,26.373,26.373,26.339,26.339,140,0
EMFQ.US,D,20190617,000000,26.413,26.48,26.413,26.48,158,0
EMFQ.US,D,20190618,000000,26.513,26.773,26.513,26.696,1052,0
EMFQ.US,D,20190619,000000,26.503,26.849,26.503,26.849,187,0
EMFQ.US,D,20190620,000000,27.238,27.238,27.084,27.084,486,0
EMFQ.US,D,20190621,000000,27.003,27.003,26.982,26.985,852,0
EMFQ.US,D,20190624,000000,26.727,26.727,26.727,26.727,5,0
EMFQ.US,D,20190625,000000,26.313,26.313,26.218,26.218,939,0
EMFQ.US,D,20190626,000000,26.307,26.314,26.307,26.314,200,0
EMFQ.US,D,20190627,000000,26.706,26.706,26.685,26.685,200,0
EMFQ.US,D,20190628,000000,26.842,26.842,26.733,26.771,1864,0
EMFQ.US,D,20190701,000000,27.242,27.242,27.125,27.125,731,0
EMFQ.US,D,20190702,000000,27.072,27.072,27.045,27.063,560,0
EMFQ.US,D,20190703,000000,27.133,27.133,27.133,27.133,37,0
EMFQ.US,D,20190705,000000,27.032,27.252,26.987,27.221,1702,0
EMFQ.US,D,20190708,000000,26.982,26.982,26.913,26.913,1479,0
EMFQ.US,D,20190709,000000,26.643,27.019,26.643,27.019,712,0
EMFQ.US,D,20190710,000000,27.107,27.139,27.107,27.139,321,0
EMFQ.US,D,20190711,000000,27.022,27.022,26.932,26.975,722,0
EMFQ.US,D,20190712,000000,26.837,26.852,26.773,26.834,1768,0
EMFQ.US,D,20190715,000000,27.002,27.033,26.997,27.033,393,0
EMFQ.US,D,20190716,000000,26.982,26.982,26.842,26.842,553,0
EMFQ.US,D,20190717,000000,27.085,27.085,27.01,27.01,202,0
EMFQ.US,D,20190718,000000,26.556,26.726,26.556,26.726,203,0
EMFQ.US,D,20190719,000000,26.882,26.892,26.756,26.756,671,0
EMFQ.US,D,20190722,000000,26.892,26.893,26.892,26.893,180,0
EMFQ.US,D,20190723,000000,26.902,27.054,26.902,27.054,922,0
EMFQ.US,D,20190724,000000,27.072,27.19,27.072,27.19,411,0
EMFQ.US,D,20190725,000000,27.152,27.152,27.042,27.042,185,0
EMFQ.US,D,20190726,000000,27.192,27.246,27.192,27.219,877,0
EMFQ.US,D,20190729,000000,27.451,27.451,27.342,27.427,362,0
EMFQ.US,D,20190730,000000,27.182,27.182,27.08,27.08,225,0
EMFQ.US,D,20190731,000000,27.142,27.167,26.926,26.926,465,0
EMFQ.US,D,20190801,000000,26.872,26.885,26.872,26.885,316,0
EMFQ.US,D,20190802,000000,26.572,26.572,26.572,26.572,170,0
EMFQ.US,D,20190805,000000,25.743,25.764,25.531,25.531,1341,0
EMFQ.US,D,20190806,000000,25.834,25.834,25.783,25.818,436,0
EMFQ.US,D,20190807,000000,25.615,25.996,25.615,25.996,617,0
EMFQ.US,D,20190808,000000,26.513,26.52,26.513,26.52,746,0
EMFQ.US,D,20190809,000000,26.215,26.215,26.215,26.215,179,0
EMFQ.US,D,20190812,000000,25.724,25.846,25.694,25.71,1751,0
EMFQ.US,D,20190813,000000,26.034,26.094,26.034,26.042,583,0
EMFQ.US,D,20190814,000000,25.455,25.455,25.184,25.184,647,0
EMFQ.US,D,20190815,000000,25.185,25.185,24.996,25.066,550,0
EMFQ.US,D,20190816,000000,25.355,25.434,25.355,25.434,100,0
EMFQ.US,D,20190819,000000,25.944,25.944,25.874,25.935,557,0
EMFQ.US,D,20190820,000000,25.925,26.194,25.925,26.187,411,0
EMFQ.US,D,20190821,000000,26.583,26.713,26.583,26.652,4326,0
EMFQ.US,D,20190822,000000,26.302,26.302,26.194,26.302,182,0
EMFQ.US,D,20190823,000000,26.253,26.253,25.848,25.848,1720,0
EMFQ.US,D,20190826,000000,25.986,25.986,25.986,25.986,62,0
EMFQ.US,D,20190827,000000,26.164,26.164,25.843,25.843,236,0
EMFQ.US,D,20190828,000000,25.754,25.754,25.737,25.737,134,0
EMFQ.US,D,20190829,000000,26.042,26.174,26.042,26.158,655,0
EMFQ.US,D,20190830,000000,26.234,26.317,26.234,26.317,225,0
EMFQ.US,D,20190903,000000,26.104,26.104,25.966,25.966,1542,0
EMFQ.US,D,20190904,000000,26.343,26.352,26.343,26.352,160,0
EMFQ.US,D,20190905,000000,26.832,26.832,26.832,26.832,1074,0
EMFQ.US,D,20190906,000000,26.943,26.943,26.943,26.943,176,0
EMFQ.US,D,20190909,000000,27.002,27.002,26.796,26.796,421,0
EMFQ.US,D,20190910,000000,26.53,26.53,26.53,26.53,11,0
EMFQ.US,D,20190911,000000,26.872,26.927,26.872,26.927,100,0
EMFQ.US,D,20190912,000000,27.133,27.133,27.133,27.133,11,0
EMFQ.US,D,20190913,000000,27.092,27.092,27.084,27.089,548,0
EMFQ.US,D,20190916,000000,26.831,26.831,26.831,26.831,155,0
EMFQ.US,D,20190917,000000,26.957,26.957,26.957,26.957,11,0
EMFQ.US,D,20190918,000000,26.763,26.763,26.763,26.763,501,0
EMFQ.US,D,20190919,000000,26.793,26.793,26.793,26.793,80,0
EMFQ.US,D,20190920,000000,26.734,26.792,26.734,26.734,373,0
EMFQ.US,D,20190923,000000,26.513,26.624,26.513,26.539,2260,0
EMFQ.US,D,20190924,000000,26.643,26.643,26.256,26.256,461,0
EMFQ.US,D,20190925,000000,26.004,26.273,26.004,26.273,140,0
EMFQ.US,D,20190926,000000,26.263,26.263,26.204,26.227,314,0
EMFQ.US,D,20190927,000000,26.224,26.304,25.704,25.83,2755,0
EMFQ.US,D,20190930,000000,26.034,26.034,26.004,26.019,1449,0
EMFQ.US,D,20191001,000000,25.964,25.964,25.824,25.869,470,0
EMFQ.US,D,20191002,000000,25.545,25.618,25.545,25.618,265,0
EMFQ.US,D,20191003,000000,25.595,25.795,25.595,25.795,258,0
EMFQ.US,D,20191004,000000,25.984,26.142,25.984,26.142,140,0
EMFQ.US,D,20191007,000000,26.024,26.084,26.009,26.009,272,0
EMFQ.US,D,20191008,000000,25.664,25.664,25.514,25.514,712,0
EMFQ.US,D,20191009,000000,25.655,25.719,25.655,25.719,892,0
EMFQ.US,D,20191010,000000,25.7,25.7,25.7,25.7,52,0
EMFQ.US,D,20191011,000000,26.014,26.062,25.921,25.926,473,0
EMFQ.US,D,20191014,000000,25.894,25.894,25.853,25.853,882,0
EMFQ.US,D,20191015,000000,25.924,26.224,25.924,26.207,1891,0
EMFQ.US,D,20191016,000000,26.265,26.335,26.263,26.335,210,0
EMFQ.US,D,20191017,000000,26.567,26.567,26.567,26.567,5,0
EMFQ.US,D,20191018,000000,26.533,26.533,26.213,26.213,701,0
EMFQ.US,D,20191021,000000,26.433,26.453,26.393,26.393,618,0
EMFQ.US,D,20191022,000000,26.463,26.528,26.434,26.434,502,0
EMFQ.US,D,20191023,000000,26.467,26.467,26.467,26.467,100,0
EMFQ.US,D,20191024,000000,26.533,26.669,26.533,26.669,100,0
EMFQ.US,D,20191025,000000,26.822,26.932,26.822,26.904,572,0
EMFQ.US,D,20191028,000000,27.082,27.151,27.082,27.141,936,0
EMFQ.US,D,20191029,000000,27.015,27.015,27.015,27.015,101,0
EMFQ.US,D,20191030,000000,26.912,27.007,26.912,27.007,173,0
EMFQ.US,D,20191031,000000,26.662,26.662,26.662,26.662,71,0
EMFQ.US,D,20191101,000000,26.76,26.76,26.76,26.76,50,0
EMFQ.US,D,20191104,000000,26.922,27.002,26.922,26.971,523,0
EMFQ.US,D,20191105,000000,26.886,26.886,26.886,26.886,3,0
EMFQ.US,D,20191106,000000,26.862,26.862,26.757,26.774,1714,0
EMFQ.US,D,20191107,000000,26.992,26.992,26.933,26.933,199,0
EMFQ.US,D,20191108,000000,26.707,26.707,26.672,26.672,150,0
EMFQ.US,D,20191111,000000,26.443,26.603,26.443,26.603,412,0
EMFQ.US,D,20191112,000000,26.474,26.474,26.474,26.474,42,0
EMFQ.US,D,20191113,000000,26.311,26.311,26.311,26.311,50,0
EMFQ.US,D,20191114,000000,26.164,26.169,26.164,26.169,897,0
EMFQ.US,D,20191115,000000,26.318,26.318,26.243,26.243,688,0
EMFQ.US,D,20191118,000000,26.263,26.263,26.218,26.218,1060,0
EMFQ.US,D,20191119,000000,26.243,26.243,26.235,26.235,100,0
EMFQ.US,D,20191120,000000,26.313,26.313,26.241,26.241,192,0
EMFQ.US,D,20191121,000000,26.263,26.327,26.263,26.327,100,0
EMFQ.US,D,20191122,000000,26.233,26.359,26.233,26.359,177,0
EMFQ.US,D,20191125,000000,26.423,26.694,26.423,26.69,801,0
EMFQ.US,D,20191126,000000,26.703,26.796,26.703,26.796,101,0
EMFQ.US,D,20191127,000000,26.882,26.982,26.882,26.982,698,0
EMFQ.US,D,20191129,000000,26.942,26.942,26.922,26.922,621,0
EMFQ.US,D,20191202,000000,26.663,26.777,26.663,26.777,505,0
EMFQ.US,D,20191203,000000,26.603,26.82,26.603,26.82,284,0
EMFQ.US,D,20191204,000000,26.982,26.982,26.982,26.982,80,0
EMFQ.US,D,20191205,000000,26.902,26.988,26.902,26.988,200,0
EMFQ.US,D,20191206,000000,27.142,27.152,27.132,27.152,505,0
EMFQ.US,D,20191209,000000,26.915,26.915,26.915,26.915,80,0
EMFQ.US,D,20191210,000000,26.862,26.922,26.862,26.922,237,0
EMFQ.US,D,20191211,000000,26.902,27.021,26.902,27.021,100,0
EMFQ.US,D,20191212,000000,27.092,27.133,27.092,27.133,106,0
EMFQ.US,D,20191213,000000,27.391,27.399,27.352,27.399,1299,0
EMFQ.US,D,20191216,000000,27.694,27.694,27.694,27.694,106,0
EMFQ.US,D,20191217,000000,27.762,27.762,27.762,27.762,2,0
EMFQ.US,D,20191218,000000,27.757,27.757,27.731,27.736,403,0
EMFQ.US,D,20191219,000000,27.691,27.691,27.676,27.676,100,0
EMFQ.US,D,20191220,000000,27.795,27.795,27.795,27.795,80,0
EMFQ.US,D,20191223,000000,27.863,27.863,27.863,27.863,158,0
EMFQ.US,D,20191224,000000,27.95,27.976,27.95,27.976,836,0
EMFQ.US,D,20191226,000000,28.181,28.181,28.181,28.181,90,0
EMFQ.US,D,20191227,000000,28.24,28.24,28.198,28.198,230,0
EMFQ.US,D,20191230,000000,28.14,28.14,27.9844,27.9844,200,0
EMFQ.US,D,20191231,000000,28.175,28.175,28.175,28.175,35,0
EMFQ.US,D,20200102,000000,28.5659,28.64,28.5659,28.64,207,0
EMFQ.US,D,20200103,000000,28.585,28.585,28.515,28.5217,874,0
EMFQ.US,D,20200106,000000,28.411,28.411,28.411,28.411,19,0
EMFQ.US,D,20200107,000000,28.6217,28.6217,28.6217,28.6217,1,0
EMFQ.US,D,20200108,000000,28.48,28.5671,28.48,28.5671,146,0
EMFQ.US,D,20200109,000000,28.8082,28.8082,28.8082,28.8082,11,0
EMFQ.US,D,20200110,000000,28.7871,28.7871,28.7389,28.7389,205,0
EMFQ.US,D,20200113,000000,29.2729,29.2729,29.2729,29.2729,8,0
EMFQ.US,D,20200114,000000,29.07,29.0974,29.07,29.0974,201,0
EMFQ.US,D,20200115,000000,29.1115,29.1115,29.0703,29.0703,178,0
EMFQ.US,D,20200116,000000,29.15,29.3144,29.15,29.3144,100,0
EMFQ.US,D,20200117,000000,29.4477,29.4477,29.2933,29.2933,318,0
EMFQ.US,D,20200121,000000,28.51,28.6822,28.51,28.6822,335,0
EMFQ.US,D,20200122,000000,28.83,28.83,28.5787,28.5787,111,0
EMFQ.US,D,20200123,000000,28.39,28.5671,28.39,28.5671,1265,0
EMFQ.US,D,20200124,000000,28.008,28.008,28.008,28.008,9,0
EMFQ.US,D,20200127,000000,27.3,27.3,27.2188,27.2188,366,0
EMFQ.US,D,20200128,000000,27.572,27.572,27.572,27.572,94,0
EMFQ.US,D,20200129,000000,27.7075,27.7075,27.6069,27.6069,102,0
EMFQ.US,D,20200130,000000,27.3801,27.5063,27.36,27.5063,444,0
EMFQ.US,D,20200131,000000,27.0696,27.0696,27.0696,27.0696,73,0
EMFQ.US,D,20200203,000000,27.3297,27.3297,27.266,27.266,221,0
EMFQ.US,D,20200204,000000,27.9575,27.9575,27.9575,27.9575,5,0
EMFQ.US,D,20200205,000000,28.0157,28.0157,28.0157,28.0157,40,0
EMFQ.US,D,20200206,000000,28.075,28.075,28.0576,28.0576,100,0
EMFQ.US,D,20200207,000000,27.664,27.664,27.664,27.664,60,0
EMFQ.US,D,20200210,000000,27.8164,27.8164,27.8164,27.8164,37,0
EMFQ.US,D,20200211,000000,28.33,28.4729,28.312,28.3809,651,0
EMFQ.US,D,20200212,000000,28.7643,28.8233,28.7643,28.8194,1303,0
EMFQ.US,D,20200213,000000,28.618,28.6888,28.5907,28.5907,663,0
EMFQ.US,D,20200214,000000,28.469,28.55,28.375,28.4396,3929,0
EMFQ.US,D,20200218,000000,28.26,28.26,28,28.009,3503,0
EMFQ.US,D,20200219,000000,28.28,28.3615,28.28,28.3461,4048,0
EMFQ.US,D,20200220,000000,28.1,28.1,27.95,28.0662,1417,0
EMFQ.US,D,20200221,000000,27.82,27.82,27.807,27.8072,548,0
EMFQ.US,D,20200224,000000,26.64,26.6492,26.5,26.5648,4171,0
EMFQ.US,D,20200225,000000,26.27,26.2844,25.9078,25.9078,1119,0
EMFQ.US,D,20200226,000000,26.3,26.36,25.9496,25.9496,935,0
EMFQ.US,D,20200227,000000,25.38,25.68,25.02,25.1573,4582,0
EMFQ.US,D,20200228,000000,24.55,25.0911,24.45,25.0911,1037,0
EMFQ.US,D,20200302,000000,25.37,25.698,25.1954,25.698,1960,0
EMFQ.US,D,20200303,000000,28.26,28.26,25.3038,25.3038,1403,0
EMFQ.US,D,20200304,000000,26.1218,26.1218,26.1218,26.1218,43,0
EMFQ.US,D,20200305,000000,25.78,25.8472,25.755,25.8472,572,0
EMFQ.US,D,20200306,000000,25.0862,25.2343,25.0862,25.2343,120,0
EMFQ.US,D,20200309,000000,23.25,23.713,23.25,23.3868,5034,0
EMFQ.US,D,20200310,000000,24.08,24.0987,24.08,24.0987,244,0
EMFQ.US,D,20200311,000000,23.01,23.01,22.6,22.664,2878,0
EMFQ.US,D,20200312,000000,20.55,20.57,20.094,20.4279,2535,0
EMFQ.US,D,20200313,000000,20.91,21.0487,20.47,21.0487,795,0
EMFQ.US,D,20200316,000000,18.57,19.75,18.57,19.109,1372,0
EMFQ.US,D,20200317,000000,19.33,20.13,19.33,20.13,684,0
EMFQ.US,D,20200318,000000,19.47,19.5785,19.3417,19.3417,975,0
EMFQ.US,D,20200319,000000,19.38,19.6401,19.335,19.532,1061,0
EMFQ.US,D,20200320,000000,19.4414,19.4414,19.4414,19.4414,96,0
EMFQ.US,D,20200323,000000,19.51,19.51,19.4131,19.43,1336,0
EMFQ.US,D,20200324,000000,20.8097,21.18,20.8097,21.153,2222,0
EMFQ.US,D,20200325,000000,21.1679,21.78,21.1679,21.6469,2264,0
EMFQ.US,D,20200326,000000,21.85,22.3034,21.85,22.3034,2341,0
EMFQ.US,D,20200327,000000,21.5,21.7299,21.4399,21.5907,1358,0
EMFQ.US,D,20200330,000000,21.6,21.7508,21.6,21.7508,1187,0
EMFQ.US,D,20200331,000000,22.03,22.03,21.65,21.715,1517,0
EMFQ.US,D,20200401,000000,21.26,21.395,21.1485,21.1485,1580,0
EMFQ.US,D,20200402,000000,21.1,21.13,20.9,21.13,1343,0
EMFQ.US,D,20200403,000000,20.96,20.96,20.6428,20.759,812,0
EMFQ.US,D,20200406,000000,21.64,22.0968,21.64,22.0968,4645,0
EMFQ.US,D,20200407,000000,23.06,23.09,22.4577,22.4577,3730,0
EMFQ.US,D,20200408,000000,22.6489,22.8766,22.6489,22.8766,2601,0
EMFQ.US,D,20200409,000000,23.8701,23.8701,23.5,23.5618,1505,0
EMFQ.US,D,20200413,000000,23.53,23.53,23.2259,23.5072,2396,0
EMFQ.US,D,20200414,000000,24.08,24.41,24.08,24.2835,1599,0
EMFQ.US,D,20200415,000000,24.03,24.2,23.86,24.176,6011,0
EMFQ.US,D,20200416,000000,24.579,24.779,24.56,24.7614,1841,0
EMFQ.US,D,20200417,000000,25,25.029,24.85,25.0219,3392,0
EMFQ.US,D,20200420,000000,24.93,25.415,24.93,25.0402,4895,0
EMFQ.US,D,20200421,000000,24.67,24.67,24.24,24.4538,3163,0
EMFQ.US,D,20200422,000000,25,25.18,25,25.1679,3358,0
EMFQ.US,D,20200423,000000,25.25,25.359,24.91,24.9963,3142,0
EMFQ.US,D,20200424,000000,25.19,25.2541,25.19,25.2541,669,0
EMFQ.US,D,20200427,000000,25.61,25.8381,25.579,25.8381,2510,0
EMFQ.US,D,20200428,000000,26.59,26.59,26.085,26.2005,1945,0
EMFQ.US,D,20200429,000000,26.85,27.015,26.85,26.985,1923,0
EMFQ.US,D,20200430,000000,26.79,26.79,26.4599,26.5383,9177,0
EMFQ.US,D,20200501,000000,26.27,26.27,25.655,25.7446,3691,0
EMFQ.US,D,20200504,000000,25.74,26.0228,25.74,26.0228,781,0
EMFQ.US,D,20200505,000000,26.4,26.5,26.2218,26.2218,5912,0
EMFQ.US,D,20200506,000000,26.81,27.07,26.81,26.99,3424,0
EMFQ.US,D,20200507,000000,28.1,28.1,27.895,27.9731,5230,0
EMFQ.US,D,20200508,000000,28.35,28.6714,28.35,28.6714,3547,0
EMFQ.US,D,20200511,000000,28.95,29.3394,28.9,29.3394,2142,0
EMFQ.US,D,20200512,000000,29.44,29.49,29.0599,29.0599,3283,0
EMFQ.US,D,20200513,000000,29,29.1263,28.53,28.7045,3941,0
EMFQ.US,D,20200514,000000,28.05,28.568,28.05,28.568,2058,0
EMFQ.US,D,20200515,000000,28.26,28.5506,28.26,28.5506,2574,0
EMFQ.US,D,20200518,000000,29.23,29.46,29.23,29.3513,4180,0
EMFQ.US,D,20200519,000000,29.1,29.475,29.1,29.1246,2716,0
EMFQ.US,D,20200520,000000,29.86,29.99,29.638,29.7669,4551,0
EMFQ.US,D,20200521,000000,29.96,29.98,29.745,29.8128,5573,0
EMFQ.US,D,20200522,000000,30.02,30.0315,29.9499,30.0315,800,0
EMFQ.US,D,20200526,000000,31.14,31.27,31.0449,31.0449,11398,0
EMFQ.US,D,20200527,000000,30.79,30.79,30.3401,30.7301,2311,0
EMFQ.US,D,20200528,000000,30.9301,30.99,30.651,30.651,10896,0
EMFQ.US,D,20200529,000000,30.77,31.2414,30.65,31.2414,2814,0
EMFQ.US,D,20200601,000000,31.695,32.113,31.695,32.113,1936,0
EMFQ.US,D,20200602,000000,32.27,32.5401,32.269,32.5401,5773,0
EMFQ.US,D,20200603,000000,32.74,33.19,32.74,33.1156,7395,0
EMFQ.US,D,20200604,000000,32.66,32.85,32.6137,32.6137,24378,0
EMFQ.US,D,20200605,000000,33.305,33.3867,33.2854,33.2854,1047,0
EMFQ.US,D,20200608,000000,33.23,33.38,33.059,33.3624,4655,0
EMFQ.US,D,20200609,000000,33,33.245,33,33.2158,1810,0
EMFQ.US,D,20200610,000000,33.399,33.399,33.18,33.2475,7448,0
EMFQ.US,D,20200611,000000,32.18,32.4502,31.42,31.4848,11727,0
EMFQ.US,D,20200612,000000,32.28,32.44,31.6,32.0796,5285,0
EMFQ.US,D,20200615,000000,31.27,32.4,31.27,32.343,6212,0
EMFQ.US,D,20200616,000000,33.44,33.44,32.87,32.92,2996,0
EMFQ.US,D,20200617,000000,33.5951,33.79,33.509,33.5343,7319,0
EMFQ.US,D,20200618,000000,33.55,33.84,33.55,33.7268,4610,0
EMFQ.US,D,20200619,000000,34.21,34.25,33.8586,33.8586,1896,0
EMFQ.US,D,20200622,000000,34.25,34.4678,34.1301,34.4412,10643,0
EMFQ.US,D,20200623,000000,34.885,35.06,34.8078,34.8078,2912,0
EMFQ.US,D,20200624,000000,34.8,34.915,34,34.2821,8269,0
EMFQ.US,D,20200625,000000,34.24,34.8589,34.24,34.8589,7775,0
EMFQ.US,D,20200626,000000,34.31,34.31,33.9051,33.9051,6033,0
EMFQ.US,D,20200629,000000,33.85,34.06,33.54,34.0289,5559,0
EMFQ.US,D,20200630,000000,34,34.178,33.9745,34.178,10947,0
EMFQ.US,D,20200701,000000,34.45,34.69,34.4344,34.6413,6056,0
EMFQ.US,D,20200702,000000,35.03,35.3355,35.03,35.1061,3667,0
EMFQ.US,D,20200706,000000,35.8,35.9261,35.445,35.623,5380,0
EMFQ.US,D,20200707,000000,35.45,35.625,35.31,35.33,6367,0
EMFQ.US,D,20200708,000000,35.52,36.1249,35.52,36.1249,3191,0
EMFQ.US,D,20200709,000000,36.52,36.798,36.135,36.58,9474,0
EMFQ.US,D,20200710,000000,36.89,36.89,36.4701,36.6811,11042,0
EMFQ.US,D,20200713,000000,36.65,37.05,35.7663,35.7663,6204,0
EMFQ.US,D,20200714,000000,35.36,35.6901,34.95,35.6901,27030,0
EMFQ.US,D,20200715,000000,36.45,36.4898,35.96,36.3375,4733,0
EMFQ.US,D,20200716,000000,35.71,35.78,35.5881,35.6105,13502,0
EMFQ.US,D,20200717,000000,35.73,35.73,35.52,35.7008,2266,0
EMFQ.US,D,20200720,000000,35.8101,36.2967,35.8,36.2967,27494,0
EMFQ.US,D,20200721,000000,36.96,36.9889,36.7276,36.7276,1248,0
EMFQ.US,D,20200722,000000,36.615,36.74,36.485,36.726,3106,0
EMFQ.US,D,20200723,000000,36.63,36.79,36.065,36.1659,3512,0
EMFQ.US,D,20200724,000000,35.5,35.7296,35.26,35.7296,3843,0
EMFQ.US,D,20200727,000000,35.99,36.4256,35.99,36.4256,3677,0
EMFQ.US,D,20200728,000000,36.49,36.569,36.385,36.3877,3369,0
EMFQ.US,D,20200729,000000,36.708,36.909,36.64,36.7935,3173,0
EMFQ.US,D,20200730,000000,36.29,37.143,36.29,37.091,2338,0
EMFQ.US,D,20200731,000000,37.2301,37.3898,37.0501,37.3898,3309,0
EMFQ.US,D,20200803,000000,37.88,38.9499,37.88,38.9445,19087,0
EMFQ.US,D,20200804,000000,39,39.275,38.33,38.5643,10809,0
EMFQ.US,D,20200805,000000,38.93,39.375,38.93,39.2979,9033,0
EMFQ.US,D,20200806,000000,39.68,39.68,39.19,39.5773,13438,0
EMFQ.US,D,20200807,000000,39.27,39.655,39.27,39.5813,11356,0
EMFQ.US,D,20200810,000000,39.88,39.88,39.05,39.475,11011,0
EMFQ.US,D,20200811,000000,39.29,39.429,38.74,38.7402,8566,0
EMFQ.US,D,20200812,000000,38.54,38.7641,38.38,38.7118,9985,0
EMFQ.US,D,20200813,000000,39.1701,39.31,38.98,38.981,7636,0
EMFQ.US,D,20200814,000000,38.5,39.2799,38.5,38.9764,3222,0
EMFQ.US,D,20200817,000000,39.67,39.729,39.56,39.7187,2871,0
EMFQ.US,D,20200818,000000,40.34,40.509,40.115,40.4289,3835,0
EMFQ.US,D,20200819,000000,40.61,40.61,40.1733,40.1733,3291,0
EMFQ.US,D,20200820,000000,39.63,40.0458,39.63,40.0458,1843,0
EMFQ.US,D,20200821,000000,39.91,40.03,39.7942,40.03,2385,0
EMFQ.US,D,20200824,000000,40.56,40.56,40.06,40.2124,4747,0
EMFQ.US,D,20200825,000000,40.111,40.4337,40.111,40.4161,11343,0
EMFQ.US,D,20200826,000000,40.45,40.5987,40.379,40.469,6896,0
EMFQ.US,D,20200827,000000,40.47,40.47,39.955,40.1553,5136,0
EMFQ.US,D,20200828,000000,39.91,40.19,39.91,40.1615,2917,0
EMFQ.US,D,20200831,000000,40.32,40.4099,40.1,40.24,8415,0
EMFQ.US,D,20200901,000000,41.07,41.44,41.07,41.3847,3477,0
EMFQ.US,D,20200902,000000,41.5,41.5,40.8801,41.3467,7796,0
EMFQ.US,D,20200903,000000,40.79,40.79,39.47,39.7195,13700,0
EMFQ.US,D,20200904,000000,39.47,39.47,38.05,39.227,12702,0
EMFQ.US,D,20200908,000000,38.84,39.29,38.65,38.8893,19104,0
EMFQ.US,D,20200909,000000,39.15,39.29,39.129,39.2693,3856,0
EMFQ.US,D,20200910,000000,39.25,39.285,38.66,38.6657,2557,0
EMFQ.US,D,20200911,000000,38.8939,38.8939,38.36,38.5635,1862,0
EMFQ.US,D,20200914,000000,38.91,39.1377,38.91,39.1199,1535,0
EMFQ.US,D,20200915,000000,39.71,39.71,39.45,39.5494,4523,0
EMFQ.US,D,20200916,000000,40.16,40.16,39.755,39.804,1879,0
EMFQ.US,D,20200917,000000,39.78,39.9367,39.6599,39.9367,1436,0
EMFQ.US,D,20200918,000000,39.9701,39.9701,39.914,39.914,1800,0
EMFQ.US,D,20200921,000000,38.975,39.5832,38.6774,39.5832,4860,0
EMFQ.US,D,20200922,000000,39.65,39.808,39.3999,39.808,2394,0
EMFQ.US,D,20200923,000000,40.18,40.18,39.62,39.6379,5068,0
EMFQ.US,D,20200924,000000,38.79,39.2899,38.79,39.1288,4200,0
EMFQ.US,D,20200925,000000,39.35,39.6664,39.35,39.6664,3493,0
EMFQ.US,D,20200928,000000,40.18,40.18,39.9503,40.1144,2441,0
EMFQ.US,D,20200929,000000,40.61,40.68,40.5889,40.5889,3810,0
EMFQ.US,D,20200930,000000,40.64,40.8183,40.64,40.8143,1607,0
EMFQ.US,D,20201001,000000,40.97,41.2923,40.97,41.2923,2871,0
EMFQ.US,D,20201002,000000,41.12,41.3599,41.12,41.1851,4809,0
EMFQ.US,D,20201005,000000,41.62,41.699,41.4499,41.6917,5332,0
EMFQ.US,D,20201006,000000,41.93,41.93,41.4363,41.4363,2214,0
EMFQ.US,D,20201007,000000,42.01,42.35,42.01,42.3104,2886,0
EMFQ.US,D,20201008,000000,42.4,42.624,42.4,42.5948,3114,0
EMFQ.US,D,20201009,000000,43.24,43.55,43.24,43.3422,2636,0
EMFQ.US,D,20201012,000000,43.94,44.329,43.905,44.24,5087,0
EMFQ.US,D,20201013,000000,43.98,44.2,43.78,44.1467,3855,0
EMFQ.US,D,20201014,000000,44.22,44.3099,43.76,43.9442,4419,0
EMFQ.US,D,20201015,000000,43.11,43.7014,43.11,43.7014,2843,0
EMFQ.US,D,20201016,000000,44.295,44.445,44.256,44.256,1581,0
EMFQ.US,D,20201019,000000,44.25,44.439,44.035,44.059,3627,0
EMFQ.US,D,20201020,000000,44.82,44.93,44.55,44.5534,5650,0
EMFQ.US,D,20201021,000000,44.83,44.83,44.2601,44.491,2923,0
EMFQ.US,D,20201022,000000,44.12,44.225,43.76,44.0147,2526,0
EMFQ.US,D,20201023,000000,43.6,43.837,43.52,43.837,1227,0
EMFQ.US,D,20201026,000000,43.1401,43.1401,42.76,42.9364,1765,0
EMFQ.US,D,20201027,000000,43.2,43.31,43.12,43.253,2834,0
EMFQ.US,D,20201028,000000,42.49,42.62,42.25,42.4578,2784,0
EMFQ.US,D,20201029,000000,42.6301,42.8838,42.6301,42.8838,2963,0
EMFQ.US,D,20201030,000000,42.33,42.33,41.5304,41.6153,7151,0
EMFQ.US,D,20201102,000000,42.0029,42.19,41.92,42.1083,1494,0
EMFQ.US,D,20201103,000000,42.66,42.79,42.66,42.7506,586,0
EMFQ.US,D,20201104,000000,43.64,44.2399,43.55,44.2085,10787,0
EMFQ.US,D,20201105,000000,45.5,45.909,45.385,45.88,1822,0
EMFQ.US,D,20201106,000000,46,46.429,46,46.3491,6326,0
EMFQ.US,D,20201109,000000,46.21,46.21,45.1856,45.1856,4457,0
EMFQ.US,D,20201110,000000,44,44,43.0565,43.2816,5418,0
EMFQ.US,D,20201111,000000,44.0499,44.21,44.03,44.1788,4358,0
EMFQ.US,D,20201112,000000,44.81,44.99,44.374,44.374,2497,0
EMFQ.US,D,20201113,000000,45.12,45.4435,45.12,45.4435,4843,0
EMFQ.US,D,20201116,000000,45.2,45.48,45.2,45.39,2388,0
EMFQ.US,D,20201117,000000,45.24,45.35,45,45.3447,4794,0
EMFQ.US,D,20201118,000000,45.4,45.64,45.279,45.4522,3896,0
EMFQ.US,D,20201119,000000,45.44,46.52,45.44,46.52,6934,0
EMFQ.US,D,20201120,000000,46.86,47.33,46.86,47.325,6181,0
EMFQ.US,D,20201123,000000,47.8499,48,47.4,47.97,11429,0
EMFQ.US,D,20201124,000000,48.23,48.4296,47.9,48.4296,6957,0
EMFQ.US,D,20201125,000000,47.96,49.23,47.96,49.1039,98620,0
EMFQ.US,D,20201127,000000,50.16,50.16,49.65,49.7711,20407,0
EMFQ.US,D,20201130,000000,49.48,49.51,48.49,48.84,11688,0
EMFQ.US,D,20201201,000000,49.49,49.49,48.7201,48.7466,8768,0
EMFQ.US,D,20201202,000000,48.3,49.0875,47.9,49.0875,10922,0
EMFQ.US,D,20201203,000000,49.73,49.83,49.47,49.5704,7152,0
EMFQ.US,D,20201204,000000,49.63,49.7039,49.2698,49.3746,4325,0
EMFQ.US,D,20201207,000000,49.08,49.45,49.0032,49.0443,10394,0
EMFQ.US,D,20201208,000000,49.39,49.74,49.34,49.7267,4692,0
EMFQ.US,D,20201209,000000,49.95,49.95,48.76,48.92,9026,0
EMFQ.US,D,20201210,000000,48.58,50,48.58,50,6212,0
EMFQ.US,D,20201211,000000,50,50.3901,49.769,50.1111,6216,0
EMFQ.US,D,20201214,000000,50.445,50.445,49.9779,50.189,8913,0
EMFQ.US,D,20201215,000000,49.97,50.215,49.859,50.085,4390,0
EMFQ.US,D,20201216,000000,50.119,50.709,50.05,50.6173,9795,0
EMFQ.US,D,20201217,000000,50.98,51.039,50.8467,50.9472,4535,0
EMFQ.US,D,20201218,000000,50.89,51.485,50.89,51.2746,5255,0
EMFQ.US,D,20201221,000000,50.51,51.169,50.51,51.0601,5617,0
EMFQ.US,D,20201222,000000,50.77,51.1427,50.6,51.1427,12167,0
EMFQ.US,D,20201223,000000,51.47,51.47,51.01,51.0644,5956,0
EMFQ.US,D,20201224,000000,51.15,51.26,50.81,51.0281,4283,0
EMFQ.US,D,20201228,000000,50.99,50.99,49.64,49.9303,10472,0
EMFQ.US,D,20201229,000000,50.824,50.9667,50.5,50.8224,4738,0
EMFQ.US,D,20201230,000000,51.36,52.07,51.36,51.8538,10284,0
EMFQ.US,D,20201231,000000,51.92,51.92,51.19,51.3161,6083,0
EMFQ.US,D,20210104,000000,52.01,52.01,50.64,50.9127,4724,0
EMFQ.US,D,20210105,000000,51.9505,52.41,51.413,52.383,6325,0
EMFQ.US,D,20210106,000000,51.85,51.94,51.1981,51.1981,10131,0
EMFQ.US,D,20210107,000000,51.43,51.98,51.43,51.9151,3115,0
EMFQ.US,D,20210108,000000,52.58,52.75,52.15,52.689,8590,0
EMFQ.US,D,20210111,000000,51.52,51.9964,51.4201,51.7909,9400,0
EMFQ.US,D,20210112,000000,52.17,53.1099,52.17,53.0376,10558,0
EMFQ.US,D,20210113,000000,53.12,53.62,52.72,53.245,7261,0
EMFQ.US,D,20210114,000000,53.48,53.505,53.3399,53.3399,5282,0
EMFQ.US,D,20210115,000000,52.86,52.86,52.28,52.4828,37566,0
EMFQ.US,D,20210119,000000,52.72,52.9119,52.48,52.9119,13068,0
EMFQ.US,D,20210120,000000,53.61,53.81,53.44,53.7612,6859,0
EMFQ.US,D,20210121,000000,54.38,54.8291,54.125,54.8291,5744,0
EMFQ.US,D,20210122,000000,54.39,55.23,54.39,55.18,24553,0
EMFQ.US,D,20210125,000000,56.08,56.245,54.96,55.5319,19021,0
EMFQ.US,D,20210126,000000,55.49,55.49,54.98,55.1385,5618,0
EMFQ.US,D,20210127,000000,54.04,54.955,53.34,53.8623,9581,0
EMFQ.US,D,20210128,000000,54.23,54.7,54.23,54.3913,10414,0
EMFQ.US,D,20210129,000000,53.67,53.765,53.11,53.11,5853,0
EMFQ.US,D,20210201,000000,54.13,54.719,53.9696,54.712,15834,0
EMFQ.US,D,20210202,000000,55.81,55.81,55.23,55.7927,24911,0
EMFQ.US,D,20210203,000000,56.47,56.85,56.4297,56.6322,22016,0
EMFQ.US,D,20210204,000000,56.83,57.6169,56.83,57.6169,7020,0
EMFQ.US,D,20210205,000000,58.31,58.39,57.9,58.3875,15478,0
EMFQ.US,D,20210208,000000,58.75,58.75,58.38,58.6272,10263,0
EMFQ.US,D,20210209,000000,59,59.76,59,59.5991,19379,0
EMFQ.US,D,20210210,000000,60.41,60.795,59.26,60.08,16820,0
EMFQ.US,D,20210211,000000,60.55,61.079,60.3532,60.9578,7518,0
EMFQ.US,D,20210212,000000,61,61.42,60.5,61.29,21711,0
EMFQ.US,D,20210216,000000,62.35,62.41,61.74,61.9391,24912,0
EMFQ.US,D,20210217,000000,61.97,61.97,60.79,61.3775,15399,0
EMFQ.US,D,20210218,000000,60.61,60.75,59.85,60.4833,15704,0
EMFQ.US,D,20210219,000000,60.71,61.435,60.71,61.178,3764,0
EMFQ.US,D,20210222,000000,60.32,60.46,59.66,59.6901,22382,0
EMFQ.US,D,20210223,000000,58.18,58.63,56,58.4692,30414,0
EMFQ.US,D,20210224,000000,58.23,58.56,57.645,58.4463,14039,0
EMFQ.US,D,20210225,000000,58.61,59.15,56.77,56.9489,9043,0
EMFQ.US,D,20210226,000000,56.63,57.21,55.869,56.8996,8044,0
EMFQ.US,D,20210301,000000,57.89,58.119,57.55,58.1103,8252,0
EMFQ.US,D,20210302,000000,57.97,57.97,57,57.0061,5536,0
EMFQ.US,D,20210303,000000,56.86,56.86,55.31,55.6545,9584,0
EMFQ.US,D,20210304,000000,55.15,55.282,52.92,53.6013,32331,0
EMFQ.US,D,20210305,000000,53.14,53.6,51.18,53.09,18062,0
EMFQ.US,D,20210308,000000,52.315,52.659,51.0858,51.0858,23175,0
EMFQ.US,D,20210309,000000,53,54.23,52.95,54.0006,15726,0
EMFQ.US,D,20210310,000000,54.43,54.43,53.145,53.4001,2742,0
EMFQ.US,D,20210311,000000,55.07,55.9,54.905,55.8911,30270,0
EMFQ.US,D,20210312,000000,54.79,55.3611,54.59,55.3611,18631,0
EMFQ.US,D,20210315,000000,55.59,56.4989,55.59,56.4907,4781,0
EMFQ.US,D,20210316,000000,57.23,57.495,56.49,56.7664,8851,0
EMFQ.US,D,20210317,000000,55.64,57.24,55.64,57.1991,1848,0
EMFQ.US,D,20210318,000000,56.34,56.4204,55.51,55.575,11853,0
EMFQ.US,D,20210319,000000,55.83,56.242,55.54,56.242,6697,0
EMFQ.US,D,20210322,000000,56.36,56.36,55.7426,55.7426,8211,0
EMFQ.US,D,20210323,000000,54.78,54.801,54.38,54.4787,11905,0
EMFQ.US,D,20210324,000000,53.79,53.81,51.5664,51.5664,14609,0
EMFQ.US,D,20210325,000000,51.14,51.58,50.96,51.4562,37807,0
EMFQ.US,D,20210326,000000,52.27,52.795,51.1,52.2733,52347,0
EMFQ.US,D,20210329,000000,51.97,52.1,51.25,51.3641,16891,0
EMFQ.US,D,20210330,000000,51.17,51.96,51.01,51.8223,40532,0
EMFQ.US,D,20210331,000000,52.789,52.789,52.6846,52.6846,10049,0
EMFQ.US,D,20210401,000000,53.8,54.4726,53.8,54.4726,19554,0
EMFQ.US,D,20210405,000000,54.74,54.74,54.05,54.1896,28547,0
EMFQ.US,D,20210406,000000,53.82,54.7599,53.61,54.52,20928,0
EMFQ.US,D,20210407,000000,54.29,54.35,54.015,54.05,12513,0
EMFQ.US,D,20210408,000000,54.51,54.63,54.29,54.4005,37684,0
EMFQ.US,D,20210409,000000,54.23,54.3459,54.06,54.3459,14432,0
EMFQ.US,D,20210412,000000,53.56,53.85,53.17,53.1981,8323,0
EMFQ.US,D,20210413,000000,53.83,54.3,53.82,54.193,34929,0
EMFQ.US,D,20210414,000000,54.56,54.56,53.8726,53.8726,19971,0
EMFQ.US,D,20210415,000000,54.22,54.23,53.66,53.8346,34427,0
EMFQ.US,D,20210416,000000,53.85,53.885,53.5505,53.8817,3513,0
EMFQ.US,D,20210419,000000,53.74,53.96,53.29,53.4118,14439,0
EMFQ.US,D,20210420,000000,52.96,52.99,51.87,52.2045,37144,0
EMFQ.US,D,20210421,000000,51.6,52.676,51.6,52.676,3978,0
EMFQ.US,D,20210422,000000,52.96,53.575,52.96,53.0093,2242,0
EMFQ.US,D,20210423,000000,53.15,54.29,53.15,54.1991,17898,0
EMFQ.US,D,20210426,000000,53.93,54.651,53.93,54.651,4710,0
EMFQ.US,D,20210427,000000,54.78,54.78,54.48,54.702,9301,0
EMFQ.US,D,20210428,000000,54.73,55.55,54.73,55.2796,1277,0
EMFQ.US,D,20210429,000000,55.55,55.55,54,54.39,5162,0
EMFQ.US,D,20210430,000000,53.87,54.07,53.5339,53.5339,8573,0
EMFQ.US,D,20210503,000000,53.86,54.0167,53.4433,53.4433,2432,0
EMFQ.US,D,20210504,000000,52.55,52.55,51.5,51.9426,19548,0
EMFQ.US,D,20210505,000000,52.32,52.32,51.73,51.8283,8089,0
EMFQ.US,D,20210506,000000,51.23,51.33,50.73,51.243,26028,0
EMFQ.US,D,20210507,000000,51.88,52.34,51.85,51.9653,9457,0
EMFQ.US,D,20210510,000000,51.23,51.23,49.93,50.2925,124315,0
EMFQ.US,D,20210511,000000,48.24,50.02,48.21,49.84,29592,0
EMFQ.US,D,20210512,000000,49.04,49.52,48.585,48.585,13657,0
EMFQ.US,D,20210513,000000,48.78,48.78,47.48,47.916,11622,0
EMFQ.US,D,20210514,000000,48.79,49.87,48.79,49.87,35921,0
EMFQ.US,D,20210517,000000,49.75,49.8198,49.52,49.8198,16711,0
EMFQ.US,D,20210518,000000,50.44,51.169,50.44,50.9346,6518,0
EMFQ.US,D,20210519,000000,50.12,50.8471,50.03,50.8471,27213,0
EMFQ.US,D,20210520,000000,51.63,52.065,51.62,52.0585,12291,0
EMFQ.US,D,20210521,000000,51.8,51.8,51.53,51.53,13006,0
EMFQ.US,D,20210524,000000,51.91,52.26,51.91,52.0939,6561,0
EMFQ.US,D,20210525,000000,52.68,52.68,52.2,52.2,5436,0
EMFQ.US,D,20210526,000000,52.54,52.8601,52.54,52.724,1503,0
EMFQ.US,D,20210527,000000,52.47,52.93,52.4,52.93,7028,0
EMFQ.US,D,20210528,000000,53.57,53.5809,53.2025,53.2025,1518,0
EMFQ.US,D,20210601,000000,54.07,54.755,54.07,54.6221,3239,0
EMFQ.US,D,20210602,000000,54.69,54.69,54.225,54.254,10134,0
EMFQ.US,D,20210603,000000,53.82,53.91,53.5888,53.5888,14159,0
EMFQ.US,D,20210604,000000,54.26,54.29,54.01,54.11,9527,0
EMFQ.US,D,20210607,000000,54.13,54.389,54.13,54.3882,1942,0
EMFQ.US,D,20210608,000000,55,55,54.589,54.7388,7323,0
EMFQ.US,D,20210609,000000,54.84,54.89,54.6948,54.6948,11493,0
EMFQ.US,D,20210610,000000,54.4,54.95,54.39,54.9,1621,0
EMFQ.US,D,20210611,000000,54.64,55.0154,54.64,55.0154,3956,0
EMFQ.US,D,20210614,000000,55.19,55.3867,55.19,55.3867,1052,0
EMFQ.US,D,20210615,000000,55.42,55.42,54.05,54.1285,1603,0
EMFQ.US,D,20210616,000000,54.05,54.05,53.71,53.71,2475,0
EMFQ.US,D,20210617,000000,53.36,54.53,53.36,54.2541,4671,0
EMFQ.US,D,20210618,000000,53.65,53.65,53.425,53.4621,796,0
EMFQ.US,D,20210621,000000,53.03,53.35,53.03,53.3204,15563,0
EMFQ.US,D,20210622,000000,52.86,53.1713,52.86,53.1713,2200,0
EMFQ.US,D,20210623,000000,53.38,53.44,53.2242,53.3464,3438,0
EMFQ.US,D,20210624,000000,53.83,54.47,53.83,54.2879,4360,0
EMFQ.US,D,20210625,000000,54.53,54.6001,54.4141,54.4141,1351,0
EMFQ.US,D,20210628,000000,54.72,54.85,54.7,54.8058,1429,0
EMFQ.US,D,20210629,000000,54.48,54.7547,54.48,54.7547,1066,0
EMFQ.US,D,20210630,000000,53.97,54,53.8614,53.8614,3493,0
EMFQ.US,D,20210701,000000,53.38,53.5157,53.32,53.5157,1143,0
EMFQ.US,D,20210702,000000,53.88,53.88,53.62,53.7706,1416,0
EMFQ.US,D,20210706,000000,52.88,52.9,52.73,52.7382,8497,0
EMFQ.US,D,20210707,000000,52.29,52.29,52.03,52.0334,1401,0
EMFQ.US,D,20210708,000000,50.49,51.1499,50.49,51.1499,596,0
EMFQ.US,D,20210709,000000,51.889,51.9282,51.88,51.9282,654,0
EMFQ.US,D,20210712,000000,52.09,52.09,51.81,51.8822,1767,0
EMFQ.US,D,20210713,000000,52,52.611,51.86,52.198,6331,0
EMFQ.US,D,20210714,000000,52.52,52.52,51.4807,51.4807,1932,0
EMFQ.US,D,20210715,000000,51.2,51.2,50.7404,50.7404,10870,0
EMFQ.US,D,20210716,000000,50.62,50.62,50.47,50.5025,1760,0
EMFQ.US,D,20210719,000000,49.52,49.65,49.11,49.569,2159,0
EMFQ.US,D,20210720,000000,49.09,49.621,49.09,49.621,2957,0
EMFQ.US,D,20210721,000000,50.41,50.5794,50.38,50.5794,1421,0
EMFQ.US,D,20210722,000000,51,51,50.7999,50.8193,858,0
EMFQ.US,D,20210723,000000,49.84,50.2037,49.84,50.2037,2974,0
EMFQ.US,D,20210726,000000,49.28,49.6452,49.1357,49.1803,2745,0
EMFQ.US,D,20210727,000000,48.061,48.19,47.62,48.1542,12316,0
EMFQ.US,D,20210728,000000,48.63,49.3401,48.62,49.2658,7032,0
EMFQ.US,D,20210729,000000,49.47,49.56,49.26,49.363,2119,0
EMFQ.US,D,20210730,000000,48.5,48.78,48.48,48.5572,12869,0
EMFQ.US,D,20210802,000000,48.949,48.949,48.7673,48.7673,1140,0
EMFQ.US,D,20210803,000000,48.165,48.2921,48.01,48.2921,3105,0
EMFQ.US,D,20210804,000000,48.76,49.04,48.611,48.6233,3784,0
EMFQ.US,D,20210805,000000,48.47,48.491,48.47,48.491,778,0
EMFQ.US,D,20210806,000000,48.055,48.055,47.94,47.9697,1153,0
EMFQ.US,D,20210809,000000,48.08,48.38,48.025,48.2497,4741,0
EMFQ.US,D,20210810,000000,48.78,48.78,48.4616,48.4616,2742,0
EMFQ.US,D,20210811,000000,48.45,48.4952,48.45,48.4952,540,0
EMFQ.US,D,20210812,000000,47.85,48.07,47.85,48.0019,3796,0
EMFQ.US,D,20210813,000000,48,48.07,47.7669,47.7669,2052,0
EMFQ.US,D,20210816,000000,47.14,47.14,46.7448,46.7448,987,0
EMFQ.US,D,20210817,000000,46,46,45.7307,45.7307,681,0
EMFQ.US,D,20210818,000000,46.07,46.5,46.07,46.2159,2616,0
EMFQ.US,D,20210819,000000,45.51,45.661,45.3801,45.3887,7182,0
EMFQ.US,D,20210820,000000,45.01,45.6701,45.01,45.6303,3057,0
EMFQ.US,D,20210823,000000,46.14,46.64,46.07,46.5659,2291,0
EMFQ.US,D,20210824,000000,47.2,47.92,47.2,47.8667,4366,0
EMFQ.US,D,20210825,000000,47.88,48.1041,47.88,48.0774,6414,0
EMFQ.US,D,20210826,000000,47.46,47.55,47.3401,47.4697,1742,0
EMFQ.US,D,20210827,000000,47.32,47.5604,47.32,47.5604,465,0
EMFQ.US,D,20210830,000000,47.56,47.98,47.56,47.9719,2304,0
EMFQ.US,D,20210831,000000,48.21,48.3696,48.21,48.3696,439,0
EMFQ.US,D,20210901,000000,49.12,49.37,49.12,49.2146,3097,0
EMFQ.US,D,20210902,000000,49.3001,49.3001,48.8372,48.8372,558,0
EMFQ.US,D,20210903,000000,48.93,48.98,48.84,48.935,1789,0
EMFQ.US,D,20210907,000000,49.1,49.465,49.1,49.33,4677,0
EMFQ.US,D,20210908,000000,48.28,48.3229,48.28,48.3229,222,0
EMFQ.US,D,20210909,000000,48.27,48.2701,48.16,48.16,317,0
EMFQ.US,D,20210910,000000,48.88,48.88,48.1983,48.1983,3825,0
EMFQ.US,D,20210913,000000,48.02,48.02,47.7902,47.7902,6317,0
EMFQ.US,D,20210914,000000,47.93,47.93,47.4815,47.4815,1252,0
EMFQ.US,D,20210915,000000,46.92,47.2573,46.92,47.2573,682,0
EMFQ.US,D,20210916,000000,46.46,46.98,46.46,46.98,317,0
EMFQ.US,D,20210917,000000,47.12,47.12,47.04,47.1163,711,0
EMFQ.US,D,20210920,000000,45.9457,45.9457,45.5,45.7617,888,0
EMFQ.US,D,20210921,000000,46.3,46.341,46.2419,46.2419,514,0
EMFQ.US,D,20210922,000000,46.82,46.82,46.668,46.668,2739,0
EMFQ.US,D,20210923,000000,47.08,47.1889,46.95,47.1889,2683,0
EMFQ.US,D,20210924,000000,46.686,46.686,46.686,46.686,224,0
EMFQ.US,D,20210927,000000,46.3,46.7228,46.3,46.7228,1135,0
EMFQ.US,D,20210928,000000,45.43,45.4424,45.2521,45.2521,663,0
EMFQ.US,D,20210929,000000,45.329,45.329,44.8245,44.8245,1094,0
EMFQ.US,D,20210930,000000,45.4,45.77,45.4,45.5488,658,0
EMFQ.US,D,20211001,000000,45.3139,45.3139,44.77,45.19,3557,0
EMFQ.US,D,20211004,000000,44.37,44.6,43.71,43.87,2988,0
EMFQ.US,D,20211005,000000,44.3301,44.39,44.2476,44.2476,2039,0
EMFQ.US,D,20211006,000000,43.56,43.6938,43.56,43.6938,479,0
EMFQ.US,D,20211007,000000,44.209,44.85,44.209,44.7605,708,0
EMFQ.US,D,20211008,000000,45.16,45.16,45.0397,45.0397,650,0
EMFQ.US,D,20211011,000000,45.01,45.01,44.33,44.33,2502,0
EMFQ.US,D,20211012,000000,44.12,44.12,43.9973,43.9973,2736,0
EMFQ.US,D,20211013,000000,44.5,44.7135,44.5,44.7135,352,0
EMFQ.US,D,20211014,000000,44.6301,44.8005,44.63,44.8005,977,0
EMFQ.US,D,20211015,000000,45.4027,45.4027,45.33,45.3311,904,0
EMFQ.US,D,20211018,000000,45.43,45.6671,45.43,45.6671,604,0
EMFQ.US,D,20211019,000000,46.33,46.4064,46.32,46.4064,297,0
EMFQ.US,D,20211020,000000,46.57,46.7091,46.57,46.6847,1345,0
EMFQ.US,D,20211021,000000,46.44,46.54,46.3888,46.3888,1119,0
EMFQ.US,D,20211022,000000,45.59,45.667,45.57,45.667,628,0
EMFQ.US,D,20211025,000000,45.53,45.53,45.37,45.4927,1215,0
EMFQ.US,D,20211026,000000,45.3,45.3,44.66,44.6932,644,0
EMFQ.US,D,20211027,000000,44.36,44.36,44.3206,44.3206,356,0
EMFQ.US,D,20211028,000000,43.98,44.3307,43.98,44.3307,658,0
EMFQ.US,D,20211029,000000,43.5,43.5281,43.48,43.5281,426,0
EMFQ.US,D,20211101,000000,43.9,44.3599,43.9,44.3599,1164,0
EMFQ.US,D,20211102,000000,44,44.0466,43.94,44.0466,874,0
EMFQ.US,D,20211103,000000,44.04,44.4171,44.04,44.4171,572,0
EMFQ.US,D,20211104,000000,44.48,44.48,44.09,44.2182,22958,0
EMFQ.US,D,20211105,000000,44.11,44.11,43.97,44,1416,0
EMFQ.US,D,20211108,000000,44.1543,44.5329,44.09,44.5329,4373,0
EMFQ.US,D,20211109,000000,44.61,44.61,44.56,44.5616,703,0
EMFQ.US,D,20211110,000000,43.9782,43.9782,43.9782,43.9782,79,0
EMFQ.US,D,20211111,000000,44.46,44.46,44.33,44.3386,1074,0
EMFQ.US,D,20211112,000000,44.56,44.8679,44.52,44.8679,740,0
EMFQ.US,D,20211115,000000,44.99,45.0409,44.84,44.9149,1748,0
EMFQ.US,D,20211116,000000,44.7,44.7,44.6011,44.6011,222,0
EMFQ.US,D,20211117,000000,43.83,43.8889,43.83,43.8889,343,0
EMFQ.US,D,20211118,000000,43.7,43.7,43.29,43.4612,1400,0
EMFQ.US,D,20211119,000000,43.61,43.705,43.42,43.42,767,0
EMFQ.US,D,20211122,000000,42.36,42.36,41.92,41.9331,3959,0
EMFQ.US,D,20211123,000000,41.92,41.92,41.19,41.4879,6310,0
EMFQ.US,D,20211124,000000,40.95,41.98,40.95,41.9244,4205,0
EMFQ.US,D,20211126,000000,41.1706,41.1706,41.1706,41.1706,193,0
EMFQ.US,D,20211129,000000,40.9265,40.9265,40.9265,40.9265,459,0
EMFQ.US,D,20211130,000000,39.95,39.95,39.34,39.7803,709,0
EMFQ.US,D,20211201,000000,39.95,39.95,38.5556,38.5556,719,0
EMFQ.US,D,20211202,000000,38.31,38.63,38.3,38.3562,1923,0
EMFQ.US,D,20211203,000000,37.63,37.63,36.82,36.9571,2357,0
EMFQ.US,D,20211206,000000,36.53,37.4309,36.53,37.3951,2109,0
EMFQ.US,D,20211207,000000,39.07,39.08,38.9794,38.9794,755,0
EMFQ.US,D,20211208,000000,39.325,39.339,39.2421,39.2421,1090,0
EMFQ.US,D,20211209,000000,38.75,38.75,38.2294,38.2294,869,0
EMFQ.US,D,20211210,000000,38.3,38.3,37.73,37.82,1308,0
EMFQ.US,D,20211213,000000,36.82,36.8847,36.82,36.8847,594,0
EMFQ.US,D,20211214,000000,36.6,36.6,36.15,36.3422,2562,0
EMFQ.US,D,20211215,000000,35.68,36.4984,35.36,36.4984,2401,0
EMFQ.US,D,20211216,000000,36.47,36.5,35.28,35.3858,1625,0
EMFQ.US,D,20211217,000000,35.14,36.142,35.14,36.0178,4014,0
EMFQ.US,D,20211220,000000,34.91,34.97,34.9,34.9368,12277,0
EMFQ.US,D,20211221,000000,36.09,36.1582,36.05,36.1582,1055,0
EMFQ.US,D,20211222,000000,35.7,36.0348,35.7,36.0348,1075,0
EMFQ.US,D,20211223,000000,36.31,36.3224,36.19,36.2423,1641,0
EMFQ.US,D,20211227,000000,36.33,36.33,36.13,36.13,508,0
EMFQ.US,D,20211228,000000,36.13,36.15,35.793,35.793,3549,0
EMFQ.US,D,20211229,000000,35.9879,35.9879,35.64,35.6864,649,0
EMFQ.US,D,20211230,000000,36.11,36.695,36.08,36.695,711,0
EMFQ.US,D,20211231,000000,36.79,36.916,36.5959,36.5959,901,0
EMFQ.US,D,20220103,000000,36.59,36.8501,36.59,36.7851,3441,0
EMFQ.US,D,20220104,000000,36.18,36.18,35.1,35.31,3588,0
EMFQ.US,D,20220105,000000,35.05,35.1,34.157,34.157,10708,0
EMFQ.US,D,20220106,000000,34.49,34.55,34.2222,34.2222,699,0
EMFQ.US,D,20220107,000000,34.48,34.48,34.16,34.2894,684,0
EMFQ.US,D,20220110,000000,33.937,33.937,33.937,33.937,60,0
EMFQ.US,D,20220111,000000,34.11,35.0101,34.11,34.9482,1527,0
EMFQ.US,D,20220112,000000,35.46,35.46,35.1435,35.1435,3536,0
EMFQ.US,D,20220113,000000,34.55,34.55,33.9707,33.9707,2256,0
EMFQ.US,D,20220114,000000,34.21,34.21,33.601,33.8588,323,0
EMFQ.US,D,20220118,000000,33.4839,33.5245,32.9545,32.9545,2354,0
EMFQ.US,D,20220119,000000,32.99,32.99,32.9446,32.9446,247,0
EMFQ.US,D,20220120,000000,33.64,33.64,32.9094,32.9094,130,0
EMFQ.US,D,20220121,000000,32.65,32.65,31.9826,31.9826,4960,0
EMFQ.US,D,20220124,000000,30.39,31.2063,30.39,31.2063,8219,0
EMFQ.US,D,20220125,000000,30.3339,30.5032,30.112,30.5032,1377,0
EMFQ.US,D,20220126,000000,30.83,30.8424,29.93,30.0111,2488,0
EMFQ.US,D,20220127,000000,29.64,29.6506,29.3495,29.3495,3395,0
EMFQ.US,D,20220128,000000,29.28,29.6669,29.27,29.6669,1523,0
EMFQ.US,D,20220131,000000,30.85,31.8179,30.85,31.8179,735,0
EMFQ.US,D,20220201,000000,32.11,32.1392,31.93,32.1392,1731,0
EMFQ.US,D,20220202,000000,31.51,31.64,31.501,31.5397,3569,0
EMFQ.US,D,20220203,000000,30.77,30.78,30.52,30.52,2372,0
EMFQ.US,D,20220204,000000,30.84,31.2413,30.7544,31.2413,2749,0
EMFQ.US,D,20220207,000000,31.36,31.36,30.99,30.9928,724,0
EMFQ.US,D,20220208,000000,31.37,31.5589,31.37,31.5589,332,0
EMFQ.US,D,20220209,000000,32.01,32.6255,32.01,32.6255,10588,0
EMFQ.US,D,20220210,000000,32.52,33.015,32.3564,32.3564,500,0
EMFQ.US,D,20220211,000000,32.4399,32.4399,31.3113,31.3113,1700,0
EMFQ.US,D,20220214,000000,31.555,31.555,30.79,31.0711,1178,0
EMFQ.US,D,20220215,000000,32.0199,32.2733,32.0199,32.2733,197,0
EMFQ.US,D,20220216,000000,32.07,32.3,32,32.1427,1892,0
EMFQ.US,D,20220217,000000,32.02,32.05,31.245,31.3035,2275,0
EMFQ.US,D,20220218,000000,30.88,30.91,30.51,30.5647,1422,0
EMFQ.US,D,20220222,000000,29.57,30.21,29.4601,29.5974,14036,0
EMFQ.US,D,20220223,000000,29.84,29.85,28.6825,28.6825,7883,0
EMFQ.US,D,20220224,000000,26.78,28.3629,26.78,28.3629,4839,0
EMFQ.US,D,20220225,000000,28.21,29.0044,28.21,29.0044,3297,0
EMFQ.US,D,20220228,000000,28.5,28.98,28.19,28.615,6384,0
EMFQ.US,D,20220301,000000,28.03,28.099,28.03,28.099,294,0
EMFQ.US,D,20220302,000000,27.2954,27.2954,27.2954,27.2954,62,0
EMFQ.US,D,20220303,000000,26.1152,26.1152,26.1152,26.1152,173,0
EMFQ.US,D,20220304,000000,24.3801,24.76,24.38,24.6267,789,0
EMFQ.US,D,20220307,000000,24.39,24.39,23.9892,23.9892,1085,0
EMFQ.US,D,20220308,000000,23.07,24.2,23.07,23.2968,6164,0
EMFQ.US,D,20220309,000000,23.4,24.2302,23.4,24.2302,391,0
EMFQ.US,D,20220310,000000,22.89,23.69,22.81,23.2758,14006,0
EMFQ.US,D,20220311,000000,23,23.15,22.2292,22.2292,10982,0
EMFQ.US,D,20220314,000000,21.3499,21.3499,21.13,21.2213,2209,0
EMFQ.US,D,20220315,000000,21.29,21.6304,21.29,21.6304,210,0
EMFQ.US,D,20220316,000000,22,25.3394,22,25.3394,8320,0
EMFQ.US,D,20220317,000000,24.37,25.15,24.37,25.0929,3381,0
EMFQ.US,D,20220318,000000,25.4,27.0301,25.39,26.901,3528,0
EMFQ.US,D,20220321,000000,26.01,26.16,25.63,25.7982,3808,0
EMFQ.US,D,20220322,000000,26.52,27.27,26.52,26.9841,6048,0
EMFQ.US,D,20220323,000000,26.63,27.62,26.6,27.0219,7452,0
EMFQ.US,D,20220324,000000,26.9499,27.141,26.9499,27.141,796,0
EMFQ.US,D,20220325,000000,27.05,27.05,26.41,26.4241,2975,0
EMFQ.US,D,20220328,000000,26.99,27.21,26.9,27.0735,5088,0
EMFQ.US,D,20220329,000000,27.8554,27.8997,27.8554,27.8997,363,0
EMFQ.US,D,20220330,000000,27.88,27.88,27.2066,27.2066,423,0
EMFQ.US,D,20220331,000000,26.7449,26.7449,26.7449,26.7449,53,0
EMFQ.US,D,20220401,000000,27.2337,27.2337,27.2337,27.2337,63,0
EMFQ.US,D,20220404,000000,28.15,28.4509,28.15,28.4509,1251,0
EMFQ.US,D,20220405,000000,27.57,27.6,27.3452,27.3452,10711,0
EMFQ.US,D,20220406,000000,26.56,26.5721,26.56,26.5721,437,0
EMFQ.US,D,20220407,000000,25.8319,25.8319,25.8319,25.8319,37,0
EMFQ.US,D,20220408,000000,25.69,25.81,25.5,25.5988,8795,0
EMFQ.US,D,20220411,000000,24.86,25.44,24.86,25.1715,6436,0
EMFQ.US,D,20220412,000000,25.07,25.0805,25.07,25.0805,360,0
EMFQ.US,D,20220413,000000,25.56,25.56,25.4753,25.4753,1101,0
EMFQ.US,D,20220414,000000,24.8706,24.8706,24.8706,24.8706,19,0
EMFQ.US,D,20220418,000000,24.5601,24.5601,24.24,24.4882,676,0
EMFQ.US,D,20220419,000000,25.2,25.2929,25.2,25.2929,188,0
EMFQ.US,D,20220420,000000,24.7,24.7,24.4473,24.4473,444,0
EMFQ.US,D,20220421,000000,24.22,24.22,23.8131,23.8131,177,0
EMFQ.US,D,20220422,000000,23.8113,23.8113,23.805,23.805,273,0
EMFQ.US,D,20220426,000000,23.93,23.93,23.1026,23.1026,1617,0
EMFQ.US,D,20220427,000000,23.11,23.62,23.11,23.3071,887,0
EMFQ.US,D,20220428,000000,23.205,23.7372,23.205,23.7372,224,0
EMFQ.US,D,20220429,000000,23.5827,23.5827,23.5827,23.5827,79,0
EMFQ.US,D,20220502,000000,23.51,23.8067,23.4,23.8067,624,0
EMFQ.US,D,20220503,000000,23.61,23.61,23.5267,23.5267,452,0
EMFQ.US,D,20220504,000000,23.53,23.9085,23.53,23.9085,669,0
EMFQ.US,D,20220505,000000,22.5411,22.5411,22.5411,22.5411,35,0
EMFQ.US,D,20220506,000000,21.8,21.8,21.7427,21.7427,121,0
EMFQ.US,D,20220509,000000,20.77,20.77,20.32,20.32,2739,0
EMFQ.US,D,20220510,000000,20.23,20.4856,20.15,20.4856,629,0
EMFQ.US,D,20220511,000000,19.7285,19.7285,19.7285,19.7285,27,0
EMFQ.US,D,20220512,000000,19.87,20.1425,19.83,20.1425,9705,0
EMFQ.US,D,20220513,000000,21.2977,21.2977,21.2977,21.2977,1,0
EMFQ.US,D,20220516,000000,20.9902,20.9902,20.8409,20.8409,294,0
EMFQ.US,D,20220517,000000,21.55,21.6805,21.55,21.6805,265,0
EMFQ.US,D,20220518,000000,21.3523,21.3631,21.3486,21.3486,2361,0
EMFQ.US,D,20220519,000000,21.92,22.37,21.92,22.1782,1603,0
EMFQ.US,D,20220520,000000,22.05,22.05,21.77,22.0331,701,0
EMFQ.US,D,20220523,000000,21.8,22.0008,21.8,22.0008,306,0
EMFQ.US,D,20220524,000000,21.0065,21.0065,21.0065,21.0065,49,0
EMFQ.US,D,20220525,000000,21.23,21.4558,21.23,21.4558,577,0
EMFQ.US,D,20220526,000000,21.34,22.12,21.34,22.0285,1595,0
EMFQ.US,D,20220527,000000,22.36,22.48,22.35,22.48,1582,0
EMFQ.US,D,20220531,000000,22.5788,22.5788,22.5788,22.5788,61,0
EMFQ.US,D,20220601,000000,22.2249,22.2249,22.1721,22.1721,193,0
EMFQ.US,D,20220602,000000,22.7,23.06,22.7,22.9913,554,0
EMFQ.US,D,20220603,000000,22.46,22.6641,22.46,22.6641,304,0
EMFQ.US,D,20220606,000000,22.9,22.9608,22.9,22.9608,228,0
EMFQ.US,D,20220607,000000,23.3151,23.3151,23.3151,23.3151,8,0
EMFQ.US,D,20220608,000000,23.6095,23.6095,23.6095,23.6095,26,0
EMFQ.US,D,20220609,000000,22.5748,22.5748,22.5748,22.5748,50,0
EMFQ.US,D,20220610,000000,22.1,22.1,21.7798,21.7798,238,0
EMFQ.US,D,20220613,000000,20.85,20.85,20.45,20.6255,571,0
EMFQ.US,D,20220614,000000,20.66,20.9367,20.66,20.9367,1257,0
EMFQ.US,D,20220615,000000,21.62,21.62,21.45,21.45,207,0
EMFQ.US,D,20220616,000000,20.6584,20.6584,20.6584,20.6584,4,0
EMFQ.US,D,20220617,000000,21.2954,21.2954,21.2954,21.2954,46,0
EMFQ.US,D,20220621,000000,21.7425,21.7425,21.7425,21.7425,41,0
EMFQ.US,D,20220622,000000,21.4861,21.4861,21.4861,21.4861,53,0
EMFQ.US,D,20220623,000000,21.57,21.9493,21.57,21.9493,413,0
EMFQ.US,D,20220624,000000,22.32,22.4918,22.32,22.4918,858,0
EMFQ.US,D,20220627,000000,22.345,22.49,22.158,22.1796,2273,0
EMFQ.US,D,20220628,000000,22.35,22.35,21.657,21.657,1064,0
EMFQ.US,D,20220629,000000,21.3826,21.3826,21.3826,21.3826,1,0
EMFQ.US,D,20220630,000000,21.0261,21.0261,21.0261,21.0261,65,0
EMFQ.US,D,20220701,000000,20.74,20.9751,20.74,20.9751,382,0
EMFQ.US,D,20220705,000000,20.79,21.4319,20.79,21.4319,122,0
EMFQ.US,D,20220706,000000,20.83,20.83,20.7932,20.7932,306,0
EMFQ.US,D,20220707,000000,21.76,21.8463,21.76,21.8463,680,0
EMFQ.US,D,20220708,000000,21.5011,21.5011,21.5011,21.5011,8,0
EMFQ.US,D,20220711,000000,20.8,20.8,20.6791,20.6791,126,0
EMFQ.US,D,20220712,000000,20.8187,20.8187,20.8187,20.8187,12,0
EMFQ.US,D,20220713,000000,20.76,20.76,20.6429,20.6429,202,0
EMFQ.US,D,20220714,000000,20.1,20.1,19.9931,19.9931,3800,0
EMFQ.US,D,20220715,000000,19.93,20.0765,19.93,20.0765,212,0
EMFQ.US,D,20220718,000000,20.3704,20.3704,20.3704,20.3704,29,0
EMFQ.US,D,20220719,000000,20.9046,20.9046,20.9046,20.9046,50,0
EMFQ.US,D,20220720,000000,21.14,21.25,21.1,21.2089,8005,0
EMFQ.US,D,20220721,000000,21.1,21.2019,21.1,21.2019,2050,0
EMFQ.US,D,20220722,000000,21.07,21.07,20.51,20.5853,1127,0
EMFQ.US,D,20220725,000000,20.7601,20.7984,20.74,20.7984,976,0
EMFQ.US,D,20220726,000000,20.52,20.538,20.52,20.538,231,0
EMFQ.US,D,20220727,000000,21.1738,21.1738,21.1738,21.1738,95,0
EMFQ.US,D,20220728,000000,21.1835,21.1835,21.1835,21.1835,5,0
EMFQ.US,D,20220729,000000,20.87,20.969,20.87,20.969,154,0
EMFQ.US,D,20220801,000000,20.7411,20.7411,20.7411,20.7411,65,0
EMFQ.US,D,20220802,000000,20.8,20.8673,20.8,20.8673,402,0
EMFQ.US,D,20220803,000000,21.39,21.61,21.39,21.5998,602,0
EMFQ.US,D,20220804,000000,22.38,22.48,22.38,22.48,2103,0
EMFQ.US,D,20220805,000000,22.15,22.2702,22.15,22.2702,1076,0
EMFQ.US,D,20220808,000000,22.3924,22.3924,22.3924,22.3924,25,0
EMFQ.US,D,20220809,000000,21.9464,21.9464,21.9464,21.9464,5,0
EMFQ.US,D,20220810,000000,22.36,22.6252,22.36,22.6252,731,0
EMFQ.US,D,20220811,000000,23.1,23.1001,22.5274,22.5274,431,0
EMFQ.US,D,20220812,000000,23.1033,23.1033,23.1033,23.1033,25,0
EMFQ.US,D,20220815,000000,23.11,23.1141,23.11,23.1141,363,0
EMFQ.US,D,20220816,000000,22.9599,22.9599,22.9599,22.9599,35,0
EMFQ.US,D,20220817,000000,22.3675,22.3675,22.3675,22.3675,78,0
EMFQ.US,D,20220818,000000,22.2022,22.2022,22.2022,22.2022,6,0
EMFQ.US,D,20220819,000000,21.4982,21.4982,21.4982,21.4982,1,0
EMFQ.US,D,20220822,000000,21.2335,21.2335,21.2335,21.2335,12,0
EMFQ.US,D,20220823,000000,21.438,21.438,21.438,21.438,49,0
EMFQ.US,D,20220824,000000,22.04,22.04,21.98,21.98,333,0
EMFQ.US,D,20220825,000000,22.4014,22.4014,22.4014,22.4014,23,0
EMFQ.US,D,20220826,000000,22.1211,22.1211,22.1211,22.1211,16,0
EMFQ.US,D,20220829,000000,21.788,21.788,21.788,21.788,2,0
EMFQ.US,D,20220830,000000,21.521,21.521,21.521,21.521,16,0
EMFQ.US,D,20220831,000000,21.7199,21.7199,21.7199,21.7199,63,0
EMFQ.US,D,20220901,000000,21.3811,21.3811,21.3811,21.3811,53,0
EMFQ.US,D,20220902,000000,21.1044,21.1044,21.1044,21.1044,5,0
EMFQ.US,D,20220906,000000,20.8372,20.8372,20.8372,20.8372,5,0
EMFQ.US,D,20220907,000000,21.1844,21.1844,21.1844,21.1844,1,0
EMFQ.US,D,20220908,000000,21.2136,21.2136,21.2136,21.2136,5,0
EMFQ.US,D,20220909,000000,21.85,21.8831,21.85,21.8831,437,0
EMFQ.US,D,20220912,000000,22.6862,22.6862,22.6862,22.6862,50,0
EMFQ.US,D,20220913,000000,21.85,21.85,21.8422,21.8422,29,0
EMFQ.US,D,20220914,000000,22.0704,22.0704,22.0704,22.0704,33,0
EMFQ.US,D,20220915,000000,21.8596,21.8596,21.8596,21.8596,95,0
EMFQ.US,D,20220916,000000,21.46,21.46,21.2046,21.2046,162,0
EMFQ.US,D,20220919,000000,21.3401,21.3401,21.3401,21.3401,10,0
EMFQ.US,D,20220920,000000,21.1506,21.1506,21.1506,21.1506,80,0
EMFQ.US,D,20220921,000000,20.8595,20.8595,20.8595,20.8595,26,0
EMFQ.US,D,20220922,000000,20.55,20.55,20.26,20.3662,320,0
EMFQ.US,D,20220923,000000,19.7252,19.7252,19.7252,19.7252,18,0
EMFQ.US,D,20220926,000000,19.3323,19.3323,19.3323,19.3323,4,0
EMFQ.US,D,20220927,000000,19.3188,19.3188,19.3188,19.3188,155,0
EMFQ.US,D,20220928,000000,19.6964,19.6964,19.6964,19.6964,27,0
EMFQ.US,D,20220929,000000,18.75,18.9034,18.75,18.9034,180,0
EMFQ.US,D,20220930,000000,19.0372,19.0372,19.0372,19.0372,23,0
EMFQ.US,D,20221003,000000,19.3,19.5167,19.3,19.5167,1100,0
EMFQ.US,D,20221004,000000,20.444,20.444,20.444,20.444,137,0
EMFQ.US,D,20221005,000000,20.13,20.3787,20.13,20.3787,333,0
EMFQ.US,D,20221006,000000,20.362,20.362,20.362,20.362,17,0
EMFQ.US,D,20221007,000000,19.7079,19.7079,19.7079,19.7079,2,0
EMFQ.US,D,20221010,000000,19.3223,19.3223,19.3223,19.3223,16,0
EMFQ.US,D,20221011,000000,18.7458,18.7458,18.7458,18.7458,60,0
EMFQ.US,D,20221012,000000,18.7963,18.7963,18.7963,18.7963,52,0
EMFQ.US,D,20221013,000000,18.6535,18.6535,18.6535,18.6535,12,0
EMFQ.US,D,20221014,000000,18.2193,18.2193,18.2193,18.2193,4,0
EMFQ.US,D,20221017,000000,18.9707,18.9707,18.9707,18.9707,39,0
EMFQ.US,D,20221018,000000,19.0226,19.0226,19.0226,19.0226,1,0
EMFQ.US,D,20221019,000000,18.69,18.69,18.6059,18.6059,1038,0
EMFQ.US,D,20221020,000000,19.07,19.07,18.7389,18.7389,2095,0
EMFQ.US,D,20221021,000000,18.9392,18.9392,18.9392,18.9392,2,0
EMFQ.US,D,20221024,000000,18.2582,18.2582,18.2582,18.2582,116,0
EMFQ.US,D,20221025,000000,18.55,18.7101,18.28,18.7001,800,0
EMFQ.US,D,20221026,000000,18.7001,18.7001,18.7001,18.7001,1,0
EMFQ.US,D,20221027,000000,18.3955,18.3955,18.3955,18.3955,1,0
EMFQ.US,D,20221028,000000,18.4918,18.4918,18.4918,18.4918,84,0
EMFQ.US,D,20221031,000000,18.5992,18.5992,18.5992,18.5992,74,0
EMFQ.US,D,20221101,000000,19.0379,19.0379,19.0379,19.0379,1,0
EMFQ.US,D,20221102,000000,18.95,18.95,18.6463,18.6463,305,0
EMFQ.US,D,20221103,000000,18.5,18.7177,18.5,18.7177,2001,0
EMFQ.US,D,20221104,000000,19.3375,19.3375,19.3375,19.3375,1,0
EMFQ.US,D,20221107,000000,19.4901,19.5035,19.49,19.5035,882,0
EMFQ.US,D,20221108,000000,19.67,19.67,19.28,19.4909,5343,0
EMFQ.US,D,20221109,000000,18.95,18.95,18.7604,18.7604,240,0
EMFQ.US,D,20221110,000000,19.63,19.74,19.6,19.7209,2541,0
EMFQ.US,D,20221111,000000,20.82,20.96,20.82,20.8801,2505,0
EMFQ.US,D,20221114,000000,21.0701,21.0701,20.9608,20.9608,236,0
EMFQ.US,D,20221115,000000,22.075,22.075,21.8904,21.8904,346,0
EMFQ.US,D,20221116,000000,20.8815,20.8815,20.8815,20.8815,2,0
EMFQ.US,D,20221117,000000,20.9299,20.9299,20.8652,20.8652,216,0
EMFQ.US,D,20221118,000000,20.4996,20.4996,20.4996,20.4996,1,0
EMFQ.US,D,20221121,000000,20.0421,20.0421,20.0421,20.0421,71,0
EMFQ.US,D,20221122,000000,19.8303,19.8303,19.8303,19.8303,81,0
EMFQ.US,D,20221123,000000,20.2217,20.2217,20.2217,20.2217,26,0
EMFQ.US,D,20221125,000000,19.7475,19.7475,19.7475,19.7475,2,0
EMFQ.US,D,20221128,000000,19.7,19.7,19.5562,19.5562,102,0
EMFQ.US,D,20221129,000000,20.0181,20.0181,20.0181,20.0181,27,0
EMFQ.US,D,20221130,000000,20.8705,21.041,20.8705,21.041,561,0
EMFQ.US,D,20221201,000000,20.9491,20.9491,20.9491,20.9491,5,0
EMFQ.US,D,20221202,000000,21.08,21.385,21.08,21.3836,534,0
EMFQ.US,D,20221205,000000,21.1098,21.1098,21.1098,21.1098,3,0
EMFQ.US,D,20221206,000000,21.26,21.26,21.1852,21.1852,152,0
EMFQ.US,D,20221207,000000,20.59,20.8101,20.59,20.8096,1050,0
EMFQ.US,D,20221208,000000,21.28,21.28,21.28,21.28,1,0
EMFQ.US,D,20221209,000000,21.2,21.2,20.9717,20.9717,219,0
EMFQ.US,D,20221212,000000,20.6117,20.6117,20.6117,20.6117,52,0
EMFQ.US,D,20221213,000000,21.1573,21.1573,21.1573,21.1573,1,0
EMFQ.US,D,20221214,000000,21.1115,21.1115,21.0805,21.0805,664,0
EMFQ.US,D,20221215,000000,20.1726,20.1726,20.1726,20.1726,1,0
EMFQ.US,D,20221216,000000,20.0635,20.0635,20.0635,20.0635,206,0
EMFQ.US,D,20221219,000000,20.06,20.06,19.9563,19.9563,152,0
EMFQ.US,D,20221220,000000,19.8489,19.8489,19.8489,19.8489,1,0
EMFQ.US,D,20221221,000000,20.2627,20.2627,20.2627,20.2627,86,0
EMFQ.US,D,20221222,000000,19.81,20.0248,19.81,20.0248,131,0
EMFQ.US,D,20221223,000000,19.98,20.05,19.97,20.0459,2285,0
EMFQ.US,D,20221227,000000,19.92,20.301,19.92,20.301,899,0
EMFQ.US,D,20221228,000000,19.79,19.79,19.72,19.7247,1242,0
EMFQ.US,D,20221229,000000,20.2301,20.2301,20.2301,20.2301,2,0
EMFQ.US,D,20221230,000000,19.56,19.6973,19.56,19.6973,142,0
EMFQ.US,D,20230103,000000,19.655,19.6805,19.655,19.6805,2603,0
EMFQ.US,D,20230104,000000,20.46,20.5793,20.46,20.5793,200,0
EMFQ.US,D,20230105,000000,20.6571,20.6571,20.6571,20.6571,3,0
EMFQ.US,D,20230106,000000,21.09,21.115,21.09,21.115,305,0
EMFQ.US,D,20230109,000000,21.49,21.6101,21.49,21.5561,1172,0
EMFQ.US,D,20230110,000000,21.7008,21.7008,21.7008,21.7008,51,0
EMFQ.US,D,20230111,000000,22.021,22.021,22.021,22.021,85,0
EMFQ.US,D,20230112,000000,22.1238,22.1238,22.1238,22.1238,53,0
EMFQ.US,D,20230113,000000,22.5803,22.5803,22.5803,22.5803,62,0
EMFQ.US,D,20230117,000000,22.5097,22.5097,22.4948,22.4948,315,0
EMFQ.US,D,20230118,000000,22.46,22.46,22.175,22.175,150,0
EMFQ.US,D,20230119,000000,22.083,22.083,22.083,22.083,1,0
EMFQ.US,D,20230120,000000,22.6881,22.6881,22.6881,22.6881,205,0
EMFQ.US,D,20230123,000000,22.89,22.9745,22.89,22.9745,1054,0
EMFQ.US,D,20230124,000000,22.9254,22.9254,22.9254,22.9254,18,0
EMFQ.US,D,20230125,000000,23.1538,23.1538,23.1538,23.1538,115,0
EMFQ.US,D,20230126,000000,23.35,23.5602,23.35,23.5602,186,0
EMFQ.US,D,20230127,000000,23.811,23.811,23.811,23.811,19,0
EMFQ.US,D,20230130,000000,23.07,23.07,22.846,22.846,484,0
EMFQ.US,D,20230131,000000,23.0132,23.0132,23.0132,23.0132,1,0
EMFQ.US,D,20230201,000000,23.2601,23.7738,23.2501,23.7738,672,0
EMFQ.US,D,20230202,000000,24.0199,24.12,23.8099,23.9565,7175,0
EMFQ.US,D,20230203,000000,23.78,23.78,23.36,23.3921,1700,0
EMFQ.US,D,20230206,000000,22.8235,22.8235,22.79,22.8146,618,0
EMFQ.US,D,20230207,000000,22.93,23.0119,22.88,23.0119,304,0
EMFQ.US,D,20230208,000000,22.85,22.86,22.7723,22.7723,1132,0
EMFQ.US,D,20230209,000000,23.09,23.09,22.7017,22.7017,296,0
EMFQ.US,D,20230210,000000,22.25,22.25,22.03,22.0376,333,0
EMFQ.US,D,20230213,000000,22.39,22.52,22.39,22.4219,852,0
EMFQ.US,D,20230214,000000,22.22,22.3721,22.22,22.3721,101,0
EMFQ.US,D,20230215,000000,22.547,22.547,22.547,22.547,24,0
EMFQ.US,D,20230216,000000,22.2294,22.2294,22.2294,22.2294,53,0
EMFQ.US,D,20230217,000000,21.72,21.7313,21.72,21.7313,104,0
EMFQ.US,D,20230221,000000,21.4008,21.4008,21.4008,21.4008,2,0
EMFQ.US,D,20230222,000000,21.2792,21.2792,21.2792,21.2792,3,0
EMFQ.US,D,20230223,000000,21.2456,21.2456,21.2456,21.2456,2,0
EMFQ.US,D,20230224,000000,20.7597,20.7597,20.7597,20.7597,50,0
EMFQ.US,D,20230227,000000,20.8645,20.8645,20.8645,20.8645,2,0
EMFQ.US,D,20230228,000000,20.9235,20.9235,20.9235,20.9235,79,0
EMFQ.US,D,20230301,000000,21.08,21.08,21.0654,21.0654,143,0
EMFQ.US,D,20230302,000000,21,21.1115,21,21.1115,1706,0
EMFQ.US,D,20230303,000000,21.24,21.2462,21.24,21.2462,155,0
EMFQ.US,D,20230306,000000,21.1668,21.1668,21.1668,21.1668,69,0
EMFQ.US,D,20230307,000000,21.0599,21.11,20.96,20.9748,1174,0
EMFQ.US,D,20230308,000000,21.1392,21.1392,21.1392,21.1392,2,0
EMFQ.US,D,20230309,000000,20.9,20.96,20.5615,20.5615,702,0
EMFQ.US,D,20230310,000000,20.26,20.26,19.953,19.953,1062,0
EMFQ.US,D,20230313,000000,20.06,20.06,19.9801,19.9801,101,0
EMFQ.US,D,20230314,000000,19.96,20.0459,19.87,20.0459,816,0
EMFQ.US,D,20230315,000000,19.51,19.5126,19.46,19.5126,598,0
EMFQ.US,D,20230316,000000,19.49,19.635,19.32,19.635,3557,0
EMFQ.US,D,20230317,000000,19.49,19.6203,19.49,19.6203,768,0
EMFQ.US,D,20230320,000000,19.43,19.43,19.26,19.297,415,0
EMFQ.US,D,20230321,000000,19.76,20.0457,19.76,20.0026,387,0
EMFQ.US,D,20230322,000000,19.9549,19.9549,19.9549,19.9549,3,0
EMFQ.US,D,20230323,000000,20.2191,20.2191,20.2191,20.2191,109,0
EMFQ.US,D,20230324,000000,20.0494,20.0494,20.0494,20.0494,3,0
EMFQ.US,D,20230327,000000,20,20.015,20,20.015,105,0
EMFQ.US,D,20230328,000000,20.2374,20.2374,20.2374,20.2374,9,0
EMFQ.US,D,20230329,000000,20.6901,20.6901,20.6901,20.6901,4,0
EMFQ.US,D,20230330,000000,20.74,20.9214,20.74,20.9214,246,0
EMFQ.US,D,20230331,000000,20.9233,20.9233,20.9233,20.9233,41,0
EMFQ.US,D,20230403,000000,20.81,20.8747,20.77,20.8747,208,0
EMFQ.US,D,20230404,000000,20.82,20.82,20.77,20.8,279,0
EMFQ.US,D,20230405,000000,20.15,20.1768,20.15,20.1768,193,0
EMFQ.US,D,20230406,000000,20.2714,20.2714,20.2714,20.2714,2,0
EMFQ.US,D,20230410,000000,20.06,20.1258,20.06,20.1258,121,0
EMFQ.US,D,20230411,000000,20.6099,20.622,20.565,20.622,221,0
EMFQ.US,D,20230412,000000,20.2867,20.2867,20.2867,20.2867,1125,0
EMFQ.US,D,20230413,000000,21.08,21.08,21.0281,21.0281,203,0
EMFQ.US,D,20230414,000000,20.9079,20.9079,20.9079,20.9079,13,0
EMFQ.US,D,20230417,000000,21.05,21.1183,21.05,21.1183,104,0
EMFQ.US,D,20230418,000000,21.1053,21.1053,21.1053,21.1053,8,0
EMFQ.US,D,20230419,000000,20.9355,20.9355,20.9355,20.9355,51,0
EMFQ.US,D,20230420,000000,20.7628,20.7628,20.7628,20.7628,237,0
EMFQ.US,D,20230421,000000,20.6757,20.6757,20.6757,20.6757,7,0
EMFQ.US,D,20230424,000000,20.492,20.492,20.492,20.492,126,0
EMFQ.US,D,20230425,000000,19.9959,19.9959,19.9959,19.9959,3,0
EMFQ.US,D,20230426,000000,20.0825,20.0825,20.0825,20.0825,1,0
EMFQ.US,D,20230427,000000,20.51,20.51,20.4854,20.4854,1874,0
EMFQ.US,D,20230428,000000,20.7684,20.7684,20.7684,20.7684,16,0
EMFQ.US,D,20230501,000000,20.6636,20.6636,20.6636,20.6636,2,0
EMFQ.US,D,20230502,000000,20.17,20.2059,20.17,20.2059,1057,0
EMFQ.US,D,20230503,000000,20.2522,20.2522,20.2522,20.2522,56,0
EMFQ.US,D,20230504,000000,20.5855,20.5855,20.5855,20.5855,9,0
EMFQ.US,D,20230505,000000,21.1393,21.1393,21.1393,21.1393,54,0
EMFQ.US,D,20230508,000000,21.5059,21.5059,21.5059,21.5059,2,0
EMFQ.US,D,20230509,000000,21.3803,21.3803,21.3803,21.3803,24,0
EMFQ.US,D,20230510,000000,21.5829,21.5829,21.5829,21.5829,10,0
EMFQ.US,D,20230511,000000,21.5541,21.5541,21.5541,21.5541,11,0
EMFQ.US,D,20230512,000000,21.2476,21.2476,21.2476,21.2476,31,0
EMFQ.US,D,20230515,000000,21.7341,21.7341,21.7341,21.7341,15,0
EMFQ.US,D,20230516,000000,21.302,21.302,21.302,21.302,11,0
EMFQ.US,D,20230517,000000,21.43,21.4542,21.43,21.4542,1046,0
EMFQ.US,D,20230518,000000,21.0852,21.0852,21.0852,21.0852,21,0
EMFQ.US,D,20230519,000000,21.0219,21.0219,21.0219,21.0219,1,0
EMFQ.US,D,20230522,000000,21.4066,21.4066,21.4066,21.4066,126,0
EMFQ.US,D,20230523,000000,21.1331,21.1331,21.1331,21.1331,75,0
EMFQ.US,D,20230524,000000,20.835,20.835,20.835,20.835,5,0
EMFQ.US,D,20230525,000000,20.5985,20.5985,20.5985,20.5985,108,0
EMFQ.US,D,20230526,000000,20.4621,20.4621,20.4621,20.4621,3,0
EMFQ.US,D,20230530,000000,20.5595,20.5595,20.25,20.35,2264,0
EMFQ.US,D,20230531,000000,20.24,20.401,20.24,20.401,2415,0
EMFQ.US,D,20230601,000000,20.54,20.84,20.54,20.7834,1218,0
EMFQ.US,D,20230602,000000,21.086,21.086,21.086,21.086,44,0
EMFQ.US,D,20230605,000000,21.063,21.063,21.063,21.063,24,0
EMFQ.US,D,20230606,000000,21.33,21.5418,21.33,21.5418,1024,0
EMFQ.US,D,20230607,000000,21.4251,21.4778,21.38,21.4778,209,0
EMFQ.US,D,20230608,000000,21.68,21.68,21.6796,21.6796,1007,0
EMFQ.US,D,20230609,000000,21.9225,21.9225,21.9225,21.9225,45,0
EMFQ.US,D,20230612,000000,21.9117,21.95,21.9117,21.9388,359,0
EMFQ.US,D,20230613,000000,22.06,22.125,22.06,22.125,110,0
EMFQ.US,D,20230614,000000,21.99,22.1314,21.99,22.1314,660,0
EMFQ.US,D,20230615,000000,22.095,22.2412,22.095,22.2412,170,0
EMFQ.US,D,20230616,000000,22.08,22.1006,22.08,22.1006,2009,0
EMFQ.US,D,20230620,000000,21.97,21.97,21.74,21.7623,284,0
EMFQ.US,D,20230621,000000,21.7743,21.7743,21.7743,21.7743,10,0
EMFQ.US,D,20230622,000000,21.631,21.631,21.631,21.631,1,0
EMFQ.US,D,20230623,000000,21.2535,21.2535,21.2535,21.2535,86,0
EMFQ.US,D,20230626,000000,21.34,21.34,21.1311,21.1311,201,0
EMFQ.US,D,20230627,000000,21.3353,21.3353,21.3353,21.3353,1,0
EMFQ.US,D,20230628,000000,21.4466,21.4466,21.4466,21.4466,2,0
EMFQ.US,D,20230629,000000,21.2925,21.2925,21.2925,21.2925,46,0
EMFQ.US,D,20230630,000000,21.49,21.49,21.4434,21.4434,3000,0
EMFQ.US,D,20230703,000000,21.82,21.8388,21.82,21.8388,2052,0
EMFQ.US,D,20230705,000000,21.6947,21.6947,21.6947,21.6947,34,0
EMFQ.US,D,20230706,000000,21.0228,21.0228,21.0228,21.0228,51,0
EMFQ.US,D,20230707,000000,21.4509,21.4509,21.4509,21.4509,37,0
EMFQ.US,D,20230710,000000,21.4692,21.4692,21.4692,21.4692,7,0
EMFQ.US,D,20230711,000000,21.675,21.6968,21.675,21.6968,153,0
EMFQ.US,D,20230712,000000,22.1461,22.1461,22.1461,22.1461,51,0
EMFQ.US,D,20230713,000000,22.24,22.6373,22.24,22.6373,1198,0
EMFQ.US,D,20230714,000000,22.36,22.36,22.2691,22.2691,192,0
EMFQ.US,D,20230717,000000,22.5116,22.5116,22.5116,22.5116,92,0
EMFQ.US,D,20230718,000000,22.25,22.25,22.2396,22.2396,1019,0
EMFQ.US,D,20230719,000000,22.4194,22.4194,22.4194,22.4194,30,0
EMFQ.US,D,20230720,000000,22.37,22.37,22.3418,22.3418,1009,0
EMFQ.US,D,20230721,000000,22.4974,22.4974,22.4974,22.4974,131,0
EMFQ.US,D,20230724,000000,22.7709,22.7709,22.7709,22.7709,63,0
EMFQ.US,D,20230725,000000,22.681,22.681,22.681,22.681,69,0
EMFQ.US,D,20230726,000000,22.9246,22.9246,22.9246,22.9246,26,0
EMFQ.US,D,20230727,000000,23.09,23.09,22.6766,22.6766,281,0
EMFQ.US,D,20230728,000000,23.4732,23.4732,23.4732,23.4732,27,0
EMFQ.US,D,20230731,000000,23.65,23.8544,23.65,23.8544,1070,0
EMFQ.US,D,20230801,000000,23.5959,23.5959,23.5959,23.5959,176,0
EMFQ.US,D,20230802,000000,22.835,22.8499,22.8198,22.8198,409,0
EMFQ.US,D,20230803,000000,23.16,23.16,23.16,23.16,2,0
EMFQ.US,D,20230804,000000,22.8721,22.8721,22.8721,22.8721,1,0
EMFQ.US,D,20230807,000000,22.8093,22.8093,22.8093,22.8093,7,0
EMFQ.US,D,20230808,000000,22.506,22.506,22.506,22.506,9,0
EMFQ.US,D,20230809,000000,22.3624,22.3624,22.3624,22.3624,5,0
EMFQ.US,D,20230810,000000,22.4167,22.4167,22.4167,22.4167,182,0
EMFQ.US,D,20230811,000000,22.07,22.07,22.0397,22.0397,1000,0
EMFQ.US,D,20230814,000000,21.8943,21.8943,21.8943,21.8943,12,0
EMFQ.US,D,20230815,000000,21.4085,21.4085,21.4085,21.4085,100,0
EMFQ.US,D,20230816,000000,21.3566,21.3566,21.3566,21.3566,2,0
EMFQ.US,D,20230817,000000,21.08,21.1092,21.08,21.1092,227,0
EMFQ.US,D,20230818,000000,20.97,21.0011,20.97,21.0011,1665,0
EMFQ.US,D,20230821,000000,20.9171,20.9171,20.9171,20.9171,10,0
EMFQ.US,D,20230822,000000,20.862,20.862,20.862,20.862,8,0
EMFQ.US,D,20230823,000000,21.2221,21.2221,21.2221,21.2221,13,0
EMFQ.US,D,20230824,000000,20.97,20.9701,20.9103,20.9103,203,0
EMFQ.US,D,20230825,000000,21.1167,21.1167,21.1167,21.1167,2,0
EMFQ.US,D,20230828,000000,21.3153,21.3153,21.3153,21.3153,7,0
EMFQ.US,D,20230829,000000,21.9995,21.9995,21.9995,21.9995,1,0
EMFQ.US,D,20230830,000000,22.0197,22.0197,22.0197,22.0197,118,0
EMFQ.US,D,20230831,000000,21.8136,21.8136,21.8136,21.8136,12,0
EMFQ.US,D,20230901,000000,22.2155,22.2155,22.2155,22.2155,10,0
EMFQ.US,D,20230905,000000,21.8402,21.8402,21.8402,21.8402,1,0
EMFQ.US,D,20230906,000000,21.6841,21.6841,21.6841,21.6841,49,0
EMFQ.US,D,20230907,000000,21.257,21.257,21.257,21.257,1,0
EMFQ.US,D,20230908,000000,21.1602,21.1602,21.1602,21.1602,2,0
EMFQ.US,D,20230911,000000,21.4258,21.4258,21.4258,21.4258,1,0
EMFQ.US,D,20230912,000000,21.43,21.43,21.3765,21.3765,1601,0
EMFQ.US,D,20230913,000000,21.2538,21.2538,21.2538,21.2538,11,0
EMFQ.US,D,20230914,000000,21.3017,21.3017,21.3017,21.3017,40,0
EMFQ.US,D,20230915,000000,21.1291,21.1291,21.1291,21.1291,40,0
EMFQ.US,D,20230918,000000,20.9919,20.9919,20.9919,20.9919,100,0
EMFQ.US,D,20230919,000000,20.8041,20.8041,20.8041,20.8041,23,0
EMFQ.US,D,20230920,000000,20.5758,20.5758,20.5758,20.5758,31,0
EMFQ.US,D,20230921,000000,20.1705,20.1709,20.17,20.1709,302,0
EMFQ.US,D,20230922,000000,20.4047,20.4047,20.4047,20.4047,15,0
EMFQ.US,D,20230925,000000,20.31,20.3101,20.2784,20.2784,354,0
EMFQ.US,D,20230926,000000,19.9156,19.9156,19.9156,19.9156,10,0
EMFQ.US,D,20230927,000000,19.8,19.9038,19.8,19.9038,110,0
EMFQ.US,D,20230928,000000,20.1,20.1,20.0859,20.0859,110,0
EMFQ.US,D,20230929,000000,20.1446,20.1446,20.1446,20.1446,10,0
EMFQ.US,D,20231002,000000,19.98,20.0383,19.98,20.0383,280,0
EMFQ.US,D,20231003,000000,19.69,19.69,19.5225,19.5225,459,0
EMFQ.US,D,20231004,000000,19.624,19.624,19.624,19.624,24,0
EMFQ.US,D,20231005,000000,19.5921,19.5921,19.5921,19.5921,2,0
EMFQ.US,D,20231006,000000,19.86,19.86,19.86,19.86,1410,0
EMFQ.US,D,20231009,000000,19.8199,19.8199,19.8197,19.8197,235,0
EMFQ.US,D,20231010,000000,20.2554,20.2554,20.2554,20.2554,1,0
EMFQ.US,D,20231011,000000,20.1839,20.1839,20.1839,20.1839,2,0
EMFQ.US,D,20231012,000000,19.7708,19.7708,19.7708,19.7708,1,0
EMFQ.US,D,20231013,000000,19.5819,19.5819,19.5819,19.5819,3,0
EMFQ.US,D,20231016,000000,19.6917,19.6917,19.6917,19.6917,10,0
EMFQ.US,D,20231017,000000,19.626,19.626,19.626,19.626,1,0
EMFQ.US,D,20231018,000000,19.2442,19.2442,19.2442,19.2442,1,0
EMFQ.US,D,20231019,000000,18.9892,18.9892,18.9892,18.9892,1,0
EMFQ.US,D,20231020,000000,18.758,18.758,18.7313,18.7313,155,0
EMFQ.US,D,20231023,000000,18.8438,18.8438,18.8438,18.8438,69,0
EMFQ.US,D,20231024,000000,19.2845,19.2845,19.2845,19.2845,6,0
EMFQ.US,D,20231025,000000,18.7847,18.7847,18.7847,18.7847,3,0
EMFQ.US,D,20231026,000000,18.7039,18.7039,18.6159,18.6159,111,0
EMFQ.US,D,20231027,000000,18.4325,18.4325,18.4325,18.4325,3,0
EMFQ.US,D,20231030,000000,18.5869,18.5869,18.5869,18.5869,64,0
EMFQ.US,D,20231031,000000,18.4586,18.4586,18.4586,18.4586,20,0
EMFQ.US,D,20231101,000000,18.6921,18.6921,18.6921,18.6921,41,0
EMFQ.US,D,20231102,000000,19.231,19.231,19.231,19.231,93,0
EMFQ.US,D,20231103,000000,19.909,19.909,19.909,19.909,5,0
EMFQ.US,D,20231106,000000,20.29,20.29,20.1681,20.1681,274,0
EMFQ.US,D,20231107,000000,19.98,20.0979,19.98,20.0979,190,0
EMFQ.US,D,20231108,000000,20.015,20.015,20.015,20.015,1,0
EMFQ.US,D,20231109,000000,19.7373,19.7373,19.7373,19.7373,82,0
EMFQ.US,D,20231110,000000,19.9203,19.9203,19.9203,19.9203,1,0
EMFQ.US,D,20231113,000000,19.87,20.1364,19.87,20.1364,174,0
EMFQ.US,D,20231114,000000,20.6229,20.6229,20.6229,20.6229,77,0
EMFQ.US,D,20231115,000000,21.11,21.11,21.1004,21.1004,306,0
EMFQ.US,D,20231116,000000,20.6848,20.6848,20.6848,20.6848,6,0
EMFQ.US,D,20231117,000000,20.89,20.89,20.8691,20.8691,506,0
EMFQ.US,D,20231120,000000,21.1763,21.1763,21.1763,21.1763,13,0
EMFQ.US,D,20231121,000000,20.9349,20.9349,20.9349,20.9349,12,0
EMFQ.US,D,20231122,000000,20.99,20.99,20.9871,20.9871,1973,0
EMFQ.US,D,20231124,000000,21.3,21.4162,21.3,21.4162,460,0
EMFQ.US,D,20231127,000000,21.2694,21.2694,21.2694,21.2694,10,0
EMFQ.US,D,20231128,000000,21.5278,21.5278,21.5278,21.5278,3,0
EMFQ.US,D,20231129,000000,21.4259,21.4259,21.4259,21.4259,9,0
EMFQ.US,D,20231130,000000,21.3794,21.3794,21.3794,21.3794,63,0
EMFQ.US,D,20231201,000000,22.1584,22.1584,22.1584,22.1584,2,0
EMFQ.US,D,20231204,000000,21.68,21.68,21.669,21.6759,490,0
EMFQ.US,D,20231205,000000,21.4025,21.4025,21.4025,21.4025,127,0
EMFQ.US,D,20231206,000000,21.4431,21.4431,21.4431,21.4431,77,0
EMFQ.US,D,20231207,000000,21.5,21.566,21.5,21.566,296,0
EMFQ.US,D,20231208,000000,21.7894,21.7894,21.7894,21.7894,2,0
EMFQ.US,D,20231211,000000,21.47,21.47,21.36,21.3696,568,0
EMFQ.US,D,20231212,000000,21.49,21.57,21.45,21.55,2501,0
EMFQ.US,D,20231213,000000,21.29,21.8087,21.26,21.8087,2399,0
EMFQ.US,D,20231214,000000,22.2,22.2488,22.2,22.2488,375,0
EMFQ.US,D,20231215,000000,22,22.01,21.9232,21.9232,1628,0
EMFQ.US,D,20231218,000000,21.75,21.8029,21.75,21.8029,207,0
EMFQ.US,D,20231219,000000,22.14,22.2,22.11,22.19,2802,0
EMFQ.US,D,20231220,000000,22.05,22.0501,21.6612,21.6612,696,0
EMFQ.US,D,20231221,000000,21.91,22.0879,21.9099,22.0879,544,0
EMFQ.US,D,20231222,000000,21.9891,21.9891,21.9512,21.9512,186,0
EMFQ.US,D,20231226,000000,21.95,21.9624,21.935,21.9624,653,0
EMFQ.US,D,20231227,000000,21.03,21.0361,20.9803,21.0361,2890,0
EMFQ.US,D,20231228,000000,21.21,21.21,21.1799,21.1799,116,0
EMFQ.US,D,20231229,000000,21.2699,21.2699,21.05,21.0765,772,0
EMFQ.US,D,20240102,000000,20.87,20.87,20.6947,20.6947,294,0
EMFQ.US,D,20240103,000000,20.58,20.74,20.58,20.7207,1773,0
EMFQ.US,D,20240104,000000,20.53,20.63,20.5032,20.5032,701,0
EMFQ.US,D,20240105,000000,20.625,20.625,20.625,20.625,10,0
EMFQ.US,D,20240108,000000,20.74,20.7891,20.74,20.7891,1093,0
EMFQ.US,D,20240109,000000,20.5719,20.5719,20.5719,20.5719,36,0
EMFQ.US,D,20240110,000000,20.64,20.64,20.6036,20.6036,2678,0
EMFQ.US,D,20240111,000000,20.9068,20.9068,20.9068,20.9068,8,0
EMFQ.US,D,20240112,000000,20.8285,20.8285,20.8285,20.8285,21,0
EMFQ.US,D,20240116,000000,20.55,20.6198,20.4719,20.4719,433,0
EMFQ.US,D,20240117,000000,20.03,20.1648,20.03,20.1648,339,0
EMFQ.US,D,20240118,000000,20.1567,20.1567,20.1567,20.1567,7,0
EMFQ.US,D,20240119,000000,20.2027,20.2027,20.2027,20.2027,17,0
EMFQ.US,D,20240122,000000,20.165,20.165,20.165,20.165,87,0
EMFQ.US,D,20240123,000000,20.3732,20.3732,20.3732,20.3732,35,0
EMFQ.US,D,20240124,000000,20.5273,20.5273,20.5273,20.5273,128,0
EMFQ.US,D,20240125,000000,20.53,20.5416,20.53,20.5416,251,0
EMFQ.US,D,20240126,000000,20.6002,20.6002,20.6002,20.6002,25,0
EMFQ.US,D,20240129,000000,20.5003,20.5003,20.5003,20.5003,237,0
EMFQ.US,D,20240130,000000,20.14,20.14,20.1241,20.1241,125,0
EMFQ.US,D,20240131,000000,19.97,20.16,19.9,19.9,432,0
EMFQ.US,D,20240201,000000,20.1819,20.1952,20.1819,20.1952,1099,0
EMFQ.US,D,20240202,000000,20.09,20.1485,20.09,20.1485,122,0
EMFQ.US,D,20240205,000000,19.76,19.9095,19.76,19.8567,1115,0
EMFQ.US,D,20240206,000000,20.0559,20.1871,20.0559,20.1871,249,0
EMFQ.US,D,20240207,000000,20.0903,20.0903,20.0903,20.0903,27,0
EMFQ.US,D,20240208,000000,20.11,20.11,20.107,20.107,522,0
EMFQ.US,D,20240209,000000,20.23,20.3782,20.23,20.3782,132,0
EMFQ.US,D,20240212,000000,20.5162,20.5162,20.5162,20.5162,148,0
EMFQ.US,D,20240213,000000,20.11,20.11,20.0235,20.0235,1005,0
EMFQ.US,D,20240214,000000,20.5982,20.5982,20.5982,20.5982,7,0
EMFQ.US,D,20240215,000000,21.0451,21.0451,21.0451,21.0451,9,0
EMFQ.US,D,20240216,000000,21.1079,21.1079,21.1079,21.1079,2,0
EMFQ.US,D,20240220,000000,20.7558,20.7558,20.7558,20.7558,124,0
EMFQ.US,D,20240221,000000,20.8382,20.8382,20.8382,20.8382,55,0
EMFQ.US,D,20240222,000000,20.9787,20.9787,20.9787,20.9787,208,0
EMFQ.US,D,20240223,000000,20.9436,20.9436,20.9436,20.9436,53,0
EMFQ.US,D,20240226,000000,21.08,21.0971,21.08,21.0971,322,0
EMFQ.US,D,20240227,000000,21.6157,21.6157,21.6157,21.6157,46,0
EMFQ.US,D,20240228,000000,21.2287,21.2287,21.2287,21.2287,78,0
EMFQ.US,D,20240229,000000,21.53,21.53,21.4047,21.4047,475,0
EMFQ.US,D,20240301,000000,21.44,21.92,21.44,21.8846,336,0
EMFQ.US,D,20240304,000000,21.4952,21.4952,21.4952,21.4952,76,0
EMFQ.US,D,20240305,000000,21.02,21.02,21.02,21.02,34,0
EMFQ.US,D,20240306,000000,21.49,21.57,21.49,21.5235,860,0
EMFQ.US,D,20240307,000000,21.4,21.4486,21.39,21.4486,524,0
EMFQ.US,D,20240308,000000,21.61,21.61,21.45,21.5045,660,0
EMFQ.US,D,20240311,000000,21.5224,21.5224,21.5224,21.5224,227,0
EMFQ.US,D,20240312,000000,21.8292,21.8292,21.8292,21.8292,10,0
EMFQ.US,D,20240313,000000,22.0633,22.0633,22.0633,22.0633,47,0
EMFQ.US,D,20240314,000000,21.55,21.55,21.4496,21.4496,137,0
EMFQ.US,D,20240315,000000,21.3535,21.3535,21.3535,21.3535,62,0
EMFQ.US,D,20240318,000000,21.41,21.41,21.3542,21.3542,557,0
EMFQ.US,D,20240319,000000,21.0266,21.0266,21.0266,21.0266,13,0
EMFQ.US,D,20240320,000000,21.3415,21.3415,21.3415,21.3415,164,0
EMFQ.US,D,20240321,000000,21.58,21.58,21.5571,21.5571,213,0
EMFQ.US,D,20240322,000000,21.0658,21.0658,21.0658,21.0658,1,0
EMFQ.US,D,20240325,000000,21.05,21.05,21.036,21.036,236,0
EMFQ.US,D,20240326,000000,20.9457,20.9457,20.9457,20.9457,2,0
EMFQ.US,D,20240327,000000,20.987,20.987,20.987,20.987,4,0
EMFQ.US,D,20240328,000000,20.9954,20.9954,20.9954,20.9954,27,0
EMFQ.US,D,20240401,000000,20.9904,20.9904,20.9904,20.9904,28,0
EMFQ.US,D,20240402,000000,20.9804,20.9804,20.9804,20.9804,5,0
EMFQ.US,D,20240403,000000,20.89,20.957,20.89,20.957,648,0
EMFQ.US,D,20240404,000000,20.8219,20.8219,20.8219,20.8219,56,0
EMFQ.US,D,20240405,000000,20.94,20.94,20.8791,20.8791,201,0
EMFQ.US,D,20240408,000000,21.16,21.1735,21.16,21.1735,510,0
EMFQ.US,D,20240409,000000,21.2747,21.2747,21.2747,21.2747,21,0
EMFQ.US,D,20240410,000000,20.8144,20.8144,20.8144,20.8144,27,0
EMFQ.US,D,20240411,000000,21.0111,21.0111,21.0111,21.0111,2,0
EMFQ.US,D,20240412,000000,20.3645,20.3645,20.2656,20.2656,129,0
EMFQ.US,D,20240415,000000,19.9247,19.9247,19.9247,19.9247,10,0
EMFQ.US,D,20240416,000000,19.6593,19.6593,19.6593,19.6593,27,0
EMFQ.US,D,20240417,000000,19.76,19.76,19.63,19.63,307,0
EMFQ.US,D,20240418,000000,19.77,19.82,19.7069,19.7069,1589,0
EMFQ.US,D,20240419,000000,19.5121,19.5121,19.5121,19.5121,5,0
EMFQ.US,D,20240422,000000,19.82,19.95,19.75,19.9357,844,0
EMFQ.US,D,20240423,000000,20.05,20.4799,20.05,20.4327,2507,0
EMFQ.US,D,20240424,000000,20.59,20.59,20.4855,20.4855,153,0
EMFQ.US,D,20240425,000000,20.1,20.4371,20.1,20.4371,352,0
EMFQ.US,D,20240426,000000,20.72,20.95,20.72,20.8687,1512,0
EMFQ.US,D,20240429,000000,20.99,21.02,20.9,20.9513,3636,0
EMFQ.US,D,20240430,000000,20.64,20.65,20.4503,20.4503,2501,0
EMFQ.US,D,20240501,000000,20.47,20.81,20.47,20.5593,2524,0
EMFQ.US,D,20240502,000000,21.39,21.4,21.3725,21.3725,5139,0
EMFQ.US,D,20240503,000000,21.7316,21.7316,21.7316,21.7316,141,0
EMFQ.US,D,20240506,000000,21.93,21.93,21.87,21.9224,643,0
EMFQ.US,D,20240507,000000,21.85,21.94,21.837,21.837,5099,0
EMFQ.US,D,20240508,000000,21.62,21.7174,21.57,21.7174,204,0
EMFQ.US,D,20240509,000000,21.92,21.9702,21.82,21.9702,2404,0
EMFQ.US,D,20240510,000000,22.06,22.06,21.78,21.8188,1644,0
EMFQ.US,D,20240513,000000,22.11,22.26,22.01,22.0209,3125,0
EMFQ.US,D,20240514,000000,21.94,22.0319,21.94,22.0319,1756,0
EMFQ.US,D,20240515,000000,22.17,22.2147,22.01,22.2147,7656,0
EMFQ.US,D,20240516,000000,22.28,22.34,22.28,22.3386,252,0
EMFQ.US,D,20240517,000000,22.42,22.5142,22.42,22.5142,1402,0
EMFQ.US,D,20240520,000000,22.28,22.38,22.28,22.3142,517,0
EMFQ.US,D,20240521,000000,22.1,22.1,22.01,22.0831,2789,0
EMFQ.US,D,20240522,000000,22.03,22.03,21.7821,21.7821,465,0
EMFQ.US,D,20240523,000000,21.71,21.71,21.3199,21.3456,1869,0
EMFQ.US,D,20240524,000000,21.41,21.57,21.41,21.4883,484,0
EMFQ.US,D,20240528,000000,21.67,21.67,21.52,21.5483,890,0
EMFQ.US,D,20240529,000000,21.25,21.28,21.25,21.28,420,0
EMFQ.US,D,20240530,000000,21.3335,21.3335,21.3335,21.3335,5,0
EMFQ.US,D,20240531,000000,21.27,21.365,21.15,21.2826,11922,0
EMFQ.US,D,20240603,000000,21.43,21.43,21.1455,21.1455,532,0
EMFQ.US,D,20240604,000000,20.97,20.97,20.9601,20.9661,442,0
EMFQ.US,D,20240605,000000,21.07,21.1556,21.07,21.1556,195,0
EMFQ.US,D,20240606,000000,21.22,21.4099,21.22,21.4099,551,0
EMFQ.US,D,20240607,000000,21.2,21.2,21.03,21.0367,210,0
EMFQ.US,D,20240610,000000,20.97,21.2618,20.97,21.2618,4505,0
EMFQ.US,D,20240611,000000,21.09,21.1727,21.09,21.1727,251,0
EMFQ.US,D,20240612,000000,21.5,21.5,21.3733,21.3733,576,0
EMFQ.US,D,20240613,000000,21.41,21.41,20.97,21.0125,3308,0
EMFQ.US,D,20240614,000000,20.93,20.93,20.91,20.91,531,0
EMFQ.US,D,20240617,000000,20.94,20.94,20.9085,20.9085,375,0
EMFQ.US,D,20240618,000000,20.89,20.93,20.8148,20.8148,1122,0
EMFQ.US,D,20240620,000000,20.73,20.73,20.73,20.73,475,0
EMFQ.US,D,20240621,000000,20.72,20.72,20.69,20.7031,1859,0
EMFQ.US,D,20240624,000000,20.93,20.93,20.77,20.7711,793,0
EMFQ.US,D,20240625,000000,20.53,20.62,20.53,20.6059,1320,0
EMFQ.US,D,20240626,000000,20.67,20.7208,20.67,20.7208,256,0
EMFQ.US,D,20240627,000000,20.51,20.6017,20.51,20.6017,1194,0
EMFQ.US,D,20240628,000000,20.67,20.73,20.61,20.61,889,0
EMFQ.US,D,20240701,000000,20.74,20.74,20.57,20.6213,245,0
EMFQ.US,D,20240702,000000,20.71,20.8396,20.6,20.8396,1211,0
EMFQ.US,D,20240703,000000,20.87,21.13,20.87,21.0789,1459,0
EMFQ.US,D,20240705,000000,20.96,21.1443,20.83,21.1443,9326,0
EMFQ.US,D,20240708,000000,21.01,21.01,20.9933,20.9933,238,0
EMFQ.US,D,20240709,000000,21.18,21.56,21.18,21.56,4001,0
EMFQ.US,D,20240710,000000,21.55,21.75,21.55,21.7369,969,0
EMFQ.US,D,20240711,000000,21.94,22.1,21.91,22.023,4520,0
EMFQ.US,D,20240712,000000,22.26,22.33,22.18,22.2751,2404,0
EMFQ.US,D,20240715,000000,22.11,22.29,22.08,22.213,2246,0
EMFQ.US,D,20240716,000000,22.3,22.5,22.3,22.483,3315,0
EMFQ.US,D,20240717,000000,22.22,22.4,22.06,22.1306,1301,0
EMFQ.US,D,20240718,000000,22.13,22.15,21.7664,21.7664,613,0
EMFQ.US,D,20240719,000000,21.8283,21.8283,21.8283,21.8283,16,0
EMFQ.US,D,20240722,000000,22.24,22.4553,22.24,22.4553,380,0
EMFQ.US,D,20240723,000000,22.23,22.24,22.1692,22.1692,1450,0
EMFQ.US,D,20240724,000000,21.96,21.97,21.4972,21.4972,2004,0
EMFQ.US,D,20240725,000000,21.56,21.74,21.4925,21.4925,1225,0
EMFQ.US,D,20240726,000000,21.81,22.02,21.76,21.9676,4200,0
EMFQ.US,D,20240729,000000,22,22.03,21.7296,21.7296,3504,0
EMFQ.US,D,20240730,000000,21.73,21.73,21.57,21.57,6679,0
EMFQ.US,D,20240731,000000,21.8574,21.8574,21.8574,21.8574,34,0
EMFQ.US,D,20240801,000000,21.2025,21.2025,21.2025,21.2025,100,0
EMFQ.US,D,20240802,000000,20.84,21,20.84,20.9997,260,0
EMFQ.US,D,20240805,000000,20.3707,20.3707,20.3707,20.3707,3,0
EMFQ.US,D,20240806,000000,19.7469,19.7469,19.7469,19.7469,57,0
EMFQ.US,D,20240807,000000,20.19,20.23,19.9252,19.9252,3687,0
EMFQ.US,D,20240808,000000,20.5321,20.5321,20.5321,20.5321,6,0
EMFQ.US,D,20240809,000000,20.5272,20.5272,20.5272,20.5272,1017,0
EMFQ.US,D,20240812,000000,20.46,20.52,20.4468,20.4468,3134,0
EMFQ.US,D,20240813,000000,20.8297,20.8662,20.8297,20.8662,335,0
EMFQ.US,D,20240814,000000,21.0201,21.0201,21.0201,21.0201,8,0
EMFQ.US,D,20240815,000000,21.3496,21.3496,21.3496,21.3496,12,0
EMFQ.US,D,20240816,000000,21.5498,21.5498,21.5498,21.5498,53,0
EMFQ.US,D,20240819,000000,21.8868,21.8868,21.8868,21.8868,13,0
EMFQ.US,D,20240820,000000,21.84,21.84,21.6962,21.6962,290,0
EMFQ.US,D,20240821,000000,21.64,21.7063,21.64,21.7063,2075,0
EMFQ.US,D,20240822,000000,21.49,21.49,21.2896,21.2896,5720,0
EMFQ.US,D,20240823,000000,21.69,21.7405,21.69,21.7405,350,0
EMFQ.US,D,20240826,000000,21.74,21.7562,21.74,21.7562,232,0
EMFQ.US,D,20240827,000000,21.66,21.66,21.6333,21.6333,730,0
EMFQ.US,D,20240828,000000,21.194,21.194,21.194,21.194,24,0
EMFQ.US,D,20240829,000000,21.2,21.3911,21.2,21.3911,158,0
EMFQ.US,D,20240830,000000,21.42,21.42,21.42,21.42,205,0
EMFQ.US,D,20240903,000000,21.485,21.485,21.485,21.485,158,0
EMFQ.US,D,20240904,000000,21.47,21.475,21.47,21.475,222,0
EMFQ.US,D,20240905,000000,21.46,21.485,21.46,21.485,191,0
