<TICKER>,<PER>,<DATE>,<TIME>,<OPEN>,<HIGH>,<LOW>,<CLOSE>,<VOL>,<OPENINT>
EQUL.US,D,20211105,000000,25.3179,25.3179,25.3179,25.3179,30.25968992163,0
EQUL.US,D,20211108,000000,25.3644,25.3644,25.3644,25.3644,5.043281653605,0
EQUL.US,D,20211109,000000,25.2851,25.2851,25.2851,25.2851,44.380878551724,0
EQUL.US,D,20211110,000000,25.185,25.185,25.185,25.185,1.008656330721,0
EQUL.US,D,20211111,000000,25.2781,25.2781,25.2187,25.2197,355.04702841379,0
EQUL.US,D,20211112,000000,25.3922,25.3922,25.3922,25.3922,1.008656330721,0
EQUL.US,D,20211115,000000,25.424,25.424,25.424,25.424,105.90891472571,0
EQUL.US,D,20211116,000000,25.4428,25.4428,25.4428,25.4428,4.034625322884,0
EQUL.US,D,20211117,000000,25.5151,25.5151,25.2286,25.2801,305.62286820846,0
EQUL.US,D,20211118,000000,25.0928,25.0928,25.0928,25.0928,11.095219637931,0
EQUL.US,D,20211119,000000,24.9917,24.9917,24.9917,24.9917,2.017312661442,0
EQUL.US,D,20211122,000000,25.0105,25.0105,25.0105,25.0105,34.294315244514,0
EQUL.US,D,20211123,000000,25.0472,25.0472,25.0472,25.0472,10.08656330721,0
EQUL.US,D,20211124,000000,24.9292,24.9292,24.9292,24.9292,1.008656330721,0
EQUL.US,D,20211126,000000,24.381,24.381,24.381,24.381,83.718475449843,0
EQUL.US,D,20211129,000000,24.8231,24.8231,24.4374,24.4751,379.2547803511,0
EQUL.US,D,20211130,000000,24.2501,24.2501,23.7723,23.7723,204.75723513636,0
EQUL.US,D,20211201,000000,23.5521,23.5521,23.5521,23.5521,1.008656330721,0
EQUL.US,D,20211202,000000,23.903,23.903,23.903,23.903,3.025968992163,0
EQUL.US,D,20211203,000000,23.7445,23.7445,23.7445,23.7445,4.034625322884,0
EQUL.US,D,20211206,000000,24.0915,24.0915,24.0617,24.0617,114.98682170219,0
EQUL.US,D,20211207,000000,24.4286,24.4286,24.4286,24.4286,1.008656330721,0
EQUL.US,D,20211208,000000,24.4276,24.5435,24.4276,24.5435,508.36279068339,0
EQUL.US,D,20211209,000000,24.372,24.372,24.372,24.372,10.08656330721,0
EQUL.US,D,20211210,000000,24.5079,24.5079,24.5079,24.5079,10.08656330721,0
EQUL.US,D,20211213,000000,24.3552,24.3552,24.3552,24.3552,1.008656330721,0
EQUL.US,D,20211214,000000,24.137,24.137,24.137,24.137,20.17312661442,0
EQUL.US,D,20211215,000000,24.3898,24.3898,24.3898,24.3898,4.034625322884,0
EQUL.US,D,20211216,000000,24.4791,24.4791,24.4791,24.4791,1.008656330721,0
EQUL.US,D,20211217,000000,24.2074,24.2074,24.2074,24.2074,1.008656330721,0
EQUL.US,D,20211220,000000,23.8544,23.8544,23.8544,23.8544,2.017312661442,0
EQUL.US,D,20211221,000000,24.2231,24.2231,24.2231,24.2231,1.008656330721,0
EQUL.US,D,20211222,000000,24.3839,24.3839,24.3839,24.3839,1.008656330721,0
EQUL.US,D,20211223,000000,24.6107,24.6107,24.6107,24.6107,1.008656330721,0
EQUL.US,D,20211227,000000,24.8287,24.8287,24.8287,24.8287,1.008656330721,0
EQUL.US,D,20211228,000000,24.8255,24.8255,24.8255,24.8255,1.008656330721,0
EQUL.US,D,20211229,000000,24.8925,24.8925,24.8925,24.8925,1.008656330721,0
EQUL.US,D,20211230,000000,24.8908,24.8908,24.8908,24.8908,1.008656330721,0
EQUL.US,D,20211231,000000,24.8618,24.8618,24.8618,24.8618,1.008656330721,0
EQUL.US,D,20220103,000000,25.0771,25.0771,25.0771,25.0771,21.181782945141,0
EQUL.US,D,20220104,000000,25.3688,25.3688,25.3688,25.3688,10.08656330721,0
EQUL.US,D,20220105,000000,25.2811,25.2811,24.9967,24.9967,217.86976743574,0
EQUL.US,D,20220106,000000,25.0179,25.0179,25.0179,25.0179,24.207751937304,0
EQUL.US,D,20220107,000000,25.1476,25.1476,25.1476,25.1476,2.017312661442,0
EQUL.US,D,20220110,000000,24.9172,24.9172,24.9172,24.9172,2.017312661442,0
EQUL.US,D,20220111,000000,25.1958,25.1958,25.1958,25.1958,2.017312661442,0
EQUL.US,D,20220112,000000,25.1132,25.1132,25.1132,25.1132,1.008656330721,0
EQUL.US,D,20220113,000000,25.0488,25.0488,25.0488,25.0488,1.008656330721,0
EQUL.US,D,20220114,000000,24.9902,24.9902,24.9902,24.9902,2.017312661442,0
EQUL.US,D,20220118,000000,24.4917,24.4917,24.4917,24.4917,1.008656330721,0
EQUL.US,D,20220119,000000,24.3167,24.3167,24.3167,24.3167,1.008656330721,0
EQUL.US,D,20220120,000000,23.9954,23.9954,23.9954,23.9954,70.60594315047,0
EQUL.US,D,20220121,000000,23.6314,23.6314,23.6314,23.6314,2.017312661442,0
EQUL.US,D,20220124,000000,23.1298,23.645,23.1298,23.645,102.88294573354,0
EQUL.US,D,20220125,000000,23.4682,23.4682,23.4682,23.4682,67.579974158307,0
EQUL.US,D,20220126,000000,23.1427,23.1427,23.1427,23.1427,11.095219637931,0
EQUL.US,D,20220127,000000,23.0986,23.0986,23.0986,23.0986,1.008656330721,0
EQUL.US,D,20220128,000000,23.4811,23.4811,23.4811,23.4811,1.008656330721,0
EQUL.US,D,20220131,000000,23.9584,23.9584,23.9584,23.9584,52.450129197492,0
EQUL.US,D,20220201,000000,24.1722,24.1722,24.1722,24.1722,1.008656330721,0
EQUL.US,D,20220202,000000,24.0423,24.0423,24.0423,24.0423,2.017312661442,0
EQUL.US,D,20220203,000000,23.6319,23.6319,23.6319,23.6319,24.207751937304,0
EQUL.US,D,20220204,000000,23.6283,23.6283,23.6283,23.6283,2.017312661442,0
EQUL.US,D,20220207,000000,23.5688,23.5688,23.5688,23.5688,4.034625322884,0
EQUL.US,D,20220208,000000,23.8003,23.8003,23.8003,23.8003,2.017312661442,0
EQUL.US,D,20220209,000000,24.2065,24.2065,24.2065,24.2065,27.233720929467,0
EQUL.US,D,20220210,000000,23.8984,23.8984,23.8984,23.8984,9.077906976489,0
EQUL.US,D,20220211,000000,23.6088,23.6088,23.6088,23.6088,62.536692504702,0
EQUL.US,D,20220214,000000,23.4578,23.4578,23.4578,23.4578,8.069250645768,0
EQUL.US,D,20220215,000000,23.8238,23.8837,23.8238,23.8837,123.05607234796,0
EQUL.US,D,20220216,000000,23.7919,23.7919,23.7919,23.7919,99.856976741379,0
EQUL.US,D,20220217,000000,23.36,23.36,23.36,23.36,3.025968992163,0
EQUL.US,D,20220218,000000,23.2068,23.2068,23.2068,23.2068,3.025968992163,0
EQUL.US,D,20220222,000000,22.935,22.935,22.935,22.935,3.025968992163,0
EQUL.US,D,20220223,000000,22.8026,22.8026,22.5727,22.5727,191.64470283699,0
EQUL.US,D,20220224,000000,22.6034,22.6034,22.6034,22.6034,40.34625322884,0
EQUL.US,D,20220225,000000,23.1927,23.1927,23.1927,23.1927,40.34625322884,0
EQUL.US,D,20220228,000000,22.9912,22.9912,22.9912,22.9912,5.043281653605,0
EQUL.US,D,20220301,000000,22.5455,22.5455,22.5455,22.5455,40.34625322884,0
EQUL.US,D,20220302,000000,23.0384,23.0384,23.0384,23.0384,40.34625322884,0
EQUL.US,D,20220303,000000,22.8276,22.8276,22.8276,22.8276,40.34625322884,0
EQUL.US,D,20220304,000000,22.4418,22.4418,22.4418,22.4418,36.311627905956,0
EQUL.US,D,20220307,000000,21.7284,21.7284,21.7284,21.7284,5.043281653605,0
EQUL.US,D,20220308,000000,21.6199,21.6199,21.6199,21.6199,1.008656330721,0
EQUL.US,D,20220309,000000,22.1672,22.1672,22.1672,22.1672,1.008656330721,0
EQUL.US,D,20220310,000000,21.9605,21.9605,21.9605,21.9605,2.017312661442,0
EQUL.US,D,20220311,000000,21.5977,21.5977,21.5977,21.5977,30.25968992163,0
EQUL.US,D,20220314,000000,21.7224,21.7224,21.7224,21.7224,73.631912142633,0
EQUL.US,D,20220315,000000,22.1255,22.1255,22.1255,22.1255,2.017312661442,0
EQUL.US,D,20220316,000000,22.6417,22.6417,22.6417,22.6417,1.008656330721,0
EQUL.US,D,20220317,000000,22.9207,22.9207,22.9207,22.9207,1.008656330721,0
EQUL.US,D,20220318,000000,23.051,23.1242,23.051,23.1242,100.47297475,0
EQUL.US,D,20220321,000000,22.88,22.88,22.88,22.88,1.0047297475,0
EQUL.US,D,20220322,000000,23.1747,23.1747,23.1747,23.1747,1.0047297475,0
EQUL.US,D,20220323,000000,22.9913,22.9913,22.8794,22.8794,110.520272225,0
EQUL.US,D,20220324,000000,23.0666,23.0666,23.0666,23.0666,5.0236487375,0
EQUL.US,D,20220325,000000,23.157,23.157,23.157,23.157,7.0331082325,0
EQUL.US,D,20220328,000000,23.2159,23.2159,23.2159,23.2159,4.01891899,0
EQUL.US,D,20220329,000000,23.7851,23.7851,23.7851,23.7851,4.01891899,0
EQUL.US,D,20220330,000000,23.5326,23.5326,23.5326,23.5326,5.0236487375,0
EQUL.US,D,20220331,000000,23.459,23.459,23.459,23.459,202.955408995,0
EQUL.US,D,20220401,000000,23.2988,23.2988,23.2988,23.2988,11.0520272225,0
EQUL.US,D,20220404,000000,23.5188,23.5287,23.4945,23.4945,200.9459495,0
EQUL.US,D,20220405,000000,23.1895,23.1895,23.1895,23.1895,1.0047297475,0
EQUL.US,D,20220406,000000,22.9776,22.9776,22.9776,22.9776,1.0047297475,0
EQUL.US,D,20220407,000000,22.9588,22.9588,22.9588,22.9588,6.028378485,0
EQUL.US,D,20220408,000000,22.9818,22.9818,22.9818,22.9818,1.0047297475,0
EQUL.US,D,20220411,000000,22.8146,22.8146,22.8146,22.8146,1.0047297475,0
EQUL.US,D,20220412,000000,22.7036,22.7036,22.7036,22.7036,10.047297475,0
EQUL.US,D,20220413,000000,22.9863,22.9863,22.9863,22.9863,1.0047297475,0
EQUL.US,D,20220414,000000,22.8159,22.8159,22.8159,22.8159,20.09459495,0
EQUL.US,D,20220418,000000,22.6896,22.6896,22.6896,22.6896,1.0047297475,0
EQUL.US,D,20220419,000000,23.051,23.146,23.051,23.146,103.4871639925,0
EQUL.US,D,20220420,000000,23.1262,23.1262,23.1262,23.1262,25.1182436875,0
EQUL.US,D,20220421,000000,22.8132,22.8132,22.8132,22.8132,3.0141892425,0
EQUL.US,D,20220422,000000,22.2846,22.2846,22.2846,22.2846,2.009459495,0
EQUL.US,D,20220426,000000,21.9032,21.9032,21.9032,21.9032,2.009459495,0
EQUL.US,D,20220427,000000,21.8782,21.8782,21.8782,21.8782,2.009459495,0
EQUL.US,D,20220428,000000,22.3242,22.3242,22.3242,22.3242,2.009459495,0
EQUL.US,D,20220429,000000,21.6759,21.6759,21.6759,21.6759,7.0331082325,0
EQUL.US,D,20220502,000000,21.766,21.766,21.766,21.766,1.0047297475,0
EQUL.US,D,20220503,000000,21.8922,21.8922,21.8922,21.8922,4.01891899,0
EQUL.US,D,20220504,000000,22.3408,22.3408,22.3408,22.3408,11.0520272225,0
EQUL.US,D,20220505,000000,21.6377,21.6377,21.6377,21.6377,2.009459495,0
EQUL.US,D,20220506,000000,21.4286,21.4286,21.4286,21.4286,2.009459495,0
EQUL.US,D,20220509,000000,20.9201,20.9201,20.9201,20.9201,14.066216465,0
EQUL.US,D,20220510,000000,20.8564,20.8564,20.8564,20.8564,20.09459495,0
EQUL.US,D,20220511,000000,20.5312,20.5312,20.5312,20.5312,32.15135192,0
EQUL.US,D,20220512,000000,20.6486,20.6486,20.6486,20.6486,2.009459495,0
EQUL.US,D,20220513,000000,21.1531,21.1531,21.1531,21.1531,2.009459495,0
EQUL.US,D,20220516,000000,21.0803,21.0803,21.0803,21.0803,1.0047297475,0
EQUL.US,D,20220517,000000,21.4876,21.4876,21.4876,21.4876,2.009459495,0
EQUL.US,D,20220518,000000,20.5891,20.5891,20.5891,20.5891,7.0331082325,0
EQUL.US,D,20220519,000000,20.5349,20.5349,20.5349,20.5349,2.009459495,0
EQUL.US,D,20220520,000000,20.5659,20.5659,20.5659,20.5659,10.047297475,0
EQUL.US,D,20220523,000000,20.8918,20.8918,20.8918,20.8918,4.01891899,0
EQUL.US,D,20220524,000000,20.6623,20.6623,20.6191,20.6191,1014.777044975,0
EQUL.US,D,20220525,000000,20.7518,20.9303,20.722,20.9303,1014.777044975,0
EQUL.US,D,20220526,000000,21.3617,21.3617,21.3617,21.3617,2.009459495,0
EQUL.US,D,20220527,000000,21.8106,21.8106,21.8106,21.8106,1.0047297475,0
EQUL.US,D,20220531,000000,21.6348,21.6348,21.6348,21.6348,1.0047297475,0
EQUL.US,D,20220601,000000,21.3736,21.3736,21.3736,21.3736,5.0236487375,0
EQUL.US,D,20220602,000000,21.705,21.705,21.705,21.705,4.01891899,0
EQUL.US,D,20220603,000000,21.4159,21.4159,21.4159,21.4159,13.0614867175,0
EQUL.US,D,20220606,000000,21.4957,21.4957,21.4957,21.4957,1.0047297475,0
EQUL.US,D,20220607,000000,21.6663,21.6663,21.6663,21.6663,1.0047297475,0
EQUL.US,D,20220608,000000,21.5095,21.5095,21.5095,21.5095,1.0047297475,0
EQUL.US,D,20220609,000000,20.9995,20.9995,20.9995,20.9995,1.0047297475,0
EQUL.US,D,20220610,000000,20.3825,20.3825,20.3825,20.3825,1.0047297475,0
EQUL.US,D,20220613,000000,19.5398,19.5398,19.5398,19.5398,45.2128386375,0
EQUL.US,D,20220614,000000,19.5276,19.5276,19.4049,19.4049,102.482434245,0
EQUL.US,D,20220615,000000,19.7053,19.7053,19.7053,19.7053,1.0047297475,0
EQUL.US,D,20220616,000000,19.0285,19.0285,19.0285,19.0285,1.0047297475,0
EQUL.US,D,20220617,000000,19.3013,19.3013,19.3013,19.3013,33,0
EQUL.US,D,20220621,000000,19.6386,19.6386,19.6386,19.6386,4,0
EQUL.US,D,20220622,000000,19.6988,19.6988,19.6988,19.6988,36,0
EQUL.US,D,20220623,000000,19.76,19.9143,19.75,19.9143,6775,0
EQUL.US,D,20220624,000000,20.4827,20.4827,20.4827,20.4827,4,0
EQUL.US,D,20220627,000000,20.4109,20.4109,20.4109,20.4109,105,0
EQUL.US,D,20220628,000000,20.0447,20.0447,20.0447,20.0447,3,0
EQUL.US,D,20220629,000000,20.021,20.021,20.021,20.021,1,0
EQUL.US,D,20220630,000000,19.8143,19.8143,19.8143,19.8143,3,0
EQUL.US,D,20220701,000000,20.1489,20.1489,20.1489,20.1489,2,0
EQUL.US,D,20220705,000000,20.2341,20.2341,20.2341,20.2341,5,0
EQUL.US,D,20220706,000000,20.1947,20.1947,20.1947,20.1947,7,0
EQUL.US,D,20220707,000000,20.5468,20.5468,20.5468,20.5468,5,0
EQUL.US,D,20220708,000000,20.469,20.469,20.469,20.469,5,0
EQUL.US,D,20220711,000000,20.45,20.45,20.1617,20.1617,100,0
EQUL.US,D,20220712,000000,20.086,20.086,20.086,20.086,5,0
EQUL.US,D,20220713,000000,19.9762,19.9762,19.9762,19.9762,5,0
EQUL.US,D,20220714,000000,19.7337,19.7337,19.7337,19.7337,5,0
EQUL.US,D,20220715,000000,20.1672,20.1672,20.1672,20.1672,5,0
EQUL.US,D,20220718,000000,20.1085,20.1085,20.1085,20.1085,11,0
EQUL.US,D,20220719,000000,20.6227,20.6227,20.6227,20.6227,4,0
EQUL.US,D,20220720,000000,20.79,20.79,20.79,20.79,4,0
EQUL.US,D,20220721,000000,20.9082,20.9082,20.9082,20.9082,4,0
EQUL.US,D,20220722,000000,20.6692,20.6692,20.6692,20.6692,4,0
EQUL.US,D,20220725,000000,20.6797,20.6797,20.6797,20.6797,1,0
EQUL.US,D,20220726,000000,20.4335,20.4335,20.4335,20.4335,1,0
EQUL.US,D,20220727,000000,20.9376,20.9376,20.9376,20.9376,11,0
EQUL.US,D,20220728,000000,21.2722,21.2722,21.2722,21.2722,4,0
EQUL.US,D,20220729,000000,21.413,21.413,21.413,21.413,2,0
EQUL.US,D,20220801,000000,21.3966,21.3966,21.3966,21.3966,1,0
EQUL.US,D,20220802,000000,21.58,21.58,21.3765,21.3765,954,0
EQUL.US,D,20220803,000000,21.7074,21.7074,21.7074,21.7074,1,0
EQUL.US,D,20220804,000000,21.7538,21.7538,21.7538,21.7538,1,0
EQUL.US,D,20220805,000000,21.83,21.83,21.83,21.83,1,0
EQUL.US,D,20220808,000000,21.9074,21.9074,21.9074,21.9074,1,0
EQUL.US,D,20220809,000000,21.8498,21.8498,21.8498,21.8498,1,0
EQUL.US,D,20220810,000000,22.4117,22.4117,22.4117,22.4117,45,0
EQUL.US,D,20220811,000000,22.4331,22.4331,22.4331,22.4331,29,0
EQUL.US,D,20220812,000000,22.699,22.699,22.699,22.699,1,0
EQUL.US,D,20220815,000000,22.8186,22.8186,22.8186,22.8186,1,0
EQUL.US,D,20220816,000000,22.8598,22.8598,22.8598,22.8598,3,0
EQUL.US,D,20220817,000000,22.576,22.576,22.576,22.576,3,0
EQUL.US,D,20220818,000000,22.51,22.5552,22.51,22.5552,331,0
EQUL.US,D,20220819,000000,22.2545,22.2545,22.2545,22.2545,22,0
EQUL.US,D,20220822,000000,21.7384,21.7384,21.7384,21.7384,22,0
EQUL.US,D,20220823,000000,21.6767,21.6767,21.6767,21.6767,22,0
EQUL.US,D,20220824,000000,21.8198,21.8198,21.8198,21.8198,22,0
EQUL.US,D,20220825,000000,22.1122,22.1122,22.1122,22.1122,1,0
EQUL.US,D,20220826,000000,21.4445,21.4445,21.4445,21.4445,50,0
EQUL.US,D,20220829,000000,21.2987,21.2987,21.2987,21.2987,85,0
EQUL.US,D,20220830,000000,21.1193,21.1193,21.1193,21.1193,22,0
EQUL.US,D,20220831,000000,21.0646,21.0646,21.0646,21.0646,22,0
EQUL.US,D,20220901,000000,21,21.058,21,21.058,160,0
EQUL.US,D,20220902,000000,20.8404,20.8404,20.8404,20.8404,74,0
EQUL.US,D,20220906,000000,20.7793,20.7793,20.7793,20.7793,20,0
EQUL.US,D,20220907,000000,21.262,21.262,21.262,21.262,6,0
EQUL.US,D,20220908,000000,21.4703,21.4703,21.4703,21.4703,22,0
EQUL.US,D,20220909,000000,21.8492,21.8492,21.8492,21.8492,27,0
EQUL.US,D,20220912,000000,22.0237,22.0237,22.0237,22.0237,1,0
EQUL.US,D,20220913,000000,21,21.175,21,21.175,1,0
EQUL.US,D,20220914,000000,21.2129,21.2129,21.2129,21.2129,28,0
EQUL.US,D,20220915,000000,21.0981,21.0981,21.0981,21.0981,1,0
EQUL.US,D,20220916,000000,20.813,20.813,20.813,20.813,14,0
EQUL.US,D,20220919,000000,20.9169,20.9169,20.9169,20.9169,2,0
EQUL.US,D,20220920,000000,20.5583,20.5583,20.5583,20.5583,1,0
EQUL.US,D,20220921,000000,20.2686,20.2686,20.2686,20.2686,3,0
EQUL.US,D,20220922,000000,19.978,19.978,19.978,19.978,1,0
EQUL.US,D,20220923,000000,19.6009,19.6009,19.6009,19.6009,44,0
EQUL.US,D,20220926,000000,19.3906,19.3906,19.3906,19.3906,1,0
EQUL.US,D,20220927,000000,19.383,19.383,19.383,19.383,23,0
EQUL.US,D,20220928,000000,19.9277,19.9277,19.9277,19.9277,4,0
EQUL.US,D,20220929,000000,19.4454,19.4454,19.4454,19.4454,1,0
EQUL.US,D,20220930,000000,19.2216,19.2216,19.2216,19.2216,1,0
EQUL.US,D,20221003,000000,19.6607,19.6607,19.6607,19.6607,1,0
EQUL.US,D,20221004,000000,20.3235,20.3235,20.3235,20.3235,1,0
EQUL.US,D,20221005,000000,20.2607,20.2607,20.2607,20.2607,1,0
EQUL.US,D,20221006,000000,20.0453,20.0453,20.0453,20.0453,1,0
EQUL.US,D,20221007,000000,19.5503,19.5503,19.5503,19.5503,1,0
EQUL.US,D,20221010,000000,19.4627,19.4627,19.4627,19.4627,1,0
EQUL.US,D,20221011,000000,19.2538,19.2538,19.2538,19.2538,1,0
EQUL.US,D,20221012,000000,19.2908,19.2908,19.2908,19.2908,1,0
EQUL.US,D,20221013,000000,19.6689,19.6689,19.6689,19.6689,4,0
EQUL.US,D,20221014,000000,19.3416,19.3416,19.3416,19.3416,1,0
EQUL.US,D,20221017,000000,19.8225,19.8225,19.8225,19.8225,1,0
EQUL.US,D,20221018,000000,20.0886,20.0886,20.0886,20.0886,1,0
EQUL.US,D,20221019,000000,19.854,19.854,19.854,19.854,4,0
EQUL.US,D,20221020,000000,19.7687,19.7687,19.7687,19.7687,4,0
EQUL.US,D,20221021,000000,20.1579,20.1579,20.1579,20.1579,1,0
EQUL.US,D,20221024,000000,20.3381,20.3381,20.3381,20.3381,1,0
EQUL.US,D,20221025,000000,20.7467,20.7467,20.7467,20.7467,1,0
EQUL.US,D,20221026,000000,20.7723,20.7723,20.7723,20.7723,4,0
EQUL.US,D,20221027,000000,20.6776,20.6776,20.6776,20.6776,1,0
EQUL.US,D,20221028,000000,21.123,21.123,21.123,21.123,1,0
EQUL.US,D,20221031,000000,20.9825,20.9825,20.9825,20.9825,20,0
EQUL.US,D,20221101,000000,21.0152,21.0152,21.0152,21.0152,1,0
EQUL.US,D,20221102,000000,20.5783,20.5783,20.5783,20.5783,28,0
EQUL.US,D,20221103,000000,20.4004,20.4004,20.4004,20.4004,1,0
EQUL.US,D,20221104,000000,20.6557,20.6557,20.6557,20.6557,2,0
EQUL.US,D,20221107,000000,20.8659,20.8659,20.8659,20.8659,2,0
EQUL.US,D,20221108,000000,20.9928,20.9928,20.9928,20.9928,10,0
EQUL.US,D,20221109,000000,20.721,20.721,20.721,20.721,1,0
EQUL.US,D,20221110,000000,21.8704,21.8704,21.8704,21.8704,86,0
EQUL.US,D,20221111,000000,22.168,22.168,22.168,22.168,86,0
EQUL.US,D,20221114,000000,21.9883,21.9883,21.9883,21.9883,2,0
EQUL.US,D,20221115,000000,22.1755,22.1755,22.1755,22.1755,4,0
EQUL.US,D,20221116,000000,22.09,22.09,21.9764,21.9764,550,0
EQUL.US,D,20221117,000000,21.8096,21.8096,21.8096,21.8096,2,0
EQUL.US,D,20221118,000000,21.8856,21.8856,21.8856,21.8856,2,0
EQUL.US,D,20221121,000000,21.8904,21.8904,21.8904,21.8904,61,0
EQUL.US,D,20221122,000000,22.1621,22.1621,22.1621,22.1621,61,0
EQUL.US,D,20221123,000000,22.2611,22.2611,22.2611,22.2611,61,0
EQUL.US,D,20221125,000000,22.2775,22.2775,22.2775,22.2775,61,0
EQUL.US,D,20221128,000000,21.9793,21.9793,21.9793,21.9793,61,0
EQUL.US,D,20221129,000000,22.0313,22.0313,22.0313,22.0313,45,0
EQUL.US,D,20221130,000000,22.6278,22.6278,22.6278,22.6278,5,0
EQUL.US,D,20221201,000000,22.6994,22.6994,22.6994,22.6994,4,0
EQUL.US,D,20221202,000000,22.7006,22.7006,22.7006,22.7006,7,0
EQUL.US,D,20221205,000000,22.2491,22.2491,22.2491,22.2491,5,0
EQUL.US,D,20221206,000000,21.9902,21.9902,21.9902,21.9902,5,0
EQUL.US,D,20221207,000000,21.9656,21.9656,21.9656,21.9656,5,0
EQUL.US,D,20221208,000000,22.0987,22.0987,22.0987,22.0987,5,0
EQUL.US,D,20221209,000000,21.9666,21.9666,21.9666,21.9666,5,0
EQUL.US,D,20221212,000000,22.2667,22.2667,22.2667,22.2667,5,0
EQUL.US,D,20221213,000000,22.4721,22.4721,22.4721,22.4721,2,0
EQUL.US,D,20221214,000000,22.3788,22.3788,22.3788,22.3788,2,0
EQUL.US,D,20221215,000000,21.7664,21.7664,21.7664,21.7664,1,0
EQUL.US,D,20221216,000000,21.5313,21.5313,21.5313,21.5313,2,0
EQUL.US,D,20221219,000000,21.2454,21.2454,21.2454,21.2454,2,0
EQUL.US,D,20221220,000000,21.2589,21.2589,21.2589,21.2589,17,0
EQUL.US,D,20221221,000000,21.5322,21.5322,21.5322,21.5322,2,0
EQUL.US,D,20221222,000000,21.3005,21.3005,21.3005,21.3005,1,0
EQUL.US,D,20221223,000000,21.3729,21.3729,21.3729,21.3729,8,0
EQUL.US,D,20221227,000000,21.34,21.34,21.34,21.34,1,0
EQUL.US,D,20221228,000000,21.1266,21.1266,21.1266,21.1266,1,0
EQUL.US,D,20221229,000000,21.4729,21.4729,21.4729,21.4729,1,0
EQUL.US,D,20221230,000000,21.4071,21.4071,21.4071,21.4071,1,0
EQUL.US,D,20230103,000000,21.494,21.494,21.494,21.494,1,0
EQUL.US,D,20230104,000000,21.8221,21.8221,21.8221,21.8221,10,0
EQUL.US,D,20230105,000000,21.6693,21.6693,21.6693,21.6693,4,0
EQUL.US,D,20230106,000000,22.1563,22.1563,22.1563,22.1563,1,0
EQUL.US,D,20230109,000000,22.2262,22.2262,22.2262,22.2262,10,0
EQUL.US,D,20230110,000000,22.4893,22.4893,22.4893,22.4893,10,0
EQUL.US,D,20230111,000000,22.7119,22.7119,22.7119,22.7119,1,0
EQUL.US,D,20230112,000000,22.8314,22.8314,22.8314,22.8314,1,0
EQUL.US,D,20230113,000000,22.9738,22.9738,22.9738,22.9738,1,0
EQUL.US,D,20230117,000000,22.8933,22.8933,22.8933,22.8933,5,0
EQUL.US,D,20230118,000000,22.5386,22.5386,22.5386,22.5386,1,0
EQUL.US,D,20230119,000000,22.2897,22.2897,22.2897,22.2897,1,0
EQUL.US,D,20230120,000000,22.7035,22.7035,22.7035,22.7035,1,0
EQUL.US,D,20230123,000000,22.9886,22.9886,22.9886,22.9886,2,0
EQUL.US,D,20230124,000000,22.9347,22.9347,22.9347,22.9347,10,0
EQUL.US,D,20230125,000000,22.9418,22.9418,22.9418,22.9418,1,0
EQUL.US,D,20230126,000000,23.0004,23.0004,23.0004,23.0004,1,0
EQUL.US,D,20230127,000000,23.1452,23.1452,23.1452,23.1452,1,0
EQUL.US,D,20230130,000000,22.9285,22.9285,22.9285,22.9285,1,0
EQUL.US,D,20230131,000000,23.3231,23.3231,23.3231,23.3231,1,0
EQUL.US,D,20230201,000000,23.5905,23.5905,23.5905,23.5905,1,0
EQUL.US,D,20230202,000000,23.9152,23.9152,23.9152,23.9152,1,0
EQUL.US,D,20230203,000000,23.6173,23.6173,23.6173,23.6173,1,0
EQUL.US,D,20230206,000000,23.4366,23.4366,23.4366,23.4366,1,0
EQUL.US,D,20230207,000000,23.6606,23.6606,23.6606,23.6606,1,0
EQUL.US,D,20230208,000000,23.2974,23.2974,23.2974,23.2974,1,0
EQUL.US,D,20230209,000000,22.9659,22.9659,22.9659,22.9659,3,0
EQUL.US,D,20230210,000000,22.7843,22.7843,22.7843,22.7843,1,0
EQUL.US,D,20230213,000000,23.0439,23.0439,23.0439,23.0439,21,0
EQUL.US,D,20230214,000000,22.09,23.1187,22.09,23.1187,30,0
EQUL.US,D,20230215,000000,23.2626,23.2626,23.2626,23.2626,21,0
EQUL.US,D,20230216,000000,22.9652,22.9652,22.9652,22.9652,40,0
EQUL.US,D,20230217,000000,22.8986,22.8986,22.8986,22.8986,20,0
EQUL.US,D,20230221,000000,22.4293,22.4293,22.4293,22.4293,2,0
EQUL.US,D,20230222,000000,22.36,22.4042,22.36,22.4042,476,0
EQUL.US,D,20230223,000000,22.3695,22.3695,22.3695,22.3695,5,0
EQUL.US,D,20230224,000000,22.0734,22.0734,22.0734,22.0734,4,0
EQUL.US,D,20230227,000000,22.0951,22.0951,22.0951,22.0951,5,0
EQUL.US,D,20230228,000000,22.1064,22.1064,22.1064,22.1064,8,0
EQUL.US,D,20230301,000000,22.36,22.36,22.027,22.027,5,0
EQUL.US,D,20230302,000000,22.2274,22.2274,22.2274,22.2274,5,0
EQUL.US,D,20230303,000000,22.5789,22.5789,22.5789,22.5789,5,0
EQUL.US,D,20230306,000000,22.4339,22.4339,22.4339,22.4339,5,0
EQUL.US,D,20230307,000000,22.069,22.069,22.069,22.069,105,0
EQUL.US,D,20230308,000000,22.0507,22.0507,22.0507,22.0507,5,0
EQUL.US,D,20230309,000000,21.5576,21.5576,21.5576,21.5576,1,0
EQUL.US,D,20230310,000000,21.1488,21.1488,21.1488,21.1488,3,0
EQUL.US,D,20230313,000000,22.36,22.36,21.041,21.041,3,0
EQUL.US,D,20230314,000000,21.3501,21.3501,21.3501,21.3501,3,0
EQUL.US,D,20230315,000000,21.1512,21.1512,21.1512,21.1512,3,0
EQUL.US,D,20230316,000000,21.4854,21.4854,21.4854,21.4854,3,0
EQUL.US,D,20230317,000000,21.1769,21.1769,21.1769,21.1769,3,0
EQUL.US,D,20230320,000000,21.3921,21.3921,21.3921,21.3921,3,0
EQUL.US,D,20230321,000000,21.709,21.709,21.709,21.709,3,0
EQUL.US,D,20230322,000000,21.3466,21.3466,21.3466,21.3466,3,0
EQUL.US,D,20230323,000000,21.4125,21.4125,21.4125,21.4125,100,0
EQUL.US,D,20230324,000000,21.4732,21.4732,21.4732,21.4732,3,0
EQUL.US,D,20230327,000000,21.6308,21.6308,21.6308,21.6308,11,0
EQUL.US,D,20230328,000000,21.6407,21.6407,21.6407,21.6407,3,0
EQUL.US,D,20230329,000000,21.9623,21.9623,21.9623,21.9623,1,0
EQUL.US,D,20230330,000000,22.0624,22.0624,22.0624,22.0624,5,0
EQUL.US,D,20230331,000000,22.3353,22.3353,22.3353,22.3353,3,0
EQUL.US,D,20230403,000000,22.3355,22.3355,22.3355,22.3355,20,0
EQUL.US,D,20230404,000000,22.2009,22.2009,22.2009,22.2009,14,0
EQUL.US,D,20230405,000000,22.1549,22.1549,22.1549,22.1549,20,0
EQUL.US,D,20230406,000000,22.1514,22.1514,22.1514,22.1514,1,0
EQUL.US,D,20230410,000000,22.2158,22.2158,22.2158,22.2158,4,0
EQUL.US,D,20230411,000000,22.359,22.359,22.359,22.359,20,0
EQUL.US,D,20230412,000000,22.2086,22.2086,22.2086,22.2086,20,0
EQUL.US,D,20230413,000000,22.4833,22.4833,22.4833,22.4833,4,0
EQUL.US,D,20230414,000000,22.4927,22.4927,22.4927,22.4927,2,0
EQUL.US,D,20230417,000000,22.6283,22.6283,22.6283,22.6283,2,0
EQUL.US,D,20230418,000000,22.6524,22.6524,22.6524,22.6524,2,0
EQUL.US,D,20230419,000000,22.5716,22.5716,22.5716,22.5716,2,0
EQUL.US,D,20230420,000000,22.4462,22.4462,22.4462,22.4462,2,0
EQUL.US,D,20230421,000000,22.5232,22.5232,22.5232,22.5232,2,0
EQUL.US,D,20230424,000000,22.524,22.524,22.524,22.524,2,0
EQUL.US,D,20230425,000000,22.2022,22.2022,22.2022,22.2022,1,0
EQUL.US,D,20230426,000000,21.9831,21.9831,21.9831,21.9831,1,0
EQUL.US,D,20230427,000000,22.4083,22.4083,22.4083,22.4083,1,0
EQUL.US,D,20230428,000000,22.6541,22.6541,22.6541,22.6541,1,0
EQUL.US,D,20230501,000000,22.6969,22.6969,22.6969,22.6969,1,0
EQUL.US,D,20230502,000000,22.4421,22.4421,22.4421,22.4421,9,0
EQUL.US,D,20230503,000000,22.2435,22.2435,22.2435,22.2435,1,0
EQUL.US,D,20230504,000000,22.0306,22.0306,22.0306,22.0306,1,0
EQUL.US,D,20230505,000000,22.3232,22.3232,22.3232,22.3232,122,0
EQUL.US,D,20230508,000000,22.3072,22.3072,22.3072,22.3072,50,0
EQUL.US,D,20230509,000000,22.1824,22.1824,22.1824,22.1824,1,0
EQUL.US,D,20230510,000000,22.2352,22.2352,22.2352,22.2352,1,0
EQUL.US,D,20230511,000000,22.1447,22.1447,22.1447,22.1447,36,0
EQUL.US,D,20230512,000000,22.0455,22.0455,22.0455,22.0455,29,0
EQUL.US,D,20230515,000000,22.08,22.1574,22.08,22.1574,224,0
EQUL.US,D,20230516,000000,21.8504,21.8504,21.8504,21.8504,1,0
EQUL.US,D,20230517,000000,22.09,22.1,22.0812,22.0812,426,0
EQUL.US,D,20230518,000000,22.1715,22.1715,22.1715,22.1715,143,0
EQUL.US,D,20230519,000000,22.0565,22.0565,22.0565,22.0565,61,0
EQUL.US,D,20230522,000000,22.0759,22.0759,22.0759,22.0759,114,0
EQUL.US,D,20230523,000000,21.9,21.9,21.8726,21.8726,134,0
EQUL.US,D,20230524,000000,21.72,21.72,21.63,21.652,1708,0
EQUL.US,D,20230525,000000,21.59,21.59,21.57,21.57,275,0
EQUL.US,D,20230526,000000,21.7554,21.7554,21.7554,21.7554,118,0
EQUL.US,D,20230530,000000,21.59,21.6421,21.59,21.6421,300,0
EQUL.US,D,20230531,000000,21.5769,21.5769,21.5769,21.5769,2,0
EQUL.US,D,20230601,000000,21.7531,21.7531,21.7531,21.7531,1,0
EQUL.US,D,20230602,000000,22.2272,22.2272,22.2272,22.2272,44,0
EQUL.US,D,20230605,000000,22.1917,22.1917,22.1917,22.1917,23,0
EQUL.US,D,20230606,000000,22.3439,22.3439,22.3439,22.3439,23,0
EQUL.US,D,20230607,000000,22.32,22.324,22.2735,22.2735,530,0
EQUL.US,D,20230608,000000,22.26,22.3589,22.26,22.3589,123,0
EQUL.US,D,20230609,000000,22.4,22.4,22.3725,22.3725,210,0
EQUL.US,D,20230612,000000,22.4687,22.4687,22.4687,22.4687,22,0
EQUL.US,D,20230613,000000,22.625,22.684,22.625,22.684,289,0
EQUL.US,D,20230614,000000,22.82,22.82,22.6416,22.6416,121,0
EQUL.US,D,20230615,000000,22.9705,22.9705,22.9705,22.9705,90,0
EQUL.US,D,20230616,000000,22.95,22.9576,22.95,22.9576,199,0
EQUL.US,D,20230620,000000,22.75,22.761,22.75,22.761,180,0
EQUL.US,D,20230621,000000,22.6949,22.6949,22.6949,22.6949,50,0
EQUL.US,D,20230622,000000,22.6233,22.6233,22.6233,22.6233,157,0
EQUL.US,D,20230623,000000,22.42,22.4262,22.42,22.4262,119,0
EQUL.US,D,20230626,000000,22.49,22.49,22.4289,22.4289,559,0
EQUL.US,D,20230627,000000,22.51,22.6482,22.51,22.6482,362,0
EQUL.US,D,20230628,000000,22.5857,22.5857,22.5857,22.5857,20,0
EQUL.US,D,20230629,000000,22.6382,22.6382,22.6382,22.6382,67,0
EQUL.US,D,20230630,000000,22.7397,22.7397,22.7397,22.7397,20,0
EQUL.US,D,20230703,000000,22.82,22.8284,22.82,22.8284,225,0
EQUL.US,D,20230705,000000,22.7561,22.7561,22.7561,22.7561,27,0
EQUL.US,D,20230706,000000,22.4971,22.4971,22.4971,22.4971,17,0
EQUL.US,D,20230707,000000,22.4439,22.4439,22.4439,22.4439,19,0
EQUL.US,D,20230710,000000,22.6601,22.6601,22.6601,22.6601,2,0
EQUL.US,D,20230711,000000,22.9981,22.9981,22.9981,22.9981,16,0
EQUL.US,D,20230712,000000,23.1124,23.1124,23.1124,23.1124,1,0
EQUL.US,D,20230713,000000,23.2727,23.2727,23.2727,23.2727,12,0
EQUL.US,D,20230714,000000,23.1087,23.1087,23.1087,23.1087,1,0
EQUL.US,D,20230717,000000,23.2126,23.2126,23.2126,23.2126,50,0
EQUL.US,D,20230718,000000,23.41,23.41,23.39,23.3978,804,0
EQUL.US,D,20230719,000000,23.49,23.5316,23.49,23.5316,351,0
EQUL.US,D,20230720,000000,23.4311,23.4311,23.4311,23.4311,1,0
EQUL.US,D,20230721,000000,23.4511,23.4511,23.4511,23.4511,3,0
EQUL.US,D,20230724,000000,23.48,23.4885,23.48,23.4885,1011,0
EQUL.US,D,20230725,000000,23.4617,23.4617,23.4617,23.4617,3,0
EQUL.US,D,20230726,000000,23.5199,23.5199,23.5199,23.5199,15,0
EQUL.US,D,20230727,000000,23.1904,23.1904,23.1904,23.1904,1,0
EQUL.US,D,20230728,000000,23.3836,23.3836,23.3836,23.3836,66,0
EQUL.US,D,20230731,000000,23.4739,23.4739,23.4739,23.4739,1,0
EQUL.US,D,20230801,000000,23.3515,23.3515,23.3515,23.3515,1,0
EQUL.US,D,20230802,000000,23.1185,23.1185,23.1185,23.1185,1,0
EQUL.US,D,20230803,000000,23.06,23.06,22.9607,22.9607,240,0
EQUL.US,D,20230804,000000,22.7364,22.7364,22.7364,22.7364,1,0
EQUL.US,D,20230807,000000,22.8981,22.8981,22.8981,22.8981,1,0
EQUL.US,D,20230808,000000,22.7391,22.7391,22.7391,22.7391,1,0
EQUL.US,D,20230809,000000,22.74,22.74,22.6221,22.6221,1359,0
EQUL.US,D,20230810,000000,22.94,22.94,22.6179,22.6179,164,0
EQUL.US,D,20230811,000000,22.57,22.6208,22.57,22.6208,241,0
EQUL.US,D,20230814,000000,22.6468,22.6468,22.6468,22.6468,45,0
EQUL.US,D,20230815,000000,22.3598,22.3598,22.3598,22.3598,72,0
EQUL.US,D,20230816,000000,22.1809,22.1809,22.1809,22.1809,1,0
EQUL.US,D,20230817,000000,22.46,22.46,22.0486,22.0486,273,0
EQUL.US,D,20230818,000000,22.0293,22.0293,22.0293,22.0293,45,0
EQUL.US,D,20230821,000000,21.9845,21.9845,21.9845,21.9845,21,0
EQUL.US,D,20230822,000000,21.8902,21.8902,21.8902,21.8902,1,0
EQUL.US,D,20230823,000000,21.97,22.0231,21.97,22.0231,110,0
EQUL.US,D,20230824,000000,21.8826,21.8826,21.8826,21.8826,15,0
EQUL.US,D,20230825,000000,21.9794,21.9794,21.9794,21.9794,19,0
EQUL.US,D,20230828,000000,22.1285,22.1285,22.1285,22.1285,91,0
EQUL.US,D,20230829,000000,22.21,22.41,22.21,22.4013,1590,0
EQUL.US,D,20230830,000000,22.4848,22.4848,22.4848,22.4848,15,0
EQUL.US,D,20230831,000000,22.58,22.58,22.4642,22.4642,176,0
EQUL.US,D,20230901,000000,22.65,22.65,22.5198,22.5198,603,0
EQUL.US,D,20230905,000000,22.355,22.355,22.2946,22.2946,302,0
EQUL.US,D,20230906,000000,22.2003,22.2003,22.2003,22.2003,5,0
EQUL.US,D,20230907,000000,22.16,22.16,22.0872,22.0872,551,0
EQUL.US,D,20230908,000000,22.0759,22.0759,22.0759,22.0759,82,0
EQUL.US,D,20230911,000000,22.1058,22.1058,22.1058,22.1058,47,0
EQUL.US,D,20230912,000000,22.1,22.1,22.0852,22.0852,1513,0
EQUL.US,D,20230913,000000,21.9967,21.9967,21.9967,21.9967,74,0
EQUL.US,D,20230914,000000,22.18,22.2182,22.13,22.2182,1468,0
EQUL.US,D,20230915,000000,22.03,22.03,22.009,22.009,325,0
EQUL.US,D,20230918,000000,21.93,21.93,21.9099,21.9099,880,0
EQUL.US,D,20230919,000000,21.933,21.933,21.933,21.933,12,0
EQUL.US,D,20230920,000000,21.872,21.872,21.872,21.872,2,0
EQUL.US,D,20230921,000000,21.57,21.57,21.5063,21.5063,2055,0
EQUL.US,D,20230922,000000,21.3647,21.3647,21.3647,21.3647,11,0
EQUL.US,D,20230925,000000,21.28,21.3532,21.28,21.3532,8306,0
EQUL.US,D,20230926,000000,21.1196,21.1196,21.1196,21.1196,2,0
EQUL.US,D,20230927,000000,21.0759,21.0759,21.0759,21.0759,14,0
EQUL.US,D,20230928,000000,21.1892,21.1892,21.1892,21.1892,94,0
EQUL.US,D,20230929,000000,21.1422,21.1422,21.1422,21.1422,3,0
EQUL.US,D,20231002,000000,21.14,21.14,20.8984,20.8984,268,0
EQUL.US,D,20231003,000000,20.56,20.56,20.56,20.56,1,0
EQUL.US,D,20231004,000000,20.7483,20.7483,20.7483,20.7483,45,0
EQUL.US,D,20231005,000000,20.586,20.586,20.586,20.586,2,0
EQUL.US,D,20231006,000000,20.7903,20.7903,20.7903,20.7903,54,0
EQUL.US,D,20231009,000000,20.8763,20.8763,20.8763,20.8763,3,0
EQUL.US,D,20231010,000000,21.17,21.17,21.1004,21.1004,250,0
EQUL.US,D,20231011,000000,21.1002,21.1002,21.1002,21.1002,5,0
EQUL.US,D,20231012,000000,20.8034,20.8034,20.8034,20.8034,2,0
EQUL.US,D,20231013,000000,20.701,20.701,20.701,20.701,2,0
EQUL.US,D,20231016,000000,20.9914,20.9914,20.9914,20.9914,2,0
EQUL.US,D,20231017,000000,21.2,21.2025,21.12,21.1407,2036,0
EQUL.US,D,20231018,000000,20.8205,20.8205,20.8205,20.8205,2,0
EQUL.US,D,20231019,000000,20.5813,20.5813,20.5813,20.5813,5,0
EQUL.US,D,20231020,000000,20.3715,20.3715,20.3715,20.3715,2,0
EQUL.US,D,20231023,000000,20.265,20.265,20.265,20.265,5,0
EQUL.US,D,20231024,000000,20.4447,20.4447,20.4447,20.4447,87,0
EQUL.US,D,20231025,000000,20.1925,20.2019,20.19,20.2019,866,0
EQUL.US,D,20231026,000000,20.1113,20.1113,20.1113,20.1113,25,0
EQUL.US,D,20231027,000000,20.07,20.08,19.7971,19.7971,654,0
EQUL.US,D,20231030,000000,20.015,20.015,20.015,20.015,4,0
EQUL.US,D,20231031,000000,20.2177,20.2177,20.2177,20.2177,4,0
EQUL.US,D,20231101,000000,20.19,20.19,20.16,20.1801,1404,0
EQUL.US,D,20231102,000000,20.7219,20.7219,20.7219,20.7219,139,0
EQUL.US,D,20231103,000000,21.1157,21.1157,21.1157,21.1157,70,0
EQUL.US,D,20231106,000000,20.9602,20.9602,20.9602,20.9602,100,0
EQUL.US,D,20231107,000000,21.01,21.01,20.9857,20.9857,882,0
EQUL.US,D,20231108,000000,21.09,21.09,20.94,20.94,1112,0
EQUL.US,D,20231109,000000,20.6888,20.6888,20.6888,20.6888,2,0
EQUL.US,D,20231110,000000,20.85,20.85,20.85,20.85,168,0
EQUL.US,D,20231113,000000,20.8298,20.8298,20.8298,20.8298,14,0
EQUL.US,D,20231114,000000,21.4018,21.4018,21.4018,21.4018,6,0
EQUL.US,D,20231115,000000,21.6334,21.6334,21.6334,21.6334,8,0
EQUL.US,D,20231116,000000,21.53,21.5395,21.51,21.5395,522,0
EQUL.US,D,20231117,000000,21.64,21.6682,21.64,21.6682,1606,0
EQUL.US,D,20231120,000000,21.68,21.7307,21.68,21.7307,431,0
EQUL.US,D,20231121,000000,21.69,21.7167,21.69,21.7167,101,0
EQUL.US,D,20231122,000000,21.8193,21.8193,21.8193,21.8193,3,0
EQUL.US,D,20231124,000000,21.855,21.855,21.855,21.855,1,0
EQUL.US,D,20231127,000000,21.7997,21.7997,21.7997,21.7997,14,0
EQUL.US,D,20231128,000000,21.8799,21.8822,21.855,21.8822,1372,0
EQUL.US,D,20231129,000000,22.0082,22.0082,22.0082,22.0082,2,0
EQUL.US,D,20231130,000000,22.2479,22.2479,22.2479,22.2479,1,0
EQUL.US,D,20231201,000000,22.6711,22.6711,22.6711,22.6711,43,0
EQUL.US,D,20231204,000000,22.7387,22.7387,22.7387,22.7387,1,0
EQUL.US,D,20231205,000000,22.5301,22.5301,22.5301,22.5301,212,0
EQUL.US,D,20231206,000000,22.5621,22.5621,22.5621,22.5621,52,0
EQUL.US,D,20231207,000000,22.7403,22.7403,22.7403,22.7403,30,0
EQUL.US,D,20231208,000000,22.7837,22.7837,22.7837,22.7837,1,0
EQUL.US,D,20231211,000000,23.0155,23.0155,23.0155,23.0155,9,0
EQUL.US,D,20231212,000000,23.0977,23.0977,23.0977,23.0977,7,0
EQUL.US,D,20231213,000000,23.5608,23.5608,23.5608,23.5608,10,0
EQUL.US,D,20231214,000000,23.8532,23.8532,23.8532,23.8532,1,0
EQUL.US,D,20231215,000000,23.6385,23.6385,23.6385,23.6385,7,0
EQUL.US,D,20231218,000000,23.6944,23.6944,23.6944,23.6944,7,0
EQUL.US,D,20231219,000000,23.8787,23.8787,23.8787,23.8787,1,0
EQUL.US,D,20231220,000000,23.84,23.87,23.4805,23.4805,578,0
EQUL.US,D,20231221,000000,23.74,23.7955,23.74,23.7955,201,0
EQUL.US,D,20231222,000000,23.95,23.95,23.8597,23.8597,541,0
EQUL.US,D,20231226,000000,23.9634,23.9634,23.9634,23.9634,5,0
EQUL.US,D,20231227,000000,24,24.0155,24,24.0155,201,0
EQUL.US,D,20231228,000000,24.0764,24.0764,24.0764,24.0764,15,0
EQUL.US,D,20231229,000000,23.97,23.9702,23.97,23.9702,111,0
EQUL.US,D,20240102,000000,23.9283,23.9283,23.9283,23.9283,96,0
EQUL.US,D,20240103,000000,23.5851,23.5851,23.5851,23.5851,69,0
EQUL.US,D,20240104,000000,23.5186,23.5186,23.5186,23.5186,16,0
EQUL.US,D,20240105,000000,23.6047,23.6047,23.6047,23.6047,2,0
EQUL.US,D,20240108,000000,23.8,23.95,23.8,23.9438,2004,0
EQUL.US,D,20240109,000000,23.9097,23.9097,23.9097,23.9097,14,0
EQUL.US,D,20240110,000000,23.962,23.962,23.962,23.962,1,0
EQUL.US,D,20240111,000000,23.8573,23.8573,23.8573,23.8573,50,0
EQUL.US,D,20240112,000000,23.8232,23.8232,23.8232,23.8232,7,0
EQUL.US,D,20240116,000000,23.6202,23.6202,23.6202,23.6202,41,0
EQUL.US,D,20240117,000000,23.55,23.56,23.522,23.522,945,0
EQUL.US,D,20240118,000000,23.6209,23.6209,23.6209,23.6209,7,0
EQUL.US,D,20240119,000000,23.8189,23.8189,23.8189,23.8189,24,0
EQUL.US,D,20240122,000000,24.02,24.02,23.928,23.9586,443,0
EQUL.US,D,20240123,000000,24.0637,24.0637,24.0637,24.0637,141,0
EQUL.US,D,20240124,000000,23.9183,23.9183,23.9183,23.9183,41,0
EQUL.US,D,20240125,000000,24.02,24.1786,24.02,24.1786,524,0
EQUL.US,D,20240126,000000,24.2525,24.2525,24.2525,24.2525,2,0
EQUL.US,D,20240129,000000,24.4384,24.4384,24.4384,24.4384,61,0
EQUL.US,D,20240130,000000,24.4855,24.4855,24.4855,24.4855,40,0
EQUL.US,D,20240131,000000,24.2273,24.2273,24.2273,24.2273,32,0
EQUL.US,D,20240201,000000,24.32,24.5014,24.26,24.5014,485,0
EQUL.US,D,20240202,000000,24.642,24.642,24.642,24.642,12,0
EQUL.US,D,20240205,000000,24.4,24.41,24.346,24.346,863,0
EQUL.US,D,20240206,000000,24.5713,24.5713,24.5713,24.5713,43,0
EQUL.US,D,20240207,000000,24.6234,24.6234,24.6234,24.6234,7,0
EQUL.US,D,20240208,000000,24.6297,24.6297,24.6297,24.6297,55,0
EQUL.US,D,20240209,000000,24.495,24.555,24.495,24.555,451,0
EQUL.US,D,20240212,000000,24.684,24.684,24.684,24.684,82,0
EQUL.US,D,20240213,000000,24.22,24.2312,24.21,24.2312,1703,0
EQUL.US,D,20240214,000000,24.4,24.66,24.4,24.6482,750,0
EQUL.US,D,20240215,000000,25.0712,25.0712,25.0712,25.0712,1,0
EQUL.US,D,20240216,000000,24.91,24.91,24.867,24.867,564,0
EQUL.US,D,20240220,000000,24.44,24.7866,24.44,24.7866,261,0
EQUL.US,D,20240221,000000,24.761,24.761,24.761,24.761,5,0
EQUL.US,D,20240222,000000,24.98,24.98,24.9751,24.9751,452,0
EQUL.US,D,20240223,000000,25.0689,25.0689,25.0689,25.0689,87,0
EQUL.US,D,20240226,000000,24.9119,24.9119,24.9119,24.9119,44,0
EQUL.US,D,20240227,000000,25.0323,25.0323,25.0323,25.0323,3,0
EQUL.US,D,20240228,000000,25.006,25.006,25.006,25.006,7,0
EQUL.US,D,20240229,000000,25.0913,25.0913,25.0913,25.0913,1,0
EQUL.US,D,20240301,000000,25.16,25.1615,25.16,25.1615,102,0
EQUL.US,D,20240304,000000,25.164,25.164,25.164,25.164,55,0
EQUL.US,D,20240305,000000,25.0235,25.0235,25.0235,25.0235,2,0
EQUL.US,D,20240306,000000,25.1896,25.1896,25.1896,25.1896,22,0
EQUL.US,D,20240307,000000,25.31,25.31,25.267,25.267,378,0
EQUL.US,D,20240308,000000,25.3156,25.3156,25.3156,25.3156,29,0
EQUL.US,D,20240311,000000,25.3453,25.3453,25.3453,25.3453,24,0
EQUL.US,D,20240312,000000,25.4349,25.4349,25.4349,25.4349,38,0
EQUL.US,D,20240313,000000,25.4396,25.4396,25.4396,25.4396,1,0
EQUL.US,D,20240314,000000,25.44,25.44,25.1992,25.1992,2699,0
EQUL.US,D,20240315,000000,25.0439,25.0439,25.0439,25.0439,1,0
EQUL.US,D,20240318,000000,25.1635,25.1635,25.1635,25.1635,12,0
EQUL.US,D,20240319,000000,25.3294,25.3294,25.3294,25.3294,9,0
EQUL.US,D,20240320,000000,25.6026,25.6026,25.6026,25.6026,6,0
EQUL.US,D,20240321,000000,25.7399,25.7399,25.7399,25.7399,46,0
EQUL.US,D,20240322,000000,25.583,25.583,25.5661,25.5661,3143,0
EQUL.US,D,20240325,000000,25.55,25.55,25.4658,25.4658,215,0
EQUL.US,D,20240326,000000,25.4648,25.4648,25.4648,25.4648,15,0
EQUL.US,D,20240327,000000,25.7836,25.7836,25.7836,25.7836,4,0
EQUL.US,D,20240328,000000,25.8001,25.8001,25.8001,25.8001,3,0
EQUL.US,D,20240401,000000,25.5659,25.5659,25.5659,25.5659,10,0
EQUL.US,D,20240402,000000,25.3496,25.3496,25.3496,25.3496,6,0
EQUL.US,D,20240403,000000,25.3355,25.3355,25.3355,25.3355,35,0
EQUL.US,D,20240404,000000,25.15,25.15,25.1092,25.1092,414,0
EQUL.US,D,20240405,000000,25.13,25.2436,25.13,25.2436,1779,0
EQUL.US,D,20240408,000000,25.2651,25.2651,25.2651,25.2651,19,0
EQUL.US,D,20240409,000000,25.3773,25.3773,25.3773,25.3773,12,0
EQUL.US,D,20240410,000000,25.0031,25.0031,25.0031,25.0031,19,0
EQUL.US,D,20240411,000000,24.96,24.99,24.96,24.99,392,0
EQUL.US,D,20240412,000000,24.5636,24.5636,24.5636,24.5636,2,0
EQUL.US,D,20240415,000000,24.3095,24.3095,24.3095,24.3095,16,0
EQUL.US,D,20240416,000000,24.2472,24.2472,24.2472,24.2472,26,0
EQUL.US,D,20240417,000000,24.1986,24.1986,24.1986,24.1986,3,0
EQUL.US,D,20240418,000000,24.256,24.256,24.256,24.256,42,0
EQUL.US,D,20240419,000000,24.4002,24.4002,24.4002,24.4002,155,0
EQUL.US,D,20240422,000000,24.46,24.6294,24.46,24.6294,2650,0
EQUL.US,D,20240423,000000,24.9002,24.9002,24.9002,24.9002,7,0
EQUL.US,D,20240424,000000,24.93,25.032,24.93,25.032,1601,0
EQUL.US,D,20240425,000000,24.79,24.8241,24.79,24.8241,107,0
EQUL.US,D,20240426,000000,24.8958,24.8958,24.8958,24.8958,4,0
EQUL.US,D,20240429,000000,24.9752,24.9752,24.9752,24.9752,4,0
EQUL.US,D,20240430,000000,24.77,24.77,24.6305,24.6305,212,0
EQUL.US,D,20240501,000000,24.6529,24.6529,24.6529,24.6529,14,0
EQUL.US,D,20240502,000000,24.7519,24.7519,24.7519,24.7519,3,0
EQUL.US,D,20240503,000000,24.7884,24.7884,24.7884,24.7884,3,0
EQUL.US,D,20240506,000000,25.0045,25.0045,25.0045,25.0045,24,0
EQUL.US,D,20240507,000000,25.11,25.13,25.0791,25.0791,1872,0
EQUL.US,D,20240508,000000,25.03,25.03,25.0092,25.0092,201,0
EQUL.US,D,20240509,000000,25.25,25.25,25.2451,25.2451,155,0
EQUL.US,D,20240510,000000,25.2487,25.2487,25.2487,25.2487,1,0
EQUL.US,D,20240513,000000,25.2375,25.2375,25.2375,25.2375,1,0
EQUL.US,D,20240514,000000,25.3247,25.3247,25.3247,25.3247,6,0
EQUL.US,D,20240515,000000,25.444,25.444,25.444,25.444,42,0
EQUL.US,D,20240516,000000,25.45,25.4872,25.45,25.4872,732,0
EQUL.US,D,20240517,000000,25.4356,25.4356,25.4356,25.4356,89,0
EQUL.US,D,20240520,000000,25.3101,25.3101,25.3101,25.3101,1,0
EQUL.US,D,20240521,000000,25.2631,25.2631,25.2631,25.2631,106,0
EQUL.US,D,20240522,000000,25.1331,25.1331,25.1331,25.1331,6,0
EQUL.US,D,20240523,000000,25.02,25.02,24.7609,24.7609,237,0
EQUL.US,D,20240524,000000,24.782,24.782,24.782,24.782,24,0
EQUL.US,D,20240528,000000,24.55,24.55,24.5389,24.5389,163,0
EQUL.US,D,20240529,000000,24.3058,24.3058,24.3058,24.3058,2,0
EQUL.US,D,20240530,000000,24.33,24.33,24.3069,24.3069,700,0
EQUL.US,D,20240531,000000,24.7208,24.7208,24.7208,24.7208,1,0
EQUL.US,D,20240603,000000,24.7142,24.7142,24.7142,24.7142,11,0
EQUL.US,D,20240604,000000,24.7117,24.7117,24.7117,24.7117,7,0
EQUL.US,D,20240605,000000,24.72,24.8256,24.72,24.8256,720,0
EQUL.US,D,20240606,000000,24.8934,24.8934,24.8934,24.8934,2,0
EQUL.US,D,20240607,000000,24.8806,24.8806,24.8806,24.8806,51,0
EQUL.US,D,20240610,000000,24.78,24.8522,24.78,24.8522,260,0
EQUL.US,D,20240611,000000,24.733,24.733,24.733,24.733,2,0
EQUL.US,D,20240612,000000,24.8769,24.8769,24.8769,24.8769,18,0
EQUL.US,D,20240613,000000,24.6733,24.6733,24.6733,24.6733,14,0
EQUL.US,D,20240614,000000,24.5195,24.5195,24.5195,24.5195,3,0
EQUL.US,D,20240617,000000,24.6479,24.6479,24.6479,24.6479,2,0
EQUL.US,D,20240618,000000,24.7074,24.7074,24.7074,24.7074,3,0
EQUL.US,D,20240620,000000,24.7848,24.7848,24.7848,24.7848,4,0
EQUL.US,D,20240621,000000,24.83,24.9067,24.83,24.9067,1881,0
EQUL.US,D,20240624,000000,25.1348,25.1348,25.1348,25.1348,7,0
EQUL.US,D,20240625,000000,24.9374,24.9374,24.9374,24.9374,38,0
EQUL.US,D,20240626,000000,24.794,24.8155,24.794,24.8155,1614,0
EQUL.US,D,20240627,000000,24.71,24.7298,24.71,24.7298,471,0
EQUL.US,D,20240628,000000,24.74,24.75,24.7236,24.74,610,0
EQUL.US,D,20240701,000000,24.53,24.5432,24.53,24.5432,1012,0
EQUL.US,D,20240702,000000,24.6254,24.6254,24.6254,24.6254,6,0
EQUL.US,D,20240703,000000,24.6608,24.6608,24.6608,24.6608,7,0
EQUL.US,D,20240705,000000,24.7105,24.7105,24.7105,24.7105,2,0
EQUL.US,D,20240708,000000,24.6702,24.6702,24.6702,24.6702,52,0
EQUL.US,D,20240709,000000,24.6629,24.6629,24.6629,24.6629,10,0
EQUL.US,D,20240710,000000,24.7459,24.7459,24.7459,24.7459,1,0
EQUL.US,D,20240711,000000,25.0474,25.0474,25.0474,25.0474,68,0
EQUL.US,D,20240712,000000,25.1951,25.1951,25.1951,25.1951,2,0
EQUL.US,D,20240715,000000,25.2432,25.2432,25.1996,25.1996,221,0
EQUL.US,D,20240716,000000,25.7629,25.7629,25.7629,25.7629,5,0
EQUL.US,D,20240717,000000,25.81,25.84,25.7153,25.7153,14214,0
EQUL.US,D,20240718,000000,25.76,25.76,25.4492,25.4492,508,0
EQUL.US,D,20240719,000000,25.3056,25.3056,25.3056,25.3056,13,0
EQUL.US,D,20240722,000000,25.21,25.4492,25.21,25.4492,208,0
EQUL.US,D,20240723,000000,25.3611,25.3611,25.3611,25.3611,3,0
EQUL.US,D,20240724,000000,25.33,25.33,25.091,25.091,178,0
EQUL.US,D,20240725,000000,25.0926,25.0926,25.0926,25.0926,61,0
EQUL.US,D,20240726,000000,25.3702,25.3702,25.3702,25.3702,13,0
EQUL.US,D,20240729,000000,25.4634,25.4634,25.4634,25.4634,26,0
EQUL.US,D,20240730,000000,25.5611,25.5611,25.5611,25.5611,2,0
EQUL.US,D,20240731,000000,25.5803,25.6,25.4838,25.4838,244,0
EQUL.US,D,20240801,000000,25.51,25.51,25.2769,25.2769,655,0
EQUL.US,D,20240802,000000,24.8842,24.8842,24.8842,24.8842,45,0
EQUL.US,D,20240805,000000,24.296,24.296,24.296,24.296,29,0
EQUL.US,D,20240806,000000,24.6198,24.6198,24.6198,24.6198,92,0
EQUL.US,D,20240807,000000,24.5351,24.5351,24.5351,24.5351,44,0
EQUL.US,D,20240808,000000,24.9502,24.9502,24.9502,24.9502,2,0
EQUL.US,D,20240809,000000,25.07,25.07,25.0357,25.0357,284,0
EQUL.US,D,20240812,000000,24.8246,24.8246,24.8246,24.8246,4,0
EQUL.US,D,20240813,000000,25.1904,25.1904,25.1904,25.1904,2,0
EQUL.US,D,20240814,000000,25.2742,25.2742,25.2742,25.2742,26,0
EQUL.US,D,20240815,000000,25.57,25.6084,25.57,25.6084,778,0
EQUL.US,D,20240816,000000,25.7082,25.7082,25.7082,25.7082,3,0
EQUL.US,D,20240819,000000,25.9676,25.9676,25.9676,25.9676,6,0
EQUL.US,D,20240820,000000,25.8827,25.8827,25.8827,25.8827,18,0
EQUL.US,D,20240821,000000,26.0506,26.0506,26.0506,26.0506,75,0
EQUL.US,D,20240822,000000,25.9415,25.9415,25.9415,25.9415,32,0
EQUL.US,D,20240823,000000,26.2223,26.2223,26.2223,26.2223,3,0
EQUL.US,D,20240826,000000,26.2364,26.2364,26.2364,26.2364,27,0
EQUL.US,D,20240827,000000,26.2592,26.2592,26.2592,26.2592,4,0
EQUL.US,D,20240828,000000,26.2206,26.2206,26.2206,26.2206,62,0
EQUL.US,D,20240829,000000,26.4196,26.4196,26.4196,26.4196,43,0
EQUL.US,D,20240830,000000,26.465,26.5869,26.465,26.5869,535,0
EQUL.US,D,20240903,000000,26.3481,26.3481,26.3481,26.3481,95,0
EQUL.US,D,20240904,000000,26.3869,26.3869,26.3869,26.3869,6,0
EQUL.US,D,20240905,000000,26.2635,26.2635,26.2635,26.2635,5,0
EQUL.US,D,20240906,000000,25.9178,25.9178,25.9178,25.9178,32,0
EQUL.US,D,20240909,000000,26.1163,26.1163,26.1163,26.1163,2,0
EQUL.US,D,20240910,000000,26.1396,26.1396,26.1396,26.1396,24,0
EQUL.US,D,20240911,000000,26.154,26.154,26.154,26.154,9,0
EQUL.US,D,20240912,000000,26.2629,26.2629,26.2629,26.2629,1,0
EQUL.US,D,20240913,000000,26.5813,26.5813,26.5813,26.5813,5,0
EQUL.US,D,20240916,000000,26.7165,26.7165,26.7165,26.7165,3,0
EQUL.US,D,20240917,000000,26.81,26.81,26.7151,26.7151,549,0
EQUL.US,D,20240918,000000,26.7834,26.7834,26.7834,26.7834,3,0
EQUL.US,D,20240919,000000,27.0168,27.0168,27.0168,27.0168,1,0
EQUL.US,D,20240920,000000,26.9024,26.9024,26.9024,26.9024,7,0
EQUL.US,D,20240923,000000,26.9561,26.9561,26.9561,26.9561,11,0
EQUL.US,D,20240924,000000,26.9925,26.9925,26.9925,26.9925,5,0
EQUL.US,D,20240925,000000,26.785,26.785,26.785,26.785,14,0
EQUL.US,D,20240926,000000,26.99,27.0104,26.99,27.0104,530,0
EQUL.US,D,20240927,000000,27.0979,27.0979,27.0979,27.0979,5,0
EQUL.US,D,20241001,000000,26.8307,26.8307,26.8307,26.8307,6,0
EQUL.US,D,20241002,000000,26.8096,26.8096,26.8096,26.8096,7,0
EQUL.US,D,20241003,000000,26.63,26.63,26.54,26.6007,407,0
EQUL.US,D,20241004,000000,26.8902,26.8902,26.8902,26.8902,10,0
EQUL.US,D,20241007,000000,26.6897,26.6897,26.6897,26.6897,14,0
EQUL.US,D,20241008,000000,26.8245,26.8245,26.8245,26.8245,2,0
EQUL.US,D,20241009,000000,26.9834,26.9834,26.9834,26.9834,40,0
EQUL.US,D,20241010,000000,26.9119,26.9119,26.9119,26.9119,2,0
EQUL.US,D,20241011,000000,27.3234,27.3234,27.3234,27.3234,6,0
EQUL.US,D,20241014,000000,27.4521,27.4521,27.4521,27.4521,2,0
EQUL.US,D,20241015,000000,27.4246,27.4246,27.4246,27.4246,2,0
EQUL.US,D,20241016,000000,27.5641,27.5641,27.5641,27.5641,3,0
EQUL.US,D,20241017,000000,27.3787,27.3787,27.3787,27.3787,1,0
EQUL.US,D,20241018,000000,27.511,27.511,27.511,27.511,75,0
EQUL.US,D,20241021,000000,27.2413,27.2413,27.2413,27.2413,7,0
EQUL.US,D,20241022,000000,27.1563,27.1563,27.1563,27.1563,17,0
EQUL.US,D,20241023,000000,26.9409,26.9409,26.9409,26.9409,7,0
EQUL.US,D,20241024,000000,26.7683,26.7683,26.7683,26.7683,126,0
EQUL.US,D,20241025,000000,26.5717,26.5717,26.5717,26.5717,16,0
EQUL.US,D,20241028,000000,26.82,26.82,26.7987,26.7987,1136,0
EQUL.US,D,20241029,000000,26.82,26.82,26.7795,26.7795,114,0
EQUL.US,D,20241030,000000,26.8006,26.8006,26.8006,26.8006,65,0
EQUL.US,D,20241031,000000,26.5486,26.5486,26.5486,26.5486,40,0
EQUL.US,D,20241104,000000,26.598,26.598,26.598,26.598,105,0
EQUL.US,D,20241105,000000,26.9227,26.9227,26.9227,26.9227,1,0
EQUL.US,D,20241106,000000,27.3377,27.3377,27.3377,27.3377,51,0
EQUL.US,D,20241107,000000,27.5859,27.5859,27.5859,27.5859,13,0
EQUL.US,D,20241108,000000,27.57,27.6511,27.57,27.6511,212,0
EQUL.US,D,20241111,000000,27.96,27.9952,27.9,27.9952,2557,0
EQUL.US,D,20241112,000000,27.67,27.7043,27.63,27.7043,3323,0
EQUL.US,D,20241120,000000,27.11,27.12,27.11,27.12,1625,0
