<TICKER>,<PER>,<DATE>,<TIME>,<OPEN>,<HIGH>,<LOW>,<CLOSE>,<VOL>,<OPENINT>
FLDZ.US,D,20220104,000000,25.15,25.15,25.1055,25.1055,4162,0
FLDZ.US,D,20220105,000000,24.5679,24.5679,24.5679,24.5679,50,0
FLDZ.US,D,20220106,000000,24.5959,24.5959,24.5959,24.5959,13,0
FLDZ.US,D,20220107,000000,24.62,24.62,24.5542,24.5542,1336,0
FLDZ.US,D,20220110,000000,24.21,24.4383,24.21,24.4383,101676,0
FLDZ.US,D,20220111,000000,24.66,24.67,24.635,24.6469,581,0
FLDZ.US,D,20220112,000000,24.656,24.656,24.656,24.656,27,0
FLDZ.US,D,20220113,000000,24.4353,24.4353,24.4353,24.4353,6,0
FLDZ.US,D,20220114,000000,24.41,24.41,24.3527,24.3527,151,0
FLDZ.US,D,20220118,000000,23.8412,23.8412,23.8412,23.8412,2,0
FLDZ.US,D,20220119,000000,23.5715,23.5715,23.5715,23.5715,1,0
FLDZ.US,D,20220120,000000,23.57,23.57,23.2787,23.2787,102,0
FLDZ.US,D,20220121,000000,22.8663,22.8663,22.8663,22.8663,1,0
FLDZ.US,D,20220124,000000,22.84,23.24,22.84,23.2348,578,0
FLDZ.US,D,20220125,000000,22.9974,22.9974,22.9974,22.9974,50,0
FLDZ.US,D,20220126,000000,22.7604,22.7604,22.7604,22.7604,20,0
FLDZ.US,D,20220127,000000,22.5803,22.5803,22.5803,22.5803,22,0
FLDZ.US,D,20220128,000000,22.9515,22.9515,22.9515,22.9515,2,0
FLDZ.US,D,20220131,000000,23.4418,23.4418,23.4418,23.4418,1,0
FLDZ.US,D,20220201,000000,23.6606,23.6606,23.6606,23.6606,16,0
FLDZ.US,D,20220202,000000,23.6876,23.6876,23.6876,23.6876,21,0
FLDZ.US,D,20220203,000000,23.478,23.4799,23.3972,23.3972,4970,0
FLDZ.US,D,20220204,000000,23.4834,23.4834,23.4834,23.4834,1,0
FLDZ.US,D,20220207,000000,23.4511,23.4511,23.4511,23.4511,12,0
FLDZ.US,D,20220208,000000,23.71,23.711,23.71,23.711,176,0
FLDZ.US,D,20220209,000000,24.0932,24.0932,24.0932,24.0932,1,0
FLDZ.US,D,20220210,000000,23.7679,23.7679,23.7679,23.7679,1,0
FLDZ.US,D,20220211,000000,23.6685,23.6685,23.6685,23.6685,12,0
FLDZ.US,D,20220214,000000,23.4276,23.4276,23.4276,23.4276,12,0
FLDZ.US,D,20220215,000000,23.7664,23.7664,23.7664,23.7664,12,0
FLDZ.US,D,20220216,000000,23.8243,23.8243,23.8243,23.8243,12,0
FLDZ.US,D,20220217,000000,23.4149,23.4149,23.4149,23.4149,12,0
FLDZ.US,D,20220218,000000,23.2638,23.2638,23.2638,23.2638,2,0
FLDZ.US,D,20220222,000000,22.949,22.949,22.949,22.949,1,0
FLDZ.US,D,20220223,000000,22.59,22.6142,22.59,22.6142,300,0
FLDZ.US,D,20220224,000000,22.9523,22.9523,22.9523,22.9523,12,0
FLDZ.US,D,20220225,000000,23.6223,23.6223,23.6223,23.6223,12,0
FLDZ.US,D,20220228,000000,23.7646,23.7646,23.7646,23.7646,12,0
FLDZ.US,D,20220301,000000,23.4041,23.4041,23.4041,23.4041,12,0
FLDZ.US,D,20220302,000000,23.9051,23.9051,23.9051,23.9051,12,0
FLDZ.US,D,20220303,000000,23.7233,23.7233,23.7233,23.7233,12,0
FLDZ.US,D,20220304,000000,23.6604,23.6604,23.6604,23.6604,12,0
FLDZ.US,D,20220307,000000,23.0155,23.0155,23.0155,23.0155,12,0
FLDZ.US,D,20220308,000000,22.9658,22.9658,22.9658,22.9658,12,0
FLDZ.US,D,20220309,000000,23.3904,23.3904,23.3904,23.3904,12,0
FLDZ.US,D,20220310,000000,23.4321,23.4321,23.4321,23.4321,2,0
FLDZ.US,D,20220311,000000,23.1902,23.1902,23.1902,23.1902,12,0
FLDZ.US,D,20220314,000000,22.8769,22.8769,22.8769,22.8769,1,0
FLDZ.US,D,20220315,000000,23.1792,23.1792,23.1792,23.1792,12,0
FLDZ.US,D,20220316,000000,23.6716,23.6716,23.6716,23.6716,32,0
FLDZ.US,D,20220317,000000,23.9813,23.9813,23.9813,23.9813,2,0
FLDZ.US,D,20220318,000000,24.1564,24.1564,24.1564,24.1564,7,0
FLDZ.US,D,20220321,000000,24.0699,24.0699,24.0699,24.0699,3,0
FLDZ.US,D,20220322,000000,24.24,24.24,24.24,24.24,3,0
FLDZ.US,D,20220323,000000,23.9835,23.9835,23.9835,23.9835,64,0
FLDZ.US,D,20220324,000000,24.1791,24.1791,24.1791,24.1791,3,0
FLDZ.US,D,20220325,000000,26.47,26.47,24.33,24.3461,2210,0
FLDZ.US,D,20220328,000000,24.34,24.3767,24.34,24.3767,196,0
FLDZ.US,D,20220329,000000,24.8094,24.8094,24.8094,24.8094,4,0
FLDZ.US,D,20220330,000000,24.5693,24.5693,24.5693,24.5693,4,0
FLDZ.US,D,20220331,000000,24.55,24.55,24.2829,24.2829,150,0
FLDZ.US,D,20220401,000000,24.38,24.4056,24.34,24.4056,901,0
FLDZ.US,D,20220404,000000,24.4332,24.4332,24.4332,24.4332,1,0
FLDZ.US,D,20220405,000000,24.45,24.45,24.1842,24.1842,150,0
FLDZ.US,D,20220406,000000,23.97,24.1415,23.97,24.1415,445,0
FLDZ.US,D,20220407,000000,24.1249,24.1249,24.1249,24.1249,1,0
FLDZ.US,D,20220408,000000,24.2362,24.2362,24.2362,24.2362,44,0
FLDZ.US,D,20220411,000000,24.0948,24.0948,24.0939,24.0939,200,0
FLDZ.US,D,20220412,000000,24.1096,24.1096,24.1096,24.1096,1,0
FLDZ.US,D,20220413,000000,24.3969,24.3969,24.3969,24.3969,1,0
FLDZ.US,D,20220414,000000,24.2851,24.2851,24.2851,24.2851,17,0
FLDZ.US,D,20220418,000000,24.169,24.169,24.169,24.169,28,0
FLDZ.US,D,20220419,000000,24.5981,24.5981,24.5981,24.5981,11,0
FLDZ.US,D,20220420,000000,24.7731,24.7731,24.7731,24.7731,10,0
FLDZ.US,D,20220421,000000,24.5,24.5,24.3182,24.3182,101,0
FLDZ.US,D,20220422,000000,23.6564,23.6564,23.6564,23.6564,11,0
FLDZ.US,D,20220426,000000,23.2158,23.2158,23.2158,23.2158,11,0
FLDZ.US,D,20220427,000000,23.128,23.128,23.128,23.128,11,0
FLDZ.US,D,20220428,000000,23.5036,23.5036,23.5036,23.5036,11,0
FLDZ.US,D,20220429,000000,22.7646,22.7646,22.7646,22.7646,11,0
FLDZ.US,D,20220502,000000,22.5,22.8496,22.5,22.8496,200,0
FLDZ.US,D,20220503,000000,23.1353,23.1353,23.1353,23.1353,11,0
FLDZ.US,D,20220504,000000,23.7314,23.7314,23.7314,23.7314,11,0
FLDZ.US,D,20220505,000000,22.9866,22.9866,22.9866,22.9866,11,0
FLDZ.US,D,20220506,000000,22.8442,22.8442,22.8442,22.8442,11,0
FLDZ.US,D,20220509,000000,22.0126,22.0126,22.0126,22.0126,1,0
FLDZ.US,D,20220510,000000,21.8952,21.8952,21.8952,21.8952,11,0
FLDZ.US,D,20220511,000000,21.5909,21.5909,21.5909,21.5909,11,0
FLDZ.US,D,20220512,000000,21.6862,21.6862,21.6862,21.6862,11,0
FLDZ.US,D,20220513,000000,22.2639,22.2639,22.2639,22.2639,11,0
FLDZ.US,D,20220516,000000,22.2315,22.2315,22.2315,22.2315,1,0
FLDZ.US,D,20220517,000000,22.6927,22.6927,22.6927,22.6927,1,0
FLDZ.US,D,20220518,000000,21.8705,21.8705,21.8705,21.8705,1,0
FLDZ.US,D,20220519,000000,21.8818,21.8818,21.8818,21.8818,1,0
FLDZ.US,D,20220520,000000,21.8136,21.8136,21.8136,21.8136,1,0
FLDZ.US,D,20220523,000000,22.0913,22.0913,22.0913,22.0913,1,0
FLDZ.US,D,20220524,000000,21.9299,21.9299,21.9299,21.9299,1,0
FLDZ.US,D,20220525,000000,22.3976,22.3976,22.3976,22.3976,1,0
FLDZ.US,D,20220526,000000,22.8451,22.8451,22.8451,22.8451,1,0
FLDZ.US,D,20220527,000000,23.122,23.3276,23.122,23.3276,150,0
FLDZ.US,D,20220531,000000,23.15,23.15,23.0983,23.0983,101,0
FLDZ.US,D,20220601,000000,22.85,22.9775,22.85,22.9775,100,0
FLDZ.US,D,20220602,000000,23.2744,23.2744,23.2744,23.2744,1,0
FLDZ.US,D,20220603,000000,23.0803,23.0803,23.0803,23.0803,1,0
FLDZ.US,D,20220606,000000,23.1755,23.1755,23.1755,23.1755,1,0
FLDZ.US,D,20220607,000000,23.426,23.426,23.426,23.426,64,0
FLDZ.US,D,20220608,000000,23.0849,23.0849,23.0849,23.0849,1,0
FLDZ.US,D,20220609,000000,22.946,22.946,22.6359,22.6359,200,0
FLDZ.US,D,20220610,000000,22.05,22.23,22.05,22.1263,200,0
FLDZ.US,D,20220613,000000,21.21,21.21,21.0654,21.0654,135,0
FLDZ.US,D,20220614,000000,20.863,20.863,20.863,20.863,1,0
FLDZ.US,D,20220615,000000,21.0516,21.0516,21.0516,21.0516,1,0
FLDZ.US,D,20220616,000000,20.1995,20.1995,20.1995,20.1995,1,0
FLDZ.US,D,20220617,000000,20.2539,20.2539,20.2539,20.2539,1,0
FLDZ.US,D,20220621,000000,20.6251,20.6251,20.6251,20.6251,1,0
FLDZ.US,D,20220622,000000,20.5911,20.5911,20.5911,20.5911,1,0
FLDZ.US,D,20220623,000000,20.7345,20.7345,20.7345,20.7345,1,0
FLDZ.US,D,20220624,000000,21.3657,21.3657,21.3657,21.3657,1,0
FLDZ.US,D,20220627,000000,21.4618,21.4618,21.4618,21.4618,1,0
FLDZ.US,D,20220628,000000,21.2774,21.2774,21.2774,21.2774,1,0
FLDZ.US,D,20220629,000000,21.078,21.078,21.078,21.078,1,0
FLDZ.US,D,20220630,000000,20.8189,20.8189,20.8189,20.8189,1,0
FLDZ.US,D,20220701,000000,21.2137,21.2137,21.2137,21.2137,1,0
FLDZ.US,D,20220705,000000,20.7216,21.0804,20.7216,21.0804,1000,0
FLDZ.US,D,20220706,000000,20.9996,20.9996,20.9996,20.9996,1,0
FLDZ.US,D,20220707,000000,21.4071,21.4071,21.4071,21.4071,1,0
FLDZ.US,D,20220708,000000,21.3548,21.3548,21.3548,21.3548,1,0
FLDZ.US,D,20220711,000000,21.2016,21.2016,21.2016,21.2016,1,0
FLDZ.US,D,20220712,000000,21.1281,21.1281,21.1281,21.1281,1,0
FLDZ.US,D,20220713,000000,21.0955,21.0955,21.0955,21.0955,1,0
FLDZ.US,D,20220714,000000,20.9033,20.9033,20.9033,20.9033,1,0
FLDZ.US,D,20220715,000000,21.2914,21.2914,21.2914,21.2914,1,0
FLDZ.US,D,20220718,000000,21.3054,21.3054,21.3054,21.3054,1,0
FLDZ.US,D,20220719,000000,21.8263,21.8263,21.8263,21.8263,1,0
FLDZ.US,D,20220720,000000,21.9514,21.9514,21.9514,21.9514,10,0
FLDZ.US,D,20220721,000000,21.9872,21.9872,21.9872,21.9872,1,0
FLDZ.US,D,20220722,000000,21.8601,21.8601,21.8601,21.8601,1,0
FLDZ.US,D,20220725,000000,22.0501,22.0501,22.0501,22.0501,1,0
FLDZ.US,D,20220726,000000,21.9292,21.9292,21.9292,21.9292,1,0
FLDZ.US,D,20220727,000000,22.2841,22.2841,22.2841,22.2841,1,0
FLDZ.US,D,20220728,000000,22.5703,22.5703,22.5703,22.5703,1,0
FLDZ.US,D,20220729,000000,22.7626,22.7626,22.7626,22.7626,1,0
FLDZ.US,D,20220801,000000,22.715,22.715,22.715,22.715,1,0
FLDZ.US,D,20220802,000000,22.5964,22.5964,22.5964,22.5964,1,0
FLDZ.US,D,20220803,000000,22.8174,22.8174,22.8174,22.8174,1,0
FLDZ.US,D,20220804,000000,22.6778,22.6778,22.6778,22.6778,1,0
FLDZ.US,D,20220805,000000,22.8472,22.8472,22.8472,22.8472,1,0
FLDZ.US,D,20220808,000000,22.9863,22.9863,22.9863,22.9863,1,0
FLDZ.US,D,20220809,000000,22.8986,22.8986,22.8986,22.8986,1,0
FLDZ.US,D,20220810,000000,23.3699,23.3699,23.3699,23.3699,6,0
FLDZ.US,D,20220811,000000,23.5538,23.5538,23.5538,23.5538,1,0
FLDZ.US,D,20220812,000000,23.848,23.848,23.848,23.848,1,0
FLDZ.US,D,20220815,000000,23.62,23.8676,23.62,23.8676,7839,0
FLDZ.US,D,20220816,000000,24.0137,24.0137,24.0137,24.0137,4,0
FLDZ.US,D,20220817,000000,23.75,23.75,23.75,23.75,1,0
FLDZ.US,D,20220818,000000,23.8856,23.8856,23.8856,23.8856,1,0
FLDZ.US,D,20220819,000000,23.609,23.609,23.609,23.609,1,0
FLDZ.US,D,20220822,000000,23.26,23.26,23.26,23.26,1,0
FLDZ.US,D,20220823,000000,23.2692,23.2692,23.2692,23.2692,1,0
FLDZ.US,D,20220824,000000,23.4339,23.4339,23.4339,23.4339,1,0
FLDZ.US,D,20220825,000000,23.6435,23.6435,23.6435,23.6435,1,0
FLDZ.US,D,20220826,000000,23.1169,23.1169,23.1169,23.1169,3,0
FLDZ.US,D,20220829,000000,23.0532,23.0532,23.0532,23.0532,1,0
FLDZ.US,D,20220830,000000,22.6847,22.6847,22.6847,22.6847,1,0
FLDZ.US,D,20220831,000000,22.6348,22.6348,22.6348,22.6348,1,0
FLDZ.US,D,20220901,000000,22.5646,22.5646,22.5646,22.5646,1,0
FLDZ.US,D,20220902,000000,22.4703,22.4703,22.4703,22.4703,1,0
FLDZ.US,D,20220906,000000,22.3265,22.3265,22.3265,22.3265,1,0
FLDZ.US,D,20220907,000000,22.7962,22.7962,22.7962,22.7962,1,0
FLDZ.US,D,20220908,000000,22.9836,22.9836,22.9836,22.9836,1,0
FLDZ.US,D,20220909,000000,23.3376,23.3376,23.3376,23.3376,1,0
FLDZ.US,D,20220912,000000,23.5252,23.5252,23.5252,23.5252,1,0
FLDZ.US,D,20220913,000000,23.62,23.62,22.7323,22.7323,1,0
FLDZ.US,D,20220914,000000,22.8133,22.8133,22.8133,22.8133,1,0
FLDZ.US,D,20220915,000000,22.6781,22.6781,22.6781,22.6781,1,0
FLDZ.US,D,20220916,000000,22.4405,22.4405,22.4405,22.4405,1,0
FLDZ.US,D,20220919,000000,22.6281,22.6281,22.6281,22.6281,1,0
FLDZ.US,D,20220920,000000,22.3328,22.3328,22.3328,22.3328,1,0
FLDZ.US,D,20220921,000000,22.0345,22.0345,22.0345,22.0345,1,0
FLDZ.US,D,20220922,000000,21.6734,21.6734,21.6734,21.6734,1,0
FLDZ.US,D,20220923,000000,21.1278,21.1278,21.1278,21.1278,1,0
FLDZ.US,D,20220926,000000,20.7786,20.7786,20.7786,20.7786,1,0
FLDZ.US,D,20220927,000000,20.74,20.7643,20.72,20.753,1001,0
FLDZ.US,D,20220928,000000,20.96,21.38,20.96,21.308,1000,0
FLDZ.US,D,20220929,000000,20.8348,20.8348,20.8348,20.8348,1,0
FLDZ.US,D,20220930,000000,20.6798,20.6798,20.6798,20.6798,2,0
FLDZ.US,D,20221003,000000,21.2545,21.2545,21.2545,21.2545,1,0
FLDZ.US,D,20221004,000000,21.9283,21.9283,21.9283,21.9283,1,0
FLDZ.US,D,20221005,000000,21.8194,21.8194,21.8194,21.8194,1,0
FLDZ.US,D,20221006,000000,21.6156,21.6156,21.6156,21.6156,1,0
FLDZ.US,D,20221007,000000,21.1132,21.1132,21.1132,21.1132,1,0
FLDZ.US,D,20221010,000000,21.0239,21.0239,21.0239,21.0239,1,0
FLDZ.US,D,20221011,000000,21.0253,21.0253,21.0253,21.0253,1,0
FLDZ.US,D,20221012,000000,20.9401,20.9401,20.9401,20.9401,1,0
FLDZ.US,D,20221013,000000,21.385,21.385,21.385,21.385,1,0
FLDZ.US,D,20221014,000000,20.824,20.824,20.824,20.824,1,0
FLDZ.US,D,20221017,000000,21.2825,21.2825,21.2825,21.2825,1,0
FLDZ.US,D,20221018,000000,21.5612,21.5612,21.5612,21.5612,1,0
FLDZ.US,D,20221019,000000,21.2721,21.2721,21.2721,21.2721,1,0
FLDZ.US,D,20221020,000000,21.047,21.047,21.047,21.047,2,0
FLDZ.US,D,20221021,000000,21.3047,21.3047,21.3047,21.3047,1,0
FLDZ.US,D,20221025,000000,21.9745,21.9745,21.9745,21.9745,2,0
FLDZ.US,D,20221026,000000,22.0175,22.0175,22.0175,22.0175,11,0
FLDZ.US,D,20221027,000000,22.03,22.03,22.03,22.03,2,0
FLDZ.US,D,20221028,000000,22.4438,22.4438,22.4438,22.4438,2,0
FLDZ.US,D,20221031,000000,22.4546,22.4546,22.4546,22.4546,2,0
FLDZ.US,D,20221101,000000,22.5172,22.5172,22.5172,22.5172,2,0
FLDZ.US,D,20221102,000000,22.0177,22.0177,22.0177,22.0177,2,0
FLDZ.US,D,20221103,000000,21.9747,21.9747,21.9747,21.9747,2,0
FLDZ.US,D,20221104,000000,22.0904,22.0904,22.0904,22.0904,52,0
FLDZ.US,D,20221107,000000,22.2235,22.2235,22.2235,22.2235,2,0
FLDZ.US,D,20221108,000000,22.2642,22.2642,22.2642,22.2642,2,0
FLDZ.US,D,20221109,000000,21.99,21.99,21.7946,21.7946,100,0
FLDZ.US,D,20221110,000000,22.8698,22.8698,22.8698,22.8698,2,0
FLDZ.US,D,20221111,000000,22.92,22.92,22.92,22.92,2,0
FLDZ.US,D,20221114,000000,22.6756,22.6756,22.6756,22.6756,2,0
FLDZ.US,D,20221115,000000,22.8922,22.8922,22.8922,22.8922,2,0
FLDZ.US,D,20221116,000000,22.62,22.6365,22.62,22.6365,100,0
FLDZ.US,D,20221117,000000,22.37,22.3799,22.37,22.3799,100,0
FLDZ.US,D,20221118,000000,22.55,22.5781,22.55,22.5781,100,0
FLDZ.US,D,20221121,000000,22.48,22.5042,22.48,22.5042,100,0
FLDZ.US,D,20221122,000000,22.77,22.8737,22.77,22.8737,1000,0
FLDZ.US,D,20221123,000000,22.9375,22.9375,22.9375,22.9375,2,0
FLDZ.US,D,20221125,000000,23.0186,23.0186,23.0186,23.0186,2,0
FLDZ.US,D,20221128,000000,22.6911,22.6911,22.6911,22.6911,2,0
FLDZ.US,D,20221129,000000,22.8192,22.8192,22.8192,22.8192,2,0
FLDZ.US,D,20221130,000000,23.2858,23.2858,23.2858,23.2858,2,0
FLDZ.US,D,20221201,000000,23.2148,23.2148,23.2148,23.2148,2,0
FLDZ.US,D,20221202,000000,23.1679,23.1679,23.1679,23.1679,1,0
FLDZ.US,D,20221205,000000,22.6389,22.6389,22.6389,22.6389,2,0
FLDZ.US,D,20221206,000000,22.3827,22.3827,22.3827,22.3827,2,0
FLDZ.US,D,20221207,000000,22.3969,22.3969,22.3969,22.3969,2,0
FLDZ.US,D,20221208,000000,22.47,22.47,22.47,22.47,2,0
FLDZ.US,D,20221209,000000,22.3391,22.3391,22.3391,22.3391,2,0
FLDZ.US,D,20221212,000000,22.06,22.6456,22.06,22.6456,101,0
FLDZ.US,D,20221213,000000,22.7685,22.7685,22.7685,22.7685,2,0
FLDZ.US,D,20221214,000000,22.6761,22.6761,22.6761,22.6761,5,0
FLDZ.US,D,20221215,000000,22.2813,22.2813,22.2813,22.2813,2,0
FLDZ.US,D,20221216,000000,22.0322,22.0322,22.0322,22.0322,2,0
FLDZ.US,D,20221219,000000,21.7685,21.7685,21.7685,21.7685,2,0
FLDZ.US,D,20221220,000000,21.8047,21.8047,21.8047,21.8047,2,0
FLDZ.US,D,20221221,000000,22.1043,22.1043,22.1043,22.1043,1,0
FLDZ.US,D,20221222,000000,21.8839,21.8839,21.8839,21.8839,1,0
FLDZ.US,D,20221223,000000,22.0979,22.0979,22.0979,22.0979,1,0
FLDZ.US,D,20221227,000000,22.0353,22.0353,22.0353,22.0353,1,0
FLDZ.US,D,20221228,000000,21.7482,21.7482,21.7482,21.7482,1,0
FLDZ.US,D,20221229,000000,21.7767,21.7767,21.7767,21.7767,1,0
FLDZ.US,D,20221230,000000,21.694,21.694,21.694,21.694,1,0
FLDZ.US,D,20230103,000000,21.4299,21.5078,21.41,21.5078,332,0
FLDZ.US,D,20230104,000000,21.7639,21.7639,21.7639,21.7639,6,0
FLDZ.US,D,20230105,000000,21.534,21.534,21.534,21.534,50,0
FLDZ.US,D,20230106,000000,22.0102,22.0102,22.0102,22.0102,1,0
FLDZ.US,D,20230109,000000,22.0416,22.0416,22.0416,22.0416,1,0
FLDZ.US,D,20230110,000000,22.1384,22.1384,22.1384,22.1384,1,0
FLDZ.US,D,20230111,000000,22.4222,22.4222,22.4222,22.4222,1,0
FLDZ.US,D,20230112,000000,22.5484,22.5484,22.5484,22.5484,1,0
FLDZ.US,D,20230113,000000,22.5689,22.5689,22.5689,22.5689,1,0
FLDZ.US,D,20230117,000000,22.5384,22.5384,22.5384,22.5384,1,0
FLDZ.US,D,20230118,000000,22.1951,22.1951,22.1951,22.1951,1,0
FLDZ.US,D,20230119,000000,22.0526,22.0526,22.0526,22.0526,1,0
FLDZ.US,D,20230120,000000,22.3764,22.3764,22.3764,22.3764,1,0
FLDZ.US,D,20230123,000000,22.6181,22.6181,22.6181,22.6181,1,0
FLDZ.US,D,20230124,000000,22.5758,22.5758,22.5758,22.5758,1,0
FLDZ.US,D,20230125,000000,22.5986,22.5986,22.5986,22.5986,1,0
FLDZ.US,D,20230126,000000,22.765,22.765,22.765,22.765,1,0
FLDZ.US,D,20230127,000000,22.8484,22.8484,22.8484,22.8484,1,0
FLDZ.US,D,20230130,000000,22.6002,22.6002,22.6002,22.6002,1,0
FLDZ.US,D,20230131,000000,23.0117,23.0117,23.0117,23.0117,1,0
FLDZ.US,D,20230201,000000,23.2092,23.2092,23.2092,23.2092,1,0
FLDZ.US,D,20230202,000000,23.4155,23.4155,23.4155,23.4155,1,0
FLDZ.US,D,20230203,000000,23.1477,23.1477,23.1477,23.1477,1,0
FLDZ.US,D,20230206,000000,23.0084,23.0084,23.0084,23.0084,1,0
FLDZ.US,D,20230207,000000,23.1975,23.1975,23.1975,23.1975,1,0
FLDZ.US,D,20230208,000000,22.9999,22.9999,22.9999,22.9999,1,0
FLDZ.US,D,20230209,000000,22.7443,22.7443,22.7443,22.7443,2,0
FLDZ.US,D,20230210,000000,22.9047,22.9047,22.9047,22.9047,1,0
FLDZ.US,D,20230213,000000,23.0732,23.0732,23.0732,23.0732,1,0
FLDZ.US,D,20230214,000000,21.4299,23.1067,21.4299,23.1067,20,0
FLDZ.US,D,20230215,000000,23.2234,23.2234,23.2234,23.2234,1,0
FLDZ.US,D,20230216,000000,23.0256,23.0256,23.0256,23.0256,1,0
FLDZ.US,D,20230217,000000,22.9539,22.9539,22.9539,22.9539,1,0
FLDZ.US,D,20230222,000000,22.4767,22.4767,22.4767,22.4767,1,0
FLDZ.US,D,20230223,000000,22.5453,22.5453,22.5453,22.5453,1,0
FLDZ.US,D,20230224,000000,22.4371,22.4371,22.4371,22.4371,1,0
FLDZ.US,D,20230227,000000,22.4042,22.4042,22.4042,22.4042,1,0
FLDZ.US,D,20230228,000000,22.3084,22.3084,22.3084,22.3084,221,0
FLDZ.US,D,20230301,000000,21.4299,22.2131,21.4299,22.2131,1,0
FLDZ.US,D,20230302,000000,22.363,22.363,22.363,22.363,1,0
FLDZ.US,D,20230303,000000,22.6512,22.6512,22.6512,22.6512,1,0
FLDZ.US,D,20230306,000000,22.5698,22.5698,22.5698,22.5698,1,0
FLDZ.US,D,20230307,000000,22.3,22.3,22.2674,22.2674,100,0
FLDZ.US,D,20230308,000000,22.2713,22.2713,22.2713,22.2713,1,0
FLDZ.US,D,20230309,000000,21.7413,21.7413,21.7413,21.7413,1,0
FLDZ.US,D,20230310,000000,21.1819,21.1819,21.1819,21.1819,1,0
FLDZ.US,D,20230313,000000,22.3,22.3,20.9018,20.9018,1,0
FLDZ.US,D,20230314,000000,21.1003,21.1003,21.1003,21.1003,1,0
FLDZ.US,D,20230315,000000,20.755,20.818,20.755,20.818,100,0
FLDZ.US,D,20230316,000000,21.1205,21.1205,21.1205,21.1205,1,0
FLDZ.US,D,20230317,000000,20.7202,20.7202,20.7202,20.7202,1,0
FLDZ.US,D,20230320,000000,20.948,20.948,20.948,20.948,1,0
FLDZ.US,D,20230321,000000,21.21,21.2436,21.21,21.2436,2000,0
FLDZ.US,D,20230322,000000,20.7742,20.7742,20.7742,20.7742,1,0
FLDZ.US,D,20230323,000000,20.5792,20.5792,20.5792,20.5792,1,0
FLDZ.US,D,20230328,000000,21.0249,21.0249,21.0249,21.0249,2,0
FLDZ.US,D,20230329,000000,21.2933,21.2933,21.2933,21.2933,1,0
FLDZ.US,D,20230330,000000,21.3507,21.3507,21.3507,21.3507,1,0
FLDZ.US,D,20230331,000000,21.6693,21.6693,21.6693,21.6693,5,0
FLDZ.US,D,20230403,000000,21.7389,21.7389,21.7389,21.7389,2,0
FLDZ.US,D,20230404,000000,21.5409,21.5409,21.5409,21.5409,4,0
FLDZ.US,D,20230405,000000,21.577,21.577,21.577,21.577,1,0
FLDZ.US,D,20230406,000000,21.6018,21.6018,21.6018,21.6018,1,0
FLDZ.US,D,20230410,000000,21.7648,21.7648,21.7648,21.7648,1,0
FLDZ.US,D,20230411,000000,21.9606,21.9606,21.9606,21.9606,1,0
FLDZ.US,D,20230412,000000,21.7984,21.7984,21.7984,21.7984,1,0
FLDZ.US,D,20230413,000000,21.8981,21.8981,21.8981,21.8981,1,0
FLDZ.US,D,20230414,000000,21.7887,21.7887,21.7887,21.7887,1,0
FLDZ.US,D,20230417,000000,21.9383,21.9383,21.9383,21.9383,1,0
FLDZ.US,D,20230418,000000,21.9505,21.9505,21.9505,21.9505,1,0
FLDZ.US,D,20230419,000000,21.9799,21.9799,21.9799,21.9799,1,0
FLDZ.US,D,20230420,000000,21.8677,21.8677,21.8677,21.8677,1,0
FLDZ.US,D,20230421,000000,21.8697,21.8697,21.8697,21.8697,1,0
FLDZ.US,D,20230424,000000,21.9108,21.9108,21.9108,21.9108,1,0
FLDZ.US,D,20230425,000000,21.5981,21.5981,21.5981,21.5981,1,0
FLDZ.US,D,20230426,000000,21.3997,21.3997,21.3997,21.3997,1,0
FLDZ.US,D,20230427,000000,21.7518,21.7518,21.7518,21.7518,1,0
FLDZ.US,D,20230428,000000,21.9988,21.9988,21.9988,21.9988,1,0
FLDZ.US,D,20230501,000000,21.9619,21.9619,21.9619,21.9619,1,0
FLDZ.US,D,20230502,000000,21.5475,21.5475,21.5475,21.5475,1,0
FLDZ.US,D,20230503,000000,21.4382,21.4382,21.4382,21.4382,1,0
FLDZ.US,D,20230504,000000,21.2323,21.2323,21.2323,21.2323,1,0
FLDZ.US,D,20230505,000000,21.6748,21.6748,21.6748,21.6748,1,0
FLDZ.US,D,20230508,000000,21.6511,21.6511,21.6511,21.6511,9,0
FLDZ.US,D,20230509,000000,21.6217,21.6217,21.6217,21.6217,1,0
FLDZ.US,D,20230510,000000,21.6159,21.6159,21.6159,21.6159,1,0
FLDZ.US,D,20230511,000000,21.4921,21.4921,21.4921,21.4921,1,0
FLDZ.US,D,20230512,000000,21.36,21.39,20.8253,20.8253,1000,0
FLDZ.US,D,20230515,000000,21.51,21.61,21.32,21.58,2500,0
FLDZ.US,D,20230516,000000,21.34,21.34,21.22,21.22,2940,0
FLDZ.US,D,20230517,000000,21.5395,21.5395,21.5395,21.5395,1,0
FLDZ.US,D,20230518,000000,21.6686,21.6686,21.6686,21.6686,1,0
FLDZ.US,D,20230519,000000,21.5652,21.5652,21.5652,21.5652,1,0
FLDZ.US,D,20230522,000000,21.6334,21.6334,21.6334,21.6334,1,0
FLDZ.US,D,20230523,000000,21.4743,21.4743,21.4743,21.4743,1,0
FLDZ.US,D,20230524,000000,21.3023,21.3023,21.3023,21.3023,1,0
FLDZ.US,D,20230525,000000,21.1563,21.1563,21.1563,21.1563,1,0
FLDZ.US,D,20230526,000000,21.204,21.204,21.204,21.204,1,0
FLDZ.US,D,20230530,000000,21.1663,21.1663,21.1663,21.1663,10,0
FLDZ.US,D,20230531,000000,21.0652,21.0652,21.0652,21.0652,1,0
FLDZ.US,D,20230601,000000,21.1448,21.1448,21.1448,21.1448,1,0
FLDZ.US,D,20230602,000000,21.6549,21.6549,21.6549,21.6549,1,0
FLDZ.US,D,20230605,000000,21.6098,21.6098,21.6098,21.6098,1,0
FLDZ.US,D,20230606,000000,21.8477,21.8477,21.8477,21.8477,1,0
FLDZ.US,D,20230607,000000,22.0717,22.0717,22.0717,22.0717,1,0
FLDZ.US,D,20230608,000000,22.0894,22.0894,22.0894,22.0894,1,0
FLDZ.US,D,20230609,000000,21.95,21.95,21.95,21.95,1,0
FLDZ.US,D,20230612,000000,21.9928,21.9928,21.9928,21.9928,1,0
FLDZ.US,D,20230613,000000,22.1998,22.1998,22.1998,22.1998,20,0
FLDZ.US,D,20230614,000000,22.0221,22.0221,22.0221,22.0221,1,0
FLDZ.US,D,20230615,000000,22.276,22.276,22.276,22.276,1,0
FLDZ.US,D,20230616,000000,22.2174,22.2174,22.2174,22.2174,1,0
FLDZ.US,D,20230620,000000,22.0767,22.0767,22.0767,22.0767,1,0
FLDZ.US,D,20230621,000000,22.0963,22.0963,22.0963,22.0963,1,0
FLDZ.US,D,20230622,000000,21.9477,21.9477,21.9477,21.9477,1,0
FLDZ.US,D,20230623,000000,21.786,21.786,21.786,21.786,1,0
FLDZ.US,D,20230626,000000,22,22,21.9687,21.9687,180,0
FLDZ.US,D,20230627,000000,22.2582,22.2582,22.2582,22.2582,1,0
FLDZ.US,D,20230628,000000,22.266,22.266,22.266,22.266,1,0
FLDZ.US,D,20230629,000000,22.57,22.57,22.4767,22.4767,100,0
FLDZ.US,D,20230630,000000,22.63,22.6336,22.63,22.6336,1000,0
FLDZ.US,D,20230703,000000,22.7369,22.7369,22.7369,22.7369,265,0
FLDZ.US,D,20230705,000000,22.6684,22.6684,22.6684,22.6684,53,0
FLDZ.US,D,20230706,000000,22.4471,22.4471,22.4471,22.4471,5,0
FLDZ.US,D,20230707,000000,22.5296,22.5296,22.5296,22.5296,4,0
FLDZ.US,D,20230710,000000,22.7329,22.7329,22.7329,22.7329,4,0
FLDZ.US,D,20230711,000000,23.03,23.0567,23.03,23.0567,105,0
FLDZ.US,D,20230712,000000,23.1682,23.1682,23.1682,23.1682,2,0
FLDZ.US,D,20230713,000000,23.2686,23.2686,23.2686,23.2686,1,0
FLDZ.US,D,20230714,000000,23.1073,23.1073,23.1073,23.1073,1,0
FLDZ.US,D,20230717,000000,23.1698,23.1698,23.1698,23.1698,1,0
FLDZ.US,D,20230718,000000,23.3709,23.3709,23.3709,23.3709,50,0
FLDZ.US,D,20230719,000000,23.5386,23.5386,23.5386,23.5386,4,0
FLDZ.US,D,20230720,000000,23.6023,23.6023,23.6023,23.6023,56,0
FLDZ.US,D,20230721,000000,23.5911,23.5911,23.5911,23.5911,1,0
FLDZ.US,D,20230724,000000,23.6104,23.6104,23.6104,23.6104,1,0
FLDZ.US,D,20230725,000000,23.599,23.599,23.5852,23.5852,102,0
FLDZ.US,D,20230726,000000,23.6886,23.6886,23.6886,23.6886,1,0
FLDZ.US,D,20230727,000000,23.3963,23.3963,23.3963,23.3963,1,0
FLDZ.US,D,20230728,000000,23.6429,23.6429,23.6429,23.6429,35,0
FLDZ.US,D,20230731,000000,23.757,23.757,23.757,23.757,35,0
FLDZ.US,D,20230801,000000,23.6777,23.6777,23.6777,23.6777,35,0
FLDZ.US,D,20230802,000000,23.4776,23.4776,23.4776,23.4776,35,0
FLDZ.US,D,20230803,000000,23.4187,23.4187,23.4187,23.4187,4,0
FLDZ.US,D,20230804,000000,23.2757,23.2757,23.2757,23.2757,1,0
FLDZ.US,D,20230807,000000,23.4119,23.4119,23.4119,23.4119,35,0
FLDZ.US,D,20230808,000000,23.34,23.34,23.3286,23.3286,2000,0
FLDZ.US,D,20230809,000000,23.2552,23.2552,23.2552,23.2552,35,0
FLDZ.US,D,20230810,000000,23.1979,23.1979,23.1979,23.1979,35,0
FLDZ.US,D,20230811,000000,23.2493,23.2493,23.2493,23.2493,35,0
FLDZ.US,D,20230814,000000,23.1934,23.1934,23.1934,23.1934,35,0
FLDZ.US,D,20230815,000000,22.9196,22.9196,22.9196,22.9196,1,0
FLDZ.US,D,20230816,000000,22.8152,22.8152,22.8152,22.8152,35,0
FLDZ.US,D,20230817,000000,22.5643,22.5643,22.5643,22.5643,35,0
FLDZ.US,D,20230818,000000,22.6532,22.6532,22.6532,22.6532,35,0
FLDZ.US,D,20230821,000000,22.63,22.63,22.63,22.63,35,0
FLDZ.US,D,20230822,000000,22.4748,22.4748,22.4748,22.4748,35,0
FLDZ.US,D,20230823,000000,22.616,22.616,22.616,22.616,35,0
FLDZ.US,D,20230824,000000,22.478,22.478,22.478,22.478,35,0
FLDZ.US,D,20230825,000000,22.5422,22.5422,22.5422,22.5422,35,0
FLDZ.US,D,20230828,000000,22.667,22.667,22.667,22.667,35,0
FLDZ.US,D,20230829,000000,22.9089,22.9089,22.9089,22.9089,35,0
FLDZ.US,D,20230830,000000,23.0093,23.0093,23.0093,23.0093,35,0
FLDZ.US,D,20230831,000000,22.928,22.928,22.928,22.928,35,0
FLDZ.US,D,20230901,000000,23.0434,23.0434,23.0434,23.0434,35,0
FLDZ.US,D,20230905,000000,22.728,22.728,22.728,22.728,35,0
FLDZ.US,D,20230906,000000,22.6541,22.6541,22.6541,22.6541,35,0
FLDZ.US,D,20230907,000000,22.6563,22.6563,22.6563,22.6563,35,0
FLDZ.US,D,20230908,000000,22.6778,22.6778,22.6778,22.6778,35,0
FLDZ.US,D,20230911,000000,22.6916,22.6916,22.6916,22.6916,35,0
FLDZ.US,D,20230912,000000,22.7834,22.7834,22.7834,22.7834,35,0
FLDZ.US,D,20230913,000000,22.6861,22.6861,22.6861,22.6861,35,0
FLDZ.US,D,20230914,000000,22.9183,22.9183,22.9183,22.9183,35,0
FLDZ.US,D,20230915,000000,22.9,22.9,22.7229,22.7229,150,0
FLDZ.US,D,20230918,000000,22.6737,22.6737,22.6737,22.6737,35,0
FLDZ.US,D,20230919,000000,22.6098,22.6098,22.6098,22.6098,35,0
FLDZ.US,D,20230920,000000,22.5357,22.5357,22.5357,22.5357,35,0
FLDZ.US,D,20230921,000000,22.1663,22.1663,22.1663,22.1663,35,0
FLDZ.US,D,20230922,000000,22.0684,22.0684,22.0684,22.0684,1,0
FLDZ.US,D,20230925,000000,22.1485,22.1485,22.1485,22.1485,35,0
FLDZ.US,D,20230926,000000,21.8808,21.8808,21.8808,21.8808,100,0
FLDZ.US,D,20230927,000000,21.9473,21.9473,21.9473,21.9473,1,0
FLDZ.US,D,20230928,000000,22.0572,22.0572,22.0572,22.0572,35,0
FLDZ.US,D,20230929,000000,21.9749,21.9749,21.9749,21.9749,1,0
FLDZ.US,D,20231002,000000,21.5998,21.5998,21.5998,21.5998,12,0
FLDZ.US,D,20231003,000000,21.3346,21.3346,21.3346,21.3346,10,0
FLDZ.US,D,20231004,000000,21.4377,21.4377,21.4377,21.4377,1,0
FLDZ.US,D,20231005,000000,21.4229,21.4229,21.4229,21.4229,1,0
FLDZ.US,D,20231006,000000,21.6234,21.6234,21.6234,21.6234,1,0
FLDZ.US,D,20231009,000000,21.8601,21.8601,21.8601,21.8601,2,0
FLDZ.US,D,20231010,000000,22.0839,22.0839,22.0839,22.0839,30,0
FLDZ.US,D,20231011,000000,22.145,22.145,22.145,22.145,2,0
FLDZ.US,D,20231012,000000,21.788,21.788,21.788,21.788,2,0
FLDZ.US,D,20231013,000000,21.9,21.9,21.8555,21.8555,900,0
FLDZ.US,D,20231016,000000,22.1585,22.1585,22.1585,22.1585,2,0
FLDZ.US,D,20231017,000000,22.3028,22.3028,22.3028,22.3028,2,0
FLDZ.US,D,20231018,000000,21.9529,21.9529,21.9529,21.9529,28,0
FLDZ.US,D,20231019,000000,21.7082,21.7082,21.7082,21.7082,2,0
FLDZ.US,D,20231020,000000,21.4507,21.4507,21.4507,21.4507,2,0
FLDZ.US,D,20231023,000000,21.282,21.282,21.282,21.282,65,0
FLDZ.US,D,20231024,000000,21.4425,21.4425,21.4425,21.4425,1,0
FLDZ.US,D,20231025,000000,21.1706,21.1706,21.1706,21.1706,1,0
FLDZ.US,D,20231026,000000,21.2079,21.2079,21.2079,21.2079,1,0
FLDZ.US,D,20231027,000000,20.9034,20.9034,20.9034,20.9034,1,0
FLDZ.US,D,20231030,000000,21.0876,21.0876,21.0876,21.0876,1,0
FLDZ.US,D,20231031,000000,21.2741,21.2741,21.2741,21.2741,1,0
FLDZ.US,D,20231101,000000,21.36,21.3732,21.36,21.3732,254,0
FLDZ.US,D,20231102,000000,21.8971,21.8971,21.8971,21.8971,1,0
FLDZ.US,D,20231103,000000,22.1877,22.1877,22.1877,22.1877,1,0
FLDZ.US,D,20231106,000000,21.9828,21.9828,21.9828,21.9828,1,0
FLDZ.US,D,20231107,000000,21.9235,21.9235,21.9235,21.9235,1,0
FLDZ.US,D,20231108,000000,21.7661,21.7661,21.7661,21.7661,1,0
FLDZ.US,D,20231109,000000,21.53,21.53,21.53,21.53,1,0
FLDZ.US,D,20231110,000000,21.6802,21.6802,21.6802,21.6802,1,0
FLDZ.US,D,20231113,000000,21.6666,21.6666,21.6666,21.6666,1,0
FLDZ.US,D,20231114,000000,22.3616,22.3616,22.3616,22.3616,1,0
FLDZ.US,D,20231115,000000,22.4665,22.4665,22.4665,22.4665,1,0
FLDZ.US,D,20231116,000000,22.2625,22.2625,22.2625,22.2625,1,0
FLDZ.US,D,20231117,000000,22.435,22.435,22.435,22.435,1,0
FLDZ.US,D,20231120,000000,22.4961,22.4961,22.4961,22.4961,10,0
FLDZ.US,D,20231121,000000,22.36,22.36,22.36,22.36,10,0
FLDZ.US,D,20231122,000000,22.6003,22.6003,22.6003,22.6003,1,0
FLDZ.US,D,20231124,000000,22.6714,22.6714,22.6714,22.6714,10,0
FLDZ.US,D,20231127,000000,22.6547,22.6547,22.6547,22.6547,10,0
FLDZ.US,D,20231128,000000,22.6397,22.6397,22.6397,22.6397,10,0
FLDZ.US,D,20231129,000000,22.6702,22.6702,22.6702,22.6702,10,0
FLDZ.US,D,20231130,000000,22.8451,22.8451,22.8451,22.8451,10,0
FLDZ.US,D,20231201,000000,23.3115,23.3115,23.3115,23.3115,1,0
FLDZ.US,D,20231204,000000,23.3643,23.3643,23.3643,23.3643,10,0
FLDZ.US,D,20231205,000000,23.1287,23.1287,23.1287,23.1287,10,0
FLDZ.US,D,20231206,000000,23.0747,23.0747,23.0747,23.0747,10,0
FLDZ.US,D,20231207,000000,23.1339,23.1339,23.1339,23.1339,10,0
FLDZ.US,D,20231208,000000,23.2053,23.2053,23.2053,23.2053,15,0
FLDZ.US,D,20231211,000000,23.3116,23.3116,23.3116,23.3116,10,0
FLDZ.US,D,20231212,000000,23.2951,23.2951,23.2951,23.2951,3,0
FLDZ.US,D,20231213,000000,23.8983,23.8983,23.8983,23.8983,10,0
FLDZ.US,D,20231214,000000,24.2748,24.2748,24.2748,24.2748,20,0
FLDZ.US,D,20231215,000000,24.09,24.09,24.0116,24.0116,900,0
FLDZ.US,D,20231218,000000,24.0059,24.0059,24.0059,24.0059,1,0
FLDZ.US,D,20231219,000000,24.2599,24.2599,24.2599,24.2599,10,0
FLDZ.US,D,20231220,000000,23.893,23.893,23.893,23.893,10,0
FLDZ.US,D,20231221,000000,24.1239,24.1239,24.1239,24.1239,10,0
FLDZ.US,D,20231222,000000,24.2057,24.2057,24.2057,24.2057,10,0
FLDZ.US,D,20231226,000000,24.3856,24.3856,24.3856,24.3856,15,0
FLDZ.US,D,20231227,000000,24.0967,24.0967,24.0967,24.0967,51,0
FLDZ.US,D,20231228,000000,24.1348,24.1348,24.1348,24.1348,2,0
FLDZ.US,D,20231229,000000,23.9976,23.9976,23.9976,23.9976,6,0
FLDZ.US,D,20240102,000000,24.0557,24.0557,24.0557,24.0557,9,0
FLDZ.US,D,20240103,000000,23.7051,23.7051,23.7051,23.7051,12,0
FLDZ.US,D,20240104,000000,23.6516,23.6516,23.6516,23.6516,1,0
FLDZ.US,D,20240105,000000,23.7256,23.7256,23.7256,23.7256,1,0
FLDZ.US,D,20240108,000000,23.9817,23.9817,23.9817,23.9817,4,0
FLDZ.US,D,20240109,000000,23.8675,23.8675,23.8675,23.8675,1,0
FLDZ.US,D,20240110,000000,23.8379,23.8379,23.8379,23.8379,1,0
FLDZ.US,D,20240111,000000,23.7041,23.7041,23.7041,23.7041,5,0
FLDZ.US,D,20240112,000000,23.6656,23.6656,23.6656,23.6656,5,0
FLDZ.US,D,20240116,000000,23.4667,23.4667,23.4667,23.4667,8,0
FLDZ.US,D,20240117,000000,23.4,23.4,23.3416,23.3416,100,0
FLDZ.US,D,20240118,000000,23.3725,23.3725,23.3725,23.3725,5,0
FLDZ.US,D,20240119,000000,23.498,23.498,23.498,23.498,31,0
FLDZ.US,D,20240122,000000,23.7448,23.7448,23.7448,23.7448,5,0
FLDZ.US,D,20240123,000000,23.6353,23.6353,23.6353,23.6353,5,0
FLDZ.US,D,20240124,000000,23.4737,23.4737,23.4737,23.4737,5,0
FLDZ.US,D,20240125,000000,23.6497,23.6497,23.6497,23.6497,5,0
FLDZ.US,D,20240126,000000,23.7358,23.7358,23.7358,23.7358,5,0
FLDZ.US,D,20240129,000000,23.9498,23.9498,23.9498,23.9498,41,0
FLDZ.US,D,20240130,000000,23.981,23.981,23.981,23.981,21,0
FLDZ.US,D,20240131,000000,23.6339,23.6339,23.6339,23.6339,1,0
FLDZ.US,D,20240201,000000,23.8406,23.8406,23.8406,23.8406,1,0
FLDZ.US,D,20240202,000000,23.8189,23.8189,23.8189,23.8189,1,0
FLDZ.US,D,20240205,000000,23.512,23.512,23.512,23.512,1,0
FLDZ.US,D,20240206,000000,23.6182,23.6182,23.6182,23.6182,1,0
FLDZ.US,D,20240207,000000,23.6653,23.6653,23.6653,23.6653,1,0
FLDZ.US,D,20240208,000000,23.8255,23.8255,23.8255,23.8255,1,0
FLDZ.US,D,20240209,000000,23.9058,23.9058,23.9058,23.9058,1,0
FLDZ.US,D,20240212,000000,24.1675,24.1675,24.1675,24.1675,1,0
FLDZ.US,D,20240214,000000,23.977,23.977,23.977,23.977,2,0
FLDZ.US,D,20240215,000000,24.3657,24.3657,24.3657,24.3657,1,0
FLDZ.US,D,20240216,000000,24.3557,24.3557,24.3557,24.3557,1,0
FLDZ.US,D,20240220,000000,24.1813,24.1813,24.1813,24.1813,1,0
FLDZ.US,D,20240221,000000,24.3103,24.3103,24.3103,24.3103,1,0
FLDZ.US,D,20240222,000000,24.4466,24.4466,24.4466,24.4466,2,0
FLDZ.US,D,20240223,000000,24.5904,24.5904,24.5904,24.5904,1,0
FLDZ.US,D,20240226,000000,24.5334,24.5334,24.5334,24.5334,3,0
FLDZ.US,D,20240227,000000,24.7467,24.7467,24.7467,24.7467,2,0
FLDZ.US,D,20240228,000000,24.6884,24.6884,24.6884,24.6884,9,0
FLDZ.US,D,20240229,000000,24.86,24.8677,24.86,24.8677,210,0
FLDZ.US,D,20240301,000000,24.942,24.942,24.942,24.942,1,0
FLDZ.US,D,20240304,000000,25.041,25.041,25.041,25.041,2,0
FLDZ.US,D,20240305,000000,24.9889,24.9889,24.9889,24.9889,2,0
FLDZ.US,D,20240306,000000,25.1354,25.1354,25.1354,25.1354,6,0
FLDZ.US,D,20240307,000000,25.3183,25.3183,25.3183,25.3183,2,0
FLDZ.US,D,20240308,000000,25.2928,25.2928,25.2928,25.2928,3,0
FLDZ.US,D,20240311,000000,25.2161,25.2161,25.2161,25.2161,2,0
FLDZ.US,D,20240312,000000,25.2657,25.2657,25.2657,25.2657,5,0
FLDZ.US,D,20240313,000000,25.3634,25.3634,25.3634,25.3634,7,0
FLDZ.US,D,20240314,000000,25.1262,25.1262,25.1262,25.1262,126,0
FLDZ.US,D,20240315,000000,25.146,25.146,25.146,25.146,5,0
FLDZ.US,D,20240318,000000,25.197,25.197,25.197,25.197,1,0
FLDZ.US,D,20240319,000000,25.3886,25.3886,25.3886,25.3886,1,0
FLDZ.US,D,20240320,000000,25.6625,25.6625,25.6625,25.6625,1,0
FLDZ.US,D,20240321,000000,25.9109,25.9109,25.9109,25.9109,5,0
FLDZ.US,D,20240322,000000,25.7217,25.7217,25.7217,25.7217,5,0
FLDZ.US,D,20240325,000000,25.7234,25.7234,25.7234,25.7234,1,0
FLDZ.US,D,20240326,000000,25.6643,25.6643,25.6643,25.6643,5,0
FLDZ.US,D,20240327,000000,25.9897,26.0611,25.9897,26.0611,630,0
FLDZ.US,D,20240328,000000,26.2661,26.2661,26.2661,26.2661,5,0
FLDZ.US,D,20240401,000000,26.0673,26.0673,26.0673,26.0673,5,0
FLDZ.US,D,20240402,000000,25.7404,25.7404,25.7404,25.7404,6,0
FLDZ.US,D,20240403,000000,25.7746,25.7746,25.7746,25.7746,2,0
FLDZ.US,D,20240404,000000,25.5432,25.5432,25.5432,25.5432,619,0
FLDZ.US,D,20240405,000000,25.7043,25.7043,25.7043,25.7043,1,0
FLDZ.US,D,20240408,000000,25.8114,25.8114,25.8114,25.8114,3,0
FLDZ.US,D,20240409,000000,25.8502,25.8502,25.8502,25.8502,16,0
FLDZ.US,D,20240410,000000,25.73,25.73,25.4335,25.4335,100,0
FLDZ.US,D,20240411,000000,25.3916,25.3916,25.3916,25.3916,3,0
FLDZ.US,D,20240412,000000,25.0196,25.0461,25.0196,25.0461,100,0
FLDZ.US,D,20240415,000000,24.7812,24.7812,24.7812,24.7812,3,0
FLDZ.US,D,20240416,000000,24.6546,24.6546,24.6546,24.6546,3,0
FLDZ.US,D,20240417,000000,24.5909,24.5909,24.5909,24.5909,3,0
FLDZ.US,D,20240418,000000,24.5674,24.5674,24.5674,24.5674,3,0
FLDZ.US,D,20240419,000000,24.7177,24.7177,24.7177,24.7177,100,0
FLDZ.US,D,20240422,000000,24.9256,24.9256,24.9256,24.9256,14,0
FLDZ.US,D,20240423,000000,25.2348,25.2348,25.2348,25.2348,3,0
FLDZ.US,D,20240424,000000,25.2854,25.2854,25.2854,25.2854,14,0
FLDZ.US,D,20240425,000000,25.2282,25.2282,25.2282,25.2282,14,0
FLDZ.US,D,20240426,000000,25.2097,25.2097,25.2097,25.2097,14,0
FLDZ.US,D,20240429,000000,25.3364,25.3364,25.3364,25.3364,5,0
FLDZ.US,D,20240430,000000,24.9873,24.9873,24.9873,24.9873,5,0
FLDZ.US,D,20240501,000000,24.9796,24.9796,24.9796,24.9796,2,0
FLDZ.US,D,20240502,000000,25.02,25.1898,25.02,25.1898,250,0
FLDZ.US,D,20240503,000000,25.3988,25.3988,25.3988,25.3988,4,0
FLDZ.US,D,20240506,000000,25.69,25.69,25.69,25.69,5,0
FLDZ.US,D,20240507,000000,25.7239,25.7239,25.7239,25.7239,5,0
FLDZ.US,D,20240508,000000,25.6053,25.6053,25.6053,25.6053,5,0
FLDZ.US,D,20240509,000000,25.8461,25.8461,25.8461,25.8461,3,0
FLDZ.US,D,20240510,000000,25.8089,25.8089,25.8089,25.8089,5,0
FLDZ.US,D,20240513,000000,25.7593,25.7593,25.7593,25.7593,5,0
FLDZ.US,D,20240514,000000,25.9273,25.9273,25.9273,25.9273,5,0
FLDZ.US,D,20240515,000000,26.1204,26.1204,26.1204,26.1204,5,0
FLDZ.US,D,20240516,000000,25.9957,25.9957,25.9957,25.9957,5,0
FLDZ.US,D,20240517,000000,26.0196,26.0196,26.0196,26.0196,5,0
FLDZ.US,D,20240520,000000,25.9838,25.9838,25.9838,25.9838,5,0
FLDZ.US,D,20240521,000000,25.9362,25.9362,25.9362,25.9362,2,0
FLDZ.US,D,20240522,000000,25.7312,25.7312,25.7312,25.7312,5,0
FLDZ.US,D,20240523,000000,25.3652,25.3652,25.3652,25.3652,5,0
FLDZ.US,D,20240524,000000,25.5657,25.5657,25.5657,25.5657,5,0
FLDZ.US,D,20240528,000000,25.4076,25.4076,25.4076,25.4076,5,0
FLDZ.US,D,20240529,000000,25.1372,25.1372,25.1372,25.1372,5,0
FLDZ.US,D,20240530,000000,25.3639,25.3639,25.3639,25.3639,5,0
FLDZ.US,D,20240531,000000,25.6857,25.6857,25.6857,25.6857,5,0
FLDZ.US,D,20240603,000000,25.4595,25.4595,25.4595,25.4595,8,0
FLDZ.US,D,20240604,000000,25.2861,25.2861,25.2861,25.2861,8,0
FLDZ.US,D,20240605,000000,25.4368,25.4368,25.4368,25.4368,8,0
FLDZ.US,D,20240606,000000,25.3307,25.3307,25.3307,25.3307,8,0
FLDZ.US,D,20240607,000000,25.2069,25.2069,25.2069,25.2069,8,0
FLDZ.US,D,20240610,000000,25.3161,25.3161,25.3161,25.3161,8,0
FLDZ.US,D,20240611,000000,25.2429,25.2429,25.2429,25.2429,8,0
FLDZ.US,D,20240612,000000,25.4674,25.4674,25.4674,25.4674,8,0
FLDZ.US,D,20240613,000000,25.3357,25.3357,25.3357,25.3357,8,0
FLDZ.US,D,20240614,000000,25.0796,25.0796,25.0796,25.0796,8,0
FLDZ.US,D,20240617,000000,25.2625,25.2625,25.2625,25.2625,8,0
FLDZ.US,D,20240618,000000,25.3172,25.3172,25.3172,25.3172,8,0
FLDZ.US,D,20240620,000000,25.3426,25.3426,25.3426,25.3426,8,0
FLDZ.US,D,20240621,000000,25.3768,25.3768,25.3768,25.3768,4,0
FLDZ.US,D,20240624,000000,25.6338,25.6338,25.6338,25.6338,5,0
FLDZ.US,D,20240625,000000,25.4578,25.4578,25.4578,25.4578,8,0
FLDZ.US,D,20240627,000000,25.397,25.397,25.397,25.397,8,0
FLDZ.US,D,20240628,000000,25.4913,25.4913,25.4913,25.4913,8,0
FLDZ.US,D,20240701,000000,25.3477,25.3477,25.3477,25.3477,1,0
FLDZ.US,D,20240702,000000,25.402,25.402,25.402,25.402,1,0
FLDZ.US,D,20240703,000000,25.4611,25.4611,25.4611,25.4611,20,0
FLDZ.US,D,20240705,000000,25.34,25.3507,25.34,25.3507,262,0
FLDZ.US,D,20240708,000000,25.3372,25.3372,25.3372,25.3372,8,0
FLDZ.US,D,20240709,000000,25.3151,25.3151,25.3151,25.3151,1,0
FLDZ.US,D,20240710,000000,25.5665,25.5665,25.5665,25.5665,8,0
FLDZ.US,D,20240711,000000,26.1343,26.1343,26.1343,26.1343,20,0
FLDZ.US,D,20240712,000000,26.3918,26.3918,26.3918,26.3918,8,0
FLDZ.US,D,20240715,000000,26.4433,26.4433,26.4433,26.4433,1,0
FLDZ.US,D,20240716,000000,26.9998,26.9998,26.9998,26.9998,1,0
FLDZ.US,D,20240717,000000,26.7909,26.7909,26.7909,26.7909,1,0
FLDZ.US,D,20240718,000000,26.5445,26.5445,26.5445,26.5445,1,0
FLDZ.US,D,20240719,000000,26.4604,26.4604,26.4604,26.4604,1,0
FLDZ.US,D,20240722,000000,26.6811,26.6811,26.6811,26.6811,1,0
FLDZ.US,D,20240723,000000,26.6531,26.6531,26.6531,26.6531,1,0
FLDZ.US,D,20240724,000000,26.2698,26.2698,26.2698,26.2698,1,0
FLDZ.US,D,20240725,000000,26.4336,26.4336,26.4336,26.4336,1,0
FLDZ.US,D,20240726,000000,26.7896,26.7896,26.7896,26.7896,1,0
FLDZ.US,D,20240729,000000,26.7887,26.7887,26.7887,26.7887,1,0
FLDZ.US,D,20240730,000000,26.9766,26.9766,26.9766,26.9766,2,0
FLDZ.US,D,20240731,000000,27.047,27.047,27.047,27.047,1,0
FLDZ.US,D,20240801,000000,26.6747,26.6747,26.6747,26.6747,2,0
FLDZ.US,D,20240802,000000,26.1526,26.1526,26.1526,26.1526,1,0
FLDZ.US,D,20240805,000000,25.4759,25.4759,25.4759,25.4759,1,0
FLDZ.US,D,20240806,000000,25.8117,25.8117,25.8117,25.8117,1,0
FLDZ.US,D,20240807,000000,25.5634,25.5634,25.5634,25.5634,1,0
FLDZ.US,D,20240808,000000,25.9652,25.9652,25.9652,25.9652,6,0
FLDZ.US,D,20240809,000000,26.0028,26.0028,26.0028,26.0028,4,0
FLDZ.US,D,20240812,000000,25.8528,25.8528,25.8528,25.8528,6,0
FLDZ.US,D,20240813,000000,26.1103,26.1103,26.1103,26.1103,6,0
FLDZ.US,D,20240814,000000,26.197,26.197,26.197,26.197,6,0
FLDZ.US,D,20240815,000000,26.5239,26.5239,26.5239,26.5239,6,0
FLDZ.US,D,20240816,000000,26.6139,26.6139,26.6139,26.6139,3,0
FLDZ.US,D,20240819,000000,26.8439,26.8439,26.8439,26.8439,1,0
FLDZ.US,D,20240820,000000,26.68,26.68,26.68,26.68,1,0
FLDZ.US,D,20240821,000000,26.9254,26.9254,26.9254,26.9254,1,0
FLDZ.US,D,20240822,000000,26.8408,26.8408,26.8408,26.8408,1,0
FLDZ.US,D,20240823,000000,27.3766,27.3766,27.3766,27.3766,5,0
FLDZ.US,D,20240826,000000,27.3599,27.3599,27.3599,27.3599,10,0
FLDZ.US,D,20240827,000000,27.2543,27.29,27.2543,27.259,380,0
FLDZ.US,D,20240828,000000,27.1659,27.1659,27.1659,27.1659,2,0
FLDZ.US,D,20240829,000000,27.208,27.208,27.208,27.208,14,0
FLDZ.US,D,20240830,000000,27.3892,27.3892,27.3892,27.3892,16,0
FLDZ.US,D,20240903,000000,26.9876,26.9876,26.9876,26.9876,1,0
FLDZ.US,D,20240904,000000,26.9529,26.9529,26.9529,26.9529,11,0
FLDZ.US,D,20240905,000000,26.7732,26.7732,26.7732,26.7732,11,0
FLDZ.US,D,20240906,000000,26.4847,26.4847,26.4847,26.4847,11,0
FLDZ.US,D,20240909,000000,26.6534,26.6534,26.6534,26.6534,2,0
FLDZ.US,D,20240910,000000,26.6536,26.6536,26.6536,26.6536,2,0
FLDZ.US,D,20240911,000000,26.7336,26.7336,26.7336,26.7336,2,0
FLDZ.US,D,20240912,000000,26.9436,26.9436,26.9436,26.9436,2,0
FLDZ.US,D,20240913,000000,27.3299,27.3299,27.3299,27.3299,2,0
FLDZ.US,D,20240916,000000,27.5496,27.5496,27.5496,27.5496,2,0
FLDZ.US,D,20240917,000000,27.5659,27.5659,27.5659,27.5659,2,0
FLDZ.US,D,20240918,000000,27.5828,27.5828,27.5828,27.5828,6,0
FLDZ.US,D,20240919,000000,27.8756,27.8756,27.8756,27.8756,2,0
FLDZ.US,D,20240920,000000,27.8298,27.8298,27.8298,27.8298,2,0
FLDZ.US,D,20240923,000000,27.9789,27.9789,27.9789,27.9789,3,0
FLDZ.US,D,20240924,000000,27.8996,27.8996,27.8996,27.8996,20,0
FLDZ.US,D,20240925,000000,27.6856,27.6856,27.6856,27.6856,3,0
FLDZ.US,D,20240926,000000,27.672,27.672,27.672,27.672,3,0
FLDZ.US,D,20240927,000000,27.8383,27.8383,27.8383,27.8383,6,0
FLDZ.US,D,20241001,000000,27.763,27.763,27.763,27.763,6,0
FLDZ.US,D,20241002,000000,27.7293,27.7293,27.7293,27.7293,6,0
FLDZ.US,D,20241003,000000,27.6915,27.6915,27.6915,27.6915,6,0
FLDZ.US,D,20241004,000000,27.89,27.89,27.8747,27.8747,603,0
FLDZ.US,D,20241007,000000,27.6137,27.6137,27.6137,27.6137,6,0
FLDZ.US,D,20241008,000000,27.6775,27.6775,27.6775,27.6775,1,0
FLDZ.US,D,20241009,000000,27.7775,27.7775,27.7775,27.7775,6,0
FLDZ.US,D,20241010,000000,27.6585,27.6585,27.6585,27.6585,6,0
FLDZ.US,D,20241011,000000,28.0107,28.0107,28.0107,28.0107,6,0
FLDZ.US,D,20241014,000000,28.2011,28.2011,28.2011,28.2011,6,0
FLDZ.US,D,20241015,000000,28.173,28.173,28.173,28.173,6,0
FLDZ.US,D,20241016,000000,28.4431,28.4431,28.4431,28.4431,6,0
FLDZ.US,D,20241017,000000,28.2974,28.2974,28.2974,28.2974,6,0
FLDZ.US,D,20241018,000000,28.3652,28.3652,28.3652,28.3652,6,0
FLDZ.US,D,20241021,000000,27.9993,27.9993,27.9993,27.9993,6,0
FLDZ.US,D,20241022,000000,27.9505,27.9505,27.9505,27.9505,1,0
FLDZ.US,D,20241023,000000,27.8902,27.8902,27.8902,27.8902,1,0
FLDZ.US,D,20241024,000000,27.9944,27.9944,27.9944,27.9944,2,0
FLDZ.US,D,20241025,000000,27.8217,27.8217,27.8217,27.8217,1,0
FLDZ.US,D,20241028,000000,28.0471,28.0471,28.0471,28.0471,1,0
FLDZ.US,D,20241029,000000,27.9074,27.9074,27.9074,27.9074,1,0
FLDZ.US,D,20241030,000000,27.9181,27.9181,27.9181,27.9181,1,0
FLDZ.US,D,20241031,000000,27.7657,27.7657,27.7657,27.7657,1,0
FLDZ.US,D,20241104,000000,27.661,27.661,27.661,27.661,1,0
FLDZ.US,D,20241105,000000,28.1039,28.1039,28.1039,28.1039,1,0
FLDZ.US,D,20241106,000000,29.0146,29.0146,29.0146,29.0146,1,0
FLDZ.US,D,20241107,000000,28.992,28.992,28.992,28.992,26,0
FLDZ.US,D,20241108,000000,29.3427,29.3427,29.3427,29.3427,13,0
FLDZ.US,D,20241206,000000,29.7,29.7,29.692,29.692,195,0
FLDZ.US,D,20241218,000000,28.63,28.63,27.7248,27.7248,102,0
FLDZ.US,D,20241219,000000,27.71,27.71,27.6277,27.6277,100,0
FLDZ.US,D,20241220,000000,27.92,27.9321,27.92,27.9321,101,0
FLDZ.US,D,20241223,000000,27.74,28.0093,27.74,28.0093,100,0
FLDZ.US,D,20241224,000000,28.12,28.2415,28.12,28.2415,100,0
FLDZ.US,D,20241226,000000,28.21,28.3033,28.21,28.3033,102,0
FLDZ.US,D,20250102,000000,27.6801,27.6801,27.5652,27.5652,631,0
FLDZ.US,D,20250124,000000,29.01,29.01,28.9963,28.9963,200,0
FLDZ.US,D,20250130,000000,28.91,29.1153,28.91,29.1153,302,0
FLDZ.US,D,20250212,000000,28.6906,28.6906,28.6661,28.6661,101,0
