<TICKER>,<PER>,<DATE>,<TIME>,<OPEN>,<HIGH>,<LOW>,<CLOSE>,<VOL>,<OPENINT>
FYLG.US,D,20221125,000000,25.2104,25.2104,25.2104,25.2104,24,0
FYLG.US,D,20221128,000000,24.9211,24.9211,24.9211,24.9211,22,0
FYLG.US,D,20221129,000000,25.0349,25.0349,25.0349,25.0349,55,0
FYLG.US,D,20221130,000000,24.89,25.282,24.89,25.282,175,0
FYLG.US,D,20221201,000000,25.2138,25.2138,25.2138,25.2138,1,0
FYLG.US,D,20221202,000000,25.17,25.17,25.17,25.17,10,0
FYLG.US,D,20221205,000000,24.7448,24.7448,24.7448,24.7448,28,0
FYLG.US,D,20221206,000000,24.5859,24.5859,24.5859,24.5859,25,0
FYLG.US,D,20221207,000000,24.4928,24.4928,24.4928,24.4928,1,0
FYLG.US,D,20221208,000000,24.5308,24.5308,24.5308,24.5308,3,0
FYLG.US,D,20221209,000000,24.55,24.589,24.5226,24.5226,224,0
FYLG.US,D,20221212,000000,24.615,24.7507,24.615,24.7507,305,0
FYLG.US,D,20221213,000000,24.8454,24.8454,24.8454,24.8454,52,0
FYLG.US,D,20221214,000000,24.6704,24.6704,24.6704,24.6704,154,0
FYLG.US,D,20221215,000000,24.1935,24.1935,24.1935,24.1935,14,0
FYLG.US,D,20221216,000000,24.0526,24.0526,24.0526,24.0526,16,0
FYLG.US,D,20221219,000000,24.0118,24.0118,24.0118,24.0118,4,0
FYLG.US,D,20221220,000000,24.0721,24.0721,24.0721,24.0721,12,0
FYLG.US,D,20221221,000000,24.3657,24.3657,24.3657,24.3657,5,0
FYLG.US,D,20221222,000000,24.1977,24.1977,24.1977,24.1977,33,0
FYLG.US,D,20221223,000000,24.3251,24.3251,24.3251,24.3251,68,0
FYLG.US,D,20221227,000000,24.3362,24.3362,24.3362,24.3362,1,0
FYLG.US,D,20221228,000000,24.2845,24.2845,24.2845,24.2845,4,0
FYLG.US,D,20221229,000000,24.4182,24.4182,24.4182,24.4182,13,0
FYLG.US,D,20221230,000000,24.3727,24.3727,24.3727,24.3727,50,0
FYLG.US,D,20230103,000000,24.4346,24.4346,24.4346,24.4346,1,0
FYLG.US,D,20230104,000000,24.65,24.6898,24.65,24.6898,143,0
FYLG.US,D,20230105,000000,24.5811,24.5811,24.5811,24.5811,26,0
FYLG.US,D,20230106,000000,24.76,24.9512,24.76,24.9512,1890,0
FYLG.US,D,20230109,000000,25.11,25.11,24.9147,24.9147,913,0
FYLG.US,D,20230110,000000,25.0104,25.0104,25.0104,25.0104,8,0
FYLG.US,D,20230111,000000,25.1243,25.1243,25.1243,25.1243,34,0
FYLG.US,D,20230112,000000,25.1884,25.1884,25.1884,25.1884,7,0
FYLG.US,D,20230113,000000,25.2826,25.2826,25.2826,25.2826,5,0
FYLG.US,D,20230117,000000,25.22,25.22,25.1903,25.1903,488,0
FYLG.US,D,20230118,000000,25.03,25.03,24.9587,24.9587,377,0
FYLG.US,D,20230119,000000,24.84,24.8401,24.8218,24.8218,320,0
FYLG.US,D,20230120,000000,25.1036,25.1036,25.1036,25.1036,29,0
FYLG.US,D,20230123,000000,25.1814,25.1814,25.1814,25.1814,59,0
FYLG.US,D,20230124,000000,25.1943,25.1943,25.1943,25.1943,3,0
FYLG.US,D,20230125,000000,25.2441,25.3033,25.2441,25.3033,142,0
FYLG.US,D,20230126,000000,25.292,25.3927,25.29,25.3927,207,0
FYLG.US,D,20230127,000000,25.4202,25.4202,25.4202,25.4202,15,0
FYLG.US,D,20230130,000000,25.39,25.4,25.3364,25.3364,435,0
FYLG.US,D,20230131,000000,25.465,25.5431,25.452,25.5431,274,0
FYLG.US,D,20230201,000000,25.44,25.5554,25.44,25.5554,545,0
FYLG.US,D,20230202,000000,25.55,25.6067,25.54,25.6067,1449,0
FYLG.US,D,20230203,000000,25.6022,25.6022,25.6022,25.6022,25,0
FYLG.US,D,20230206,000000,25.55,25.5842,25.55,25.5842,302,0
FYLG.US,D,20230207,000000,25.71,25.7794,25.71,25.7794,154,0
FYLG.US,D,20230208,000000,25.6813,25.6813,25.6813,25.6813,76,0
FYLG.US,D,20230209,000000,25.5112,25.5112,25.5112,25.5112,51,0
FYLG.US,D,20230210,000000,25.57,25.57,25.57,25.57,51,0
FYLG.US,D,20230213,000000,25.68,25.7203,25.68,25.7203,235,0
FYLG.US,D,20230214,000000,25.68,25.6854,25.68,25.6854,50,0
FYLG.US,D,20230215,000000,25.6876,25.6876,25.6876,25.6876,35,0
FYLG.US,D,20230216,000000,25.66,25.66,25.5668,25.5668,745,0
FYLG.US,D,20230217,000000,25.5503,25.5503,25.5503,25.5503,111,0
FYLG.US,D,20230221,000000,25.2199,25.2199,25.0058,25.0058,1894,0
FYLG.US,D,20230222,000000,24.9291,24.9291,24.9291,24.9291,215,0
FYLG.US,D,20230223,000000,24.9928,24.9928,24.9928,24.9928,33,0
FYLG.US,D,20230224,000000,24.93,25.07,24.906,25.0155,1981,0
FYLG.US,D,20230227,000000,25.03,25.03,25.0265,25.0265,252,0
FYLG.US,D,20230228,000000,25.115,25.189,25.1,25.1016,1736,0
FYLG.US,D,20230301,000000,25.069,25.069,24.98,24.98,535,0
FYLG.US,D,20230302,000000,24.63,24.8666,24.63,24.8666,893,0
FYLG.US,D,20230303,000000,25.2548,25.2548,25.2548,25.2548,346,0
FYLG.US,D,20230306,000000,25.2886,25.2886,25.2886,25.2886,187,0
FYLG.US,D,20230307,000000,24.67,24.67,24.67,24.67,54,0
FYLG.US,D,20230308,000000,24.5683,24.5683,24.5683,24.5683,180,0
FYLG.US,D,20230309,000000,23.59,23.59,23.5796,23.5796,239,0
FYLG.US,D,20230310,000000,23.381,23.414,23.0952,23.0952,1238,0
FYLG.US,D,20230313,000000,22.55,22.55,22.2253,22.2253,188,0
FYLG.US,D,20230314,000000,22.755,22.755,22.6925,22.6925,149,0
FYLG.US,D,20230315,000000,22.03,22.03,22.023,22.023,237,0
FYLG.US,D,20230316,000000,22.31,22.4876,22.31,22.4876,208,0
FYLG.US,D,20230317,000000,21.97,21.97,21.938,21.938,431,0
FYLG.US,D,20230320,000000,22,22.0808,22,22.0808,321,0
FYLG.US,D,20230321,000000,22.5043,22.5043,22.5043,22.5043,48,0
FYLG.US,D,20230322,000000,22.1253,22.1253,22.1253,22.1253,10,0
FYLG.US,D,20230323,000000,21.9347,21.9347,21.9347,21.9347,25,0
FYLG.US,D,20230324,000000,21.75,21.925,21.75,21.9089,2101,0
FYLG.US,D,20230327,000000,22.28,22.28,22.1301,22.234,1242,0
FYLG.US,D,20230328,000000,22.215,22.215,22.215,22.215,6,0
FYLG.US,D,20230329,000000,22.42,22.4974,22.4101,22.4974,674,0
FYLG.US,D,20230330,000000,22.4765,22.4765,22.4765,22.4765,18,0
FYLG.US,D,20230331,000000,22.56,22.6753,22.56,22.6753,362,0
FYLG.US,D,20230403,000000,22.71,22.7435,22.71,22.7435,252,0
FYLG.US,D,20230404,000000,22.52,22.5675,22.52,22.5675,175,0
FYLG.US,D,20230405,000000,22.6,22.6,22.57,22.576,501,0
FYLG.US,D,20230406,000000,22.6175,22.6175,22.6175,22.6175,93,0
FYLG.US,D,20230410,000000,22.62,22.6893,22.62,22.6893,436,0
FYLG.US,D,20230411,000000,22.83,22.8526,22.83,22.8526,309,0
FYLG.US,D,20230412,000000,22.93,22.93,22.8323,22.8323,308,0
FYLG.US,D,20230413,000000,22.965,22.965,22.965,22.965,17,0
FYLG.US,D,20230414,000000,23.1499,23.1514,23.11,23.1514,6902,0
FYLG.US,D,20230417,000000,23.3062,23.3062,23.3062,23.3062,15,0
FYLG.US,D,20230418,000000,23.3708,23.3708,23.3708,23.3708,34,0
FYLG.US,D,20230419,000000,23.395,23.395,23.395,23.395,21,0
FYLG.US,D,20230420,000000,23.34,23.36,23.33,23.3538,13722,0
FYLG.US,D,20230421,000000,23.26,23.3225,23.26,23.3225,547,0
FYLG.US,D,20230424,000000,23.1723,23.1723,23.1723,23.1723,24,0
FYLG.US,D,20230425,000000,22.9,22.9,22.8746,22.8746,379,0
FYLG.US,D,20230426,000000,22.69,22.7079,22.66,22.7079,624,0
FYLG.US,D,20230427,000000,23.011,23.011,23.011,23.011,2,0
FYLG.US,D,20230428,000000,23.2111,23.2111,23.2111,23.2111,66,0
FYLG.US,D,20230501,000000,23.31,23.31,23.1942,23.1942,340,0
FYLG.US,D,20230502,000000,22.8047,22.8047,22.8047,22.8047,76,0
FYLG.US,D,20230503,000000,22.5491,22.5491,22.5491,22.5491,28,0
FYLG.US,D,20230504,000000,22.173,22.2779,22.173,22.2779,956,0
FYLG.US,D,20230505,000000,22.7869,22.7869,22.7869,22.7869,29,0
FYLG.US,D,20230508,000000,22.86,22.86,22.845,22.845,131,0
FYLG.US,D,20230509,000000,22.7855,22.7855,22.7855,22.7855,35,0
FYLG.US,D,20230510,000000,22.669,22.669,22.669,22.669,21,0
FYLG.US,D,20230511,000000,22.6348,22.6348,22.6348,22.6348,143,0
FYLG.US,D,20230512,000000,22.5411,22.5411,22.5411,22.5411,93,0
FYLG.US,D,20230515,000000,22.7192,22.7192,22.7192,22.7192,1,0
FYLG.US,D,20230516,000000,22.57,22.57,22.5371,22.5371,146,0
FYLG.US,D,20230517,000000,22.99,22.9901,22.99,22.9901,194,0
FYLG.US,D,20230518,000000,22.93,23.1546,22.93,23.1546,206,0
FYLG.US,D,20230519,000000,23.0212,23.0212,23.0212,23.0212,10,0
FYLG.US,D,20230522,000000,22.96,22.97,22.87,22.915,1065,0
FYLG.US,D,20230523,000000,22.91,22.91,22.7591,22.7591,410,0
FYLG.US,D,20230524,000000,22.5098,22.56,22.4949,22.5402,1018,0
FYLG.US,D,20230525,000000,22.543,22.543,22.543,22.543,15,0
FYLG.US,D,20230526,000000,22.69,22.69,22.69,22.69,3,0
FYLG.US,D,20230530,000000,22.63,22.7024,22.63,22.7024,193,0
FYLG.US,D,20230531,000000,22.39,22.5699,22.39,22.5492,381,0
FYLG.US,D,20230601,000000,22.74,22.78,22.7156,22.7156,320,0
FYLG.US,D,20230602,000000,23.0793,23.0793,23.0793,23.0793,30,0
FYLG.US,D,20230605,000000,23.0028,23.0028,23.0001,23.0001,136,0
FYLG.US,D,20230606,000000,23.185,23.185,23.185,23.185,28,0
FYLG.US,D,20230607,000000,23.24,23.24,23.24,23.24,81,0
FYLG.US,D,20230608,000000,23.27,23.27,23.23,23.23,118,0
FYLG.US,D,20230609,000000,23.26,23.26,23.245,23.245,125,0
FYLG.US,D,20230612,000000,23.23,23.23,23.23,23.23,7,0
FYLG.US,D,20230613,000000,23.3006,23.3006,23.3006,23.3006,164,0
FYLG.US,D,20230614,000000,23.7,23.7,23.2519,23.2519,175,0
FYLG.US,D,20230615,000000,23.427,23.427,23.427,23.427,55,0
FYLG.US,D,20230616,000000,23.405,23.405,23.405,23.405,19,0
FYLG.US,D,20230620,000000,23.23,23.23,23.1249,23.1249,1669,0
FYLG.US,D,20230621,000000,23.12,23.22,23.11,23.1247,6452,0
FYLG.US,D,20230622,000000,23.03,23.0381,23.03,23.0381,217,0
FYLG.US,D,20230623,000000,23.0046,23.0046,23.0046,23.0046,23,0
FYLG.US,D,20230626,000000,22.9612,22.9612,22.9612,22.9612,3,0
FYLG.US,D,20230627,000000,23.1,23.1,23.1,23.1,12,0
FYLG.US,D,20230628,000000,23.0173,23.0477,23,23.0477,444,0
FYLG.US,D,20230629,000000,23.3392,23.3392,23.3392,23.3392,45,0
FYLG.US,D,20230630,000000,23.532,23.532,23.5206,23.5206,328,0
FYLG.US,D,20230703,000000,23.58,23.58,23.58,23.58,8,0
FYLG.US,D,20230705,000000,23.5531,23.5531,23.5531,23.5531,3,0
FYLG.US,D,20230706,000000,23.82,23.82,23.425,23.425,233,0
FYLG.US,D,20230707,000000,23.44,23.44,23.44,23.44,48,0
FYLG.US,D,20230710,000000,23.11,23.52,23.11,23.4952,207,0
FYLG.US,D,20230711,000000,23.695,23.695,23.695,23.695,6,0
FYLG.US,D,20230712,000000,23.77,23.77,23.77,23.77,28,0
FYLG.US,D,20230713,000000,23.8,23.835,23.8,23.835,189,0
FYLG.US,D,20230714,000000,23.745,23.745,23.745,23.745,9,0
FYLG.US,D,20230717,000000,23.8817,23.8817,23.8817,23.8817,1,0
FYLG.US,D,20230718,000000,24.02,24.02,24.02,24.02,71,0
FYLG.US,D,20230719,000000,24.0802,24.0802,24.0802,24.0802,4,0
FYLG.US,D,20230720,000000,24.1624,24.1624,24.1624,24.1624,2,0
FYLG.US,D,20230721,000000,24.113,24.113,24.113,24.113,21,0
FYLG.US,D,20230724,000000,23.62,24.14,23.62,24.14,181,0
FYLG.US,D,20230725,000000,24.053,24.053,24.053,24.053,2,0
FYLG.US,D,20230726,000000,24.15,24.15,24.1387,24.1387,493,0
FYLG.US,D,20230727,000000,24.09,24.11,23.955,23.955,737,0
FYLG.US,D,20230728,000000,23.985,23.985,23.985,23.985,8,0
FYLG.US,D,20230731,000000,24.0438,24.0438,24.0438,24.0438,12,0
FYLG.US,D,20230801,000000,24.08,24.08,24.08,24.08,2,0
FYLG.US,D,20230802,000000,23.9344,23.9344,23.9344,23.9344,237,0
FYLG.US,D,20230803,000000,23.9542,23.9542,23.9542,23.9542,5,0
FYLG.US,D,20230804,000000,23.8801,23.8801,23.8801,23.8801,8,0
FYLG.US,D,20230807,000000,24.136,24.136,24.136,24.136,14,0
FYLG.US,D,20230808,000000,23.8512,23.9973,23.8512,23.9973,407,0
FYLG.US,D,20230809,000000,23.8626,23.8626,23.8626,23.8626,6,0
FYLG.US,D,20230810,000000,24.075,24.075,23.895,23.895,239,0
FYLG.US,D,20230811,000000,23.95,23.95,23.9077,23.9077,187,0
FYLG.US,D,20230814,000000,23.8887,23.8887,23.8887,23.8887,100,0
FYLG.US,D,20230815,000000,23.55,23.55,23.55,23.55,65,0
FYLG.US,D,20230816,000000,23.5048,23.5048,23.5048,23.5048,2,0
FYLG.US,D,20230817,000000,23.6,23.6,23.3935,23.3935,572,0
FYLG.US,D,20230818,000000,23.372,23.372,23.372,23.372,72,0
FYLG.US,D,20230821,000000,23.2644,23.2644,23.2644,23.2644,129,0
FYLG.US,D,20230822,000000,23.11,23.11,23.11,23.11,88,0
FYLG.US,D,20230823,000000,23.155,23.2634,23.155,23.2634,172,0
FYLG.US,D,20230824,000000,23.2784,23.2784,23.2784,23.2784,245,0
FYLG.US,D,20230825,000000,23.33,23.33,23.33,23.33,1,0
FYLG.US,D,20230828,000000,23.435,23.435,23.435,23.435,83,0
FYLG.US,D,20230829,000000,23.5831,23.5831,23.5831,23.5831,4,0
FYLG.US,D,20230830,000000,23.62,23.62,23.62,23.62,30,0
FYLG.US,D,20230831,000000,23.5783,23.5783,23.5783,23.5783,132,0
FYLG.US,D,20230901,000000,23.7,23.7,23.7,23.7,15,0
FYLG.US,D,20230905,000000,23.58,23.58,23.58,23.58,79,0
FYLG.US,D,20230906,000000,23.5535,23.5535,23.5535,23.5535,106,0
FYLG.US,D,20230907,000000,23.5309,23.5309,23.5309,23.5309,23,0
FYLG.US,D,20230908,000000,23.5694,23.5694,23.5694,23.5694,2,0
FYLG.US,D,20230911,000000,23.63,23.63,23.63,23.63,44,0
FYLG.US,D,20230912,000000,23.7,23.7593,23.7,23.7593,164,0
FYLG.US,D,20230913,000000,23.7439,23.7439,23.7439,23.7439,51,0
FYLG.US,D,20230914,000000,23.8,23.8669,23.7201,23.8669,266,0
FYLG.US,D,20230915,000000,23.76,23.76,23.76,23.76,7,0
FYLG.US,D,20230918,000000,23.6663,23.6663,23.6663,23.6663,55,0
FYLG.US,D,20230919,000000,23.7281,23.7281,23.7281,23.7281,12,0
FYLG.US,D,20230920,000000,23.6091,23.6091,23.6091,23.6091,93,0
FYLG.US,D,20230921,000000,23.2858,23.2858,23.2858,23.2858,52,0
FYLG.US,D,20230922,000000,23.1379,23.1379,23.1379,23.1379,5,0
FYLG.US,D,20230925,000000,23.1481,23.1481,23.1481,23.1481,21,0
FYLG.US,D,20230926,000000,22.8723,22.8723,22.8723,22.8723,154,0
FYLG.US,D,20230927,000000,22.815,22.815,22.815,22.815,43,0
FYLG.US,D,20230928,000000,22.9671,22.9671,22.9671,22.9671,1,0
FYLG.US,D,20230929,000000,22.7916,22.7916,22.7916,22.7916,22,0
FYLG.US,D,20231002,000000,22.65,22.65,22.6009,22.6009,149,0
FYLG.US,D,20231003,000000,22.48,22.48,22.2167,22.2167,307,0
FYLG.US,D,20231004,000000,22.4234,22.4234,22.4234,22.4234,9,0
FYLG.US,D,20231005,000000,22.33,22.5245,22.33,22.5245,130,0
FYLG.US,D,20231006,000000,22.727,22.727,22.727,22.727,67,0
FYLG.US,D,20231009,000000,22.6982,22.6982,22.6982,22.6982,65,0
FYLG.US,D,20231010,000000,22.885,22.885,22.885,22.885,46,0
FYLG.US,D,20231011,000000,22.9102,22.9102,22.9102,22.9102,9,0
FYLG.US,D,20231012,000000,22.77,22.77,22.77,22.77,9,0
FYLG.US,D,20231013,000000,22.8055,22.8055,22.8055,22.8055,6,0
FYLG.US,D,20231016,000000,23.0663,23.0663,23.0663,23.0663,5,0
FYLG.US,D,20231017,000000,23.1514,23.1514,23.1514,23.1514,10,0
FYLG.US,D,20231018,000000,22.8601,22.8601,22.7795,22.7795,177,0
FYLG.US,D,20231019,000000,22.5109,22.5109,22.5109,22.5109,19,0
FYLG.US,D,20231020,000000,22.2771,22.2771,22.2771,22.2771,105,0
FYLG.US,D,20231023,000000,22.2088,22.2088,22.0477,22.0477,555,0
FYLG.US,D,20231024,000000,22.1883,22.1883,22.1883,22.1883,3,0
FYLG.US,D,20231025,000000,22.1143,22.1143,22.1143,22.1143,1,0
FYLG.US,D,20231026,000000,22.0782,22.0782,22.0782,22.0782,77,0
FYLG.US,D,20231027,000000,21.7221,21.7221,21.7221,21.7221,43,0
FYLG.US,D,20231030,000000,22.0746,22.0746,22.0746,22.0746,70,0
FYLG.US,D,20231031,000000,22.2819,22.2819,22.2819,22.2819,4,0
FYLG.US,D,20231101,000000,22.4227,22.4227,22.4227,22.4227,65,0
FYLG.US,D,20231102,000000,22.8343,22.8343,22.8343,22.8343,61,0
FYLG.US,D,20231103,000000,23.0308,23.0308,23.0308,23.0308,65,0
FYLG.US,D,20231106,000000,22.9823,22.9823,22.9823,22.9823,11,0
FYLG.US,D,20231107,000000,22.9686,22.9686,22.9686,22.9686,1,0
FYLG.US,D,20231108,000000,23.0044,23.0044,23.0044,23.0044,75,0
FYLG.US,D,20231109,000000,22.9497,22.9497,22.9497,22.9497,2,0
FYLG.US,D,20231110,000000,23.115,23.115,23.115,23.115,29,0
FYLG.US,D,20231113,000000,23.1,23.1,23.1,23.1,4,0
FYLG.US,D,20231114,000000,23.3934,23.3934,23.3158,23.3158,300,0
FYLG.US,D,20231115,000000,23.3936,23.3936,23.3936,23.3936,5,0
FYLG.US,D,20231116,000000,23.42,23.4316,23.42,23.4316,303,0
FYLG.US,D,20231117,000000,23.5174,23.5174,23.5174,23.5174,10,0
FYLG.US,D,20231120,000000,23.51,23.51,23.51,23.51,8,0
FYLG.US,D,20231121,000000,23.57,23.57,23.5478,23.5478,572,0
FYLG.US,D,20231122,000000,23.6111,23.6111,23.6111,23.6111,82,0
FYLG.US,D,20231124,000000,23.6601,23.6601,23.6601,23.6601,3,0
FYLG.US,D,20231127,000000,23.6165,23.6165,23.6165,23.6165,5,0
FYLG.US,D,20231128,000000,23.6413,23.6413,23.63,23.63,216,0
FYLG.US,D,20231129,000000,23.7254,23.76,23.7254,23.7301,308,0
FYLG.US,D,20231130,000000,23.82,23.8884,23.82,23.8884,336,0
FYLG.US,D,20231201,000000,23.9901,23.9901,23.9901,23.9901,9,0
FYLG.US,D,20231204,000000,23.96,23.9901,23.96,23.9901,565,0
FYLG.US,D,20231205,000000,23.9183,23.9183,23.9183,23.9183,14,0
FYLG.US,D,20231206,000000,23.8689,23.8689,23.8689,23.8689,19,0
FYLG.US,D,20231207,000000,23.94,23.94,23.94,23.94,3,0
FYLG.US,D,20231208,000000,24.0072,24.0072,24.0072,24.0072,75,0
FYLG.US,D,20231211,000000,24.1,24.1,24.1,24.1,7,0
FYLG.US,D,20231212,000000,24.205,24.205,24.205,24.205,6,0
FYLG.US,D,20231213,000000,24.23,24.4012,24.2135,24.4012,302,0
FYLG.US,D,20231214,000000,24.5076,24.53,24.5076,24.53,172,0
FYLG.US,D,20231215,000000,24.4537,24.4537,24.4537,24.4537,30,0
FYLG.US,D,20231218,000000,24.5073,24.5073,24.5073,24.5073,9,0
FYLG.US,D,20231219,000000,24.6374,24.6374,24.6374,24.6374,50,0
FYLG.US,D,20231220,000000,24.3077,24.3077,24.3077,24.3077,18,0
FYLG.US,D,20231221,000000,24.4894,24.4894,24.4894,24.4894,7,0
FYLG.US,D,20231222,000000,24.5349,24.5349,24.5349,24.5349,55,0
FYLG.US,D,20231226,000000,24.6249,24.6249,24.6249,24.6249,18,0
FYLG.US,D,20231227,000000,24.635,24.6452,24.57,24.6452,6598,0
FYLG.US,D,20231228,000000,24.6629,24.6629,24.6629,24.6629,6,0
FYLG.US,D,20231229,000000,24.6442,24.6442,24.6442,24.6442,15,0
FYLG.US,D,20240102,000000,24.6754,24.6754,24.6754,24.6754,84,0
FYLG.US,D,20240103,000000,24.5827,24.5827,24.5827,24.5827,3,0
FYLG.US,D,20240104,000000,24.71,24.71,24.6497,24.6497,148,0
FYLG.US,D,20240105,000000,24.757,24.757,24.757,24.757,4,0
FYLG.US,D,20240108,000000,24.8849,24.8849,24.8849,24.8849,72,0
FYLG.US,D,20240109,000000,24.7667,24.7667,24.7667,24.7667,99,0
FYLG.US,D,20240110,000000,24.7926,24.7926,24.7926,24.7926,15,0
FYLG.US,D,20240111,000000,24.7359,24.7359,24.7359,24.7359,43,0
FYLG.US,D,20240112,000000,24.6993,24.6993,24.6993,24.6993,7,0
FYLG.US,D,20240116,000000,24.5469,24.5469,24.5469,24.5469,126,0
FYLG.US,D,20240117,000000,24.5112,24.5112,24.5112,24.5112,1,0
FYLG.US,D,20240118,000000,24.5638,24.5638,24.5638,24.5638,24,0
FYLG.US,D,20240119,000000,24.7853,24.7853,24.7853,24.7853,56,0
FYLG.US,D,20240122,000000,24.767,24.8299,24.7435,24.7435,347,0
FYLG.US,D,20240123,000000,24.8251,24.8251,24.7643,24.7643,121,0
FYLG.US,D,20240124,000000,24.7783,24.8306,24.7783,24.8306,186,0
FYLG.US,D,20240125,000000,24.9048,24.9048,24.9048,24.9048,3,0
FYLG.US,D,20240126,000000,24.9495,24.9495,24.9495,24.9495,9,0
FYLG.US,D,20240129,000000,24.9894,24.9894,24.9894,24.9894,47,0
FYLG.US,D,20240130,000000,25.1486,25.1486,25.1097,25.1097,114,0
FYLG.US,D,20240131,000000,25.11,25.11,25.013,25.013,242,0
FYLG.US,D,20240201,000000,25.0086,25.0086,25.0086,25.0086,1,0
FYLG.US,D,20240202,000000,25.1065,25.1065,25.1065,25.1065,32,0
FYLG.US,D,20240205,000000,25.0254,25.0254,25.0254,25.0254,24,0
FYLG.US,D,20240206,000000,25.0527,25.0527,25.0527,25.0527,43,0
FYLG.US,D,20240207,000000,25.1347,25.1347,25.1347,25.1347,18,0
FYLG.US,D,20240208,000000,25.0841,25.0841,25.0841,25.0841,8,0
FYLG.US,D,20240209,000000,25.1394,25.1394,25.1394,25.1394,76,0
FYLG.US,D,20240212,000000,25.196,25.196,25.196,25.196,28,0
FYLG.US,D,20240213,000000,25.0202,25.0202,25.0202,25.0202,10,0
FYLG.US,D,20240214,000000,25.1386,25.1461,25.1386,25.1461,385,0
FYLG.US,D,20240215,000000,25.3765,25.3765,25.3765,25.3765,7,0
FYLG.US,D,20240216,000000,25.3193,25.3193,25.3193,25.3193,125,0
FYLG.US,D,20240220,000000,25.1592,25.1592,25.1592,25.1592,15,0
FYLG.US,D,20240221,000000,25.2358,25.2358,25.2358,25.2358,111,0
FYLG.US,D,20240222,000000,25.5157,25.5157,25.5157,25.5157,78,0
FYLG.US,D,20240223,000000,25.5778,25.5778,25.5778,25.5778,2,0
FYLG.US,D,20240226,000000,25.5058,25.5058,25.5058,25.5058,32,0
FYLG.US,D,20240227,000000,25.5486,25.5486,25.5486,25.5486,11,0
FYLG.US,D,20240228,000000,25.655,25.72,25.6042,25.6042,1538,0
FYLG.US,D,20240229,000000,25.23,25.6479,25.23,25.6479,176,0
FYLG.US,D,20240301,000000,25.6086,25.6086,25.6086,25.6086,221,0
FYLG.US,D,20240304,000000,25.6437,25.6437,25.6437,25.6437,46,0
FYLG.US,D,20240305,000000,25.6641,25.6641,25.6641,25.6641,117,0
FYLG.US,D,20240306,000000,25.7489,25.7489,25.7489,25.7489,59,0
FYLG.US,D,20240307,000000,25.73,25.73,25.7287,25.7287,162,0
FYLG.US,D,20240308,000000,25.7677,25.7677,25.7677,25.7677,28,0
FYLG.US,D,20240311,000000,25.8028,25.8028,25.8028,25.8028,86,0
FYLG.US,D,20240312,000000,25.895,25.895,25.895,25.895,1,0
FYLG.US,D,20240313,000000,25.9613,25.9613,25.9613,25.9613,40,0
FYLG.US,D,20240314,000000,25.8685,25.8685,25.8685,25.8685,52,0
FYLG.US,D,20240315,000000,25.8663,25.8663,25.8663,25.8663,12,0
FYLG.US,D,20240318,000000,25.8705,25.8705,25.8705,25.8705,22,0
FYLG.US,D,20240319,000000,25.982,25.982,25.982,25.982,30,0
FYLG.US,D,20240320,000000,26.1288,26.19,26.11,26.19,494,0
FYLG.US,D,20240321,000000,26.3579,26.3579,26.3579,26.3579,107,0
FYLG.US,D,20240322,000000,26.1745,26.1745,26.1745,26.1745,6,0
FYLG.US,D,20240325,000000,26.0984,26.0984,26.0984,26.0984,23,0
FYLG.US,D,20240326,000000,26.1534,26.1534,26.1534,26.1534,15,0
FYLG.US,D,20240327,000000,26.27,26.3599,26.236,26.3483,17451,0
FYLG.US,D,20240328,000000,26.426,26.55,26.426,26.4627,6512,0
FYLG.US,D,20240401,000000,26.3615,26.3615,26.3615,26.3615,40,0
FYLG.US,D,20240402,000000,26.2807,26.2807,26.2807,26.2807,1,0
FYLG.US,D,20240403,000000,26.41,26.41,26.2834,26.2834,1673,0
FYLG.US,D,20240404,000000,26.0928,26.0928,26.0928,26.0928,1,0
FYLG.US,D,20240405,000000,26.2549,26.2549,26.2549,26.2549,10,0
FYLG.US,D,20240408,000000,26.3235,26.3235,26.3235,26.3235,57,0
FYLG.US,D,20240409,000000,26.3,26.33,26.2314,26.2314,344,0
FYLG.US,D,20240410,000000,25.9976,25.9976,25.9976,25.9976,7,0
FYLG.US,D,20240411,000000,25.89,25.95,25.85,25.9023,1161,0
FYLG.US,D,20240412,000000,25.5397,25.5397,25.5397,25.5397,29,0
FYLG.US,D,20240415,000000,25.452,25.452,25.452,25.452,178,0
FYLG.US,D,20240416,000000,25.36,25.36,25.3216,25.3216,233,0
FYLG.US,D,20240417,000000,25.3742,25.3742,25.3742,25.3742,241,0
FYLG.US,D,20240418,000000,25.4409,25.4409,25.4409,25.4409,127,0
FYLG.US,D,20240419,000000,25.71,25.71,25.71,25.71,196,0
FYLG.US,D,20240422,000000,25.7704,25.7704,25.7704,25.7704,6,0
FYLG.US,D,20240423,000000,25.8817,25.8817,25.8817,25.8817,2,0
FYLG.US,D,20240424,000000,25.8993,25.8993,25.8993,25.8993,1,0
FYLG.US,D,20240425,000000,25.6855,25.8184,25.6855,25.8184,197,0
FYLG.US,D,20240426,000000,25.92,25.92,25.8,25.8,114,0
FYLG.US,D,20240429,000000,25.7682,25.7682,25.7682,25.7682,6,0
FYLG.US,D,20240430,000000,25.6375,25.6375,25.6375,25.6375,21,0
FYLG.US,D,20240501,000000,25.6325,25.6325,25.6325,25.6325,23,0
FYLG.US,D,20240502,000000,25.6585,25.6585,25.6585,25.6585,29,0
FYLG.US,D,20240503,000000,25.7481,25.7481,25.7481,25.7481,1,0
FYLG.US,D,20240506,000000,25.9252,25.9252,25.9252,25.9252,4,0
FYLG.US,D,20240507,000000,25.91,25.9866,25.91,25.9866,227,0
FYLG.US,D,20240508,000000,26.0596,26.0596,26.0596,26.0596,70,0
FYLG.US,D,20240509,000000,26.155,26.155,26.155,26.155,45,0
FYLG.US,D,20240510,000000,26.2226,26.2226,26.2226,26.2226,31,0
FYLG.US,D,20240513,000000,26.1703,26.1703,26.1703,26.1703,13,0
FYLG.US,D,20240514,000000,26.2397,26.2397,26.2397,26.2397,1,0
FYLG.US,D,20240515,000000,26.38,26.4,26.3373,26.3373,5264,0
FYLG.US,D,20240516,000000,26.45,26.49,26.3707,26.3707,258,0
FYLG.US,D,20240517,000000,26.467,26.467,26.467,26.467,46,0
FYLG.US,D,20240520,000000,26.4,26.4,26.0929,26.0929,1148,0
FYLG.US,D,20240521,000000,26.1945,26.1945,26.1945,26.1945,3,0
FYLG.US,D,20240522,000000,26.0874,26.0874,26.0874,26.0874,1,0
FYLG.US,D,20240523,000000,25.7936,25.7936,25.7936,25.7936,7,0
FYLG.US,D,20240524,000000,25.9346,25.9346,25.9346,25.9346,32,0
FYLG.US,D,20240528,000000,25.7087,25.7087,25.7087,25.7087,46,0
FYLG.US,D,20240529,000000,25.5323,25.5323,25.5323,25.5323,60,0
FYLG.US,D,20240530,000000,25.6592,25.6592,25.6592,25.6592,93,0
FYLG.US,D,20240531,000000,25.9653,25.9653,25.9653,25.9653,16,0
FYLG.US,D,20240603,000000,25.8413,25.8413,25.8413,25.8413,2,0
FYLG.US,D,20240604,000000,25.7546,25.7546,25.7546,25.7546,2,0
FYLG.US,D,20240605,000000,25.8138,25.8138,25.8138,25.8138,2,0
FYLG.US,D,20240606,000000,25.8077,25.8077,25.8077,25.8077,5,0
FYLG.US,D,20240607,000000,25.9389,25.9389,25.9389,25.9389,2,0
FYLG.US,D,20240610,000000,25.71,25.86,25.61,25.74,3810,0
FYLG.US,D,20240611,000000,25.5496,25.5496,25.5496,25.5496,1,0
FYLG.US,D,20240612,000000,25.6067,25.6067,25.6067,25.6067,20,0
FYLG.US,D,20240613,000000,25.5441,25.5441,25.5441,25.5441,22,0
FYLG.US,D,20240614,000000,25.4576,25.4576,25.4576,25.4576,11,0
FYLG.US,D,20240617,000000,25.6791,25.6791,25.6791,25.6791,11,0
FYLG.US,D,20240618,000000,25.8325,25.8325,25.8325,25.8325,3,0
FYLG.US,D,20240620,000000,25.9989,25.9989,25.9989,25.9989,18,0
FYLG.US,D,20240621,000000,25.9593,25.9593,25.9593,25.9593,78,0
FYLG.US,D,20240624,000000,25.9814,25.9814,25.9814,25.9814,2,0
FYLG.US,D,20240625,000000,25.8311,25.8311,25.8311,25.8311,77,0
FYLG.US,D,20240626,000000,25.62,25.7613,25.62,25.7613,150,0
FYLG.US,D,20240627,000000,25.7156,25.7156,25.7156,25.7156,3,0
FYLG.US,D,20240628,000000,25.7802,25.7802,25.7802,25.7802,4,0
FYLG.US,D,20240701,000000,25.78,25.8475,25.78,25.8475,208,0
FYLG.US,D,20240702,000000,26.0432,26.0432,26.0432,26.0432,21,0
FYLG.US,D,20240703,000000,26.0435,26.0435,26.0435,26.0435,6,0
FYLG.US,D,20240705,000000,26.0132,26.0132,26.0132,26.0132,257,0
FYLG.US,D,20240708,000000,25.985,25.985,25.985,25.985,12,0
FYLG.US,D,20240709,000000,26.105,26.105,26.105,26.105,3,0
FYLG.US,D,20240710,000000,25.98,26.1606,25.98,26.1606,256,0
FYLG.US,D,20240711,000000,26.299,26.299,26.299,26.299,3,0
FYLG.US,D,20240712,000000,26.3213,26.3213,26.3213,26.3213,83,0
FYLG.US,D,20240715,000000,26.5266,26.5266,26.5266,26.5266,1,0
FYLG.US,D,20240716,000000,26.7073,26.7073,26.7073,26.7073,116,0
FYLG.US,D,20240717,000000,26.8184,26.8184,26.8184,26.8184,23,0
FYLG.US,D,20240718,000000,26.74,26.7488,26.6681,26.6681,413,0
FYLG.US,D,20240719,000000,26.3616,26.3616,26.3616,26.3616,20,0
FYLG.US,D,20240722,000000,26.4604,26.4604,26.4604,26.4604,12,0
FYLG.US,D,20240723,000000,26.4675,26.4675,26.4675,26.4675,67,0
FYLG.US,D,20240724,000000,26.41,26.41,26.1808,26.1808,162,0
FYLG.US,D,20240725,000000,26.28,26.2979,26.28,26.2979,265,0
FYLG.US,D,20240726,000000,26.37,26.595,26.37,26.595,183,0
FYLG.US,D,20240729,000000,26.5645,26.5645,26.5645,26.5645,87,0
FYLG.US,D,20240730,000000,26.8487,26.8487,26.8487,26.8487,1216,0
FYLG.US,D,20240731,000000,26.8178,26.8178,26.8178,26.8178,468,0
FYLG.US,D,20240801,000000,26.4566,26.4566,26.4566,26.4566,47,0
FYLG.US,D,20240802,000000,25.8448,25.8448,25.8448,25.8448,8,0
FYLG.US,D,20240805,000000,25.141,25.141,25.141,25.141,27,0
FYLG.US,D,20240806,000000,25.5604,25.5604,25.5604,25.5604,190,0
FYLG.US,D,20240807,000000,25.5479,25.5479,25.5479,25.5479,1,0
FYLG.US,D,20240808,000000,25.9724,25.9724,25.9724,25.9724,11,0
FYLG.US,D,20240809,000000,26.11,26.11,26.0722,26.0722,215,0
FYLG.US,D,20240812,000000,25.9214,25.9214,25.9214,25.9214,84,0
FYLG.US,D,20240813,000000,26.166,26.166,26.166,26.166,828,0
FYLG.US,D,20240814,000000,26.5355,26.5355,26.5355,26.5355,96,0
FYLG.US,D,20240815,000000,26.86,26.86,26.7365,26.7365,1210,0
FYLG.US,D,20240816,000000,26.78,26.8412,26.78,26.8412,189,0
FYLG.US,D,20240819,000000,26.7731,26.7731,26.7731,26.7731,74,0
FYLG.US,D,20240820,000000,26.7263,26.7263,26.7263,26.7263,2,0
FYLG.US,D,20240821,000000,26.7157,26.7157,26.7157,26.7157,24,0
FYLG.US,D,20240822,000000,26.7675,26.7675,26.7675,26.7675,94,0
FYLG.US,D,20240823,000000,26.9497,26.9497,26.9497,26.9497,6,0
FYLG.US,D,20240826,000000,26.9899,26.9899,26.9899,26.9899,102,0
FYLG.US,D,20240827,000000,27.0869,27.0869,27.0869,27.0869,12,0
FYLG.US,D,20240828,000000,27.24,27.24,27.1404,27.1404,431,0
FYLG.US,D,20240829,000000,27.3,27.3,27.2551,27.265,544,0
FYLG.US,D,20240830,000000,27.42,27.4297,27.3809,27.4297,3662,0
FYLG.US,D,20240903,000000,27.34,27.34,27.287,27.287,168,0
FYLG.US,D,20240904,000000,27.3612,27.3612,27.3612,27.3612,131,0
FYLG.US,D,20240905,000000,27.18,27.18,27.1698,27.1698,276,0
FYLG.US,D,20240906,000000,27.13,27.13,26.9245,26.9245,131,0
FYLG.US,D,20240909,000000,27.2087,27.2087,27.2087,27.2087,21,0
FYLG.US,D,20240910,000000,27.02,27.12,27.0186,27.0186,1052,0
FYLG.US,D,20240911,000000,26.91,26.9694,26.87,26.9694,2174,0
FYLG.US,D,20240912,000000,26.9925,26.9925,26.9925,26.9925,6,0
FYLG.US,D,20240913,000000,27.0684,27.0684,27.0684,27.0684,25,0
FYLG.US,D,20240916,000000,27.31,27.34,27.252,27.252,1019,0
FYLG.US,D,20240917,000000,27.322,27.322,27.322,27.322,11,0
FYLG.US,D,20240918,000000,27.19,27.39,27.19,27.3075,4393,0
FYLG.US,D,20240919,000000,27.57,27.57,27.4609,27.4609,402,0
FYLG.US,D,20240920,000000,27.3645,27.3645,27.3645,27.3645,20,0
FYLG.US,D,20240923,000000,27.31,27.32,27.26,27.26,226,0
FYLG.US,D,20240924,000000,27.0983,27.0983,27.0983,27.0983,27,0
FYLG.US,D,20240925,000000,27.09,27.09,26.9838,26.9838,153,0
FYLG.US,D,20240926,000000,27.23,27.25,27.1249,27.1249,387,0
FYLG.US,D,20240927,000000,27.205,27.205,27.205,27.205,3,0
FYLG.US,D,20240930,000000,27.23,27.275,27.23,27.275,184,0
FYLG.US,D,20241001,000000,27.14,27.14,27.14,27.14,11,0
FYLG.US,D,20241002,000000,27.1587,27.1587,27.1587,27.1587,6,0
FYLG.US,D,20241003,000000,27.0577,27.0577,27.0577,27.0577,35,0
FYLG.US,D,20241004,000000,27.46,27.48,27.46,27.48,216,0
FYLG.US,D,20241007,000000,27.22,27.22,27.208,27.208,219,0
FYLG.US,D,20241008,000000,27.3597,27.3597,27.3597,27.3597,94,0
FYLG.US,D,20241009,000000,27.5635,27.5635,27.5635,27.5635,8,0
FYLG.US,D,20241010,000000,27.54,27.54,27.475,27.475,6461,0
FYLG.US,D,20241011,000000,27.98,28.02,27.9099,27.9099,3959,0
FYLG.US,D,20241014,000000,28.09,28.11,28.005,28.005,2917,0
FYLG.US,D,20241015,000000,28.0434,28.0434,28.0434,28.0434,6,0
FYLG.US,D,20241016,000000,28.28,28.28,28.2254,28.2254,123,0
FYLG.US,D,20241017,000000,28.315,28.315,28.315,28.315,7,0
FYLG.US,D,20241018,000000,28.3,28.3,28.25,28.2995,869,0
FYLG.US,D,20241021,000000,28.11,28.11,27.9214,27.9314,2279,0
FYLG.US,D,20241022,000000,27.9071,28.03,27.9071,27.9343,755,0
FYLG.US,D,20241023,000000,27.8876,27.8876,27.8876,27.8876,159,0
FYLG.US,D,20241024,000000,27.9143,27.9143,27.9143,27.9143,24,0
FYLG.US,D,20241025,000000,27.654,27.654,27.654,27.654,293,0
FYLG.US,D,20241028,000000,27.9241,27.9241,27.9241,27.9241,32,0
FYLG.US,D,20241029,000000,27.8379,27.8379,27.8013,27.8013,219,0
FYLG.US,D,20241030,000000,27.8964,27.8964,27.8964,27.8964,12,0
FYLG.US,D,20241031,000000,27.6367,27.6367,27.6367,27.6367,2,0
FYLG.US,D,20241101,000000,27.9299,27.9299,27.9299,27.9299,903,0
FYLG.US,D,20241104,000000,27.47,27.47,27.34,27.4547,2758,0
FYLG.US,D,20241105,000000,27.7071,27.7071,27.7071,27.7071,76,0
FYLG.US,D,20241106,000000,28.66,28.9938,28.6412,28.9938,990,0
FYLG.US,D,20241107,000000,28.7457,28.7457,28.7457,28.7457,23,0
FYLG.US,D,20241108,000000,28.8925,28.8925,28.8925,28.8925,31,0
FYLG.US,D,20241111,000000,29.1562,29.1562,29.1105,29.1105,141,0
FYLG.US,D,20241112,000000,29.0949,29.17,29.07,29.0756,1945,0
FYLG.US,D,20241115,000000,29.12,29.1591,29.12,29.1591,4398,0
FYLG.US,D,20241118,000000,29.0713,29.0713,29.071,29.071,193,0
FYLG.US,D,20241119,000000,28.9111,29.04,28.9111,29.04,457,0
FYLG.US,D,20241121,000000,29.215,29.215,29.1739,29.1739,261,0
FYLG.US,D,20241126,000000,29.56,29.62,29.56,29.62,2030,0
FYLG.US,D,20241203,000000,29.5,29.5,29.376,29.376,103,0
FYLG.US,D,20241204,000000,29.2979,29.35,29.2979,29.3154,350,0
FYLG.US,D,20241206,000000,29.44,29.44,29.3836,29.3836,231,0
FYLG.US,D,20241210,000000,29.18,29.18,29.0695,29.0695,397,0
FYLG.US,D,20241216,000000,29.025,29.025,29.0248,29.0248,306,0
FYLG.US,D,20241218,000000,28.875,28.875,27.92,27.9495,783,0
FYLG.US,D,20241219,000000,28.2,28.2,28.1141,28.1141,300,0
FYLG.US,D,20241223,000000,28.3672,28.535,28.3672,28.535,1103,0
FYLG.US,D,20241224,000000,28.5,28.76,28.5,28.7568,834,0
FYLG.US,D,20241226,000000,28.9,28.9,28.8195,28.8195,1351,0
FYLG.US,D,20241227,000000,28.78,28.78,28.59,28.6749,2583,0
FYLG.US,D,20241231,000000,28.455,28.455,28.345,28.3678,489,0
FYLG.US,D,20250106,000000,28.6354,28.6354,28.4602,28.4602,944,0
FYLG.US,D,20250108,000000,28.56,28.56,28.5,28.5,220,0
FYLG.US,D,20250110,000000,28,28,27.9988,27.9988,648,0
FYLG.US,D,20250113,000000,27.99,28.2065,27.99,28.2065,324,0
FYLG.US,D,20250115,000000,28.93,28.94,28.9299,28.94,609,0
FYLG.US,D,20250116,000000,29.04,29.04,29,29,450,0
FYLG.US,D,20250117,000000,29.22,29.31,29.22,29.2621,1261,0
FYLG.US,D,20250121,000000,29.34,29.34,29.2149,29.2751,683,0
FYLG.US,D,20250122,000000,29.1301,29.2247,29.1301,29.2247,511,0
FYLG.US,D,20250123,000000,29.2443,29.3234,29.2443,29.3234,412,0
FYLG.US,D,20250128,000000,29.47,29.65,29.43,29.5802,1133,0
FYLG.US,D,20250129,000000,29.7158,29.72,29.5429,29.5429,2581,0
FYLG.US,D,20250130,000000,29.59,29.86,29.59,29.7532,508,0
FYLG.US,D,20250131,000000,29.73,29.7699,29.6921,29.6921,1156,0
FYLG.US,D,20250203,000000,29.52,29.5594,29.46,29.5594,6893,0
FYLG.US,D,20250204,000000,29.5481,29.61,29.5481,29.55,506,0
FYLG.US,D,20250207,000000,29.9,29.9,29.79,29.79,1308,0
FYLG.US,D,20250210,000000,29.71,29.75,29.6503,29.655,1140,0
FYLG.US,D,20250211,000000,29.72,29.72,29.645,29.645,259,0
FYLG.US,D,20250212,000000,29.6579,29.6579,29.64,29.6501,553,0
FYLG.US,D,20250214,000000,29.7199,29.72,29.625,29.625,632,0
