<TICKER>,<PER>,<DATE>,<TIME>,<OPEN>,<HIGH>,<LOW>,<CLOSE>,<VOL>,<OPENINT>
GDVD.US,D,20220404,000000,24.5028,24.7365,24.5028,24.7365,4169.2788987866,0
GDVD.US,D,20220405,000000,24.8005,24.8005,24.4631,24.5004,8240.7773204983,0
GDVD.US,D,20220406,000000,24.4533,24.4533,24.2489,24.343,22524.791342695,0
GDVD.US,D,20220407,000000,24.3342,24.4433,24.235,24.4328,5627.9216856687,0
GDVD.US,D,20220408,000000,24.4631,24.5822,24.4234,24.4395,3502.9603900589,0
GDVD.US,D,20220411,000000,24.3937,24.4136,24.2253,24.2253,2322.5383420707,0
GDVD.US,D,20220412,000000,24.3937,26.1496,23.8581,24.1436,15599.514255011,0
GDVD.US,D,20220413,000000,24.1656,24.3739,24.1457,24.2777,12393.927480799,0
GDVD.US,D,20220414,000000,24.4036,24.4036,24.2747,24.2747,14050.147314141,0
GDVD.US,D,20220418,000000,24.0961,24.1656,24.0238,24.0247,6447.4632100192,0
GDVD.US,D,20220419,000000,24.0862,24.245,24.0762,24.245,17288.999611482,0
GDVD.US,D,20220420,000000,24.3739,24.4433,24.245,24.3165,13501.770205597,0
GDVD.US,D,20220421,000000,24.483,24.4929,24.0171,24.0171,10109.694892633,0
GDVD.US,D,20220422,000000,24.1259,24.1259,23.6014,23.6014,5676.3079011285,0
GDVD.US,D,20220425,000000,23.3025,23.3521,23.3025,23.3125,1875.9738952229,0
GDVD.US,D,20220426,000000,23.372,23.372,23.0623,23.0623,3437.4373899571,0
GDVD.US,D,20220427,000000,23.3125,23.3521,23.1237,23.1237,5602.7205317834,0
GDVD.US,D,20220428,000000,23.3025,23.5803,23.1636,23.4943,2777.1671581618,0
GDVD.US,D,20220429,000000,23.4612,23.4612,23.0415,23.0415,1455.6186484158,0
GDVD.US,D,20220502,000000,22.8779,23.0347,22.866,22.9721,4835.5974075144,0
GDVD.US,D,20220503,000000,23.1565,23.1565,23.1565,23.1565,171.36784642015,0
GDVD.US,D,20220504,000000,23.233,23.6967,23.1884,23.6967,2320.5222497599,0
GDVD.US,D,20220505,000000,23.2529,23.2529,22.9751,23.0976,8439.3624131145,0
GDVD.US,D,20220506,000000,22.8164,22.8419,22.7965,22.8419,1614.889940971,0
GDVD.US,D,20220509,000000,22.5188,22.5188,22.2787,22.2787,614.9081548017,0
GDVD.US,D,20220510,000000,22.3403,22.3501,22.2614,22.2614,586.68286245015,0
GDVD.US,D,20220511,000000,22.5188,22.5188,22.1026,22.1026,622.97252404501,0
GDVD.US,D,20220512,000000,21.9633,22.0808,21.9236,22.0808,1536.2623408488,0
GDVD.US,D,20220513,000000,22.4792,22.5665,22.4792,22.5665,377.00926212432,0
GDVD.US,D,20220516,000000,22.6576,22.6576,22.5778,22.5778,103.8287540075,0
GDVD.US,D,20220517,000000,22.8245,22.9653,22.8164,22.9183,15170.086592805,0
GDVD.US,D,20220518,000000,22.5634,22.5634,22.1708,22.1708,358.8644313269,0
GDVD.US,D,20220519,000000,22.0426,22.0955,22.0426,22.0955,1050.38409394,0
GDVD.US,D,20220520,000000,22.2702,22.2702,22.2702,22.2702,129.02990789282,0
GDVD.US,D,20220523,000000,22.5918,22.5918,22.5918,22.5918,107.86093862915,0
GDVD.US,D,20220524,000000,22.5805,22.5805,22.5805,22.5805,756.03461655947,0
GDVD.US,D,20220525,000000,22.5585,22.7172,22.5585,22.7041,428.41961605037,0
GDVD.US,D,20220526,000000,23.0058,23.0058,23.0058,23.0058,10.080461554126,0
GDVD.US,D,20220527,000000,23.2706,23.2706,23.2706,23.2706,51.410353926044,0
GDVD.US,D,20220531,000000,23.1736,23.3125,23.1736,23.1899,656.23804717362,0
GDVD.US,D,20220601,000000,22.9156,23.0049,22.8759,22.9905,705.63230878884,0
GDVD.US,D,20220602,000000,22.9653,23.2647,22.9653,23.2647,763.09093964736,0
GDVD.US,D,20220603,000000,23.1537,23.1537,23.072,23.072,154.23106177813,0
GDVD.US,D,20220606,000000,23.243,23.243,23.1038,23.1038,211.68969263665,0
GDVD.US,D,20220607,000000,23.1239,23.2182,23.114,23.2182,252.01153885316,0
GDVD.US,D,20220608,000000,23.1834,23.1834,23.0098,23.0098,606.8437855584,0
GDVD.US,D,20220609,000000,22.866,22.866,22.5735,22.5735,867.92773981027,0
GDVD.US,D,20220610,000000,22.3204,22.3204,22.1121,22.1145,372.97707750267,0
GDVD.US,D,20220613,000000,21.5367,21.5367,21.4048,21.4048,404.22650832046,0
GDVD.US,D,20220614,000000,21.3384,21.3384,21.2193,21.2293,474.78973919935,0
GDVD.US,D,20220615,000000,21.4078,21.4845,21.4078,21.4845,211.68969263665,0
GDVD.US,D,20220616,000000,21.0506,21.0506,20.9565,20.9565,218.74601572454,0
GDVD.US,D,20220617,000000,21.1201,21.1201,20.9482,20.9482,323.58281588745,0
GDVD.US,D,20220621,000000,21.4176,21.4176,21.3423,21.3423,242.93912345444,0
GDVD.US,D,20220622,000000,21.153,21.2754,21.0694,21.2754,10193.362723533,0
GDVD.US,D,20220623,000000,21.2689,21.3287,21.2689,21.3287,134.07013866988,0
GDVD.US,D,20220624,000000,21.812,21.8608,21.812,21.8608,200.57775638,0
GDVD.US,D,20220627,000000,21.9566,22.0064,21.9274,21.9274,20380.705825772,0
GDVD.US,D,20220628,000000,22.1859,22.1859,21.6696,21.6696,7849.6104959313,0
GDVD.US,D,20220629,000000,21.6295,21.6295,21.6295,21.6295,1639.7231584065,0
GDVD.US,D,20220630,000000,21.4879,21.5876,21.4879,21.5876,202.5835339438,0
GDVD.US,D,20220701,000000,21.5976,21.7671,21.5976,21.7298,5816.75493502,0
GDVD.US,D,20220705,000000,21.5103,21.5103,21.5103,21.5103,50.144439095,0
GDVD.US,D,20220706,000000,21.6375,21.6375,21.5401,21.5401,303.8753009157,0
GDVD.US,D,20220707,000000,21.8456,21.8456,21.7983,21.7983,616.7766008685,0
GDVD.US,D,20220708,000000,21.9466,21.9466,21.7836,21.7836,6064.4684641493,0
GDVD.US,D,20220711,000000,21.6574,21.6574,21.5653,21.5653,603.7390467038,0
GDVD.US,D,20220712,000000,21.5068,21.5068,21.5068,21.5068,250.722195475,0
GDVD.US,D,20220713,000000,21.3882,21.5378,21.3583,21.514,437.2595089084,0
GDVD.US,D,20220714,000000,21.2486,21.4381,21.2486,21.4322,2331.7164179175,0
GDVD.US,D,20220715,000000,21.4878,21.6275,21.4181,21.5709,13652.324988005,0
GDVD.US,D,20220718,000000,21.6764,21.6864,21.5662,21.5662,4902.1203659272,0
GDVD.US,D,20220719,000000,21.9948,21.9948,21.9948,21.9948,208.6008666352,0
GDVD.US,D,20220720,000000,22.0862,22.0862,21.9776,21.9776,205.5922002895,0
GDVD.US,D,20220721,000000,22.0064,22.0546,22.0064,22.0546,609.7563793952,0
GDVD.US,D,20220722,000000,21.9528,21.9528,21.9528,21.9528,1.0028887819,0
GDVD.US,D,20220725,000000,22.0314,22.0314,22.0314,22.0314,52.1502166588,0
GDVD.US,D,20220726,000000,22.0386,22.0386,22.0386,22.0386,1.0028887819,0
GDVD.US,D,20220727,000000,22.156,22.338,22.0812,22.338,2346.759749646,0
GDVD.US,D,20220728,000000,22.4651,22.7272,22.4651,22.7272,441.271064036,0
GDVD.US,D,20220729,000000,22.8939,22.9038,22.8464,22.8464,597.7217140124,0
GDVD.US,D,20220801,000000,22.7857,22.7857,22.7837,22.7837,100.28887819,0
GDVD.US,D,20220802,000000,22.5218,22.5218,22.5218,22.5218,1.0028887819,0
GDVD.US,D,20220803,000000,22.5905,22.5905,22.5905,22.5905,151.4362060669,0
GDVD.US,D,20220804,000000,22.6061,22.6061,22.6061,22.6061,20.057775638,0
GDVD.US,D,20220805,000000,22.5222,22.5222,22.5222,22.5222,50.144439095,0
GDVD.US,D,20220808,000000,22.7243,22.7243,22.619,22.619,102.2946557538,0
GDVD.US,D,20220809,000000,22.5113,22.5113,22.5113,22.5113,1.0028887819,0
GDVD.US,D,20220810,000000,22.8939,23.0035,22.8939,22.9668,550.5859412631,0
GDVD.US,D,20220811,000000,23.0135,23.0135,23.0055,23.0055,101.2917669719,0
GDVD.US,D,20220812,000000,23.0732,23.1272,23.0732,23.1272,2031.8526721294,0
GDVD.US,D,20220815,000000,23.1571,23.1571,23.1571,23.1571,50.144439095,0
GDVD.US,D,20220816,000000,23.203,23.2215,23.203,23.2215,102.2946557538,0
GDVD.US,D,20220817,000000,23.0634,23.0801,23.0634,23.0801,100.28887819,0
GDVD.US,D,20220818,000000,23.0135,23.1431,23.0135,23.0734,11212.296581642,0
GDVD.US,D,20220819,000000,23.2728,23.2728,22.839,22.8444,3497.0731824853,0
GDVD.US,D,20220822,000000,22.6546,22.6546,22.5151,22.5151,253.7308618207,0
GDVD.US,D,20220823,000000,22.515,22.5249,22.4511,22.456,1783.1362542182,0
GDVD.US,D,20220824,000000,22.6047,22.6246,22.4352,22.6047,18291.688493074,0
GDVD.US,D,20220825,000000,22.6845,22.8739,22.6845,22.7746,5415.59942226,0
GDVD.US,D,20220826,000000,22.9637,22.9637,22.4501,22.4662,291.8406355329,0
GDVD.US,D,20220829,000000,22.146,22.2956,22.146,22.1965,1053.033220995,0
GDVD.US,D,20220830,000000,21.9354,21.9354,21.9354,21.9354,30.086663457,0
GDVD.US,D,20220831,000000,21.9765,21.9765,21.8319,21.8589,865.4930187797,0
GDVD.US,D,20220901,000000,21.7173,21.7173,21.7173,21.7173,604.7419354857,0
GDVD.US,D,20220902,000000,21.8868,21.8868,21.5375,21.5375,345.9966297555,0
GDVD.US,D,20220906,000000,21.5677,21.5677,21.5677,21.5677,479.3808377482,0
GDVD.US,D,20220907,000000,21.5737,21.8469,21.5737,21.8469,702.02214733,0
GDVD.US,D,20220908,000000,21.9176,21.9176,21.9176,21.9176,9.0259990371,0
GDVD.US,D,20220909,000000,22.2258,22.3754,22.2258,22.3255,12842.993741011,0
GDVD.US,D,20220912,000000,22.5463,22.5463,22.5463,22.5463,110.317766009,0
GDVD.US,D,20220913,000000,22.1261,22.1261,21.7771,21.7771,1947.6100144498,0
GDVD.US,D,20220914,000000,21.797,21.797,21.7658,21.7658,2405.9301877781,0
GDVD.US,D,20220915,000000,21.6774,21.6774,21.5278,21.5478,1559.4920558545,0
GDVD.US,D,20220916,000000,21.5876,21.5876,21.458,21.458,919.6490130023,0
GDVD.US,D,20220919,000000,21.458,21.5181,21.4281,21.5181,688.9845931653,0
GDVD.US,D,20220920,000000,21.2885,21.2885,21.2435,21.2435,3209.24410208,0
GDVD.US,D,20220921,000000,21.3184,21.4979,21.109,21.109,503.4501685138,0
GDVD.US,D,20220922,000000,20.7999,20.7999,20.77,20.77,2407.9359653419,0
GDVD.US,D,20220923,000000,20.1572,20.2412,20.041,20.2412,9181,0
GDVD.US,D,20220926,000000,20.03,20.14,20.0012,20.0012,1747,0
GDVD.US,D,20220927,000000,19.8639,19.8639,19.8639,19.8639,357,0
GDVD.US,D,20220928,000000,20.2466,20.2466,20.2466,20.2466,32,0
GDVD.US,D,20220929,000000,19.8601,20.0215,19.8301,20.0215,1056,0
GDVD.US,D,20220930,000000,19.9248,19.97,19.7218,19.7218,10467,0
GDVD.US,D,20221003,000000,20.09,20.1602,20.09,20.1602,283,0
GDVD.US,D,20221004,000000,20.7,20.765,20.65,20.765,754,0
GDVD.US,D,20221005,000000,20.6199,20.6199,20.6199,20.6199,95,0
GDVD.US,D,20221006,000000,20.3942,20.3942,20.3942,20.3942,64,0
GDVD.US,D,20221007,000000,20.02,20.02,19.81,19.8596,300,0
GDVD.US,D,20221010,000000,19.72,19.72,19.6901,19.6901,205,0
GDVD.US,D,20221011,000000,19.68,19.68,19.54,19.54,100,0
GDVD.US,D,20221012,000000,19.481,19.481,19.481,19.481,1,0
GDVD.US,D,20221013,000000,19.69,19.8706,19.69,19.8706,279,0
GDVD.US,D,20221014,000000,19.78,19.78,19.5123,19.5123,435,0
GDVD.US,D,20221017,000000,19.98,19.9836,19.98,19.9836,750,0
GDVD.US,D,20221018,000000,20.07,20.1559,20.07,20.1559,202,0
GDVD.US,D,20221019,000000,19.86,19.9645,19.86,19.9645,102,0
GDVD.US,D,20221020,000000,19.8256,19.8256,19.8256,19.8256,1,0
GDVD.US,D,20221021,000000,20.1583,20.1583,20.1583,20.1583,82,0
GDVD.US,D,20221024,000000,20.3292,20.3292,20.3292,20.3292,11,0
GDVD.US,D,20221025,000000,20.5996,20.5996,20.5996,20.5996,1,0
GDVD.US,D,20221026,000000,20.8102,20.8102,20.8102,20.8102,1,0
GDVD.US,D,20221027,000000,20.7459,20.7459,20.7459,20.7459,48,0
GDVD.US,D,20221028,000000,21.0879,21.0879,21.0879,21.0879,174,0
GDVD.US,D,20221031,000000,20.9367,20.9367,20.9367,20.9367,48,0
GDVD.US,D,20221101,000000,21.0654,21.0654,21.0654,21.0654,1,0
GDVD.US,D,20221102,000000,21.0499,21.0499,20.7,20.7,200,0
GDVD.US,D,20221103,000000,20.51,20.51,20.4639,20.4639,101,0
GDVD.US,D,20221104,000000,20.9,21.1364,20.9,21.1364,501,0
GDVD.US,D,20221107,000000,21.1,21.1398,21.1,21.1398,500,0
GDVD.US,D,20221108,000000,21.18,21.18,21.18,21.18,1,0
GDVD.US,D,20221109,000000,20.8989,20.8989,20.8989,20.8989,1,0
GDVD.US,D,20221110,000000,21.725,22.44,21.03,21.6536,12130,0
GDVD.US,D,20221111,000000,22.4823,22.4823,22.4823,22.4823,1,0
GDVD.US,D,20221114,000000,22.29,22.32,22.139,22.139,666,0
GDVD.US,D,20221115,000000,22.5,22.5,22.28,22.3335,618,0
GDVD.US,D,20221116,000000,22.1856,22.1856,22.1856,22.1856,7,0
GDVD.US,D,20221117,000000,21.93,22.1583,21.9299,22.1583,556,0
GDVD.US,D,20221118,000000,22.2576,22.2576,22.2576,22.2576,104,0
GDVD.US,D,20221121,000000,22.26,22.26,22.2135,22.2135,302,0
GDVD.US,D,20221122,000000,22.3773,22.3773,22.3773,22.3773,2,0
GDVD.US,D,20221123,000000,22.43,22.491,22.43,22.491,228,0
GDVD.US,D,20221125,000000,22.5614,22.5614,22.5614,22.5614,65,0
GDVD.US,D,20221128,000000,22.55,22.55,22.2458,22.2458,397,0
GDVD.US,D,20221129,000000,22.3379,22.3379,22.3379,22.3379,74,0
GDVD.US,D,20221130,000000,22.51,22.7628,22.51,22.7628,1000,0
GDVD.US,D,20221201,000000,22.95,22.95,22.945,22.945,637,0
GDVD.US,D,20221202,000000,22.9113,22.9113,22.9113,22.9113,56,0
GDVD.US,D,20221205,000000,22.6512,22.6512,22.6512,22.6512,2,0
GDVD.US,D,20221206,000000,22.4327,22.4327,22.4327,22.4327,2,0
GDVD.US,D,20221207,000000,22.41,22.45,22.41,22.4361,842,0
GDVD.US,D,20221208,000000,22.5,22.58,22.4409,22.5158,4571,0
GDVD.US,D,20221209,000000,22.4575,22.4575,22.4575,22.4575,91,0
GDVD.US,D,20221212,000000,22.5837,22.5837,22.5837,22.5837,49,0
GDVD.US,D,20221213,000000,22.7801,22.7801,22.7801,22.7801,1,0
GDVD.US,D,20221214,000000,22.8118,22.8118,22.8118,22.8118,1,0
GDVD.US,D,20221215,000000,22.3169,22.3169,22.3169,22.3169,1,0
GDVD.US,D,20221216,000000,22.0735,22.0735,22.0735,22.0735,50,0
GDVD.US,D,20221219,000000,21.9799,21.9799,21.9799,21.9799,1,0
GDVD.US,D,20221220,000000,21.95,21.99,21.9137,21.9137,18380,0
GDVD.US,D,20221221,000000,22.2299,22.2583,22.192,22.1988,17001,0
GDVD.US,D,20221222,000000,22.0349,22.0349,22.0349,22.0349,100,0
GDVD.US,D,20221223,000000,22.185,22.185,22.185,22.185,1,0
GDVD.US,D,20221227,000000,22.21,22.2414,22.2,22.2414,767,0
GDVD.US,D,20221228,000000,22.2959,22.2959,22.0254,22.0254,3019,0
GDVD.US,D,20221229,000000,22.3899,22.39,22.3325,22.3325,969,0
GDVD.US,D,20221230,000000,22.2011,22.2011,22.2011,22.2011,1,0
GDVD.US,D,20230103,000000,22.19,22.381,22.19,22.23,1550,0
GDVD.US,D,20230104,000000,22.61,22.61,22.5518,22.5518,789,0
GDVD.US,D,20230105,000000,22.3874,22.3874,22.3874,22.3874,1,0
GDVD.US,D,20230106,000000,22.8862,22.8862,22.8862,22.8862,1,0
GDVD.US,D,20230109,000000,23.09,23.13,22.9214,22.9214,3438,0
GDVD.US,D,20230110,000000,22.9538,22.9538,22.9538,22.9538,3,0
GDVD.US,D,20230111,000000,23.08,23.12,23.08,23.0948,1053,0
GDVD.US,D,20230112,000000,23.419,23.419,23.38,23.3856,1150,0
GDVD.US,D,20230113,000000,23.51,23.5193,23.5,23.5193,683,0
GDVD.US,D,20230117,000000,23.58,23.58,23.51,23.51,3651,0
GDVD.US,D,20230118,000000,23.4,23.4,23.3369,23.3369,705,0
GDVD.US,D,20230119,000000,23.175,23.2148,23.175,23.2148,1605,0
GDVD.US,D,20230120,000000,23.34,23.48,23.3365,23.48,1517,0
GDVD.US,D,20230123,000000,23.4,23.61,23.39,23.5742,6261,0
GDVD.US,D,20230124,000000,23.49,23.55,23.48,23.5199,2544,0
GDVD.US,D,20230125,000000,23.5,23.51,23.4877,23.4877,223,0
GDVD.US,D,20230126,000000,23.5,23.5856,23.5,23.5856,1061,0
GDVD.US,D,20230127,000000,23.55,23.6056,23.55,23.6056,370,0
GDVD.US,D,20230130,000000,23.39,23.39,23.3129,23.3129,2000,0
GDVD.US,D,20230131,000000,23.275,23.4375,23.275,23.4375,104,0
GDVD.US,D,20230201,000000,23.6456,23.6456,23.6456,23.6456,12,0
GDVD.US,D,20230202,000000,23.69,23.724,23.69,23.724,304,0
GDVD.US,D,20230203,000000,23.5746,23.5746,23.5746,23.5746,26,0
GDVD.US,D,20230206,000000,23.3104,23.3104,23.3104,23.3104,31,0
GDVD.US,D,20230207,000000,23.4763,23.4763,23.4763,23.4763,6,0
GDVD.US,D,20230208,000000,23.3632,23.3632,23.3632,23.3632,38,0
GDVD.US,D,20230209,000000,23.5792,23.5792,23.224,23.224,2962,0
GDVD.US,D,20230210,000000,23.22,23.2604,23.22,23.2604,206,0
GDVD.US,D,20230213,000000,23.46,23.46,23.42,23.425,527,0
GDVD.US,D,20230214,000000,23.6,23.6,23.5135,23.5135,261,0
GDVD.US,D,20230215,000000,23.31,23.4184,23.31,23.4184,2402,0
GDVD.US,D,20230216,000000,23.2098,23.33,23.1977,23.1977,769,0
GDVD.US,D,20230217,000000,23.12,23.2799,23.12,23.2532,1016,0
GDVD.US,D,20230221,000000,23.11,23.11,22.96,22.9857,1206,0
GDVD.US,D,20230222,000000,22.9995,22.9995,22.78,22.8449,3017,0
GDVD.US,D,20230223,000000,22.9598,23,22.82,22.9202,850,0
GDVD.US,D,20230224,000000,22.5938,22.69,22.5938,22.6397,600,0
GDVD.US,D,20230227,000000,22.92,22.92,22.8703,22.8839,2948,0
GDVD.US,D,20230228,000000,22.7603,22.83,22.65,22.7395,1107,0
GDVD.US,D,20230301,000000,22.83,22.85,22.6899,22.7009,702,0
GDVD.US,D,20230302,000000,22.65,22.8171,22.65,22.8171,210,0
GDVD.US,D,20230303,000000,22.9,23.04,22.87,23.0303,2000,0
GDVD.US,D,20230306,000000,23.1064,23.18,23.0382,23.0382,4310,0
GDVD.US,D,20230307,000000,23.04,23.04,22.6734,22.6734,800,0
GDVD.US,D,20230308,000000,22.7199,22.73,22.6499,22.675,300,0
GDVD.US,D,20230309,000000,22.74,22.79,22.4338,22.4338,1102,0
GDVD.US,D,20230310,000000,22.3099,22.3099,22.04,22.127,1335,0
GDVD.US,D,20230313,000000,21.77,21.96,21.6989,21.6989,2877,0
GDVD.US,D,20230314,000000,22.01,22.01,21.9534,21.9534,240,0
GDVD.US,D,20230315,000000,21.38,21.5008,21.38,21.5008,101,0
GDVD.US,D,20230316,000000,21.7951,21.7951,21.7951,21.7951,4,0
GDVD.US,D,20230317,000000,21.68,21.68,21.6347,21.6347,3002,0
GDVD.US,D,20230320,000000,21.91,21.91,21.91,21.91,168,0
GDVD.US,D,20230321,000000,22.0993,22.0993,22.0993,22.0993,42,0
GDVD.US,D,20230322,000000,21.991,21.991,21.991,21.991,84,0
GDVD.US,D,20230323,000000,22.1,22.1,21.83,21.8542,1500,0
GDVD.US,D,20230324,000000,21.6718,21.86,21.6718,21.8367,8886,0
GDVD.US,D,20230327,000000,22.03,22.04,21.99,22.017,2086,0
GDVD.US,D,20230328,000000,21.99,22.0331,21.99,22.0331,195,0
GDVD.US,D,20230329,000000,22.2961,22.2961,22.2961,22.2961,106,0
GDVD.US,D,20230330,000000,22.4641,22.5,22.4195,22.4445,2637,0
GDVD.US,D,20230331,000000,22.5,22.5681,22.5,22.5681,231,0
GDVD.US,D,20230403,000000,22.71,22.72,22.71,22.7146,1453,0
GDVD.US,D,20230404,000000,22.76,22.78,22.681,22.7212,2204,0
GDVD.US,D,20230405,000000,22.6899,22.6899,22.64,22.6838,404,0
GDVD.US,D,20230406,000000,22.74,22.83,22.74,22.7869,1159,0
GDVD.US,D,20230410,000000,22.82,22.82,22.688,22.7841,771,0
GDVD.US,D,20230411,000000,22.89,22.96,22.8615,22.8952,627,0
GDVD.US,D,20230412,000000,23.08,23.14,22.9501,22.9755,3015,0
GDVD.US,D,20230413,000000,23.06,23.24,23.0501,23.2304,1118,0
GDVD.US,D,20230414,000000,23.2389,23.29,23.1817,23.1817,401,0
GDVD.US,D,20230417,000000,23.17,23.2299,23.13,23.2152,1347,0
GDVD.US,D,20230418,000000,23.2019,23.2484,23.2,23.2484,1443,0
GDVD.US,D,20230419,000000,23.175,23.175,23.175,23.175,3,0
GDVD.US,D,20230420,000000,23.1348,23.1348,23.1348,23.1348,1,0
GDVD.US,D,20230421,000000,23.1016,23.18,23.1016,23.1694,426,0
GDVD.US,D,20230424,000000,23.1301,23.21,23.1301,23.1886,1000,0
GDVD.US,D,20230425,000000,23.0314,23.06,22.8589,22.8589,1100,0
GDVD.US,D,20230426,000000,22.8459,22.95,22.8234,22.8234,600,0
GDVD.US,D,20230427,000000,22.86,23.08,22.8416,23.0666,5173,0
GDVD.US,D,20230428,000000,23.2187,23.2187,23.2187,23.2187,57,0
GDVD.US,D,20230501,000000,23.29,23.29,23.2087,23.2087,3234,0
GDVD.US,D,20230502,000000,22.96,22.9832,22.96,22.9816,1643,0
GDVD.US,D,20230503,000000,22.96,23.06,22.8656,22.8656,3850,0
GDVD.US,D,20230504,000000,22.81,22.855,22.81,22.8247,702,0
GDVD.US,D,20230505,000000,22.9244,23.16,22.9244,23.1034,3300,0
GDVD.US,D,20230508,000000,23.1603,23.1603,23.1603,23.1603,31,0
GDVD.US,D,20230509,000000,22.9799,23.0099,22.9799,22.9946,5666,0
GDVD.US,D,20230510,000000,23.26,23.26,22.9,23,47061,0
GDVD.US,D,20230511,000000,22.9,22.94,22.87,22.94,24780,0
GDVD.US,D,20230512,000000,22.8917,22.9,22.8,22.9,10458,0
GDVD.US,D,20230515,000000,22.93,22.94,22.9152,22.9152,4168,0
GDVD.US,D,20230516,000000,22.725,22.725,22.69,22.69,1353,0
GDVD.US,D,20230517,000000,22.7699,22.79,22.7457,22.79,11197,0
GDVD.US,D,20230518,000000,22.61,22.6893,22.57,22.6893,2869,0
GDVD.US,D,20230519,000000,22.73,22.75,22.7,22.7257,2801,0
GDVD.US,D,20230522,000000,22.7199,22.77,22.7102,22.7102,6167,0
GDVD.US,D,20230523,000000,22.4304,22.48,22.3043,22.3043,13621,0
GDVD.US,D,20230524,000000,22.08,22.1226,22.08,22.1226,110,0
GDVD.US,D,20230525,000000,21.98,22.06,21.98,22.0191,1463,0
GDVD.US,D,20230526,000000,22.12,22.21,22.12,22.1583,5317,0
GDVD.US,D,20230530,000000,22.125,22.125,21.98,22.04,8077,0
GDVD.US,D,20230531,000000,21.88,21.88,21.8751,21.8751,156,0
GDVD.US,D,20230601,000000,22.08,22.0984,22.08,22.0984,305,0
GDVD.US,D,20230602,000000,22.4069,22.4069,22.4069,22.4069,3,0
GDVD.US,D,20230605,000000,22.31,22.31,22.31,22.31,11,0
GDVD.US,D,20230606,000000,22.3401,22.4165,22.3401,22.4165,264,0
GDVD.US,D,20230607,000000,22.34,22.34,22.34,22.34,300,0
GDVD.US,D,20230608,000000,22.4518,22.4518,22.4518,22.4518,1,0
GDVD.US,D,20230609,000000,22.41,22.42,22.3801,22.3801,1002,0
GDVD.US,D,20230612,000000,22.44,22.4574,22.44,22.4574,1003,0
GDVD.US,D,20230613,000000,22.5861,22.5861,22.5861,22.5861,1,0
GDVD.US,D,20230614,000000,22.72,22.72,22.5757,22.5757,1764,0
GDVD.US,D,20230615,000000,22.83,22.83,22.83,22.83,1,0
GDVD.US,D,20230616,000000,22.99,22.99,22.8655,22.8655,5784,0
GDVD.US,D,20230620,000000,22.61,22.8699,22.29,22.6098,28853,0
GDVD.US,D,20230621,000000,22.58,22.59,22.56,22.57,1363,0
GDVD.US,D,20230622,000000,22.335,22.4,22.31,22.4,2338,0
GDVD.US,D,20230623,000000,22.23,22.3,22.18,22.1948,11814,0
GDVD.US,D,20230626,000000,22.2,22.25,22.1862,22.1862,6709,0
GDVD.US,D,20230627,000000,22.23,22.32,22.23,22.32,959,0
GDVD.US,D,20230628,000000,22.19,22.2551,22.19,22.2551,4462,0
GDVD.US,D,20230629,000000,22.23,22.287,22.22,22.287,419,0
GDVD.US,D,20230630,000000,22.58,22.58,22.56,22.56,539,0
GDVD.US,D,20230703,000000,22.6,22.6,22.6,22.6,381,0
GDVD.US,D,20230705,000000,22.47,22.47,22.46,22.46,2362,0
GDVD.US,D,20230706,000000,22.2,22.2,22.2,22.2,248,0
GDVD.US,D,20230707,000000,22.23,22.23,22.23,22.23,100,0
GDVD.US,D,20230710,000000,22.14,22.22,22.14,22.1853,286,0
GDVD.US,D,20230711,000000,22.3,22.3574,22.3,22.3574,117,0
GDVD.US,D,20230712,000000,22.75,22.75,22.6978,22.6978,223,0
GDVD.US,D,20230713,000000,22.9552,22.9552,22.9552,22.9552,21,0
GDVD.US,D,20230714,000000,22.9385,22.9385,22.85,22.8505,7099,0
GDVD.US,D,20230717,000000,22.8069,22.8069,22.8069,22.8069,1,0
GDVD.US,D,20230718,000000,22.8835,22.8835,22.8835,22.8835,5,0
GDVD.US,D,20230719,000000,22.9765,23.0001,22.9765,23.0001,388,0
GDVD.US,D,20230720,000000,22.9877,22.9877,22.9877,22.9877,3,0
GDVD.US,D,20230721,000000,23.13,23.13,23.03,23.0565,3861,0
GDVD.US,D,20230724,000000,23.0581,23.0581,23.0581,23.0581,84,0
GDVD.US,D,20230725,000000,23.0914,23.1077,23.0914,23.1077,2008,0
GDVD.US,D,20230726,000000,23.17,23.23,23.09,23.158,35958,0
GDVD.US,D,20230727,000000,22.9212,22.9212,22.9212,22.9212,10,0
GDVD.US,D,20230728,000000,23.18,23.18,23.14,23.14,534,0
GDVD.US,D,20230731,000000,23.2853,23.3299,23.22,23.29,3660,0
GDVD.US,D,20230801,000000,22.9991,23.05,22.9991,23.0086,5117,0
GDVD.US,D,20230802,000000,22.76,22.78,22.6712,22.73,59057,0
GDVD.US,D,20230803,000000,22.6999,22.73,22.65,22.65,6251,0
GDVD.US,D,20230804,000000,22.7,22.78,22.587,22.587,4437,0
GDVD.US,D,20230807,000000,22.6501,22.74,22.6501,22.709,2658,0
GDVD.US,D,20230808,000000,22.6,22.74,22.59,22.71,13486,0
GDVD.US,D,20230809,000000,22.81,22.81,22.74,22.74,741,0
GDVD.US,D,20230810,000000,22.86,22.86,22.8064,22.8064,597473,0
GDVD.US,D,20230811,000000,22.77,22.77,22.7417,22.7417,29819,0
GDVD.US,D,20230814,000000,22.7,22.72,22.67,22.6899,21344,0
GDVD.US,D,20230815,000000,22.45,22.47,22.42,22.4353,8268,0
GDVD.US,D,20230816,000000,22.45,22.4501,22.3076,22.3076,3955,0
GDVD.US,D,20230817,000000,22.1661,22.24,22.1661,22.23,3441,0
GDVD.US,D,20230818,000000,22.105,22.16,22.105,22.1508,1479,0
GDVD.US,D,20230821,000000,22.09,22.19,22.09,22.1426,2767,0
GDVD.US,D,20230822,000000,22.07,22.09,22.0396,22.0396,1330,0
GDVD.US,D,20230823,000000,22.1974,22.1974,22.1974,22.1974,55,0
GDVD.US,D,20230824,000000,22.25,22.25,22.0701,22.0701,685,0
GDVD.US,D,20230825,000000,22.21,22.21,22.1743,22.1743,865,0
GDVD.US,D,20230828,000000,22.29,22.37,22.2801,22.3649,8526,0
GDVD.US,D,20230829,000000,22.6413,22.6413,22.6413,22.6413,72,0
GDVD.US,D,20230830,000000,22.6401,22.6721,22.6401,22.6721,522,0
GDVD.US,D,20230831,000000,22.5797,22.5797,22.5499,22.5499,581,0
GDVD.US,D,20230901,000000,22.575,22.5958,22.575,22.5958,161,0
GDVD.US,D,20230905,000000,21.69,22.512,21.69,22.3934,10619,0
GDVD.US,D,20230906,000000,22.27,22.34,22.27,22.3345,28608,0
GDVD.US,D,20230907,000000,22.1637,22.1637,22.1637,22.1637,24,0
GDVD.US,D,20230908,000000,22.17,22.21,22.12,22.1795,35957,0
GDVD.US,D,20230911,000000,22.2888,22.34,22.2888,22.3029,3571,0
GDVD.US,D,20230912,000000,22.2401,22.2501,22.22,22.245,1523,0
GDVD.US,D,20230913,000000,22.36,22.36,22.219,22.219,12804,0
GDVD.US,D,20230914,000000,22.38,22.46,22.38,22.4467,4112,0
GDVD.US,D,20230915,000000,22.36,22.36,22.2501,22.265,5679,0
GDVD.US,D,20230918,000000,22.17,22.1771,22.17,22.1771,106,0
GDVD.US,D,20230919,000000,22.17,22.1748,22.15,22.1748,1162,0
GDVD.US,D,20230920,000000,22.27,22.27,22.1145,22.1145,102,0
GDVD.US,D,20230921,000000,21.87,21.87,21.7237,21.7237,10060,0
GDVD.US,D,20230922,000000,21.77,21.77,21.6691,21.6691,2742,0
GDVD.US,D,20230925,000000,21.45,21.58,21.45,21.5643,3028,0
GDVD.US,D,20230926,000000,21.42,21.42,21.32,21.32,6698,0
GDVD.US,D,20230927,000000,21.15,21.25,21.15,21.195,736,0
GDVD.US,D,20230928,000000,21.29,21.3596,21.29,21.3565,4700,0
GDVD.US,D,20230929,000000,21.39,21.4,21.3301,21.3301,4502,0
GDVD.US,D,20231002,000000,21.02,21.109,21.02,21.109,3747,0
GDVD.US,D,20231003,000000,20.8899,20.92,20.84,20.892,9186,0
GDVD.US,D,20231004,000000,20.91,20.9422,20.91,20.9422,9730,0
GDVD.US,D,20231005,000000,20.9529,21.0399,20.9529,21.0169,3425,0
GDVD.US,D,20231006,000000,21.09,21.2723,20.95,21.2723,996,0
GDVD.US,D,20231009,000000,21.12,21.2935,21.12,21.275,1998,0
GDVD.US,D,20231010,000000,21.47,21.5,21.47,21.48,526,0
GDVD.US,D,20231011,000000,21.49,21.49,21.478,21.478,691,0
GDVD.US,D,20231012,000000,21.48,21.48,21.3235,21.3235,2591,0
GDVD.US,D,20231013,000000,21.2813,21.2813,21.1911,21.2354,14727,0
GDVD.US,D,20231016,000000,21.25,21.4145,21.25,21.4145,23536,0
GDVD.US,D,20231017,000000,21.3201,21.43,21.32,21.4014,4529,0
GDVD.US,D,20231018,000000,21.1044,21.1799,21.1007,21.1007,622,0
GDVD.US,D,20231019,000000,20.9201,21.0799,20.8844,20.8844,820,0
GDVD.US,D,20231020,000000,20.763,20.763,20.7,20.735,708,0
GDVD.US,D,20231023,000000,20.6,20.8399,20.6,20.6898,113477,0
GDVD.US,D,20231024,000000,20.7201,20.7444,20.71,20.7444,3274,0
GDVD.US,D,20231025,000000,20.635,20.635,20.5723,20.6017,2800,0
GDVD.US,D,20231026,000000,20.6725,20.6725,20.5494,20.5494,1947,0
GDVD.US,D,20231027,000000,20.3709,20.38,20.32,20.3644,2190,0
GDVD.US,D,20231030,000000,20.666,20.666,20.666,20.666,39,0
GDVD.US,D,20231031,000000,20.6961,20.6961,20.6961,20.6961,36,0
GDVD.US,D,20231101,000000,20.7014,20.8644,20.7014,20.8394,3631,0
GDVD.US,D,20231102,000000,21.27,21.33,21.27,21.3093,1362,0
GDVD.US,D,20231103,000000,21.57,21.59,21.5122,21.5122,1790,0
GDVD.US,D,20231106,000000,21.5293,21.55,21.4899,21.5056,36376,0
GDVD.US,D,20231107,000000,21.4716,21.5,21.41,21.48,22486,0
GDVD.US,D,20231108,000000,21.53,21.53,21.445,21.4829,6718,0
GDVD.US,D,20231109,000000,21.56,21.56,21.3642,21.3642,680,0
GDVD.US,D,20231110,000000,21.37,21.53,21.35,21.52,10801,0
GDVD.US,D,20231113,000000,21.45,21.54,21.45,21.5095,9365,0
GDVD.US,D,20231114,000000,21.98,22.0257,21.9358,22.0104,13356,0
GDVD.US,D,20231115,000000,22.105,22.15,22.09,22.1027,6498,0
GDVD.US,D,20231116,000000,22.105,22.14,22.01,22.0861,10678,0
GDVD.US,D,20231117,000000,22.1483,22.2225,22.13,22.2225,16805,0
GDVD.US,D,20231120,000000,22.3117,22.37,22.3117,22.3538,708,0
GDVD.US,D,20231121,000000,22.3141,22.3141,22.3024,22.3024,478,0
GDVD.US,D,20231122,000000,22.36,22.36,22.2955,22.3302,3823,0
GDVD.US,D,20231124,000000,22.415,22.48,22.415,22.467,3115,0
GDVD.US,D,20231127,000000,22.44,22.48,22.44,22.4502,610,0
GDVD.US,D,20231128,000000,22.42,22.4695,22.42,22.4649,2357,0
GDVD.US,D,20231129,000000,22.47,22.4967,22.43,22.4532,1768,0
GDVD.US,D,20231130,000000,22.44,22.48,22.41,22.4751,4352,0
GDVD.US,D,20231201,000000,22.58,22.64,22.58,22.6195,4545,0
GDVD.US,D,20231204,000000,22.511,22.54,22.5,22.5312,3394,0
GDVD.US,D,20231205,000000,22.46,22.46,22.4,22.4349,1462,0
GDVD.US,D,20231206,000000,22.58,22.58,22.4491,22.4491,3508,0
GDVD.US,D,20231207,000000,22.54,22.6,22.54,22.5721,3236,0
GDVD.US,D,20231208,000000,22.59,22.68,22.5701,22.6506,3796,0
GDVD.US,D,20231211,000000,22.59,22.72,22.59,22.67,4183,0
GDVD.US,D,20231212,000000,22.6216,22.7205,22.6216,22.7205,4142,0
GDVD.US,D,20231213,000000,22.65,23.0097,22.65,23.0097,2489,0
GDVD.US,D,20231214,000000,23.2207,23.2235,23.18,23.2014,4028,0
GDVD.US,D,20231215,000000,23.15,23.15,22.9907,23.0202,267,0
GDVD.US,D,20231218,000000,23.1,23.1,23.0742,23.0742,3397,0
GDVD.US,D,20231219,000000,23.24,23.24,23.2,23.2122,1409,0
GDVD.US,D,20231220,000000,23.19,23.19,22.9734,22.9734,390,0
GDVD.US,D,20231221,000000,23.2005,23.2646,23.13,23.2646,3914,0
GDVD.US,D,20231222,000000,23.27,23.39,23.25,23.296,33971,0
GDVD.US,D,20231226,000000,23.35,23.45,23.35,23.3875,3811,0
GDVD.US,D,20231227,000000,23.4201,23.51,23.42,23.4816,7962,0
GDVD.US,D,20231228,000000,23.4601,23.4834,23.4601,23.4834,1096,0
GDVD.US,D,20231229,000000,23.4001,23.4646,23.38,23.4646,980,0
GDVD.US,D,20240102,000000,23.3,23.3,23.26,23.2727,5660,0
GDVD.US,D,20240103,000000,23.1101,23.1807,23.1101,23.1546,4490,0
GDVD.US,D,20240104,000000,23.175,23.19,23.1512,23.1572,3492,0
GDVD.US,D,20240105,000000,23.1571,23.1782,23.155,23.1782,510,0
GDVD.US,D,20240108,000000,23.294,23.3631,23.294,23.3631,1818,0
GDVD.US,D,20240109,000000,23.1425,23.2,23.1425,23.1948,1083,0
GDVD.US,D,20240110,000000,23.26,23.3,23.2392,23.2392,3004,0
GDVD.US,D,20240111,000000,23.0751,23.2435,23.0751,23.2435,1239,0
GDVD.US,D,20240112,000000,23.36,23.36,23.31,23.3397,2349,0
GDVD.US,D,20240116,000000,23.05,23.085,22.9718,23.0221,4598,0
GDVD.US,D,20240117,000000,22.79,22.81,22.76,22.81,1810,0
GDVD.US,D,20240118,000000,22.9788,22.9788,22.9788,22.9788,6,0
GDVD.US,D,20240119,000000,22.96,23.08,22.96,23.08,436,0
GDVD.US,D,20240122,000000,23.09,23.0988,23.09,23.0988,452,0
GDVD.US,D,20240123,000000,22.9909,23.1,22.9909,23.0907,3905,0
GDVD.US,D,20240124,000000,23.31,23.35,23.1867,23.1867,4762,0
GDVD.US,D,20240125,000000,23.19,23.262,23.19,23.262,33411,0
GDVD.US,D,20240126,000000,23.3854,23.43,23.355,23.4095,118732,0
GDVD.US,D,20240129,000000,23.35,23.5,23.35,23.4968,5648,0
GDVD.US,D,20240130,000000,23.42,23.4999,23.42,23.4236,628,0
GDVD.US,D,20240131,000000,23.46,23.46,23.27,23.2739,3957,0
GDVD.US,D,20240201,000000,23.38,23.59,23.38,23.5446,3228,0
GDVD.US,D,20240202,000000,23.38,23.43,23.38,23.3873,5224,0
GDVD.US,D,20240205,000000,23.23,23.3371,23.23,23.2541,4161,0
GDVD.US,D,20240206,000000,23.455,23.4626,23.455,23.4626,1595,0
GDVD.US,D,20240207,000000,23.56,23.56,23.55,23.5556,800,0
GDVD.US,D,20240208,000000,23.47,23.5122,23.38,23.4977,208005,0
GDVD.US,D,20240209,000000,23.54,23.59,23.4719,23.5698,24460,0
GDVD.US,D,20240212,000000,23.58,23.64,23.56,23.57,3606,0
GDVD.US,D,20240213,000000,23.18,23.22,23.07,23.1504,3023,0
GDVD.US,D,20240214,000000,23.3278,23.4071,23.3278,23.4071,6260,0
GDVD.US,D,20240215,000000,23.58,23.5909,23.55,23.5909,3304,0
GDVD.US,D,20240216,000000,23.6,23.61,23.5957,23.5957,1386,0
GDVD.US,D,20240220,000000,23.64,23.6899,23.5952,23.5952,1888,0
GDVD.US,D,20240221,000000,23.5904,23.68,23.5904,23.674,927,0
GDVD.US,D,20240222,000000,23.79,23.8385,23.79,23.8385,2079,0
GDVD.US,D,20240223,000000,23.885,23.885,23.8808,23.8808,240,0
GDVD.US,D,20240226,000000,23.88,23.88,23.76,23.7894,4532,0
GDVD.US,D,20240227,000000,23.7782,23.7782,23.7782,23.7782,28,0
GDVD.US,D,20240228,000000,23.695,23.73,23.6486,23.6486,2609,0
GDVD.US,D,20240229,000000,23.6541,23.7099,23.6504,23.6825,1853,0
GDVD.US,D,20240301,000000,23.805,23.89,23.7901,23.84,9063,0
GDVD.US,D,20240304,000000,23.8,23.81,23.7892,23.7892,400,0
GDVD.US,D,20240305,000000,23.68,23.7262,23.67,23.7262,360,0
GDVD.US,D,20240306,000000,23.94,23.99,23.9,23.9241,1560,0
GDVD.US,D,20240307,000000,24.19,24.2048,24.18,24.2048,3610,0
GDVD.US,D,20240308,000000,24.1731,24.1731,24.1731,24.1731,567,0
GDVD.US,D,20240311,000000,24.06,24.1518,24.06,24.1518,2911,0
GDVD.US,D,20240312,000000,24.23,24.3,24.17,24.2682,5069,0
GDVD.US,D,20240313,000000,24.2801,24.34,24.27,24.33,5670,0
GDVD.US,D,20240314,000000,24.0763,24.0763,24.0763,24.0763,1,0
GDVD.US,D,20240315,000000,24.03,24.0682,24.03,24.0682,114,0
GDVD.US,D,20240318,000000,24.1109,24.1109,24.0803,24.0803,254,0
GDVD.US,D,20240319,000000,24.0413,24.15,24.0413,24.1152,1975,0
GDVD.US,D,20240320,000000,24.14,24.3147,24.14,24.3147,2104,0
GDVD.US,D,20240321,000000,24.33,24.3404,24.3,24.3404,1163,0
GDVD.US,D,20240322,000000,24.16,24.16,24.04,24.04,3914,0
GDVD.US,D,20240325,000000,23.99,24.0135,23.99,24.0135,409,0
GDVD.US,D,20240326,000000,24.09,24.09,23.9978,23.9978,474,0
GDVD.US,D,20240327,000000,24.0501,24.1558,24.0501,24.1558,4174,0
GDVD.US,D,20240328,000000,24.1801,24.1816,24.1801,24.1816,376,0
GDVD.US,D,20240401,000000,24.13,24.159,24.12,24.159,1276,0
GDVD.US,D,20240402,000000,24.01,24.07,23.98,24.06,3039,0
GDVD.US,D,20240403,000000,24.11,24.17,24.11,24.1403,11163,0
GDVD.US,D,20240404,000000,24.28,24.28,23.9667,23.9667,762,0
GDVD.US,D,20240405,000000,23.96,24.1152,23.96,24.1152,1280,0
GDVD.US,D,20240408,000000,24.17,24.19,24.17,24.17,810,0
GDVD.US,D,20240409,000000,24.1349,24.2138,24.1203,24.2138,6045,0
GDVD.US,D,20240410,000000,24,24.02,23.9,23.9307,17330,0
GDVD.US,D,20240411,000000,23.95,24.0824,23.95,24.0824,2460,0
GDVD.US,D,20240412,000000,23.8151,23.8151,23.5818,23.6593,22768,0
GDVD.US,D,20240415,000000,23.52,23.52,23.4921,23.4921,3225,0
GDVD.US,D,20240416,000000,23.34,23.49,23.31,23.3478,3031,0
GDVD.US,D,20240417,000000,23.41,23.41,23.29,23.29,4170,0
GDVD.US,D,20240418,000000,23.1841,23.28,23.18,23.2123,2896,0
GDVD.US,D,20240419,000000,23.15,23.28,23.15,23.26,42591,0
GDVD.US,D,20240422,000000,23.41,23.5464,23.41,23.5464,659,0
GDVD.US,D,20240423,000000,23.7616,23.7616,23.7616,23.7616,1,0
GDVD.US,D,20240424,000000,23.713,23.713,23.713,23.713,38,0
GDVD.US,D,20240425,000000,23.58,23.73,23.43,23.6634,1470,0
GDVD.US,D,20240426,000000,23.79,23.83,23.79,23.8005,4856,0
GDVD.US,D,20240429,000000,23.865,23.865,23.865,23.865,89,0
GDVD.US,D,20240430,000000,23.6799,23.69,23.648,23.648,332,0
GDVD.US,D,20240501,000000,23.6275,23.7127,23.6275,23.6858,1092,0
GDVD.US,D,20240502,000000,23.9325,23.9799,23.9,23.9328,2469,0
GDVD.US,D,20240503,000000,24.14,24.27,24.14,24.2163,2620,0
GDVD.US,D,20240506,000000,24.29,24.2942,24.29,24.2942,351,0
GDVD.US,D,20240507,000000,24.44,24.44,24.4042,24.4042,409,0
GDVD.US,D,20240508,000000,24.42,24.4446,24.42,24.4426,2441,0
GDVD.US,D,20240509,000000,24.59,24.64,24.59,24.62,3176,0
GDVD.US,D,20240510,000000,24.72,24.72,24.72,24.72,181,0
GDVD.US,D,20240513,000000,24.78,24.78,24.68,24.68,865,0
GDVD.US,D,20240514,000000,24.9,24.91,24.89,24.89,1199,0
GDVD.US,D,20240515,000000,25.115,25.17,25.11,25.17,5049,0
GDVD.US,D,20240516,000000,25.1054,25.17,25.1054,25.1469,1645,0
GDVD.US,D,20240517,000000,25.16,25.1882,25.15,25.1882,5383,0
GDVD.US,D,20240520,000000,25.13,25.1796,25.07,25.07,4087,0
GDVD.US,D,20240521,000000,25.11,25.1358,25.11,25.1358,1070,0
GDVD.US,D,20240522,000000,25,25,24.9,24.94,1766,0
GDVD.US,D,20240523,000000,24.8,24.8,24.6015,24.6015,290,0
GDVD.US,D,20240524,000000,24.84,24.84,24.74,24.7481,1059,0
GDVD.US,D,20240528,000000,24.85,24.85,24.7094,24.7094,556,0
GDVD.US,D,20240529,000000,24.42,24.44,24.38,24.4134,8653,0
GDVD.US,D,20240530,000000,24.5075,24.5075,24.5075,24.5075,145,0
GDVD.US,D,20240531,000000,24.67,24.6745,24.67,24.6745,179,0
GDVD.US,D,20240603,000000,24.81,24.8271,24.81,24.8271,916,0
GDVD.US,D,20240604,000000,24.9,24.9067,24.89,24.9067,1075,0
GDVD.US,D,20240605,000000,24.95,25.03,24.95,25.03,1639,0
GDVD.US,D,20240606,000000,25.05,25.05,25.0191,25.0191,38319,0
GDVD.US,D,20240607,000000,24.92,24.92,24.89,24.8943,2012,0
GDVD.US,D,20240610,000000,24.85,24.9018,24.85,24.9018,1728,0
GDVD.US,D,20240611,000000,24.7,24.7263,24.69,24.7263,2557,0
GDVD.US,D,20240612,000000,25.01,25.0201,24.9,24.9,1828,0
GDVD.US,D,20240613,000000,24.74,24.8187,24.74,24.8187,1046,0
GDVD.US,D,20240614,000000,24.64,24.64,24.6,24.6348,1911,0
GDVD.US,D,20240617,000000,24.8167,24.8167,24.8167,24.8167,228,0
GDVD.US,D,20240618,000000,24.89,24.89,24.86,24.884,432,0
GDVD.US,D,20240620,000000,24.87,24.8853,24.87,24.8853,782,0
GDVD.US,D,20240621,000000,24.74,24.76,24.74,24.7495,1762,0
GDVD.US,D,20240624,000000,24.93,24.98,24.92,24.9494,2085,0
GDVD.US,D,20240625,000000,24.91,24.9182,24.8929,24.8929,920,0
GDVD.US,D,20240626,000000,24.7,24.7466,24.7,24.7466,738,0
GDVD.US,D,20240627,000000,24.7794,24.7794,24.7504,24.7504,691,0
GDVD.US,D,20240628,000000,24.8,24.8,24.71,24.741,1770,0
GDVD.US,D,20240701,000000,24.7438,24.7438,24.7437,24.7437,460,0
GDVD.US,D,20240702,000000,24.93,24.93,24.91,24.9139,2032,0
GDVD.US,D,20240703,000000,25.05,25.0809,25.05,25.0809,2015,0
GDVD.US,D,20240705,000000,25.12,25.1501,25.07,25.1501,3332,0
GDVD.US,D,20240708,000000,25.094,25.094,25.094,25.094,9,0
GDVD.US,D,20240709,000000,25.04,25.04,24.9989,24.9989,855,0
GDVD.US,D,20240710,000000,25.17,25.2137,25.16,25.2137,1235,0
GDVD.US,D,20240711,000000,25.4,25.42,25.36,25.3992,6482,0
GDVD.US,D,20240712,000000,25.57,25.66,25.5497,25.57,3611,0
GDVD.US,D,20240715,000000,25.54,25.58,25.4894,25.4894,5876,0
GDVD.US,D,20240716,000000,25.57,25.6232,25.57,25.6232,253,0
GDVD.US,D,20240717,000000,25.6247,25.6247,25.6247,25.6247,21,0
GDVD.US,D,20240718,000000,25.39,25.42,25.39,25.4041,2640,0
GDVD.US,D,20240719,000000,25.3,25.3099,25.2802,25.2802,1000,0
GDVD.US,D,20240722,000000,25.39,25.4442,25.39,25.4442,364,0
GDVD.US,D,20240723,000000,25.3105,25.3105,25.3105,25.3105,193,0
GDVD.US,D,20240724,000000,25.09,25.1185,25.083,25.083,398,0
GDVD.US,D,20240725,000000,25.2,25.2,25.0858,25.0858,4201,0
GDVD.US,D,20240726,000000,25.26,25.28,25.26,25.2792,719,0
GDVD.US,D,20240729,000000,25.23,25.2908,25.23,25.2908,978,0
GDVD.US,D,20240730,000000,25.2799,25.323,25.2799,25.323,361,0
GDVD.US,D,20240731,000000,25.55,25.5646,25.55,25.5646,372,0
GDVD.US,D,20240801,000000,25.18,25.2381,25.18,25.2381,1989,0
GDVD.US,D,20240802,000000,24.91,24.99,24.89,24.9797,3035,0
GDVD.US,D,20240805,000000,24.32,24.3644,24.32,24.3644,824,0
GDVD.US,D,20240806,000000,24.55,24.63,24.4834,24.4834,6341,0
GDVD.US,D,20240807,000000,24.805,24.805,24.4401,24.449,750,0
GDVD.US,D,20240808,000000,24.7523,24.84,24.7523,24.8274,7385,0
GDVD.US,D,20240809,000000,24.94,24.99,24.94,24.9895,808,0
GDVD.US,D,20240812,000000,25,25,24.9541,24.9541,1490,0
GDVD.US,D,20240813,000000,25.16,25.1945,25.16,25.1945,570,0
GDVD.US,D,20240814,000000,25.2113,25.2348,25.2107,25.2348,1719,0
GDVD.US,D,20240815,000000,25.5489,25.5489,25.51,25.5216,764,0
GDVD.US,D,20240816,000000,25.57,25.5865,25.5501,25.5865,414,0
GDVD.US,D,20240819,000000,25.78,25.792,25.74,25.792,762245,0
GDVD.US,D,20240820,000000,25.69,25.7,25.661,25.681,3112,0
GDVD.US,D,20240821,000000,25.96,25.96,25.8671,25.8671,654,0
GDVD.US,D,20240822,000000,25.91,25.91,25.71,25.7107,17231,0
GDVD.US,D,20240823,000000,25.95,25.95,25.815,25.815,467,0
GDVD.US,D,20240826,000000,26.06,26.06,25.8047,25.845,1513,0
GDVD.US,D,20240827,000000,25.815,25.815,25.815,25.815,22,0
GDVD.US,D,20240828,000000,25.72,25.855,25.72,25.855,540,0
