<TICKER>,<PER>,<DATE>,<TIME>,<OPEN>,<HIGH>,<LOW>,<CLOSE>,<VOL>,<OPENINT>
GERM.US,D,20200619,000000,25.8916,25.8916,25.2508,25.5285,205924.78255193,0
GERM.US,D,20200622,000000,26.5901,26.5901,25.3195,25.7145,277657.41089161,0
GERM.US,D,20200623,000000,25.7235,26.4319,25.6399,26.0389,144847.12683131,0
GERM.US,D,20200624,000000,26.5802,26.7284,25.8916,26.4558,147023.94919435,0
GERM.US,D,20200625,000000,28.2628,28.2827,26.5901,27.811,236128.94658635,0
GERM.US,D,20200626,000000,28.3513,28.3513,27.2688,27.3673,180720.47597647,0
GERM.US,D,20200629,000000,28.0081,28.0946,27.0727,27.4279,144031.0696943,0
GERM.US,D,20200630,000000,27.1215,28.1554,27.1215,28.0866,105479.4049455,0
GERM.US,D,20200701,000000,28.421,28.5294,27.0827,27.2688,144072.27454974,0
GERM.US,D,20200702,000000,27.5653,27.8986,27.3673,27.6628,87589.462708974,0
GERM.US,D,20200706,000000,27.8598,27.8598,27.4667,27.6628,79483.161148397,0
GERM.US,D,20200707,000000,28.0578,29.1792,27.9394,29.1205,180500.38174863,0
GERM.US,D,20200708,000000,30.1255,30.1255,28.8151,29.4748,211991.94626644,0
GERM.US,D,20200709,000000,30.419,30.419,28.8449,29.3832,143108.48293102,0
GERM.US,D,20200710,000000,29.8688,29.8688,28.9523,29.1603,83805.65098376,0
GERM.US,D,20200713,000000,29.9972,31.3752,29.415,29.9175,291142.4535819,0
GERM.US,D,20200714,000000,31.0001,31.0001,29.2887,30.83,190126.23797813,0
GERM.US,D,20200715,000000,31.9951,32.2409,30.5772,31.1085,257962.49498749,0
GERM.US,D,20200716,000000,31.3364,31.3364,30.7543,31.0817,135867.48333469,0
GERM.US,D,20200717,000000,31.1683,33.422,31.1683,33.1474,369947.24211024,0
GERM.US,D,20200720,000000,34.605,34.605,32.5852,33.3733,649917.14988889,0
GERM.US,D,20200721,000000,34.0618,34.0618,32.8708,33.226,226465.9054873,0
GERM.US,D,20200722,000000,33.1762,33.4717,32.7722,33.3832,160249.70279429,0
GERM.US,D,20200723,000000,33.4717,33.5703,31.6797,32.221,253778.69466556,0
GERM.US,D,20200724,000000,31.1981,31.5016,30.5374,31.0697,235837.49760885,0
GERM.US,D,20200727,000000,32.1912,32.2508,31.2568,31.9752,127977.25601606,0
GERM.US,D,20200728,000000,32.3294,32.3394,31.6001,31.6996,136690.57544703,0
GERM.US,D,20200729,000000,31.837,31.9832,31.02,31.3166,119281.02152514,0
GERM.US,D,20200730,000000,31.1783,31.9553,31.01,31.7086,91722.008210723,0
GERM.US,D,20200731,000000,32.3892,32.3892,30.7643,31.3265,112282.2260791,0
GERM.US,D,20200803,000000,31.3265,32.6827,31.3265,32.6151,92270.736285614,0
GERM.US,D,20200804,000000,32.9793,32.9793,32.1623,32.5305,82401.670909359,0
GERM.US,D,20200805,000000,33.2847,33.4717,32.7324,33.1564,115606.75441562,0
GERM.US,D,20200806,000000,33.216,33.2758,31.7285,31.9474,137765.92167438,0
GERM.US,D,20200807,000000,32.0349,32.3593,31.5016,31.9464,50243.793729174,0
GERM.US,D,20200810,000000,32.3294,32.3991,31.3166,31.5016,102080.5068699,0
GERM.US,D,20200811,000000,31.0697,31.2469,29.5324,29.6011,151903.20707639,0
GERM.US,D,20200812,000000,30.1444,30.1444,28.5682,29.1892,151742.40764052,0
GERM.US,D,20200813,000000,29.1792,29.9574,29.1792,29.7404,87431.678262531,0
GERM.US,D,20200814,000000,30.1643,30.1643,29.5822,29.8389,77380.708524454,0
GERM.US,D,20200817,000000,29.9574,30.5772,29.6518,30.5474,70908.531230861,0
GERM.US,D,20200818,000000,30.7255,30.7255,29.6707,30.1733,52288.961554091,0
GERM.US,D,20200819,000000,29.819,30.0956,29.6907,29.7603,74714.452878506,0
GERM.US,D,20200820,000000,29.7305,29.9972,29.632,29.821,41293.295130302,0
GERM.US,D,20200821,000000,29.8787,29.9642,29.219,29.632,72702.449937237,0
GERM.US,D,20200824,000000,29.4648,29.632,28.0578,28.1364,185186.68030764,0
GERM.US,D,20200825,000000,27.8996,28.2538,27.2688,28.0578,157623.64700731,0
GERM.US,D,20200826,000000,27.7911,28.4309,27.7812,28.1166,91984.312290478,0
GERM.US,D,20200827,000000,27.3086,27.4857,26.412,26.817,161363.23888767,0
GERM.US,D,20200828,000000,26.7574,26.8936,26.5503,26.6787,60553.047561112,0
GERM.US,D,20200831,000000,26.7086,27.0827,26.4817,26.9851,87583.43273013,0
GERM.US,D,20200901,000000,26.6986,26.7284,25.4976,25.7165,125275.82549351,0
GERM.US,D,20200902,000000,25.6657,26.1663,25.1523,26.1663,94201.334512476,0
GERM.US,D,20200903,000000,26.1862,26.23,24.9662,25.0548,61296.74495199,0
GERM.US,D,20200904,000000,25.1025,25.1125,23.4299,24.435,107021.06953687,0
GERM.US,D,20200908,000000,23.9722,24.7593,23.7265,24.2469,55863.73401268,0
GERM.US,D,20200909,000000,24.5812,25.0359,24.5374,24.819,49634.765865834,0
GERM.US,D,20200910,000000,25.006,25.2608,24.611,24.611,31289.560226509,0
GERM.US,D,20200911,000000,24.9076,25.1025,24.611,24.8708,20067.769596035,0
GERM.US,D,20200914,000000,25.0359,26.2061,25.0359,26.1911,35871.339152207,0
GERM.US,D,20200915,000000,26.7384,26.7772,26.4319,26.4578,51542.24917379,0
GERM.US,D,20200916,000000,26.5403,27.5553,26.5403,27.3384,42022.922570542,0
GERM.US,D,20200917,000000,27.0727,27.4667,26.6101,26.807,48605.649476293,0
GERM.US,D,20200918,000000,26.9851,27.3573,26.817,27.1514,32675.450364377,0
GERM.US,D,20200921,000000,26.9255,27.1215,26.4598,27.1215,49806.620262914,0
GERM.US,D,20200922,000000,27.2986,27.2986,26.5703,27.0827,24186.245147144,0
GERM.US,D,20200923,000000,26.9753,27.02,26.4817,26.4817,24269.659854499,0
GERM.US,D,20200924,000000,26.1563,26.3195,25.6747,25.7633,49304.122025834,0
GERM.US,D,20200925,000000,25.802,27.0329,25.802,26.9255,30689.577331436,0
GERM.US,D,20200928,000000,27.0229,27.0229,26.5802,26.83,33750.796591729,0
GERM.US,D,20200929,000000,26.827,27.2588,26.827,27.0628,33225.183435743,0
GERM.US,D,20200930,000000,27.1414,27.5055,27.0229,27.21,35331.656045583,0
GERM.US,D,20201001,000000,27.5653,27.5653,27.0449,27.3573,24966.122411092,0
GERM.US,D,20201002,000000,26.807,27.6041,26.6101,27.22,46674.046252957,0
GERM.US,D,20201005,000000,27.2001,28.4598,27.2001,28.2349,85693.034362234,0
GERM.US,D,20201006,000000,29.0021,29.1404,28.4111,28.6966,58629.484309569,0
GERM.US,D,20201007,000000,29.0021,29.3265,28.8449,29.3215,30810.176908335,0
GERM.US,D,20201008,000000,29.5244,29.5922,29.3563,29.425,36826.085802659,0
GERM.US,D,20201009,000000,29.7503,29.7503,29.425,29.5822,27503.738508347,0
GERM.US,D,20201012,000000,29.8289,29.8289,29.4349,29.5722,43279.168163243,0
GERM.US,D,20201013,000000,29.3075,30.026,29.2687,29.7891,30542.847846209,0
GERM.US,D,20201014,000000,30.026,30.026,29.0906,29.0906,27655.492975946,0
GERM.US,D,20201015,000000,29.0508,29.2439,28.5494,29.012,39442.091624899,0
GERM.US,D,20201016,000000,29.4748,29.5424,29.1842,29.2449,23413.402858514,0
GERM.US,D,20201019,000000,29.4946,29.5046,28.3424,28.632,23604.352188605,0
GERM.US,D,20201020,000000,29.1106,29.1205,28.2349,28.3713,24280.714815715,0
GERM.US,D,20201021,000000,28.4598,28.4598,27.417,27.4479,23225.468517847,0
GERM.US,D,20201022,000000,27.7514,28.0578,27.614,28.0479,57113.949626535,0
GERM.US,D,20201023,000000,28.4309,28.4309,27.7732,28.205,16331.192705106,0
GERM.US,D,20201026,000000,28.018,28.2976,27.4469,27.9394,28718.779245608,0
GERM.US,D,20201027,000000,27.6826,28.1662,27.6787,27.9493,13244.848532959,0
GERM.US,D,20201028,000000,27.3284,27.5941,26.7872,27.0359,27258.519368653,0
GERM.US,D,20201029,000000,26.7484,27.6628,26.7484,27.6429,24229.459995532,0
GERM.US,D,20201030,000000,27.5653,27.5653,26.3921,26.7922,23784.24655748,0
GERM.US,D,20201102,000000,26.6787,27.1215,26.5345,26.6787,13061.939174662,0
GERM.US,D,20201103,000000,27.21,27.5653,27.1235,27.5394,33142.773724862,0
GERM.US,D,20201104,000000,27.9493,28.7116,27.9493,28.4499,68293.530405095,0
GERM.US,D,20201105,000000,28.9135,28.9135,28.225,28.5982,37864.247160467,0
GERM.US,D,20201106,000000,28.5494,28.618,28.0678,28.3315,20921.011602597,0
GERM.US,D,20201109,000000,29.0419,29.1892,26.807,27.0031,83288.077799568,0
GERM.US,D,20201110,000000,27.4269,27.4469,26.7086,27.4121,40749.592037781,0
GERM.US,D,20201111,000000,27.3284,28.4309,27.3284,28.4011,43349.517916434,0
GERM.US,D,20201112,000000,28.7066,28.8499,28.3315,28.618,37149.694667339,0
GERM.US,D,20201113,000000,29.1692,29.2687,28.7066,28.9235,32738.765142249,0
GERM.US,D,20201116,000000,29.612,29.612,28.5782,29.022,56101.918177056,0
GERM.US,D,20201117,000000,29.0508,29.0508,28.2538,28.5195,40029.009565808,0
GERM.US,D,20201118,000000,28.618,28.7265,28.1662,28.1662,37285.369191351,0
GERM.US,D,20201119,000000,28.1564,28.5394,28.1564,28.3713,16949.265536715,0
GERM.US,D,20201120,000000,28.5195,28.9922,28.4996,28.9533,36671.316345638,0
GERM.US,D,20201123,000000,29.2887,29.3055,28.9235,29.0419,95947.013388093,0
GERM.US,D,20201124,000000,28.8449,29.0419,28.3713,28.6578,47902.151944381,0
GERM.US,D,20201125,000000,28.6867,29.2787,28.5882,29.2588,51444.764515796,0
GERM.US,D,20201127,000000,29.5146,30.813,29.4748,30.8011,72313.516301736,0
GERM.US,D,20201130,000000,31.5016,32.9793,31.5016,32.7324,129403.3460129,0
GERM.US,D,20201201,000000,33.629,33.9543,31.4439,31.9663,144354.67855898,0
GERM.US,D,20201202,000000,31.7982,32.4977,31.3752,32.2876,49832.750171243,0
GERM.US,D,20201203,000000,32.4877,32.811,32.234,32.811,68348.805211174,0
GERM.US,D,20201204,000000,32.5365,32.9793,32.4877,32.9693,48534.294726628,0
GERM.US,D,20201207,000000,33.2558,33.7623,33.2528,33.629,60343.003298013,0
GERM.US,D,20201208,000000,33.9543,34.3385,33.7862,34.2588,61634.423767309,0
GERM.US,D,20201209,000000,34.4569,34.8987,32.4887,33.0976,87854.781778153,0
GERM.US,D,20201210,000000,32.4877,33.8658,32.4877,33.8359,42347.536431696,0
GERM.US,D,20201211,000000,33.9245,34.2787,33.4737,33.819,37307.479113782,0
GERM.US,D,20201214,000000,34.422,34.7384,33.8509,33.8757,72037.142271342,0
GERM.US,D,20201215,000000,34.2429,34.2429,33.4887,33.8757,31588.044179336,0
GERM.US,D,20201216,000000,33.5285,33.7464,32.6748,32.823,42638.985409203,0
GERM.US,D,20201217,000000,32.8927,33.5185,32.8728,33.5185,33424.172737627,0
GERM.US,D,20201218,000000,33.6071,33.6071,32.7534,32.9822,34213.094969842,0
GERM.US,D,20201221,000000,32.7534,33.7066,32.7534,33.4887,37611.993045453,0
GERM.US,D,20201222,000000,33.4389,33.5872,32.9822,33.3991,42817.874781603,0
GERM.US,D,20201223,000000,33.0717,33.3892,32.1523,33.3892,37567.77320059,0
GERM.US,D,20201224,000000,33.5285,33.5285,32.4369,32.833,20968.246436882,0
GERM.US,D,20201228,000000,32.3971,32.5901,31.5125,31.5125,68259.360524974,0
GERM.US,D,20201229,000000,31.2658,31.5125,30.7693,30.9672,38096.401345998,0
GERM.US,D,20201230,000000,30.8876,31.5205,30.8876,31.1861,19552.20640479,0
GERM.US,D,20201231,000000,31.1763,31.1763,30.5603,30.8678,28581.094728647,0
GERM.US,D,20210104,000000,31.405,31.4618,30.7593,31.2658,30011.204711377,0
GERM.US,D,20210105,000000,31.1165,31.6966,31.0568,31.6717,25737.959703248,0
GERM.US,D,20210106,000000,31.5723,32.622,31.5225,32.4469,25409.325856197,0
GERM.US,D,20210107,000000,32.6151,33.5484,32.6151,33.5484,36905.480524118,0
GERM.US,D,20210108,000000,33.6469,34.2827,33.2508,33.9941,39548.62125116,0
GERM.US,D,20210111,000000,33.2508,34.1932,33.2508,33.8957,24926.9275486,0
GERM.US,D,20210112,000000,33.6768,34.62,33.6768,34.3623,32951.824394771,0
GERM.US,D,20210113,000000,34.2628,35.1265,34.2628,34.7484,28564.009788586,0
GERM.US,D,20210114,000000,35.0469,35.4837,34.9424,35.3145,26200.258081361,0
GERM.US,D,20210115,000000,35.3145,35.9882,34.9772,35.5534,24737.988211458,0
GERM.US,D,20210119,000000,35.5534,36.2279,35.5534,35.9692,21758.173665572,0
GERM.US,D,20210120,000000,36.5951,36.5951,36.019,36.5255,12281.05691424,0
GERM.US,D,20210121,000000,36.7245,36.7245,35.821,36.2279,11064.006184031,0
GERM.US,D,20210122,000000,36.2977,36.427,36.0638,36.4061,10176.594297349,0
GERM.US,D,20210125,000000,36.9126,37.3196,36.4867,37.3196,19130.107885643,0
GERM.US,D,20210126,000000,37.7474,38.3614,37.2996,38.0339,44806.762803967,0
GERM.US,D,20210127,000000,37.5882,40.1982,36.9126,37.1703,83110.193423642,0
GERM.US,D,20210128,000000,37.3394,37.5434,35.9692,36.6747,25923.884050967,0
GERM.US,D,20210129,000000,37.836,39.3862,37.7275,39.0857,60699.77704634,0
GERM.US,D,20210201,000000,40.1982,41.5882,39.8807,41.5484,85768.409097796,0
GERM.US,D,20210202,000000,42.1931,42.2231,40.2777,41.1604,59842.515053881,0
GERM.US,D,20210203,000000,40.7444,41.5683,40.5752,41.3295,30290.593731194,0
GERM.US,D,20210204,000000,41.3295,41.8459,41.2997,41.3593,40242.06881833,0
GERM.US,D,20210205,000000,41.627,42.2987,41.5384,42.1494,44573.603621961,0
GERM.US,D,20210208,000000,43.1165,43.9504,42.4808,43.7812,91816.477879293,0
GERM.US,D,20210209,000000,44.3564,44.3564,42.6797,43.3534,43712.321643606,0
GERM.US,D,20210210,000000,43.3444,44.2558,42.2319,42.6499,62767.054793687,0
GERM.US,D,20210211,000000,42.6797,43.7017,42.431,42.7593,38215.995926423,0
GERM.US,D,20210212,000000,42.7593,43.3842,42.6907,43.0867,28312.760670046,0
GERM.US,D,20210216,000000,43.5823,43.5823,41.6867,41.9654,55487.865331343,0
GERM.US,D,20210217,000000,41.3991,42.6599,41.1703,42.4111,37280.34420898,0
GERM.US,D,20210218,000000,42.4608,42.4608,40.9355,41.3593,37324.564053842,0
GERM.US,D,20210219,000000,41.6867,41.9952,41.3494,41.5782,13575.492372959,0
GERM.US,D,20210222,000000,41.5782,41.5782,39.7016,39.7016,39033.058059915,0
GERM.US,D,20210223,000000,38.3723,38.6798,36.5354,38.62,54466.788913597,0
GERM.US,D,20210224,000000,38.4608,39.1554,38.2131,38.7494,23111.903916266,0
GERM.US,D,20210225,000000,38.7096,39.6628,37.5285,38.0151,20181.334197615,0
GERM.US,D,20210226,000000,37.8648,38.4459,37.022,38.1534,13485.042690284,0
GERM.US,D,20210301,000000,38.7792,39.215,38.2031,39.1056,22167.207230556,0
GERM.US,D,20210302,000000,38.9971,38.9971,37.2201,37.419,30191.099080253,0
GERM.US,D,20210303,000000,36.0787,36.5494,34.9374,34.9374,75968.688478259,0
GERM.US,D,20210304,000000,34.5613,34.9573,32.8528,33.4589,40777.731939058,0
GERM.US,D,20210305,000000,33.5583,34.0837,32.1981,33.9991,31121.725815325,0
GERM.US,D,20210308,000000,34.0638,34.7285,33.1912,33.2906,20502.933069347,0
GERM.US,D,20210309,000000,33.637,34.9872,33.637,34.5712,16238.733029484,0
GERM.US,D,20210310,000000,35.5633,35.5852,34.3921,34.8777,25509.825503613,0
GERM.US,D,20210311,000000,35.623,36.5255,35.623,36.5166,18846.69887993,0
GERM.US,D,20210312,000000,36.625,36.625,35.4718,36.0787,12730.290338189,0
GERM.US,D,20210315,000000,35.7415,36.7145,35.7415,36.7145,12212.717153997,0
GERM.US,D,20210316,000000,36.8728,37.5185,36.7832,37.1315,12155.43235497,0
GERM.US,D,20210317,000000,37.0718,37.6579,36.625,37.6181,9763.5407464682,0
GERM.US,D,20210318,000000,37.3196,37.7076,36.0688,36.0787,12548.385976367,0
GERM.US,D,20210319,000000,37.1215,37.1215,36.2279,36.8828,18870.818795309,0
GERM.US,D,20210322,000000,36.7832,37.417,36.7543,37.3196,8588.6998681747,0
GERM.US,D,20210323,000000,37.2698,37.2698,35.3643,35.5584,22507.901035297,0
GERM.US,D,20210324,000000,36.2678,36.2678,34.1633,34.3823,14704.103413441,0
GERM.US,D,20210325,000000,34.1534,34.3225,33.4887,34.1832,16323.152733313,0
GERM.US,D,20210326,000000,33.9355,34.4469,33.3494,34.1434,17919.08713428,0
GERM.US,D,20210329,000000,33.7862,34.0041,33.1514,33.423,5902.344292744,0
GERM.US,D,20210330,000000,33.2508,33.637,33.231,33.5105,8486.1902278103,0
GERM.US,D,20210331,000000,34.2429,35.2161,34.2429,35.2161,8207.8062044679,0
GERM.US,D,20210401,000000,35.3444,35.7881,34.6608,34.7086,11077.071138196,0
GERM.US,D,20210405,000000,34.9374,35.1902,34.5016,34.5016,12878.024819891,0
GERM.US,D,20210406,000000,34.3623,35.0866,34.2529,34.7384,26255.53288744,0
GERM.US,D,20210407,000000,34.9573,34.9573,33.9553,34.213,13725.236847608,0
GERM.US,D,20210408,000000,34.1136,34.62,34.0936,34.1235,5730.4898956626,0
GERM.US,D,20210409,000000,33.9842,34.2628,33.9842,34.1235,10484.123218441,0
GERM.US,D,20210412,000000,34.0041,34.3026,33.5185,33.8419,18447.715279689,0
GERM.US,D,20210413,000000,34.223,35.2161,34.223,34.9474,18285.910847348,0
GERM.US,D,20210414,000000,34.8777,36.1086,34.8777,35.7415,26598.236685129,0
GERM.US,D,20210415,000000,35.8111,36.5354,35.8111,36.1285,23289.788292193,0
GERM.US,D,20210416,000000,36.019,37.1007,36.019,36.8429,24830.447887081,0
GERM.US,D,20210419,000000,36.4568,37.022,36.1683,36.3772,16554.30192237,0
GERM.US,D,20210420,000000,36.3175,36.5653,35.0578,36.1882,15517.145561036,0
GERM.US,D,20210421,000000,36.2279,36.9424,36.0002,36.9424,10683.112520325,0
GERM.US,D,20210422,000000,37.5086,38.0837,36.9633,37.5583,19333.117173423,0
GERM.US,D,20210423,000000,37.7574,37.8548,37.3096,37.5325,8263.0810105467,0
GERM.US,D,20210426,000000,37.0519,38.3176,37.0519,38.2031,9180.6427914552,0
GERM.US,D,20210427,000000,38.5703,38.7096,38.0837,38.6996,12628.7856943,0
GERM.US,D,20210428,000000,39.2748,39.2748,38.024,38.1832,23829.471398817,0
GERM.US,D,20210429,000000,38.5105,38.5105,37.3544,37.7275,9270.0874776555,0
GERM.US,D,20210430,000000,37.6877,38.1932,37.4489,37.7474,24631.458585197,0
GERM.US,D,20210503,000000,37.8847,38.2121,37.2996,37.3494,12127.292453693,0
GERM.US,D,20210504,000000,37.1703,37.1703,35.5832,35.7026,24106.850425685,0
GERM.US,D,20210505,000000,35.831,36.6847,35.2549,35.2549,9907.2552422731,0
GERM.US,D,20210506,000000,34.6488,35.2359,34.1434,35.1364,54217.549788005,0
GERM.US,D,20210507,000000,35.1364,36.2767,35.1364,35.821,30105.674379949,0
GERM.US,D,20210510,000000,36.0787,36.0927,35.426,35.8708,15961.354002615,0
GERM.US,D,20210511,000000,34.7285,35.5274,34.0041,35.4141,20493.888101079,0
GERM.US,D,20210512,000000,35.1564,35.5036,34.63,34.8479,9762.535749994,0
GERM.US,D,20210513,000000,34.611,35.1762,34.2927,34.9872,10840.896966768,0
GERM.US,D,20210514,000000,34.7384,36.1683,34.7185,35.9394,7794.752653588,0
GERM.US,D,20210517,000000,35.6031,36.3076,35.6031,36.2977,5366.6811720165,0
GERM.US,D,20210518,000000,36.3374,36.5354,36.009,36.1882,9888.1603092641,0
GERM.US,D,20210519,000000,35.1762,36.1205,35.1265,36.0489,7155.574896022,0
GERM.US,D,20210520,000000,36.4668,37.0907,36.4668,37.022,5147.5919406495,0
GERM.US,D,20210521,000000,37.2897,37.2897,36.7643,36.7792,12156.437351444,0
GERM.US,D,20210524,000000,36.833,36.9782,36.5354,36.5354,6182.7383090347,0
GERM.US,D,20210525,000000,36.4668,36.8828,36.2777,36.6549,10493.168186709,0
GERM.US,D,20210526,000000,36.5066,37.228,36.5066,37.032,8809.79909249,0
GERM.US,D,20210527,000000,37.1803,37.1803,36.8071,37.0698,6875.1808797312,0
GERM.US,D,20210528,000000,37.2201,37.9514,37.2201,37.426,13520.21756688,0
GERM.US,D,20210601,000000,37.429,37.4489,36.7832,36.8429,8531.4150691476,0
GERM.US,D,20210602,000000,36.823,37.816,36.7932,37.6479,18690.924426435,0
GERM.US,D,20210603,000000,37.5484,38.0857,37.5484,38.0687,14586.518825964,0
GERM.US,D,20210604,000000,38.2131,38.6996,37.7673,38.5265,16486.967158601,0
GERM.US,D,20210607,000000,38.6996,39.9504,38.6996,39.5972,22007.412791164,0
GERM.US,D,20210608,000000,39.7016,39.7812,38.1733,38.5007,18609.519712028,0
GERM.US,D,20210609,000000,38.5405,39.7315,38.5405,39.4737,23517.922491828,0
GERM.US,D,20210610,000000,39.1554,40.0459,39.1554,39.831,15471.920719699,0
GERM.US,D,20210611,000000,39.9007,39.9007,39.4837,39.5534,6338.5127625296,0
GERM.US,D,20210614,000000,39.5832,39.7762,38.8787,39.1444,13569.462394113,0
GERM.US,D,20210615,000000,39.0171,39.0171,38.2041,38.431,19217.542578895,0
GERM.US,D,20210616,000000,38.2031,38.4807,37.4986,37.9643,10926.321667072,0
GERM.US,D,20210617,000000,37.4787,38.0041,37.2897,37.6579,6916.3857351718,0
GERM.US,D,20210618,000000,37.2797,37.9723,37.2797,37.6698,10814.76705844,0
GERM.US,D,20210621,000000,37.4688,38.2688,37.4688,38.1037,8231.9261198478,0
GERM.US,D,20210622,000000,37.8648,38.4618,37.8648,38.419,8152.5313983891,0
GERM.US,D,20210623,000000,38.1534,38.4917,38.1534,38.4618,17833.662433976,0
GERM.US,D,20210624,000000,39.0181,39.0181,38.6708,38.8947,9022.858345012,0
GERM.US,D,20210625,000000,39.2548,39.2548,38.9484,38.9484,1933.6132162846,0
GERM.US,D,20210628,000000,38.8897,39.2867,38.8897,39.1275,6588.7568845955,0
GERM.US,D,20210629,000000,39.4857,39.824,39.21,39.7832,18944.183537923,0
GERM.US,D,20210630,000000,39.7822,39.834,39.6449,39.7762,5915.4092469081,0
GERM.US,D,20210701,000000,39.7842,39.7842,38.9285,39.5753,11209.730672785,0
GERM.US,D,20210702,000000,39.6499,39.6499,39.1772,39.5305,3952.6511328728,0
GERM.US,D,20210706,000000,39.3961,39.3961,38.6011,38.6708,17721.10282887,0
GERM.US,D,20210707,000000,38.6608,38.6608,37.9802,38.0001,3619.9972999257,0
GERM.US,D,20210708,000000,37.4479,38.1733,36.7912,38.1733,7832.9425196061,0
GERM.US,D,20210709,000000,38.1733,38.7444,37.8946,38.6111,7168.6398501861,0
GERM.US,D,20210712,000000,38.6608,38.8578,38.5315,38.5573,6535.492071465,0
GERM.US,D,20210713,000000,38.2031,38.2031,37.5673,37.5673,6045.0537920748,0
GERM.US,D,20210714,000000,37.7464,37.9046,37.0618,37.1593,5619.9402835049,0
GERM.US,D,20210715,000000,36.9404,37.438,36.9404,37.3882,5681.2450684287,0
GERM.US,D,20210716,000000,37.627,38.3703,37.627,38.1981,4019.9858966416,0
GERM.US,D,20210719,000000,37.9046,39.3554,37.9046,39.1176,15097.057034837,0
GERM.US,D,20210720,000000,39.4161,39.9633,39.0579,39.5155,13255.903494176,0
GERM.US,D,20210721,000000,39.7544,40.022,38.8996,40.022,13973.470976726,0
GERM.US,D,20210722,000000,40.1614,40.4897,40.1614,40.3853,15171.426773926,0
GERM.US,D,20210723,000000,40.5096,40.5096,39.9057,40.4927,8918.3387116993,0
GERM.US,D,20210726,000000,40.7086,40.7086,39.5255,39.8041,8787.6891700585,0
GERM.US,D,20210727,000000,39.6848,39.6848,38.7702,39.223,6297.307907089,0
GERM.US,D,20210728,000000,39.4957,41.0081,39.4957,40.9175,11079.081131144,0
GERM.US,D,20210729,000000,41.046,41.3643,40.6887,40.7783,8470.1102842238,0
GERM.US,D,20210730,000000,40.7484,41.1056,40.7345,40.8181,3631.0522611415,0
GERM.US,D,20210802,000000,41.5534,41.5534,41.0121,41.1952,11044.911251023,0
GERM.US,D,20210803,000000,41.8618,42.3484,41.3245,42.3484,20547.152914209,0
GERM.US,D,20210804,000000,42.5474,44.4559,42.5474,44.1982,54147.200034814,0
GERM.US,D,20210805,000000,44.426,44.5057,43.5912,44.426,68372.925126554,0
GERM.US,D,20210806,000000,44.3364,44.3364,42.4558,43.1495,25959.058927563,0
GERM.US,D,20210809,000000,44.029,45.5156,43.1932,45.2728,72443.160846904,0
GERM.US,D,20210810,000000,45.6986,45.7882,44.635,44.7344,45174.59151351,0
GERM.US,D,20210811,000000,44.9633,44.9633,42.0509,42.7265,66641.316201576,0
GERM.US,D,20210812,000000,43.6807,43.9991,42.826,43.3226,39023.008095173,0
GERM.US,D,20210813,000000,44.3066,44.3066,43.3424,43.4758,22447.601246847,0
GERM.US,D,20210816,000000,43.6111,43.6111,41.5634,42.5176,44005.780614061,0
GERM.US,D,20210817,000000,41.5634,43.0399,41.5634,42.9454,16835.700935135,0
GERM.US,D,20210818,000000,43.2031,43.2927,42.2887,42.7464,21016.486267642,0
GERM.US,D,20210819,000000,42.1006,42.1146,41.225,41.2409,19168.297751661,0
GERM.US,D,20210820,000000,41.6529,42.5176,41.5534,42.3504,11416.759946462,0
GERM.US,D,20210823,000000,43.7106,44.0787,43.0051,44.0787,26470.60213291,0
GERM.US,D,20210824,000000,44.2768,44.2768,43.1047,43.85,18395.455463031,0
GERM.US,D,20210825,000000,43.85,44.3444,43.85,44.3364,17258.804450757,0
GERM.US,D,20210826,000000,44.3862,44.7344,43.3722,43.7972,31655.378943104,0
GERM.US,D,20210827,000000,44.7544,44.7544,43.4917,43.9096,26344.97757364,0
GERM.US,D,20210830,000000,44.0489,44.1763,43.3722,43.6907,14524.209044566,0
GERM.US,D,20210831,000000,44.0191,44.1086,43.6111,43.7404,6632.9767294586,0
GERM.US,D,20210901,000000,43.6509,44.4459,43.5315,44.1185,10333.373747317,0
GERM.US,D,20210902,000000,43.9594,44.7246,43.9594,44.5553,8985.6734754681,0
GERM.US,D,20210903,000000,44.4061,44.5455,44.1693,44.5395,12264.976970653,0
GERM.US,D,20210907,000000,44.7544,45.0429,44.7046,45.0429,17340.209165163,0
GERM.US,D,20210908,000000,44.8837,44.8837,44.0191,44.4877,17397.493964191,0
GERM.US,D,20210909,000000,44.4459,44.9484,44.4459,44.6449,18184.406203458,0
GERM.US,D,20210910,000000,44.8937,45.1026,44.3364,44.3364,23557.11735432,0
GERM.US,D,20210913,000000,44.4658,44.4658,42.7563,42.9056,29958.944894721,0
GERM.US,D,20210914,000000,43.2429,43.9196,42.9654,43.0012,14506.119108031,0
GERM.US,D,20210915,000000,42.9454,43.6011,42.9454,43.2529,19236.637511904,0
GERM.US,D,20210916,000000,43.432,43.8996,43.3026,43.8996,11569.519410534,0
GERM.US,D,20210917,000000,44.0091,44.0091,43.2429,43.9365,12233.822079955,0
GERM.US,D,20210920,000000,43.4618,43.5593,42.2589,42.6369,26857.525775462,0
GERM.US,D,20210921,000000,42.7464,43.3942,42.7464,43.2261,8793.7191489034,0
GERM.US,D,20210922,000000,43.3889,43.4032,42.835,43.1636,11317.265295521,0
GERM.US,D,20210923,000000,43.5823,44.1494,43.5126,44.1494,15362.376104016,0
GERM.US,D,20210924,000000,43.9106,43.9106,43.0362,43.1245,13078.019118249,0
GERM.US,D,20210927,000000,42.8658,42.8658,42.0598,42.3469,17649.748079205,0
GERM.US,D,20210928,000000,41.7813,41.7813,40.3683,40.4096,25267.62135334,0
GERM.US,D,20210929,000000,40.5474,41.1877,40.2588,40.3086,17451.763773795,0
GERM.US,D,20210930,000000,40.5076,41.2141,40.3833,40.8075,11523.289572723,0
GERM.US,D,20211001,000000,40.4081,40.4081,37.624,38.8952,29695.635818491,0
GERM.US,D,20211004,000000,38.4081,38.4529,37.9404,38.3584,12258.946991809,0
GERM.US,D,20211005,000000,38.428,38.8061,38.428,38.5275,5739.53486393,0
GERM.US,D,20211006,000000,38.0697,38.3384,37.5921,37.6718,18895.943707163,0
GERM.US,D,20211007,000000,37.8708,38.8061,37.8708,38.418,9416.8169628829,0
GERM.US,D,20211008,000000,38.8061,38.8061,38.2091,38.2677,6662.1216272092,0
GERM.US,D,20211011,000000,38.0201,38.5175,38.0201,38.03,7954.5470929795,0
GERM.US,D,20211012,000000,38.2688,38.2688,37.9504,37.9955,5625.9702623499,0
GERM.US,D,20211013,000000,37.9603,38.418,37.9603,38.2886,3816.9766088612,0
GERM.US,D,20211014,000000,38.4579,39.0847,38.4579,38.5971,14453.859291375,0
GERM.US,D,20211015,000000,38.8957,38.8957,38.1195,38.244,9303.2523613027,0
GERM.US,D,20211018,000000,37.9404,38.229,37.5026,38.1645,15857.839365776,0
GERM.US,D,20211019,000000,38.0101,38.4579,38.0101,38.1792,65991.083482794,0
GERM.US,D,20211020,000000,37.9205,38.3384,37.9205,37.9653,14239.795042378,0
GERM.US,D,20211021,000000,38.0599,38.1892,38.0001,38.1892,4911.4177692218,0
GERM.US,D,20211022,000000,37.811,37.8416,37.4429,37.8416,9692.1859968028,0
GERM.US,D,20211025,000000,37.9902,38.3384,37.9504,38.302,15036.757246388,0
GERM.US,D,20211026,000000,38.3384,38.3771,38.0001,38.1245,9401.7420157705,0
GERM.US,D,20211027,000000,37.9106,38.1792,37.5723,37.5884,7025.9303508553,0
GERM.US,D,20211028,000000,37.5026,37.9047,37.5026,37.9047,6129.4734959042,0
GERM.US,D,20211029,000000,37.6817,37.7414,37.5126,37.7136,8265.0910034951,0
GERM.US,D,20211101,000000,37.6221,38.4877,37.6221,38.4519,14052.865698185,0
GERM.US,D,20211102,000000,38.6369,39.0051,38.627,38.9697,9781.6306830031,0
GERM.US,D,20211103,000000,39.0747,39.2526,38.7272,39.2526,5568.6854633227,0
GERM.US,D,20211104,000000,38.5076,38.7762,38.1991,38.4785,6841.0109996098,0
GERM.US,D,20211105,000000,36.826,36.8558,34.9653,35.4926,48456.909998118,0
GERM.US,D,20211108,000000,35.2837,36.2241,35.2837,36.1195,11866.998366886,0
GERM.US,D,20211109,000000,36.1195,36.1195,35.5524,35.5923,7777.6677135273,0
GERM.US,D,20211110,000000,35.7713,36.2339,35.3235,35.433,5345.5762460591,0
GERM.US,D,20211111,000000,35.433,35.9134,35.433,35.8608,18032.65173586,0
GERM.US,D,20211112,000000,36.0698,36.1931,36.0002,36.1693,4667.2036260009,0
GERM.US,D,20211115,000000,36.2688,36.3481,36.1793,36.1793,10217.799152789,0
GERM.US,D,20211116,000000,36.01,36.836,36.01,36.7165,13122.238963112,0
GERM.US,D,20211117,000000,36.6569,37.2041,36.6569,36.8956,6733.4763768746,0
GERM.US,D,20211118,000000,37.7215,37.7215,36.9554,37.0648,7201.8047338334,0
GERM.US,D,20211119,000000,37.1743,37.4528,37.1643,37.2964,7275.1694764471,0
GERM.US,D,20211122,000000,37.3235,37.4927,37.0947,37.3523,6638.0017118294,0
GERM.US,D,20211123,000000,36.8658,36.9752,36.0797,36.7763,14008.645853321,0
GERM.US,D,20211124,000000,36.428,36.9156,36.428,36.9156,1181.8758536126,0
GERM.US,D,20211126,000000,37.7215,39.2042,37.7215,38.7762,34253.294828809,0
GERM.US,D,20211129,000000,39.7614,40.0598,39.1643,39.3335,36555.74175111,0
GERM.US,D,20211130,000000,39.3136,40.3285,39.0051,39.7315,23877.711229576,0
GERM.US,D,20211201,000000,39.5126,39.5126,38.0499,38.0499,31975.972818361,0
GERM.US,D,20211202,000000,38.0499,38.4977,37.417,37.6917,23012.409265325,0
GERM.US,D,20211203,000000,38.3683,38.3683,36.8658,37.2041,9158.5328690236,0
GERM.US,D,20211206,000000,36.7663,36.7663,34.9952,35.1942,20768.252138524,0
GERM.US,D,20211207,000000,35.3832,37.2605,35.3832,37.2605,11131.340947801,0
GERM.US,D,20211208,000000,37.5723,37.5921,37.2806,37.3581,3486.3327688624,0
GERM.US,D,20211209,000000,36.9056,37.4409,36.2813,36.2813,4459.1693558497,0
GERM.US,D,20211210,000000,35.9156,36.0586,35.4728,35.5226,7332.4542754742,0
GERM.US,D,20211213,000000,35.7315,36.5473,35.7315,36.365,6101.3335946277,0
GERM.US,D,20211214,000000,35.0648,35.2937,34.9554,35.2061,14811.638036176,0
GERM.US,D,20211215,000000,34.8359,36.3384,34.8359,36.2719,14383.509538183,0
GERM.US,D,20211216,000000,36.5573,37.1558,36.5374,36.9872,5546.5755408912,0
GERM.US,D,20211217,000000,36.9056,38.3882,36.7563,38.0771,8112.3315394227,0
GERM.US,D,20211220,000000,38.5573,38.8061,37.5623,37.6746,7739.4778475092,0
GERM.US,D,20211221,000000,37.6021,37.6021,36.7265,37.2762,10084.134621725,0
GERM.US,D,20211222,000000,37.1046,37.1046,36.3982,36.7784,17840.697409295,0
GERM.US,D,20211223,000000,36.816,36.816,35.9782,36.5176,20224.549046003,0
GERM.US,D,20211227,000000,36.4081,36.4081,35.652,35.6961,17950.242024979,0
GERM.US,D,20211228,000000,35.3733,36.2191,35.0648,35.082,18368.320558229,0
GERM.US,D,20211229,000000,35.0946,35.2141,34.6966,35.1925,13168.468800924,0
GERM.US,D,20211230,000000,35.025,36.04,35.025,35.821,12156.437351444,0
GERM.US,D,20211231,000000,35.8111,36.1046,35.4528,35.4528,7825.907544287,0
GERM.US,D,20220103,000000,35.3832,35.3832,34.4678,35.2905,14031.760772227,0
GERM.US,D,20220104,000000,35.025,35.025,33.4727,33.7314,22419.46134557,0
GERM.US,D,20220105,000000,33.7314,33.9305,32.1394,32.1394,22555.135869582,0
GERM.US,D,20220106,000000,32.1195,32.2748,31.3434,32.0048,8863.0639056205,0
GERM.US,D,20220107,000000,32.0499,32.1493,31.841,31.8807,3646.1272082539,0
GERM.US,D,20220110,000000,31.7613,32.6469,31.6121,32.6469,11590.624336492,0
GERM.US,D,20220111,000000,32.6071,32.6855,32.3625,32.5375,7923.3922022805,0
GERM.US,D,20220112,000000,32.9553,32.9553,32.1206,32.1997,9714.2959192343,0
GERM.US,D,20220113,000000,31.841,31.841,30.7265,30.7315,22481.771126968,0
GERM.US,D,20220114,000000,30.3484,30.5374,29.7215,30.4852,19317.037229837,0
GERM.US,D,20220118,000000,29.8807,29.8807,29.0448,29.0448,11740.368811141,0
GERM.US,D,20220119,000000,29.2737,29.2737,28.6258,28.6258,4599.8688622321,0
GERM.US,D,20220120,000000,28.9454,29.2339,28.1986,28.1986,16245.768004803,0
GERM.US,D,20220121,000000,27.8608,27.9603,27.4529,27.4529,17203.529644678,0
GERM.US,D,20220124,000000,26.8459,27.2659,25.5623,27.2659,21390.344956029,0
GERM.US,D,20220125,000000,26.6866,27.1742,26.4976,26.8884,4647.1036965177,0
GERM.US,D,20220126,000000,27.1742,27.6306,26.3782,26.5182,6429.9674416782,0
GERM.US,D,20220127,000000,26.5971,26.5971,25.739,25.7565,5540.5455620462,0
GERM.US,D,20220128,000000,25.4827,26.7464,25.4827,26.6767,8654.0246389951,0
GERM.US,D,20220131,000000,26.8956,27.8608,26.8658,27.8527,26039.458645496,0
GERM.US,D,20220201,000000,27.6419,28.4822,27.6419,28.4822,3956.6711187695,0
GERM.US,D,20220202,000000,28.2344,28.2588,27.8011,28.0384,9063.0582039784,0
GERM.US,D,20220203,000000,27.1742,28.02,27.1742,27.6636,9637.9161871982,0
GERM.US,D,20220204,000000,27.5523,27.9305,27.5125,27.8608,4848.1029913497,0
GERM.US,D,20220207,000000,27.612,28.1949,27.612,27.9703,7189.7447761434,0
GERM.US,D,20220208,000000,27.7215,27.7911,27.3732,27.737,3564.7224938469,0
GERM.US,D,20220209,000000,28.4081,28.7762,28.4081,28.7376,5782.7497123189,0
GERM.US,D,20220210,000000,27.8608,29.2339,27.7712,28.2154,9657.0111202072,0
GERM.US,D,20220211,000000,28.1991,28.617,27.9503,28.0637,4098.3756216261,0
GERM.US,D,20220214,000000,27.612,27.7712,27.0548,27.137,11357.465154487,0
GERM.US,D,20220215,000000,26.8857,28.0725,26.8857,28.0725,3903.406305639,0
GERM.US,D,20220216,000000,28.0001,28.219,27.7911,28.2024,6058.1187462388,0
GERM.US,D,20220217,000000,27.811,27.8907,27.2438,27.2835,8564.5799527949,0
GERM.US,D,20220218,000000,27.1145,27.3931,26.9553,27.2411,8856.0289303014,0
GERM.US,D,20220222,000000,26.8658,27.3728,26.8658,27.0749,5731.4948921367,0
GERM.US,D,20220223,000000,26.9354,26.9555,26.3121,26.3121,7027.9403438036,0
GERM.US,D,20220224,000000,25.6916,27.1212,25.6916,27.1212,12348.391678009,0
GERM.US,D,20220225,000000,26.9056,27.4834,26.9056,27.4834,4349.6247401662,0
GERM.US,D,20220228,000000,27.0847,27.4011,27.0847,27.3366,4711.4234708639,0
GERM.US,D,20220301,000000,27.0151,27.632,27.0151,27.0803,4402.8895532967,0
GERM.US,D,20220302,000000,27.0648,27.3036,26.7215,27.2686,6839.0010066615,0
GERM.US,D,20220303,000000,27.1444,27.1444,26.5827,26.5827,1728.5939355559,0
GERM.US,D,20220304,000000,26.3384,26.3384,25.8408,25.9267,4628.0087635086,0
GERM.US,D,20220307,000000,25.6386,25.6386,25.3135,25.3501,4279.2749869749,0
GERM.US,D,20220308,000000,25.0349,25.831,24.8159,25.2571,6061.1337356613,0
GERM.US,D,20220309,000000,25.4429,26.3484,25.4429,26.2737,5502.3556960281,0
GERM.US,D,20220310,000000,25.5921,25.7887,25.4727,25.7887,4189.8303007747,0
GERM.US,D,20220311,000000,25.8211,25.8211,25.0717,25.0717,2478.3213052795,0
GERM.US,D,20220314,000000,24.8757,25.9503,24.8757,24.9454,8233.9361127961,0
GERM.US,D,20220315,000000,25.0946,25.4116,25.0349,25.4116,2444.1514251581,0
GERM.US,D,20220316,000000,26.0797,26.6461,25.9006,26.6461,30136.829270647,0
GERM.US,D,20220317,000000,26.9404,27.2837,26.9341,27.1444,2932.5797116,0
GERM.US,D,20220318,000000,27.7613,27.9404,27.7215,27.9376,8599.7548293905,0
GERM.US,D,20220321,000000,28.0101,28.0101,27.2936,27.3929,2690.3755613274,0
GERM.US,D,20220322,000000,27.3732,28.214,27.3732,28.1201,3740.596876825,0
GERM.US,D,20220323,000000,27.632,27.8409,27.4587,27.4587,5093.3221310449,0
GERM.US,D,20220324,000000,27.3533,27.6718,27.2936,27.6718,4267.215029285,0
GERM.US,D,20220325,000000,27.4429,27.4429,26.806,26.8301,4888.3028503161,0
GERM.US,D,20220328,000000,26.9553,27.2125,26.3878,26.9346,6109.373566421,0
GERM.US,D,20220329,000000,27.2638,27.8509,27.2638,27.8211,8217.8561692095,0
GERM.US,D,20220330,000000,28.0962,28.1494,27.5125,27.5334,3075.2892109308,0
GERM.US,D,20220331,000000,27.4628,27.5822,27.2326,27.2326,3664.2171447888,0
GERM.US,D,20220401,000000,27.4329,27.6719,27.3733,27.6021,7636.9682071448,0
GERM.US,D,20220404,000000,27.6816,28.0896,27.6816,27.9695,3075.2892109308,0
GERM.US,D,20220405,000000,27.8309,27.9105,27.0548,27.0548,3837.0765383444,0
GERM.US,D,20220406,000000,26.8658,26.9255,26.6071,26.9235,3818.9866018095,0
GERM.US,D,20220407,000000,26.6469,27.234,26.6469,27.1145,6823.9260595491,0
GERM.US,D,20220408,000000,27.0946,27.0946,26.6167,26.6167,1763.7688121515,0
GERM.US,D,20220411,000000,25.833,26.3981,25.833,26.15,3436.0829451544,0
GERM.US,D,20220412,000000,26.5176,26.5176,25.9006,26.0096,4026.0158754865,0
GERM.US,D,20220413,000000,25.9503,26.9056,25.9503,26.8284,4304.399898829,0
GERM.US,D,20220414,000000,26.7962,26.7962,26.229,26.2383,1917.533272698,0
GERM.US,D,20220418,000000,26.219,26.219,25.0946,25.2936,6559.6119868449,0
GERM.US,D,20220419,000000,24.9752,25.6975,24.9752,25.5424,4890.3128432645,0
GERM.US,D,20220420,000000,25.5723,25.8508,25.5523,25.6683,5104.3770922606,0
GERM.US,D,20220421,000000,25.6817,25.6817,24.8458,24.8458,5441.0509111044,0
GERM.US,D,20220422,000000,24.6269,24.6369,24.3882,24.3902,2039.1378460714,0
GERM.US,D,20220425,000000,23.9702,24.7961,23.9702,24.7563,3206.9437490458,0
GERM.US,D,20220426,000000,24.7165,24.7165,23.7182,23.7182,9268.0774847071,0
GERM.US,D,20220427,000000,23.6916,23.7811,23.622,23.6949,14618.678713137,0
GERM.US,D,20220428,000000,23.5622,23.5622,22.7264,23.4926,3128.5540240613,0
GERM.US,D,20220429,000000,23.3135,23.6021,23.0885,23.0885,4670.2186154233,0
GERM.US,D,20220502,000000,22.8757,23.6817,22.8757,23.6817,2962.7296058248,0
GERM.US,D,20220503,000000,24.1493,24.1991,23.8409,24.0162,1249.2106173814,0
GERM.US,D,20220504,000000,23.8409,24.5374,23.4628,24.5374,1813.0136393853,0
GERM.US,D,20220505,000000,24.0399,24.0399,23.3335,23.442,2903.4348138494,0
GERM.US,D,20220506,000000,22.8657,23.1692,22.7663,22.7734,2814.9951241233,0
GERM.US,D,20220509,000000,22.3881,22.3881,21.7205,21.7205,8264.0860070209,0
GERM.US,D,20220510,000000,22.1096,22.2191,21.63,22.079,2163.7574088673,0
GERM.US,D,20220511,000000,21.8713,21.8713,20.7762,20.7906,3864.2114431467,0
GERM.US,D,20220512,000000,20.617,21.5763,20.617,21.5763,5231.0066480048,0
GERM.US,D,20220513,000000,22.01,22.8507,22.01,22.7356,6195.8032631988,0
GERM.US,D,20220516,000000,22.8757,22.9306,22.5274,22.5511,1705.4790166502,0
GERM.US,D,20220517,000000,22.7264,23.3931,22.7165,23.3931,6450.0673711614,0
GERM.US,D,20220518,000000,22.9453,23.3598,22.799,22.8459,5098.3471134157,0
GERM.US,D,20220519,000000,23.3732,23.8807,23.3732,23.6867,3366.7381884373,0
GERM.US,D,20220520,000000,23.7713,23.7714,23.2837,23.6601,4333.5447965796,0
GERM.US,D,20220523,000000,23.5822,23.9079,23.5822,23.6599,1667.2891506321,0
GERM.US,D,20220524,000000,23.2538,23.2538,22.8558,22.9351,5194.8267749351,0
GERM.US,D,20220525,000000,22.7568,22.7784,22.4677,22.7784,12931.289633022,0
GERM.US,D,20220526,000000,22.7513,23.0509,22.7513,23.0509,3077.2992038791,0
GERM.US,D,20220527,000000,22.9453,24.0976,22.9453,24.0698,4355.6547190111,0
GERM.US,D,20220531,000000,23.8807,23.8807,23.1046,23.2538,1847.1835195068,0
GERM.US,D,20220601,000000,23.4965,23.4965,22.8359,23.005,4686.2985590099,0
GERM.US,D,20220602,000000,22.8061,23.244,22.7861,23.1842,4420.9794898316,0
GERM.US,D,20220603,000000,23.0349,23.0349,22.6966,22.9729,1212.0257478374,0
GERM.US,D,20220606,000000,22.9354,23.025,22.6468,22.6468,2016.0229271657,0
GERM.US,D,20220607,000000,23.0946,23.2981,23.025,23.2981,2914.4897750651,0
GERM.US,D,20220608,000000,23.2041,23.6419,23.2041,23.3335,1720.5539637626,0
GERM.US,D,20220609,000000,23.1344,23.1344,22.3981,22.3981,2352.6967460095,0
GERM.US,D,20220610,000000,22.1892,22.1892,21.7016,21.821,14908.117697695,0
GERM.US,D,20220613,000000,20.9851,20.9851,20.5871,20.5871,4130.5355087992,0
GERM.US,D,20220614,000000,20.7862,20.8558,20.5759,20.7916,4576.7539433264,0
GERM.US,D,20220615,000000,21.1145,21.4627,21.1145,21.393,3728.5369191351,0
GERM.US,D,20220616,000000,20.7662,20.7946,20.4777,20.7946,4370.7296661235,0
GERM.US,D,20220617,000000,20.6269,21.7116,20.6269,21.5324,5008.9024272154,0
GERM.US,D,20220621,000000,22.1394,22.1792,21.9105,21.915,9170.5928267136,0
GERM.US,D,20220622,000000,21.5016,22.828,21.5016,22.4191,3415.2470587326,0
GERM.US,D,20220623,000000,22.4092,23.5062,22.4092,23.4763,5256.2316740682,0
GERM.US,D,20220624,000000,23.7954,23.8054,23.3765,23.6901,3636.8470587267,0
GERM.US,D,20220627,000000,23.5119,23.8177,23.5119,23.6573,1407.8117646684,0
GERM.US,D,20220628,000000,23.7156,23.7156,23.1839,23.1839,837.2669683035,0
GERM.US,D,20220629,000000,22.9976,23.3083,22.9976,23.3083,1107.9999999705,0
GERM.US,D,20220630,000000,22.9577,23.2669,22.9577,23.1931,3426.2769229857,0
GERM.US,D,20220701,000000,23.5162,23.9266,23.5162,23.9266,4832.0832577899,0
GERM.US,D,20220705,000000,23.6957,24.8625,23.6259,24.8625,6714.1791853416,0
GERM.US,D,20220706,000000,25.0022,25.0621,24.7857,24.9094,1783.8298642059,0
GERM.US,D,20220707,000000,24.693,25.8989,24.693,25.8638,4582.407239697,0
GERM.US,D,20220708,000000,25.5008,26.1889,25.5008,26.0568,4008.8542985358,0
GERM.US,D,20220711,000000,25.4409,25.4409,25.1816,25.1866,1117.0244343594,0
GERM.US,D,20220712,000000,24.683,25.24,24.683,25.24,2610.0669682563,0
GERM.US,D,20220713,000000,25.2913,25.4466,25.2514,25.4164,7586.5411762686,0
GERM.US,D,20220714,000000,24.8226,24.8226,24.1544,24.2961,5162.9791853829,0
GERM.US,D,20220715,000000,24.1744,24.739,24.1744,24.739,1401.7954750758,0
GERM.US,D,20220718,000000,24.5234,25.0019,24.2771,24.2771,2627.113122102,0
GERM.US,D,20220719,000000,24.7029,25.0116,24.7029,25.0116,575.5583710254,0
GERM.US,D,20220720,000000,25.5905,25.5905,25.052,25.2219,1019.7610859457,0
GERM.US,D,20220721,000000,25.1417,25.4483,25.1417,25.3737,2147.8153845582,0
GERM.US,D,20220722,000000,25.0201,25.0201,24.4955,24.5175,1423.855203582,0
GERM.US,D,20220725,000000,24.6331,24.7129,24.6331,24.6456,1425.8606334462,0
GERM.US,D,20220726,000000,24.9124,24.9124,24.673,24.673,488.3221719327,0
GERM.US,D,20220727,000000,24.4736,25.0671,24.4736,25.0671,5127.8841627594,0
GERM.US,D,20220728,000000,24.6074,25.2514,24.6074,25.1816,1547.1891402303,0
GERM.US,D,20220729,000000,25.0021,25.0021,24.7428,24.8725,4934.3601808641,0
GERM.US,D,20220801,000000,24.7528,24.8824,24.5633,24.5633,2422.5592759536,0
GERM.US,D,20220802,000000,24.8326,24.8326,24.683,24.7549,820.2208144578,0
GERM.US,D,20220803,000000,25.7401,26.1291,25.7401,26.1177,5624.2280541489,0
GERM.US,D,20220804,000000,26.2787,26.8804,26.2787,26.7984,3282.8886876954,0
GERM.US,D,20220805,000000,26.7873,27.266,26.6776,27.266,3088.361990868,0
GERM.US,D,20220808,000000,27.4754,27.4754,27.0815,27.1486,2035.511312163,0
GERM.US,D,20220809,000000,26.877,26.877,25.9296,25.9935,3735.1131220725,0
GERM.US,D,20220810,000000,26.2787,26.7886,26.2587,26.7886,11984.448868459,0
GERM.US,D,20220811,000000,26.9768,27.3358,26.4476,26.4476,1619.3846153415,0
GERM.US,D,20220812,000000,26.3684,26.8322,26.3684,26.7474,8852.9701355109,0
GERM.US,D,20220815,000000,26.7673,27.1724,26.7673,27.1724,2033.5058822988,0
GERM.US,D,20220816,000000,26.5679,26.7075,26.4931,26.5881,3155.5438913187,0
GERM.US,D,20220817,000000,25.79,25.9296,25.7755,25.7755,1888.1122171443,0
GERM.US,D,20220818,000000,25.2315,25.3926,25.2315,25.3641,1327.5945701004,0
GERM.US,D,20220819,000000,25.0221,25.0221,24.7628,24.7628,2882.8054297875,0
GERM.US,D,20220822,000000,24.4337,24.4337,24.314,24.3301,572.5502262291,0
GERM.US,D,20220823,000000,24.1943,24.4935,24.1943,24.49,1470.9828053907,0
GERM.US,D,20220824,000000,24.1943,24.7753,23.8852,24.7029,6370.2479636313,0
GERM.US,D,20220825,000000,24.5833,24.7732,24.5833,24.7732,976.6443438654,0
GERM.US,D,20220826,000000,24.5633,24.6142,23.9153,23.9153,2280.1737555954,0
GERM.US,D,20220829,000000,23.7106,23.9167,23.6129,23.6129,3257.8208143929,0
GERM.US,D,20220830,000000,23.6857,23.6857,23.217,23.2569,871.3592759949,0
GERM.US,D,20220831,000000,23.2668,23.3965,23.2668,23.3909,1566.2407239402,0
GERM.US,D,20220901,000000,23.3067,23.587,23.3067,23.587,1516.1049773352,0
GERM.US,D,20220902,000000,23.2874,23.2874,23.2874,23.2874,320.868778272,0
GERM.US,D,20220906,000000,23.1576,23.1576,22.7993,22.7993,613.6615384452,0
GERM.US,D,20220907,000000,22.6685,23.3285,22.6685,23.3285,753.0389140071,0
GERM.US,D,20220908,000000,23.6408,23.836,23.6408,23.836,917.4841628715,0
GERM.US,D,20220909,000000,23.6857,24.1943,23.6857,23.925,1816.9194569652,0
GERM.US,D,20220912,000000,23.8054,24.2277,23.8054,24.2277,3126.4651582878,0
GERM.US,D,20220913,000000,23.3765,23.3765,23.2589,23.2589,463.2542986302,0
GERM.US,D,20220914,000000,23.3798,23.3798,23.2269,23.3765,490.3276017969,0
GERM.US,D,20220915,000000,23.2369,23.2845,23.2369,23.2845,642.7402714761,0
GERM.US,D,20220916,000000,22.9976,22.9976,22.5089,22.7711,1631.4171945267,0
GERM.US,D,20220919,000000,22.6385,22.6385,21.8806,22.292,5745.556560933,0
GERM.US,D,20220920,000000,21.9205,22.2296,21.9205,22.1,1579.2760180575,0
GERM.US,D,20220921,000000,21.94,21.94,21.37,21.4313,3053,0
GERM.US,D,20220922,000000,21.19,21.19,20.94,20.9808,3693,0
GERM.US,D,20220923,000000,20.76,20.76,20.4,20.74,3004,0
GERM.US,D,20220926,000000,20.43,20.95,20.43,20.4722,1794,0
GERM.US,D,20220927,000000,20.3,20.86,20.3,20.7127,8896,0
GERM.US,D,20220928,000000,21.05,21.402,21.05,21.34,1496,0
GERM.US,D,20220929,000000,20.87,20.87,20.77,20.8371,10080,0
GERM.US,D,20220930,000000,20.85,20.85,20.72,20.7332,3529,0
GERM.US,D,20221003,000000,20.905,21.0501,20.82,21.0382,1418,0
GERM.US,D,20221004,000000,21.56,21.8018,21.56,21.8018,1637,0
GERM.US,D,20221005,000000,21.38,21.7406,21.38,21.7115,1041,0
GERM.US,D,20221006,000000,21.49,21.5192,21.49,21.5192,476,0
GERM.US,D,20221007,000000,20.93,20.93,20.55,20.55,2173,0
GERM.US,D,20221010,000000,20.7191,20.7191,20.62,20.625,2684,0
GERM.US,D,20221011,000000,20.49,20.8279,20.34,20.43,3433,0
GERM.US,D,20221012,000000,20.41,20.65,20.41,20.6419,1955,0
GERM.US,D,20221013,000000,20.4643,21.118,20.4643,21.118,1630,0
GERM.US,D,20221014,000000,20.98,20.98,20.773,20.773,2097,0
GERM.US,D,20221017,000000,20.93,21.36,20.93,21.3533,973,0
GERM.US,D,20221018,000000,21.34,21.34,21.21,21.2262,920,0
GERM.US,D,20221019,000000,20.99,20.99,20.31,20.3664,1254,0
GERM.US,D,20221020,000000,20.65,20.7463,20.32,20.376,1549,0
GERM.US,D,20221021,000000,20.5,20.98,20.5,20.98,2802,0
GERM.US,D,20221024,000000,21.16,21.2868,21.15,21.2686,2144,0
GERM.US,D,20221025,000000,21.93,21.9892,21.93,21.9892,405,0
GERM.US,D,20221026,000000,22.34,22.51,22.34,22.4846,2246,0
GERM.US,D,20221027,000000,22.55,22.55,22.09,22.1,4186,0
GERM.US,D,20221028,000000,21.96,22.7853,21.96,22.7853,1278,0
GERM.US,D,20221031,000000,22.59,22.75,22.59,22.6034,1046,0
GERM.US,D,20221101,000000,22.98,22.99,22.8,22.8496,1172,0
GERM.US,D,20221102,000000,22.76,23,22.558,22.558,1506,0
GERM.US,D,20221103,000000,22.58,22.59,22.56,22.5655,4785,0
GERM.US,D,20221104,000000,22.82,23.016,22.59,23.016,2568,0
GERM.US,D,20221107,000000,22.82,23.2855,22.82,23.08,1560,0
GERM.US,D,20221108,000000,23.02,23.375,22.91,23.1565,1072,0
GERM.US,D,20221109,000000,22.86,22.91,22.51,22.5346,1031,0
GERM.US,D,20221110,000000,23.1601,23.7657,23.1601,23.7657,1292,0
GERM.US,D,20221111,000000,23.44,24.32,23.44,24.24,1660,0
GERM.US,D,20221114,000000,24.39,24.71,24.39,24.3993,2681,0
GERM.US,D,20221115,000000,24.64,24.8168,24.54,24.5673,2235,0
GERM.US,D,20221116,000000,24.2988,24.31,24.11,24.1722,1211,0
GERM.US,D,20221117,000000,23.9699,23.9699,23.75,23.858,624,0
GERM.US,D,20221118,000000,23.84,23.8856,23.64,23.6665,977,0
GERM.US,D,20221121,000000,23.42,23.42,23.3101,23.372,1271,0
GERM.US,D,20221122,000000,23.37,23.37,23.08,23.34,4903,0
GERM.US,D,20221123,000000,23.37,23.43,23.18,23.28,3821,0
GERM.US,D,20221125,000000,23.22,23.2751,23.22,23.2698,1106,0
GERM.US,D,20221128,000000,23.3,23.3,22.97,22.99,5035,0
GERM.US,D,20221129,000000,23.1301,23.16,23.03,23.16,2259,0
GERM.US,D,20221130,000000,23.36,23.7213,23.17,23.7213,4719,0
GERM.US,D,20221201,000000,23.7,24.11,23.7,23.8007,1886,0
GERM.US,D,20221202,000000,23.48,23.96,23.4,23.9,2565,0
GERM.US,D,20221205,000000,23.51,23.51,23.27,23.35,1592,0
GERM.US,D,20221206,000000,23.17,23.17,22.9022,22.9022,295,0
GERM.US,D,20221207,000000,23,23.33,23,23.32,2164,0
GERM.US,D,20221208,000000,23.5201,23.6,23.4101,23.4976,2366,0
GERM.US,D,20221209,000000,23.38,23.38,23.1384,23.1384,318,0
GERM.US,D,20221212,000000,22.96,23.18,22.9,23.01,1325,0
GERM.US,D,20221213,000000,23.9,24.34,23.53,23.54,3189,0
GERM.US,D,20221214,000000,23.4,23.71,23.35,23.35,1396,0
GERM.US,D,20221215,000000,23.45,23.45,23.2543,23.2543,613,0
GERM.US,D,20221216,000000,22.94,22.94,22.77,22.87,2994,0
GERM.US,D,20221219,000000,22.76,22.76,21.83,21.83,1080,0
GERM.US,D,20221220,000000,21.76,21.9999,21.76,21.9069,5780,0
GERM.US,D,20221221,000000,22.24,22.92,22.24,22.64,6088,0
GERM.US,D,20221222,000000,22.9,22.9,22.6617,22.6617,1085,0
GERM.US,D,20221223,000000,23,23,22.8701,22.9214,1100,0
GERM.US,D,20221227,000000,20.8,22.1565,20.1249,21.8,15155,0
GERM.US,D,20221228,000000,21.55,22.19,21.55,21.899,5115,0
GERM.US,D,20221229,000000,21.73,22.5,21.73,22.25,9049,0
GERM.US,D,20221230,000000,22.29,22.79,22.29,22.385,8114,0
GERM.US,D,20230103,000000,22.87,23.17,22.43,22.4909,10054,0
GERM.US,D,20230104,000000,22.8,22.93,22.57,22.9012,7044,0
GERM.US,D,20230105,000000,21.45,23.0354,21.45,23.0354,800,0
GERM.US,D,20230106,000000,23.43,23.505,23.43,23.445,2405,0
GERM.US,D,20230109,000000,24.06,24.06,23.3561,23.3561,7092,0
GERM.US,D,20230110,000000,23.6,23.8927,23.6,23.8927,1088,0
GERM.US,D,20230111,000000,23.83,23.83,23.7401,23.81,1232,0
GERM.US,D,20230112,000000,23.81,24.52,23.81,24.52,4400,0
GERM.US,D,20230113,000000,24.8254,24.9,24.69,24.8821,1628,0
GERM.US,D,20230117,000000,24.49,24.5308,24.49,24.5308,370,0
GERM.US,D,20230118,000000,24.59,25.065,24.19,24.19,12627,0
GERM.US,D,20230119,000000,24.01,24.19,23.81,24.0323,4023,0
GERM.US,D,20230120,000000,24.1073,24.15,24.0937,24.0937,639,0
GERM.US,D,20230123,000000,24.02,24.2201,24.02,24.18,1080,0
GERM.US,D,20230124,000000,24.2641,24.2641,24.2272,24.2272,247,0
GERM.US,D,20230125,000000,24.1566,24.1566,24.1566,24.1566,134,0
GERM.US,D,20230126,000000,24.26,24.34,24.2214,24.34,693,0
GERM.US,D,20230127,000000,24.4307,24.4307,24.4307,24.4307,233,0
GERM.US,D,20230130,000000,24.05,24.0501,23.816,23.816,730,0
GERM.US,D,20230131,000000,23.9312,23.9312,23.79,23.8459,1197,0
GERM.US,D,20230201,000000,23.88,23.88,23.75,23.75,2251,0
GERM.US,D,20230202,000000,24.07,24.5041,24.06,24.5041,3065,0
GERM.US,D,20230203,000000,24.77,24.77,24.4062,24.4062,1698,0
GERM.US,D,20230206,000000,24.37,24.37,24.2097,24.2097,378,0
GERM.US,D,20230207,000000,24.13,24.3806,24.13,24.3806,550,0
GERM.US,D,20230208,000000,23.65,24.145,23.07,23.08,5886,0
GERM.US,D,20230209,000000,23.7103,23.7103,23.1651,23.1651,1098,0
GERM.US,D,20230210,000000,22.96,22.96,22.81,22.81,978,0
GERM.US,D,20230213,000000,23.0502,23.1068,23.0502,23.1068,1966,0
GERM.US,D,20230214,000000,23.12,23.314,22.78,23.0008,1769,0
GERM.US,D,20230215,000000,23.1,23.1,23.08,23.08,614,0
GERM.US,D,20230216,000000,22.77,23.01,22.63,22.63,1933,0
GERM.US,D,20230217,000000,22.94,22.94,22.92,22.92,307,0
GERM.US,D,20230221,000000,22.3653,22.3653,22.2584,22.2584,170,0
GERM.US,D,20230222,000000,22.1,22.212,21.74,21.74,2387,0
GERM.US,D,20230223,000000,21.9947,21.9947,21.9947,21.9947,570,0
GERM.US,D,20230224,000000,21.41,21.41,21.15,21.15,1498,0
GERM.US,D,20230227,000000,21.42,21.62,21.2936,21.2936,3980,0
GERM.US,D,20230228,000000,21.55,21.55,21.12,21.12,988,0
GERM.US,D,20230301,000000,21.44,21.44,21.31,21.31,1791,0
GERM.US,D,20230302,000000,21.25,21.25,21.2137,21.2303,411,0
GERM.US,D,20230303,000000,21.705,21.7598,21.6946,21.6946,1492,0
GERM.US,D,20230306,000000,21.75,21.75,21.49,21.6171,1833,0
GERM.US,D,20230307,000000,21.7,21.7,21.36,21.36,1065,0
GERM.US,D,20230308,000000,21.13,21.25,21.13,21.19,923,0
GERM.US,D,20230309,000000,21.2397,21.2397,20.8048,20.8048,600,0
GERM.US,D,20230310,000000,20.3482,20.4099,20.03,20.1431,1123,0
GERM.US,D,20230313,000000,19.55,20.1397,19.55,20.03,3144,0
GERM.US,D,20230314,000000,20.51,20.98,20.51,20.842,3139,0
GERM.US,D,20230315,000000,20.48,20.6497,20.48,20.54,3859,0
GERM.US,D,20230316,000000,20.57,20.5723,20.566,20.5723,487,0
GERM.US,D,20230317,000000,20.55,20.59,20.54,20.5618,1699,0
GERM.US,D,20230320,000000,20.5,20.5001,20.494,20.494,394,0
GERM.US,D,20230321,000000,20.686,20.7054,20.64,20.7054,1071,0
GERM.US,D,20230322,000000,20.55,20.575,20.2855,20.2855,408,0
GERM.US,D,20230323,000000,20.43,20.43,19.9665,19.9665,501,0
GERM.US,D,20230324,000000,20,20.1189,20,20.1159,2114,0
GERM.US,D,20230327,000000,19.97,20.24,19.97,20.065,2553,0
GERM.US,D,20230328,000000,19.92,20.31,19.92,20.2,1227,0
GERM.US,D,20230329,000000,20.41,20.4499,20.41,20.4448,1020,0
GERM.US,D,20230330,000000,20.44,20.45,20.38,20.4431,3259,0
GERM.US,D,20230331,000000,20.45,20.45,20.4402,20.4448,600,0
GERM.US,D,20230403,000000,20.57,20.8899,20.57,20.8754,1098,0
GERM.US,D,20230404,000000,20.99,20.99,20.7,20.7168,1863,0
GERM.US,D,20230405,000000,20.61,21,20.02,20.84,5640,0
GERM.US,D,20230406,000000,20.99,21.3,20.99,21.275,914,0
GERM.US,D,20230410,000000,21.08,21.11,21.08,21.11,885,0
GERM.US,D,20230411,000000,21.29,21.2947,21.28,21.28,1896,0
GERM.US,D,20230412,000000,21.3,21.3,21.2,21.2448,3386,0
GERM.US,D,20230413,000000,21.29,21.9978,21.29,21.9649,1618,0
GERM.US,D,20230414,000000,21.9137,21.9137,21.6848,21.6848,350,0
GERM.US,D,20230417,000000,21.8088,21.8088,21.75,21.8012,3332,0
GERM.US,D,20230418,000000,20.48,21.57,20.48,21.45,10778,0
GERM.US,D,20230419,000000,21.6398,21.6398,21.6398,21.6398,182,0
GERM.US,D,20230420,000000,21.4701,21.5201,21.46,21.4699,3302,0
GERM.US,D,20230421,000000,21.59,21.67,21.59,21.6519,1477,0
GERM.US,D,20230424,000000,21.64,21.64,21.4,21.4149,753,0
GERM.US,D,20230425,000000,21.06,21.06,20.73,20.73,1191,0
GERM.US,D,20230426,000000,20.6098,20.6098,20.6098,20.6098,162,0
GERM.US,D,20230427,000000,18.76,20.46,17.74,20.4,6352,0
GERM.US,D,20230428,000000,20.16,20.84,20.16,20.7603,4349,0
GERM.US,D,20230501,000000,20.8,21.05,20.8,21.04,4489,0
GERM.US,D,20230502,000000,20.62,20.62,20.371,20.5,889,0
GERM.US,D,20230503,000000,20.701,21.29,20.7,21.0697,4552,0
GERM.US,D,20230504,000000,20.87,21.01,20.87,21,2912,0
GERM.US,D,20230505,000000,21.228,21.5527,21.2204,21.5527,2241,0
GERM.US,D,20230508,000000,21.55,21.56,21.5115,21.5115,858,0
GERM.US,D,20230509,000000,21.21,21.61,21.21,21.51,5161,0
GERM.US,D,20230510,000000,21.3,21.7,21.3,21.6954,8827,0
GERM.US,D,20230511,000000,21.29,21.29,20.53,20.535,828,0
GERM.US,D,20230512,000000,20.75,20.75,20,20.4951,2456,0
GERM.US,D,20230515,000000,20.26,21.1,20.26,21.1,3058,0
GERM.US,D,20230516,000000,20.88,20.88,20.55,20.64,1374,0
GERM.US,D,20230517,000000,20.475,20.65,20.475,20.65,870,0
GERM.US,D,20230518,000000,20.48,20.5447,20.15,20.39,1492,0
GERM.US,D,20230519,000000,20.59,20.5901,20.51,20.5649,1140,0
GERM.US,D,20230522,000000,19.8,20.8915,19.8,20.75,3928,0
GERM.US,D,20230523,000000,20.33,21.0799,20.33,20.89,2907,0
GERM.US,D,20230524,000000,21.0567,21.0567,20.89,20.9511,579,0
GERM.US,D,20230525,000000,20.66,20.68,20.35,20.35,1222,0
GERM.US,D,20230526,000000,20.1,20.3055,20.1,20.18,1568,0
GERM.US,D,20230530,000000,20.2,20.2,20.16,20.1614,1092,0
GERM.US,D,20230531,000000,20.08,20.32,20.08,20.32,715,0
GERM.US,D,20230601,000000,20.38,20.5599,20.22,20.42,2189,0
GERM.US,D,20230602,000000,20.935,21,20.935,21,509,0
GERM.US,D,20230605,000000,20.84,21.04,20.84,20.93,831,0
GERM.US,D,20230606,000000,20.95,21.0818,20.95,21.0818,1490,0
GERM.US,D,20230607,000000,20.944,20.983,20.944,20.983,357,0
GERM.US,D,20230608,000000,20.69,20.87,20.661,20.84,4825,0
GERM.US,D,20230609,000000,20.95,20.9501,20.685,20.685,1652,0
GERM.US,D,20230612,000000,20.39,20.9,20.39,20.9,3613,0
GERM.US,D,20230613,000000,20.89,21.1336,20.89,20.95,6055,0
GERM.US,D,20230614,000000,21.12,21.26,20.9851,20.9851,2738,0
GERM.US,D,20230615,000000,20.986,21.19,20.96,21.1849,9172,0
GERM.US,D,20230616,000000,21.48,21.48,21.19,21.24,1662,0
GERM.US,D,20230620,000000,20.99,21.28,20.99,21.2754,4877,0
GERM.US,D,20230621,000000,20.98,21.03,20.9571,20.9571,1720,0
GERM.US,D,20230622,000000,20.71,21.01,20.71,20.85,5386,0
GERM.US,D,20230623,000000,20.6501,20.79,20.65,20.762,3617,0
GERM.US,D,20230626,000000,20.73,20.73,20.3979,20.3979,3943,0
GERM.US,D,20230627,000000,20.22,20.2901,20.11,20.15,2703,0
GERM.US,D,20230628,000000,20.4197,20.4531,20.33,20.4531,1163,0
GERM.US,D,20230629,000000,20.6,20.6,20.4582,20.4582,1581,0
GERM.US,D,20230630,000000,20.27,20.7501,20.27,20.59,2784,0
GERM.US,D,20230703,000000,20.5201,20.575,20.5,20.5315,800,0
GERM.US,D,20230705,000000,20.69,20.69,20.59,20.67,1457,0
GERM.US,D,20230706,000000,20.22,20.2302,20.22,20.2302,505,0
GERM.US,D,20230707,000000,20.02,20.4699,20.02,20.05,4081,0
GERM.US,D,20230710,000000,20.07,20.97,20.07,20.8038,2394,0
GERM.US,D,20230711,000000,20.85,20.9184,20.7669,20.7669,751,0
GERM.US,D,20230712,000000,21.01,21.0499,20.9998,20.9998,1093,0
GERM.US,D,20230713,000000,21.2529,21.2529,21.11,21.1383,1823,0
GERM.US,D,20230714,000000,20.8888,20.9571,20.66,20.692,3599,0
GERM.US,D,20230717,000000,21.21,21.233,21.0371,21.0371,4461,0
GERM.US,D,20230718,000000,20.77,21.228,20.77,21.03,4963,0
GERM.US,D,20230719,000000,21,21.4075,21,21.01,4619,0
GERM.US,D,20230720,000000,20.77,20.97,20.77,20.82,1149,0
GERM.US,D,20230721,000000,20.78,20.94,20.78,20.8,2976,0
GERM.US,D,20230724,000000,21.1,21.1,20.763,20.763,1337,0
GERM.US,D,20230725,000000,20.43,20.77,20.43,20.46,35465,0
GERM.US,D,20230726,000000,20.645,20.645,20.5081,20.5081,1465,0
GERM.US,D,20230727,000000,20.701,20.701,20.3174,20.3174,757,0
GERM.US,D,20230728,000000,20.555,20.65,20.555,20.638,1285,0
GERM.US,D,20230731,000000,20.51,20.62,20.45,20.45,4702,0
GERM.US,D,20230801,000000,20.36,20.369,20.2716,20.2716,1564,0
GERM.US,D,20230802,000000,19.96,19.98,19.91,19.91,5093,0
GERM.US,D,20230803,000000,19.945,19.945,19.9015,19.9015,809,0
GERM.US,D,20230804,000000,19.94,19.9958,19.94,19.9958,1370,0
GERM.US,D,20230807,000000,19.56,19.56,19.35,19.39,4999,0
GERM.US,D,20230808,000000,19.23,19.37,19.23,19.3,968,0
GERM.US,D,20230809,000000,19.21,19.55,19.21,19.34,1021,0
GERM.US,D,20230810,000000,19.36,19.42,19.091,19.095,8150,0
GERM.US,D,20230811,000000,19.14,19.32,19.14,19.2529,5740,0
GERM.US,D,20230814,000000,19.04,19.155,19.04,19.14,3002,0
GERM.US,D,20230815,000000,19.1,19.1,19.1,19.1,286,0
GERM.US,D,20230816,000000,19.08,19.08,19.0526,19.0526,262,0
GERM.US,D,20230817,000000,19.01,19.0922,18.99,18.99,1775,0
GERM.US,D,20230818,000000,19.0118,19.0133,18.9443,18.9443,496,0
GERM.US,D,20230821,000000,18.93,19.53,18.93,19.3,2802,0
GERM.US,D,20230822,000000,19.56,19.5658,19.4201,19.5658,2802,0
GERM.US,D,20230823,000000,19.47,19.68,19.47,19.68,1005,0
GERM.US,D,20230824,000000,19.4565,19.4565,19.393,19.393,740,0
GERM.US,D,20230825,000000,19.1973,19.2918,19.1973,19.2918,813,0
GERM.US,D,20230828,000000,19.231,19.3355,19.231,19.3355,990,0
GERM.US,D,20230829,000000,19.4901,19.5846,19.4901,19.5846,1049,0
GERM.US,D,20230830,000000,19.74,19.816,19.71,19.7111,2821,0
GERM.US,D,20230831,000000,19.5,19.51,19.34,19.34,1221,0
GERM.US,D,20230901,000000,19.6743,19.72,19.6743,19.6756,843,0
GERM.US,D,20230905,000000,19.42,19.4201,19.42,19.4201,643,0
GERM.US,D,20230906,000000,19.32,19.32,19.07,19.1911,740,0
GERM.US,D,20230907,000000,19.12,19.12,19.07,19.0973,549,0
GERM.US,D,20230908,000000,19.02,19.02,18.74,18.775,5070,0
GERM.US,D,20230911,000000,19,19,18.94,18.94,650,0
GERM.US,D,20230912,000000,18.66,18.94,18.66,18.82,3670,0
GERM.US,D,20230913,000000,18.87,18.904,18.7695,18.7695,938,0
GERM.US,D,20230914,000000,18.8581,18.8581,18.8581,18.8581,87,0
GERM.US,D,20230915,000000,18.815,18.815,18.7132,18.7132,773,0
GERM.US,D,20230918,000000,18.55,18.6227,18.29,18.29,3261,0
GERM.US,D,20230919,000000,18.3837,18.4041,18.3837,18.4041,152,0
GERM.US,D,20230920,000000,18.2803,18.4,18.071,18.071,514,0
GERM.US,D,20230921,000000,18,18,17.8769,17.8769,187,0
GERM.US,D,20230922,000000,17.845,17.92,17.845,17.855,834,0
GERM.US,D,20230925,000000,17.71,17.8695,17.71,17.7918,996,0
GERM.US,D,20230926,000000,17.75,17.75,17.6,17.73,1113,0
GERM.US,D,20230927,000000,17.82,17.9049,17.71,17.845,4395,0
GERM.US,D,20230928,000000,18,18,17.61,17.7039,2430,0
GERM.US,D,20230929,000000,17.92,17.9799,17.8601,17.8974,775,0
GERM.US,D,20231002,000000,17.78,17.78,17.31,17.4109,3122,0
GERM.US,D,20231003,000000,17.38,17.4575,17.33,17.3735,2260,0
GERM.US,D,20231004,000000,17.2701,17.3547,17.2701,17.3547,550,0
GERM.US,D,20231005,000000,17.34,17.4928,17.34,17.486,1594,0
GERM.US,D,20231006,000000,17.6268,17.7,17.5572,17.5572,807,0
GERM.US,D,20231009,000000,17.37,17.42,17.17,17.31,1086,0
GERM.US,D,20231010,000000,17.6601,17.6926,17.6185,17.6448,1953,0
GERM.US,D,20231011,000000,17.42,17.42,17.39,17.4154,1533,0
GERM.US,D,20231012,000000,17.4,17.4,16.85,16.8771,4209,0
GERM.US,D,20231013,000000,16.8,16.99,16.8,16.9,2244,0
GERM.US,D,20231016,000000,16.86,16.86,16.7609,16.85,4164,0
GERM.US,D,20231017,000000,16.93,16.93,16.8492,16.8492,3012,0
GERM.US,D,20231018,000000,16.63,16.63,16.5349,16.5349,284,0
GERM.US,D,20231019,000000,16.43,16.43,16.17,16.17,1644,0
GERM.US,D,20231020,000000,16.14,16.14,16.1053,16.1053,1475,0
GERM.US,D,20231023,000000,16.0528,16.06,16.03,16.03,3776,0
GERM.US,D,20231024,000000,16.34,16.4094,16.3201,16.4094,6955,0
GERM.US,D,20231025,000000,16.07,16.1805,16.0622,16.0622,1090,0
GERM.US,D,20231026,000000,16.0901,16.17,16.04,16.1546,5980,0
GERM.US,D,20231027,000000,16.0286,16.0286,15.7606,15.7606,767,0
GERM.US,D,20231030,000000,15.7,15.98,15.6701,15.98,1664,0
GERM.US,D,20231031,000000,15.91,16.08,15.91,16.08,531,0
GERM.US,D,20231101,000000,15.94,16.33,15.94,16.15,11990,0
GERM.US,D,20231102,000000,16.6042,16.6042,16.6042,16.6042,197,0
GERM.US,D,20231103,000000,17.24,17.24,17.1976,17.1976,475,0
GERM.US,D,20231106,000000,17.3,17.3,16.9994,16.9994,1752,0
GERM.US,D,20231107,000000,16.88,17.165,16.88,17.07,1615,0
GERM.US,D,20231108,000000,16.91,17.01,16.89,16.89,2530,0
GERM.US,D,20231109,000000,16.8789,16.8789,16.4101,16.415,1319,0
GERM.US,D,20231110,000000,16.26,16.495,16.19,16.45,3809,0
GERM.US,D,20231113,000000,16.3,16.5684,16.3,16.5684,1521,0
GERM.US,D,20231114,000000,17.035,17.0685,16.99,17.0685,1277,0
GERM.US,D,20231115,000000,17.15,17.59,17.15,17.3742,4307,0
GERM.US,D,20231116,000000,17.13,17.18,16.93,17.07,8587,0
GERM.US,D,20231117,000000,17.4047,17.4047,17.4047,17.4047,58,0
GERM.US,D,20231120,000000,17.5215,17.5215,17.475,17.475,434,0
GERM.US,D,20231121,000000,17.1601,17.2401,17.1601,17.2099,919,0
GERM.US,D,20231122,000000,17.21,17.3669,17.21,17.3669,1910,0
GERM.US,D,20231124,000000,17.49,17.6627,17.49,17.6,2551,0
GERM.US,D,20231127,000000,17.3601,17.5323,17.36,17.5323,1589,0
GERM.US,D,20231128,000000,17.64,17.64,17.475,17.475,1977,0
GERM.US,D,20231129,000000,17.54,17.73,17.48,17.48,625,0
GERM.US,D,20231130,000000,17.6088,17.8,17.6088,17.633,610,0
GERM.US,D,20231201,000000,17.5647,17.86,17.5647,17.86,1285,0
GERM.US,D,20231204,000000,17.76,18.0249,17.76,17.98,3851,0
GERM.US,D,20231205,000000,17.9,17.9,17.705,17.705,1609,0
GERM.US,D,20231206,000000,17.8645,17.9911,17.8645,17.91,1812,0
GERM.US,D,20231207,000000,17.95,17.95,17.855,17.94,1746,0
GERM.US,D,20231208,000000,17.9488,17.9488,17.9488,17.9488,87,0
GERM.US,D,20231211,000000,17.659,17.7999,17.659,17.7,1011,0
GERM.US,D,20231212,000000,17.65,17.88,17.5259,17.88,1905,0
GERM.US,D,20231213,000000,17.8,18.4,17.8,18.36,2045,0
GERM.US,D,20231214,000000,19.06,19.06,18.825,18.84,4344,0
GERM.US,D,20231215,000000,18.87,19.07,18.85,18.9001,6208,0
GERM.US,D,20231218,000000,17.72,18.8799,17.72,18.49,2570,0
GERM.US,D,20231219,000000,18.61,18.9999,18.61,18.89,4639,0
GERM.US,D,20231220,000000,18.82,19.25,18.6339,18.6339,1647,0
GERM.US,D,20231221,000000,18.75,18.86,18.75,18.8081,2587,0
GERM.US,D,20231222,000000,18.85,19.2997,18.85,19.18,3546,0
GERM.US,D,20231226,000000,19.18,19.55,19.18,19.49,11355,0
GERM.US,D,20231227,000000,19.73,19.8737,19.73,19.8303,1796,0
GERM.US,D,20231228,000000,19.94,19.99,19.8192,19.8851,2059,0
GERM.US,D,20231229,000000,19.74,19.81,19.51,19.56,3421,0
GERM.US,D,20240102,000000,19.3,20.195,19.3,20.08,2821,0
GERM.US,D,20240103,000000,19.94,19.9794,19.67,19.7164,1743,0
GERM.US,D,20240104,000000,19.52,19.7495,19.52,19.67,1663,0
GERM.US,D,20240105,000000,19.58,19.705,19.34,19.6116,1000,0
GERM.US,D,20240108,000000,19.46,19.93,19.46,19.8332,5238,0
GERM.US,D,20240109,000000,19.595,19.7,19.595,19.6491,6138,0
GERM.US,D,20240110,000000,19.61,19.7,19.6,19.6025,3066,0
GERM.US,D,20240111,000000,19.32,19.5555,19.29,19.4315,3002,0
GERM.US,D,20240112,000000,19.27,19.61,19.27,19.29,4865,0
GERM.US,D,20240116,000000,19.1,19.1,18.91,18.9605,3418,0
GERM.US,D,20240117,000000,18.9002,18.9002,18.756,18.8533,1065,0
GERM.US,D,20240118,000000,18.87,18.87,18.7076,18.7649,3143,0
GERM.US,D,20240119,000000,18.69,18.7626,18.5401,18.6,4874,0
GERM.US,D,20240122,000000,18.6,18.8902,18.6,18.8902,3869,0
GERM.US,D,20240123,000000,18.91,18.91,18.81,18.81,1453,0
GERM.US,D,20240124,000000,18.78,18.81,18.46,18.46,1973,0
GERM.US,D,20240125,000000,18.7883,18.7883,18.6157,18.6157,1946,0
GERM.US,D,20240126,000000,18.6725,18.6725,18.5949,18.5949,256,0
GERM.US,D,20240129,000000,18.03,18.795,18.03,18.795,357,0
GERM.US,D,20240130,000000,18.63,18.738,18.63,18.6643,3667,0
GERM.US,D,20240131,000000,18.6401,18.8,18.4686,18.4686,486,0
GERM.US,D,20240201,000000,18.62,18.62,18.61,18.61,416,0
GERM.US,D,20240202,000000,18.39,18.5438,18.3301,18.5438,1337,0
GERM.US,D,20240205,000000,18.29,18.4628,18.2263,18.4628,1340,0
GERM.US,D,20240206,000000,18.572,18.75,18.57,18.731,6060,0
GERM.US,D,20240207,000000,18.691,18.7331,18.6,18.6454,1171,0
GERM.US,D,20240208,000000,18.34,18.68,18.34,18.5951,3496,0
GERM.US,D,20240209,000000,18.6525,18.6525,18.56,18.5915,2067,0
GERM.US,D,20240212,000000,18.6275,18.7339,18.6,18.7009,1179,0
GERM.US,D,20240213,000000,18,18,17.9368,17.9368,544,0
GERM.US,D,20240214,000000,17.8,18.1,17.8,18.0954,10485,0
GERM.US,D,20240215,000000,18.1442,18.1442,18.1,18.1161,788,0
GERM.US,D,20240216,000000,18.03,18.18,18.03,18.0738,1421,0
GERM.US,D,20240220,000000,17.82,17.97,17.66,17.8415,4326,0
GERM.US,D,20240221,000000,17.98,17.98,17.9639,17.9639,272,0
GERM.US,D,20240222,000000,17.93,18.3,17.93,18.2722,3270,0
GERM.US,D,20240223,000000,18.23,18.3419,18.23,18.2791,2148,0
GERM.US,D,20240226,000000,18.3494,18.6132,18.3494,18.6132,1234,0
GERM.US,D,20240227,000000,18.74,19,18.74,18.9509,6143,0
GERM.US,D,20240228,000000,18.8799,18.8799,18.5,18.5749,3037,0
GERM.US,D,20240229,000000,18.55,18.55,18.4189,18.4189,728,0
GERM.US,D,20240301,000000,18.65,18.6501,18.5416,18.551,845,0
GERM.US,D,20240304,000000,18.41,18.41,18.28,18.28,704,0
GERM.US,D,20240305,000000,18.02,18.05,18.02,18.05,1458,0
GERM.US,D,20240306,000000,18.19,18.3361,18.19,18.3361,597,0
GERM.US,D,20240307,000000,18.14,18.34,18.14,18.14,4477,0
GERM.US,D,20240308,000000,18.22,18.5,18.22,18.4526,2722,0
GERM.US,D,20240311,000000,18.7,18.92,18.5878,18.5878,2478,0
GERM.US,D,20240312,000000,18.6701,18.6701,18.51,18.5259,622,0
GERM.US,D,20240313,000000,18.533,18.533,18.533,18.533,54,0
GERM.US,D,20240314,000000,18.1651,18.19,18.01,18.1046,1473,0
GERM.US,D,20240315,000000,18.14,18.162,17.96,18.162,1333,0
GERM.US,D,20240318,000000,18.03,18.1351,18.03,18.063,2422,0
GERM.US,D,20240319,000000,18.07,18.15,18.07,18.12,2348,0
GERM.US,D,20240320,000000,17.79,18.01,17.66,18.01,993,0
GERM.US,D,20240321,000000,18.09,18.2459,17.96,17.96,2710,0
GERM.US,D,20240322,000000,18.23,18.23,18.11,18.1134,873,0
GERM.US,D,20240325,000000,18.285,18.285,18.21,18.2192,1816,0
GERM.US,D,20240326,000000,18.112,18.112,18.0284,18.0284,1896,0
GERM.US,D,20240327,000000,18.38,18.42,18.38,18.42,209,0
GERM.US,D,20240328,000000,18.47,18.4999,18.361,18.4092,3900,0
GERM.US,D,20240401,000000,18.34,18.42,18.1789,18.42,1566,0
GERM.US,D,20240402,000000,18.03,18.03,17.9125,17.9125,638,0
GERM.US,D,20240403,000000,17.83,18,17.83,17.9931,1466,0
GERM.US,D,20240404,000000,18.035,18.1799,17.92,17.9435,843,0
GERM.US,D,20240405,000000,17.86,17.8658,17.86,17.8658,430,0
GERM.US,D,20240408,000000,17.81,17.8217,17.74,17.8217,5102,0
GERM.US,D,20240409,000000,17.74,17.91,17.74,17.91,2363,0
GERM.US,D,20240410,000000,17.35,17.7002,17.35,17.7002,1417,0
GERM.US,D,20240411,000000,17.57,17.7579,17.5,17.7027,1513,0
GERM.US,D,20240412,000000,17.07,17.0754,16.97,17.0754,738,0
GERM.US,D,20240415,000000,17.06,17.06,16.85,16.85,6463,0
GERM.US,D,20240416,000000,16.7201,16.7704,16.7201,16.7585,333,0
GERM.US,D,20240417,000000,16.63,16.63,16.5415,16.5415,407,0
GERM.US,D,20240418,000000,16.4902,16.4902,16.4902,16.4902,214,0
GERM.US,D,20240419,000000,16.3501,16.3501,16.32,16.32,1219,0
GERM.US,D,20240422,000000,16.7751,16.7751,16.6363,16.6363,2910,0
GERM.US,D,20240423,000000,17.03,17.03,16.9,16.9,522,0
GERM.US,D,20240424,000000,16.78,16.78,16.68,16.68,1041,0
GERM.US,D,20240425,000000,16.4317,16.47,16.3501,16.47,598,0
GERM.US,D,20240426,000000,16.715,16.97,16.6163,16.9,2830,0
GERM.US,D,20240429,000000,17.4419,17.49,17.4419,17.4465,2842,0
GERM.US,D,20240430,000000,17.425,17.425,17.2826,17.2826,288,0
GERM.US,D,20240501,000000,17.49,17.83,17.46,17.726,3110,0
GERM.US,D,20240502,000000,17.8176,18.1426,17.8176,18.1426,2403,0
GERM.US,D,20240503,000000,18.2854,18.3951,18.2854,18.3951,323,0
GERM.US,D,20240506,000000,18.49,18.49,18.3262,18.3262,446,0
GERM.US,D,20240507,000000,18.34,18.34,18.2679,18.2679,502,0
GERM.US,D,20240508,000000,17.63,18.025,17.5,18.025,414,0
GERM.US,D,20240509,000000,18.03,18.0672,18.03,18.0672,6517,0
GERM.US,D,20240510,000000,18.13,18.48,18.07,18.2064,5001,0
GERM.US,D,20240513,000000,18.39,18.99,18.39,18.9664,10509,0
GERM.US,D,20240514,000000,19.1,19.18,19.02,19.038,4909,0
GERM.US,D,20240515,000000,19.06,19.3,19.06,19.1839,2708,0
GERM.US,D,20240516,000000,19.27,19.5499,19.27,19.4765,1431,0
GERM.US,D,20240517,000000,19.215,19.2334,19.215,19.2334,274,0
GERM.US,D,20240520,000000,19.01,19.401,19.01,19.26,1300,0
GERM.US,D,20240521,000000,19.16,19.2536,19.0907,19.2536,1253,0
GERM.US,D,20240522,000000,18.93,19.86,18.93,19.8599,5839,0
GERM.US,D,20240523,000000,19.57,19.57,19.4499,19.4499,979,0
GERM.US,D,20240524,000000,19.31,19.3919,19.27,19.3399,1545,0
GERM.US,D,20240528,000000,19.5,19.5,19.0111,19.195,2263,0
GERM.US,D,20240529,000000,19.24,19.24,18.8101,18.8101,2494,0
GERM.US,D,20240530,000000,18.67,19.19,18.67,19.1038,1665,0
GERM.US,D,20240531,000000,19.24,19.48,19.1407,19.1649,3141,0
GERM.US,D,20240603,000000,19.5451,19.5812,19.43,19.5812,900,0
GERM.US,D,20240604,000000,19.5,19.61,19.49,19.5386,1239,0
GERM.US,D,20240605,000000,19.77,20.1994,19.77,20.1994,10369,0
GERM.US,D,20240606,000000,20.1601,20.1601,19.9013,19.9013,1916,0
GERM.US,D,20240607,000000,19.89,19.89,19.36,19.56,2108,0
GERM.US,D,20240610,000000,19.41,19.41,19.1112,19.1924,1167,0
GERM.US,D,20240611,000000,19.15,19.2114,19.14,19.2114,632,0
GERM.US,D,20240612,000000,19.3206,19.4,19.1085,19.1085,971,0
GERM.US,D,20240613,000000,18.87,18.87,18.7107,18.7107,723,0
GERM.US,D,20240614,000000,18.61,18.61,18.3625,18.3625,1400,0
GERM.US,D,20240617,000000,18.21,18.4017,18.01,18.01,1672,0
GERM.US,D,20240618,000000,17.975,17.975,17.8987,17.8987,1180,0
GERM.US,D,20240620,000000,17.83,17.91,17.77,17.79,1730,0
GERM.US,D,20240621,000000,17.97,18.4441,17.97,18.4441,1711,0
GERM.US,D,20240624,000000,18.56,18.9283,18.56,18.69,2120,0
GERM.US,D,20240625,000000,18.68,18.87,18.68,18.8277,1737,0
GERM.US,D,20240626,000000,18.67,18.7101,18.67,18.7101,295,0
GERM.US,D,20240627,000000,18.48,18.586,18.38,18.38,1048,0
GERM.US,D,20240628,000000,18.56,18.56,18.21,18.21,1232,0
GERM.US,D,20240701,000000,18.5219,18.5219,18.2701,18.3451,1988,0
GERM.US,D,20240702,000000,18.25,18.2767,18.25,18.2767,415,0
GERM.US,D,20240703,000000,18.38,18.51,18.2154,18.2154,965,0
GERM.US,D,20240705,000000,18.33,18.4783,18.3101,18.4783,1017,0
GERM.US,D,20240708,000000,18.221,18.2352,18.21,18.2352,2255,0
GERM.US,D,20240709,000000,18.21,18.222,18.11,18.11,1497,0
GERM.US,D,20240710,000000,18.11,18.2,18.0804,18.2,2284,0
GERM.US,D,20240711,000000,18.915,18.915,18.8401,18.885,2013,0
GERM.US,D,20240712,000000,19.44,19.44,19.0945,19.0945,2874,0
GERM.US,D,20240715,000000,19.14,19.32,19.14,19.32,662,0
GERM.US,D,20240716,000000,19.78,19.7852,19.78,19.7852,479,0
GERM.US,D,20240717,000000,19.87,19.87,19.7909,19.8413,1914,0
GERM.US,D,20240718,000000,19.204,19.27,19.204,19.251,433,0
GERM.US,D,20240719,000000,19.1295,19.1295,19.1295,19.1295,259,0
GERM.US,D,20240722,000000,19.2499,19.2499,19.11,19.154,850,0
GERM.US,D,20240723,000000,19.4496,19.47,19.4085,19.4085,460,0
GERM.US,D,20240724,000000,19.3,19.37,19.27,19.37,826,0
GERM.US,D,20240725,000000,19.8,19.96,19.7,19.7167,1972,0
GERM.US,D,20240726,000000,19.8874,19.8874,19.8874,19.8874,294,0
GERM.US,D,20240729,000000,19.89,19.89,19.69,19.69,1581,0
GERM.US,D,20240730,000000,19.3,19.35,19.3,19.35,376,0
GERM.US,D,20240731,000000,19.3779,19.44,19.3779,19.44,327,0
GERM.US,D,20240801,000000,19.3,19.3021,19.225,19.225,480,0
GERM.US,D,20240802,000000,18.94,18.9742,18.94,18.9742,334,0
GERM.US,D,20240805,000000,18.1713,18.475,18.1713,18.4591,323,0
GERM.US,D,20240806,000000,18.6,18.6,18.6,18.6,201,0
GERM.US,D,20240807,000000,18.1844,18.1844,18.1286,18.1286,292,0
GERM.US,D,20240808,000000,18.16,18.63,18.14,18.6008,1862,0
GERM.US,D,20240809,000000,18.5802,18.6951,18.5802,18.6951,464,0
GERM.US,D,20240812,000000,18.63,18.63,18.46,18.46,1341,0
GERM.US,D,20240813,000000,18.5568,18.65,18.46,18.5458,955,0
GERM.US,D,20240814,000000,18.6714,18.6735,18.3801,18.5797,2760,0
GERM.US,D,20240815,000000,18.735,18.735,18.65,18.715,1104,0
GERM.US,D,20240816,000000,18.91,19.07,18.91,19.0165,2667,0
GERM.US,D,20240819,000000,18.91,19,18.8,18.9652,1857,0
GERM.US,D,20240820,000000,19.15,19.3101,19.095,19.095,1804,0
GERM.US,D,20240821,000000,19.1,19.36,18.96,19.322,1460,0
GERM.US,D,20240822,000000,19.17,19.305,19,19,1267,0
GERM.US,D,20240823,000000,19.26,19.26,19.135,19.135,426,0
GERM.US,D,20240826,000000,19.4,19.4,19.26,19.3054,740,0
GERM.US,D,20240827,000000,19.1584,19.1584,19.1584,19.1584,44,0
GERM.US,D,20240828,000000,19.02,19.08,19.0108,19.0445,1723,0
GERM.US,D,20240829,000000,19,19.1,18.97,19.0149,2318,0
GERM.US,D,20240830,000000,18.99,19.0154,18.99,19.0154,3265,0
GERM.US,D,20240903,000000,18.985,19.31,18.985,19.31,823,0
GERM.US,D,20240904,000000,19.08,19.2129,19.08,19.2129,1382,0
GERM.US,D,20240905,000000,19.28,19.28,19.1577,19.1577,4828,0
