<TICKER>,<PER>,<DATE>,<TIME>,<OPEN>,<HIGH>,<LOW>,<CLOSE>,<VOL>,<OPENINT>
GFOF.US,D,20220203,000000,22.7479,22.9404,22.1803,22.238,38649.361034767,0
GFOF.US,D,20220204,000000,22.3631,24.0662,22.1706,23.8547,39890.181047015,0
GFOF.US,D,20220207,000000,24.7592,25.3365,24.5523,24.6022,104970.8789256,0
GFOF.US,D,20220208,000000,24.3261,24.8063,23.9557,24.8063,13614.726114288,0
GFOF.US,D,20220209,000000,25.3461,26.395,25.1345,26.395,49682.682701464,0
GFOF.US,D,20220210,000000,25.6155,27.4438,25.5963,25.6829,47911.864191522,0
GFOF.US,D,20220211,000000,25.7791,26.3661,24.3934,24.6167,27981.842252753,0
GFOF.US,D,20220214,000000,24.4608,25.1152,24.0567,24.3165,18706.868543111,0
GFOF.US,D,20220215,000000,25.3461,25.9427,25.2114,25.8708,35806.074976551,0
GFOF.US,D,20220216,000000,25.606,25.912,25.1633,25.6277,8773.0339559437,0
GFOF.US,D,20220217,000000,25.0671,25.1152,23.6911,23.7688,20766.588194933,0
GFOF.US,D,20220218,000000,23.7295,23.7776,22.7769,23.0174,41098.785464305,0
GFOF.US,D,20220222,000000,22.2092,22.7384,21.7473,22.1225,115428.47673401,0
GFOF.US,D,20220223,000000,22.5555,22.6758,21.1701,21.1701,40583.335944979,0
GFOF.US,D,20220224,000000,19.6398,22.416,19.5051,22.3448,14398.292520682,0
GFOF.US,D,20220225,000000,23.0463,23.2003,22.3727,22.9418,10516.83293463,0
GFOF.US,D,20220228,000000,22.5364,24.3646,22.5364,24.0023,8200.4277358863,0
GFOF.US,D,20220301,000000,24.99,24.99,23.7816,24.2202,28384.017583356,0
GFOF.US,D,20220302,000000,24.1818,24.4704,23.8257,24.4139,13318.550483224,0
GFOF.US,D,20220303,000000,24.557,24.557,22.9404,22.9581,12009.142430098,0
GFOF.US,D,20220304,000000,22.4016,22.4882,21.0449,21.2492,15158.996246784,0
GFOF.US,D,20220307,000000,21.295,21.3152,20.3144,20.3231,16651.305742251,0
GFOF.US,D,20220308,000000,20.1787,21.5259,20.073,20.8042,21314.253309217,0
GFOF.US,D,20220309,000000,22.4208,23.1232,22.3439,22.9704,15111.192460718,0
GFOF.US,D,20220310,000000,22.2476,22.4859,21.9108,22.4859,3405.500150868,0
GFOF.US,D,20220311,000000,22.7577,22.7577,21.0255,21.0875,10595.813102914,0
GFOF.US,D,20220314,000000,20.9966,21.0399,19.8515,20.0954,7742.1349172922,0
GFOF.US,D,20220315,000000,20.0922,20.7106,19.9557,20.7106,7391.920223718,0
GFOF.US,D,20220316,000000,21.5163,22.686,21.5163,22.686,5183.5931499938,0
GFOF.US,D,20220317,000000,22.44,23.7488,22.44,23.7488,13484.824521716,0
GFOF.US,D,20220318,000000,23.5756,24.9599,23.5756,24.9599,4895.7312208542,0
GFOF.US,D,20220321,000000,24.7976,24.7976,23.8258,24.4579,5758.2777955324,0
GFOF.US,D,20220322,000000,25.3076,26.2987,25.3076,26.087,64448.85653231,0
GFOF.US,D,20220323,000000,25.9139,26.5874,25.4231,25.8026,62603.214705047,0
GFOF.US,D,20220324,000000,26.0293,26.6259,25.4808,26.5778,40689.335644518,0
GFOF.US,D,20220325,000000,26.9243,26.9435,25.5772,25.8383,7785.7818523964,0
GFOF.US,D,20220328,000000,26.8377,27.7662,26.4239,27.2706,27239.844355982,0
GFOF.US,D,20220329,000000,27.492,28.0982,26.9146,27.8886,12363.513974634,0
GFOF.US,D,20220330,000000,27.6459,27.6459,26.3902,26.4868,10428.499851682,0
GFOF.US,D,20220331,000000,26.674,26.674,25.6103,25.6103,7985.310698587,0
GFOF.US,D,20220401,000000,25.6829,25.8754,25.3654,25.5873,6349.5898449202,0
GFOF.US,D,20220404,000000,25.7021,26.4046,25.7021,26.3133,29324.505113577,0
GFOF.US,D,20220405,000000,26.4046,26.4046,24.8939,24.9606,17081.53981685,0
GFOF.US,D,20220406,000000,24.432,24.432,23.4023,23.7681,17139.735730322,0
GFOF.US,D,20220407,000000,23.3254,23.3831,22.6037,23.139,11524.869292989,0
GFOF.US,D,20220408,000000,23.1232,23.1232,22.4785,22.4785,8640.01472515,0
GFOF.US,D,20220411,000000,21.882,22.1514,21.7761,21.7761,6284.1194422639,0
GFOF.US,D,20220412,000000,22.2669,22.4305,21.4585,21.5246,14679.919173378,0
GFOF.US,D,20220413,000000,21.93,22.185,21.93,22.1609,12062.142279867,0
GFOF.US,D,20220414,000000,21.7856,21.8242,21.2468,21.2612,14662.252556789,0
GFOF.US,D,20220418,000000,21.1411,21.2564,20.5107,21.0255,15066.506312873,0
GFOF.US,D,20220419,000000,21.0688,21.93,21.0688,21.7857,12186.847808736,0
GFOF.US,D,20220420,000000,21.9397,21.9397,20.9293,20.9428,6998.0585950397,0
GFOF.US,D,20220421,000000,21.3912,21.5913,19.9872,20.0633,10709.087291637,0
GFOF.US,D,20220422,000000,19.8901,20.1017,19.2453,19.2525,9565.9532770033,0
GFOF.US,D,20220425,000000,18.9663,19.6589,18.9663,19.5629,5822.7089854481,0
GFOF.US,D,20220426,000000,19.3128,19.3128,18.2831,18.3022,17293.539215927,0
GFOF.US,D,20220427,000000,18.3023,18.3023,18.1195,18.1292,7097.823018135,0
GFOF.US,D,20220428,000000,18.4563,19.0049,17.8356,18.8719,28103.4301434,0
GFOF.US,D,20220429,000000,18.9856,19.1588,17.9817,17.9817,11558.124100688,0
GFOF.US,D,20220502,000000,17.9463,18.6551,17.9463,18.6551,4162.0470260074,0
GFOF.US,D,20220503,000000,18.5044,18.8892,18.3985,18.5862,5564.9842257852,0
GFOF.US,D,20220504,000000,18.4082,19.4185,17.9366,19.3319,8146.3886733763,0
GFOF.US,D,20220505,000000,18.8846,18.8846,17.571,17.7459,7441.8024352657,0
GFOF.US,D,20220506,000000,17.5903,17.5903,16.8106,17.2341,13096.15895674,0
GFOF.US,D,20220509,000000,16.2622,16.2622,14.7227,14.8059,18251.693362739,0
GFOF.US,D,20220510,000000,15.377,15.7042,14.4437,14.6083,37048.97341428,0
GFOF.US,D,20220511,000000,13.8086,14.2647,12.7982,12.8559,70934.583246246,0
GFOF.US,D,20220512,000000,11.9416,12.7799,11.653,12.7097,13418.314906319,0
GFOF.US,D,20220513,000000,13.9721,14.4051,13.7413,14.1338,6331.9232283304,0
GFOF.US,D,20220516,000000,14.1646,14.1646,13.4237,13.4432,3744.2835042958,0
GFOF.US,D,20220517,000000,13.8952,14.1453,13.616,14.1453,24092.068964777,0
GFOF.US,D,20220518,000000,13.8952,14.0876,13.3322,13.3745,92174.013238141,0
GFOF.US,D,20220519,000000,13.8086,14.2669,13.8086,13.8556,44079.247604277,0
GFOF.US,D,20220520,000000,14.0491,14.0491,12.9618,13.4939,10385.892129318,0
GFOF.US,D,20220523,000000,13.3467,13.6738,13.3467,13.5391,8853.0533369681,0
GFOF.US,D,20220524,000000,13.2792,13.2792,12.596,12.6928,9588.815957296,0
GFOF.US,D,20220525,000000,12.6826,13.1734,12.6826,13.057,3426.2844056795,0
GFOF.US,D,20220526,000000,12.8752,13.445,12.7982,13.445,3313.0102169567,0
GFOF.US,D,20220527,000000,13.8855,14.2126,13.7893,14.1435,20145.138976068,0
GFOF.US,D,20220531,000000,14.7516,14.9171,14.4437,14.4437,6328.8055901087,0
GFOF.US,D,20220601,000000,14.5398,14.5398,13.5461,13.5604,10584.381762768,0
GFOF.US,D,20220602,000000,13.4717,14.28,13.4717,14.1935,11267.144533326,0
GFOF.US,D,20220603,000000,13.8182,13.8182,13.564,13.7019,11116.458685943,0
GFOF.US,D,20220606,000000,14.1165,14.3137,13.8725,13.8725,2324.7189006688,0
GFOF.US,D,20220607,000000,13.2504,13.8188,13.2504,13.8188,2391.2285160657,0
GFOF.US,D,20220608,000000,13.9625,13.9625,13.5968,13.6401,1460.0939005095,0
GFOF.US,D,20220609,000000,13.3467,13.4284,12.8944,12.8986,3318.2062806596,0
GFOF.US,D,20220610,000000,12.5192,12.6659,12.2016,12.3266,12703.336540803,0
GFOF.US,D,20220613,000000,11.1238,11.2304,10.7582,10.9195,23059.091500644,0
GFOF.US,D,20220614,000000,10.8832,10.9122,10.8158,10.8158,3167.5204332761,0
GFOF.US,D,20220615,000000,10.958,11.1633,10.7197,11.0601,8102.7417382721,0
GFOF.US,D,20220616,000000,10.6619,10.6619,10.3876,10.4406,5218.9263831733,0
GFOF.US,D,20220617,000000,10.4739,10.5683,10.4213,10.5561,4965.3584744728,0
GFOF.US,D,20220621,000000,11.4317,11.4509,10.9891,11.0564,8854.0925497087,0
GFOF.US,D,20220622,000000,11.0083,11.0083,10.6042,10.6063,1711.5833837289,0
GFOF.US,D,20220623,000000,10.686,11.143,10.686,11.1045,4504.9872303975,0
GFOF.US,D,20220624,000000,11.297,11.6242,11.297,11.6242,2813.1488887396,0
GFOF.US,D,20220627,000000,11.6337,11.6337,11.3068,11.3932,2534.6398742652,0
GFOF.US,D,20220628,000000,11.653,11.6731,10.8447,10.9086,23224.326326395,0
GFOF.US,D,20220629,000000,10.585,10.8158,10.5801,10.6427,17319.519534442,0
GFOF.US,D,20220630,000000,10.0846,10.4483,10.0123,10.2097,13372.589545734,0
GFOF.US,D,20220701,000000,10.1869,10.4406,10.1615,10.2768,8309.5450736468,0
GFOF.US,D,20220705,000000,10.0365,10.7866,9.80546,10.7485,6540.8049891862,0
GFOF.US,D,20220706,000000,10.6716,10.6908,10.5176,10.5272,14854.506913795,0
GFOF.US,D,20220707,000000,10.9024,11.3473,10.8063,11.3473,18767.142882064,0
GFOF.US,D,20220708,000000,11.1335,11.6675,10.9795,11.5101,23687.815208692,0
GFOF.US,D,20220711,000000,11.0292,11.0292,10.8063,10.8063,1549.466196199,0
GFOF.US,D,20220712,000000,10.6908,10.864,10.6908,10.787,4191.1449827436,0
GFOF.US,D,20220713,000000,10.4791,10.8736,10.4791,10.7389,14342.175032691,0
GFOF.US,D,20220714,000000,10.431,10.6764,10.2578,10.6523,19691.003008437,0
GFOF.US,D,20220715,000000,10.8256,10.9603,10.7582,10.9603,6937.7842560863,0
GFOF.US,D,20220718,000000,11.6723,12.1439,11.4222,11.4752,5733.3366897585,0
GFOF.US,D,20220719,000000,11.9226,12.5768,11.9226,12.5768,2426.5617492453,0
GFOF.US,D,20220720,000000,13.1351,13.491,12.9281,13.2792,13598.098710439,0
GFOF.US,D,20220721,000000,13.0772,13.5103,13.0579,13.5103,3424.2059801984,0
GFOF.US,D,20220722,000000,13.1975,13.2215,12.7405,12.8078,3217.4026448237,0
GFOF.US,D,20220725,000000,12.6346,12.6346,12.3898,12.3898,1868.5045075559,0
GFOF.US,D,20220726,000000,11.7589,11.7975,11.5235,11.5235,3696.4797182293,0
GFOF.US,D,20220727,000000,12.0283,12.6058,11.9562,12.6058,8230.564905363,0
GFOF.US,D,20220728,000000,12.9582,13.03,12.9582,13.03,989.33052902848,0
GFOF.US,D,20220729,000000,12.8847,12.9826,12.8847,12.9826,3256.8927289656,0
GFOF.US,D,20220801,000000,12.9918,12.9918,12.9713,12.9713,1442.4272839197,0
GFOF.US,D,20220802,000000,13.4331,13.4331,13.3651,13.3651,533.11613591556,0
GFOF.US,D,20220803,000000,13.9336,14.2897,13.9148,14.2897,20658.510069913,0
GFOF.US,D,20220804,000000,15.175,15.175,14.4917,14.5495,16425.796577546,0
GFOF.US,D,20220805,000000,14.2415,14.7997,14.2415,14.5976,4150.6156858611,0
GFOF.US,D,20220808,000000,14.8958,15.4791,14.8958,15.0017,16663.776295138,0
GFOF.US,D,20220809,000000,14.3282,14.4148,14.3282,14.3608,890.60531867375,0
GFOF.US,D,20220810,000000,15.0114,15.5022,14.9056,15.5022,4736.731671546,0
GFOF.US,D,20220811,000000,16.3393,16.6665,15.5673,15.5888,5186.7107882155,0
GFOF.US,D,20220812,000000,16.0843,16.4117,16.0603,16.4117,2460.8557696843,0
GFOF.US,D,20220815,000000,16.3779,16.6472,16.2173,16.482,3197.6576027528,0
GFOF.US,D,20220816,000000,16.3681,16.3681,15.7427,15.8589,1059.9969953877,0
GFOF.US,D,20220817,000000,15.3001,15.3001,14.944,15.0114,7570.6648150971,0
GFOF.US,D,20220818,000000,14.8574,14.8574,14.6745,14.8206,1982.8179090193,0
GFOF.US,D,20220819,000000,13.7736,13.7736,13.556,13.556,2757.0314007485,0
GFOF.US,D,20220822,000000,12.904,13.1398,12.6153,13.0195,21835.938104986,0
GFOF.US,D,20220823,000000,13.3851,13.3851,13.2113,13.2552,2160.5232876578,0
GFOF.US,D,20220824,000000,13.6527,13.6527,13.3946,13.3946,401.13611786239,0
GFOF.US,D,20220825,000000,13.3563,13.6064,13.3563,13.6064,2670.7767432807,0
GFOF.US,D,20220826,000000,13.6738,13.6738,12.6923,12.7212,5262.5733182775,0
GFOF.US,D,20220829,000000,12.7789,12.8944,12.7693,12.794,974.78155066041,0
GFOF.US,D,20220830,000000,12.5768,12.6826,12.5383,12.6826,1411.2509017024,0
GFOF.US,D,20220831,000000,12.9906,13.0291,12.9048,13.0108,911.38957348527,0
GFOF.US,D,20220901,000000,12.4532,12.5383,12.1054,12.5383,14858.663764758,0
GFOF.US,D,20220902,000000,12.7982,12.7982,12.3824,12.3824,4588.1242496436,0
GFOF.US,D,20220906,000000,12.471,12.471,12.0519,12.0519,6256.0606982683,0
GFOF.US,D,20220907,000000,12.0136,12.4119,12.0136,12.4119,2325.7581134094,0
GFOF.US,D,20220908,000000,12.4901,13.005,12.4901,13.005,189.13671878486,0
GFOF.US,D,20220909,000000,13.5776,13.8352,13.5776,13.8352,4983.0250910626,0
GFOF.US,D,20220912,000000,14.0923,14.0923,14.0923,14.0923,264.99924884691,0
GFOF.US,D,20220913,000000,13.3091,13.3563,13.0542,13.0542,2851.5997601409,0
GFOF.US,D,20220914,000000,13.0387,13.1371,13.0387,13.1371,345.01862987128,0
GFOF.US,D,20220915,000000,13.0611,13.0611,13.0611,13.0611,224.46995196445,0
GFOF.US,D,20220916,000000,12.5865,12.6538,12.5175,12.5175,3504.2253612227,0
GFOF.US,D,20220919,000000,12.1341,12.3555,12.1341,12.2593,6251.903847306,0
GFOF.US,D,20220920,000000,11.867,11.867,11.867,11.867,98.725210354733,0
GFOF.US,D,20220921,000000,12.1053,12.2978,11.8167,11.8167,6081.4729578515,0
GFOF.US,D,20220922,000000,11.8069,11.8069,11.2777,11.3932,9787.305590746,0
GFOF.US,D,20220923,000000,11.2201,11.2777,10.8832,11.0661,5450.6708243218,0
GFOF.US,D,20220926,000000,11.2104,11.2104,11.1719,11.1719,632.88055901087,0
GFOF.US,D,20220927,000000,11.1816,11.2393,11.1816,11.2393,4634.8888229696,0
GFOF.US,D,20220928,000000,11.143,11.8411,11.143,11.8411,790.84089557844,0
GFOF.US,D,20220929,000000,11.2008,11.3932,11.2008,11.3932,18597.751205351,0
GFOF.US,D,20220930,000000,11.1528,11.5574,11.1528,11.2744,1748.9950423896,0
GFOF.US,D,20221003,000000,11.3548,11.5197,11.3548,11.4379,981.01682710387,0
GFOF.US,D,20221004,000000,12.3459,12.4352,12.3459,12.4352,4972.6329636568,0
GFOF.US,D,20221005,000000,12.3055,12.3844,12.305,12.305,1270.9571817246,0
GFOF.US,D,20221006,000000,12.3266,12.5192,12.2113,12.2918,859.42893645646,0
GFOF.US,D,20221007,000000,11.4761,11.4761,11.4761,11.4761,74.823317321482,0
GFOF.US,D,20221010,000000,11.4895,11.4895,11.1335,11.1573,4673.3396943709,0
GFOF.US,D,20221011,000000,11.0853,11.143,10.9218,10.9877,8810.4456146045,0
GFOF.US,D,20221012,000000,11.0695,11.0695,11.0695,11.0695,34.294020439012,0
GFOF.US,D,20221013,000000,10.5657,11.2839,10.5657,11.2839,723.29206744099,0
GFOF.US,D,20221014,000000,11.4607,11.4607,10.6278,10.6278,3865.8713949432,0
GFOF.US,D,20221017,000000,11.22,11.3259,11.1977,11.1977,427.11643637679,0
GFOF.US,D,20221018,000000,11.2201,11.2201,10.9768,10.9768,543.50826332132,0
GFOF.US,D,20221019,000000,10.607,10.6337,10.607,10.6132,2294.5817311921,0
GFOF.US,D,20221020,000000,10.941,10.941,10.5284,10.5284,579.88070924148,0
GFOF.US,D,20221021,000000,10.5052,10.7554,10.2868,10.7554,591.31204938782,0
GFOF.US,D,20221024,000000,10.4406,10.8387,10.4406,10.8387,257.72475966288,0
GFOF.US,D,20221025,000000,11.8842,11.8842,11.4221,11.8525,634.95898449202,0
GFOF.US,D,20221026,000000,11.9465,12.2208,11.8069,11.8397,6674.8634327205,0
GFOF.US,D,20221027,000000,11.5568,11.5568,11.343,11.343,1311.4864786071,0
GFOF.US,D,20221028,000000,11.4607,11.5088,11.4607,11.5088,1302.1335639419,0
GFOF.US,D,20221031,000000,11.4798,11.4798,11.1735,11.1735,781.48798091325,0
GFOF.US,D,20221101,000000,11.0355,11.0355,11.0093,11.0093,535.19456139671,0
GFOF.US,D,20221102,000000,10.787,10.9795,10.3637,10.3637,6380.7662271375,0
GFOF.US,D,20221103,000000,10.3539,10.3539,10.1615,10.1615,1068.3106973123,0
GFOF.US,D,20221104,000000,10.5945,10.6398,10.2771,10.4538,845.91917082897,0
GFOF.US,D,20221107,000000,10.5561,10.5561,10.4378,10.4781,2565.8162564825,0
GFOF.US,D,20221108,000000,10.2771,10.2771,9.69961,9.73486,2547.1104271521,0
GFOF.US,D,20221109,000000,9.0454,9.19927,8.90097,8.95254,6743.4514735985,0
GFOF.US,D,20221110,000000,9.2955,9.64018,9.28587,9.64018,1519.3290267223,0
GFOF.US,D,20221111,000000,9.70929,10.1519,9.70929,10.1519,456.21439311292,0
GFOF.US,D,20221114,000000,9.97874,9.97874,9.74721,9.74721,17297.69606689,0
GFOF.US,D,20221115,000000,10.0076,10.1904,9.95459,9.98829,6330.8840155898,0
GFOF.US,D,20221116,000000,9.92098,9.92098,9.34468,9.34468,4793.8883722777,0
GFOF.US,D,20221117,000000,9.10305,9.2929,9.03945,9.15664,1420.6038163676,0
GFOF.US,D,20221118,000000,9.13259,9.13259,8.86344,8.91753,2560.6201927796,0
GFOF.US,D,20221121,000000,8.7855,8.7855,8.3621,8.37153,2522.1693213783,0
GFOF.US,D,20221122,000000,8.43908,8.55686,8.25624,8.55686,3470.9705535243,0
GFOF.US,D,20221123,000000,8.69889,8.86248,8.62191,8.79849,3101.0108178792,0
GFOF.US,D,20221125,000000,8.76626,8.79512,8.69985,8.73748,1992.1708236845,0
GFOF.US,D,20221128,000000,8.56418,8.67965,8.39183,8.39183,10599.969953877,0
GFOF.US,D,20221129,000000,8.53531,8.53531,8.38144,8.41021,893.72295689548,0
GFOF.US,D,20221130,000000,8.47757,8.8034,8.41676,8.8034,1269.917968984,0
GFOF.US,D,20221201,000000,8.8721,8.88654,8.8057,8.88654,1915.2690808818,0
GFOF.US,D,20221202,000000,8.78646,8.99719,8.78646,8.94985,409.449819787,0
GFOF.US,D,20221205,000000,8.67974,8.67974,8.44389,8.46102,490.50841355194,0
GFOF.US,D,20221206,000000,8.35247,8.35247,8.12153,8.12153,463.48888229696,0
GFOF.US,D,20221207,000000,8.0638,8.08776,7.98682,8.03897,3963.5573925574,0
GFOF.US,D,20221208,000000,8.08862,8.20332,8.08862,8.20332,6559.5108185166,0
GFOF.US,D,20221209,000000,8.1504,8.19851,8.08073,8.08073,23015.44456554,0
GFOF.US,D,20221212,000000,8.03493,8.1735,8.02531,8.1735,3767.1461845885,0
GFOF.US,D,20221213,000000,8.09266,8.1889,8.08304,8.17051,8620.269683079,0
GFOF.US,D,20221214,000000,8.21295,8.24663,8.1504,8.16638,538.31219961844,0
GFOF.US,D,20221215,000000,7.99807,7.99807,7.83767,7.84661,1017.389273024,0
GFOF.US,D,20221216,000000,7.69813,7.69813,7.4672,7.63462,12868.571366554,0
GFOF.US,D,20221219,000000,7.55379,7.55379,7.3727,7.3727,3298.4612385887,0
GFOF.US,D,20221220,000000,7.32285,7.56342,7.32285,7.40541,2077.3862684117,0
GFOF.US,D,20221221,000000,7.40945,7.42399,7.37097,7.42399,738.88025854963,0
GFOF.US,D,20221222,000000,7.26502,7.3217,7.20738,7.3217,943.60516844313,0
GFOF.US,D,20221223,000000,7.26512,7.26512,7.19247,7.217,977.89918888214,0
GFOF.US,D,20221227,000000,7.10163,7.10163,7.01589,7.03821,1246.0160759508,0
GFOF.US,D,20221228,000000,6.90917,6.92351,6.87155,6.92274,2632.3258718793,0
GFOF.US,D,20221229,000000,6.97643,7.25925,6.97643,7.25925,486.35156258963,0
GFOF.US,D,20221230,000000,7.17851,7.29793,7.12087,7.29793,7662.1155362678,0
GFOF.US,D,20230103,000000,7.4287,7.55379,7.22663,7.28398,3541.6370198835,0
GFOF.US,D,20230104,000000,7.38058,7.90021,7.38058,7.90021,680.68434507737,0
GFOF.US,D,20230105,000000,7.5153,7.58266,7.50568,7.56361,39925.514280195,0
GFOF.US,D,20230106,000000,7.58046,7.70679,7.49606,7.70679,903.07587156066,0
GFOF.US,D,20230109,000000,7.90984,8.43908,7.90984,8.19034,12668.003307623,0
GFOF.US,D,20230110,000000,8.45727,8.75259,8.32168,8.75259,2113.7587143319,0
GFOF.US,D,20230111,000000,8.6325,8.74701,8.63153,8.72603,20572.255412445,0
GFOF.US,D,20230112,000000,8.77587,9.9654,8.77587,9.9654,1779.1322118663,0
GFOF.US,D,20230113,000000,9.83429,10.1663,9.83429,10.1632,1933.9749102122,0
GFOF.US,D,20230117,000000,11.0083,11.0266,10.6201,10.7712,4859.358774934,0
GFOF.US,D,20230118,000000,10.9506,10.9506,10.0114,10.0114,3667.3817614932,0
GFOF.US,D,20230119,000000,9.69961,10.1519,9.69961,10.0652,5107.7306199317,0
GFOF.US,D,20230120,000000,10.1712,10.7052,10.1712,10.7052,4044.6159863223,0
GFOF.US,D,20230123,000000,11.0469,11.1816,11.0372,11.1226,3682.9699526018,0
GFOF.US,D,20230124,000000,11.1623,11.1623,10.8832,10.9392,1321.8786060128,0
GFOF.US,D,20230125,000000,10.3059,10.7198,10.2866,10.7198,3567.6173383979,0
GFOF.US,D,20230126,000000,11.143,11.143,10.7005,10.7135,1451.7801985849,0
GFOF.US,D,20230127,000000,10.7197,10.9784,10.7197,10.9784,10950.184647451,0
GFOF.US,D,20230130,000000,10.8256,10.8736,10.4117,10.4187,1673.1325123276,0
GFOF.US,D,20230131,000000,10.6331,10.6912,10.6331,10.6912,520.64558302864,0
GFOF.US,D,20230201,000000,10.6908,11.2774,10.5416,11.2774,3699.597356451,0
GFOF.US,D,20230202,000000,12.3652,12.6538,12.0668,12.3875,6533.5305000022,0
GFOF.US,D,20230203,000000,12.317,12.4325,11.653,11.656,2875.5016531742,0
GFOF.US,D,20230206,000000,11.5568,11.6337,11.5376,11.6045,4852.08428575,0
GFOF.US,D,20230207,000000,11.2296,11.5864,11.2296,11.5864,686.91962152083,0
GFOF.US,D,20230208,000000,11.4702,11.7103,11.3114,11.3548,5915.1989193594,0
GFOF.US,D,20230209,000000,11.3548,11.3548,10.4621,10.4621,7319.1753318777,0
GFOF.US,D,20230210,000000,10.0858,10.0858,10.0858,10.0858,174.58774041679,0
GFOF.US,D,20230213,000000,10.0556,10.1231,10.046,10.0715,2092.9744595203,0
GFOF.US,D,20230214,000000,10.2289,10.6255,10.2289,10.6255,205.76412263407,0
GFOF.US,D,20230215,000000,10.9987,11.8294,10.9987,11.8294,3848.2047783534,0
GFOF.US,D,20230216,000000,12.2593,12.2593,11.4562,11.4562,1605.5836841901,0
GFOF.US,D,20230217,000000,11.2104,11.4032,11.143,11.4032,1212.7612682523,0
GFOF.US,D,20230221,000000,11.1238,11.1238,10.7667,10.7667,2759.1098262296,0
GFOF.US,D,20230222,000000,10.6426,10.6426,10.4502,10.5989,1663.7795976624,0
GFOF.US,D,20230223,000000,10.4791,10.6013,10.4695,10.6013,550.78275250535,0
GFOF.US,D,20230224,000000,10.1038,10.1038,10.0172,10.0257,522.7240085098,0
GFOF.US,D,20230227,000000,10.2299,10.3638,10.1231,10.1288,3588.4015932094,0
GFOF.US,D,20230228,000000,10.3007,10.3007,10.3007,10.3007,103.92127405761,0
GFOF.US,D,20230301,000000,10.2483,10.2483,10.18,10.18,561.17487991111,0
GFOF.US,D,20230302,000000,9.84725,9.84725,9.84725,9.84725,467.64573325926,0
GFOF.US,D,20230303,000000,9.88251,9.9352,9.88251,9.9352,524.80243399095,0
GFOF.US,D,20230306,000000,9.9691,9.9691,9.86429,9.86429,434.39092556082,0
GFOF.US,D,20230307,000000,9.78267,9.82474,9.59862,9.59862,807.46829942766,0
GFOF.US,D,20230308,000000,9.60343,9.60343,9.5072,9.5659,1215.8789064741,0
GFOF.US,D,20230309,000000,9.43984,9.48256,8.90511,8.90511,4037.3414971383,0
GFOF.US,D,20230310,000000,8.67002,8.67002,8.45833,8.54061,2741.4432096398,0
GFOF.US,D,20230313,000000,8.27549,8.84323,7.45756,8.62971,3114.5205835067,0
GFOF.US,D,20230314,000000,8.90097,9.72857,8.90097,9.21852,2098.1705232232,0
GFOF.US,D,20230315,000000,9.03896,9.03896,9.03896,9.03896,107.03891227934,0
GFOF.US,D,20230316,000000,9.3671,9.3671,9.3671,9.3671,252.52869596,0
GFOF.US,D,20230317,000000,9.73815,9.8641,9.73815,9.86322,2424.4833237641,0
GFOF.US,D,20230320,000000,10.2097,10.2097,9.88728,9.91962,817.86042683342,0
GFOF.US,D,20230321,000000,9.98829,10.6426,9.98829,10.6295,2417.2088345801,0
GFOF.US,D,20230322,000000,10.787,10.8158,9.94027,9.94163,7463.6259028178,0
GFOF.US,D,20230323,000000,9.71888,10.2192,9.71888,9.96744,3899.1262026417,0
GFOF.US,D,20230324,000000,9.65471,9.65471,9.65471,9.65471,113.2741887228,0
GFOF.US,D,20230327,000000,9.71888,9.71888,9.26662,9.33717,20083.825424374,0
GFOF.US,D,20230328,000000,9.07417,9.26471,9.07417,9.26471,223.43073922387,0
GFOF.US,D,20230329,000000,9.58417,9.8565,9.58417,9.8565,373.07737386683,0
GFOF.US,D,20230330,000000,9.85358,9.94991,9.85358,9.91192,4404.1835945617,0
GFOF.US,D,20230331,000000,10.2,10.2904,10.2,10.2904,844.8799580884,0
GFOF.US,D,20230403,000000,10.3399,10.3399,10.0172,10.2183,4576.6929094973,0
GFOF.US,D,20230404,000000,10.2578,10.2578,9.97874,10.1136,4078.9100067613,0
GFOF.US,D,20230405,000000,9.98926,9.98926,9.85835,9.85835,589.23362390667,0
GFOF.US,D,20230406,000000,9.99793,10.0123,9.99793,10.0123,435.4301383014,0
GFOF.US,D,20230410,000000,10.1904,10.4725,10.1904,10.4725,412.56745800873,0
GFOF.US,D,20230411,000000,11.0276,11.0857,11.018,11.0857,1945.4062503585,0
GFOF.US,D,20230412,000000,11.058,11.0757,10.8069,10.8069,1928.7788465093,0
GFOF.US,D,20230413,000000,11.5472,11.792,11.5472,11.792,1874.7397839993,0
GFOF.US,D,20230414,000000,12.2108,12.2108,12.0039,12.0039,485.31234984905,0
GFOF.US,D,20230417,000000,11.2621,11.7237,11.2621,11.7237,6387.0015035809,0
GFOF.US,D,20230418,000000,12.3073,12.3073,12.0013,12.0013,1217.9573319552,0
GFOF.US,D,20230419,000000,11.4509,11.4702,11.4203,11.4203,6381.805439878,0
GFOF.US,D,20230420,000000,10.9891,10.9891,10.7509,10.7509,4226.4782159231,0
GFOF.US,D,20230421,000000,10.6721,10.6721,10.6721,10.6721,94.568359392428,0
GFOF.US,D,20230424,000000,10.4213,10.5032,10.4117,10.5032,2008.7982275337,0
GFOF.US,D,20230425,000000,10.3059,10.3539,10.2231,10.3228,1361.3686901547,0
GFOF.US,D,20230426,000000,10.8736,10.9193,10.5782,10.5782,525.84164673152,0
GFOF.US,D,20230427,000000,10.5079,10.7774,10.5079,10.7774,1408.1332634807,0
GFOF.US,D,20230428,000000,10.8544,10.8544,10.8101,10.8101,511.29266836346,0
GFOF.US,D,20230501,000000,10.3495,10.3495,10.335,10.335,685.88040878025,0
GFOF.US,D,20230502,000000,10.1759,10.4404,10.1759,10.4404,1414.3685399241,0
GFOF.US,D,20230503,000000,10.3925,10.4021,10.2972,10.2972,592.3512621284,0
GFOF.US,D,20230504,000000,10.3348,10.4033,10.3348,10.4033,310.72460943226,0
GFOF.US,D,20230505,000000,10.5464,10.8256,10.5464,10.8256,805.3898739465,0
GFOF.US,D,20230508,000000,10.5752,10.5752,10.4744,10.4744,580.91992198206,0
GFOF.US,D,20230509,000000,10.3934,10.4748,10.3444,10.4748,864.62500015934,0
GFOF.US,D,20230510,000000,10.8929,10.8929,10.7774,10.7821,913.46799896642,0
GFOF.US,D,20230511,000000,10.6619,10.6619,10.2094,10.2094,1496.4663464296,0
GFOF.US,D,20230512,000000,9.99793,9.99793,9.99326,9.99326,157.96033656757,0
GFOF.US,D,20230515,000000,10.0846,10.4791,10.0846,10.4648,1308.3688403854,0
GFOF.US,D,20230516,000000,10.2607,10.2607,10.2531,10.2531,246.29341951654,0
GFOF.US,D,20230517,000000,10.4117,10.6255,10.3444,10.6255,829.29176697976,0
GFOF.US,D,20230518,000000,10.51,10.51,10.51,10.51,169.39167671391,0
GFOF.US,D,20230519,000000,10.3742,10.3742,10.3742,10.3742,89.372295689548,0
GFOF.US,D,20230522,000000,10.7123,10.7123,10.7123,10.7123,43.646935104198,0
GFOF.US,D,20230523,000000,10.9024,10.9024,10.5513,10.5513,945.68359392428,0
GFOF.US,D,20230524,000000,10.1904,10.3935,10.1904,10.3935,292.01878010189,0
GFOF.US,D,20230525,000000,10.2385,10.3395,10.2385,10.3395,529.99849769383,0
GFOF.US,D,20230526,000000,10.3444,10.4502,10.3444,10.3902,2117.9155652942,0
GFOF.US,D,20230530,000000,10.7485,11.0083,10.7485,10.9246,1690.7991289174,0
GFOF.US,D,20230531,000000,10.71,10.992,10.7053,10.992,560.13566717054,0
GFOF.US,D,20230601,000000,11.0276,11.2008,11.0276,11.1016,512.33188110403,0
GFOF.US,D,20230602,000000,11.2489,11.2489,11.0998,11.0998,663.01772848757,0
GFOF.US,D,20230605,000000,10.6234,10.6417,10.5656,10.5656,605.86102775589,0
GFOF.US,D,20230606,000000,10.3444,10.7485,10.3444,10.7454,776.29191721037,0
GFOF.US,D,20230607,000000,10.7591,10.7591,10.5609,10.5609,2436.953876651,0
GFOF.US,D,20230608,000000,10.5464,10.6571,10.5464,10.6571,1981.7786962787,0
GFOF.US,D,20230609,000000,10.4888,10.4888,10.4888,10.4888,194.33278248774,0
GFOF.US,D,20230612,000000,10.5832,10.5832,10.5832,10.5832,355.41075727704,0
GFOF.US,D,20230613,000000,10.7967,10.7967,10.7967,10.7967,168.35246397333,0
GFOF.US,D,20230614,000000,10.8832,10.8852,10.8832,10.8852,402.17533060296,0
GFOF.US,D,20230615,000000,10.7485,10.7967,10.7485,10.7652,2509.6987684914,0
GFOF.US,D,20230616,000000,10.9122,11.0509,10.9122,11.0509,201.60727167177,0
GFOF.US,D,20230620,000000,11.2584,11.7756,11.2104,11.7756,1725.0931493564,0
GFOF.US,D,20230621,000000,12.1883,12.1948,12.0875,12.1948,4431.3829154763,0
GFOF.US,D,20230622,000000,12.2583,12.2583,12.1068,12.1982,1993.7093219442,0
GFOF.US,D,20230623,000000,12.5426,12.5426,12.4302,12.4302,768.16143735189,0
GFOF.US,D,20230626,000000,12.4362,12.4846,11.9169,11.9169,1244.132435496,0
GFOF.US,D,20230627,000000,12.3296,12.6264,12.2037,12.6264,1202.8334334878,0
GFOF.US,D,20230628,000000,12.4942,12.7606,12.4942,12.6201,1111.9756290699,0
GFOF.US,D,20230629,000000,13.0512,13.0512,12.6396,12.7305,1800.6364875561,0
GFOF.US,D,20230630,000000,13.0753,13.0753,12.608,12.8283,1995.7742720446,0
GFOF.US,D,20230703,000000,12.9689,13.7683,12.9689,13.7683,1300.9185632572,0
GFOF.US,D,20230705,000000,13.2401,14.0439,13.2401,13.9334,4132.9976259672,0
GFOF.US,D,20230706,000000,13.8986,13.8986,13.4531,13.7564,2487.2323959418,0
GFOF.US,D,20230707,000000,14.0247,14.6928,14.0247,14.3941,4280.6415581464,0
GFOF.US,D,20230710,000000,14.4119,15.157,14.1892,15.157,5717.8468280306,0
GFOF.US,D,20230711,000000,15.3224,15.5065,15.1868,15.365,6345.5916585548,0
GFOF.US,D,20230712,000000,15.5451,15.6517,14.1267,15.3122,5243.9407799869,0
GFOF.US,D,20230713,000000,15.7292,17.5598,15.6614,17.2982,15808.225493676,0
GFOF.US,D,20230714,000000,17.2208,17.3564,16.3297,16.4156,9515.2900626815,0
GFOF.US,D,20230717,000000,16.4653,16.8817,16.1263,16.2774,5428.7538139735,0
GFOF.US,D,20230718,000000,16.0198,16.165,15.6711,16.0585,5191.2845524265,0
GFOF.US,D,20230719,000000,16.2038,16.4823,16.1941,16.4823,1521.8682240009,0
GFOF.US,D,20230720,000000,16.3588,16.3588,15.3999,15.676,5464.8904407306,0
GFOF.US,D,20230721,000000,15.83,15.8747,15.4967,15.6625,1846.065389765,0
GFOF.US,D,20230724,000000,15.1578,15.3515,15.1578,15.3229,2181.6197810814,0
GFOF.US,D,20230725,000000,15.3418,15.5404,15.2933,15.2933,1916.2736931789,0
GFOF.US,D,20230726,000000,15.2837,15.5187,15.2352,15.5187,2643.1361285226,0
GFOF.US,D,20230727,000000,15.8163,15.8551,14.8385,14.8385,16112.805633486,0
GFOF.US,D,20230728,000000,15.2546,15.3496,15.1868,15.3496,993.2409982964,0
GFOF.US,D,20230731,000000,15.5935,15.9035,15.5935,15.7361,10627.265691751,0
GFOF.US,D,20230801,000000,15.5065,15.5065,14.9738,15.2546,2127.9310784708,0
GFOF.US,D,20230802,000000,14.9885,14.9979,14.7228,14.8187,6029.6542931923,0
GFOF.US,D,20230803,000000,14.4895,14.6686,14.4023,14.4629,1524.9656491515,0
GFOF.US,D,20230804,000000,14.3248,14.3248,13.8788,13.8788,2143.4182042238,0
GFOF.US,D,20230807,000000,13.5161,13.6161,13.2691,13.6161,11750.598546374,0
GFOF.US,D,20230808,000000,13.6565,14.0149,13.6565,13.9955,2023.6510984002,0
GFOF.US,D,20230809,000000,13.8502,13.8503,13.5415,13.5415,1169.7942318813,0
GFOF.US,D,20230810,000000,13.8792,13.8792,13.4448,13.4448,387.17814382656,0
GFOF.US,D,20230811,000000,13.461,13.504,13.4531,13.504,1361.8345912193,0
GFOF.US,D,20230814,000000,13.3008,13.3008,13.3008,13.3008,178.61818368532,0
GFOF.US,D,20230815,000000,13.2691,13.2691,12.7883,12.7883,357.23636737064,0
GFOF.US,D,20230816,000000,12.6686,12.6831,12.504,12.5472,1697.3889825356,0
GFOF.US,D,20230817,000000,12.4168,12.4168,11.8986,11.9223,2425.2838929296,0
GFOF.US,D,20230818,000000,11.361,11.7387,11.361,11.6166,2826.916687459,0
GFOF.US,D,20230821,000000,11.3708,11.458,11.3708,11.458,1190.4437328854,0
GFOF.US,D,20230822,000000,11.3224,11.332,11.3224,11.3319,1035.5724753548,0
GFOF.US,D,20230823,000000,11.8114,11.8598,11.8114,11.8282,710.34283454046,0
GFOF.US,D,20230824,000000,11.361,11.361,11.2752,11.2752,670.0763075825,0
GFOF.US,D,20230825,000000,11.361,11.361,11.2497,11.3013,832.17489046455,0
GFOF.US,D,20230828,000000,11.5158,11.5158,11.3285,11.3285,1313.3082638597,0
GFOF.US,D,20230829,000000,12.4451,12.7558,12.4451,12.6662,5163.407726071,0
GFOF.US,D,20230830,000000,12.5718,12.6686,12.349,12.5745,9560.7189648905,0
GFOF.US,D,20230831,000000,12.5619,12.5619,12.0531,12.0531,3744.7870070905,0
GFOF.US,D,20230901,000000,12.0003,12.0293,11.7388,11.7805,2717.4743321373,0
GFOF.US,D,20230905,000000,11.7581,11.7875,11.6997,11.6997,1175.9890821825,0
GFOF.US,D,20230906,000000,11.7293,11.8163,11.6129,11.7194,1680.8693817324,0
GFOF.US,D,20230907,000000,11.3804,11.7206,11.3804,11.7206,838.36974076578,0
GFOF.US,D,20230908,000000,11.4482,11.4741,11.4482,11.4741,742.34956109679,0
GFOF.US,D,20230911,000000,11.1915,11.1943,11.1915,11.1943,332.45696616574,0
GFOF.US,D,20230912,000000,11.8646,11.8646,11.3803,11.3803,3633.2797016684,0
GFOF.US,D,20230913,000000,11.4009,11.4009,11.2157,11.2157,439.83437138697,0
GFOF.US,D,20230914,000000,11.6516,11.7388,11.5548,11.5548,562.69890236127,0
GFOF.US,D,20230915,000000,11.516,11.516,11.4095,11.4668,999.43584859763,0
GFOF.US,D,20230918,000000,11.6225,11.7419,11.3998,11.4424,841.46716591639,0
GFOF.US,D,20230919,000000,11.3011,11.3011,11.3011,11.3011,153.83878248042,0
GFOF.US,D,20230920,000000,11.1868,11.206,10.9648,10.9648,736.15471079557,0
GFOF.US,D,20230921,000000,10.6541,10.7703,10.6533,10.6686,3204.8025558337,0
GFOF.US,D,20230922,000000,10.3589,10.3589,10.3589,10.3589,198.2352096392,0
GFOF.US,D,20230925,000000,10.2085,10.3954,10.2085,10.3954,1945.1829945846,0
GFOF.US,D,20230926,000000,10.4506,10.4506,10.1407,10.1749,642.19948122699,0
GFOF.US,D,20230927,000000,10.16,10.2473,10.16,10.2473,433.63952108575,0
GFOF.US,D,20230928,000000,10.2569,10.592,10.2569,10.592,333.48944121594,0
GFOF.US,D,20230929,000000,10.4991,10.5571,10.4881,10.4881,720.6675850425,0
GFOF.US,D,20231002,000000,10.6153,10.6153,10.5711,10.5711,346.9116168686,0
GFOF.US,D,20231003,000000,10.0729,10.1282,10.0249,10.0249,828.04499026374,0
GFOF.US,D,20231004,000000,10.0438,10.2303,10.0438,10.2303,1727.3307589916,0
GFOF.US,D,20231005,000000,10.2133,10.281,10.2133,10.281,1544.5826751054,0
GFOF.US,D,20231006,000000,10.6927,10.7282,10.6927,10.7282,376.85339332452,0
GFOF.US,D,20231009,000000,10.6443,10.7122,10.5959,10.7122,3478.4084441378,0
GFOF.US,D,20231010,000000,10.8188,10.8188,10.8188,10.8188,90.857804417966,0
GFOF.US,D,20231011,000000,10.7799,10.7799,10.4313,10.5232,6332.1694829021,0
GFOF.US,D,20231012,000000,10.2035,10.2035,10.2035,10.2035,136.28670662695,0
GFOF.US,D,20231013,000000,10.1753,10.1753,9.95663,9.99004,1522.9006990511,0
GFOF.US,D,20231016,000000,10.4506,10.7121,10.3488,10.5136,1325.6979644621,0
GFOF.US,D,20231017,000000,10.4797,10.6858,10.4797,10.6858,346.9116168686,0
GFOF.US,D,20231018,000000,10.2472,10.2472,10.1451,10.1451,438.80189633677,0
GFOF.US,D,20231019,000000,10.1698,10.1746,10.0777,10.0777,7434.8528365202,0
GFOF.US,D,20231020,000000,10.2666,10.4893,10.1649,10.1988,3374.1284640672,0
GFOF.US,D,20231023,000000,10.3053,10.5669,10.3053,10.5669,1949.3128947855,0
GFOF.US,D,20231024,000000,11.2932,11.6309,11.206,11.2593,2001.9691223459,0
GFOF.US,D,20231025,000000,11.148,11.1674,10.9543,11.0418,1436.172794834,0
GFOF.US,D,20231026,000000,10.8865,11.0996,10.7459,10.7459,934.38992043476,0
GFOF.US,D,20231027,000000,10.6636,10.6636,10.5687,10.5687,4095.8285241599,0
GFOF.US,D,20231030,000000,10.7799,10.8995,10.5669,10.7064,2495.4921963435,0
GFOF.US,D,20231031,000000,10.7121,10.7464,10.6265,10.7464,827.01251521353,0
GFOF.US,D,20231101,000000,10.7218,10.8722,10.7218,10.8722,319.03479051309,0
GFOF.US,D,20231102,000000,11.2836,11.6613,11.2836,11.5985,3838.7422366591,0
GFOF.US,D,20231103,000000,11.9506,11.9506,11.7097,11.7775,1310.2108387091,0
GFOF.US,D,20231106,000000,11.8937,11.8937,11.5548,11.6323,2729.8640327398,0
GFOF.US,D,20231107,000000,11.3276,11.6233,11.2546,11.6233,1880.1370664218,0
GFOF.US,D,20231108,000000,11.3936,11.3936,11.0779,11.0779,1529.0955493524,0
GFOF.US,D,20231109,000000,11.6129,11.8743,11.0027,11.0504,5569.1704208012,0
GFOF.US,D,20231110,000000,10.8961,11.0124,10.7799,10.9851,2901.2548910737,0
GFOF.US,D,20231113,000000,10.5669,10.8671,10.5669,10.703,2953.9111186341,0
GFOF.US,D,20231114,000000,10.8865,10.9833,10.7703,10.9121,2661.7206794263,0
GFOF.US,D,20231115,000000,11.4372,11.5835,11.3126,11.5835,1449.5949704866,0
GFOF.US,D,20231116,000000,11.315,11.315,11.0898,11.1287,2026.7485235508,0
GFOF.US,D,20231117,000000,11.0991,11.3299,11.0028,11.3299,1403.1335932275,0
GFOF.US,D,20231120,000000,11.6225,11.7782,11.6225,11.701,1119.2029544213,0
GFOF.US,D,20231121,000000,11.3998,11.7049,11.3998,11.5044,1994.7417969944,0
GFOF.US,D,20231122,000000,11.7194,11.7194,11.7194,11.7194,172.42333338409,0
GFOF.US,D,20231124,000000,11.8647,12.2715,11.8647,12.2328,4342.5900611587,0
GFOF.US,D,20231127,000000,12.0487,12.2908,12.0487,12.254,2550.2133740043,0
GFOF.US,D,20231128,000000,12.4719,13.0367,12.4216,12.9754,7002.2457904846,0
GFOF.US,D,20231129,000000,13.1819,13.2981,12.9921,13.1509,3173.8283043276,0
GFOF.US,D,20231130,000000,13.1335,13.1529,12.815,12.815,4774.164632144,0
GFOF.US,D,20231201,000000,12.8623,13.983,12.8623,13.983,18798.273239067,0
GFOF.US,D,20231204,000000,14.8382,15.0222,14.2504,14.7783,7523.6456908377,0
GFOF.US,D,20231205,000000,14.6735,15.303,14.652,14.8623,6568.6062693989,0
GFOF.US,D,20231206,000000,15.0124,15.2158,14.8403,14.8403,5251.1681053384,0
GFOF.US,D,20231207,000000,14.4797,15.0896,14.4119,14.9205,7147.8247725634,0
GFOF.US,D,20231208,000000,15.4773,15.7291,15.3127,15.7291,5720.9442531812,0
GFOF.US,D,20231211,000000,15.0609,15.0609,14.1311,14.3733,4741.1254305375,0
GFOF.US,D,20231212,000000,14.6347,14.6347,14.3829,14.4846,1579.6868268124,0
GFOF.US,D,20231213,000000,14.2377,15.5549,14.2377,15.4387,11617.409264897,0
GFOF.US,D,20231214,000000,15.7292,16.2134,15.7002,15.982,2380.8874657708,0
GFOF.US,D,20231215,000000,15.8261,15.981,15.7583,15.911,5876.8479857621,0
GFOF.US,D,20231218,000000,16.1456,16.454,16.0004,16.454,2857.8909389651,0
GFOF.US,D,20231219,000000,17.1249,17.2991,16.5686,16.8934,7734.72418063,0
GFOF.US,D,20231220,000000,17.4939,18.0296,16.9728,16.9728,11699.61730322,0
GFOF.US,D,20231221,000000,17.5231,18.1173,16.9387,17.9709,8674.102017805,0
GFOF.US,D,20231222,000000,18.0394,19.2375,18.0394,18.8963,31082.62666482,0
GFOF.US,D,20231226,000000,18.6433,19.1352,18.4773,19.0068,12236.551301955,0
GFOF.US,D,20231227,000000,19.8657,21.2245,19.7732,20.8243,35189.19644482,0
GFOF.US,D,20231228,000000,22.03,22.03,19.455,19.7983,19290,0
GFOF.US,D,20231229,000000,20.14,20.328,17.66,17.9159,21031,0
GFOF.US,D,20240102,000000,19.13,19.13,17.1911,17.24,11363,0
GFOF.US,D,20240103,000000,16.18,17.44,15.97,16.65,11142,0
GFOF.US,D,20240104,000000,16.9,17.44,16.9,17.1577,8759,0
GFOF.US,D,20240105,000000,17,17,16.31,16.4965,5088,0
GFOF.US,D,20240108,000000,16.77,17.35,16.2599,17.35,5836,0
GFOF.US,D,20240109,000000,17.31,17.31,17.0001,17.005,6046,0
GFOF.US,D,20240110,000000,16.69,17.41,16.4014,16.9515,5212,0
GFOF.US,D,20240111,000000,18.03,18.37,15.75,16.141,12369,0
GFOF.US,D,20240112,000000,15.8,15.8,14.95,14.9863,20177,0
GFOF.US,D,20240116,000000,14.83,14.83,14.17,14.405,7478,0
GFOF.US,D,20240117,000000,14.1,14.1,13.81,14.0392,2014,0
GFOF.US,D,20240118,000000,14.2,14.2,13.44,13.5294,4632,0
GFOF.US,D,20240119,000000,13.49,13.6627,12.9876,13.6491,3427,0
GFOF.US,D,20240122,000000,13.56,13.76,13.56,13.6363,2278,0
GFOF.US,D,20240123,000000,13.43,13.52,13.3,13.3,6214,0
GFOF.US,D,20240124,000000,13.8117,13.8117,13.0698,13.0698,2840,0
GFOF.US,D,20240125,000000,13.16,13.1968,13.1,13.1968,1292,0
GFOF.US,D,20240126,000000,13.6,14.0268,13.6,13.985,5452,0
GFOF.US,D,20240129,000000,14.16,14.95,14.05,14.6223,7774,0
GFOF.US,D,20240130,000000,14.71,14.71,14.26,14.3911,5361,0
GFOF.US,D,20240131,000000,14.57,14.57,13.9625,13.9625,517,0
GFOF.US,D,20240201,000000,13.8,14.05,13.8,14.0219,4326,0
GFOF.US,D,20240202,000000,13.9485,13.9485,13.6755,13.8077,2466,0
GFOF.US,D,20240205,000000,13.71,13.71,13.0512,13.0512,7326,0
GFOF.US,D,20240206,000000,13.06,13.505,13.06,13.505,5472,0
GFOF.US,D,20240207,000000,13.58,13.7111,13.51,13.7111,3071,0
GFOF.US,D,20240208,000000,13.9733,14.53,13.9299,14.5001,4100,0
GFOF.US,D,20240209,000000,15.53,15.81,15.28,15.787,7546,0
GFOF.US,D,20240212,000000,15.89,17.12,15.89,16.8767,9667,0
GFOF.US,D,20240213,000000,15.96,16.3537,15.9503,16.3054,4407,0
GFOF.US,D,20240214,000000,17.68,18.2,17.68,18.0764,13624,0
GFOF.US,D,20240215,000000,18.64,18.7981,18.0262,18.0262,2040,0
GFOF.US,D,20240216,000000,18.31,18.479,17.6,17.9494,6149,0
GFOF.US,D,20240220,000000,17.99,17.99,16.7419,17.295,8646,0
GFOF.US,D,20240221,000000,16.739,16.7784,16.48,16.48,1458,0
GFOF.US,D,20240222,000000,16.76,17.11,16.76,16.9562,2198,0
GFOF.US,D,20240223,000000,16.785,16.99,16.71,16.7952,4699,0
GFOF.US,D,20240226,000000,17,18.68,17,18.5097,15157,0
GFOF.US,D,20240227,000000,19.53,19.7556,18.6,18.8821,7477,0
GFOF.US,D,20240228,000000,19.06,19.39,18.28,18.5321,17370,0
GFOF.US,D,20240229,000000,18.73,18.73,17.3571,17.5797,4692,0
GFOF.US,D,20240301,000000,17.19,17.8314,17.19,17.8314,3144,0
GFOF.US,D,20240304,000000,18.28,18.38,17.3607,17.5882,21207,0
GFOF.US,D,20240305,000000,17.36,17.73,16.6756,16.6756,17918,0
GFOF.US,D,20240306,000000,17.05,17.4,16.73,17.4,1571,0
GFOF.US,D,20240307,000000,17.32,17.34,16.94,17.2183,7110,0
GFOF.US,D,20240308,000000,17.85,18.23,17.4,17.8357,7578,0
GFOF.US,D,20240311,000000,17.75,17.75,17.1058,17.1058,4835,0
GFOF.US,D,20240312,000000,17.07,17.07,16.6,16.7994,7294,0
GFOF.US,D,20240313,000000,16.97,17.3349,16.97,17.1488,3496,0
GFOF.US,D,20240314,000000,17.15,17.15,16.1838,16.4269,2773,0
GFOF.US,D,20240315,000000,16.18,16.9123,16.18,16.9123,2278,0
GFOF.US,D,20240318,000000,16.81,17.0401,16.5,16.904,1370,0
GFOF.US,D,20240319,000000,16.35,16.5468,15.82,16.5468,3417,0
GFOF.US,D,20240320,000000,16.45,18.08,16.45,18.07,3490,0
GFOF.US,D,20240321,000000,18.27,18.8499,18.27,18.3692,1584,0
GFOF.US,D,20240322,000000,18,18,17.73,17.7356,1501,0
GFOF.US,D,20240325,000000,18.2,18.8754,18.2,18.715,5632,0
GFOF.US,D,20240326,000000,18.86,18.86,18.39,18.39,4309,0
GFOF.US,D,20240327,000000,18.5,18.63,18.4727,18.5751,1222,0
GFOF.US,D,20240328,000000,18.99,19.6999,18.51,18.9397,11407,0
GFOF.US,D,20240401,000000,18.78,18.97,18.31,18.3832,5384,0
GFOF.US,D,20240402,000000,17.56,17.6736,17.25,17.4388,4573,0
GFOF.US,D,20240403,000000,17.34,17.6,17.34,17.41,883,0
GFOF.US,D,20240404,000000,17.6242,17.719,17.1358,17.1358,2373,0
GFOF.US,D,20240405,000000,17.05,17.08,16.926,16.926,1638,0
GFOF.US,D,20240408,000000,17.4186,17.4186,17.19,17.2053,2116,0
GFOF.US,D,20240409,000000,17.09,17.09,16.74,16.7911,3101,0
GFOF.US,D,20240410,000000,16.5,16.9,16.5,16.6298,676,0
GFOF.US,D,20240411,000000,16.72,16.81,16.72,16.81,334,0
GFOF.US,D,20240412,000000,16.63,16.63,15.8337,15.886,2488,0
GFOF.US,D,20240415,000000,15.95,16.1,15.1301,15.1717,4646,0
GFOF.US,D,20240416,000000,14.74,15.01,14.73,14.991,12814,0
GFOF.US,D,20240417,000000,15.24,15.24,14.86,15.0871,827,0
GFOF.US,D,20240418,000000,15.03,15.61,15.03,15.2955,735,0
GFOF.US,D,20240419,000000,15.28,15.5,15.28,15.4912,1061,0
GFOF.US,D,20240422,000000,15.9,17.02,15.845,16.6632,2755,0
GFOF.US,D,20240423,000000,16.55,17.3416,16.55,17.3416,988,0
GFOF.US,D,20240424,000000,17.45,17.45,16.95,16.95,2104,0
GFOF.US,D,20240425,000000,16.36,16.8214,16.3113,16.8214,553,0
GFOF.US,D,20240426,000000,16.83,17.1506,16.83,17.1506,457,0
GFOF.US,D,20240429,000000,16.7901,16.7901,16.455,16.567,8969,0
GFOF.US,D,20240430,000000,15.5329,15.5329,15.5329,15.5329,108,0
GFOF.US,D,20240501,000000,15.36,15.85,15.36,15.4432,10760,0
GFOF.US,D,20240502,000000,15.45,15.951,15.45,15.951,1916,0
GFOF.US,D,20240503,000000,16.43,16.4301,16.02,16.035,2472,0
GFOF.US,D,20240506,000000,16.7161,16.7332,16.7161,16.7263,4061,0
GFOF.US,D,20240507,000000,16.67,16.67,16.18,16.2477,915,0
GFOF.US,D,20240508,000000,16.13,16.14,16.111,16.111,1914,0
GFOF.US,D,20240509,000000,16.08,16.37,16.08,16.2326,2435,0
GFOF.US,D,20240510,000000,15.8853,15.8853,15.4939,15.4939,1015,0
GFOF.US,D,20240513,000000,15.5,15.51,15.5,15.51,644,0
GFOF.US,D,20240514,000000,15.4,15.7015,15.4,15.7015,896,0
GFOF.US,D,20240515,000000,15.8,16.5902,15.8,16.5902,583,0
GFOF.US,D,20240516,000000,16.73,16.73,16.4101,16.4337,792,0
GFOF.US,D,20240517,000000,16.63,16.82,16.5682,16.5801,1083,0
GFOF.US,D,20240520,000000,16.61,17.5959,16.61,17.5959,3512,0
GFOF.US,D,20240521,000000,17.71,17.71,17.35,17.5446,1238,0
GFOF.US,D,20240522,000000,17.4615,17.76,17.4615,17.4679,2696,0
GFOF.US,D,20240523,000000,17.0746,17.0746,16.64,16.6852,2872,0
GFOF.US,D,20240524,000000,16.75,17.3596,16.75,17.34,5027,0
GFOF.US,D,20240528,000000,17.55,17.55,17.1,17.3861,1471,0
GFOF.US,D,20240529,000000,17.09,17.19,17.0276,17.1226,1743,0
GFOF.US,D,20240530,000000,17.18,17.51,17.18,17.2407,1510,0
GFOF.US,D,20240531,000000,17.03,17.03,16.84,16.95,2428,0
GFOF.US,D,20240603,000000,17.3,17.5,16.94,17.0082,8637,0
GFOF.US,D,20240604,000000,17.06,18,17.06,17.7477,2355,0
GFOF.US,D,20240605,000000,17.88,18.1441,17.725,18.1441,3160,0
GFOF.US,D,20240606,000000,18.5,18.922,18.342,18.8663,4962,0
GFOF.US,D,20240607,000000,18.71,19.24,18.3023,18.3023,10518,0
GFOF.US,D,20240610,000000,18.51,18.53,18.37,18.4495,3852,0
GFOF.US,D,20240611,000000,17.9,18.73,17.5,18.6896,1820,0
GFOF.US,D,20240612,000000,19.5,19.79,19.3114,19.4723,585,0
GFOF.US,D,20240613,000000,20.03,20.03,19.4105,19.7003,1041,0
GFOF.US,D,20240614,000000,19.8,19.8,19.18,19.3664,5707,0
GFOF.US,D,20240617,000000,19.3551,20.3408,19.3551,20.2812,1486,0
GFOF.US,D,20240618,000000,19.88,20.0381,19.8112,20.0381,1508,0
GFOF.US,D,20240620,000000,20.25,20.7943,20.25,20.4858,3998,0
GFOF.US,D,20240621,000000,19.108,19.15,18.82,19.0384,6748,0
GFOF.US,D,20240624,000000,18.2701,18.63,18.21,18.4707,2337,0
GFOF.US,D,20240625,000000,18.65,19.51,18.65,19.2344,5617,0
GFOF.US,D,20240626,000000,19.18,19.77,19.05,19.14,3275,0
GFOF.US,D,20240627,000000,19.28,19.69,19.0495,19.0495,2305,0
GFOF.US,D,20240628,000000,19.15,19.2099,18.9,18.9178,3275,0
GFOF.US,D,20240701,000000,19.34,19.8925,19.34,19.8925,1571,0
GFOF.US,D,20240702,000000,20,20.1304,19.77,20.1078,1221,0
GFOF.US,D,20240703,000000,19.97,20.0364,19.88,20.0364,958,0
GFOF.US,D,20240705,000000,18.7,19.908,18.7,19.847,2492,0
GFOF.US,D,20240708,000000,19.87,19.87,19.6999,19.7336,1539,0
GFOF.US,D,20240709,000000,19.62,19.62,18.9301,18.9969,1447,0
GFOF.US,D,20240710,000000,19.04,19.08,18.8471,18.8471,660,0
GFOF.US,D,20240711,000000,19.42,19.42,18.7656,18.7656,1661,0
GFOF.US,D,20240712,000000,18.98,19.6594,18.98,19.6594,533,0
GFOF.US,D,20240715,000000,20.92,21.5718,20.47,21.521,4044,0
GFOF.US,D,20240716,000000,21.55,22.52,21.5,22.451,2210,0
GFOF.US,D,20240717,000000,21.88,22.72,21.3,21.8024,4481,0
GFOF.US,D,20240718,000000,21.42,21.4201,20.3055,20.3055,3496,0
GFOF.US,D,20240719,000000,20.71,21.37,20.66,21.0807,3652,0
GFOF.US,D,20240722,000000,20.9999,21.45,20.9999,21.4188,1217,0
GFOF.US,D,20240723,000000,21.37,21.37,20.6952,20.6952,3207,0
GFOF.US,D,20240724,000000,20.69,20.765,19.49,19.5124,2467,0
GFOF.US,D,20240725,000000,18.78,19.35,18.7538,18.7538,2487,0
GFOF.US,D,20240726,000000,19.69,19.69,19.21,19.2155,1691,0
GFOF.US,D,20240729,000000,19.64,19.7,18.8778,18.8778,1623,0
GFOF.US,D,20240730,000000,18.98,18.98,18.464,18.464,2010,0
GFOF.US,D,20240731,000000,18.95,19.05,18.95,18.9653,660,0
GFOF.US,D,20240801,000000,18.95,18.95,17.9395,17.9608,1724,0
GFOF.US,D,20240802,000000,17.38,17.38,16.66,16.7289,7983,0
GFOF.US,D,20240805,000000,15.19,16.67,15,15.7088,2543,0
GFOF.US,D,20240806,000000,16.12,16.35,15.63,16.2797,2553,0
GFOF.US,D,20240807,000000,16.54,16.54,15.61,15.6158,1038,0
GFOF.US,D,20240808,000000,16.05,16.76,16.05,16.7366,2494,0
GFOF.US,D,20240809,000000,16.5857,16.6514,16.5857,16.6514,453,0
GFOF.US,D,20240812,000000,16.44,16.44,16.2269,16.2269,541,0
GFOF.US,D,20240813,000000,16.45,16.4501,16.4392,16.4392,641,0
GFOF.US,D,20240814,000000,16.3102,16.3102,16.3102,16.3102,309,0
GFOF.US,D,20240815,000000,16.745,16.745,16.6938,16.6938,433,0
GFOF.US,D,20240816,000000,16.82,17.27,16.8,17.27,1903,0
GFOF.US,D,20240819,000000,17.36,17.6092,17.36,17.6092,462,0
GFOF.US,D,20240820,000000,17.7273,17.7273,17.7273,17.7273,127,0
GFOF.US,D,20240821,000000,17.8813,18.22,17.72,18.22,1952,0
GFOF.US,D,20240822,000000,18.21,18.21,17.8182,17.8182,841,0
GFOF.US,D,20240823,000000,17.96,18.62,17.9201,18.62,2659,0
GFOF.US,D,20240826,000000,18.59,18.74,18.34,18.5245,2615,0
GFOF.US,D,20240827,000000,18.26,18.26,18.0816,18.1134,517,0
GFOF.US,D,20240828,000000,17.39,17.4537,17.39,17.4537,386,0
GFOF.US,D,20240829,000000,18.02,18.02,17.4847,17.4847,464,0
GFOF.US,D,20240830,000000,17.2397,17.2397,17.2397,17.2397,298,0
GFOF.US,D,20240903,000000,16.7,16.75,16.17,16.17,1420,0
GFOF.US,D,20240904,000000,15.98,16.4073,15.98,16.0703,15760,0
GFOF.US,D,20240905,000000,16.25,16.2592,16.25,16.2592,529,0
GFOF.US,D,20240906,000000,15.4725,15.4725,15.4725,15.4725,238,0
GFOF.US,D,20240909,000000,16.359,16.3724,16.359,16.3724,747,0
GFOF.US,D,20240910,000000,16.6753,16.7534,16.6753,16.7534,268,0
GFOF.US,D,20240911,000000,16.3,16.74,16.29,16.74,1673,0
GFOF.US,D,20240912,000000,16.99,17.19,16.99,17.0303,1467,0
GFOF.US,D,20240913,000000,17.45,17.45,17.2768,17.2768,515,0
GFOF.US,D,20240916,000000,17,17,16.94,16.94,1396,0
GFOF.US,D,20240917,000000,17.5483,17.5483,17.2401,17.2874,725,0
GFOF.US,D,20240918,000000,17.2795,17.55,17.2095,17.2095,2168,0
GFOF.US,D,20240919,000000,17.79,17.99,17.58,17.6064,1197,0
GFOF.US,D,20240920,000000,17.36,17.5332,17.36,17.5332,949,0
GFOF.US,D,20240923,000000,17.85,17.8681,17.63,17.8681,5364,0
GFOF.US,D,20240924,000000,17.905,18.37,17.905,18.37,1355,0
GFOF.US,D,20240925,000000,18.34,18.3401,18.2991,18.2991,1896,0
GFOF.US,D,20240926,000000,18.84,19.14,18.74,19.0894,2108,0
GFOF.US,D,20240927,000000,19.11,19.1669,19.04,19.1669,2062,0
GFOF.US,D,20240930,000000,18.5,18.87,18.5,18.5532,2381,0
GFOF.US,D,20241001,000000,17.85,17.85,17.52,17.7019,2047,0
GFOF.US,D,20241002,000000,17.61,17.995,17.61,17.9313,383,0
GFOF.US,D,20241003,000000,17.75,17.9242,17.66,17.9242,522,0
GFOF.US,D,20241004,000000,18.25,18.38,18.25,18.38,1648,0
GFOF.US,D,20241007,000000,18.46,18.48,18.0778,18.0778,1172,0
GFOF.US,D,20241008,000000,17.98,18.2561,17.95,18.2561,898,0
GFOF.US,D,20241009,000000,17.89,17.89,17.89,17.89,138,0
GFOF.US,D,20241010,000000,17.6,17.7202,17.41,17.7202,6318,0
GFOF.US,D,20241011,000000,17.95,18.575,17.95,18.575,949,0
GFOF.US,D,20241014,000000,19.1632,19.4631,19.1632,19.4631,499,0
GFOF.US,D,20241015,000000,19.69,19.95,19.4,19.4099,2548,0
GFOF.US,D,20241016,000000,19.72,20.49,19.72,20.4618,2799,0
GFOF.US,D,20241017,000000,20.37,20.37,20.0865,20.0865,1704,0
GFOF.US,D,20241018,000000,20.74,21.16,20.74,21.0769,2735,0
GFOF.US,D,20241021,000000,20.95,21.4623,20.87,21.4623,3312,0
GFOF.US,D,20241022,000000,21.16,21.53,21.16,21.53,530,0
GFOF.US,D,20241023,000000,21.05,21.07,20.48,20.6558,1309,0
GFOF.US,D,20241024,000000,21.55,21.55,20.78,20.98,3297,0
GFOF.US,D,20241025,000000,21.24,21.24,20.678,20.678,1580,0
GFOF.US,D,20241028,000000,21.55,22.12,21.55,22.0688,2423,0
GFOF.US,D,20241029,000000,22.2378,22.29,21.99,22.0113,5339,0
GFOF.US,D,20241030,000000,22.11,22.2,21.7519,21.7519,1646,0
GFOF.US,D,20241031,000000,20.43,20.43,19.9799,19.9799,5906,0
GFOF.US,D,20241101,000000,20,20.2,19.68,19.68,1106,0
GFOF.US,D,20241104,000000,19.5,19.5,19.2952,19.2952,2376,0
GFOF.US,D,20241105,000000,19.41,20.1,19.41,20.0071,2276,0
GFOF.US,D,20241106,000000,22.1,23.66,22.1,23.3688,11674,0
GFOF.US,D,20241107,000000,24.79,24.79,23.35,23.8849,4101,0
GFOF.US,D,20241108,000000,23.79,24.06,23.4,24.06,2266,0
GFOF.US,D,20241111,000000,26.05,27.6619,26.05,27.5633,10343,0
GFOF.US,D,20241112,000000,26.4,27.4237,26.4,27.4237,2716,0
GFOF.US,D,20241113,000000,28,28,25.4721,25.4721,3025,0
GFOF.US,D,20241114,000000,25.69,26.08,24.634,24.634,1830,0
GFOF.US,D,20241115,000000,24.66,25.3176,24.66,25.3176,1011,0
GFOF.US,D,20241118,000000,25,25.64,24.92,25.3624,8121,0
GFOF.US,D,20241119,000000,26.1,26.31,25.55,26.0958,3102,0
GFOF.US,D,20241120,000000,26.5,26.5,25.9788,25.9788,1435,0
GFOF.US,D,20241121,000000,25.7,25.71,25.45,25.6061,1692,0
GFOF.US,D,20241122,000000,25.25,27,25.19,26.9079,6076,0
GFOF.US,D,20241125,000000,27.32,27.32,26.55,26.8992,2845,0
GFOF.US,D,20241126,000000,26,26.45,25.22,25.2901,4586,0
GFOF.US,D,20241127,000000,25.98,27.0124,25.93,27.0124,11281,0
GFOF.US,D,20241129,000000,27.39,28.6726,27.39,27.7681,3747,0
GFOF.US,D,20241202,000000,27.64,27.91,27.64,27.695,1497,0
GFOF.US,D,20241203,000000,27.86,27.92,27.33,27.71,7718,0
GFOF.US,D,20241204,000000,27.8002,27.85,27.65,27.71,2108,0
GFOF.US,D,20241205,000000,27.8727,27.8727,27.5,27.705,2005,0
GFOF.US,D,20241206,000000,27.66,27.93,27.3478,27.725,4103,0
GFOF.US,D,20241209,000000,27.66,27.665,27.6,27.665,3369,0
GFOF.US,D,20241210,000000,27.88,27.88,27.63,27.69,2428,0
GFOF.US,D,20241211,000000,27.6895,27.87,27.67,27.69,6120,0
GFOF.US,D,20241212,000000,27.72,27.72,27.64,27.69,1180,0
