<TICKER>,<PER>,<DATE>,<TIME>,<OPEN>,<HIGH>,<LOW>,<CLOSE>,<VOL>,<OPENINT>
GPOW.US,D,20230717,000000,40.475,40.475,40.4096,40.4096,205,0
GPOW.US,D,20230718,000000,40.7703,40.7703,40.7703,40.7703,2,0
GPOW.US,D,20230719,000000,40.9856,40.9856,40.9856,40.9856,3,0
GPOW.US,D,20230720,000000,41.1933,41.1933,41.1933,41.1933,2,0
GPOW.US,D,20230721,000000,41.4815,41.4815,41.4815,41.4815,2,0
GPOW.US,D,20230724,000000,41.6,41.6314,41.6,41.6314,400,0
GPOW.US,D,20230725,000000,41.5488,41.5488,41.5488,41.5488,2,0
GPOW.US,D,20230726,000000,41.4933,41.4933,41.4933,41.4933,7,0
GPOW.US,D,20230727,000000,41,41,40.9902,40.9902,114,0
GPOW.US,D,20230728,000000,40.96,41.0943,40.96,41.0943,300,0
GPOW.US,D,20230731,000000,41.4969,41.4969,41.4969,41.4969,9,0
GPOW.US,D,20230801,000000,41.0861,41.0861,41.0861,41.0861,3,0
GPOW.US,D,20230802,000000,40.7,40.7,40.7,40.7,102,0
GPOW.US,D,20230803,000000,40.78,40.78,40.78,40.78,107,0
GPOW.US,D,20230804,000000,40.56,40.56,40.56,40.56,109,0
GPOW.US,D,20230807,000000,40.5617,40.64,40.5617,40.64,301,0
GPOW.US,D,20230808,000000,40.5151,40.5151,40.5151,40.5151,2,0
GPOW.US,D,20230809,000000,40.94,40.94,40.94,40.94,111,0
GPOW.US,D,20230810,000000,40.9084,40.9084,40.89,40.89,225,0
GPOW.US,D,20230811,000000,40.95,41.05,40.9442,41.0236,1100,0
GPOW.US,D,20230814,000000,40.7627,40.7627,40.7627,40.7627,1,0
GPOW.US,D,20230815,000000,40.21,40.21,40.21,40.21,200,0
GPOW.US,D,20230816,000000,40.1,40.11,40.07,40.07,755,0
GPOW.US,D,20230817,000000,40.26,40.26,40.26,40.26,200,0
GPOW.US,D,20230818,000000,40.4387,40.4387,40.4387,40.4387,1,0
GPOW.US,D,20230821,000000,40.4058,40.4058,40.4058,40.4058,1,0
GPOW.US,D,20230822,000000,40.32,40.32,40.32,40.32,107,0
GPOW.US,D,20230823,000000,40.31,40.4508,40.3,40.4508,2602,0
GPOW.US,D,20230824,000000,40.15,40.15,40.15,40.15,308,0
GPOW.US,D,20230825,000000,40.33,40.525,40.175,40.3479,2522,0
GPOW.US,D,20230828,000000,40.6137,40.6137,40.6137,40.6137,1,0
GPOW.US,D,20230829,000000,40.8934,40.8934,40.8934,40.8934,1,0
GPOW.US,D,20230830,000000,40.9479,40.9479,40.9479,40.9479,30,0
GPOW.US,D,20230831,000000,40.96,40.96,40.96,40.96,110,0
GPOW.US,D,20230901,000000,41.2223,41.2223,41.2223,41.2223,3,0
GPOW.US,D,20230905,000000,41.07,41.07,41.07,41.07,100,0
GPOW.US,D,20230906,000000,40.09,40.09,40.09,40.09,100,0
GPOW.US,D,20230907,000000,40.11,40.11,40.11,40.11,100,0
GPOW.US,D,20230908,000000,40.2748,40.2748,40.2748,40.2748,1,0
GPOW.US,D,20230911,000000,40.0711,40.0711,40.0711,40.0711,1,0
GPOW.US,D,20230912,000000,40.67,40.67,40.67,40.67,233,0
GPOW.US,D,20230913,000000,40.67,40.67,40.67,40.67,300,0
GPOW.US,D,20230914,000000,41.305,41.305,41.305,41.305,1,0
GPOW.US,D,20230915,000000,41.05,41.05,41.05,41.05,200,0
GPOW.US,D,20230918,000000,40.8901,41.09,40.8901,41.09,202,0
GPOW.US,D,20230919,000000,40.93,40.93,40.93,40.93,300,0
GPOW.US,D,20230920,000000,40.99,40.99,40.99,40.99,100,0
GPOW.US,D,20230921,000000,40.29,40.29,40.29,40.29,300,0
GPOW.US,D,20230922,000000,40.58,40.58,40.47,40.53,700,0
GPOW.US,D,20230925,000000,40.5531,40.5531,40.5531,40.5531,1,0
GPOW.US,D,20230926,000000,39.84,39.84,39.84,39.84,100,0
GPOW.US,D,20230927,000000,39.94,39.94,39.94,39.94,101,0
GPOW.US,D,20230928,000000,39.912,39.912,39.912,39.912,1,0
GPOW.US,D,20230929,000000,39.51,39.51,39.51,39.51,200,0
GPOW.US,D,20231002,000000,38.37,38.37,38.37,38.37,101,0
GPOW.US,D,20231003,000000,37.9119,37.9119,37.9119,37.9119,1,0
GPOW.US,D,20231004,000000,37.51,37.51,37.51,37.51,232,0
GPOW.US,D,20231005,000000,37.86,37.86,37.86,37.86,200,0
GPOW.US,D,20231006,000000,37.6,38.27,37.54,38.2165,11628,0
GPOW.US,D,20231009,000000,39.0162,39.0162,39.0162,39.0162,1,0
GPOW.US,D,20231010,000000,39.47,39.48,39.4561,39.4561,274,0
GPOW.US,D,20231011,000000,39.8,39.8863,39.8,39.8863,24500,0
GPOW.US,D,20231012,000000,39.8,39.82,39.54,39.6975,38200,0
GPOW.US,D,20231013,000000,40.17,40.23,40.13,40.13,29482,0
GPOW.US,D,20231016,000000,40.32,40.61,40.32,40.4525,50043,0
GPOW.US,D,20231017,000000,40.46,40.46,40.28,40.4137,11604,0
GPOW.US,D,20231018,000000,40.21,40.22,40.06,40.1275,20406,0
GPOW.US,D,20231019,000000,39.78,40,39.78,40,507,0
GPOW.US,D,20231020,000000,39.77,39.79,39.49,39.52,15701,0
GPOW.US,D,20231023,000000,39.32,39.3417,39.26,39.3417,400,0
GPOW.US,D,20231024,000000,39.27,39.3766,39.27,39.3766,400,0
GPOW.US,D,20231025,000000,39.31,39.4,39.31,39.3134,5201,0
GPOW.US,D,20231026,000000,39.292,39.292,39.292,39.292,6,0
GPOW.US,D,20231027,000000,38.77,38.77,38.58,38.67,600,0
GPOW.US,D,20231030,000000,38.92,38.92,38.6,38.845,3100,0
GPOW.US,D,20231031,000000,38.86,38.9339,38.86,38.9339,909,0
GPOW.US,D,20231101,000000,39.2923,39.2923,39.2923,39.2923,6,0
GPOW.US,D,20231102,000000,40.6909,40.6909,40.6909,40.6909,6,0
GPOW.US,D,20231103,000000,40.88,40.89,40.8323,40.8323,301,0
GPOW.US,D,20231106,000000,40.4707,40.4707,40.4707,40.4707,56,0
GPOW.US,D,20231107,000000,39.9328,39.9328,39.9328,39.9328,1,0
GPOW.US,D,20231108,000000,41.29,41.29,39.6396,39.6396,611,0
GPOW.US,D,20231109,000000,39.5704,39.5704,39.5704,39.5704,6,0
GPOW.US,D,20231110,000000,39.73,39.73,39.61,39.637,2708,0
GPOW.US,D,20231113,000000,39.54,39.86,39.54,39.7457,14100,0
GPOW.US,D,20231114,000000,40.569,40.569,40.569,40.569,6,0
GPOW.US,D,20231115,000000,40.7318,40.7318,40.7318,40.7318,6,0
GPOW.US,D,20231116,000000,40.2436,40.2436,40.2436,40.2436,11,0
GPOW.US,D,20231117,000000,40.9284,40.9284,40.9284,40.9284,1,0
GPOW.US,D,20231120,000000,41.08,41.08,41.0336,41.0336,1227,0
GPOW.US,D,20231121,000000,41.1434,41.1434,41.1434,41.1434,6,0
GPOW.US,D,20231122,000000,41.2828,41.2828,41.2828,41.2828,6,0
GPOW.US,D,20231124,000000,41.4827,41.4827,41.4827,41.4827,6,0
GPOW.US,D,20231127,000000,41.3484,41.3484,41.3484,41.3484,1,0
GPOW.US,D,20231128,000000,41.4598,41.4598,41.4598,41.4598,6,0
GPOW.US,D,20231129,000000,41.6062,41.6062,41.6062,41.6062,2,0
GPOW.US,D,20231130,000000,42.04,42.2012,42.04,42.2012,22525,0
GPOW.US,D,20231201,000000,42.66,42.7107,42.63,42.7107,35900,0
GPOW.US,D,20231204,000000,42.48,42.59,42.09,42.5292,62675,0
GPOW.US,D,20231205,000000,42.31,42.31,41.9204,41.9204,18075,0
GPOW.US,D,20231206,000000,41.6985,41.6985,41.6985,41.6985,6,0
GPOW.US,D,20231207,000000,41.3848,41.3848,41.3848,41.3848,6,0
GPOW.US,D,20231208,000000,41.7524,41.7524,41.7524,41.7524,17,0
GPOW.US,D,20231211,000000,41.43,41.43,41.38,41.38,200,0
GPOW.US,D,20231212,000000,40.81,40.8715,40.81,40.8715,200,0
GPOW.US,D,20231213,000000,41.6884,41.6884,41.6884,41.6884,6,0
GPOW.US,D,20231214,000000,42.222,42.222,42.222,42.222,2,0
GPOW.US,D,20231215,000000,41.9236,41.9236,41.9236,41.9236,6,0
GPOW.US,D,20231218,000000,42.066,42.066,42.066,42.066,6,0
GPOW.US,D,20231219,000000,42.3445,42.3445,42.3445,42.3445,6,0
GPOW.US,D,20231220,000000,41.9298,41.9298,41.9298,41.9298,6,0
GPOW.US,D,20231221,000000,42.31,42.4352,42.13,42.4352,696,0
GPOW.US,D,20231222,000000,42.7044,42.7044,42.7044,42.7044,6,0
GPOW.US,D,20231226,000000,42.12,42.2095,42.12,42.2095,100,0
GPOW.US,D,20231227,000000,42.0997,42.0997,42.0997,42.0997,6,0
GPOW.US,D,20231228,000000,41.9657,41.9657,41.9657,41.9657,1,0
GPOW.US,D,20231229,000000,41.8807,41.8807,41.8807,41.8807,6,0
GPOW.US,D,20240102,000000,42.0139,42.0139,42.0139,42.0139,1,0
GPOW.US,D,20240103,000000,42.1706,42.1706,42.1706,42.1706,1,0
GPOW.US,D,20240104,000000,41.9202,41.9202,41.9202,41.9202,2,0
GPOW.US,D,20240105,000000,42.0317,42.0317,42.0317,42.0317,5,0
GPOW.US,D,20240108,000000,41.75,42.0561,41.75,42.0561,342,0
GPOW.US,D,20240109,000000,41.86,41.86,41.86,41.86,32,0
GPOW.US,D,20240110,000000,41.8898,41.8898,41.8898,41.8898,17,0
GPOW.US,D,20240111,000000,41.5936,41.5936,41.5936,41.5936,1,0
GPOW.US,D,20240112,000000,41.96,42.42,41.7871,41.7871,3451,0
GPOW.US,D,20240116,000000,41.25,41.3271,41.25,41.3271,1277,0
GPOW.US,D,20240117,000000,40.8044,40.8044,40.8044,40.8044,2,0
GPOW.US,D,20240118,000000,40.8072,40.8072,40.8072,40.8072,1,0
GPOW.US,D,20240119,000000,40.68,40.7317,40.68,40.7317,3650,0
GPOW.US,D,20240122,000000,41.0729,41.0729,41.0729,41.0729,2,0
GPOW.US,D,20240123,000000,41,41.126,41,41.126,1460,0
GPOW.US,D,20240124,000000,41.0796,41.0796,41.0796,41.0796,2,0
GPOW.US,D,20240125,000000,41.5569,41.5569,41.5569,41.5569,2,0
GPOW.US,D,20240126,000000,41.8613,41.8613,41.8613,41.8613,1,0
GPOW.US,D,20240129,000000,41.9647,41.9647,41.9647,41.9647,2,0
GPOW.US,D,20240130,000000,41.9884,41.9884,41.9884,41.9884,90,0
GPOW.US,D,20240131,000000,41.85,41.87,41.428,41.428,791,0
GPOW.US,D,20240201,000000,41.8543,41.8543,41.8543,41.8543,1216,0
GPOW.US,D,20240202,000000,41.67,41.7,41.462,41.462,1302,0
GPOW.US,D,20240205,000000,40.8842,40.8842,40.8842,40.8842,8,0
GPOW.US,D,20240206,000000,40.8677,40.8677,40.8677,40.8677,1,0
GPOW.US,D,20240207,000000,40.8502,40.8502,40.8502,40.8502,1,0
GPOW.US,D,20240208,000000,40.7962,40.7962,40.7962,40.7962,7,0
GPOW.US,D,20240209,000000,40.7948,40.7948,40.7948,40.7948,1,0
GPOW.US,D,20240212,000000,40.86,41.5678,40.86,41.5678,1249,0
GPOW.US,D,20240213,000000,40.6994,40.6994,40.6994,40.6994,74,0
GPOW.US,D,20240214,000000,40.7334,40.7334,40.7334,40.7334,7,0
GPOW.US,D,20240215,000000,41.8174,41.8174,41.8174,41.8174,10,0
GPOW.US,D,20240216,000000,42.1507,42.1507,42.1507,42.1507,7,0
GPOW.US,D,20240220,000000,42.0946,42.0946,42.0946,42.0946,21,0
GPOW.US,D,20240221,000000,42.5928,42.5928,42.5928,42.5928,1,0
GPOW.US,D,20240222,000000,42.4533,42.4533,42.4533,42.4533,51,0
GPOW.US,D,20240223,000000,42.3767,42.3767,42.3767,42.3767,2,0
GPOW.US,D,20240226,000000,41.9908,41.9908,41.9908,41.9908,1,0
GPOW.US,D,20240227,000000,42.1802,42.1802,42.1802,42.1802,9,0
GPOW.US,D,20240228,000000,42.0393,42.0393,42.0393,42.0393,1,0
GPOW.US,D,20240229,000000,42.5253,42.5253,42.5253,42.5253,1,0
GPOW.US,D,20240301,000000,42.8694,42.8694,42.8694,42.8694,1,0
GPOW.US,D,20240304,000000,42.8562,42.8562,42.8562,42.8562,1,0
GPOW.US,D,20240305,000000,43.1071,43.1071,43.1071,43.1071,1,0
GPOW.US,D,20240306,000000,43.3754,43.3754,43.3754,43.3754,1,0
GPOW.US,D,20240307,000000,43.62,43.6579,43.5871,43.6579,516,0
GPOW.US,D,20240308,000000,43.5716,43.5716,43.5716,43.5716,5,0
GPOW.US,D,20240311,000000,43.8075,43.8075,43.8075,43.8075,1,0
GPOW.US,D,20240312,000000,43.8148,43.8148,43.8148,43.8148,1,0
GPOW.US,D,20240313,000000,43.828,43.828,43.828,43.828,83,0
GPOW.US,D,20240314,000000,43.3158,43.3158,43.3158,43.3158,2,0
GPOW.US,D,20240315,000000,43.4193,43.4193,43.4193,43.4193,2,0
GPOW.US,D,20240318,000000,43.3816,43.3816,43.3816,43.3816,1,0
GPOW.US,D,20240319,000000,43.7595,43.7595,43.7595,43.7595,1,0
GPOW.US,D,20240320,000000,44.0024,44.0024,44.0024,44.0024,1,0
GPOW.US,D,20240321,000000,44.1275,44.1275,44.1275,44.1275,1,0
GPOW.US,D,20240322,000000,43.7656,43.7656,43.7656,43.7656,1,0
GPOW.US,D,20240325,000000,43.7471,43.7471,43.7471,43.7471,1,0
GPOW.US,D,20240326,000000,43.6557,43.6557,43.6557,43.6557,161,0
GPOW.US,D,20240327,000000,44.0634,44.0634,44.0634,44.0634,1,0
GPOW.US,D,20240328,000000,44.5978,44.5978,44.5978,44.5978,12,0
GPOW.US,D,20240401,000000,44.59,44.59,44.4305,44.4305,701,0
GPOW.US,D,20240402,000000,44.5421,44.5421,44.5421,44.5421,1,0
GPOW.US,D,20240403,000000,44.61,44.732,44.61,44.732,793,0
GPOW.US,D,20240404,000000,44.533,44.533,44.533,44.533,1,0
GPOW.US,D,20240405,000000,44.5211,44.5211,44.5211,44.5211,1,0
GPOW.US,D,20240408,000000,44.5325,44.5325,44.5325,44.5325,113,0
GPOW.US,D,20240409,000000,44.5487,44.5487,44.5487,44.5487,55,0
GPOW.US,D,20240410,000000,44,44,43.9525,43.9525,500,0
GPOW.US,D,20240411,000000,43.93,43.93,43.84,43.887,1576,0
GPOW.US,D,20240412,000000,43.69,43.69,43.2559,43.2559,604,0
GPOW.US,D,20240415,000000,43.21,43.21,42.82,42.82,100,0
GPOW.US,D,20240416,000000,42.43,42.43,42.332,42.332,100,0
GPOW.US,D,20240417,000000,42.5865,42.5865,42.5865,42.5865,1,0
GPOW.US,D,20240418,000000,42.98,42.98,42.8593,42.8593,200,0
GPOW.US,D,20240419,000000,43.6783,43.6783,43.6783,43.6783,92,0
GPOW.US,D,20240422,000000,43.75,43.9613,43.75,43.8802,1695,0
GPOW.US,D,20240423,000000,44.3,44.3,44.2329,44.2329,636,0
GPOW.US,D,20240424,000000,44.4282,44.4282,44.4282,44.4282,1,0
GPOW.US,D,20240425,000000,44.51,44.53,44.4921,44.4921,200,0
GPOW.US,D,20240426,000000,44.3344,44.3344,44.3344,44.3344,22,0
GPOW.US,D,20240429,000000,44.99,44.99,44.613,44.613,187,0
GPOW.US,D,20240430,000000,44.03,44.03,43.8939,43.8939,7769,0
GPOW.US,D,20240501,000000,43.99,43.99,43.7527,43.7527,225,0
GPOW.US,D,20240502,000000,44.2165,44.2165,44.2165,44.2165,2,0
GPOW.US,D,20240503,000000,44.5055,44.5494,44.5055,44.5494,261,0
GPOW.US,D,20240506,000000,44.814,44.814,44.814,44.814,1,0
GPOW.US,D,20240507,000000,44.8981,44.8981,44.8981,44.8981,53,0
GPOW.US,D,20240508,000000,44.86,45.2,44.86,45.1852,836,0
GPOW.US,D,20240509,000000,45.6331,45.6331,45.6331,45.6331,41,0
GPOW.US,D,20240510,000000,45.7007,45.7007,45.7007,45.7007,311,0
GPOW.US,D,20240513,000000,45.7271,45.7271,45.5792,45.5792,1049,0
GPOW.US,D,20240514,000000,46.0725,46.0725,46.0725,46.0725,20,0
GPOW.US,D,20240515,000000,46.42,46.42,46.032,46.2303,621,0
GPOW.US,D,20240516,000000,46.47,46.53,46.3375,46.3375,1053,0
GPOW.US,D,20240517,000000,46.36,46.5123,46.36,46.5123,386,0
GPOW.US,D,20240520,000000,46.72,46.7218,46.72,46.72,581,0
GPOW.US,D,20240521,000000,46.68,46.69,46.6601,46.6601,1560,0
GPOW.US,D,20240522,000000,46.4999,46.4999,46.0725,46.0725,540,0
GPOW.US,D,20240523,000000,45.82,45.82,45.4502,45.4502,212,0
GPOW.US,D,20240524,000000,45.6461,45.6461,45.6461,45.6461,31,0
GPOW.US,D,20240528,000000,45.72,45.82,45.72,45.813,561,0
GPOW.US,D,20240529,000000,45.76,45.76,45.2185,45.2185,602,0
GPOW.US,D,20240530,000000,45.54,45.5511,45.54,45.5511,113,0
GPOW.US,D,20240531,000000,45.87,46.2478,45.8,46.2478,287,0
GPOW.US,D,20240603,000000,45.9707,45.9707,45.9707,45.9707,65,0
GPOW.US,D,20240604,000000,45.99,46.0661,45.99,46.0661,316,0
GPOW.US,D,20240605,000000,46.3633,46.3633,46.3633,46.3633,1,0
GPOW.US,D,20240606,000000,46.3574,46.3574,46.3574,46.3574,50,0
GPOW.US,D,20240607,000000,46.19,46.19,46.1515,46.1515,706,0
GPOW.US,D,20240610,000000,46.6274,46.6274,46.543,46.543,570,0
GPOW.US,D,20240611,000000,46.3666,46.3666,46.3666,46.3666,16,0
GPOW.US,D,20240612,000000,46.67,46.67,46.39,46.4102,395,0
GPOW.US,D,20240613,000000,46.15,46.15,46.0762,46.0762,207,0
GPOW.US,D,20240614,000000,45.5678,45.5678,45.5678,45.5678,32,0
GPOW.US,D,20240617,000000,45.51,45.51,45.4315,45.4315,465,0
GPOW.US,D,20240618,000000,45.7613,45.7613,45.6871,45.6871,262,0
GPOW.US,D,20240620,000000,46.06,46.06,46.06,46.06,396,0
GPOW.US,D,20240621,000000,45.8501,45.9088,45.8501,45.8833,310,0
GPOW.US,D,20240624,000000,46.19,46.49,46.19,46.4186,640,0
GPOW.US,D,20240625,000000,46.352,46.5264,46.352,46.5264,212,0
GPOW.US,D,20240626,000000,46.33,46.33,46.3214,46.3214,102,0
GPOW.US,D,20240627,000000,46.413,46.413,46.413,46.413,8,0
GPOW.US,D,20240628,000000,46.52,46.52,46.52,46.52,821,0
GPOW.US,D,20240701,000000,46.36,46.36,46.2405,46.2405,102,0
GPOW.US,D,20240702,000000,46.4622,46.4622,46.4622,46.4622,52,0
GPOW.US,D,20240703,000000,46.8361,46.8361,46.8361,46.8361,1,0
GPOW.US,D,20240705,000000,46.82,46.82,46.5219,46.5219,1009,0
GPOW.US,D,20240708,000000,46.615,46.615,46.4889,46.4889,251,0
GPOW.US,D,20240709,000000,46.68,46.68,46.4719,46.4719,111,0
GPOW.US,D,20240710,000000,46.6508,46.6508,46.6508,46.6508,6,0
GPOW.US,D,20240711,000000,47.0461,47.0461,47.0461,47.0461,17,0
GPOW.US,D,20240712,000000,47.3598,47.3598,47.3598,47.3598,83,0
GPOW.US,D,20240715,000000,47.3448,47.3448,47.1493,47.1493,304,0
GPOW.US,D,20240716,000000,47.3553,47.3553,47.3553,47.3553,2,0
GPOW.US,D,20240717,000000,47.67,47.67,47.3461,47.3461,355,0
GPOW.US,D,20240718,000000,47.63,47.63,47.4783,47.4783,109,0
GPOW.US,D,20240719,000000,47.6715,47.6715,47.6715,47.6715,87,0
GPOW.US,D,20240722,000000,48.33,48.3721,48.09,48.3721,2424,0
GPOW.US,D,20240723,000000,47.9637,47.9637,47.9637,47.9637,2,0
GPOW.US,D,20240724,000000,47.3098,47.3098,47.3098,47.3098,6,0
GPOW.US,D,20240725,000000,47.0953,47.0953,47.0953,47.0953,1,0
GPOW.US,D,20240726,000000,47.3816,47.3816,47.3816,47.3816,12,0
GPOW.US,D,20240729,000000,47.3807,47.3807,47.3807,47.3807,32,0
GPOW.US,D,20240730,000000,47.792,47.792,47.792,47.792,2,0
GPOW.US,D,20240731,000000,47.859,47.859,47.859,47.859,51,0
GPOW.US,D,20240801,000000,47.7039,47.7039,47.7039,47.7039,20,0
GPOW.US,D,20240802,000000,46.8483,46.8483,46.8483,46.8483,1,0
GPOW.US,D,20240805,000000,45.49,45.7197,45.49,45.7197,204,0
GPOW.US,D,20240806,000000,46.9467,46.9467,46.9467,46.9467,24,0
GPOW.US,D,20240807,000000,46.7907,46.7907,46.7907,46.7907,3,0
GPOW.US,D,20240808,000000,47.5013,47.5013,47.5013,47.5013,3,0
GPOW.US,D,20240809,000000,47.2007,47.2007,47.2007,47.2007,3,0
GPOW.US,D,20240812,000000,47.4,47.4,47.092,47.092,375,0
GPOW.US,D,20240813,000000,47.2729,47.2729,47.2729,47.2729,93,0
GPOW.US,D,20240814,000000,47.3,47.7489,47.3,47.7489,201,0
GPOW.US,D,20240815,000000,48.0772,48.0772,48.0772,48.0772,48,0
GPOW.US,D,20240816,000000,48.3962,48.3962,48.3962,48.3962,52,0
GPOW.US,D,20240819,000000,48.7643,48.7643,48.7643,48.7643,5,0
GPOW.US,D,20240820,000000,48.2485,48.2485,48.2485,48.2485,20,0
GPOW.US,D,20240821,000000,48.2672,48.2672,48.2672,48.2672,26,0
GPOW.US,D,20240822,000000,48.2698,48.2698,48.2698,48.2698,46,0
GPOW.US,D,20240823,000000,48.9466,48.9466,48.9466,48.9466,4,0
GPOW.US,D,20240826,000000,49.1966,49.1966,49.1966,49.1966,1,0
GPOW.US,D,20240827,000000,48.9404,48.9404,48.9404,48.9404,102,0
GPOW.US,D,20240828,000000,48.5753,48.5753,48.5753,48.5753,2,0
GPOW.US,D,20240829,000000,49.0702,49.0702,49.0702,49.0702,3,0
GPOW.US,D,20240830,000000,49.4945,49.4945,49.4945,49.4945,62,0
GPOW.US,D,20240903,000000,49.0518,49.0518,49.0518,49.0518,5,0
GPOW.US,D,20240904,000000,48.908,48.908,48.908,48.908,5,0
GPOW.US,D,20240905,000000,49.03,49.0817,49.03,49.0817,520,0
GPOW.US,D,20240906,000000,48.5433,48.5433,48.5433,48.5433,48,0
GPOW.US,D,20240909,000000,48.4778,48.4778,48.4778,48.4778,4,0
GPOW.US,D,20240910,000000,48.4953,48.4953,48.4953,48.4953,2,0
GPOW.US,D,20240911,000000,48.03,48.647,48.03,48.647,281,0
GPOW.US,D,20240912,000000,49.02,49.02,49.02,49.02,545,0
GPOW.US,D,20240913,000000,49.4,49.6467,49.4,49.6467,124,0
GPOW.US,D,20240916,000000,50.1682,50.1682,50.1682,50.1682,104,0
GPOW.US,D,20240917,000000,50.095,50.1597,50.095,50.1597,251,0
GPOW.US,D,20240918,000000,50.0035,50.0035,50.0035,50.0035,1,0
GPOW.US,D,20240919,000000,49.8421,49.8421,49.8421,49.8421,3,0
GPOW.US,D,20240920,000000,49.9637,49.9637,49.9637,49.9637,106,0
GPOW.US,D,20240923,000000,50.6757,50.6757,50.6757,50.6757,9,0
GPOW.US,D,20240924,000000,50.52,50.5859,50.51,50.5859,601,0
GPOW.US,D,20240925,000000,50.67,50.67,50.4819,50.4819,198,0
GPOW.US,D,20240926,000000,50.49,50.49,49.7407,49.7407,1431,0
GPOW.US,D,20240927,000000,49.9987,49.9987,49.9987,49.9987,119,0
GPOW.US,D,20241001,000000,50.5614,50.5614,50.5614,50.5614,20,0
GPOW.US,D,20241002,000000,50.41,51.2526,50.41,51.2526,1136,0
GPOW.US,D,20241003,000000,51.0977,51.0977,51.0977,51.0977,101,0
GPOW.US,D,20241004,000000,51.5413,51.5413,51.5413,51.5413,29,0
GPOW.US,D,20241007,000000,51.4,51.4,51.3402,51.3402,144,0
GPOW.US,D,20241008,000000,50.912,50.912,50.912,50.912,1,0
GPOW.US,D,20241009,000000,51.3015,51.3015,51.3015,51.3015,12,0
GPOW.US,D,20241010,000000,51.37,51.37,51.1776,51.1776,202,0
GPOW.US,D,20241011,000000,51.7524,51.7524,51.7524,51.7524,25,0
GPOW.US,D,20241014,000000,51.959,51.959,51.959,51.959,72,0
GPOW.US,D,20241015,000000,51.4535,51.4535,51.4535,51.4535,74,0
GPOW.US,D,20241016,000000,51.545,51.9618,51.545,51.9618,151,0
GPOW.US,D,20241017,000000,51.87,51.9,51.8237,51.8237,380,0
GPOW.US,D,20241018,000000,52.007,52.007,52.007,52.007,53,0
GPOW.US,D,20241021,000000,52.11,52.11,51.782,51.782,2430,0
GPOW.US,D,20241022,000000,51.72,51.8575,51.71,51.8575,966,0
GPOW.US,D,20241023,000000,51.8079,51.8079,51.5372,51.5372,1191,0
GPOW.US,D,20241024,000000,51.7239,51.7239,51.7239,51.7239,61,0
GPOW.US,D,20241025,000000,51.4073,51.4073,51.3639,51.3639,144,0
GPOW.US,D,20241028,000000,51.1324,51.1324,51.1324,51.1324,54,0
GPOW.US,D,20241029,000000,50.5883,50.7844,50.5883,50.7844,108,0
GPOW.US,D,20241030,000000,51.0357,51.0357,51.0357,51.0357,42,0
GPOW.US,D,20241031,000000,51.0555,51.1345,51.0555,51.1345,100,0
GPOW.US,D,20241101,000000,50.59,50.5901,50.59,50.5901,294,0
GPOW.US,D,20241104,000000,50.84,51.2489,50.84,51.2489,664,0
GPOW.US,D,20241105,000000,52.0346,52.0346,52.0346,52.0346,155,0
GPOW.US,D,20241106,000000,52.73,53.0693,52.71,53.0693,1185,0
GPOW.US,D,20241107,000000,53.72,53.72,53.6342,53.6342,376,0
GPOW.US,D,20241108,000000,53.64,53.93,53.64,53.91,974,0
GPOW.US,D,20241111,000000,54.32,54.4211,54.05,54.4211,1388,0
GPOW.US,D,20241112,000000,53.65,53.848,53.65,53.848,282,0
GPOW.US,D,20241114,000000,53.89,53.92,53.882,53.882,702,0
GPOW.US,D,20241115,000000,54.07,54.3224,54.07,54.3224,313,0
GPOW.US,D,20241118,000000,54.65,54.9046,54.46,54.8884,741,0
GPOW.US,D,20241119,000000,54.99,55.4316,54.56,55.4316,41524,0
GPOW.US,D,20241120,000000,55.31,55.61,55.15,55.4718,1074,0
GPOW.US,D,20241121,000000,56.0094,56.6184,56.0094,56.6184,3182,0
GPOW.US,D,20241122,000000,56.87,56.87,56.74,56.7636,3738,0
GPOW.US,D,20241125,000000,56.94,56.94,55.9792,55.9792,1058,0
GPOW.US,D,20241126,000000,56.14,56.1579,55.94,56.1579,821,0
GPOW.US,D,20241127,000000,56.528,56.65,56.3493,56.3493,2323,0
GPOW.US,D,20241202,000000,56.34,56.34,55.82,55.8625,3955,0
GPOW.US,D,20241203,000000,55.8806,56.13,55.8806,55.952,858,0
GPOW.US,D,20241204,000000,55.51,55.9,55.3999,55.5065,1882,0
GPOW.US,D,20241205,000000,55.94,56.82,55.94,56.0763,3524,0
GPOW.US,D,20241206,000000,55.36,55.36,55.2648,55.2648,1025,0
GPOW.US,D,20241209,000000,54.8201,55.56,54.1493,54.1493,1345,0
GPOW.US,D,20241210,000000,54.21,54.2101,53.7954,53.7954,2104,0
GPOW.US,D,20241212,000000,54.05,54.0813,53.9091,53.9091,735,0
GPOW.US,D,20241213,000000,53.675,53.675,53.56,53.6634,3253,0
GPOW.US,D,20241216,000000,53.55,53.57,53.2049,53.2049,75513,0
GPOW.US,D,20241217,000000,52.85,52.86,52.8288,52.8288,55605,0
GPOW.US,D,20241219,000000,51.32,51.48,51.32,51.4256,617,0
GPOW.US,D,20241220,000000,51.78,52.1761,51.78,52.1761,551,0
GPOW.US,D,20241223,000000,51.75,52.4628,51.75,52.4628,346,0
GPOW.US,D,20241224,000000,52.54,53.0243,52.54,53.0243,273,0
GPOW.US,D,20241230,000000,52.5701,52.7621,52.48,52.7348,41388,0
GPOW.US,D,20241231,000000,52.76,53.2,52.76,52.8725,1679,0
GPOW.US,D,20250102,000000,53.5008,53.7845,53.5008,53.7845,304,0
GPOW.US,D,20250106,000000,54.46,54.61,53.81,53.86,21446,0
GPOW.US,D,20250107,000000,54.21,54.34,53.85,54.0042,2480,0
GPOW.US,D,20250108,000000,54.235,54.7,54,54.505,4413,0
GPOW.US,D,20250110,000000,54.108,55.14,53.3897,53.9575,4223,0
