<TICKER>,<PER>,<DATE>,<TIME>,<OPEN>,<HIGH>,<LOW>,<CLOSE>,<VOL>,<OPENINT>
GREI.US,D,20211112,000000,39.4686,39.4884,39.371,39.4626,15192.815734805,0
GREI.US,D,20211115,000000,39.6068,39.6166,39.5121,39.5674,6714.871940413,0
GREI.US,D,20211116,000000,39.6266,39.7055,39.5278,39.5278,5508.079654155,0
GREI.US,D,20211117,000000,39.4686,39.5377,39.1459,39.5278,10245.068687116,0
GREI.US,D,20211118,000000,39.5476,39.5674,39.4499,39.5081,2124.8055619505,0
GREI.US,D,20211119,000000,39.371,39.44,39.2939,39.3413,2397.3724175369,0
GREI.US,D,20211122,000000,39.1934,39.2625,39.0769,39.1143,6340.9791162071,0
GREI.US,D,20211123,000000,39.1143,39.2052,39.0857,39.2052,10249.12172586,0
GREI.US,D,20211124,000000,39.213,39.5872,39.213,39.5595,10599.709577284,0
GREI.US,D,20211126,000000,39.1045,39.1045,38.7798,38.7837,1594.8707460706,0
GREI.US,D,20211129,000000,39.0946,39.1193,38.9377,39.0759,3070.1768491702,0
GREI.US,D,20211130,000000,39.0118,39.0118,38.4354,38.4354,11283.659865465,0
GREI.US,D,20211201,000000,38.9081,38.9328,38.2064,38.2064,1030.4851008601,0
GREI.US,D,20211202,000000,38.5588,38.8538,38.5588,38.7699,1320.2773711118,0
GREI.US,D,20211203,000000,38.8686,38.8686,38.3909,38.5745,1174.3679762998,0
GREI.US,D,20211206,000000,38.9821,39.1934,38.9821,39.1934,626.19448606839,0
GREI.US,D,20211207,000000,39.6473,39.6987,39.6473,39.6987,137.80331732249,0
GREI.US,D,20211208,000000,39.824,39.9325,39.824,39.9325,1034.5381396048,0
GREI.US,D,20211209,000000,39.6216,39.7736,39.6176,39.666,5054.1393147397,0
GREI.US,D,20211210,000000,39.5872,39.6562,39.5822,39.6038,2343.6696541686,0
GREI.US,D,20211213,000000,39.4983,39.8279,39.4983,39.8279,801.48841178008,0
GREI.US,D,20211214,000000,39.518,39.523,39.292,39.4154,1312.1712936223,0
GREI.US,D,20211215,000000,39.5081,39.9335,39.5081,39.9335,1770.1646717824,0
GREI.US,D,20211216,000000,39.9217,39.9759,39.814,39.901,866.33703169656,0
GREI.US,D,20211217,000000,40.0105,40.0845,39.7825,39.7825,4037.8398494863,0
GREI.US,D,20211220,000000,39.44,39.6957,39.2821,39.6118,7467.7238872557,0
GREI.US,D,20211221,000000,39.8427,40.0006,39.8427,39.9808,12603.937236577,0
GREI.US,D,20211222,000000,39.9217,40.3105,39.9217,40.3105,1059.8696317598,0
GREI.US,D,20211223,000000,40.3598,40.3746,40.3549,40.3746,605.92929234449,0
GREI.US,D,20211227,000000,40.5232,40.7515,40.5232,40.7515,869.37681075514,0
GREI.US,D,20211228,000000,40.9964,41.0162,40.9273,40.9718,3596.0586263053,0
GREI.US,D,20211229,000000,41.0655,41.3616,41.0309,41.2308,11071.888591051,0
GREI.US,D,20211230,000000,41.2431,41.3616,41.2431,41.2954,293.8453089965,0
GREI.US,D,20211231,000000,41.4513,41.4704,41.4513,41.4704,287.76575087933,0
GREI.US,D,20220103,000000,41.0704,41.1797,41.0704,41.1797,653.55249759564,0
GREI.US,D,20220104,000000,41.2629,41.4404,40.9805,41.0162,2645.6210406546,0
GREI.US,D,20220105,000000,40.9175,40.9175,40.1347,40.1347,11480.232244587,0
GREI.US,D,20220106,000000,39.9207,39.9207,39.6157,39.6866,2003.2143996071,0
GREI.US,D,20220107,000000,39.7135,39.7233,39.6098,39.6098,4143.2188568506,0
GREI.US,D,20220110,000000,39.3383,39.3383,39.1015,39.2496,6861.7945949112,0
GREI.US,D,20220111,000000,39.2002,39.3976,39.2002,39.3976,12803.549394758,0
GREI.US,D,20220112,000000,39.4074,39.5456,39.4074,39.5353,13528.030070387,0
GREI.US,D,20220113,000000,39.5852,39.7135,39.4765,39.4765,11288.726163897,0
GREI.US,D,20220114,000000,39.3286,39.4963,38.877,39.1904,114269.34785093,0
GREI.US,D,20220118,000000,38.7166,38.7166,38.46,38.6133,8896.4200447904,0
GREI.US,D,20220119,000000,38.9436,38.9436,38.5883,38.5883,7996.6454434494,0
GREI.US,D,20220120,000000,38.8745,38.9338,38.4094,38.4094,3300.1867979364,0
GREI.US,D,20220121,000000,38.3515,38.4403,38.1245,38.1458,4413.7591930645,0
GREI.US,D,20220124,000000,37.7001,37.9666,37.0192,37.9073,6456.4907204333,0
GREI.US,D,20220125,000000,37.4731,37.6709,37.3743,37.6709,11663.632247788,0
GREI.US,D,20220126,000000,38.006,38.0652,37.2264,37.3843,3587.9525488158,0
GREI.US,D,20220127,000000,37.2166,37.2166,36.9401,36.9401,7818.3117386791,0
GREI.US,D,20220128,000000,36.881,37.5817,36.881,37.5817,2665.8862343786,0
GREI.US,D,20220131,000000,38.0652,38.1825,38.0652,38.1825,212.78453410091,0
GREI.US,D,20220201,000000,38.1866,38.1866,38.1866,38.1866,44.583426192571,0
GREI.US,D,20220202,000000,38.4502,38.5291,38.4304,38.4897,15066.15827403,0
GREI.US,D,20220203,000000,38.3317,38.4106,38.0751,38.1442,2488.5657892944,0
GREI.US,D,20220204,000000,37.8482,37.9764,37.4831,37.7962,1641.4806916356,0
GREI.US,D,20220207,000000,37.712,37.8185,37.631,37.6705,4158.4177521435,0
GREI.US,D,20220208,000000,37.6014,37.7494,37.6014,37.6014,3907.1293499671,0
GREI.US,D,20220209,000000,38.1147,38.306,38.1147,38.306,1125.7315113625,0
GREI.US,D,20220210,000000,37.9864,38.3614,37.7483,37.7483,7161.7194620249,0
GREI.US,D,20220211,000000,37.4632,37.4632,37.1375,37.2461,3281.948123585,0
GREI.US,D,20220214,000000,36.9797,36.9797,36.6442,36.7428,17043.027921797,0
GREI.US,D,20220215,000000,37.3251,37.3449,37.2085,37.2085,2009.2939577243,0
GREI.US,D,20220216,000000,37.3645,37.4731,37.2166,37.4255,6613.5459717935,0
GREI.US,D,20220217,000000,37.2658,37.2658,37.0684,37.0882,17402.735110396,0
GREI.US,D,20220218,000000,37.0487,37.0487,36.8861,36.8861,405.30387447792,0
GREI.US,D,20220222,000000,36.8218,36.8218,36.6483,36.6483,500.55028498023,0
GREI.US,D,20220223,000000,36.9204,36.9204,36.2546,36.2546,128.68398014674,0
GREI.US,D,20220224,000000,35.7756,36.6639,35.5387,36.654,19288.411386404,0
GREI.US,D,20220225,000000,37.108,37.53,37.108,37.53,8072.639919914,0
GREI.US,D,20220228,000000,37.3837,37.5027,37.1968,37.2585,9511.4686743106,0
GREI.US,D,20220301,000000,37.0487,37.0487,36.5257,36.7342,1226.0442202957,0
GREI.US,D,20220302,000000,37.2116,37.3349,37.1573,37.3007,2907.0420396929,0
GREI.US,D,20220303,000000,37.2658,37.2658,36.9797,37.0933,3523.1039288993,0
GREI.US,D,20220304,000000,37.1375,37.1375,36.9315,37.1136,4779.5459397809,0
GREI.US,D,20220307,000000,36.9631,36.9895,36.6488,36.6488,333.36243675809,0
GREI.US,D,20220308,000000,36.7705,36.7705,36.6727,36.6727,265.47403778304,0
GREI.US,D,20220309,000000,37.7692,37.7692,37.4731,37.4731,7257.9791322134,0
GREI.US,D,20220310,000000,37.3251,37.3251,37.187,37.187,253.3149215487,0
GREI.US,D,20220311,000000,37.1573,37.1968,37.1475,37.1485,911.93371757532,0
GREI.US,D,20220314,000000,37.4203,37.4238,37.023,37.023,1474.2928434135,0
GREI.US,D,20220315,000000,37.3645,37.4731,37.2535,37.4109,7275.2045468787,0
GREI.US,D,20220316,000000,37.9568,37.9568,37.8333,37.8333,454.95359910146,0
GREI.US,D,20220317,000000,38.3614,38.4106,38.3415,38.3415,1182.4740537893,0
GREI.US,D,20220318,000000,38.4255,38.5982,38.4255,38.5534,1553.3270989366,0
GREI.US,D,20220321,000000,38.0652,38.845,38.0652,38.845,1932.2862215735,0
GREI.US,D,20220322,000000,38.3614,38.4798,38.3121,38.3712,6721.9647582163,0
GREI.US,D,20220323,000000,37.9381,38.0258,37.7988,37.7988,2906.0287800066,0
GREI.US,D,20220324,000000,38.1589,38.1589,38.1589,38.1589,64.848619916468,0
GREI.US,D,20220325,000000,38.4704,38.5989,38.3073,38.5879,1771.4644883733,0
GREI.US,D,20220328,000000,38.7571,38.797,38.7571,38.797,2618.2467709367,0
GREI.US,D,20220329,000000,39.3797,39.6374,39.3284,39.6374,638.37469569592,0
GREI.US,D,20220330,000000,39.5874,39.6417,39.5536,39.6091,3391.175879513,0
GREI.US,D,20220331,000000,39.7158,39.7158,39.3116,39.3116,406.69830058599,0
GREI.US,D,20220401,000000,39.3206,39.7926,39.3206,39.7926,1146.241727771,0
GREI.US,D,20220404,000000,39.5874,39.6664,39.5874,39.6573,396.58142743709,0
GREI.US,D,20220405,000000,39.7626,39.8345,39.6747,39.6747,788.10441829972,0
GREI.US,D,20220406,000000,39.3797,39.7563,39.3797,39.7563,1367.801249732,0
GREI.US,D,20220407,000000,39.3649,39.5982,39.3649,39.5497,16981.171580437,0
GREI.US,D,20220408,000000,39.4391,39.5726,39.3897,39.4786,1836.2124765263,0
GREI.US,D,20220411,000000,39.3995,39.3995,39.0831,39.0831,644.44481958526,0
GREI.US,D,20220412,000000,39.0635,39.0635,38.8986,38.8986,477.51641262833,0
GREI.US,D,20220413,000000,39.019,39.0945,39.019,39.0945,479.53978725811,0
GREI.US,D,20220414,000000,39.1228,39.1326,38.9595,38.9595,58596.929278459,0
GREI.US,D,20220418,000000,38.9251,38.9251,38.6234,38.748,1879.7150310666,0
GREI.US,D,20220419,000000,38.6484,39.1632,38.6484,39.1632,6229.9704850959,0
GREI.US,D,20220420,000000,39.528,39.8345,39.528,39.722,1781.5813615222,0
GREI.US,D,20220421,000000,39.953,39.963,39.2809,39.2864,3334.5213898792,0
GREI.US,D,20220422,000000,38.9251,38.9251,38.6263,38.6263,793.16285487417,0
GREI.US,D,20220425,000000,38.5297,38.5297,38.5297,38.5297,652.53831810439,0
GREI.US,D,20220426,000000,38.1936,38.1936,38.005,38.005,587.7903299514,0
GREI.US,D,20220427,000000,37.8129,37.8129,37.8129,37.8129,20.233746297811,0
GREI.US,D,20220428,000000,38.1553,38.1553,38.1553,38.1553,98.133669544381,0
GREI.US,D,20220429,000000,37.9069,37.9465,36.9383,37.0025,3193.8968531094,0
GREI.US,D,20220502,000000,36.1969,36.3502,35.9202,36.3502,895.34327367811,0
GREI.US,D,20220503,000000,36.7505,36.7505,36.6152,36.6152,1020.7925007245,0
GREI.US,D,20220504,000000,36.6912,37.0228,36.6912,37.0228,269.10882576088,0
GREI.US,D,20220505,000000,36.1883,36.1969,36.1883,36.1883,614.09420013855,0
GREI.US,D,20220506,000000,35.4533,35.8164,35.4533,35.6879,3950.6389646475,0
GREI.US,D,20220509,000000,35.169,35.169,34.2793,34.3874,1894.89034079,0
GREI.US,D,20220510,000000,34.7736,34.7736,34.0456,34.0456,559.46308513446,0
GREI.US,D,20220511,000000,34.2201,34.2201,34.1533,34.1533,505.84365744526,0
GREI.US,D,20220512,000000,33.9037,33.9174,33.9037,33.9174,1047.0963709117,0
GREI.US,D,20220513,000000,34.7242,34.8268,34.7242,34.8268,275.17894965022,0
GREI.US,D,20220516,000000,34.7944,34.9911,34.7944,34.8446,728.41486672118,0
GREI.US,D,20220517,000000,35.0306,35.3086,35.0306,35.3086,1121.9612322136,0
GREI.US,D,20220518,000000,35.0998,35.2085,34.5067,34.5351,2467.505361018,0
GREI.US,D,20220519,000000,34.8922,34.8922,34.7589,34.7589,3742.2313777801,0
GREI.US,D,20220520,000000,35.1295,35.1295,34.6846,35.0199,3312.2642689516,0
GREI.US,D,20220523,000000,35.1887,35.5149,35.1887,35.5126,3613.747088789,0
GREI.US,D,20220524,000000,35.3074,35.793,35.3074,35.793,4247.0633479104,0
GREI.US,D,20220525,000000,35.9417,35.9417,35.9202,35.9202,3053.2723163396,0
GREI.US,D,20220526,000000,36.1697,36.1697,36.1082,36.1082,530.12415300264,0
GREI.US,D,20220527,000000,36.6318,36.6758,36.6318,36.6758,734.48499061052,0
GREI.US,D,20220531,000000,36.4638,36.5034,36.3057,36.3057,2768.9881808554,0
GREI.US,D,20220601,000000,36.3452,36.3452,35.7126,36.0518,1163.4404121241,0
GREI.US,D,20220602,000000,35.8757,36.5803,35.8757,36.5803,433.00217077314,0
GREI.US,D,20220603,000000,36.3946,36.3946,36.2612,36.2612,412.76842447533,0
GREI.US,D,20220606,000000,36.4886,36.4886,36.276,36.276,238.75820631416,0
GREI.US,D,20220607,000000,35.9103,36.4446,35.9103,36.4446,731.44992866585,0
GREI.US,D,20220608,000000,35.7235,35.7235,35.7235,35.7235,2.023374629781,0
GREI.US,D,20220609,000000,35.5148,35.5644,34.9079,34.9079,32470.104371411,0
GREI.US,D,20220610,000000,34.2893,34.2904,34.2893,34.2904,367.24249530526,0
GREI.US,D,20220613,000000,33.3898,33.3898,32.6782,32.7139,2258.0860868357,0
GREI.US,D,20220614,000000,32.3024,32.3024,32.0257,32.2208,2331.9392608227,0
GREI.US,D,20220615,000000,32.9746,33.2069,32.955,32.955,2999.6528886504,0
GREI.US,D,20220616,000000,32.3173,32.3173,32.1937,32.1937,406.69830058599,0
GREI.US,D,20220617,000000,32.3717,32.4309,32.3334,32.3334,3403.3161272917,0
GREI.US,D,20220621,000000,32.8249,32.8249,32.8249,32.8249,41.479179910512,0
GREI.US,D,20220622,000000,32.4903,33.3354,32.4903,33.1526,2212.5601576656,0
GREI.US,D,20220623,000000,33.3106,33.6259,33.3106,33.6259,102.18041880394,0
GREI.US,D,20220624,000000,34.1845,34.3706,34.1446,34.3706,1031.6728091254,0
GREI.US,D,20220627,000000,34.3189,34.3189,34.2754,34.2754,263.1920895724,0
GREI.US,D,20220628,000000,34.065,34.065,33.9952,33.9952,602.72997612,0
GREI.US,D,20220629,000000,33.6071,33.7538,33.6071,33.7538,2247.1782609674,0
GREI.US,D,20220630,000000,33.3433,33.8062,33.3433,33.6967,752.4079201898,0
GREI.US,D,20220701,000000,33.8659,34.2525,33.8659,34.2525,3131.1822259434,0
GREI.US,D,20220705,000000,33.617,33.6276,33.617,33.6276,535.4251287866,0
GREI.US,D,20220706,000000,33.846,33.9854,33.6867,33.836,2820.7762882416,0
GREI.US,D,20220707,000000,33.9555,33.9555,33.9555,33.9555,100.45499602,0
GREI.US,D,20220708,000000,33.8062,33.836,33.7146,33.7942,962.3588618716,0
GREI.US,D,20220711,000000,33.617,33.617,33.6082,33.6082,227.0282910052,0
GREI.US,D,20220712,000000,33.5484,33.5484,33.5484,33.5484,6.0272997612,0
GREI.US,D,20220713,000000,33.4677,33.9057,33.4677,33.6789,1337.0559970262,0
GREI.US,D,20220714,000000,33.2689,33.2689,33.2272,33.2272,203.9236419206,0
GREI.US,D,20220715,000000,33.5772,33.5996,33.5772,33.5996,620.8118754036,0
GREI.US,D,20220718,000000,33.477,33.477,33.477,33.477,55.250247811,0
GREI.US,D,20220719,000000,34.2086,34.2086,34.2086,34.2086,3.0136498806,0
GREI.US,D,20220720,000000,33.9854,33.9953,33.8672,33.8672,388.7608345974,0
GREI.US,D,20220721,000000,34.0551,34.1845,33.9655,34.1845,4541.5703700642,0
GREI.US,D,20220722,000000,34.4916,34.4916,34.4916,34.4916,14.0636994428,0
GREI.US,D,20220725,000000,34.6623,34.732,34.5827,34.732,2879.0401859332,0
GREI.US,D,20220726,000000,34.5946,34.7121,34.5946,34.7036,546.4751783488,0
GREI.US,D,20220727,000000,34.7718,34.9338,34.5976,34.9338,861.9038658516,0
GREI.US,D,20220728,000000,35.1998,35.9648,35.1998,35.9648,576.6116771548,0
GREI.US,D,20220729,000000,36.3247,36.3372,36.3247,36.3372,916.1495637024,0
GREI.US,D,20220801,000000,36.1247,36.1247,36.1247,36.1247,12.0545995224,0
GREI.US,D,20220802,000000,36.1953,36.1953,35.8767,35.8767,254.1511399306,0
GREI.US,D,20220803,000000,36.1057,36.1555,36.0161,36.0559,1550.0205885886,0
GREI.US,D,20220804,000000,36.0778,36.1454,36.0778,36.1027,3827.335348362,0
GREI.US,D,20220805,000000,35.839,35.839,35.839,35.839,60.272997612,0
GREI.US,D,20220808,000000,36.1157,36.2451,35.9863,36.0522,1258.7011001306,0
GREI.US,D,20220809,000000,36.2351,36.275,36.1953,36.1953,1085.9185069762,0
GREI.US,D,20220810,000000,36.7229,36.7926,36.6433,36.7412,984.458960996,0
GREI.US,D,20220811,000000,36.9519,37.0066,36.6333,36.6333,4019.2043907602,0
GREI.US,D,20220812,000000,36.9021,37.0955,36.9021,37.0955,230.0419408858,0
GREI.US,D,20220815,000000,36.9419,37.1524,36.9419,37.1524,601.7254261598,0
GREI.US,D,20220816,000000,37.1111,37.1111,37.1111,37.1111,202.9190919604,0
GREI.US,D,20220817,000000,36.7528,36.9562,36.7528,36.9562,603.7345260802,0
GREI.US,D,20220818,000000,36.5835,36.6632,36.5835,36.6333,706.1986220206,0
GREI.US,D,20220819,000000,36.2451,36.2451,36.2451,36.2451,125.568745025,0
GREI.US,D,20220822,000000,35.8867,35.8867,35.6378,35.6378,1116.0550057822,0
GREI.US,D,20220823,000000,35.3326,35.3326,35.3326,35.3326,10.045499602,0
GREI.US,D,20220824,000000,35.5383,35.5433,35.4534,35.4534,693.139472538,0
GREI.US,D,20220825,000000,35.4985,35.7772,35.4985,35.7772,2552.5614488682,0
GREI.US,D,20220826,000000,35.7872,35.7872,34.9112,34.9112,2634.9345456046,0
GREI.US,D,20220829,000000,34.7419,34.9311,34.732,34.7817,3422.5017144014,0
GREI.US,D,20220830,000000,34.8514,34.8514,34.2741,34.3338,6172.959505429,0
GREI.US,D,20220831,000000,34.3039,34.513,34.0949,34.0949,1966.9088220716,0
GREI.US,D,20220901,000000,33.7863,34.0053,33.6469,34.0053,3582.2251580732,0
GREI.US,D,20220902,000000,34.284,34.3139,33.637,33.637,2612.8344464802,0
GREI.US,D,20220906,000000,33.7365,33.9555,33.7166,33.7763,2852.921886968,0
GREI.US,D,20220907,000000,33.836,34.4831,33.7664,34.4831,2500.3248509378,0
GREI.US,D,20220908,000000,34.1745,34.4333,34.1745,34.4333,1228.5646013246,0
GREI.US,D,20220909,000000,34.7121,34.8216,34.7121,34.7667,2440.0518533258,0
GREI.US,D,20220912,000000,35.0605,35.2297,35.0605,35.1489,6143.8275565832,0
GREI.US,D,20220913,000000,34.3437,34.3437,33.9934,33.9934,387.7562846372,0
GREI.US,D,20220914,000000,33.7365,33.846,33.6469,33.846,3021.6862802816,0
GREI.US,D,20220915,000000,33.2388,33.2388,33.0716,33.0716,188.8553925176,0
GREI.US,D,20220916,000000,32.9221,32.9221,32.9221,32.9221,12.0545995224,0
GREI.US,D,20220919,000000,32.6116,32.9806,32.6116,32.9806,407.8472838412,0
GREI.US,D,20220920,000000,32.1524,32.1524,32.1524,32.1524,68.3093972936,0
GREI.US,D,20220921,000000,31.7717,31.7717,31.7717,31.7717,24.1091990448,0
GREI.US,D,20220922,000000,31.5237,31.5237,31.5237,31.5237,3.0136498806,0
GREI.US,D,20220923,000000,30.7695,30.7695,30.7695,30.7695,2.0090999204,0
GREI.US,D,20220926,000000,29.9819,29.9819,29.9819,29.9819,6,0
GREI.US,D,20220927,000000,29.4168,29.4168,29.4168,29.4168,87,0
GREI.US,D,20220928,000000,30.0883,30.0883,30.0883,30.0883,33,0
GREI.US,D,20220929,000000,29.35,30.24,29.32,29.3654,2062,0
GREI.US,D,20220930,000000,29.59,29.59,29.415,29.415,425,0
GREI.US,D,20221003,000000,30.0804,30.0804,30.0804,30.0804,33,0
GREI.US,D,20221004,000000,30.51,30.6875,30.51,30.6875,872,0
GREI.US,D,20221005,000000,30.12,30.12,30.0381,30.0381,185,0
GREI.US,D,20221006,000000,29.3788,29.3788,29.216,29.216,275,0
GREI.US,D,20221007,000000,28.94,28.94,28.57,28.59,3265,0
GREI.US,D,20221010,000000,28.59,28.61,28.4148,28.4148,1047,0
GREI.US,D,20221011,000000,28.24,28.3602,28.24,28.3602,819,0
GREI.US,D,20221012,000000,28.1299,28.1299,27.9,27.9,507,0
GREI.US,D,20221013,000000,28.5489,28.5489,28.5185,28.5185,252,0
GREI.US,D,20221014,000000,28.75,28.75,27.95,27.95,6824,0
GREI.US,D,20221017,000000,28.53,28.9272,28.53,28.9272,504,0
GREI.US,D,20221018,000000,29.25,29.35,29.14,29.26,2283,0
GREI.US,D,20221019,000000,28.93,28.96,28.49,28.6134,2078,0
GREI.US,D,20221020,000000,28.71,28.78,28.43,28.4654,1076,0
GREI.US,D,20221021,000000,28.28,28.66,28.28,28.66,1386,0
GREI.US,D,20221024,000000,28.96,28.96,28.8029,28.8029,510,0
GREI.US,D,20221025,000000,28.99,29.8585,28.99,29.8585,1540,0
GREI.US,D,20221026,000000,30.01,30.11,30.01,30.0665,780,0
GREI.US,D,20221027,000000,30.16,30.16,30.12,30.12,582,0
GREI.US,D,20221028,000000,30.7349,30.7349,30.7349,30.7349,87,0
GREI.US,D,20221031,000000,30.54,30.54,30.483,30.483,213,0
GREI.US,D,20221101,000000,30.54,30.5766,30.54,30.5766,606,0
GREI.US,D,20221102,000000,29.97,29.97,29.97,29.97,295,0
GREI.US,D,20221103,000000,29.54,30,29.54,29.79,7492,0
GREI.US,D,20221104,000000,30.4602,30.4602,30.4602,30.4602,60,0
GREI.US,D,20221107,000000,30.68,30.68,30.435,30.566,408,0
GREI.US,D,20221108,000000,31.109,31.109,30.8925,30.8925,178,0
GREI.US,D,20221109,000000,30.5887,30.5887,30.5887,30.5887,13,0
GREI.US,D,20221110,000000,32.51,32.77,32.34,32.7663,3299,0
GREI.US,D,20221111,000000,32.99,33.12,32.81,32.85,17650,0
GREI.US,D,20221114,000000,32.71,32.71,32.22,32.22,701,0
GREI.US,D,20221115,000000,32.4,32.66,32.3999,32.57,1845,0
GREI.US,D,20221116,000000,32.59,32.76,32.59,32.6514,304,0
GREI.US,D,20221117,000000,32.2953,32.2953,32.2953,32.2953,27,0
GREI.US,D,20221118,000000,32.56,32.65,32.505,32.643,1203,0
GREI.US,D,20221121,000000,32.66,32.7298,32.58,32.7298,6901,0
GREI.US,D,20221122,000000,32.88,32.93,32.88,32.88,4167,0
GREI.US,D,20221123,000000,32.83,33.135,32.83,33.1,1005,0
GREI.US,D,20221125,000000,33.24,33.36,33.24,33.36,280,0
GREI.US,D,20221128,000000,33.16,33.16,32.67,32.67,10379,0
GREI.US,D,20221129,000000,32.6,32.9065,32.6,32.9065,809,0
GREI.US,D,20221130,000000,32.86,33.5293,32.62,33.5293,659,0
GREI.US,D,20221201,000000,33.9,33.9,33.65,33.65,7084,0
GREI.US,D,20221202,000000,33.65,33.9,33.64,33.64,4072,0
GREI.US,D,20221205,000000,33.43,33.52,33.2,33.2,1077,0
GREI.US,D,20221206,000000,33.17,33.17,32.92,32.92,412,0
GREI.US,D,20221207,000000,33.02,33.02,32.97,33.0148,417,0
GREI.US,D,20221208,000000,32.99,33.26,32.99,33.18,676,0
GREI.US,D,20221209,000000,33.11,33.11,33.07,33.07,445,0
GREI.US,D,20221212,000000,33.126,33.31,33.126,33.31,605,0
GREI.US,D,20221213,000000,33.89,33.89,33.89,33.89,100,0
GREI.US,D,20221214,000000,34.18,34.23,33.8616,33.8616,4202,0
GREI.US,D,20221215,000000,33.25,33.39,33.18,33.21,1584,0
GREI.US,D,20221216,000000,32.75,32.75,32.4738,32.4738,1892,0
GREI.US,D,20221219,000000,32.33,32.35,31.82,31.92,17111,0
GREI.US,D,20221220,000000,31.94,32.04,31.94,31.98,439,0
GREI.US,D,20221221,000000,32.21,32.39,32.21,32.33,600,0
GREI.US,D,20221222,000000,32.15,32.27,31.795,32.17,11134,0
GREI.US,D,20221223,000000,32.4,32.4425,32.4,32.4425,5000,0
GREI.US,D,20221227,000000,32.21,32.2776,32.19,32.2776,9023,0
GREI.US,D,20221228,000000,32.31,32.31,31.85,31.85,918,0
GREI.US,D,20221229,000000,32.11,32.5412,32.11,32.43,902,0
GREI.US,D,20221230,000000,32.15,32.18,32.09,32.1747,959,0
GREI.US,D,20230103,000000,32.37,32.55,32.2873,32.2873,820,0
GREI.US,D,20230104,000000,32.62,33.14,32.62,32.9,1082,0
GREI.US,D,20230105,000000,32.69,32.7,32.2235,32.2235,298,0
GREI.US,D,20230106,000000,32.41,33.02,32.41,32.97,1855,0
GREI.US,D,20230109,000000,33.28,33.38,33.15,33.15,608,0
GREI.US,D,20230110,000000,33.17,33.22,33.17,33.22,500,0
GREI.US,D,20230111,000000,33.46,33.9977,33.46,33.9977,560,0
GREI.US,D,20230112,000000,34.18,34.47,34.18,34.3,5480,0
GREI.US,D,20230113,000000,34.24,34.24,34.2,34.2,607,0
GREI.US,D,20230117,000000,34.32,34.4498,34.32,34.3449,377,0
GREI.US,D,20230118,000000,34.52,34.52,33.97,33.99,2244,0
GREI.US,D,20230119,000000,33.75,33.8049,33.7,33.8049,2224,0
GREI.US,D,20230120,000000,33.93,34.08,33.93,34.08,603,0
GREI.US,D,20230123,000000,34.31,34.31,34.17,34.17,1520,0
GREI.US,D,20230124,000000,34.36,34.36,34.36,34.36,1222,0
GREI.US,D,20230125,000000,34.13,34.2598,34,34.2598,7587,0
GREI.US,D,20230126,000000,34.35,37.2,30.87,37.2,8482,0
GREI.US,D,20230127,000000,34.32,34.62,34.32,34.6181,1491,0
GREI.US,D,20230130,000000,34.38,34.5,34.17,34.1849,3339,0
GREI.US,D,20230131,000000,34.19,34.5821,34.19,34.5821,1442,0
GREI.US,D,20230201,000000,34.55,34.9058,34.55,34.9058,408,0
GREI.US,D,20230202,000000,35.65,35.7601,35.4996,35.4996,716,0
GREI.US,D,20230203,000000,34.77,34.8417,34.67,34.8417,1047,0
GREI.US,D,20230206,000000,34.6376,34.6376,34.6376,34.6376,40,0
GREI.US,D,20230207,000000,34.31,34.63,34.31,34.5927,966,0
GREI.US,D,20230208,000000,34.43,34.43,34.37,34.4224,6842,0
GREI.US,D,20230209,000000,34.68,34.68,34.2609,34.2609,443,0
GREI.US,D,20230210,000000,34.17,34.3001,34.17,34.3001,447,0
GREI.US,D,20230213,000000,34.49,34.6019,34.49,34.6019,555,0
GREI.US,D,20230214,000000,34.49,34.5357,34.49,34.5357,31,0
GREI.US,D,20230215,000000,34.4724,34.4724,34.4724,34.4724,281,0
GREI.US,D,20230216,000000,34.1,34.46,34.1,34.1828,1330,0
GREI.US,D,20230217,000000,34.09,34.22,34.09,34.22,1706,0
GREI.US,D,20230221,000000,33.6491,33.6491,33.6491,33.6491,123,0
GREI.US,D,20230222,000000,33.4035,33.4035,33.4035,33.4035,34,0
GREI.US,D,20230223,000000,33.54,33.5781,33.4924,33.5781,438,0
GREI.US,D,20230224,000000,33.13,33.13,33.1238,33.1238,266,0
GREI.US,D,20230227,000000,33.46,33.46,33.1735,33.1735,260,0
GREI.US,D,20230228,000000,33.19,33.19,33.0501,33.0501,234,0
GREI.US,D,20230301,000000,33.19,33.19,32.4991,32.4991,9,0
GREI.US,D,20230302,000000,32.42,32.7721,32.33,32.7721,506,0
GREI.US,D,20230303,000000,33.01,33.2733,33.01,33.2733,255,0
GREI.US,D,20230306,000000,33.35,33.35,33.2567,33.2762,554,0
GREI.US,D,20230307,000000,32.66,32.78,32.59,32.59,1030,0
GREI.US,D,20230308,000000,32.755,32.8039,32.755,32.8039,375,0
GREI.US,D,20230309,000000,32.78,32.81,32.347,32.347,1773,0
GREI.US,D,20230310,000000,31.7646,31.7646,31.7646,31.7646,3,0
GREI.US,D,20230313,000000,32.19,32.2094,32.19,32.2094,234,0
GREI.US,D,20230314,000000,32.59,32.73,32.41,32.6956,1454,0
GREI.US,D,20230315,000000,32.33,32.51,32.33,32.51,540,0
GREI.US,D,20230316,000000,32.52,32.5715,32.52,32.5715,200,0
GREI.US,D,20230317,000000,32.06,32.06,32.0107,32.0107,207,0
GREI.US,D,20230320,000000,32.1,32.3284,32.1,32.3284,219,0
GREI.US,D,20230321,000000,32.33,32.73,32.03,32.2012,2528,0
GREI.US,D,20230322,000000,31.8599,31.94,31.5035,31.5035,1057,0
GREI.US,D,20230323,000000,31.67,31.67,31.42,31.4898,1453,0
GREI.US,D,20230324,000000,31.42,31.7546,31.42,31.7546,805,0
GREI.US,D,20230327,000000,32.05,33.01,31.8831,31.8831,4418,0
GREI.US,D,20230328,000000,31.74,31.83,31.74,31.8041,685,0
GREI.US,D,20230329,000000,32.22,32.3776,32.21,32.3776,221,0
GREI.US,D,20230330,000000,32.6,32.733,32.6,32.733,216,0
GREI.US,D,20230331,000000,32.9,33.0328,32.8207,33.0328,695,0
GREI.US,D,20230403,000000,32.98,33,32.95,32.9552,16970,0
GREI.US,D,20230404,000000,32.98,33.04,32.97,33.04,8043,0
GREI.US,D,20230405,000000,33.17,33.2,33.17,33.1849,517,0
GREI.US,D,20230406,000000,33.29,33.4892,33.29,33.4892,1303,0
GREI.US,D,20230410,000000,33.28,33.4969,33.28,33.4969,765,0
GREI.US,D,20230411,000000,33.57,33.7102,33.5528,33.6074,1849,0
GREI.US,D,20230412,000000,33.93,33.93,33.7189,33.7189,535,0
GREI.US,D,20230413,000000,33.845,33.845,33.8149,33.8149,125,0
GREI.US,D,20230414,000000,33.4098,33.4098,33.4098,33.4098,133,0
GREI.US,D,20230417,000000,33.55,33.6896,33.55,33.6896,614,0
GREI.US,D,20230418,000000,33.7,33.705,33.7,33.705,502,0
GREI.US,D,20230419,000000,33.84,33.84,33.8,33.8048,1039,0
GREI.US,D,20230420,000000,33.7373,33.7373,33.7373,33.7373,2,0
GREI.US,D,20230421,000000,33.75,33.84,33.75,33.8184,392,0
GREI.US,D,20230424,000000,33.86,33.97,33.86,33.8902,994,0
GREI.US,D,20230425,000000,33.6472,33.6472,33.6472,33.6472,17,0
GREI.US,D,20230426,000000,33.76,33.76,33.4838,33.4838,201,0
GREI.US,D,20230427,000000,33.7,35.12,33.7,33.9689,2427,0
GREI.US,D,20230428,000000,34.11,34.1431,34.11,34.1431,410,0
GREI.US,D,20230501,000000,33.99,34.0283,33.99,34.0283,282,0
GREI.US,D,20230502,000000,33.5729,33.5729,33.5729,33.5729,87,0
GREI.US,D,20230503,000000,33.68,33.68,33.4774,33.4774,289,0
GREI.US,D,20230504,000000,33.75,33.75,33.7026,33.7026,201,0
GREI.US,D,20230505,000000,33.9,34.1604,33.9,34.1604,225,0
GREI.US,D,20230508,000000,34.0291,34.0291,34.0291,34.0291,19,0
GREI.US,D,20230509,000000,33.8063,33.8465,33.8063,33.8465,121,0
GREI.US,D,20230510,000000,34.12,34.12,34.0984,34.0984,310,0
GREI.US,D,20230511,000000,33.8346,33.8346,33.8346,33.8346,5,0
GREI.US,D,20230512,000000,33.8631,33.8631,33.8631,33.8631,5,0
GREI.US,D,20230515,000000,33.93,33.93,33.8951,33.8951,3075,0
GREI.US,D,20230516,000000,33.2728,33.2728,33.2728,33.2728,17,0
GREI.US,D,20230517,000000,33.33,33.3546,33.33,33.3546,304,0
GREI.US,D,20230518,000000,33,33.0012,32.84,33.0012,3648,0
GREI.US,D,20230519,000000,33.14,33.14,33.0517,33.0517,201,0
GREI.US,D,20230522,000000,33.1457,33.1457,33.1457,33.1457,52,0
GREI.US,D,20230523,000000,32.8154,32.8322,32.8154,32.8322,951,0
GREI.US,D,20230524,000000,32.2983,32.2983,32.2983,32.2983,2,0
GREI.US,D,20230525,000000,32.04,32.26,31.96,32.1686,3166,0
GREI.US,D,20230526,000000,32.33,32.3622,32.33,32.3622,324,0
GREI.US,D,20230530,000000,32.61,32.61,32.4053,32.4053,924,0
GREI.US,D,20230531,000000,32.578,32.578,32.5474,32.5474,124,0
GREI.US,D,20230601,000000,32.61,32.6388,32.61,32.6388,207,0
GREI.US,D,20230602,000000,32.86,33.0584,32.86,33.0584,694,0
GREI.US,D,20230605,000000,33.04,33.04,32.9951,32.9951,476,0
GREI.US,D,20230606,000000,33.015,33.1018,33.015,33.1018,101,0
GREI.US,D,20230607,000000,33.2401,33.2401,33.2401,33.2401,26,0
GREI.US,D,20230608,000000,33.204,33.23,33.2,33.23,1284,0
GREI.US,D,20230609,000000,33.1708,33.1708,33.1708,33.1708,10,0
GREI.US,D,20230612,000000,33.0867,33.0867,33.0867,33.0867,3,0
GREI.US,D,20230613,000000,33.05,33.1625,33.05,33.1625,210,0
GREI.US,D,20230614,000000,33.2785,33.2785,33.2785,33.2785,60,0
GREI.US,D,20230615,000000,33.37,33.6074,33.37,33.6074,202,0
GREI.US,D,20230616,000000,33.76,33.8,33.6834,33.6834,528,0
GREI.US,D,20230620,000000,33.3475,33.3475,33.3475,33.3475,59,0
GREI.US,D,20230621,000000,33.285,33.285,33.2352,33.2352,126,0
GREI.US,D,20230622,000000,32.8587,32.8587,32.8587,32.8587,51,0
GREI.US,D,20230623,000000,32.4321,32.4321,32.4321,32.4321,2,0
GREI.US,D,20230626,000000,32.42,32.5,32.32,32.4544,1023,0
GREI.US,D,20230627,000000,32.67,32.7252,32.6699,32.7252,488,0
GREI.US,D,20230628,000000,32.52,32.61,32.52,32.61,428,0
GREI.US,D,20230629,000000,32.48,32.62,32.48,32.52,13126,0
GREI.US,D,20230630,000000,32.91,33.0212,32.91,33.0212,207,0
GREI.US,D,20230703,000000,33.24,33.2842,33.22,33.2842,242,0
GREI.US,D,20230705,000000,33.3,33.3,33.2441,33.2441,208,0
GREI.US,D,20230706,000000,32.8927,32.8927,32.8927,32.8927,7,0
GREI.US,D,20230707,000000,32.93,32.93,32.8284,32.8284,200,0
GREI.US,D,20230710,000000,32.7614,32.7614,32.7614,32.7614,5,0
GREI.US,D,20230711,000000,32.9752,33.2057,32.9752,33.2057,380,0
GREI.US,D,20230712,000000,33.57,33.63,33.47,33.6168,1221,0
GREI.US,D,20230713,000000,33.86,33.9652,33.86,33.9652,846,0
GREI.US,D,20230714,000000,33.9231,33.9231,33.9231,33.9231,6,0
GREI.US,D,20230717,000000,33.73,33.73,33.42,33.53,7054,0
GREI.US,D,20230718,000000,33.4902,33.4902,33.4902,33.4902,36,0
GREI.US,D,20230719,000000,33.69,33.835,33.69,33.835,214,0
GREI.US,D,20230720,000000,33.9185,33.9185,33.9185,33.9185,52,0
GREI.US,D,20230721,000000,34.12,34.1519,34.12,34.1519,229,0
GREI.US,D,20230724,000000,34.2066,34.2066,34.2066,34.2066,1,0
GREI.US,D,20230725,000000,34.2,34.3,34.08,34.08,4479,0
GREI.US,D,20230726,000000,34.02,34.24,33.97,34.13,4089,0
GREI.US,D,20230727,000000,33.7336,33.7336,33.7336,33.7336,10,0
GREI.US,D,20230728,000000,33.89,33.89,33.7159,33.7159,426,0
GREI.US,D,20230731,000000,33.88,33.88,33.763,33.763,241,0
GREI.US,D,20230801,000000,33.5152,33.5152,33.5152,33.5152,70,0
GREI.US,D,20230802,000000,33.2071,33.2071,33.2071,33.2071,49,0
GREI.US,D,20230803,000000,32.8801,32.8801,32.8801,32.8801,16,0
GREI.US,D,20230804,000000,32.99,32.99,32.55,32.55,404,0
GREI.US,D,20230807,000000,32.66,32.7913,32.66,32.7913,230,0
GREI.US,D,20230808,000000,32.6756,32.6756,32.6756,32.6756,8,0
GREI.US,D,20230809,000000,32.8,32.8,32.7418,32.7418,201,0
GREI.US,D,20230810,000000,32.84,32.84,32.7105,32.7105,281,0
GREI.US,D,20230811,000000,32.58,32.66,32.58,32.65,503,0
GREI.US,D,20230814,000000,32.35,32.4979,32.34,32.4979,845,0
GREI.US,D,20230815,000000,32.1061,32.1061,32.1061,32.1061,31,0
GREI.US,D,20230816,000000,31.9363,31.9363,31.9363,31.9363,31,0
GREI.US,D,20230817,000000,31.6703,31.6703,31.6703,31.6703,17,0
GREI.US,D,20230818,000000,31.7621,31.7621,31.7621,31.7621,17,0
GREI.US,D,20230821,000000,31.5696,31.5696,31.5696,31.5696,1,0
GREI.US,D,20230822,000000,31.66,31.665,31.66,31.665,276,0
GREI.US,D,20230823,000000,31.83,32.0482,31.83,32.0482,401,0
GREI.US,D,20230824,000000,32.25,32.25,31.78,31.8035,2600,0
GREI.US,D,20230825,000000,32.0448,32.0448,32.0448,32.0448,11,0
GREI.US,D,20230828,000000,32.22,32.22,32.1931,32.1931,565,0
GREI.US,D,20230829,000000,32.5517,32.5517,32.5517,32.5517,6,0
GREI.US,D,20230830,000000,32.66,32.6927,32.37,32.42,4515,0
GREI.US,D,20230831,000000,32.32,32.32,32.14,32.1939,6811,0
GREI.US,D,20230901,000000,32.1123,32.1123,32.1123,32.1123,70,0
GREI.US,D,20230905,000000,31.84,31.84,31.6989,31.6989,280,0
GREI.US,D,20230906,000000,31.55,31.5901,31.53,31.5901,424,0
GREI.US,D,20230907,000000,31.7861,31.7861,31.7861,31.7861,10,0
GREI.US,D,20230908,000000,31.7217,31.7217,31.7217,31.7217,2,0
GREI.US,D,20230911,000000,31.86,31.86,31.78,31.78,2782,0
GREI.US,D,20230912,000000,31.8699,31.8832,31.8699,31.8832,219,0
GREI.US,D,20230913,000000,31.7679,31.7679,31.7679,31.7679,2,0
GREI.US,D,20230914,000000,32.275,32.3409,32.275,32.3409,501,0
GREI.US,D,20230915,000000,32.1846,32.1846,32.1846,32.1846,2,0
GREI.US,D,20230918,000000,31.9873,31.9873,31.9873,31.9873,71,0
GREI.US,D,20230919,000000,31.9009,31.9009,31.9009,31.9009,2,0
GREI.US,D,20230920,000000,31.9932,31.9932,31.9932,31.9932,1,0
GREI.US,D,20230921,000000,31.2844,31.2844,31.2844,31.2844,1,0
GREI.US,D,20230922,000000,31.1604,31.1604,31.1449,31.1449,164,0
GREI.US,D,20230925,000000,31.0225,31.0225,31.0225,31.0225,41,0
GREI.US,D,20230926,000000,30.4486,30.4486,30.4486,30.4486,1,0
GREI.US,D,20230927,000000,30.0425,30.0425,30.0425,30.0425,1,0
GREI.US,D,20230928,000000,30.07,30.13,30.0336,30.0336,832,0
GREI.US,D,20230929,000000,30.37,30.37,30.1969,30.1969,517,0
GREI.US,D,20231002,000000,29.4393,29.4393,29.4393,29.4393,21,0
GREI.US,D,20231003,000000,29.0443,29.0443,29.0443,29.0443,1,0
GREI.US,D,20231004,000000,29.25,29.25,29.25,29.25,1,0
GREI.US,D,20231005,000000,29.3958,29.3958,29.3958,29.3958,2,0
GREI.US,D,20231006,000000,29.17,29.5603,29.17,29.5603,240,0
GREI.US,D,20231009,000000,29.7468,29.7468,29.7468,29.7468,2,0
GREI.US,D,20231010,000000,30.011,30.1033,30.011,30.1033,134,0
GREI.US,D,20231011,000000,30.482,30.482,30.482,30.482,2,0
GREI.US,D,20231012,000000,30.45,30.45,30.0128,30.0128,562,0
GREI.US,D,20231013,000000,30.1,30.1,29.9805,29.9805,207,0
GREI.US,D,20231016,000000,30.31,30.4,30.2739,30.2739,553,0
GREI.US,D,20231017,000000,30.14,30.2079,30.14,30.2079,403,0
GREI.US,D,20231018,000000,29.74,29.74,29.62,29.6705,665,0
GREI.US,D,20231019,000000,29.1691,29.1691,29.1691,29.1691,1,0
GREI.US,D,20231020,000000,29.17,29.27,29.1,29.11,5598,0
GREI.US,D,20231023,000000,28.92,28.94,28.76,28.76,4074,0
GREI.US,D,20231024,000000,29.1313,29.1746,29.1313,29.1746,1688,0
GREI.US,D,20231025,000000,29.05,29.05,28.781,28.781,366,0
GREI.US,D,20231026,000000,28.87,29.18,28.87,29.0995,829,0
GREI.US,D,20231027,000000,28.8412,28.8412,28.8412,28.8412,162,0
GREI.US,D,20231030,000000,29.1699,29.1699,29.1309,29.156,542,0
GREI.US,D,20231031,000000,29.31,29.4755,29.28,29.4755,6846,0
GREI.US,D,20231101,000000,29.5,29.81,29.4,29.7848,16166,0
GREI.US,D,20231102,000000,30.4927,30.4927,30.4927,30.4927,125,0
GREI.US,D,20231103,000000,31.28,31.3,31.1148,31.1148,558,0
GREI.US,D,20231106,000000,31.03,31.03,30.6665,30.6665,1047,0
GREI.US,D,20231107,000000,30.51,30.51,30.5067,30.5067,6508,0
GREI.US,D,20231108,000000,30.49,30.5996,30.48,30.5996,2551,0
GREI.US,D,20231109,000000,30.67,30.67,30.2519,30.2519,102,0
GREI.US,D,20231110,000000,30.28,30.5075,30.28,30.5075,377,0
GREI.US,D,20231113,000000,30.41,30.41,30.35,30.3603,856,0
GREI.US,D,20231114,000000,31.08,31.776,31.08,31.776,380,0
GREI.US,D,20231115,000000,31.76,31.78,31.7561,31.7561,610,0
GREI.US,D,20231116,000000,31.8027,31.8027,31.8027,31.8027,1,0
GREI.US,D,20231117,000000,31.85,31.9515,31.85,31.9515,790,0
GREI.US,D,20231120,000000,32.1003,32.1003,32.1003,32.1003,53,0
GREI.US,D,20231121,000000,32.11,32.11,31.9939,31.9939,400,0
GREI.US,D,20231122,000000,32.118,32.118,32.118,32.118,34,0
GREI.US,D,20231124,000000,32.17,32.2968,32.17,32.2968,402,0
GREI.US,D,20231127,000000,32.3328,32.3328,32.3328,32.3328,17,0
GREI.US,D,20231128,000000,32.33,32.47,32.23,32.43,9339,0
GREI.US,D,20231129,000000,32.605,32.605,32.605,32.605,14,0
GREI.US,D,20231130,000000,32.63,32.7348,32.5093,32.7348,553,0
GREI.US,D,20231201,000000,33.2798,33.3125,33.2797,33.3125,565,0
GREI.US,D,20231204,000000,33.13,33.185,33.06,33.13,10632,0
GREI.US,D,20231205,000000,33.16,33.16,33.076,33.076,499,0
GREI.US,D,20231206,000000,33.235,33.235,33.1187,33.1187,191,0
GREI.US,D,20231207,000000,33.13,33.21,33.11,33.1149,6243,0
GREI.US,D,20231208,000000,33.13,33.13,32.9717,33.0887,3092,0
GREI.US,D,20231211,000000,33.06,33.1449,33.06,33.1449,401,0
GREI.US,D,20231212,000000,33.16,33.16,33.1124,33.1124,349,0
GREI.US,D,20231213,000000,34.1223,34.1223,34.1223,34.1223,3,0
GREI.US,D,20231214,000000,34.875,34.875,34.7013,34.7013,224,0
GREI.US,D,20231215,000000,31.62,34.2417,31.62,34.2417,2731,0
GREI.US,D,20231218,000000,34.36,34.36,34.169,34.169,278,0
GREI.US,D,20231219,000000,34.31,34.4178,34.31,34.4178,2120,0
GREI.US,D,20231220,000000,34.46,34.485,33.969,33.969,2302,0
GREI.US,D,20231221,000000,34.19,34.3041,34.16,34.3041,2237,0
GREI.US,D,20231222,000000,34.4375,34.4375,34.4375,34.4375,48,0
GREI.US,D,20231226,000000,34.26,34.26,34.175,34.175,286,0
GREI.US,D,20231227,000000,34.2,34.2233,34.19,34.2233,1258,0
GREI.US,D,20231228,000000,34.367,34.367,34.367,34.367,15,0
GREI.US,D,20231229,000000,34.18,34.18,34.1692,34.1692,579,0
GREI.US,D,20240102,000000,34.2088,34.2088,34.2088,34.2088,24,0
GREI.US,D,20240103,000000,34.13,34.13,33.8373,33.8373,516,0
GREI.US,D,20240104,000000,33.89,33.89,33.8065,33.8065,372,0
GREI.US,D,20240105,000000,33.76,33.76,33.7506,33.7506,374,0
GREI.US,D,20240108,000000,34.1119,34.1119,34.1119,34.1119,22,0
GREI.US,D,20240109,000000,33.96,33.965,33.77,33.8635,3336,0
GREI.US,D,20240110,000000,34.01,34.04,34.01,34.04,776,0
GREI.US,D,20240111,000000,33.93,33.93,33.47,33.5614,6258,0
GREI.US,D,20240112,000000,33.7281,33.7281,33.7281,33.7281,3,0
GREI.US,D,20240116,000000,33.53,33.53,33.3493,33.3493,399,0
GREI.US,D,20240117,000000,32.97,32.97,32.54,32.84,5132,0
GREI.US,D,20240118,000000,32.76,32.76,32.56,32.6353,455,0
GREI.US,D,20240119,000000,32.65,32.7676,32.55,32.7676,818,0
GREI.US,D,20240122,000000,32.96,32.96,32.9238,32.9238,253,0
GREI.US,D,20240123,000000,32.7,32.74,32.7,32.74,656,0
GREI.US,D,20240124,000000,32.4579,32.4579,32.4579,32.4579,46,0
GREI.US,D,20240125,000000,32.7173,32.7173,32.7173,32.7173,4,0
GREI.US,D,20240126,000000,32.802,32.802,32.802,32.802,2,0
GREI.US,D,20240129,000000,32.8501,33.0443,32.8501,33.0443,153,0
GREI.US,D,20240130,000000,33.06,33.06,32.87,32.9579,76496,0
GREI.US,D,20240131,000000,32.7812,32.7812,32.7812,32.7812,3,0
GREI.US,D,20240201,000000,32.8,33.2682,32.8,33.2682,210,0
GREI.US,D,20240202,000000,33.04,33.04,32.8832,32.8832,764,0
GREI.US,D,20240205,000000,32.64,32.64,32.3401,32.3401,556,0
GREI.US,D,20240206,000000,32.58,32.58,32.551,32.551,467,0
GREI.US,D,20240207,000000,32.4231,32.4231,32.4231,32.4231,2,0
GREI.US,D,20240208,000000,32.4385,32.4385,32.4385,32.4385,33,0
GREI.US,D,20240209,000000,32.4215,32.4215,32.4215,32.4215,99,0
GREI.US,D,20240212,000000,32.5,32.5,32.4562,32.4562,127,0
GREI.US,D,20240213,000000,32.12,32.12,31.8254,31.8254,414,0
GREI.US,D,20240214,000000,32.08,32.08,32.0796,32.0796,370,0
GREI.US,D,20240215,000000,32.6682,32.6682,32.6682,32.6682,2,0
GREI.US,D,20240216,000000,32.4519,32.4519,32.4519,32.4519,2,0
GREI.US,D,20240220,000000,32.4854,32.4854,32.4854,32.4854,7,0
GREI.US,D,20240221,000000,32.645,32.75,32.645,32.75,197,0
GREI.US,D,20240222,000000,32.86,32.86,32.7,32.7316,744,0
GREI.US,D,20240223,000000,32.76,32.76,32.7205,32.7205,214,0
GREI.US,D,20240226,000000,32.72,32.72,32.4135,32.4135,744,0
GREI.US,D,20240227,000000,32.4608,32.4608,32.4608,32.4608,1,0
GREI.US,D,20240228,000000,32.355,32.4362,32.355,32.4362,253,0
GREI.US,D,20240229,000000,32.49,32.6056,32.4,32.6056,2639,0
GREI.US,D,20240301,000000,32.63,32.7996,32.63,32.7996,448,0
GREI.US,D,20240304,000000,32.8,33.02,32.56,33.01,6287,0
GREI.US,D,20240305,000000,33.08,33.19,32.74,32.83,6971,0
GREI.US,D,20240306,000000,33.0325,33.0325,33.0325,33.0325,3,0
GREI.US,D,20240307,000000,33.2348,33.2348,33.2348,33.2348,2,0
GREI.US,D,20240308,000000,33.4485,33.4485,33.4485,33.4485,8,0
GREI.US,D,20240311,000000,33.5,33.5052,33.3,33.5052,793,0
GREI.US,D,20240312,000000,33.44,33.44,33.2,33.3,330,0
GREI.US,D,20240313,000000,33.37,33.37,33.225,33.225,472,0
GREI.US,D,20240314,000000,33.2,33.2,32.62,32.82,3173,0
GREI.US,D,20240315,000000,32.83,32.83,32.74,32.7404,1161,0
GREI.US,D,20240318,000000,32.81,32.81,32.6408,32.6408,744,0
GREI.US,D,20240319,000000,32.7453,32.7453,32.7453,32.7453,1,0
GREI.US,D,20240320,000000,32.67,32.9736,32.67,32.9736,353,0
GREI.US,D,20240321,000000,33.0157,33.0157,33.0157,33.0157,4,0
GREI.US,D,20240322,000000,33.15,33.15,32.9552,32.9552,336,0
GREI.US,D,20240325,000000,32.9055,32.9055,32.9055,32.9055,131,0
GREI.US,D,20240326,000000,33.01,33.01,32.8167,32.8167,680,0
GREI.US,D,20240327,000000,33.1612,33.4057,33.1612,33.4057,204,0
GREI.US,D,20240328,000000,33.5802,33.5802,33.5802,33.5802,2,0
GREI.US,D,20240401,000000,33.61,33.61,33.2111,33.2111,625,0
GREI.US,D,20240402,000000,33.01,33.01,32.8717,32.8717,458,0
GREI.US,D,20240403,000000,32.876,32.876,32.876,32.876,63,0
GREI.US,D,20240404,000000,32.7407,32.7407,32.7407,32.7407,1,0
GREI.US,D,20240405,000000,32.68,32.787,32.68,32.787,402,0
GREI.US,D,20240408,000000,32.9953,32.9953,32.9953,32.9953,153,0
GREI.US,D,20240409,000000,33.2545,33.2545,33.2545,33.2545,13,0
GREI.US,D,20240410,000000,32.72,32.72,32.3975,32.3975,1800,0
GREI.US,D,20240411,000000,32.49,32.49,32.38,32.38,453,0
GREI.US,D,20240412,000000,31.9678,31.9678,31.9678,31.9678,92,0
GREI.US,D,20240415,000000,31.6124,31.6124,31.6124,31.6124,205,0
GREI.US,D,20240416,000000,31.17,31.2632,31.09,31.2632,466,0
GREI.US,D,20240417,000000,31.3524,31.3524,31.3524,31.3524,18,0
GREI.US,D,20240418,000000,31.3911,31.3911,31.3911,31.3911,2,0
GREI.US,D,20240419,000000,31.54,31.54,31.54,31.54,8,0
GREI.US,D,20240422,000000,31.7728,31.7728,31.7728,31.7728,150,0
GREI.US,D,20240423,000000,32.0416,32.0416,32.0416,32.0416,24,0
GREI.US,D,20240424,000000,31.88,31.9771,31.88,31.9771,277,0
GREI.US,D,20240425,000000,31.915,31.915,31.915,31.915,2,0
GREI.US,D,20240426,000000,31.8803,31.8803,31.8803,31.8803,44,0
GREI.US,D,20240429,000000,32.2065,32.2065,32.2065,32.2065,25,0
GREI.US,D,20240430,000000,32.02,32.02,31.65,31.7614,1362,0
GREI.US,D,20240501,000000,30.66,31.8833,30.66,31.8833,178,0
GREI.US,D,20240502,000000,32.3718,32.3718,32.3718,32.3718,22,0
GREI.US,D,20240503,000000,32.6274,32.6274,32.6274,32.6274,10,0
GREI.US,D,20240506,000000,32.84,32.84,32.66,32.6642,373,0
GREI.US,D,20240507,000000,33.0114,33.0114,33.0114,33.0114,4,0
GREI.US,D,20240508,000000,33.0068,33.0068,33.0068,33.0068,8,0
GREI.US,D,20240509,000000,33.3945,33.3945,33.3945,33.3945,3,0
GREI.US,D,20240510,000000,33.3142,33.3142,33.3142,33.3142,7,0
GREI.US,D,20240513,000000,33.43,33.43,33.28,33.2847,408,0
GREI.US,D,20240514,000000,33.56,33.56,33.47,33.5344,692,0
GREI.US,D,20240515,000000,33.94,34.03,33.94,34.01,1101,0
GREI.US,D,20240516,000000,34.1128,34.1128,34.1128,34.1128,2,0
GREI.US,D,20240517,000000,34.08,34.104,34.04,34.104,1011,0
GREI.US,D,20240520,000000,33.9551,33.9551,33.9551,33.9551,33,0
GREI.US,D,20240521,000000,33.9865,33.9865,33.9865,33.9865,2,0
GREI.US,D,20240522,000000,34.01,34.01,33.7166,33.7166,63401,0
GREI.US,D,20240523,000000,33.75,33.75,32.9708,32.9708,384,0
GREI.US,D,20240524,000000,33.16,33.16,33.0295,33.0295,453,0
GREI.US,D,20240528,000000,32.9576,32.9576,32.9576,32.9576,2,0
GREI.US,D,20240529,000000,32.71,32.71,32.5511,32.5511,315,0
GREI.US,D,20240530,000000,32.78,33.0416,32.78,33.0416,254,0
GREI.US,D,20240531,000000,33.33,33.5567,33.21,33.5567,3044,0
GREI.US,D,20240603,000000,33.74,33.74,33.45,33.5252,1830,0
GREI.US,D,20240604,000000,33.63,33.8423,33.57,33.8423,3101,0
GREI.US,D,20240605,000000,33.94,33.94,33.7,33.7729,3082,0
GREI.US,D,20240606,000000,33.65,33.7211,33.565,33.7211,2399,0
GREI.US,D,20240607,000000,33.29,33.33,33.2253,33.2253,2848,0
GREI.US,D,20240610,000000,33.15,33.2679,33.15,33.2679,596,0
GREI.US,D,20240611,000000,33,33,32.9557,32.9557,229,0
GREI.US,D,20240612,000000,33.1789,33.1789,33.1789,33.1789,1,0
GREI.US,D,20240613,000000,33.22,33.22,33.177,33.177,200,0
GREI.US,D,20240614,000000,32.96,33.0401,32.96,33.0401,1794,0
GREI.US,D,20240617,000000,32.94,32.94,32.8301,32.878,1934,0
GREI.US,D,20240618,000000,33.0453,33.0453,33.0453,33.0453,2,0
GREI.US,D,20240620,000000,33.1227,33.1227,33.1227,33.1227,1,0
GREI.US,D,20240621,000000,33.1,33.1,33.0578,33.0578,102,0
GREI.US,D,20240624,000000,32.915,32.915,32.915,32.915,222,0
GREI.US,D,20240625,000000,32.86,32.86,32.5924,32.5924,201,0
GREI.US,D,20240626,000000,32.4884,32.4884,32.4884,32.4884,2,0
GREI.US,D,20240627,000000,32.6059,32.6059,32.6059,32.6059,18,0
GREI.US,D,20240628,000000,32.57,32.68,32.57,32.6421,797,0
GREI.US,D,20240701,000000,32.86,32.86,32.538,32.538,259,0
GREI.US,D,20240702,000000,32.6672,32.6672,32.6672,32.6672,7,0
GREI.US,D,20240703,000000,32.89,32.9222,32.89,32.9222,112,0
GREI.US,D,20240705,000000,33.13,33.13,33.1,33.1036,490,0
GREI.US,D,20240708,000000,33.095,33.095,33.0897,33.0897,104,0
GREI.US,D,20240709,000000,33.13,33.13,33.1054,33.1054,348,0
GREI.US,D,20240710,000000,33.4384,33.4384,33.4384,33.4384,1,0
GREI.US,D,20240711,000000,34.163,34.1867,34.11,34.1867,851,0
GREI.US,D,20240712,000000,34.375,34.375,34.375,34.375,4,0
GREI.US,D,20240715,000000,34.35,34.35,34.06,34.1118,2849,0
GREI.US,D,20240716,000000,34.22,34.405,34.2,34.405,421,0
GREI.US,D,20240717,000000,34.43,34.5553,34.43,34.5553,386,0
GREI.US,D,20240718,000000,34.59,34.6,34.4396,34.4396,972,0
GREI.US,D,20240719,000000,34.45,34.45,34.2401,34.2644,855,0
GREI.US,D,20240722,000000,34.55,34.5532,34.55,34.5532,403,0
GREI.US,D,20240723,000000,34.47,34.47,34.2953,34.2953,201,0
GREI.US,D,20240724,000000,34.1252,34.1252,34.1252,34.1252,115,0
GREI.US,D,20240725,000000,33.9272,33.9272,33.9272,33.9272,40,0
GREI.US,D,20240726,000000,34.22,34.4153,34.22,34.4153,505,0
GREI.US,D,20240729,000000,34.49,34.5238,34.49,34.5238,574,0
GREI.US,D,20240730,000000,34.7,34.8168,34.63,34.8168,660,0
GREI.US,D,20240731,000000,34.8748,34.8748,34.8748,34.8748,2,0
GREI.US,D,20240801,000000,35.22,35.22,34.99,35.0699,1418,0
GREI.US,D,20240802,000000,35.42,35.585,35.2117,35.378,3261,0
GREI.US,D,20240805,000000,35,35,34.3313,34.3313,738,0
GREI.US,D,20240806,000000,34.68,34.97,34.645,34.75,1456,0
GREI.US,D,20240807,000000,35.11,35.11,34.6618,34.6618,692,0
GREI.US,D,20240808,000000,34.78,34.95,34.73,34.9263,1427,0
GREI.US,D,20240809,000000,35.18,35.18,34.96,35.1567,665,0
GREI.US,D,20240812,000000,35.16,35.16,34.89,35.0232,3571,0
GREI.US,D,20240813,000000,35.335,35.4827,35.335,35.4827,102,0
GREI.US,D,20240814,000000,35.56,35.6188,35.56,35.6188,238,0
GREI.US,D,20240815,000000,35.71,35.71,35.5283,35.5283,205,0
GREI.US,D,20240816,000000,35.49,35.5489,35.49,35.5489,205,0
GREI.US,D,20240819,000000,35.83,35.83,35.8293,35.8293,303,0
GREI.US,D,20240820,000000,35.79,35.79,35.74,35.7618,643,0
GREI.US,D,20240821,000000,35.815,35.8825,35.815,35.8825,214,0
GREI.US,D,20240822,000000,35.86,35.86,35.8591,35.8591,123,0
GREI.US,D,20240823,000000,36.56,36.56,36.39,36.4997,975,0
GREI.US,D,20240826,000000,36.4849,36.4849,36.4849,36.4849,16,0
GREI.US,D,20240827,000000,36.53,36.5482,36.53,36.5482,201,0
GREI.US,D,20240828,000000,36.58,36.58,36.4836,36.4836,315,0
GREI.US,D,20240829,000000,36.308,36.308,36.308,36.308,18,0
GREI.US,D,20240830,000000,36.44,36.6214,36.34,36.6214,1331,0
GREI.US,D,20240903,000000,36.4887,36.4887,36.4887,36.4887,1,0
GREI.US,D,20240904,000000,36.8,36.8,36.8,36.8,4,0
GREI.US,D,20240905,000000,36.8683,36.8683,36.8683,36.8683,1,0
GREI.US,D,20240906,000000,36.6921,36.6921,36.6921,36.6921,50,0
GREI.US,D,20240909,000000,37.0709,37.0709,37.0709,37.0709,28,0
GREI.US,D,20240910,000000,37.27,37.5038,37.27,37.5038,208,0
GREI.US,D,20240911,000000,37.18,37.5152,37.18,37.5152,1114,0
GREI.US,D,20240912,000000,37.47,37.5911,37.47,37.5911,242,0
GREI.US,D,20240913,000000,37.85,37.8592,37.85,37.8592,257,0
GREI.US,D,20240916,000000,38.0451,38.0451,38.0451,38.0451,72,0
GREI.US,D,20240917,000000,37.7835,37.7835,37.7835,37.7835,67,0
GREI.US,D,20240918,000000,37.6211,37.6211,37.6211,37.6211,54,0
GREI.US,D,20240919,000000,37.73,37.73,37.5,37.6491,3032,0
GREI.US,D,20240920,000000,37.55,37.55,37.4809,37.4809,502,0
GREI.US,D,20240923,000000,37.8493,37.8493,37.8493,37.8493,13,0
GREI.US,D,20240924,000000,37.74,37.8106,37.74,37.8106,307,0
GREI.US,D,20240925,000000,37.76,37.765,37.6301,37.6301,1339,0
GREI.US,D,20240926,000000,37.55,37.559,37.5254,37.5254,483,0
GREI.US,D,20240927,000000,37.6535,37.6535,37.6535,37.6535,5,0
GREI.US,D,20241001,000000,37.65,37.65,37.56,37.5679,951,0
GREI.US,D,20241002,000000,37.41,37.41,37.3487,37.3487,233,0
GREI.US,D,20241003,000000,37.27,37.27,37.013,37.013,210,0
GREI.US,D,20241004,000000,36.89,36.89,36.8254,36.8254,226,0
GREI.US,D,20241007,000000,36.68,36.68,36.332,36.332,304,0
GREI.US,D,20241008,000000,36.3296,36.3296,36.3296,36.3296,56,0
GREI.US,D,20241009,000000,36.2928,36.2928,36.2928,36.2928,2,0
GREI.US,D,20241010,000000,36.1979,36.1979,36.1979,36.1979,2,0
GREI.US,D,20241011,000000,36.4495,36.4495,36.4495,36.4495,1,0
GREI.US,D,20241014,000000,36.6827,36.6827,36.6827,36.6827,136,0
GREI.US,D,20241015,000000,36.995,36.995,36.9213,36.9213,485,0
GREI.US,D,20241016,000000,37.12,37.2555,37.12,37.2555,1995,0
GREI.US,D,20241017,000000,37.26,37.26,36.9835,36.9835,358,0
GREI.US,D,20241018,000000,37.1526,37.1526,37.1526,37.1526,5,0
GREI.US,D,20241021,000000,36.5207,36.5207,36.5207,36.5207,14,0
GREI.US,D,20241022,000000,36.5155,36.5155,36.5155,36.5155,3,0
GREI.US,D,20241023,000000,36.55,36.726,36.55,36.726,549,0
GREI.US,D,20241024,000000,36.6,36.79,35.6139,36.6697,1605,0
GREI.US,D,20241025,000000,36.3266,36.3266,36.3266,36.3266,2,0
GREI.US,D,20241028,000000,36.5392,36.5392,36.5392,36.5392,24,0
GREI.US,D,20241029,000000,36.1363,36.1363,36.1363,36.1363,2,0
GREI.US,D,20241030,000000,36.1611,36.1611,36.1611,36.1611,8,0
GREI.US,D,20241031,000000,35.9029,35.9029,35.9029,35.9029,4,0
GREI.US,D,20241101,000000,35.725,35.725,35.69,35.69,780,0
GREI.US,D,20241104,000000,35.6265,35.6265,35.6265,35.6265,64,0
GREI.US,D,20241105,000000,35.9936,35.9936,35.9936,35.9936,99,0
GREI.US,D,20241106,000000,35.26,35.2917,35.09,35.2917,368,0
GREI.US,D,20241107,000000,35.4842,35.4842,35.4842,35.4842,2,0
GREI.US,D,20241108,000000,35.8261,35.8261,35.8261,35.8261,93,0
GREI.US,D,20241113,000000,35.31,35.39,35.277,35.277,625,0
GREI.US,D,20241118,000000,35.26,35.5139,35.26,35.5139,806,0
GREI.US,D,20241121,000000,35.83,35.84,35.7826,35.7826,685,0
GREI.US,D,20241205,000000,35.84,35.9357,35.83,35.9357,1430,0
GREI.US,D,20241209,000000,35.691,35.691,35.55,35.6,1760,0
GREI.US,D,20241211,000000,35.215,35.215,35.2125,35.2125,354,0
GREI.US,D,20241212,000000,35.11,35.11,35,35.0044,1853,0
GREI.US,D,20241213,000000,34.99,35.08,34.95,34.9508,2382,0
GREI.US,D,20241216,000000,34.81,34.91,34.6578,34.6578,551,0
GREI.US,D,20241217,000000,34.72,34.7799,34.59,34.6274,1405,0
GREI.US,D,20241223,000000,33.5,33.58,32.65,33.58,6649,0
GREI.US,D,20241226,000000,33.865,34.05,33.68,34.04,12943,0
GREI.US,D,20241227,000000,33.7,33.98,33.63,33.7,7467,0
GREI.US,D,20241230,000000,33.43,33.5353,33.37,33.5353,28215,0
GREI.US,D,20250102,000000,33.72,33.82,33.5298,33.5298,1048,0
GREI.US,D,20250103,000000,33.58,33.77,33.58,33.77,644,0
GREI.US,D,20250106,000000,33.75,33.87,33.45,33.49,15465,0
GREI.US,D,20250107,000000,33.73,33.73,33.24,33.3,9680,0
GREI.US,D,20250108,000000,32.97,33.34,32.97,33.29,9658,0
GREI.US,D,20250110,000000,32.75,32.77,32.65,32.6875,6688,0
