<TICKER>,<PER>,<DATE>,<TIME>,<OPEN>,<HIGH>,<LOW>,<CLOSE>,<VOL>,<OPENINT>
IBHD.US,D,20190510,000000,22.9969,23.0159,22.9969,23.0059,756.29513336304,0
IBHD.US,D,20190513,000000,22.8184,22.8184,22.8184,22.8184,433.60920979481,0
IBHD.US,D,20190514,000000,22.9315,22.9315,22.9028,22.9028,6507.1633274556,0
IBHD.US,D,20190515,000000,22.9355,22.9355,22.9355,22.9355,433.60920979481,0
IBHD.US,D,20190516,000000,22.9931,22.9931,22.9931,22.9931,433.60920979481,0
IBHD.US,D,20190517,000000,22.9851,22.9851,22.9851,22.9851,433.60920979481,0
IBHD.US,D,20190520,000000,22.9781,22.9781,22.9781,22.9781,433.60920979481,0
IBHD.US,D,20190521,000000,23.0495,23.0495,23.0495,23.0495,433.60920979481,0
IBHD.US,D,20190522,000000,22.9891,23.0396,22.9891,23.0396,103.86453164852,0
IBHD.US,D,20190523,000000,22.9653,22.9653,22.9653,22.9653,433.60920979481,0
IBHD.US,D,20190524,000000,22.9325,22.9325,22.9325,22.9325,433.60920979481,0
IBHD.US,D,20190528,000000,22.9127,22.9127,22.9127,22.9127,433.60920979481,0
IBHD.US,D,20190529,000000,22.875,22.875,22.875,22.875,103.86453164852,0
IBHD.US,D,20190530,000000,22.8958,22.8958,22.8958,22.8958,433.60920979481,0
IBHD.US,D,20190531,000000,22.872,22.872,22.765,22.765,1085.0314179982,0
IBHD.US,D,20190603,000000,22.7868,22.7868,22.7868,22.7868,433.60920979481,0
IBHD.US,D,20190604,000000,22.9861,22.9861,22.9861,22.9861,433.60920979481,0
IBHD.US,D,20190605,000000,23.0247,23.0247,23.0247,23.0247,974.1081317716,0
IBHD.US,D,20190606,000000,23.0159,23.0723,23.0159,23.0723,2287.0364832898,0
IBHD.US,D,20190607,000000,23.12,23.12,23.12,23.12,433.60920979481,0
IBHD.US,D,20190610,000000,23.1696,23.1874,23.1616,23.1616,1909.8973101195,0
IBHD.US,D,20190611,000000,23.1982,23.1982,23.1982,23.1982,1301.8360228956,0
IBHD.US,D,20190612,000000,23.1576,23.1576,23.1576,23.1576,1301.8360228956,0
IBHD.US,D,20190613,000000,23.2201,23.2201,23.2201,23.2201,1301.8360228956,0
IBHD.US,D,20190614,000000,23.2182,23.2182,23.2092,23.2092,166.38492933987,0
IBHD.US,D,20190617,000000,23.1784,23.1784,23.1784,23.1784,1301.8360228956,0
IBHD.US,D,20190618,000000,23.3242,23.3242,23.3242,23.3242,1301.8360228956,0
IBHD.US,D,20190619,000000,23.4205,23.4205,23.4205,23.4205,1301.8360228956,0
IBHD.US,D,20190620,000000,23.4938,23.5582,23.4898,23.5255,111701.76601719,0
IBHD.US,D,20190621,000000,23.472,23.472,23.472,23.472,1519.6490213041,0
IBHD.US,D,20190624,000000,23.4413,23.4413,23.4413,23.4413,1.0083935111507,0
IBHD.US,D,20190625,000000,23.4185,23.4185,23.3777,23.3777,540.49892197679,0
IBHD.US,D,20190626,000000,23.4115,23.4115,23.3767,23.3897,655.45578224797,0
IBHD.US,D,20190627,000000,23.4581,23.4581,23.4393,23.4393,219.82978543086,0
IBHD.US,D,20190628,000000,23.4501,23.4501,23.4501,23.4501,1519.6490213041,0
IBHD.US,D,20190701,000000,23.4581,23.468,23.4581,23.468,4085.0021136716,0
IBHD.US,D,20190702,000000,23.4849,23.4938,23.4849,23.4938,216.80460489741,0
IBHD.US,D,20190703,000000,23.5781,23.5781,23.5781,23.5781,1507.5482991703,0
IBHD.US,D,20190705,000000,23.4869,23.4869,23.4869,23.4869,1507.5482991703,0
IBHD.US,D,20190708,000000,23.4849,23.4849,23.4433,23.4433,8607.6470111826,0
IBHD.US,D,20190709,000000,23.4442,23.4442,23.4442,23.4442,7.0587545780551,0
IBHD.US,D,20190710,000000,23.4898,23.4898,23.4898,23.4898,1398.6417999661,0
IBHD.US,D,20190711,000000,23.4531,23.4531,23.4531,23.4531,1398.6417999661,0
IBHD.US,D,20190712,000000,23.4859,23.4859,23.4859,23.4859,7.0587545780551,0
IBHD.US,D,20190715,000000,23.5126,23.5126,23.5017,23.5017,3231.9012032381,0
IBHD.US,D,20190716,000000,23.474,23.474,23.474,23.474,2.0167870223015,0
IBHD.US,D,20190717,000000,23.4581,23.4581,23.4581,23.4581,2.0167870223015,0
IBHD.US,D,20190718,000000,23.4293,23.473,23.4293,23.473,3334.7573413754,0
IBHD.US,D,20190719,000000,23.4769,23.4769,23.4383,23.4383,752.26155931844,0
IBHD.US,D,20190722,000000,23.5027,23.5027,23.5027,23.5027,2.0167870223015,0
IBHD.US,D,20190723,000000,23.5563,23.5563,23.5563,23.5563,2.0167870223015,0
IBHD.US,D,20190724,000000,23.5781,23.5781,23.5781,23.5781,2.0167870223015,0
IBHD.US,D,20190725,000000,23.5504,23.5592,23.5374,23.5374,5058.101851932,0
IBHD.US,D,20190726,000000,23.598,23.598,23.598,23.598,55746.010083435,0
IBHD.US,D,20190729,000000,23.5504,23.5702,23.5504,23.5702,11836.523033887,0
IBHD.US,D,20190730,000000,23.5543,23.5543,23.5543,23.5543,2.0167870223015,0
IBHD.US,D,20190731,000000,23.5136,23.5136,23.5136,23.5136,1.0083935111507,0
IBHD.US,D,20190801,000000,23.5027,23.5027,23.5027,23.5027,20.167870223014,0
IBHD.US,D,20190802,000000,23.5126,23.5126,23.5126,23.5126,33304.212492775,0
IBHD.US,D,20190805,000000,23.3173,23.3173,23.2955,23.2955,747.21959176269,0
IBHD.US,D,20190806,000000,23.3927,23.4195,23.3173,23.4195,4711.2144840962,0
IBHD.US,D,20190807,000000,23.3173,23.4303,23.3173,23.4303,7067.8301196554,0
IBHD.US,D,20190808,000000,23.4879,23.4879,23.4879,23.4879,4.0335740446029,0
IBHD.US,D,20190809,000000,23.4631,23.4631,23.4631,23.4631,856.12609096697,0
IBHD.US,D,20190812,000000,23.4155,23.4155,23.4155,23.4155,856.12609096697,0
IBHD.US,D,20190813,000000,23.4869,23.4869,23.4869,23.4869,856.12609096697,0
IBHD.US,D,20190814,000000,23.3471,23.3471,23.3103,23.3103,7015.3936570756,0
IBHD.US,D,20190815,000000,23.3669,23.3669,23.3669,23.3669,80.671480892058,0
IBHD.US,D,20190816,000000,23.4293,23.4293,23.4263,23.4263,5677.2554677786,0
IBHD.US,D,20190819,000000,23.468,23.4998,23.468,23.4998,40156.246401044,0
IBHD.US,D,20190820,000000,23.468,23.4948,23.468,23.4948,215.79621138626,0
IBHD.US,D,20190821,000000,23.5722,23.5722,23.5722,23.5722,80.671480892058,0
IBHD.US,D,20190822,000000,23.588,23.6276,23.588,23.592,2034.9381055022,0
IBHD.US,D,20190823,000000,23.6276,23.6276,23.5176,23.5176,190.58637360749,0
IBHD.US,D,20190826,000000,23.6276,23.6276,23.6218,23.6218,272.2662480107,0
IBHD.US,D,20190827,000000,23.6624,23.7021,23.6218,23.6218,1573.0938773951,0
IBHD.US,D,20190828,000000,23.6743,23.6743,23.6723,23.6723,184.53601254058,0
IBHD.US,D,20190829,000000,23.6971,23.6971,23.6912,23.6912,137.1415175165,0
IBHD.US,D,20190830,000000,23.6921,23.6921,23.6782,23.6782,644.36345362531,0
IBHD.US,D,20190903,000000,23.6743,23.6743,23.6456,23.6456,1566.0351228171,0
IBHD.US,D,20190904,000000,23.6941,23.6941,23.6941,23.6941,80.671480892058,0
IBHD.US,D,20190905,000000,23.7833,23.7833,23.7546,23.7556,318.65234952363,0
IBHD.US,D,20190906,000000,23.8131,23.8131,23.7933,23.8131,971.08295123815,0
IBHD.US,D,20190909,000000,23.7983,23.7983,23.7983,23.7983,214.7878178751,0
IBHD.US,D,20190910,000000,23.8033,23.8231,23.8033,23.8042,2287.0364832898,0
IBHD.US,D,20190911,000000,23.8181,23.8181,23.8181,23.8181,1.0083935111507,0
IBHD.US,D,20190912,000000,23.8707,23.8707,23.8518,23.8518,13901.712944723,0
IBHD.US,D,20190913,000000,23.8429,23.8429,23.8221,23.8221,5589.5252323085,0
IBHD.US,D,20190916,000000,23.8667,23.8875,23.8667,23.8825,46169.296908036,0
IBHD.US,D,20190917,000000,23.8974,23.9163,23.8875,23.9133,8482.6062157999,0
IBHD.US,D,20190918,000000,23.8518,23.8538,23.8518,23.8538,5224.4867812719,0
IBHD.US,D,20190919,000000,23.8974,23.8974,23.8131,23.8231,9675.5357394912,0
IBHD.US,D,20190920,000000,23.8617,23.8617,23.828,23.828,133560.7121584,0
IBHD.US,D,20190923,000000,23.8449,23.8617,23.8379,23.8379,1090.0733855539,0
IBHD.US,D,20190924,000000,23.8329,23.8329,23.8231,23.8231,103.86453164852,0
IBHD.US,D,20190925,000000,23.8429,23.8429,23.7933,23.7933,1186.8791626244,0
IBHD.US,D,20190926,000000,23.8033,23.8051,23.7983,23.8051,557.64161166635,0
IBHD.US,D,20190927,000000,23.7933,23.7933,23.711,23.7645,1554.9427941944,0
IBHD.US,D,20190930,000000,23.7804,23.7804,23.7804,23.7804,23021.623859571,0
IBHD.US,D,20191001,000000,23.7635,23.7635,23.7517,23.7517,234.95568809812,0
IBHD.US,D,20191002,000000,23.7735,23.7735,23.6594,23.6594,1274.6093980945,0
IBHD.US,D,20191003,000000,23.6068,23.6544,23.5672,23.6544,18995.108569546,0
IBHD.US,D,20191004,000000,23.711,23.711,23.6951,23.6951,3929.7095129544,0
IBHD.US,D,20191007,000000,23.6802,23.6802,23.6802,23.6802,1.0083935111507,0
IBHD.US,D,20191008,000000,23.6544,23.6544,23.6168,23.6168,1593.2617476181,0
IBHD.US,D,20191009,000000,23.6743,23.6743,23.6743,23.6743,1.0083935111507,0
IBHD.US,D,20191010,000000,23.6822,23.6822,23.6792,23.6792,741.16923069578,0
IBHD.US,D,20191011,000000,23.7377,23.7377,23.7377,23.7377,1.0083935111507,0
IBHD.US,D,20191014,000000,23.7843,23.7843,23.7605,23.7605,138.14991102765,0
IBHD.US,D,20191015,000000,23.7973,23.7973,23.7973,23.7973,4.0335740446029,0
IBHD.US,D,20191016,000000,23.7993,23.7993,23.7983,23.7983,428.56724223906,0
IBHD.US,D,20191017,000000,23.8131,23.8131,23.7923,23.8033,2122.6683409723,0
IBHD.US,D,20191018,000000,23.8231,23.8231,23.8131,23.8131,245.03962320963,0
IBHD.US,D,20191021,000000,23.8547,23.8547,23.8319,23.8319,158.31778125066,0
IBHD.US,D,20191022,000000,23.8329,23.8329,23.8181,23.8181,312.60198845672,0
IBHD.US,D,20191023,000000,23.8469,23.8469,23.8469,23.8469,100.83935111507,0
IBHD.US,D,20191024,000000,23.8607,23.8607,23.8607,23.8607,1.0083935111507,0
IBHD.US,D,20191025,000000,23.9073,23.9073,23.8855,23.8855,154.28420720606,0
IBHD.US,D,20191028,000000,23.8796,23.8796,23.8796,23.8796,237.98086863157,0
IBHD.US,D,20191029,000000,23.8617,23.8617,23.8617,23.8617,23.193050756467,0
IBHD.US,D,20191030,000000,23.8319,23.8319,23.8319,23.8319,1.0083935111507,0
IBHD.US,D,20191031,000000,23.7735,23.7735,23.7735,23.7735,21962.810672863,0
IBHD.US,D,20191101,000000,23.8369,23.8369,23.8369,23.8369,4.0335740446029,0
IBHD.US,D,20191104,000000,23.8607,23.8607,23.8607,23.8607,28.23501831222,0
IBHD.US,D,20191105,000000,23.8538,23.8538,23.8538,23.8538,16.134296178412,0
IBHD.US,D,20191106,000000,23.8429,23.8429,23.8429,23.8429,4233.2359598107,0
IBHD.US,D,20191107,000000,23.8617,23.8617,23.8429,23.8518,3091.7345051881,0
IBHD.US,D,20191108,000000,23.8567,23.8567,23.8567,23.8567,13.109115644959,0
IBHD.US,D,20191111,000000,23.8409,23.8409,23.8409,23.8409,1.0083935111507,0
IBHD.US,D,20191112,000000,23.8717,23.8717,23.8657,23.8657,1055.7880061748,0
IBHD.US,D,20191113,000000,23.8805,23.8805,23.8518,23.8518,852.09251692236,0
IBHD.US,D,20191114,000000,23.8587,23.8587,23.8587,23.8587,1.0083935111507,0
IBHD.US,D,20191115,000000,23.8805,23.8805,23.8805,23.8805,2.0167870223015,0
IBHD.US,D,20191118,000000,23.8875,23.8994,23.8805,23.8895,3273.2453371953,0
IBHD.US,D,20191119,000000,23.8231,23.8329,23.8033,23.8033,653.43899522567,0
IBHD.US,D,20191120,000000,23.8033,23.8033,23.7635,23.7635,222.85496596431,0
IBHD.US,D,20191121,000000,23.7467,23.7566,23.7467,23.7566,260.16552587689,0
IBHD.US,D,20191122,000000,23.8091,23.8518,23.8091,23.8111,1431.918785834,0
IBHD.US,D,20191125,000000,23.8508,23.8508,23.8508,23.8508,105.88131867083,0
IBHD.US,D,20191126,000000,23.8697,23.8697,23.8697,23.8697,1.0083935111507,0
IBHD.US,D,20191129,000000,23.8915,23.8994,23.8518,23.8518,334.78664570204,0
IBHD.US,D,20191202,000000,23.8329,23.8329,23.8309,23.8309,174.45207742908,0
IBHD.US,D,20191203,000000,23.8449,23.8449,23.8389,23.8389,107.89810569313,0
IBHD.US,D,20191204,000000,23.8687,23.8687,23.8687,23.8687,2.0167870223015,0
IBHD.US,D,20191205,000000,23.8776,23.8895,23.8776,23.8895,177.47725796253,0
IBHD.US,D,20191206,000000,23.9569,23.9569,23.9331,23.9331,1146.5434221784,0
IBHD.US,D,20191209,000000,23.9292,23.9292,23.9182,23.9182,529.40659335413,0
IBHD.US,D,20191210,000000,23.9658,23.9658,23.9658,23.9658,1.0083935111507,0
IBHD.US,D,20191211,000000,24.0422,24.0422,24.0184,24.0184,140.16669804995,0
IBHD.US,D,20191212,000000,24.067,24.067,24.067,24.067,1.0083935111507,0
IBHD.US,D,20191213,000000,24.062,24.062,24.0422,24.0422,10917.876545229,0
IBHD.US,D,20191216,000000,24.1116,24.1116,24.1116,24.1116,7.0587545780551,0
IBHD.US,D,20191217,000000,24.1453,24.1661,24.1453,24.1661,102.85613813737,0
IBHD.US,D,20191218,000000,24.2069,24.2069,24.2069,24.2069,7.0587545780551,0
IBHD.US,D,20191219,000000,24.2039,24.2039,24.2039,24.2039,254.11516480998,0
IBHD.US,D,20191220,000000,24.2217,24.2217,24.2117,24.2117,5854.7327257411,0
IBHD.US,D,20191223,000000,24.1899,24.1949,24.1651,24.186,832.9330402105,0
IBHD.US,D,20191224,000000,24.2167,24.2167,24.2167,24.2167,7.0587545780551,0
IBHD.US,D,20191226,000000,24.2584,24.2613,24.2415,24.2455,3885.3401984637,0
IBHD.US,D,20191227,000000,24.2375,24.2375,24.2375,24.2375,224.87175298661,0
IBHD.US,D,20191230,000000,24.2465,24.2465,24.2237,24.2237,314.61877547903,0
IBHD.US,D,20191231,000000,24.2505,24.2505,24.2345,24.2425,326.71949761283,0
IBHD.US,D,20200102,000000,24.3288,24.3288,24.3189,24.3228,2091.4081421266,0
IBHD.US,D,20200103,000000,24.3288,24.3407,24.308,24.308,1947.2078700321,0
IBHD.US,D,20200106,000000,24.31,24.31,24.301,24.301,930.74721079212,0
IBHD.US,D,20200107,000000,24.301,24.301,24.2861,24.2861,1154.6105702676,0
IBHD.US,D,20200108,000000,24.3189,24.3189,24.3149,24.3149,180.50243849598,0
IBHD.US,D,20200109,000000,24.3189,24.3417,24.3189,24.3417,492.09603344155,0
IBHD.US,D,20200110,000000,24.3606,24.3674,24.3486,24.3486,1001.3347565727,0
IBHD.US,D,20200113,000000,24.3576,24.3576,24.3576,24.3576,7.0587545780551,0
IBHD.US,D,20200114,000000,24.3446,24.3476,24.3407,24.3476,1402.6753740107,0
IBHD.US,D,20200115,000000,24.3854,24.4052,24.3674,24.3674,3655.4264779214,0
IBHD.US,D,20200116,000000,24.3854,24.3854,24.3854,24.3854,7.0587545780551,0
IBHD.US,D,20200117,000000,24.3952,24.414,24.3674,24.414,1986.5352169669,0
IBHD.US,D,20200121,000000,24.3674,24.3734,24.3288,24.3288,6082.6296592612,0
IBHD.US,D,20200122,000000,24.3952,24.3952,24.3952,24.3952,351.9293353916,0
IBHD.US,D,20200123,000000,24.3288,24.3288,24.308,24.308,793.60569327562,0
IBHD.US,D,20200124,000000,24.2317,24.2365,24.2317,24.2365,732.09368909543,0
IBHD.US,D,20200127,000000,24.1076,24.1146,24.1076,24.1146,313.61038196788,0
IBHD.US,D,20200128,000000,24.2505,24.2505,24.2505,24.2505,4.0335740446029,0
IBHD.US,D,20200129,000000,24.2455,24.2455,24.2267,24.2267,471.92816321854,0
IBHD.US,D,20200130,000000,24.2564,24.2564,24.2564,24.2564,1.0083935111507,0
IBHD.US,D,20200131,000000,24.185,24.185,24.1602,24.1602,267.22428045494,0
IBHD.US,D,20200203,000000,24.1076,24.1076,24.0551,24.0551,517.30587122032,0
IBHD.US,D,20200204,000000,24.1632,24.1632,24.1632,24.1632,5.0419675557536,0
IBHD.US,D,20200205,000000,24.2345,24.2345,24.2345,24.2345,21.176263734165,0
IBHD.US,D,20200206,000000,24.2733,24.2733,24.2733,24.2733,77.646300358606,0
IBHD.US,D,20200207,000000,24.2435,24.2515,24.2435,24.2515,468.90298268509,0
IBHD.US,D,20200210,000000,24.2515,24.2782,24.2515,24.2782,2199.3062478197,0
IBHD.US,D,20200211,000000,24.31,24.31,24.31,24.31,100.83935111507,0
IBHD.US,D,20200212,000000,24.3596,24.3596,24.3596,24.3596,3.0251805334522,0
IBHD.US,D,20200213,000000,24.3546,24.3596,24.3546,24.3596,874.27717416768,0
IBHD.US,D,20200214,000000,24.3476,24.3476,24.3476,24.3476,2756.9478594861,0
IBHD.US,D,20200218,000000,24.3476,24.3476,24.31,24.3109,17849.573540879,0
IBHD.US,D,20200219,000000,24.3189,24.3189,24.3189,24.3189,1.0083935111507,0
IBHD.US,D,20200220,000000,24.3546,24.3546,24.3546,24.3546,1.0083935111507,0
IBHD.US,D,20200221,000000,24.3387,24.3387,24.3149,24.3268,873.26878065653,0
IBHD.US,D,20200224,000000,24.1651,24.1651,24.1384,24.1384,2090.3997486155,0
IBHD.US,D,20200225,000000,24.1751,24.1751,23.9738,24.0036,5792.2123280498,0
IBHD.US,D,20200226,000000,24.0412,24.0412,23.9361,24.0036,15371.950683982,0
IBHD.US,D,20200227,000000,23.8013,23.9936,23.7615,23.7615,4507.5189948437,0
IBHD.US,D,20200228,000000,23.7259,23.828,23.6406,23.828,91192.050393893,0
IBHD.US,D,20200302,000000,23.7259,23.8557,23.6208,23.8557,6076.5792981943,0
IBHD.US,D,20200303,000000,23.8071,23.8071,23.6782,23.7308,15685.56106595,0
IBHD.US,D,20200304,000000,23.9837,24.0512,23.9738,24.0244,4223.1520246992,0
IBHD.US,D,20200305,000000,23.7814,23.7913,23.7338,23.7338,1464.1873781909,0
IBHD.US,D,20200306,000000,23.3629,23.582,23.354,23.5632,37972.066055891,0
IBHD.US,D,20200309,000000,22.6697,22.7698,22.5011,22.6876,14242.549951493,0
IBHD.US,D,20200310,000000,22.874,22.9315,22.4912,22.9137,101955.64273191,0
IBHD.US,D,20200311,000000,22.5289,22.5289,22.402,22.402,519.32265824262,0
IBHD.US,D,20200312,000000,21.7365,21.7871,21.7365,21.7871,1088.0565985316,0
IBHD.US,D,20200313,000000,21.9567,22.3117,21.9567,22.3117,3049.3819777198,0
IBHD.US,D,20200316,000000,21.3429,21.3429,21.1048,21.1048,7635.5556664333,0
IBHD.US,D,20200317,000000,20.855,21.6314,20.855,21.6314,4732.3907478304,0
IBHD.US,D,20200318,000000,20.608,20.608,20.1311,20.3582,19117.124184395,0
IBHD.US,D,20200319,000000,20.2828,20.2867,19.9862,20.0051,91884.816736054,0
IBHD.US,D,20200320,000000,20.0051,20.5793,19.4418,20.5793,217037.54379848,0
IBHD.US,D,20200323,000000,19.5985,19.5985,19.3704,19.3704,2509.8914492542,0
IBHD.US,D,20200324,000000,19.9764,20.1211,19.9466,19.9466,79890.984314427,0
IBHD.US,D,20200325,000000,19.9803,20.9333,19.8425,20.6655,3515.2597798714,0
IBHD.US,D,20200326,000000,20.8242,21.0503,20.8242,21.0503,1043.687284041,0
IBHD.US,D,20200327,000000,20.5981,21.4609,20.5981,21.0761,5168.0167446475,0
IBHD.US,D,20200330,000000,21.1524,21.5174,21.0205,21.4509,7992.5269693806,0
IBHD.US,D,20200331,000000,21.1158,21.1158,21.1158,21.1158,52.436462579838,0
IBHD.US,D,20200401,000000,20.9423,20.9899,20.7022,20.731,1985.5268234558,0
IBHD.US,D,20200402,000000,20.855,21.1624,20.7786,20.7984,3131.061852123,0
IBHD.US,D,20200403,000000,20.3402,20.3402,20.3402,20.3402,40.335740446029,0
IBHD.US,D,20200406,000000,20.7984,20.8143,20.7984,20.8143,250.08159076538,0
IBHD.US,D,20200407,000000,20.738,20.738,20.738,20.738,37.310559912577,0
IBHD.US,D,20200408,000000,20.9611,21.325,20.9521,21.2209,8542.1014329578,0
IBHD.US,D,20200409,000000,22.7878,22.7878,21.5858,22.4416,49698.674197063,0
IBHD.US,D,20200413,000000,22.0856,22.0856,21.924,21.9478,3426.5211508902,0
IBHD.US,D,20200414,000000,22.3068,22.3068,22.1293,22.1293,1040.6621035075,0
IBHD.US,D,20200415,000000,21.8407,21.8407,21.8407,21.8407,199.66191520784,0
IBHD.US,D,20200416,000000,21.9378,21.9378,21.8139,21.8437,1976.4512818554,0
IBHD.US,D,20200417,000000,22.1154,22.1154,22.0034,22.0034,8322.2716475269,0
IBHD.US,D,20200420,000000,21.8258,21.8258,21.7157,21.7157,462.85262161818,0
IBHD.US,D,20200421,000000,21.2982,21.443,21.2883,21.443,1100.1573206654,0
IBHD.US,D,20200422,000000,21.5898,21.5898,21.5898,21.5898,50.419675557536,0
IBHD.US,D,20200423,000000,21.5045,21.5045,21.5045,21.5045,1.0083935111507,0
IBHD.US,D,20200424,000000,21.2833,21.2833,21.2833,21.2833,1.0083935111507,0
IBHD.US,D,20200427,000000,21.3945,21.5958,21.3945,21.5472,991.25082146116,0
IBHD.US,D,20200428,000000,21.556,21.556,21.3765,21.3765,712.93421238356,0
IBHD.US,D,20200429,000000,21.6443,21.7137,21.6443,21.7137,235.96408160927,0
IBHD.US,D,20200430,000000,21.6532,21.7505,21.6106,21.7326,4913.9015798375,0
IBHD.US,D,20200501,000000,21.3745,21.3935,21.2982,21.2982,317.64395601248,0
IBHD.US,D,20200504,000000,21.3071,21.3537,21.3071,21.3537,2087.374568082,0
IBHD.US,D,20200505,000000,21.4232,21.4529,21.4133,21.4331,9228.8174140514,0
IBHD.US,D,20200506,000000,21.443,21.443,21.2754,21.2754,5023.8164725529,0
IBHD.US,D,20200507,000000,21.4133,21.4996,21.2833,21.2833,12075.51229603,0
IBHD.US,D,20200508,000000,21.4232,21.4232,21.4232,21.4232,16.134296178412,0
IBHD.US,D,20200511,000000,21.3935,21.3935,21.3567,21.3567,987.21724741656,0
IBHD.US,D,20200512,000000,21.4579,21.4698,21.3349,21.3349,5036.9255881979,0
IBHD.US,D,20200513,000000,21.212,21.212,21.1237,21.1722,10943.086383008,0
IBHD.US,D,20200514,000000,21.1038,21.1426,21.1038,21.1128,1880.6538982961,0
IBHD.US,D,20200515,000000,21.1376,21.212,21.1376,21.212,775.45461007491,0
IBHD.US,D,20200518,000000,21.5283,21.5382,21.4629,21.4866,10651.660658285,0
IBHD.US,D,20200519,000000,21.4996,21.4996,21.4777,21.4777,2328.380617247,0
IBHD.US,D,20200520,000000,21.6344,21.6919,21.6344,21.6691,1905.8637360749,0
IBHD.US,D,20200521,000000,21.6453,21.6453,21.6453,21.6453,162.35135529527,0
IBHD.US,D,20200522,000000,21.7227,21.7227,21.7227,21.7227,44.369314490632,0
IBHD.US,D,20200526,000000,21.9329,21.9329,21.8942,21.8942,396.29864988223,0
IBHD.US,D,20200527,000000,21.923,21.9428,21.9071,21.9071,5043.9843427759,0
IBHD.US,D,20200528,000000,21.925,22.0757,21.925,21.925,3290.3880268848,0
IBHD.US,D,20200529,000000,21.924,22.0311,21.924,22.0311,155.29260071721,0
IBHD.US,D,20200601,000000,22.1055,22.1193,22.0906,22.1193,1882.6706853184,0
IBHD.US,D,20200602,000000,22.1739,22.2959,22.1739,22.2641,1492.4223965031,0
IBHD.US,D,20200603,000000,22.4416,22.4416,22.3414,22.3414,15601.864404524,0
IBHD.US,D,20200604,000000,22.277,22.3266,22.277,22.3266,664.53132384833,0
IBHD.US,D,20200605,000000,22.5865,22.5963,22.5091,22.5379,10398.553886986,0
IBHD.US,D,20200608,000000,22.4694,22.5467,22.4595,22.5467,5470.5347979927,0
IBHD.US,D,20200609,000000,22.395,22.4188,22.395,22.4178,3523.3269279606,0
IBHD.US,D,20200610,000000,22.3652,22.4506,22.3652,22.4327,14048.938397352,0
IBHD.US,D,20200611,000000,22.1154,22.1154,21.914,21.9567,3148.2045418126,0
IBHD.US,D,20200612,000000,22.1154,22.1639,22.0708,22.1639,2105.5256512827,0
IBHD.US,D,20200615,000000,22.1838,22.4416,22.1838,22.3454,15148.087324506,0
IBHD.US,D,20200616,000000,22.5369,22.5467,22.3633,22.3633,2467.5389217858,0
IBHD.US,D,20200617,000000,22.3326,22.3326,22.3326,22.3326,1.0083935111507,0
IBHD.US,D,20200618,000000,22.3018,22.3336,22.3018,22.3177,523.35623228723,0
IBHD.US,D,20200619,000000,22.3068,22.3068,22.3068,22.3068,66.553971735948,0
IBHD.US,D,20200622,000000,22.2968,22.2968,22.2968,22.2968,8.0671480892058,0
IBHD.US,D,20200623,000000,22.395,22.405,22.3375,22.3375,5651.0372364887,0
IBHD.US,D,20200624,000000,22.2027,22.2027,22.0281,22.1075,1664.8576869098,0
IBHD.US,D,20200625,000000,22.1571,22.1571,22.1571,22.1571,88.738628981264,0
IBHD.US,D,20200626,000000,22.1342,22.1342,21.9824,21.9824,5394.9052846564,0
IBHD.US,D,20200629,000000,21.9329,21.9815,21.8357,21.8843,6394.2232542067,0
IBHD.US,D,20200630,000000,22.0549,22.0955,22.0549,22.0955,595.96056509008,0
IBHD.US,D,20200701,000000,22.036,22.1303,22.036,22.1084,1236.2904446708,0
IBHD.US,D,20200702,000000,22.2125,22.278,22.2125,22.2125,1554.9427941944,0
IBHD.US,D,20200706,000000,22.3226,22.3226,22.3226,22.3226,190.58637360749,0
IBHD.US,D,20200707,000000,22.3662,22.3662,22.2047,22.2047,4647.6856928937,0
IBHD.US,D,20200708,000000,22.2185,22.3078,22.2185,22.279,1315.9535320517,0
IBHD.US,D,20200709,000000,22.2393,22.2691,22.2285,22.2285,2312.2463210686,0
IBHD.US,D,20200710,000000,22.2592,22.2909,22.2592,22.2909,1227.2149030704,0
IBHD.US,D,20200713,000000,22.1947,22.1947,22.1947,22.1947,96.80577707047,0
IBHD.US,D,20200714,000000,22.3534,22.3534,22.3534,22.3534,76.637906847455,0
IBHD.US,D,20200715,000000,22.4734,22.4734,22.4734,22.4734,8.0671480892058,0
IBHD.US,D,20200716,000000,22.4496,22.4496,22.4496,22.4496,51.428069068687,0
IBHD.US,D,20200717,000000,22.4912,22.5239,22.4912,22.5239,1042.6788905298,0
IBHD.US,D,20200720,000000,22.5785,22.6073,22.5785,22.6073,2898.1229510472,0
IBHD.US,D,20200721,000000,22.6925,22.6925,22.6925,22.6925,8.0671480892058,0
IBHD.US,D,20200722,000000,22.6935,22.7431,22.6935,22.7312,1678.975196066,0
IBHD.US,D,20200723,000000,22.6469,22.7064,22.6469,22.7064,1293.7688748064,0
IBHD.US,D,20200724,000000,22.7441,22.7441,22.7441,22.7441,123.02400836039,0
IBHD.US,D,20200727,000000,22.7798,22.7798,22.7798,22.7798,2.0167870223015,0
IBHD.US,D,20200728,000000,22.7898,22.7898,22.7342,22.7342,1573.0938773951,0
IBHD.US,D,20200729,000000,22.8383,22.8582,22.8383,22.8522,1535.7833174826,0
IBHD.US,D,20200730,000000,22.8978,22.8978,22.8978,22.8978,2.0167870223015,0
IBHD.US,D,20200731,000000,22.9137,22.9137,22.9137,22.9137,1.0083935111507,0
IBHD.US,D,20200803,000000,22.8096,22.8106,22.8096,22.8106,412.43294606065,0
IBHD.US,D,20200804,000000,22.8334,22.8334,22.8334,22.8334,86.721841958962,0
IBHD.US,D,20200805,000000,22.8462,22.8462,22.8462,22.8462,52.436462579838,0
IBHD.US,D,20200806,000000,22.8651,22.8651,22.8631,22.8631,699.8250967386,0
IBHD.US,D,20200807,000000,22.8383,22.8582,22.7888,22.8482,4571.0477860462,0
IBHD.US,D,20200810,000000,22.8482,22.873,22.8482,22.8492,1092.0901725762,0
IBHD.US,D,20200811,000000,22.873,22.9077,22.7034,22.7034,6853.0423017803,0
IBHD.US,D,20200812,000000,22.8383,22.8383,22.7431,22.7431,5097.4291988669,0
IBHD.US,D,20200813,000000,22.7996,22.7996,22.7034,22.7034,2666.1924434825,0
IBHD.US,D,20200814,000000,22.6608,22.6608,22.6608,22.6608,43.360920979481,0
IBHD.US,D,20200817,000000,22.7034,22.758,22.7034,22.758,2953.5845941605,0
IBHD.US,D,20200818,000000,22.7808,22.8383,22.7808,22.8096,2474.5976763639,0
IBHD.US,D,20200819,000000,22.8334,22.8383,22.757,22.757,1952.2498375878,0
IBHD.US,D,20200820,000000,22.7708,22.7966,22.7708,22.7966,690.74955513825,0
IBHD.US,D,20200821,000000,22.8383,22.8383,22.8096,22.8194,18720.825534513,0
IBHD.US,D,20200824,000000,22.9077,22.9265,22.8978,22.9077,1590.2365670847,0
IBHD.US,D,20200825,000000,22.8879,22.9653,22.868,22.9206,3857.1051801515,0
IBHD.US,D,20200826,000000,23.0227,23.0227,23.0129,23.0129,709.90903185011,0
IBHD.US,D,20200827,000000,23.0327,23.0327,22.9265,22.9653,3938.7850545547,0
IBHD.US,D,20200828,000000,22.9553,22.9751,22.9553,22.9553,2071.2402719036,0
IBHD.US,D,20200831,000000,22.9454,22.9484,22.9454,22.9484,1929.0567868313,0
IBHD.US,D,20200901,000000,22.8978,22.9553,22.8482,22.9325,4126.3462476288,0
IBHD.US,D,20200902,000000,22.9077,22.9633,22.8879,22.9633,962.00740963779,0
IBHD.US,D,20200903,000000,22.9454,22.9454,22.8096,22.8482,1939.1407219428,0
IBHD.US,D,20200904,000000,22.7134,22.8582,22.7034,22.8036,3576.7717840516,0
IBHD.US,D,20200908,000000,22.753,22.7996,22.7024,22.7134,12109.797675409,0
IBHD.US,D,20200909,000000,22.8383,22.8879,22.8383,22.8482,2390.9010149384,0
IBHD.US,D,20200910,000000,22.8582,22.8582,22.7738,22.7738,541.50731548794,0
IBHD.US,D,20200911,000000,22.7718,22.7888,22.7718,22.7888,138.14991102765,0
IBHD.US,D,20200914,000000,22.7898,22.7898,22.7808,22.7898,1300.8276293844,0
IBHD.US,D,20200915,000000,22.8482,22.8532,22.8413,22.8413,8991.844938931,0
IBHD.US,D,20200916,000000,22.8879,22.8879,22.8264,22.8264,561.67518571095,0
IBHD.US,D,20200917,000000,22.8194,22.8304,22.8194,22.8304,441.67635788402,0
IBHD.US,D,20200918,000000,22.8284,22.8284,22.7858,22.7858,1243.3491992488,0
IBHD.US,D,20200921,000000,22.6935,22.6935,22.634,22.634,1116.2916168439,0
IBHD.US,D,20200922,000000,22.7332,22.7332,22.7233,22.7332,998.30957603922,0
IBHD.US,D,20200923,000000,22.5131,22.5131,22.5131,22.5131,15.125902667261,0
IBHD.US,D,20200924,000000,22.4813,22.5487,22.4813,22.5289,1370.4067816538,0
IBHD.US,D,20200925,000000,22.5289,22.5487,22.519,22.519,3128.0366715895,0
IBHD.US,D,20200928,000000,22.6113,22.6113,22.6113,22.6113,10.083935111507,0
IBHD.US,D,20200929,000000,22.5983,22.6271,22.5745,22.5933,8032.8627098267,0
IBHD.US,D,20200930,000000,22.6331,22.7233,22.6331,22.6935,5403.9808262567,0
IBHD.US,D,20201001,000000,22.7134,22.7282,22.6757,22.7084,3278.287304751,0
IBHD.US,D,20201002,000000,22.6975,22.7718,22.6975,22.753,4537.7708001783,0
IBHD.US,D,20201005,000000,22.8492,22.879,22.8294,22.879,4263.4877651453,0
IBHD.US,D,20201006,000000,22.9177,22.9365,22.8254,22.8254,8734.7045935876,0
IBHD.US,D,20201007,000000,22.9087,22.9087,22.8988,22.8988,2556.2775507671,0
IBHD.US,D,20201008,000000,22.9464,22.9464,22.9464,22.9464,7.0587545780551,0
IBHD.US,D,20201009,000000,22.9861,23.0247,22.9761,22.9861,847.05054936661,0
IBHD.US,D,20201012,000000,23.0932,23.1507,23.0833,23.0932,8414.0354570417,0
IBHD.US,D,20201013,000000,23.0247,23.1209,23.0049,23.0049,40383.134941053,0
IBHD.US,D,20201014,000000,22.9563,22.9563,22.9563,22.9563,100.83935111507,0
IBHD.US,D,20201015,000000,22.9563,22.9563,22.9563,22.9563,1.0083935111507,0
IBHD.US,D,20201016,000000,23.0049,23.0049,22.9315,22.9315,4272.5633067456,0
IBHD.US,D,20201019,000000,22.9563,22.9563,22.8542,22.8542,875.28556767883,0
IBHD.US,D,20201020,000000,22.9663,22.9663,22.9167,22.9365,4984.489125618,0
IBHD.US,D,20201021,000000,22.7718,22.9761,22.7718,22.9395,2003.6779066565,0
IBHD.US,D,20201022,000000,22.9563,22.9959,22.9365,22.9921,19361.155414094,0
IBHD.US,D,20201023,000000,23.0247,23.0247,22.9969,23.0049,8452.3544104654,0
IBHD.US,D,20201026,000000,22.9563,22.9563,22.8422,22.8422,3062.4910933648,0
IBHD.US,D,20201027,000000,22.9177,22.9177,22.874,22.874,1914.9392776752,0
IBHD.US,D,20201028,000000,22.7718,22.7718,22.7193,22.7193,1258.4751019161,0
IBHD.US,D,20201029,000000,22.7134,22.753,22.7134,22.753,2709.553364462,0
IBHD.US,D,20201030,000000,22.7332,22.8006,22.7034,22.8006,3891.3905595306,0
IBHD.US,D,20201102,000000,22.7233,22.7233,22.6935,22.6995,1128.3923389777,0
IBHD.US,D,20201103,000000,22.8106,22.879,22.8006,22.879,419.4917006387,0
IBHD.US,D,20201104,000000,22.9365,23.0664,22.9365,23.0664,683.69080056019,0
IBHD.US,D,20201105,000000,23.1031,23.1031,23.1031,23.1031,29.243411823371,0
IBHD.US,D,20201106,000000,23.1011,23.1308,23.0525,23.0525,10198.891971779,0
IBHD.US,D,20201109,000000,23.3014,23.3014,23.1884,23.1884,634.27951851381,0
IBHD.US,D,20201110,000000,23.228,23.234,23.223,23.234,907.55416003565,0
IBHD.US,D,20201111,000000,23.237,23.237,23.1686,23.1686,1206.0386393363,0
IBHD.US,D,20201112,000000,23.1308,23.1308,23.0842,23.0842,693.7747356717,0
IBHD.US,D,20201113,000000,23.1686,23.1854,23.1686,23.1854,823.85749861014,0
IBHD.US,D,20201116,000000,23.2469,23.2816,23.2469,23.2816,1236.2904446708,0
IBHD.US,D,20201117,000000,23.3113,23.3113,23.3064,23.3103,997.30118252807,0
IBHD.US,D,20201118,000000,23.3361,23.3461,23.231,23.231,12721.892536677,0
IBHD.US,D,20201119,000000,23.2766,23.3659,23.2518,23.3391,4720.2900256965,0
IBHD.US,D,20201120,000000,23.3014,23.3361,23.2885,23.2885,14440.195079678,0
IBHD.US,D,20201123,000000,23.3659,23.3659,23.3361,23.3411,3677.6111351667,0
IBHD.US,D,20201124,000000,23.4025,23.4403,23.3609,23.3609,7472.1959176269,0
IBHD.US,D,20201125,000000,23.4215,23.4303,23.3758,23.3947,12927.604812952,0
IBHD.US,D,20201127,000000,23.4403,23.4403,23.4215,23.4215,1984.5184299446,0
IBHD.US,D,20201130,000000,23.4303,23.4303,23.3659,23.4025,8934.3665087954,0
IBHD.US,D,20201201,000000,23.3421,23.3758,23.3421,23.3481,4574.0729665797,0
IBHD.US,D,20201202,000000,23.3461,23.4025,23.3451,23.3758,4409.7048242621,0
IBHD.US,D,20201203,000000,23.4601,23.47,23.4303,23.4303,2135.7774566172,0
IBHD.US,D,20201204,000000,23.4749,23.5087,23.47,23.4938,11263.755519554,0
IBHD.US,D,20201207,000000,23.4501,23.4789,23.4452,23.4651,5725.6583563138,0
IBHD.US,D,20201208,000000,23.47,23.4988,23.47,23.4789,28939.885376515,0
IBHD.US,D,20201209,000000,23.4779,23.4779,23.4452,23.4501,2173.0880165298,0
IBHD.US,D,20201210,000000,23.5186,23.5186,23.5087,23.5136,2892.0725899803,0
IBHD.US,D,20201211,000000,23.5186,23.5285,23.47,23.4889,4762.6425531649,0
IBHD.US,D,20201214,000000,23.5166,23.5166,23.4501,23.47,3518.2849604049,0
IBHD.US,D,20201215,000000,23.5513,23.5513,23.5513,23.5513,6.0503610669044,0
IBHD.US,D,20201216,000000,23.5484,23.5484,23.4125,23.5156,27610.822728818,0
IBHD.US,D,20201217,000000,23.5414,23.5553,23.5414,23.5553,228.90532703121,0
IBHD.US,D,20201218,000000,23.5592,23.5592,23.5384,23.5434,2519.9753843657,0
IBHD.US,D,20201221,000000,23.5384,23.5384,23.4749,23.4849,8458.4047715323,0
IBHD.US,D,20201222,000000,23.5384,23.5781,23.4789,23.5484,6595.9019564369,0
IBHD.US,D,20201223,000000,23.598,23.6376,23.598,23.6276,6346.8287591827,0
IBHD.US,D,20201224,000000,23.6664,23.6862,23.6664,23.6763,4216.0932701212,0
IBHD.US,D,20201228,000000,23.6763,23.6862,23.6763,23.6763,2755.9394659749,0
IBHD.US,D,20201229,000000,23.7189,23.7417,23.6594,23.6594,9576.7131753984,0
IBHD.US,D,20201230,000000,23.6912,23.7239,23.588,23.6862,3929.7095129544,0
IBHD.US,D,20201231,000000,23.706,23.711,23.6961,23.711,8870.8377175929,0
IBHD.US,D,20210104,000000,23.706,23.706,23.6376,23.6664,13269.450213233,0
IBHD.US,D,20210105,000000,23.6763,23.7229,23.6544,23.6852,6775.3960014217,0
IBHD.US,D,20210106,000000,23.7159,23.7527,23.6614,23.6614,7467.1539500711,0
IBHD.US,D,20210107,000000,23.7427,23.7715,23.706,23.7427,11221.402992085,0
IBHD.US,D,20210108,000000,23.7814,23.7913,23.7239,23.7913,234401.07166699,0
IBHD.US,D,20210111,000000,23.7239,23.7239,23.6763,23.6862,29048.791875719,0
IBHD.US,D,20210112,000000,23.6862,23.7427,23.6763,23.7328,20565.177266408,0
IBHD.US,D,20210113,000000,23.7665,23.7814,23.7665,23.7745,21585.671499692,0
IBHD.US,D,20210114,000000,23.7804,23.7913,23.7615,23.7615,26530.833278376,0
IBHD.US,D,20210115,000000,23.7328,23.7814,23.7328,23.7407,10916.868151717,0
IBHD.US,D,20210119,000000,23.7615,23.8131,23.7615,23.8061,13412.642091815,0
IBHD.US,D,20210120,000000,23.8459,23.8508,23.8191,23.8508,22675.744885247,0
IBHD.US,D,20210121,000000,23.8707,23.8707,23.7814,23.8359,8775.0403340336,0
IBHD.US,D,20210122,000000,23.8101,23.8409,23.7814,23.8211,11860.724478155,0
IBHD.US,D,20210125,000000,23.7814,23.8309,23.7615,23.8013,12825.757068326,0
IBHD.US,D,20210126,000000,23.8309,23.8309,23.7814,23.7953,9692.6784291808,0
IBHD.US,D,20210127,000000,23.7328,23.8111,23.6862,23.7527,22645.493079912,0
IBHD.US,D,20210128,000000,23.8111,23.8895,23.8061,23.8061,6027.1680161479,0
IBHD.US,D,20210129,000000,23.8309,23.8409,23.7566,23.7715,36165.02488391,0
IBHD.US,D,20210201,000000,23.6852,23.7328,23.6664,23.7159,11116.530066926,0
IBHD.US,D,20210202,000000,23.7715,23.8013,23.7715,23.7863,8153.8699311648,0
IBHD.US,D,20210203,000000,23.8211,23.8211,23.7715,23.7715,14878.846257029,0
IBHD.US,D,20210204,000000,23.7765,23.8013,23.7765,23.7853,4905.8344317483,0
IBHD.US,D,20210205,000000,23.8449,23.8707,23.8439,23.8508,4557.9386704013,0
IBHD.US,D,20210208,000000,23.8994,23.9093,23.8449,23.8885,7715.2187538142,0
IBHD.US,D,20210209,000000,23.8567,23.8895,23.8567,23.8707,4628.5262161818,0
IBHD.US,D,20210210,000000,23.8309,23.8707,23.8309,23.8607,4434.9146620409,0
IBHD.US,D,20210211,000000,23.8805,23.8895,23.8597,23.8657,8438.2369013093,0
IBHD.US,D,20210212,000000,23.9192,23.9292,23.9044,23.9044,5354.5695442104,0
IBHD.US,D,20210216,000000,23.9391,23.9391,23.8697,23.8707,5302.1330816305,0
IBHD.US,D,20210217,000000,23.8607,23.9093,23.8399,23.8717,13747.428737518,0
IBHD.US,D,20210218,000000,23.8805,23.9093,23.8508,23.8895,14737.671165468,0
IBHD.US,D,20210219,000000,23.9391,23.9391,23.8895,23.8944,3661.4768389883,0
IBHD.US,D,20210222,000000,23.8805,23.8994,23.8359,23.8359,6224.8131443334,0
IBHD.US,D,20210223,000000,23.8805,23.9192,23.8607,23.9192,1443.0111144567,0
IBHD.US,D,20210224,000000,23.9292,23.9589,23.9292,23.9341,8928.3161477285,0
IBHD.US,D,20210225,000000,23.8707,23.8707,23.7715,23.7893,3860.130360685,0
IBHD.US,D,20210226,000000,23.7814,23.8409,23.7427,23.7814,3075.6002090097,0
IBHD.US,D,20210301,000000,23.8111,23.8756,23.7863,23.8617,4688.0214333397,0
IBHD.US,D,20210302,000000,23.8191,23.8508,23.8191,23.8359,5382.8045625226,0
IBHD.US,D,20210303,000000,23.7814,23.8013,23.7814,23.7913,14131.626665267,0
IBHD.US,D,20210304,000000,23.7814,23.8111,23.6346,23.7328,9201.5907892504,0
IBHD.US,D,20210305,000000,23.7239,23.8409,23.7159,23.8309,7721.2691148811,0
IBHD.US,D,20210308,000000,23.8013,23.8161,23.706,23.711,2598.6300782354,0
IBHD.US,D,20210309,000000,23.7715,23.7715,23.7249,23.7249,1024.5278073291,0
IBHD.US,D,20210310,000000,23.8111,23.8409,23.7963,23.7993,1677.9668025548,0
IBHD.US,D,20210311,000000,23.8805,23.9083,23.8369,23.8419,10747.458041844,0
IBHD.US,D,20210312,000000,23.8409,23.8409,23.8013,23.8111,3769.3749446814,0
IBHD.US,D,20210315,000000,23.8111,23.8498,23.8111,23.8489,11295.015718399,0
IBHD.US,D,20210316,000000,23.8309,23.8309,23.7814,23.7814,5714.5660276912,0
IBHD.US,D,20210317,000000,23.7527,23.8508,23.7487,23.8309,8054.0389735608,0
IBHD.US,D,20210318,000000,23.7913,23.7913,23.704,23.704,2264.8518260445,0
IBHD.US,D,20210319,000000,23.7615,23.8111,23.7417,23.7863,9237.8929556518,0
IBHD.US,D,20210322,000000,23.8211,23.8805,23.7963,23.8508,7955.2164094681,0
IBHD.US,D,20210323,000000,23.8309,23.8409,23.8042,23.8042,4710.206090585,0
IBHD.US,D,20210324,000000,23.8805,23.9093,23.8607,23.8607,6429.517027097,0
IBHD.US,D,20210325,000000,23.8607,23.8895,23.8211,23.8607,5377.7625949668,0
IBHD.US,D,20210326,000000,23.8756,23.9391,23.8707,23.9391,13669.782437159,0
IBHD.US,D,20210329,000000,23.949,23.9876,23.9073,23.9569,21512.058773378,0
IBHD.US,D,20210330,000000,23.9371,23.9778,23.9331,23.9391,38814.074637702,0
IBHD.US,D,20210331,000000,23.8805,24.0074,23.8805,24.0026,8987.8113648864,0
IBHD.US,D,20210401,000000,23.9292,23.9678,23.9192,23.954,5064.1522129989,0
IBHD.US,D,20210405,000000,23.9876,23.9876,23.954,23.9589,3515.2597798714,0
IBHD.US,D,20210406,000000,23.9876,23.9976,23.954,23.9827,5859.7746932969,0
IBHD.US,D,20210407,000000,23.9976,24.0074,23.9678,23.9728,6628.1705487937,0
IBHD.US,D,20210408,000000,24.0074,24.0164,23.9778,23.9778,3024.172139941,0
IBHD.US,D,20210409,000000,23.9778,23.9976,23.9678,23.9688,23532.879369725,0
IBHD.US,D,20210412,000000,23.9678,23.9876,23.9678,23.9827,15669.426769772,0
IBHD.US,D,20210413,000000,23.9976,24.0164,23.9292,23.9976,17876.80016568,0
IBHD.US,D,20210414,000000,24.0104,24.0462,24.0065,24.0065,23003.472776371,0
IBHD.US,D,20210415,000000,24.0264,24.066,24.0244,24.0512,12688.615550809,0
IBHD.US,D,20210416,000000,24.066,24.066,24.0094,24.0094,4977.43037104,0
IBHD.US,D,20210419,000000,24.0074,24.0164,23.8994,23.9976,29166.773916524,0
IBHD.US,D,20210420,000000,23.9976,23.9976,23.9628,23.9628,2396.9513760053,0
IBHD.US,D,20210421,000000,24.0362,24.0462,24.0264,24.0462,9983.0957603922,0
IBHD.US,D,20210422,000000,24.0462,24.066,24.0134,24.0134,2659.1336889045,0
IBHD.US,D,20210423,000000,24.0114,24.0838,24.0114,24.06,4753.5670115645,0
IBHD.US,D,20210426,000000,24.071,24.1136,24.0342,24.0342,13516.506623465,0
IBHD.US,D,20210427,000000,24.0561,24.0561,24.0264,24.0264,9387.1351953021,0
IBHD.US,D,20210428,000000,24.0264,24.0759,23.9976,24.061,7844.2931232415,0
IBHD.US,D,20210429,000000,24.0938,24.0938,24.066,24.072,4634.5765772487,0
IBHD.US,D,20210430,000000,24.0264,24.0938,24.0264,24.0799,5427.1738770132,0
IBHD.US,D,20210503,000000,24.1037,24.1037,24.0769,24.0769,3717.9468756127,0
IBHD.US,D,20210504,000000,24.066,24.1136,24.0512,24.0888,15070.441024148,0
IBHD.US,D,20210505,000000,24.1037,24.1325,24.071,24.1325,5224.4867812719,0
IBHD.US,D,20210506,000000,24.1057,24.1235,24.0938,24.1037,2949.5510201159,0
IBHD.US,D,20210507,000000,24.1285,24.1622,24.1275,24.1423,6471.8695545654,0
IBHD.US,D,20210510,000000,24.0838,24.1325,24.071,24.071,2939.4670850044,0
IBHD.US,D,20210511,000000,24.0462,24.1037,24.0462,24.072,11550.139276721,0
IBHD.US,D,20210512,000000,24.0759,24.0759,23.9936,23.9936,3353.9168180873,0
IBHD.US,D,20210513,000000,24.0838,24.0838,24.065,24.065,1400.6585869884,0
IBHD.US,D,20210514,000000,24.1325,24.1423,24.1176,24.1235,1285.7017267172,0
IBHD.US,D,20210517,000000,24.1136,24.1235,24.0838,24.1235,3983.1543690454,0
IBHD.US,D,20210518,000000,24.1235,24.1235,24.066,24.066,2664.1756564602,0
IBHD.US,D,20210519,000000,24.0512,24.0561,24.0056,24.0056,3067.5330609205,0
IBHD.US,D,20210520,000000,24.0561,24.1325,24.0362,24.0938,7324.9704649989,0
IBHD.US,D,20210521,000000,24.1037,24.1325,24.1037,24.1255,3470.8904653808,0
IBHD.US,D,20210524,000000,24.1523,24.1821,24.1364,24.1582,10034.523829461,0
IBHD.US,D,20210525,000000,24.1919,24.1919,24.1622,24.1821,5323.3093453647,0
IBHD.US,D,20210526,000000,24.1721,24.1821,24.1721,24.1721,3699.795792412,0
IBHD.US,D,20210527,000000,24.1909,24.1919,24.1622,24.1622,4343.1508525262,0
IBHD.US,D,20210528,000000,24.2019,24.2069,24.1523,24.1523,9032.180679377,0
IBHD.US,D,20210601,000000,24.1235,24.1325,24.0888,24.1037,9407.3030655251,0
IBHD.US,D,20210602,000000,24.1166,24.1523,24.1037,24.1285,9821.7527986081,0
IBHD.US,D,20210603,000000,24.1235,24.1235,24.0561,24.0838,6859.0926628472,0
IBHD.US,D,20210604,000000,24.1523,24.1523,24.1235,24.1433,26097.224068581,0
IBHD.US,D,20210607,000000,24.1721,24.1821,24.1513,24.1573,9203.6075762727,0
IBHD.US,D,20210608,000000,24.2217,24.2217,24.1622,24.2097,23456.241462877,0
IBHD.US,D,20210609,000000,24.1771,24.2019,24.1671,24.1721,12453.659862711,0
IBHD.US,D,20210610,000000,24.1821,24.2415,24.1821,24.2267,23829.347062002,0
IBHD.US,D,20210611,000000,24.2415,24.2415,24.2117,24.2177,14831.451762005,0
IBHD.US,D,20210614,000000,24.2713,24.2713,24.2019,24.2049,1745.5291678019,0
IBHD.US,D,20210615,000000,24.2317,24.2317,24.1959,24.2217,15013.970987524,0
IBHD.US,D,20210616,000000,24.2307,24.2317,24.1523,24.2117,22017.263922465,0
IBHD.US,D,20210617,000000,24.2515,24.2515,24.2117,24.2147,8989.8281519087,0
IBHD.US,D,20210618,000000,24.2117,24.2415,24.1919,24.2019,5836.5816425404,0
IBHD.US,D,20210621,000000,24.2395,24.2564,24.2395,24.2505,648.39702766992,0
IBHD.US,D,20210622,000000,24.2911,24.2911,24.2317,24.2564,6213.7208157108,0
IBHD.US,D,20210623,000000,24.2812,24.2911,24.2613,24.2683,7289.6766921086,0
IBHD.US,D,20210624,000000,24.3,24.3109,24.2713,24.2911,18748.052159314,0
IBHD.US,D,20210625,000000,24.2871,24.3228,24.2871,24.3199,17282.856387613,0
IBHD.US,D,20210628,000000,24.3596,24.3596,24.2961,24.3109,21220.633048656,0
IBHD.US,D,20210629,000000,24.306,24.417,24.2961,24.3298,15499.008266387,0
IBHD.US,D,20210630,000000,24.3298,24.3496,24.3,24.3199,22377.260405945,0
IBHD.US,D,20210701,000000,24.2117,24.2613,24.2117,24.2613,2645.0161797484,0
IBHD.US,D,20210702,000000,24.2911,24.3109,24.2515,24.2961,8618.7393398052,0
IBHD.US,D,20210706,000000,24.2911,24.3199,24.2713,24.2911,28126.111813016,0
IBHD.US,D,20210707,000000,24.2713,24.2812,24.2713,24.2812,1461.1621976574,0
IBHD.US,D,20210708,000000,24.2713,24.2713,24.2217,24.2317,3172.4059860802,0
IBHD.US,D,20210709,000000,24.2812,24.2812,24.2663,24.2713,3178.4563471471,0
IBHD.US,D,20210712,000000,24.301,24.301,24.2663,24.2663,15387.076586649,0
IBHD.US,D,20210713,000000,24.2217,24.2415,24.1979,24.1979,5363.6450858107,0
IBHD.US,D,20210714,000000,24.2217,24.2713,24.2019,24.2515,16725.214775946,0
IBHD.US,D,20210715,000000,24.2415,24.2613,24.2365,24.2365,4441.9734166189,0
IBHD.US,D,20210716,000000,24.2812,24.2812,24.2147,24.2147,2421.1528202729,0
IBHD.US,D,20210719,000000,24.2019,24.2019,24.0462,24.0977,12491.978816135,0
IBHD.US,D,20210720,000000,24.1721,24.2117,24.1235,24.1969,4138.4469697626,0
IBHD.US,D,20210721,000000,24.2217,24.2317,24.1831,24.2167,4384.4949864834,0
IBHD.US,D,20210722,000000,24.2217,24.2515,24.1919,24.2277,23894.892640227,0
IBHD.US,D,20210723,000000,24.301,24.3298,24.1622,24.2584,58504.974729943,0
IBHD.US,D,20210726,000000,24.2941,24.2941,24.2019,24.2405,33792.274952172,0
IBHD.US,D,20210727,000000,24.2117,24.2505,24.1721,24.2217,10162.589805377,0
IBHD.US,D,20210728,000000,24.2812,24.2812,24.2317,24.2515,24949.672252891,0
IBHD.US,D,20210729,000000,24.2613,24.2713,24.2564,24.2713,19423.675811785,0
IBHD.US,D,20210730,000000,24.2713,24.2713,24.2515,24.2515,1701.1598533113,0
IBHD.US,D,20210802,000000,24.301,24.3109,24.2117,24.2117,3712.904908057,0
IBHD.US,D,20210803,000000,24.2415,24.2613,24.2267,24.2317,6801.6142327116,0
IBHD.US,D,20210804,000000,24.2019,24.2317,24.1622,24.2019,14200.197424025,0
IBHD.US,D,20210805,000000,24.2415,24.2515,24.2365,24.2415,8157.9035052094,0
IBHD.US,D,20210806,000000,24.3109,24.3109,24.2267,24.2317,5972.7147665457,0
IBHD.US,D,20210809,000000,24.2405,24.2405,24.1821,24.1919,4813.0622287224,0
IBHD.US,D,20210810,000000,24.2217,24.2217,24.1523,24.1523,11531.988193519,0
IBHD.US,D,20210811,000000,24.2217,24.2217,24.1919,24.1969,12527.272589025,0
IBHD.US,D,20210812,000000,24.1909,24.2613,24.1909,24.2613,6808.6729872897,0
IBHD.US,D,20210813,000000,24.2613,24.2812,24.2574,24.2574,11420.056513782,0
IBHD.US,D,20210816,000000,24.2515,24.2812,24.2515,24.2663,4135.4217892291,0
IBHD.US,D,20210817,000000,24.2713,24.2713,24.2227,24.2495,5296.0827205636,0
IBHD.US,D,20210818,000000,24.2613,24.2713,24.186,24.186,14448.262227767,0
IBHD.US,D,20210819,000000,24.2019,24.2317,24.184,24.1969,6816.7401353789,0
IBHD.US,D,20210820,000000,24.2267,24.2802,24.2267,24.2415,32544.892178879,0
IBHD.US,D,20210823,000000,24.2931,24.3298,24.2812,24.2891,20793.074199928,0
IBHD.US,D,20210824,000000,24.2812,24.3348,24.2713,24.306,7171.694651304,0
IBHD.US,D,20210825,000000,24.3596,24.3794,24.301,24.3149,14425.069177011,0
IBHD.US,D,20210826,000000,24.3496,24.3496,24.2613,24.3109,9841.9206688311,0
IBHD.US,D,20210827,000000,24.3496,24.3794,24.3397,24.3496,6437.5841751862,0
IBHD.US,D,20210830,000000,24.3893,24.427,24.3645,24.3645,13107.098857937,0
IBHD.US,D,20210831,000000,24.3625,24.3794,24.3199,24.3794,8271.8519719694,0
IBHD.US,D,20210901,000000,24.301,24.301,24.2861,24.301,10603.25776975,0
IBHD.US,D,20210902,000000,24.3496,24.3496,24.3199,24.3199,2414.0940656948,0
IBHD.US,D,20210903,000000,24.3199,24.3496,24.3109,24.3348,11334.343065334,0
IBHD.US,D,20210907,000000,24.2812,24.3199,24.2613,24.2713,12878.193530906,0
IBHD.US,D,20210908,000000,24.3109,24.3496,24.2911,24.301,12904.411762196,0
IBHD.US,D,20210909,000000,24.3397,24.3496,24.3179,24.3179,11132.664363104,0
IBHD.US,D,20210910,000000,24.3298,24.3496,24.3109,24.3109,945.87311345938,0
IBHD.US,D,20210913,000000,24.3288,24.3596,24.3248,24.3596,3358.9587856431,0
IBHD.US,D,20210914,000000,24.3744,24.3744,24.3397,24.3496,2731.7380217073,0
IBHD.US,D,20210915,000000,24.3496,24.3992,24.3496,24.3794,4373.4026578607,0
IBHD.US,D,20210916,000000,24.3992,24.3992,24.3694,24.3794,2037.9632860356,0
IBHD.US,D,20210917,000000,24.3298,24.3694,24.3199,24.3486,6589.85159537,0
IBHD.US,D,20210920,000000,24.2733,24.3199,24.2663,24.2812,12540.38170467,0
IBHD.US,D,20210921,000000,24.3298,24.3397,24.2713,24.3199,3696.7706118786,0
IBHD.US,D,20210922,000000,24.3794,24.3794,24.3199,24.3348,5485.6607006599,0
IBHD.US,D,20210923,000000,24.3496,24.3794,24.3496,24.3596,6692.7077335074,0
IBHD.US,D,20210924,000000,24.3298,24.3784,24.3298,24.3496,3207.6997589705,0
IBHD.US,D,20210927,000000,24.3496,24.3566,24.3397,24.3566,4470.2084349312,0
IBHD.US,D,20210928,000000,24.2911,24.3109,24.2613,24.2663,7749.5041331933,0
IBHD.US,D,20210929,000000,24.3199,24.3496,24.2911,24.3149,8038.9130708936,0
IBHD.US,D,20210930,000000,24.3496,24.3496,24.2911,24.304,5594.5671998642,0
IBHD.US,D,20211001,000000,24.2217,24.3199,24.2049,24.2812,98171.141884568,0
IBHD.US,D,20211004,000000,24.2217,24.2217,24.1821,24.2019,7831.1840075965,0
IBHD.US,D,20211005,000000,24.1969,24.2317,24.1919,24.1919,6108.8478905511,0
IBHD.US,D,20211006,000000,24.2117,24.2117,24.1126,24.187,8820.4180420354,0
IBHD.US,D,20211007,000000,24.1821,24.2415,24.1771,24.1771,12605.927282895,0
IBHD.US,D,20211008,000000,24.1811,24.1821,24.1126,24.1423,1982.5016429223,0
IBHD.US,D,20211011,000000,24.1423,24.1423,24.0551,24.0868,7936.0569327562,0
IBHD.US,D,20211012,000000,24.1741,24.1741,24.1573,24.1573,4442.9818101301,0
IBHD.US,D,20211013,000000,24.1325,24.1919,24.1325,24.1919,792.59729976447,0
IBHD.US,D,20211014,000000,24.301,24.301,24.2613,24.2613,16240.177497082,0
IBHD.US,D,20211015,000000,24.3199,24.3199,24.2415,24.2613,125176.92850669,0
IBHD.US,D,20211018,000000,24.2613,24.2713,24.1919,24.2415,5522.9712605725,0
IBHD.US,D,20211019,000000,24.3298,24.3298,24.2713,24.2763,8854.7034214145,0
IBHD.US,D,20211020,000000,24.2881,24.3199,24.2217,24.2812,14292.969627051,0
IBHD.US,D,20211021,000000,24.3596,24.3596,24.2465,24.2465,1882.6706853184,0
IBHD.US,D,20211022,000000,24.301,24.301,24.2167,24.2167,14085.240563753,0
IBHD.US,D,20211025,000000,24.301,24.301,24.1821,24.2613,4196.9337934093,0
IBHD.US,D,20211026,000000,24.2713,24.2713,24.2217,24.2465,7122.2833692576,0
IBHD.US,D,20211027,000000,24.2613,24.301,24.2317,24.2317,13502.389114308,0
IBHD.US,D,20211028,000000,24.2564,24.2713,24.2227,24.2574,8404.9599154413,0
IBHD.US,D,20211029,000000,24.2713,24.2713,24.2515,24.2515,2899.1313445583,0
IBHD.US,D,20211101,000000,24.2515,24.2515,24.1721,24.2019,5616.7518571095,0
IBHD.US,D,20211102,000000,24.1919,24.2515,24.187,24.2415,19524.515162901,0
IBHD.US,D,20211103,000000,24.2613,24.2911,24.2317,24.2763,4528.6952585779,0
IBHD.US,D,20211104,000000,24.3199,24.3199,24.2911,24.3199,9891.3319508775,0
IBHD.US,D,20211105,000000,24.3694,24.3794,24.3298,24.3298,6776.4043949329,0
IBHD.US,D,20211108,000000,24.3784,24.3784,24.2911,24.3199,17105.37912965,0
IBHD.US,D,20211109,000000,24.3149,24.3199,24.301,24.307,1143.5182416449,0
IBHD.US,D,20211110,000000,24.2613,24.301,24.1821,24.2515,10214.017874446,0
IBHD.US,D,20211111,000000,24.2365,24.2415,24.2019,24.2117,3527.3605020052,0
IBHD.US,D,20211112,000000,24.2415,24.2911,24.1821,24.1821,131667.95753797,0
IBHD.US,D,20211115,000000,24.2019,24.2415,24.1771,24.1771,9716.8798734484,0
IBHD.US,D,20211116,000000,24.1969,24.2405,24.1622,24.2019,19084.855592038,0
IBHD.US,D,20211117,000000,24.2117,24.2217,24.1969,24.1969,3298.455174974,0
IBHD.US,D,20211118,000000,24.1919,24.2009,24.1622,24.1671,2604.6804393023,0
IBHD.US,D,20211119,000000,24.1771,24.2069,24.1721,24.1721,9811.6688634966,0
IBHD.US,D,20211122,000000,24.1919,24.2019,24.1126,24.1126,9528.3102868632,0
IBHD.US,D,20211123,000000,24.1176,24.1225,24.0838,24.1027,5988.8490627242,0
IBHD.US,D,20211124,000000,24.074,24.1325,24.0541,24.1116,10823.087555181,0
IBHD.US,D,20211126,000000,24.0541,24.0541,23.9738,24.0144,2476.6144633862,0
IBHD.US,D,20211129,000000,24.074,24.0848,24.064,24.074,691.7579486494,0
IBHD.US,D,20211130,000000,24.0244,24.0541,23.9559,23.9956,2692.4106747724,0
IBHD.US,D,20211201,000000,24.0392,24.064,23.8915,23.8915,3848.0296385512,0
IBHD.US,D,20211202,000000,23.9559,24.0234,23.9361,24.0234,8548.1517940247,0
IBHD.US,D,20211203,000000,23.9956,23.9966,23.9837,23.9837,4473.2336154646,0
IBHD.US,D,20211206,000000,24.0154,24.074,23.9956,24.0442,9964.9446771915,0
IBHD.US,D,20211207,000000,24.0838,24.1523,24.074,24.0928,25420.592022599,0
IBHD.US,D,20211208,000000,24.1116,24.1325,24.07,24.1225,13245.248768965,0
IBHD.US,D,20211209,000000,24.1126,24.1126,24.0442,24.0442,2857.7872106012,0
IBHD.US,D,20211210,000000,24.0541,24.0789,24.0442,24.0789,762.34549442995,0
IBHD.US,D,20211213,000000,24.0442,24.0878,24.0442,24.0858,5517.9292930168,0
IBHD.US,D,20211214,000000,24.0928,24.0928,24.0294,24.059,5898.0936467206,0
IBHD.US,D,20211215,000000,24.063,24.1423,24.0492,24.1305,1732.4200521569,0
IBHD.US,D,20211216,000000,24.0244,24.074,24.0006,24.0056,13892.637403124,0
IBHD.US,D,20211217,000000,23.9956,24.0056,23.9658,23.9808,7405.6419458909,0
IBHD.US,D,20211220,000000,24.0244,24.0244,23.946,23.9658,10512.502353746,0
IBHD.US,D,20211221,000000,24.0442,24.064,23.9916,24.0294,18645.196021177,0
IBHD.US,D,20211222,000000,24.074,24.1225,24.0452,24.0977,113955.52551461,0
IBHD.US,D,20211223,000000,24.1225,24.1909,24.1225,24.1423,31777.504716893,0
IBHD.US,D,20211227,000000,24.2217,24.2217,24.1622,24.1622,20760.805607571,0
IBHD.US,D,20211228,000000,24.1423,24.1821,24.1423,24.1612,14529.942102171,0
IBHD.US,D,20211229,000000,24.5668,24.5668,24.0928,24.1275,45086.28227706,0
IBHD.US,D,20211230,000000,24.1275,24.1523,24.1037,24.1225,7392.532830246,0
IBHD.US,D,20211231,000000,24.1126,24.1503,24.1126,24.1325,2898.1229510472,0
IBHD.US,D,20220103,000000,24.0977,24.1414,24.0838,24.0838,22412.554178836,0
IBHD.US,D,20220104,000000,24.1325,24.1325,24.074,24.1027,4980.4555515734,0
IBHD.US,D,20220105,000000,24.0541,24.1027,23.946,23.9559,17078.152504848,0
IBHD.US,D,20220106,000000,23.9262,24.0154,23.9262,24.0056,11563.248392366,0
IBHD.US,D,20220107,000000,24.0244,24.0244,23.946,23.9708,26668.983189403,0
IBHD.US,D,20220110,000000,23.9956,24.0541,23.9361,24.0541,9170.3305904047,0
IBHD.US,D,20220111,000000,23.9758,24.1225,23.9758,24.0838,17040.841944937,0
IBHD.US,D,20220112,000000,24.1225,24.1225,24.0342,24.1126,18754.102520381,0
IBHD.US,D,20220113,000000,24.0154,24.074,23.9956,24.0244,13266.425032699,0
IBHD.US,D,20220114,000000,24.0541,24.073,24.0056,24.0402,2993.9203346065,0
IBHD.US,D,20220118,000000,24.0442,24.0442,23.9361,23.9896,8568.3196642477,0
IBHD.US,D,20220119,000000,24.0442,24.0442,23.9599,23.9599,5437.2578121247,0
IBHD.US,D,20220120,000000,24.0442,24.064,23.9371,23.9371,9095.7094705795,0
IBHD.US,D,20220121,000000,23.9361,24.0144,23.9212,23.9559,6147.1668439748,0
IBHD.US,D,20220124,000000,23.953,23.9758,23.8667,23.9758,5604.6511349757,0
IBHD.US,D,20220125,000000,23.946,23.9738,23.8964,23.9262,15358.841568336,0
IBHD.US,D,20220126,000000,23.9956,24.0056,23.8469,23.8469,14372.632714431,0
IBHD.US,D,20220127,000000,23.9063,23.9163,23.7873,23.7873,16747.399433191,0
IBHD.US,D,20220128,000000,23.6604,23.8617,23.6604,23.7685,2199.3062478197,0
IBHD.US,D,20220131,000000,23.7973,23.9163,23.7973,23.8667,21882.139191971,0
IBHD.US,D,20220201,000000,23.8667,23.9163,23.8429,23.8815,6832.8744315573,0
IBHD.US,D,20220202,000000,23.946,23.946,23.8756,23.8974,5012.7241439303,0
IBHD.US,D,20220203,000000,23.8766,23.9063,23.7873,23.7873,32552.959326968,0
IBHD.US,D,20220204,000000,23.7288,23.7288,23.6594,23.6882,29046.775088697,0
IBHD.US,D,20220207,000000,23.6892,23.7576,23.6892,23.7576,7633.538879411,0
IBHD.US,D,20220208,000000,23.7387,23.7973,23.6792,23.7011,22905.658605789,0
IBHD.US,D,20220209,000000,23.7873,23.8071,23.7387,23.7625,12399.206613109,0
IBHD.US,D,20220210,000000,23.7487,23.7973,23.5007,23.5007,9026.1303183101,0
IBHD.US,D,20220211,000000,23.6792,23.709,23.4908,23.5692,10925.943693318,0
IBHD.US,D,20220214,000000,23.6138,23.6495,23.5404,23.6148,2879.9718678465,0
IBHD.US,D,20220215,000000,23.6792,23.6792,23.6247,23.6296,14432.127931589,0
IBHD.US,D,20220216,000000,23.6594,23.713,23.5702,23.713,7010.3516895198,0
IBHD.US,D,20220217,000000,23.6693,23.6892,23.6048,23.6048,3815.7610461943,0
IBHD.US,D,20220218,000000,23.598,23.6703,23.598,23.6674,7782.7811190613,0
IBHD.US,D,20220222,000000,23.6296,23.6892,23.59,23.6495,28207.791687419,0
IBHD.US,D,20220223,000000,23.6892,23.9034,23.59,23.59,54012.581637766,0
IBHD.US,D,20220224,000000,23.4125,23.714,23.4125,23.6892,12512.146686358,0
IBHD.US,D,20220225,000000,23.7973,23.7973,23.6892,23.7189,6502.1213598999,0
IBHD.US,D,20220228,000000,23.7387,23.8369,23.7189,23.7318,12955.839831264,0
IBHD.US,D,20220301,000000,23.6991,23.6991,23.5732,23.5732,7814.041317907,0
IBHD.US,D,20220302,000000,23.5504,23.6892,23.5504,23.6544,20083.165168077,0
IBHD.US,D,20220303,000000,23.6396,23.6495,23.59,23.59,4223.1520246992,0
IBHD.US,D,20220304,000000,23.6098,23.6098,23.4413,23.4413,4546.8463417786,0
IBHD.US,D,20220307,000000,23.4611,23.4809,23.3232,23.3232,15787.408810575,0
IBHD.US,D,20220308,000000,23.3817,23.4413,23.3232,23.3232,21560.461661913,0
IBHD.US,D,20220309,000000,23.3827,23.5206,23.3629,23.4224,31791.622226049,0
IBHD.US,D,20220310,000000,23.2638,23.5107,23.1944,23.3331,80736.018076772,0
IBHD.US,D,20220311,000000,23.3133,23.3709,23.2726,23.2726,1384.5242908099,0
IBHD.US,D,20220314,000000,23.1348,23.234,23.0615,23.1249,28353.000353025,0
IBHD.US,D,20220315,000000,23.2965,23.2965,23.1398,23.224,7352.1970897999,0
IBHD.US,D,20220316,000000,23.2638,23.4125,23.234,23.3827,33164.045794725,0
IBHD.US,D,20220317,000000,23.4511,23.471,23.3937,23.471,31414.483052878,0
IBHD.US,D,20220318,000000,23.4224,23.5206,23.4224,23.5206,3051.3987647421,0
IBHD.US,D,20220321,000000,23.471,23.5107,23.2638,23.3431,17777.977601587,0
IBHD.US,D,20220322,000000,23.3827,23.4819,23.3431,23.4819,7207.9968177054,0
IBHD.US,D,20220323,000000,23.4809,23.5107,23.4413,23.4511,20059.972117321,0
IBHD.US,D,20220324,000000,23.4511,23.4809,23.3827,23.4511,139199.64867275,0
IBHD.US,D,20220325,000000,23.4195,23.4313,23.3331,23.3827,41852.3642868,0
IBHD.US,D,20220328,000000,23.3629,23.4224,23.3232,23.4105,22408.520604792,0
IBHD.US,D,20220329,000000,23.5305,23.6693,23.5255,23.6296,36399.980572008,0
IBHD.US,D,20220330,000000,23.4908,23.5305,23.3827,23.4561,16680.845461455,0
IBHD.US,D,20220331,000000,23.5702,23.5702,23.4809,23.4809,13013.3182614,0
IBHD.US,D,20220401,000000,23.4313,23.4313,23.353,23.3729,16572.947355762,0
IBHD.US,D,20220404,000000,23.4025,23.5494,23.4025,23.5404,187562.20146755,0
IBHD.US,D,20220405,000000,23.5504,23.5504,23.3331,23.3331,12241.89722537,0
IBHD.US,D,20220406,000000,23.2736,23.3431,23.234,23.234,10803.928078469,0
IBHD.US,D,20220407,000000,23.2638,23.2638,23.2142,23.2439,3795.5931759713,0
IBHD.US,D,20220408,000000,23.1844,23.1944,23.1368,23.1546,7348.1635157553,0
IBHD.US,D,20220411,000000,23.23,23.233,23.1844,23.1844,7284.6347245528,0
IBHD.US,D,20220412,000000,23.1844,23.2439,23.1448,23.1507,10009.313991682,0
IBHD.US,D,20220413,000000,23.234,23.2935,23.1744,23.2638,25933.864319774,0
IBHD.US,D,20220414,000000,23.2984,23.2984,23.1051,23.1051,6177.4186493093,0
IBHD.US,D,20220418,000000,23.1744,23.2935,23.1744,23.234,6646.3216319944,0
IBHD.US,D,20220419,000000,23.1646,23.1844,23.1448,23.1844,20728.537015214,0
IBHD.US,D,20220420,000000,23.239,23.3331,23.2142,23.2439,4133.4050022068,0
IBHD.US,D,20220421,000000,23.3431,23.3729,23.1448,23.1794,10577.03953846,0
IBHD.US,D,20220422,000000,23.1051,23.2836,23.0465,23.0912,17425.039872685,0
IBHD.US,D,20220425,000000,23.0763,23.1398,23.0465,23.1398,10847.288999449,0
IBHD.US,D,20220426,000000,23.1497,23.1944,23.0862,23.1249,17019.665681202,0
IBHD.US,D,20220427,000000,23.0862,23.0862,22.9673,23.0069,41219.093161797,0
IBHD.US,D,20220428,000000,23.0267,23.0961,22.9821,23.0862,62150.317272752,0
IBHD.US,D,20220429,000000,23.0069,23.0069,22.9177,22.9375,22948.011133257,0
IBHD.US,D,20220502,000000,22.9177,23.0763,22.8993,22.9177,37806.689520063,0
IBHD.US,D,20220503,000000,22.9177,23.0862,22.9177,23.0267,15072.45781117,0
IBHD.US,D,20220504,000000,23.0367,23.2498,23.0069,23.225,40657.417976086,0
IBHD.US,D,20220505,000000,23.0912,23.0912,22.9177,22.9275,33445.387584336,0
IBHD.US,D,20220506,000000,22.9077,22.9177,22.8588,22.9177,2410.0604916502,0
IBHD.US,D,20220509,000000,22.7986,22.9274,22.7094,22.7094,19599.136282725,0
IBHD.US,D,20220510,000000,22.9871,22.9871,22.7292,22.8184,23737.583252488,0
IBHD.US,D,20220511,000000,22.7094,22.9375,22.6995,22.7226,168575.16004609,0
IBHD.US,D,20220512,000000,22.6499,22.7486,22.6301,22.665,83004.903476861,0
IBHD.US,D,20220513,000000,22.7094,22.7888,22.6103,22.7193,12394.164645553,0
IBHD.US,D,20220516,000000,22.7193,22.7392,22.6201,22.6697,51369.58224504,0
IBHD.US,D,20220517,000000,22.6648,22.7093,22.6103,22.6399,11749.801191928,0
IBHD.US,D,20220518,000000,22.6103,22.6103,22.5011,22.5408,42114.546599699,0
IBHD.US,D,20220519,000000,22.5111,22.6796,22.5111,22.6697,23790.019715068,0
IBHD.US,D,20220520,000000,22.6989,22.6989,22.5547,22.5858,9299.404959832,0
IBHD.US,D,20220523,000000,22.6399,22.6995,22.6035,22.6151,37333.752963333,0
IBHD.US,D,20220524,000000,22.6201,22.7888,22.6201,22.7294,14143.7273874,0
IBHD.US,D,20220525,000000,22.7044,22.878,22.7044,22.8532,42430.173768689,0
IBHD.US,D,20220526,000000,23.0565,23.2052,22.9178,23.0862,92230.695710379,0
IBHD.US,D,20220527,000000,23.0862,23.1061,23.0069,23.0819,57078.097911664,0
IBHD.US,D,20220531,000000,23.0862,23.0862,22.9869,22.9869,23457.249856388,0
IBHD.US,D,20220601,000000,22.9771,23.0494,22.878,22.9573,14748.76349409,0
IBHD.US,D,20220602,000000,22.9771,23.0168,22.8979,23.0168,20424.002174847,0
IBHD.US,D,20220603,000000,23.0069,23.0069,22.8978,22.9028,24547.323241942,0
IBHD.US,D,20220606,000000,22.9275,22.9672,22.8978,22.9077,17779.99438861,0
IBHD.US,D,20220607,000000,22.8482,22.9623,22.8284,22.9375,21036.097036115,0
IBHD.US,D,20220608,000000,22.9275,22.9275,22.759,22.759,127409.51174038,0
IBHD.US,D,20220609,000000,22.7974,22.8283,22.7144,22.7392,12645.25462983,0
IBHD.US,D,20220610,000000,22.5111,22.5704,22.4516,22.4912,36100.487699196,0
IBHD.US,D,20220613,000000,22.3524,22.3721,21.8863,21.9458,41623.458959769,0
IBHD.US,D,20220614,000000,21.9854,22.2212,21.9854,22.1094,50244.215086596,0
IBHD.US,D,20220615,000000,22.3226,22.6103,22.2731,22.392,41352.201105269,0
IBHD.US,D,20220616,000000,22.2532,22.3177,22.0152,22.1193,79629.81039504,0
IBHD.US,D,20220617,000000,22.2532,22.3623,22.2235,22.3623,44285.617829207,0
IBHD.US,D,20220621,000000,22.3226,22.402,22.2135,22.2135,16911.767575508,0
IBHD.US,D,20220622,000000,22.2334,22.3028,22.2135,22.2135,37532.40648503,0
IBHD.US,D,20220623,000000,22.2711,22.3524,22.2711,22.3127,35087.052220489,0
IBHD.US,D,20220624,000000,22.3127,22.4714,22.3127,22.3326,18656.288349799,0
IBHD.US,D,20220627,000000,22.4615,22.4615,22.3326,22.3326,7948.15765489,0
IBHD.US,D,20220628,000000,22.3424,22.4516,22.2135,22.3623,23821.279913913,0
IBHD.US,D,20220629,000000,22.2631,22.2631,22.045,22.1144,58320.438717402,0
IBHD.US,D,20220630,000000,22.1739,22.1739,22.035,22.035,31605.069426486,0
IBHD.US,D,20220701,000000,22.1045,22.1937,22.0558,22.1045,10756.533583445,0
IBHD.US,D,20220705,000000,22.0648,22.1342,21.9558,22.1342,37977.108023447,0
IBHD.US,D,20220706,000000,22.0896,22.1243,22.0515,22.1243,14214.31493318,0
IBHD.US,D,20220707,000000,22.2235,22.3326,22.151,22.3326,7275.5591829525,0
IBHD.US,D,20220708,000000,22.283,22.3226,22.2236,22.2731,13197.85427394,0
IBHD.US,D,20220711,000000,22.283,22.3028,22.2532,22.2532,15643.208538481,0
IBHD.US,D,20220712,000000,22.2847,22.3028,22.2037,22.2483,19781.655508244,0
IBHD.US,D,20220713,000000,22.1441,22.2532,22.1391,22.2334,28830.97887731,0
IBHD.US,D,20220714,000000,22.1342,22.1541,22.0202,22.0945,24861.942017421,0
IBHD.US,D,20220715,000000,22.2532,22.4317,22.2532,22.3722,17444.199349397,0
IBHD.US,D,20220718,000000,22.4416,22.4416,22.2235,22.2334,9427.4709357481,0
IBHD.US,D,20220719,000000,22.2334,22.4317,22.2334,22.4218,8127.6516998748,0
IBHD.US,D,20220720,000000,22.5309,22.6003,22.4218,22.4218,25391.348610775,0
IBHD.US,D,20220721,000000,22.4218,22.6301,22.3425,22.6301,7287.6599050863,0
IBHD.US,D,20220722,000000,22.6796,22.6796,22.4615,22.4615,27199.398176268,0
IBHD.US,D,20220725,000000,22.5309,22.5805,22.4714,22.5408,23228.344529357,0
IBHD.US,D,20220726,000000,22.402,22.5403,22.402,22.4615,21095.592253273,0
IBHD.US,D,20220727,000000,22.5607,22.6896,22.4416,22.6449,44185.786871602,0
IBHD.US,D,20220728,000000,22.7292,22.8284,22.6697,22.7392,32844.38505169,0
IBHD.US,D,20220729,000000,22.7392,22.8086,22.7259,22.7788,16645.551688565,0
IBHD.US,D,20220801,000000,22.6693,22.7888,22.6693,22.7788,28939.99644564,0
IBHD.US,D,20220802,000000,22.7788,22.7888,22.6892,22.7191,32604.2025762,0
IBHD.US,D,20220803,000000,22.8087,22.8485,22.729,22.8087,29134.85828482,0
IBHD.US,D,20220804,000000,22.8435,22.9481,22.6992,22.8684,39293.7894264,0
IBHD.US,D,20220805,000000,22.7888,22.8784,22.739,22.8585,20643.30164344,0
IBHD.US,D,20220808,000000,22.8585,22.9779,22.8585,22.8833,22352.86272738,0
IBHD.US,D,20220809,000000,22.8883,22.8883,22.7689,22.7689,26739.26299387,0
IBHD.US,D,20220810,000000,23.0078,23.0277,22.9255,22.9779,31232.13416218,0
IBHD.US,D,20220811,000000,23.0278,23.1273,22.7987,22.8983,96108.06885701,0
IBHD.US,D,20220812,000000,22.8186,23.1173,22.8186,23.0377,10352.78853829,0
IBHD.US,D,20220815,000000,22.9947,23.1073,22.9947,23.0277,47810.45712953,0
IBHD.US,D,20220816,000000,23.0277,23.0476,22.958,23.0277,14724.12216773,0
IBHD.US,D,20220817,000000,22.9579,22.9579,22.8665,22.8833,8263.54820069,0
IBHD.US,D,20220818,000000,22.8684,22.958,22.8585,22.9351,22801.84851147,0
IBHD.US,D,20220819,000000,22.8784,22.8784,22.7489,22.7888,14446.89604601,0
IBHD.US,D,20220822,000000,22.7489,22.7489,22.6494,22.6693,21833.56597039,0
IBHD.US,D,20220823,000000,22.7689,22.8186,22.6693,22.7191,21392.61572606,0
IBHD.US,D,20220824,000000,22.734,22.7788,22.7291,22.739,5192.9675699,0
IBHD.US,D,20220825,000000,22.7489,22.8684,22.7489,22.8585,23269.91870249,0
IBHD.US,D,20220826,000000,22.9182,22.9182,22.6394,22.6394,14017.99911132,0
IBHD.US,D,20220829,000000,22.5996,22.6792,22.5896,22.6792,14445.89160354,0
IBHD.US,D,20220830,000000,22.6992,22.6992,22.5299,22.5996,24365.76543726,0
IBHD.US,D,20220831,000000,22.6195,22.7191,22.4811,22.52,40745.20879555,0
IBHD.US,D,20220901,000000,22.52,22.6295,22.3308,22.4801,26277.21945767,0
IBHD.US,D,20220902,000000,22.6096,22.6096,22.4901,22.4901,21342.39360256,0
IBHD.US,D,20220906,000000,22.4901,22.5498,22.3408,22.4204,28052.06930216,0
IBHD.US,D,20220907,000000,22.5,22.7414,22.4305,22.6494,24619.88938217,0
IBHD.US,D,20220908,000000,22.5797,22.8385,22.5797,22.5896,15734.59129255,0
IBHD.US,D,20220909,000000,22.7888,22.8087,22.7191,22.7191,10824.87649919,0
IBHD.US,D,20220912,000000,22.7191,22.8385,22.6892,22.7191,72787.92803102,0
IBHD.US,D,20220913,000000,22.5548,22.6493,22.4901,22.51,37629.42825361,0
IBHD.US,D,20220914,000000,22.6312,22.6842,22.4901,22.52,36988.59395775,0
IBHD.US,D,20220915,000000,22.4652,22.5797,22.4403,22.4801,52814.58951507,0
IBHD.US,D,20220916,000000,22.4204,22.6593,22.4104,22.51,187265.24077939,0
IBHD.US,D,20220919,000000,22.5,22.5697,22.4702,22.5299,239661.98222694,0
IBHD.US,D,20220920,000000,22.4304,22.4999,22.4304,22.4304,25762.94491303,0
IBHD.US,D,20220921,000000,22.5136,22.6494,22.3109,22.3706,67926.42647622,0
IBHD.US,D,20220922,000000,22.3308,22.4801,22.3208,22.3607,26786.47178996,0
IBHD.US,D,20220923,000000,22.4403,22.4403,22.1715,22.1914,76976.45313092,0
IBHD.US,D,20220926,000000,22.2312,22.3606,21.9425,21.9823,216012.38427079,0
IBHD.US,D,20220927,000000,22.2014,22.3208,21.9624,21.9624,82993.06352622,0
IBHD.US,D,20220928,000000,22.291,22.4204,22.1938,22.281,43729.40737392,0
IBHD.US,D,20220929,000000,22.1715,22.3289,22.1118,22.291,24746.44913339,0
IBHD.US,D,20220930,000000,22.281,22.3806,22.1317,22.1815,169385.16037092,0
IBHD.US,D,20221003,000000,22.2611,22.2611,22.1615,22.1815,65198.3607277,0
IBHD.US,D,20221004,000000,22.4005,22.4597,22.3905,22.4403,45992.41625883,0
IBHD.US,D,20221005,000000,22.4403,22.5498,22.311,22.4104,103510.80986091,0
IBHD.US,D,20221006,000000,22.5896,22.5896,22.3607,22.3607,65133.07196715,0
IBHD.US,D,20221007,000000,22.3507,22.3856,22.2113,22.2711,22967.58151902,0
IBHD.US,D,20221010,000000,22.281,22.3009,21.9425,22.1018,26806.56063936,0
IBHD.US,D,20221011,000000,21.9823,22.2584,21.9823,22.0919,17485.33451776,0
IBHD.US,D,20221012,000000,22.2014,22.2412,22.1887,22.2014,10610.93025308,0
IBHD.US,D,20221013,000000,22.052,22.281,22.052,22.2511,20762.83029737,0
IBHD.US,D,20221014,000000,22.2652,22.3109,22.1317,22.1615,63931.75877303,0
IBHD.US,D,20221017,000000,22.3208,22.4204,22.291,22.3607,1384112.6836778,0
IBHD.US,D,20221018,000000,22.4403,22.5498,22.2711,22.4702,135613.79564458,0
IBHD.US,D,20221019,000000,22.5598,22.5598,22.3009,22.3358,66924.99733363,0
IBHD.US,D,20221020,000000,22.3208,22.5498,22.2511,22.2511,59566.45179841,0
IBHD.US,D,20221021,000000,22.3208,22.4503,22.3009,22.4104,48550.73122992,0
IBHD.US,D,20221024,000000,22.4204,22.4204,22.3507,22.4204,56416.52021249,0
IBHD.US,D,20221025,000000,22.4204,22.6992,22.4005,22.4602,104385.67925228,0
IBHD.US,D,20221026,000000,22.4901,22.568,22.4334,22.52,38433.98667208,0
IBHD.US,D,20221027,000000,22.5896,22.7987,22.4702,22.6394,37037.81163878,0
IBHD.US,D,20221028,000000,22.6792,22.729,22.5698,22.7091,147480.27898516,0
IBHD.US,D,20221031,000000,22.5996,22.6494,22.5,22.51,128765.50688412,0
IBHD.US,D,20221101,000000,22.64,22.689,22.52,22.605,157709,0
IBHD.US,D,20221102,000000,22.56,22.68,22.48,22.48,35900,0
IBHD.US,D,20221103,000000,22.4,22.56,22.36,22.37,123920,0
IBHD.US,D,20221104,000000,22.61,22.7,22.465,22.5,151210,0
IBHD.US,D,20221107,000000,22.58,22.75,22.5119,22.58,46609,0
IBHD.US,D,20221108,000000,22.6,22.75,22.55,22.565,60185,0
IBHD.US,D,20221109,000000,22.56,22.6087,22.38,22.42,82458,0
IBHD.US,D,20221110,000000,22.8,22.98,22.6,22.6,53226,0
IBHD.US,D,20221111,000000,22.94,22.94,22.71,22.85,52119,0
IBHD.US,D,20221114,000000,22.8,22.89,22.689,22.69,75375,0
IBHD.US,D,20221115,000000,22.96,22.96,22.7441,22.77,89368,0
IBHD.US,D,20221116,000000,22.77,22.83,22.7283,22.76,61522,0
IBHD.US,D,20221117,000000,22.67,22.84,22.67,22.73,99217,0
IBHD.US,D,20221118,000000,22.76,22.89,22.7,22.72,97334,0
IBHD.US,D,20221121,000000,22.7,22.95,22.7,22.72,124938,0
IBHD.US,D,20221122,000000,22.7409,22.8,22.72,22.8,26818,0
IBHD.US,D,20221123,000000,22.95,22.9838,22.81,22.9,56182,0
IBHD.US,D,20221125,000000,22.91,22.9155,22.85,22.9,8361,0
IBHD.US,D,20221128,000000,22.84,22.91,22.74,22.74,80276,0
IBHD.US,D,20221129,000000,22.74,22.98,22.74,22.84,42282,0
IBHD.US,D,20221130,000000,22.84,23.18,22.829,23,38577,0
IBHD.US,D,20221201,000000,22.87,23.02,22.87,22.87,42449,0
IBHD.US,D,20221202,000000,22.79,22.8959,22.79,22.88,29090,0
IBHD.US,D,20221205,000000,22.87,22.89,22.765,22.77,54889,0
IBHD.US,D,20221206,000000,22.82,22.843,22.72,22.72,40794,0
IBHD.US,D,20221207,000000,22.8,22.99,22.8,22.86,95628,0
IBHD.US,D,20221208,000000,22.8,22.97,22.8,22.8,60807,0
IBHD.US,D,20221209,000000,22.85,23.06,22.7618,22.86,79482,0
IBHD.US,D,20221212,000000,22.83,22.98,22.83,22.92,256484,0
IBHD.US,D,20221213,000000,23.21,23.23,22.9008,22.955,277833,0
IBHD.US,D,20221214,000000,22.98,23.074,22.865,22.93,52177,0
IBHD.US,D,20221215,000000,22.81,22.89,22.7113,22.79,68878,0
IBHD.US,D,20221216,000000,22.73,22.88,22.69,22.82,118717,0
IBHD.US,D,20221219,000000,22.73,22.78,22.68,22.73,414466,0
IBHD.US,D,20221220,000000,22.69,22.74,22.67,22.725,109375,0
IBHD.US,D,20221221,000000,22.77,22.87,22.74,22.75,77555,0
IBHD.US,D,20221222,000000,22.77,22.86,22.69,22.7,462416,0
IBHD.US,D,20221223,000000,22.78,22.8492,22.73,22.75,57830,0
IBHD.US,D,20221227,000000,22.79,22.85,22.67,22.67,191470,0
IBHD.US,D,20221228,000000,22.69,22.76,22.47,22.47,107022,0
IBHD.US,D,20221229,000000,22.5,22.94,22.4999,22.69,75754,0
IBHD.US,D,20221230,000000,22.69,22.93,22.655,22.71,95576,0
IBHD.US,D,20230103,000000,22.92,22.92,22.715,22.76,201864,0
IBHD.US,D,20230104,000000,22.82,22.9228,22.785,22.88,339308,0
IBHD.US,D,20230105,000000,22.8658,22.94,22.8,22.85,244590,0
IBHD.US,D,20230106,000000,22.95,23.09,22.9051,23,92962,0
IBHD.US,D,20230109,000000,23.1,23.3,23,23.03,85438,0
IBHD.US,D,20230110,000000,23.08,23.1199,23,23.025,85019,0
IBHD.US,D,20230111,000000,23.09,23.16,23.0233,23.12,84248,0
IBHD.US,D,20230112,000000,23.13,23.189,23.04,23.1,114071,0
IBHD.US,D,20230113,000000,23.0499,23.15,23.045,23.14,62625,0
IBHD.US,D,20230117,000000,23.15,23.19,23.0812,23.15,85661,0
IBHD.US,D,20230118,000000,23.18,23.2697,23.0747,23.11,174541,0
IBHD.US,D,20230119,000000,23.11,23.11,23.07,23.095,118098,0
IBHD.US,D,20230120,000000,23.09,23.11,23.05,23.08,77611,0
IBHD.US,D,20230123,000000,23.12,23.2,23.0916,23.115,332289,0
IBHD.US,D,20230124,000000,23.05,23.14,23.03,23.108,145650,0
IBHD.US,D,20230125,000000,23.11,23.195,23.08,23.11,60274,0
IBHD.US,D,20230126,000000,23.18,23.19,23.1108,23.18,195540,0
IBHD.US,D,20230127,000000,23.2,23.21,23.11,23.135,212141,0
IBHD.US,D,20230130,000000,23.12,23.13,23.06,23.06,108864,0
IBHD.US,D,20230131,000000,23.14,23.27,23.14,23.17,80861,0
IBHD.US,D,20230201,000000,23.09,23.35,23.05,23.23,48858,0
IBHD.US,D,20230202,000000,23.27,23.27,23.21,23.21,102329,0
IBHD.US,D,20230203,000000,23.1,23.2,23.1,23.155,144159,0
IBHD.US,D,20230206,000000,23.12,23.13,23.08,23.105,59708,0
IBHD.US,D,20230207,000000,23.1,23.201,23.0575,23.11,34610,0
IBHD.US,D,20230208,000000,23.13,23.18,23.09,23.12,48001,0
IBHD.US,D,20230209,000000,23.15,23.15,23.07,23.07,146481,0
IBHD.US,D,20230210,000000,23.11,23.1145,22.99,23,62097,0
IBHD.US,D,20230213,000000,22.99,23.11,22.9835,23.075,113552,0
IBHD.US,D,20230214,000000,23.0799,23.13,23.025,23.05,62430,0
IBHD.US,D,20230215,000000,23.01,23.13,23,23.1,65889,0
IBHD.US,D,20230216,000000,23.04,23.0555,22.99,23,47712,0
IBHD.US,D,20230217,000000,22.99,23.1,22.99,23.0729,240604,0
IBHD.US,D,20230221,000000,23.05,23.05,22.86,22.92,276849,0
IBHD.US,D,20230222,000000,23.0099,23.085,22.9666,23.015,75090,0
IBHD.US,D,20230223,000000,22.99,23.12,22.99,23.1047,72833,0
IBHD.US,D,20230224,000000,23.02,23.06,23,23.03,51891,0
IBHD.US,D,20230227,000000,23.07,23.09,23.03,23.08,60415,0
IBHD.US,D,20230228,000000,23.05,23.08,23.05,23.075,37584,0
IBHD.US,D,20230301,000000,22.95,23.04,22.82,23.04,50536,0
IBHD.US,D,20230302,000000,22.91,22.989,22.77,22.94,54865,0
IBHD.US,D,20230303,000000,23,23.26,22.98,23.04,75326,0
IBHD.US,D,20230306,000000,23.05,23.11,22.9901,23.1,29853,0
IBHD.US,D,20230307,000000,23.05,23.24,22.95,22.95,66932,0
IBHD.US,D,20230308,000000,22.98,23.0099,22.95,22.96,175898,0
IBHD.US,D,20230309,000000,23.01,23.03,22.88,22.94,36048,0
IBHD.US,D,20230310,000000,22.92,23.0421,22.8,22.862,693585,0
IBHD.US,D,20230313,000000,22.93,23.0318,22.83,22.83,302922,0
IBHD.US,D,20230314,000000,22.89,23.015,22.8,22.96,150652,0
IBHD.US,D,20230315,000000,22.8,22.9492,22.8,22.87,118489,0
IBHD.US,D,20230316,000000,22.84,22.95,22.78,22.9,59633,0
IBHD.US,D,20230317,000000,22.87,22.89,22.77,22.79,72631,0
IBHD.US,D,20230320,000000,22.83,22.88,22.76,22.77,68927,0
IBHD.US,D,20230321,000000,22.91,22.91,22.8,22.9,90107,0
IBHD.US,D,20230322,000000,22.86,23,22.766,22.9,162549,0
IBHD.US,D,20230323,000000,23,23,22.8,22.8,106686,0
IBHD.US,D,20230324,000000,22.81,22.9,22.8,22.8,72709,0
IBHD.US,D,20230327,000000,22.85,22.85,22.75,22.815,55806,0
IBHD.US,D,20230328,000000,22.8,22.82,22.72,22.73,55174,0
IBHD.US,D,20230329,000000,22.75,22.9899,22.75,22.91,36786,0
IBHD.US,D,20230330,000000,22.94,23,22.88,23,78980,0
IBHD.US,D,20230331,000000,23,23.2,22.995,23.13,34716,0
IBHD.US,D,20230403,000000,22.97,23.03,22.77,22.96,68367,0
IBHD.US,D,20230404,000000,22.87,22.96,22.87,22.93,89846,0
IBHD.US,D,20230405,000000,22.94,23.01,22.88,22.9,28669,0
IBHD.US,D,20230406,000000,22.9,23.01,22.84,22.93,78197,0
IBHD.US,D,20230410,000000,22.9,22.965,22.87,22.94,35065,0
IBHD.US,D,20230411,000000,23,23,22.895,22.9286,76450,0
IBHD.US,D,20230412,000000,23,23.04,22.89,22.9,59333,0
IBHD.US,D,20230413,000000,22.9,23.059,22.89,23.005,56419,0
IBHD.US,D,20230414,000000,22.94,23.0023,22.89,22.925,35297,0
IBHD.US,D,20230417,000000,22.94,23.01,22.91,22.96,125561,0
IBHD.US,D,20230418,000000,22.97,23.12,22.95,22.955,30186,0
IBHD.US,D,20230419,000000,22.95,23,22.94,22.96,33318,0
IBHD.US,D,20230420,000000,22.91,23.07,22.8801,22.93,150924,0
IBHD.US,D,20230421,000000,22.95,23.06,22.9096,22.955,69429,0
IBHD.US,D,20230424,000000,22.93,23.065,22.91,22.98,45498,0
IBHD.US,D,20230425,000000,23.0216,23.049,22.92,22.96,117207,0
IBHD.US,D,20230426,000000,22.98,23.03,22.91,22.92,144540,0
IBHD.US,D,20230427,000000,22.94,23.0533,22.92,22.96,74910,0
IBHD.US,D,20230428,000000,23.025,23.155,22.96,23.02,60556,0
IBHD.US,D,20230501,000000,22.9,22.94,22.78,22.88,424391,0
IBHD.US,D,20230502,000000,22.81,22.92,22.8,22.83,246827,0
IBHD.US,D,20230503,000000,22.89,22.96,22.8196,22.87,259691,0
IBHD.US,D,20230504,000000,22.84,22.96,22.7566,22.78,133942,0
IBHD.US,D,20230505,000000,22.87,22.93,22.82,22.85,93096,0
IBHD.US,D,20230508,000000,22.82,22.98,22.82,22.87,220913,0
IBHD.US,D,20230509,000000,22.83,22.96,22.81,22.87,194964,0
IBHD.US,D,20230510,000000,22.93,22.99,22.88,22.93,141425,0
IBHD.US,D,20230511,000000,22.89,23.065,22.86,22.91,71416,0
IBHD.US,D,20230512,000000,22.9,23,22.8997,23,29107,0
IBHD.US,D,20230515,000000,22.92,22.95,22.84,22.91,40768,0
IBHD.US,D,20230516,000000,22.93,22.978,22.896,22.91,27653,0
IBHD.US,D,20230517,000000,22.92,22.9925,22.9,22.94,70341,0
IBHD.US,D,20230518,000000,22.93,22.99,22.88,22.97,33161,0
IBHD.US,D,20230519,000000,22.98,23.03,22.95,22.99,490483,0
IBHD.US,D,20230522,000000,23.02,23.1,23.0001,23.055,29986,0
IBHD.US,D,20230523,000000,23.054,23.054,22.96,23.0057,82407,0
IBHD.US,D,20230524,000000,23,23.02,22.91,22.945,77226,0
IBHD.US,D,20230525,000000,22.96,23,22.93,22.96,33983,0
IBHD.US,D,20230526,000000,22.92,23.1,22.92,23.06,66872,0
IBHD.US,D,20230530,000000,23.1,23.14,22.83,23.04,94270,0
IBHD.US,D,20230531,000000,23.08,23.08,22.97,23.06,72459,0
IBHD.US,D,20230601,000000,22.91,23.0562,22.88,22.93,172606,0
IBHD.US,D,20230602,000000,22.97,23.1399,22.9069,22.97,219616,0
IBHD.US,D,20230605,000000,23,23.02,22.888,23,106669,0
IBHD.US,D,20230606,000000,23.01,23.05,22.94,22.97,93926,0
IBHD.US,D,20230607,000000,22.98,23.0686,22.87,22.92,118190,0
IBHD.US,D,20230608,000000,22.98,23.04,22.9494,23.04,73284,0
IBHD.US,D,20230609,000000,23.03,23.0989,22.9276,22.94,462561,0
IBHD.US,D,20230612,000000,23.02,23.02,22.87,22.93,186686,0
IBHD.US,D,20230613,000000,23.01,23.12,22.95,22.99,604765,0
IBHD.US,D,20230614,000000,23.06,23.1099,22.9139,23,219052,0
IBHD.US,D,20230615,000000,23.01,23.17,23.01,23.05,229179,0
IBHD.US,D,20230616,000000,23.09,23.1199,23.02,23.05,574165,0
IBHD.US,D,20230620,000000,23.06,23.07,22.98,23,116582,0
IBHD.US,D,20230621,000000,23.03,23.08,22.9667,22.97,204900,0
IBHD.US,D,20230622,000000,23.04,23.07,22.97,23.01,199975,0
IBHD.US,D,20230623,000000,23.01,23.0315,22.97,22.97,166561,0
IBHD.US,D,20230626,000000,22.96,23.0875,22.96,23.02,386433,0
IBHD.US,D,20230627,000000,23.06,23.12,22.9792,23.02,474647,0
IBHD.US,D,20230628,000000,23.07,23.0983,23,23.05,182515,0
IBHD.US,D,20230629,000000,23.05,23.08,23.01,23.03,40044,0
IBHD.US,D,20230630,000000,23.06,23.2,23.04,23.08,273055,0
IBHD.US,D,20230703,000000,22.99,23.015,22.94,22.9606,65848,0
IBHD.US,D,20230705,000000,22.98,22.99,22.87,22.96,238265,0
IBHD.US,D,20230706,000000,22.95,22.98,22.87,22.935,242726,0
IBHD.US,D,20230707,000000,22.98,23.0181,22.91,22.91,317330,0
IBHD.US,D,20230710,000000,22.97,23.08,22.95,22.96,197126,0
IBHD.US,D,20230711,000000,23,23.075,22.98,22.99,153019,0
IBHD.US,D,20230712,000000,23.04,23.13,23.0037,23.08,173753,0
IBHD.US,D,20230713,000000,23.07,23.1665,23.07,23.1,154978,0
IBHD.US,D,20230714,000000,23.12,23.125,23.02,23.03,167106,0
IBHD.US,D,20230717,000000,23.03,23.09,23.02,23.06,195222,0
IBHD.US,D,20230718,000000,23.11,23.11,23.07,23.09,109805,0
IBHD.US,D,20230719,000000,23.13,23.149,23.08,23.11,209947,0
IBHD.US,D,20230720,000000,23.08,23.08,23.03,23.07,91764,0
IBHD.US,D,20230721,000000,23.12,23.12,23.06,23.12,105471,0
IBHD.US,D,20230724,000000,23.15,23.16,23.1201,23.14,50990,0
IBHD.US,D,20230725,000000,23.13,23.155,23.0801,23.14,351242,0
IBHD.US,D,20230726,000000,23.12,23.2,23.1,23.15,122592,0
IBHD.US,D,20230727,000000,23.2,23.23,23.06,23.08,121641,0
IBHD.US,D,20230728,000000,23.15,23.195,23.0801,23.17,170899,0
IBHD.US,D,20230731,000000,23.17,23.18,23.1401,23.18,64136,0
IBHD.US,D,20230801,000000,23.03,23.0363,23.01,23.03,95452,0
IBHD.US,D,20230802,000000,22.99,22.99,22.94,22.98,162508,0
IBHD.US,D,20230803,000000,22.96,23.026,22.9301,22.97,150042,0
IBHD.US,D,20230804,000000,22.99,23.09,22.99,23.07,137120,0
IBHD.US,D,20230807,000000,23.07,23.085,23.015,23.06,1179331,0
IBHD.US,D,20230808,000000,23.05,23.1,23.0301,23.1,49604,0
IBHD.US,D,20230809,000000,23.04,23.1102,23.04,23.09,209303,0
IBHD.US,D,20230810,000000,23.07,23.12,23.04,23.11,828151,0
IBHD.US,D,20230811,000000,23.01,23.09,23.01,23.09,39245,0
IBHD.US,D,20230814,000000,23.08,23.16,23.08,23.16,62727,0
IBHD.US,D,20230815,000000,23.09,23.13,23.0508,23.06,133831,0
IBHD.US,D,20230816,000000,23.05,23.1302,23.037,23.055,259133,0
IBHD.US,D,20230817,000000,23.0682,23.1,23.02,23.07,106280,0
IBHD.US,D,20230818,000000,23.05,23.09,23.035,23.05,140006,0
IBHD.US,D,20230821,000000,23.1,23.1,23.0526,23.09,59506,0
IBHD.US,D,20230822,000000,23.1,23.115,23.08,23.1,107841,0
IBHD.US,D,20230823,000000,23.128,23.175,23.115,23.175,112356,0
IBHD.US,D,20230824,000000,23.16,23.1878,23.12,23.12,108199,0
IBHD.US,D,20230825,000000,23.11,23.1398,23.1,23.11,169711,0
IBHD.US,D,20230828,000000,23.2,23.2,23.1301,23.15,111241,0
IBHD.US,D,20230829,000000,23.18,23.22,23.1501,23.22,136986,0
IBHD.US,D,20230830,000000,23.23,23.24,23.18,23.24,71968,0
IBHD.US,D,20230831,000000,23.18,23.25,23.18,23.21,49608,0
IBHD.US,D,20230901,000000,23.1,23.13,23.08,23.1,81426,0
IBHD.US,D,20230905,000000,23.13,23.13,23.08,23.1,109863,0
IBHD.US,D,20230906,000000,23.07,23.07,23.05,23.06,76399,0
IBHD.US,D,20230907,000000,23.06,23.13,23.06,23.13,149307,0
IBHD.US,D,20230908,000000,23.13,23.14,23.11,23.14,55574,0
IBHD.US,D,20230911,000000,23.14,23.155,23.1,23.14,315925,0
IBHD.US,D,20230912,000000,23.1,23.14,23.1,23.12,90615,0
IBHD.US,D,20230913,000000,23.14,23.15,23.12,23.15,51881,0
IBHD.US,D,20230914,000000,23.15,23.24,23.145,23.23,149299,0
IBHD.US,D,20230915,000000,23.16,23.21,23.15,23.2,48219,0
IBHD.US,D,20230918,000000,23.2,23.2196,23.16,23.18,77000,0
IBHD.US,D,20230919,000000,23.21,23.24,23.1767,23.19,108610,0
IBHD.US,D,20230920,000000,23.23,23.23,23.155,23.16,347801,0
IBHD.US,D,20230921,000000,23.14,23.1999,23.1319,23.18,115998,0
IBHD.US,D,20230922,000000,23.16,23.2,23.14,23.16,113589,0
IBHD.US,D,20230925,000000,23.16,23.1969,23.13,23.13,105062,0
IBHD.US,D,20230926,000000,23.16,23.2,23.1348,23.18,137944,0
IBHD.US,D,20230927,000000,23.18,23.2,23.1301,23.18,100098,0
IBHD.US,D,20230928,000000,23.18,23.23,23.18,23.23,194687,0
IBHD.US,D,20230929,000000,23.23,23.26,23.2,23.2,98950,0
IBHD.US,D,20231002,000000,23.08,23.1,23,23.1,150540,0
IBHD.US,D,20231003,000000,23.03,23.0583,23,23,90543,0
IBHD.US,D,20231004,000000,23.04,23.06,23.01,23.04,85653,0
IBHD.US,D,20231005,000000,23.05,23.1199,23.0028,23.06,71099,0
IBHD.US,D,20231006,000000,23.01,23.0981,23.01,23.075,282844,0
IBHD.US,D,20231009,000000,23.06,23.09,23.0309,23.08,42211,0
IBHD.US,D,20231010,000000,23.09,23.16,23.01,23.14,159970,0
IBHD.US,D,20231011,000000,23.17,23.2019,23.0892,23.17,56213,0
IBHD.US,D,20231012,000000,23.17,23.17,23.0566,23.075,129394,0
IBHD.US,D,20231013,000000,23.14,23.1499,23.04,23.04,344679,0
IBHD.US,D,20231016,000000,23.1,23.1892,23.06,23.15,134070,0
IBHD.US,D,20231017,000000,23.1,23.1499,23.01,23.055,131227,0
IBHD.US,D,20231018,000000,23.05,23.1384,23.02,23.035,139297,0
IBHD.US,D,20231019,000000,23.065,23.12,22.99,23.02,124464,0
IBHD.US,D,20231020,000000,23.08,23.125,23.01,23.08,293087,0
IBHD.US,D,20231023,000000,23.07,23.1592,23.025,23.09,172358,0
IBHD.US,D,20231024,000000,23.12,23.16,23.0315,23.07,144395,0
IBHD.US,D,20231025,000000,23.1,23.1399,23,23.08,48545,0
IBHD.US,D,20231026,000000,23.1,23.36,23.02,23.07,191683,0
IBHD.US,D,20231027,000000,23.13,23.2,23,23.09,93885,0
IBHD.US,D,20231030,000000,23.09,23.18,23.09,23.11,81825,0
IBHD.US,D,20231031,000000,23.13,23.17,23.1,23.15,174632,0
IBHD.US,D,20231101,000000,23.02,23.0685,22.97,23.05,117245,0
IBHD.US,D,20231102,000000,23.1,23.1,23,23,230790,0
IBHD.US,D,20231103,000000,23.1,23.16,23.01,23.09,72084,0
IBHD.US,D,20231106,000000,23.1,23.14,23.01,23.03,113544,0
IBHD.US,D,20231107,000000,23.07,23.0799,23.03,23.03,206726,0
IBHD.US,D,20231108,000000,23.04,23.12,23.03,23.0637,121737,0
IBHD.US,D,20231109,000000,23.06,23.1,23.01,23.02,86880,0
IBHD.US,D,20231110,000000,23.09,23.09,23.02,23.06,84139,0
IBHD.US,D,20231113,000000,23.07,23.17,23.07,23.13,587772,0
IBHD.US,D,20231114,000000,23.18,23.1999,23.07,23.105,214228,0
IBHD.US,D,20231115,000000,23.08,23.19,23.0608,23.1,483223,0
IBHD.US,D,20231116,000000,23.18,23.18,23.105,23.13,226270,0
IBHD.US,D,20231117,000000,23.15,23.16,23.1,23.1591,92193,0
IBHD.US,D,20231120,000000,23.19,23.2,23.15,23.17,1034825,0
IBHD.US,D,20231121,000000,23.2,23.2499,23.1371,23.2,262578,0
IBHD.US,D,20231122,000000,23.16,23.26,23.15,23.26,201447,0
IBHD.US,D,20231124,000000,23.28,23.28,23.2001,23.201,11932,0
IBHD.US,D,20231127,000000,23.21,23.27,23.21,23.24,114333,0
IBHD.US,D,20231128,000000,23.235,23.82,23.22,23.26,510522,0
IBHD.US,D,20231129,000000,23.27,23.2999,23.23,23.24,523551,0
IBHD.US,D,20231130,000000,23.29,23.37,23.2301,23.3,231623,0
IBHD.US,D,20231201,000000,23.15,23.2699,23.1101,23.16,496306,0
IBHD.US,D,20231204,000000,23.23,23.23,23.11,23.2,204964,0
IBHD.US,D,20231205,000000,23.12,23.1995,23.12,23.16,214386,0
IBHD.US,D,20231206,000000,23.1799,23.2,23.125,23.13,90284,0
IBHD.US,D,20231207,000000,23.13,23.2254,23.1201,23.14,239362,0
IBHD.US,D,20231208,000000,23.25,23.2586,23.16,23.19,78727,0
IBHD.US,D,20231211,000000,23.23,23.25,23.14,23.14,259893,0
IBHD.US,D,20231212,000000,23.15,23.22,23.15,23.2,96970,0
IBHD.US,D,20231213,000000,23.17,23.33,23.17,23.27,118364,0
IBHD.US,D,20231214,000000,23.27,23.3799,23.12,23.14,258085,0
IBHD.US,D,20231215,000000,23.13,23.1799,23.0915,23.17,226266,0
IBHD.US,D,20231218,000000,23.17,23.23,23.07,23.13,268700,0
IBHD.US,D,20231219,000000,23.19,23.19,23.1001,23.13,55059,0
IBHD.US,D,20231220,000000,23.17,23.23,23.14,23.2,175470,0
IBHD.US,D,20231221,000000,23.21,23.2495,23.15,23.17,239945,0
IBHD.US,D,20231222,000000,23.21,23.26,23.15,23.18,117651,0
IBHD.US,D,20231226,000000,23.2,23.27,23.18,23.18,324451,0
IBHD.US,D,20231227,000000,23.24,23.26,23.1901,23.22,348405,0
IBHD.US,D,20231228,000000,23.25,23.265,23.1801,23.19,138402,0
IBHD.US,D,20231229,000000,23.21,23.2699,23.1925,23.21,154844,0
IBHD.US,D,20240102,000000,23.22,23.2693,23.1573,23.2,161892,0
IBHD.US,D,20240103,000000,23.2,23.2451,23.17,23.2,123757,0
IBHD.US,D,20240104,000000,23.17,23.2429,23.17,23.21,142926,0
IBHD.US,D,20240105,000000,23.16,23.2463,23.1201,23.18,442816,0
IBHD.US,D,20240108,000000,23.16,23.235,23.16,23.235,305556,0
IBHD.US,D,20240109,000000,23.2,23.25,23.19,23.21,160696,0
IBHD.US,D,20240110,000000,23.25,23.2682,23.2301,23.24,101256,0
IBHD.US,D,20240111,000000,23.29,23.3,23.25,23.27,59582,0
IBHD.US,D,20240112,000000,23.32,23.32,23.2299,23.25,228652,0
IBHD.US,D,20240116,000000,23.28,23.28,23.205,23.22,139542,0
IBHD.US,D,20240117,000000,23.21,23.3099,23.21,23.24,76680,0
IBHD.US,D,20240118,000000,23.28,23.34,23.27,23.27,174168,0
IBHD.US,D,20240119,000000,23.34,23.34,23.2701,23.32,86317,0
IBHD.US,D,20240122,000000,23.33,23.33,23.3,23.3,97091,0
IBHD.US,D,20240123,000000,23.27,23.335,23.27,23.3,95845,0
IBHD.US,D,20240124,000000,23.34,23.34,23.2421,23.32,76506,0
IBHD.US,D,20240125,000000,23.3378,23.34,23.32,23.33,73493,0
IBHD.US,D,20240126,000000,23.27,23.37,23.27,23.37,60849,0
IBHD.US,D,20240129,000000,23.36,23.4,23.3,23.37,154422,0
IBHD.US,D,20240130,000000,23.35,23.38,23.34,23.37,379435,0
IBHD.US,D,20240131,000000,23.32,23.4,23.32,23.38,216467,0
IBHD.US,D,20240201,000000,23.2,23.3499,23.2,23.24,175940,0
IBHD.US,D,20240202,000000,23.22,23.28,23.22,23.22,102158,0
IBHD.US,D,20240205,000000,23.25,23.2796,23.21,23.27,137629,0
IBHD.US,D,20240206,000000,23.22,23.278,23.22,23.23,69556,0
IBHD.US,D,20240207,000000,23.29,23.3,23.2301,23.25,76998,0
IBHD.US,D,20240208,000000,23.31,23.31,23.2507,23.27,132486,0
IBHD.US,D,20240209,000000,23.23,23.326,23.23,23.28,149020,0
IBHD.US,D,20240212,000000,23.32,23.32,23.26,23.26,182057,0
IBHD.US,D,20240213,000000,23.23,23.31,23.23,23.2401,132763,0
IBHD.US,D,20240214,000000,23.23,23.33,23.23,23.26,65560,0
IBHD.US,D,20240215,000000,23.24,23.32,23.24,23.29,168114,0
IBHD.US,D,20240216,000000,23.24,23.3283,23.21,23.3,108848,0
IBHD.US,D,20240220,000000,23.32,23.33,23.28,23.301,96606,0
IBHD.US,D,20240221,000000,23.32,23.3499,23.28,23.34,76244,0
IBHD.US,D,20240222,000000,23.34,23.35,23.3001,23.321,52060,0
IBHD.US,D,20240223,000000,23.36,23.36,23.2927,23.34,68567,0
IBHD.US,D,20240226,000000,23.3,23.35,23.25,23.26,138796,0
IBHD.US,D,20240227,000000,23.3,23.3298,23.2331,23.27,179124,0
IBHD.US,D,20240228,000000,23.33,23.33,23.24,23.29,131093,0
IBHD.US,D,20240229,000000,23.34,23.37,23.27,23.3,136611,0
IBHD.US,D,20240301,000000,23.23,23.2798,23.15,23.25,212784,0
IBHD.US,D,20240304,000000,23.25,23.2587,23.14,23.175,141555,0
IBHD.US,D,20240305,000000,23.2,23.25,23.1853,23.23,143419,0
IBHD.US,D,20240306,000000,23.32,23.32,23.17,23.23,127355,0
IBHD.US,D,20240307,000000,23.32,23.32,23.15,23.27,262982,0
IBHD.US,D,20240308,000000,23.24,23.2696,23.19,23.2,196722,0
IBHD.US,D,20240311,000000,23.28,23.28,23.22,23.23,102945,0
IBHD.US,D,20240312,000000,23.23,23.26,23.2,23.21,110760,0
IBHD.US,D,20240313,000000,23.2,23.28,23.18,23.28,113339,0
IBHD.US,D,20240314,000000,23.22,23.267,23.04,23.16,737220,0
IBHD.US,D,20240315,000000,23.25,23.2596,23.2001,23.22,83578,0
IBHD.US,D,20240318,000000,23.24,23.26,23.21,23.22,104714,0
IBHD.US,D,20240319,000000,23.23,23.2879,23.23,23.26,83124,0
IBHD.US,D,20240320,000000,23.23,23.3,23.23,23.27,53718,0
IBHD.US,D,20240321,000000,23.27,23.32,23.26,23.27,872453,0
IBHD.US,D,20240322,000000,23.28,23.3,23.25,23.25,145450,0
IBHD.US,D,20240325,000000,23.25,23.3,23.25,23.29,47011,0
IBHD.US,D,20240326,000000,23.31,23.31,23.27,23.29,50626,0
IBHD.US,D,20240327,000000,23.32,23.32,23.29,23.3,86616,0
IBHD.US,D,20240328,000000,23.31,23.32,23.31,23.315,88740,0
IBHD.US,D,20240401,000000,23.19,23.21,23.18,23.18,149733,0
IBHD.US,D,20240402,000000,23.18,23.1987,23.17,23.19,78837,0
IBHD.US,D,20240403,000000,23.16,23.2,23.15,23.2,126505,0
IBHD.US,D,20240404,000000,23.2,23.22,23.195,23.2,84155,0
IBHD.US,D,20240405,000000,23.24,23.24,23.18,23.2,88322,0
IBHD.US,D,20240408,000000,23.25,23.25,23.2,23.22,99185,0
IBHD.US,D,20240409,000000,23.18,23.23,23.18,23.23,45602,0
IBHD.US,D,20240410,000000,23.21,23.23,23.1999,23.22,114414,0
IBHD.US,D,20240411,000000,23.25,23.25,23.21,23.21,102323,0
IBHD.US,D,20240412,000000,23.21,23.22,23.2,23.22,94092,0
IBHD.US,D,20240415,000000,23.24,23.24,23.2,23.22,351984,0
IBHD.US,D,20240416,000000,23.25,23.25,23.21,23.23,1146260,0
IBHD.US,D,20240417,000000,23.23,23.25,23.2,23.23,281197,0
IBHD.US,D,20240418,000000,23.19,23.24,23.17,23.19,434281,0
IBHD.US,D,20240419,000000,23.23,23.25,23.23,23.24,60443,0
IBHD.US,D,20240422,000000,23.25,23.26,23.2102,23.26,390432,0
IBHD.US,D,20240423,000000,23.3,23.3,23.25,23.27,249214,0
IBHD.US,D,20240424,000000,23.27,23.27,23.25,23.27,83040,0
IBHD.US,D,20240425,000000,23.28,23.28,23.23,23.26,47909,0
IBHD.US,D,20240426,000000,23.24,23.27,23.24,23.26,109421,0
IBHD.US,D,20240429,000000,23.29,23.29,23.24,23.24,136258,0
IBHD.US,D,20240430,000000,23.25,23.2699,23.24,23.25,155428,0
IBHD.US,D,20240501,000000,23.16,23.16,23.14,23.14,114728,0
IBHD.US,D,20240502,000000,23.18,23.18,23.15,23.165,119035,0
IBHD.US,D,20240503,000000,23.2,23.2,23.17,23.18,74805,0
IBHD.US,D,20240506,000000,23.16,23.2,23.16,23.18,348938,0
IBHD.US,D,20240507,000000,23.2,23.21,23.18,23.19,538752,0
IBHD.US,D,20240508,000000,23.21,23.21,23.2,23.2,119282,0
IBHD.US,D,20240509,000000,23.21,23.2122,23.19,23.19,142289,0
IBHD.US,D,20240510,000000,23.22,23.22,23.19,23.2098,162579,0
IBHD.US,D,20240513,000000,23.19,23.21,23.19,23.2,83542,0
IBHD.US,D,20240514,000000,23.22,23.22,23.21,23.21,41117,0
IBHD.US,D,20240515,000000,23.26,23.26,23.21,23.22,104226,0
IBHD.US,D,20240516,000000,23.19,23.24,23.19,23.23,144809,0
IBHD.US,D,20240517,000000,23.26,23.26,23.23,23.24,100932,0
IBHD.US,D,20240520,000000,23.26,23.26,23.23,23.25,151555,0
IBHD.US,D,20240521,000000,23.24,23.26,23.23,23.235,448215,0
IBHD.US,D,20240522,000000,23.23,23.25,23.23,23.245,61730,0
IBHD.US,D,20240523,000000,23.27,23.27,23.25,23.26,89904,0
IBHD.US,D,20240524,000000,23.2644,23.28,23.26,23.265,58007,0
IBHD.US,D,20240528,000000,23.3,23.3,23.24,23.25,122937,0
IBHD.US,D,20240529,000000,23.24,23.27,23.24,23.27,217123,0
IBHD.US,D,20240530,000000,23.3,23.3,23.2599,23.27,62708,0
IBHD.US,D,20240531,000000,23.25,23.29,23.25,23.28,56051,0
IBHD.US,D,20240603,000000,23.15,23.1813,23.15,23.16,69660,0
IBHD.US,D,20240604,000000,23.15,23.19,23.15,23.17,100587,0
IBHD.US,D,20240605,000000,23.2,23.2,23.15,23.18,224890,0
IBHD.US,D,20240606,000000,23.16,23.19,23.16,23.17,231059,0
IBHD.US,D,20240607,000000,23.19,23.19,23.15,23.15,214072,0
IBHD.US,D,20240610,000000,23.16,23.21,23.16,23.17,194528,0
IBHD.US,D,20240611,000000,23.17,23.2,23.15,23.16,167305,0
IBHD.US,D,20240612,000000,23.2,23.2089,23.18,23.18,77560,0
IBHD.US,D,20240613,000000,23.18,23.2,23.17,23.18,232157,0
IBHD.US,D,20240614,000000,23.18,23.2,23.1417,23.18,120301,0
IBHD.US,D,20240617,000000,23.22,23.22,23.18,23.19,65817,0
IBHD.US,D,20240618,000000,23.19,23.21,23.17,23.18,214222,0
IBHD.US,D,20240620,000000,23.23,23.23,23.18,23.22,207410,0
IBHD.US,D,20240621,000000,23.23,23.23,23.2001,23.21,92424,0
IBHD.US,D,20240624,000000,23.23,23.2371,23.21,23.21,71883,0
IBHD.US,D,20240625,000000,23.23,23.23,23.2,23.2,97913,0
IBHD.US,D,20240626,000000,23.19,23.2299,23.19,23.21,93261,0
IBHD.US,D,20240627,000000,23.21,23.23,23.17,23.2,208527,0
IBHD.US,D,20240628,000000,23.24,23.25,23.2238,23.24,46560,0
IBHD.US,D,20240701,000000,23.15,23.15,23.122,23.13,67463,0
IBHD.US,D,20240702,000000,23.13,23.1691,23.13,23.13,59303,0
IBHD.US,D,20240703,000000,23.12,23.15,23.12,23.12,145756,0
IBHD.US,D,20240705,000000,23.16,23.1799,23.14,23.14,71725,0
IBHD.US,D,20240708,000000,23.17,23.17,23.14,23.17,49301,0
IBHD.US,D,20240709,000000,23.18,23.18,23.15,23.15,65253,0
IBHD.US,D,20240710,000000,23.16,23.17,23.16,23.16,66455,0
IBHD.US,D,20240711,000000,23.16,23.1837,23.15,23.15,136351,0
IBHD.US,D,20240712,000000,23.16,23.18,23.15,23.17,71423,0
IBHD.US,D,20240715,000000,23.18,23.18,23.17,23.17,133423,0
IBHD.US,D,20240716,000000,23.17,23.1999,23.17,23.17,93134,0
IBHD.US,D,20240717,000000,23.18,23.19,23.18,23.19,39274,0
IBHD.US,D,20240718,000000,23.19,23.19,23.17,23.17,279965,0
IBHD.US,D,20240719,000000,23.17,23.2,23.17,23.185,42681,0
IBHD.US,D,20240722,000000,23.17,23.2,23.17,23.17,163189,0
IBHD.US,D,20240723,000000,23.16,23.2,23.16,23.18,200903,0
IBHD.US,D,20240724,000000,23.2,23.2,23.17,23.17,128352,0
IBHD.US,D,20240725,000000,23.16,23.21,23.16,23.2,79029,0
IBHD.US,D,20240726,000000,23.22,23.23,23.19,23.23,176302,0
IBHD.US,D,20240729,000000,23.25,23.25,23.21,23.22,95038,0
IBHD.US,D,20240730,000000,23.25,23.25,23.22,23.23,54857,0
IBHD.US,D,20240731,000000,23.249,23.25,23.23,23.23,62980,0
IBHD.US,D,20240801,000000,23.1,23.13,23.1,23.11,61541,0
IBHD.US,D,20240802,000000,23.1,23.14,23.1,23.13,259011,0
IBHD.US,D,20240805,000000,23.1,23.13,23.08,23.12,148703,0
IBHD.US,D,20240806,000000,23.13,23.1499,23.12,23.12,320314,0
IBHD.US,D,20240807,000000,23.13,23.16,23.12,23.13,123739,0
IBHD.US,D,20240808,000000,23.14,23.17,23.12,23.14,437955,0
IBHD.US,D,20240809,000000,23.13,23.18,23.13,23.17,125481,0
IBHD.US,D,20240812,000000,23.18,23.2,23.17,23.18,247182,0
IBHD.US,D,20240813,000000,23.18,23.2,23.18,23.19,71902,0
IBHD.US,D,20240814,000000,23.18,23.2199,23.18,23.21,31386,0
IBHD.US,D,20240815,000000,23.19,23.2199,23.19,23.2,102719,0
IBHD.US,D,20240816,000000,23.23,23.24,23.21,23.24,61277,0
IBHD.US,D,20240819,000000,23.24,23.24,23.21,23.21,62862,0
IBHD.US,D,20240820,000000,23.235,23.235,23.21,23.21,124926,0
IBHD.US,D,20240821,000000,23.25,23.25,23.21,23.23,125965,0
IBHD.US,D,20240822,000000,23.24,23.24,23.22,23.22,47090,0
IBHD.US,D,20240823,000000,23.26,23.26,23.23,23.24,45860,0
IBHD.US,D,20240826,000000,23.22,23.255,23.22,23.22,64877,0
IBHD.US,D,20240827,000000,23.21,23.25,23.21,23.23,64674,0
IBHD.US,D,20240828,000000,23.26,23.26,23.23,23.24,135013,0
IBHD.US,D,20240829,000000,23.28,23.28,23.25,23.27,48579,0
IBHD.US,D,20240830,000000,23.275,23.28,23.26,23.275,43843,0
IBHD.US,D,20240903,000000,23.18,23.18,23.15,23.15,406954,0
IBHD.US,D,20240904,000000,23.15,23.1863,23.15,23.17,65307,0
IBHD.US,D,20240905,000000,23.2,23.2,23.17,23.19,856496,0
IBHD.US,D,20240906,000000,23.21,23.2137,23.18,23.19,168125,0
IBHD.US,D,20240909,000000,23.21,23.21,23.19,23.2,67294,0
IBHD.US,D,20240910,000000,23.21,23.21,23.19,23.2,32752,0
IBHD.US,D,20240911,000000,23.18,23.22,23.18,23.22,87881,0
IBHD.US,D,20240912,000000,23.215,23.22,23.21,23.21,86230,0
IBHD.US,D,20240913,000000,23.22,23.2399,23.21,23.22,76252,0
IBHD.US,D,20240916,000000,23.2,23.24,23.2,23.225,89642,0
IBHD.US,D,20240917,000000,23.2,23.24,23.2,23.23,112280,0
IBHD.US,D,20240918,000000,23.21,23.275,23.21,23.24,52178,0
IBHD.US,D,20240919,000000,23.23,23.26,23.22,23.22,206430,0
IBHD.US,D,20240920,000000,23.22,23.27,23.22,23.25,60528,0
IBHD.US,D,20240923,000000,23.26,23.27,23.25,23.25,128115,0
IBHD.US,D,20240924,000000,23.27,23.27,23.25,23.26,62858,0
IBHD.US,D,20240925,000000,23.28,23.28,23.26,23.27,61019,0
IBHD.US,D,20240926,000000,23.27,23.28,23.27,23.27,101026,0
IBHD.US,D,20240927,000000,23.27,23.3,23.27,23.29,56016,0
IBHD.US,D,20240930,000000,23.295,23.31,23.28,23.29,86090,0
IBHD.US,D,20241001,000000,23.17,23.21,23.17,23.19,54426,0
IBHD.US,D,20241002,000000,23.17,23.2087,23.17,23.19,42965,0
IBHD.US,D,20241003,000000,23.2,23.215,23.19,23.19,34814,0
IBHD.US,D,20241004,000000,23.22,23.22,23.1849,23.21,71194,0
IBHD.US,D,20241007,000000,23.22,23.22,23.19,23.21,67080,0
IBHD.US,D,20241008,000000,23.21,23.22,23.195,23.2,161611,0
IBHD.US,D,20241009,000000,23.19,23.22,23.19,23.21,65499,0
IBHD.US,D,20241010,000000,23.22,23.22,23.21,23.21,136166,0
IBHD.US,D,20241011,000000,23.2,23.2347,23.2,23.23,35134,0
IBHD.US,D,20241014,000000,23.21,23.24,23.21,23.23,43240,0
IBHD.US,D,20241015,000000,23.25,23.25,23.23,23.24,116348,0
IBHD.US,D,20241016,000000,23.22,23.24,23.22,23.22,34329,0
IBHD.US,D,20241017,000000,23.24,23.24,23.23,23.23,415087,0
IBHD.US,D,20241018,000000,23.26,23.26,23.24,23.24,60779,0
IBHD.US,D,20241021,000000,23.25,23.26,23.24,23.26,309338,0
IBHD.US,D,20241022,000000,23.24,23.27,23.24,23.27,68993,0
IBHD.US,D,20241023,000000,23.25,23.27,23.23,23.27,55959,0
IBHD.US,D,20241024,000000,23.28,23.28,23.25,23.25,101264,0
IBHD.US,D,20241025,000000,23.2,23.28,23.2,23.24,70169,0
IBHD.US,D,20241028,000000,23.23,23.2799,23.23,23.26,76255,0
IBHD.US,D,20241029,000000,23.26,23.27,23.26,23.26,97739,0
IBHD.US,D,20241030,000000,23.25,23.28,23.25,23.26,72025,0
IBHD.US,D,20241031,000000,23.25,23.28,23.25,23.27,213318,0
IBHD.US,D,20241101,000000,23.17,23.1895,23.16,23.17,33563,0
IBHD.US,D,20241104,000000,23.16,23.18,23.16,23.17,242817,0
IBHD.US,D,20241105,000000,23.19,23.2,23.17,23.2,47951,0
IBHD.US,D,20241106,000000,23.24,23.24,23.19,23.195,103881,0
IBHD.US,D,20241107,000000,23.17,23.2,23.17,23.2,141351,0
IBHD.US,D,20241108,000000,23.18,23.22,23.18,23.2,117838,0
IBHD.US,D,20241111,000000,23.2,23.22,23.2,23.205,92425,0
IBHD.US,D,20241112,000000,23.21,23.24,23.2,23.2,55614,0
IBHD.US,D,20241113,000000,23.21,23.22,23.18,23.2,45984,0
IBHD.US,D,20241114,000000,23.22,23.23,23.2,23.2,91255,0
IBHD.US,D,20241115,000000,23.22,23.24,23.21,23.23,91850,0
IBHD.US,D,20241118,000000,23.24,23.25,23.21,23.22,86643,0
IBHD.US,D,20241119,000000,23.22,23.25,23.21,23.24,335924,0
IBHD.US,D,20241120,000000,23.24,23.25,23.22,23.24,67911,0
IBHD.US,D,20241121,000000,23.25,23.25,23.22,23.2428,399275,0
IBHD.US,D,20241122,000000,23.25,23.26,23.23,23.25,49732,0
IBHD.US,D,20241125,000000,23.26,23.26,23.24,23.255,68491,0
IBHD.US,D,20241126,000000,23.2605,23.27,23.2301,23.245,164349,0
IBHD.US,D,20241127,000000,23.29,23.29,23.255,23.26,40591,0
IBHD.US,D,20241129,000000,23.28,23.28,23.26,23.275,11821,0
IBHD.US,D,20241202,000000,23.19,23.22,23.167,23.19,178024,0
IBHD.US,D,20241203,000000,23.19,23.2027,23.17,23.17,89386,0
IBHD.US,D,20241204,000000,23.17,23.2,23.16,23.18,88508,0
IBHD.US,D,20241205,000000,23.2,23.2,23.18,23.18,154796,0
IBHD.US,D,20241206,000000,23.21,23.21,23.17,23.2,111782,0
IBHD.US,D,20241209,000000,23.2,23.2089,23.19,23.19,115067,0
IBHD.US,D,20241210,000000,23.2,23.2175,23.18,23.19,103007,0
IBHD.US,D,20241211,000000,23.21,23.21,23.19,23.195,359480,0
IBHD.US,D,20241212,000000,23.14,23.2153,23.14,23.2,273468,0
IBHD.US,D,20241213,000000,23.21,23.225,23.19,23.22,259756,0
IBHD.US,D,20241216,000000,23.24,23.24,23.2,23.22,98813,0
