<TICKER>,<PER>,<DATE>,<TIME>,<OPEN>,<HIGH>,<LOW>,<CLOSE>,<VOL>,<OPENINT>
INNO.US,D,20211203,000000,20.17,20.17,19.6731,19.7319,131487,0
INNO.US,D,20211206,000000,19.65,19.85,19.45,19.8,4098,0
INNO.US,D,20211207,000000,20.4644,20.67,20.45,20.5202,1588,0
INNO.US,D,20211208,000000,20.565,20.91,20.565,20.8752,2330,0
INNO.US,D,20211209,000000,20.84,20.84,20.26,20.2621,11309,0
INNO.US,D,20211210,000000,20.43,20.43,20.1147,20.1147,2074,0
INNO.US,D,20211213,000000,19.9101,19.94,19.78,19.85,6931,0
INNO.US,D,20211214,000000,19.5,19.5,19.36,19.4299,664,0
INNO.US,D,20211215,000000,19.23,19.7768,19.085,19.7768,6869,0
INNO.US,D,20211216,000000,19.95,19.95,19.1721,19.1871,27115,0
INNO.US,D,20211217,000000,19.01,19.3612,19,19.3612,768,0
INNO.US,D,20211220,000000,19.09,19.16,18.96,19.0413,7773,0
INNO.US,D,20211221,000000,19.22,19.629,19.2,19.629,280,0
INNO.US,D,20211222,000000,19.7,19.79,19.68,19.7837,1986,0
INNO.US,D,20211223,000000,20.0614,20.0614,20.0614,20.0614,145,0
INNO.US,D,20211227,000000,20.1501,20.1729,20.1501,20.1729,467,0
INNO.US,D,20211228,000000,20.05,20.18,19.9395,19.9395,3483,0
INNO.US,D,20211229,000000,19.8169,19.9,19.8169,19.8688,284,0
INNO.US,D,20211230,000000,19.9698,19.9698,19.9698,19.9698,42,0
INNO.US,D,20211231,000000,19.955,19.955,19.7909,19.7909,685,0
INNO.US,D,20220103,000000,19.93,19.93,19.9288,19.9288,113,0
INNO.US,D,20220104,000000,19.37,19.4,19.37,19.3745,1657,0
INNO.US,D,20220105,000000,18.9597,18.9597,18.5123,18.5123,575,0
INNO.US,D,20220106,000000,18.44,18.64,18.44,18.5185,1372,0
INNO.US,D,20220107,000000,18.639,18.7,18.1967,18.1967,15004,0
INNO.US,D,20220110,000000,17.93,18.1283,17.93,18.1283,150,0
INNO.US,D,20220111,000000,18.12,18.5,18.12,18.475,1039,0
INNO.US,D,20220112,000000,18.68,18.6861,18.5191,18.53,4980,0
INNO.US,D,20220113,000000,18.61,18.61,17.7977,17.7977,2483,0
INNO.US,D,20220114,000000,17.71,17.9399,17.71,17.9399,15920,0
INNO.US,D,20220118,000000,17.82,17.82,17.2907,17.2907,387,0
INNO.US,D,20220119,000000,17.35,17.6,17.1374,17.1374,7673,0
INNO.US,D,20220120,000000,17.21,17.21,16.8596,16.8596,1011,0
INNO.US,D,20220121,000000,16.84,17.25,16.24,16.28,25593,0
INNO.US,D,20220124,000000,15.9,16.4842,15.31,16.4842,10038,0
INNO.US,D,20220125,000000,16.21,16.21,15.99,15.99,917,0
INNO.US,D,20220126,000000,16.45,16.45,15.8131,15.8131,304,0
INNO.US,D,20220127,000000,15.67,15.67,15.5503,15.5503,981,0
INNO.US,D,20220128,000000,15.89,16.0431,15.8284,16.0431,1950,0
INNO.US,D,20220131,000000,16.82,16.9262,16.82,16.9262,665,0
INNO.US,D,20220201,000000,17.09,17.1712,16.72,17.1712,2203,0
INNO.US,D,20220202,000000,16.8414,16.8414,16.8414,16.8414,249,0
INNO.US,D,20220203,000000,16.45,16.45,16.1263,16.1263,1575,0
INNO.US,D,20220204,000000,16.31,16.678,16.31,16.5704,330,0
INNO.US,D,20220207,000000,16.75,16.79,16.5465,16.5465,1491,0
INNO.US,D,20220208,000000,16.4199,16.81,16.4199,16.8004,2887,0
INNO.US,D,20220209,000000,17.12,17.3503,17.12,17.3503,114,0
INNO.US,D,20220210,000000,17.1622,17.52,17,17.0482,4338,0
INNO.US,D,20220211,000000,17.06,17.06,16.41,16.4702,1732,0
INNO.US,D,20220214,000000,16.391,16.391,16.391,16.391,197,0
INNO.US,D,20220215,000000,16.73,16.94,16.73,16.9212,1161,0
INNO.US,D,20220216,000000,16.65,16.65,16.43,16.6455,772,0
INNO.US,D,20220217,000000,16.1499,16.1499,16,16.0007,513,0
INNO.US,D,20220218,000000,15.99,15.99,15.6037,15.6037,471,0
INNO.US,D,20220222,000000,15.6,15.6,15.3199,15.3852,1389,0
INNO.US,D,20220223,000000,15.59,15.59,14.9782,14.9782,4976,0
INNO.US,D,20220224,000000,14.5,15.6618,14.5,15.6618,1178,0
INNO.US,D,20220225,000000,15.88,15.9985,15.8471,15.9985,1265,0
INNO.US,D,20220228,000000,16.069,16.32,16,16.15,15328,0
INNO.US,D,20220301,000000,16.2,16.27,15.93,16,13065,0
INNO.US,D,20220302,000000,15.999,16.24,15.66,16.1304,15734,0
INNO.US,D,20220303,000000,17,17,15.61,15.689,12913,0
INNO.US,D,20220304,000000,15.565,15.565,15.0699,15.118,12572,0
INNO.US,D,20220307,000000,15.12,15.12,14.5216,14.5357,13229,0
INNO.US,D,20220308,000000,14.2601,14.89,14.2601,14.4729,6109,0
INNO.US,D,20220309,000000,14.58,15.25,14.58,15.2022,2411,0
INNO.US,D,20220310,000000,15.17,15.179,14.8545,15.0155,1962,0
INNO.US,D,20220311,000000,15.17,15.17,14.57,14.57,7814,0
INNO.US,D,20220314,000000,14.53,14.53,14.17,14.17,8365,0
INNO.US,D,20220315,000000,14.29,14.6,14.16,14.6,4122,0
INNO.US,D,20220316,000000,14.84,15.47,14.84,15.47,6655,0
INNO.US,D,20220317,000000,15.715,15.87,15.66,15.87,2912,0
INNO.US,D,20220318,000000,15.8501,16.3812,15.8501,16.3812,3044,0
INNO.US,D,20220321,000000,16.28,16.28,16.0128,16.1465,4871,0
INNO.US,D,20220322,000000,16.25,16.645,16.25,16.5952,3764,0
INNO.US,D,20220323,000000,16.48,16.5011,16.3054,16.3054,1687,0
INNO.US,D,20220324,000000,16.4,16.6,16.3999,16.5791,6606,0
INNO.US,D,20220325,000000,16.3899,16.3899,16.2587,16.3457,305,0
INNO.US,D,20220328,000000,16.44,16.6549,16.41,16.6549,1437,0
INNO.US,D,20220329,000000,17.01,17.1516,16.801,17.1516,2925,0
INNO.US,D,20220330,000000,17.13,17.13,16.71,16.78,1506,0
INNO.US,D,20220331,000000,16.75,16.75,16.53,16.53,3635,0
INNO.US,D,20220401,000000,16.5501,16.715,16.5501,16.6204,642,0
INNO.US,D,20220404,000000,16.78,17.14,16.78,17.101,3491,0
INNO.US,D,20220405,000000,16.76,16.8,16.5987,16.5987,4378,0
INNO.US,D,20220406,000000,16.35,16.35,15.95,16.13,1778,0
INNO.US,D,20220407,000000,15.99,16.145,15.8799,16.0634,1164,0
INNO.US,D,20220408,000000,15.9699,15.97,15.7452,15.7452,22074,0
INNO.US,D,20220411,000000,15.4501,15.58,15.45,15.51,3922,0
INNO.US,D,20220412,000000,15.7,15.7,15.35,15.38,20360,0
INNO.US,D,20220413,000000,15.48,15.79,15.39,15.7487,10717,0
INNO.US,D,20220414,000000,15.53,15.53,15.39,15.39,9878,0
INNO.US,D,20220418,000000,15.32,15.32,15.1,15.1251,4275,0
INNO.US,D,20220419,000000,15.47,15.58,15.42,15.5327,1908,0
INNO.US,D,20220420,000000,15.1396,15.1396,15.1396,15.1396,37,0
INNO.US,D,20220421,000000,15.34,15.34,14.6256,14.6256,436,0
INNO.US,D,20220422,000000,14.6863,14.6863,14.3,14.32,1141,0
INNO.US,D,20220425,000000,14.3,14.46,14.275,14.46,2583,0
INNO.US,D,20220426,000000,14.25,14.25,13.84,13.84,9692,0
INNO.US,D,20220427,000000,13.95,13.95,13.747,13.747,3287,0
INNO.US,D,20220428,000000,13.9697,14.1885,13.86,14.1885,1692,0
INNO.US,D,20220429,000000,14.06,14.06,13.5521,13.5521,6708,0
INNO.US,D,20220502,000000,13.61,13.8822,13.5,13.8822,3592,0
INNO.US,D,20220503,000000,13.91,13.93,13.7933,13.7933,574,0
INNO.US,D,20220504,000000,13.44,14.1772,13.44,14.1772,970,0
INNO.US,D,20220505,000000,13.99,13.99,13.1581,13.2612,2041,0
INNO.US,D,20220506,000000,12.68,13.065,12.68,12.89,2186,0
INNO.US,D,20220509,000000,12.63,12.63,11.929,11.929,3845,0
INNO.US,D,20220510,000000,12.03,12.2499,11.771,12.0559,2336,0
INNO.US,D,20220511,000000,12.12,12.12,11.4527,11.4527,5808,0
INNO.US,D,20220512,000000,11.36,11.84,11.2,11.6397,2811,0
INNO.US,D,20220513,000000,11.9,12.37,11.9,12.3539,1865,0
INNO.US,D,20220516,000000,12.37,12.37,12.0252,12.0252,2121,0
INNO.US,D,20220517,000000,12.33,12.4032,12.22,12.4032,1260,0
INNO.US,D,20220518,000000,12.28,12.28,11.7678,11.7678,1231,0
INNO.US,D,20220519,000000,11.88,12.195,11.88,12.0182,5671,0
INNO.US,D,20220520,000000,12.17,12.17,11.7,12.0127,1228,0
INNO.US,D,20220523,000000,11.95,12.07,11.88,12.054,2910,0
INNO.US,D,20220524,000000,11.8,11.8,11.521,11.5786,2362,0
INNO.US,D,20220525,000000,11.74,11.8912,11.71,11.85,4698,0
INNO.US,D,20220526,000000,11.89,12.22,11.89,12.2008,800,0
INNO.US,D,20220527,000000,12.3,12.6305,12.3,12.6305,859,0
INNO.US,D,20220531,000000,12.62,12.645,12.5113,12.5113,997,0
INNO.US,D,20220601,000000,12.6201,12.675,12.255,12.3609,2090,0
INNO.US,D,20220602,000000,12.44,12.8446,12.44,12.8446,3873,0
INNO.US,D,20220603,000000,12.76,12.76,12.595,12.6122,2986,0
INNO.US,D,20220606,000000,12.8,12.8,12.58,12.6059,5981,0
INNO.US,D,20220607,000000,12.47,12.8386,12.47,12.8386,1799,0
INNO.US,D,20220608,000000,12.8801,12.9,12.7796,12.7796,2742,0
INNO.US,D,20220609,000000,12.62,12.62,12.3207,12.3207,1325,0
INNO.US,D,20220610,000000,12.01,12.01,11.69,11.7697,3006,0
INNO.US,D,20220613,000000,11.29,11.29,10.9536,10.9536,3214,0
INNO.US,D,20220614,000000,10.91,10.96,10.8701,10.9226,1851,0
INNO.US,D,20220615,000000,11.01,11.3289,11.01,11.3289,203,0
INNO.US,D,20220616,000000,11.02,11.02,10.692,10.692,1002,0
INNO.US,D,20220617,000000,10.92,11.02,10.92,11.02,7578,0
INNO.US,D,20220621,000000,11.41,11.42,11.29,11.3014,7143,0
INNO.US,D,20220622,000000,11.5,11.5,11.3974,11.3974,1922,0
INNO.US,D,20220623,000000,11.68,11.81,11.57,11.7892,3939,0
INNO.US,D,20220624,000000,11.98,12.3111,11.98,12.3111,6755,0
INNO.US,D,20220627,000000,12.2,12.2,12.1553,12.1553,4173,0
INNO.US,D,20220628,000000,11.73,11.73,11.73,11.73,111,0
INNO.US,D,20220629,000000,11.66,11.685,11.62,11.685,4387,0
INNO.US,D,20220630,000000,11.4642,11.4642,11.4642,11.4642,46,0
INNO.US,D,20220701,000000,11.5,11.6281,11.5,11.6281,8674,0
INNO.US,D,20220705,000000,11.51,11.9885,11.51,11.9885,1132,0
INNO.US,D,20220706,000000,11.97,12.08,11.97,11.9907,1540,0
INNO.US,D,20220707,000000,12.14,12.37,12.14,12.3512,1555,0
INNO.US,D,20220708,000000,12.5,12.5,12.24,12.4,4527,0
INNO.US,D,20220711,000000,12.0157,12.0157,12.0157,12.0157,58,0
INNO.US,D,20220712,000000,11.91,11.91,11.7908,11.7908,257,0
INNO.US,D,20220713,000000,11.57,11.91,11.57,11.83,553,0
INNO.US,D,20220714,000000,11.77,11.77,11.6785,11.6785,661,0
INNO.US,D,20220715,000000,11.8,11.9425,11.8,11.9425,109,0
INNO.US,D,20220718,000000,12.23,12.23,11.88,11.8852,3264,0
INNO.US,D,20220719,000000,12.06,12.2864,12.06,12.2864,1418,0
INNO.US,D,20220720,000000,12.55,12.77,12.544,12.728,4990,0
INNO.US,D,20220721,000000,12.79,12.9184,12.79,12.9184,3350,0
INNO.US,D,20220722,000000,12.96,12.96,12.4897,12.54,15257,0
INNO.US,D,20220725,000000,12.41,12.4199,12.37,12.3953,3915,0
INNO.US,D,20220726,000000,12.08,12.08,12.0143,12.0197,4726,0
INNO.US,D,20220727,000000,12.27,12.6489,12.27,12.6489,3361,0
INNO.US,D,20220728,000000,12.46,12.7875,12.46,12.7875,5834,0
INNO.US,D,20220729,000000,12.88,12.9685,12.82,12.9685,705,0
INNO.US,D,20220801,000000,12.95,13.1115,12.85,12.9638,6262,0
INNO.US,D,20220802,000000,13.1,13.175,13.068,13.068,6666,0
INNO.US,D,20220803,000000,13.2001,13.5565,13.2001,13.5565,1484,0
INNO.US,D,20220804,000000,13.6919,13.6919,13.6919,13.6919,601,0
INNO.US,D,20220805,000000,13.5621,13.79,13.5621,13.79,604,0
INNO.US,D,20220808,000000,13.83,13.83,13.7592,13.8051,923,0
INNO.US,D,20220809,000000,13.4381,13.4381,13.4381,13.4381,276,0
INNO.US,D,20220810,000000,13.57,14.0581,13.57,14.0581,2918,0
INNO.US,D,20220811,000000,14.1996,14.1996,13.8519,13.8519,1306,0
INNO.US,D,20220812,000000,14.08,14.1849,14.08,14.1849,449,0
INNO.US,D,20220815,000000,14.3084,14.3084,14.3084,14.3084,40,0
INNO.US,D,20220816,000000,14.1,14.1848,14.0014,14.1403,12221,0
INNO.US,D,20220817,000000,13.98,13.98,13.807,13.807,807,0
INNO.US,D,20220818,000000,13.8062,13.8062,13.8062,13.8062,12,0
INNO.US,D,20220819,000000,13.68,13.68,13.3899,13.3899,2474,0
INNO.US,D,20220822,000000,13.1197,13.1197,13.0222,13.0222,883,0
INNO.US,D,20220823,000000,13.174,13.174,13.0517,13.0517,1110,0
INNO.US,D,20220824,000000,13.2309,13.2309,13.2309,13.2309,75,0
INNO.US,D,20220825,000000,13.3527,13.4656,13.31,13.4656,3045,0
INNO.US,D,20220826,000000,13.39,13.39,12.9088,12.9088,509,0
INNO.US,D,20220829,000000,12.7353,12.8,12.6732,12.6732,2048,0
INNO.US,D,20220830,000000,12.66,12.66,12.51,12.5681,2992,0
INNO.US,D,20220831,000000,12.63,12.68,12.5347,12.5347,1356,0
INNO.US,D,20220901,000000,12.3,12.3,11.9405,12.2321,29903,0
INNO.US,D,20220902,000000,12.25,12.5,12.1402,12.1402,6070,0
INNO.US,D,20220906,000000,12.0154,12.0154,12.0154,12.0154,36,0
INNO.US,D,20220907,000000,12.17,12.36,12.17,12.3591,1228,0
INNO.US,D,20220908,000000,12.1862,12.5304,12.1862,12.5304,1311,0
INNO.US,D,20220909,000000,12.43,12.9073,12.43,12.9001,3819,0
INNO.US,D,20220912,000000,13.0587,13.0587,13.0587,13.0587,12,0
INNO.US,D,20220913,000000,12.48,12.52,12.3651,12.3651,2281,0
INNO.US,D,20220914,000000,12.4322,12.481,12.4322,12.481,4101,0
INNO.US,D,20220915,000000,12.56,12.56,12.369,12.369,947,0
INNO.US,D,20220916,000000,12.0801,12.097,12.0612,12.097,1194,0
INNO.US,D,20220919,000000,12.04,12.14,12.01,12.14,1498,0
INNO.US,D,20220920,000000,12.09,12.09,11.9083,11.9349,2904,0
INNO.US,D,20220921,000000,12.03,12.07,11.72,11.72,1335,0
INNO.US,D,20220922,000000,11.52,11.5396,11.38,11.4,2173,0
INNO.US,D,20220923,000000,11.15,11.16,11.05,11.16,4768,0
INNO.US,D,20220926,000000,11.29,11.29,11.0613,11.0613,3434,0
INNO.US,D,20220927,000000,11.2,11.2,11.081,11.1451,1519,0
INNO.US,D,20220928,000000,11.4894,11.4894,11.4894,11.4894,52,0
INNO.US,D,20220929,000000,11.31,11.31,11.09,11.1813,5186,0
INNO.US,D,20220930,000000,11.3,11.3,11.1243,11.1243,9979,0
INNO.US,D,20221003,000000,11.3512,11.3512,11.3512,11.3512,9,0
INNO.US,D,20221004,000000,11.8822,11.8822,11.8822,11.8822,215,0
INNO.US,D,20221005,000000,11.7055,11.8886,11.6,11.8886,3910,0
INNO.US,D,20221006,000000,11.86,11.91,11.8517,11.8517,3226,0
INNO.US,D,20221007,000000,11.74,11.74,11.2989,11.2989,3371,0
INNO.US,D,20221010,000000,11,11.0123,11,11.0123,1248,0
INNO.US,D,20221011,000000,10.85,10.93,10.64,10.72,6520,0
INNO.US,D,20221012,000000,10.7715,10.7715,10.7715,10.7715,1,0
INNO.US,D,20221013,000000,10.4,10.8819,10.35,10.8819,2831,0
INNO.US,D,20221014,000000,10.69,10.69,10.4708,10.4708,481,0
INNO.US,D,20221017,000000,10.57,10.97,10.57,10.9437,876,0
INNO.US,D,20221018,000000,11.06,11.2276,11.06,11.1535,915,0
INNO.US,D,20221019,000000,10.92,10.94,10.9,10.9302,1247,0
INNO.US,D,20221020,000000,11.2,11.25,10.95,10.9874,1153,0
INNO.US,D,20221021,000000,10.93,11.1718,10.93,11.1718,9280,0
INNO.US,D,20221024,000000,11.12,11.179,11.12,11.179,637,0
INNO.US,D,20221025,000000,11.5404,11.58,11.3,11.5404,3012,0
INNO.US,D,20221026,000000,11.6452,11.65,11.3736,11.3736,10435,0
INNO.US,D,20221027,000000,11.43,11.43,11.3009,11.3009,1202,0
INNO.US,D,20221028,000000,11.31,11.5207,11.31,11.5207,6463,0
INNO.US,D,20221031,000000,11.48,11.52,11.4324,11.4324,1048,0
INNO.US,D,20221101,000000,11.54,11.54,11.3765,11.3765,3256,0
INNO.US,D,20221102,000000,11.205,11.31,10.8775,10.8775,2988,0
INNO.US,D,20221103,000000,10.75,10.85,10.7126,10.7126,1048,0
INNO.US,D,20221104,000000,10.84,10.84,10.55,10.5748,2577,0
INNO.US,D,20221107,000000,10.5299,10.67,10.5299,10.6236,1475,0
INNO.US,D,20221108,000000,10.7009,10.9125,10.7009,10.7724,2377,0
INNO.US,D,20221109,000000,10.59,10.59,10.46,10.46,2822,0
INNO.US,D,20221110,000000,11.09,11.446,11.09,11.446,215,0
INNO.US,D,20221111,000000,11.63,11.91,11.63,11.8576,11578,0
INNO.US,D,20221114,000000,11.7235,11.7999,11.5845,11.62,12654,0
INNO.US,D,20221115,000000,11.72,11.97,11.72,11.8956,6488,0
INNO.US,D,20221116,000000,11.7,11.76,11.5235,11.5235,2970,0
INNO.US,D,20221117,000000,11.3016,11.36,11.29,11.304,837,0
INNO.US,D,20221118,000000,11.41,11.41,11.21,11.2956,6864,0
INNO.US,D,20221121,000000,11.2101,11.2101,11.1,11.1065,1009,0
INNO.US,D,20221122,000000,11.2004,11.2004,11.2004,11.2004,79,0
INNO.US,D,20221123,000000,11.22,11.37,11.22,11.37,990,0
INNO.US,D,20221125,000000,11.3561,11.3561,11.3561,11.3561,18,0
INNO.US,D,20221128,000000,11.1803,11.1803,11.1803,11.1803,29,0
INNO.US,D,20221129,000000,11.1088,11.1088,11.1088,11.1088,1,0
INNO.US,D,20221130,000000,11.3099,11.6409,11.3099,11.6409,1112,0
INNO.US,D,20221201,000000,11.81,11.81,11.791,11.791,817,0
INNO.US,D,20221202,000000,11.74,11.7653,11.74,11.7653,256,0
INNO.US,D,20221205,000000,11.58,11.58,11.3787,11.3787,623,0
INNO.US,D,20221206,000000,11.18,11.18,11.17,11.1721,240,0
INNO.US,D,20221207,000000,11.1767,11.1767,11.1767,11.1767,1,0
INNO.US,D,20221208,000000,11.3599,11.39,11.35,11.3668,9181,0
INNO.US,D,20221209,000000,11.2771,11.2771,11.2771,11.2771,20,0
INNO.US,D,20221212,000000,11.47,11.4929,11.47,11.4929,1172,0
INNO.US,D,20221213,000000,11.9286,11.97,11.5917,11.6486,5087,0
INNO.US,D,20221214,000000,11.75,11.85,11.6826,11.6826,17565,0
INNO.US,D,20221215,000000,11.42,11.42,11.2675,11.2675,1102,0
INNO.US,D,20221216,000000,11.13,11.1833,11.13,11.1833,6957,0
INNO.US,D,20221219,000000,11.03,11.03,10.9402,10.9402,746,0
INNO.US,D,20221220,000000,11,11,10.9803,10.9803,774,0
INNO.US,D,20221221,000000,11.12,11.143,11.12,11.143,351,0
INNO.US,D,20221222,000000,10.88,10.88,10.842,10.842,161,0
INNO.US,D,20221223,000000,10.7,10.8016,10.7,10.8016,355,0
INNO.US,D,20221227,000000,10.6818,10.6818,10.6372,10.6372,302,0
INNO.US,D,20221228,000000,10.67,10.67,10.5494,10.5494,111,0
INNO.US,D,20221229,000000,10.9277,10.9277,10.9277,10.9277,5,0
INNO.US,D,20221230,000000,10.82,10.8722,10.7874,10.8722,1769,0
INNO.US,D,20230103,000000,10.85,10.85,10.78,10.7826,514,0
INNO.US,D,20230104,000000,10.9021,10.9021,10.9021,10.9021,3,0
INNO.US,D,20230105,000000,10.644,10.644,10.644,10.644,65,0
INNO.US,D,20230106,000000,10.73,10.8592,10.67,10.8592,775,0
INNO.US,D,20230109,000000,11.01,11.01,10.9454,10.9454,135,0
INNO.US,D,20230110,000000,11,11.09,11,11.0762,1646,0
INNO.US,D,20230111,000000,11.2,11.2611,11.2,11.2611,108,0
INNO.US,D,20230112,000000,11.19,11.4535,11.19,11.4535,100466,0
INNO.US,D,20230113,000000,11.51,11.6122,11.5,11.6122,1272,0
INNO.US,D,20230117,000000,11.5947,11.6788,11.549,11.6788,1193,0
INNO.US,D,20230118,000000,11.85,11.85,11.5305,11.5305,652,0
INNO.US,D,20230119,000000,11.375,11.44,11.37,11.4,498,0
INNO.US,D,20230120,000000,11.66,11.7088,11.66,11.7088,220,0
INNO.US,D,20230123,000000,11.95,11.97,11.95,11.9517,2970,0
INNO.US,D,20230124,000000,11.87,11.98,11.87,11.9,2291,0
INNO.US,D,20230125,000000,12.85,12.85,11.58,11.8552,1020,0
INNO.US,D,20230126,000000,12.02,12.0581,11.895,12.0581,2161,0
INNO.US,D,20230127,000000,12.01,12.1909,12.01,12.1909,2713,0
INNO.US,D,20230130,000000,11.96,12.02,11.9155,11.9155,1818,0
INNO.US,D,20230131,000000,12.1638,12.1638,12.1638,12.1638,149,0
INNO.US,D,20230201,000000,12.21,12.5436,12.21,12.5436,4761,0
INNO.US,D,20230202,000000,12.9449,13.0346,12.9449,12.9927,1180,0
INNO.US,D,20230203,000000,12.89,12.89,12.6492,12.6492,3210,0
INNO.US,D,20230206,000000,12.55,12.57,12.4716,12.4716,3392,0
INNO.US,D,20230207,000000,12.42,12.719,12.42,12.719,1522,0
INNO.US,D,20230208,000000,12.61,12.61,12.435,12.435,1650,0
INNO.US,D,20230209,000000,12.62,12.62,12.3502,12.3502,918,0
INNO.US,D,20230210,000000,12.2799,12.29,12.2,12.2122,1226,0
INNO.US,D,20230213,000000,12.37,12.37,12.32,12.3517,356,0
INNO.US,D,20230214,000000,12.415,12.55,12.3799,12.532,851,0
INNO.US,D,20230215,000000,12.59,12.7137,12.4899,12.7137,7173,0
INNO.US,D,20230216,000000,12.53,12.62,12.42,12.42,3349,0
INNO.US,D,20230217,000000,12.39,12.39,12.26,12.35,1588,0
INNO.US,D,20230221,000000,12.0362,12.0362,12.0362,12.0362,155,0
INNO.US,D,20230222,000000,12.0984,12.14,12.0754,12.0754,431,0
INNO.US,D,20230223,000000,12.09,12.17,12,12.17,1697,0
INNO.US,D,20230224,000000,11.96,11.96,11.9383,11.9383,257,0
INNO.US,D,20230227,000000,12.0147,12.0147,12.0147,12.0147,5,0
INNO.US,D,20230228,000000,12.03,12.11,12.03,12.07,2208,0
INNO.US,D,20230301,000000,12.04,12.07,12.013,12.013,1745,0
INNO.US,D,20230302,000000,11.97,12.1659,11.97,12.1659,1316,0
INNO.US,D,20230303,000000,12.25,12.4444,12.25,12.4444,1065,0
INNO.US,D,20230306,000000,12.46,12.4862,12.35,12.35,1150,0
INNO.US,D,20230307,000000,12.46,12.46,12.29,12.29,3052,0
INNO.US,D,20230308,000000,12.3,12.355,12.3,12.33,941,0
INNO.US,D,20230309,000000,12.385,12.45,12.04,12.04,2644,0
INNO.US,D,20230310,000000,12.03,12.03,11.69,11.69,2748,0
INNO.US,D,20230313,000000,11.64,11.77,11.64,11.77,745,0
INNO.US,D,20230314,000000,12.0687,12.0687,12.04,12.04,302,0
INNO.US,D,20230315,000000,11.9,12,11.9,12,1672,0
INNO.US,D,20230316,000000,12.2,12.2646,12.2,12.2646,735,0
INNO.US,D,20230317,000000,12.15,12.15,12.1,12.1,307,0
INNO.US,D,20230320,000000,12.138,12.138,12.138,12.138,6,0
INNO.US,D,20230321,000000,12.21,12.31,12.21,12.31,796,0
INNO.US,D,20230322,000000,12.4,12.4,12.09,12.09,157,0
INNO.US,D,20230323,000000,12.31,12.31,12.194,12.194,1215,0
INNO.US,D,20230324,000000,12.09,12.09,12.08,12.0897,1403078,0
INNO.US,D,20230327,000000,12.12,12.2,12.1178,12.1178,1820,0
INNO.US,D,20230328,000000,12.09,12.0973,12,12.0336,5301,0
INNO.US,D,20230329,000000,12.22,12.33,12.17,12.2873,2143,0
INNO.US,D,20230330,000000,12.39,12.415,12.36,12.3915,91916,0
INNO.US,D,20230331,000000,12.53,12.65,12.48,12.6367,3512,0
INNO.US,D,20230403,000000,12.57,12.57,12.5181,12.5181,454,0
INNO.US,D,20230404,000000,12.54,12.54,12.42,12.4476,414,0
INNO.US,D,20230405,000000,12.1301,12.2194,12.1301,12.2147,473,0
INNO.US,D,20230406,000000,12.17,12.29,12.17,12.2512,3002,0
INNO.US,D,20230410,000000,12.13,12.28,12.13,12.2632,3033,0
INNO.US,D,20230411,000000,12.31,12.31,12.2984,12.2984,395,0
INNO.US,D,20230412,000000,12.34,12.34,12.21,12.21,5286,0
INNO.US,D,20230413,000000,12.43,12.43,12.4211,12.4211,1150,0
INNO.US,D,20230414,000000,12.34,12.39,12.2425,12.3036,6790,0
INNO.US,D,20230417,000000,12.415,12.4557,12.415,12.4557,2262,0
INNO.US,D,20230418,000000,12.56,12.5975,12.4199,12.4556,3915,0
INNO.US,D,20230419,000000,12.45,12.45,12.4266,12.4266,621,0
INNO.US,D,20230420,000000,12.37,12.4,12.3179,12.3179,811,0
INNO.US,D,20230421,000000,12.3899,12.3899,12.3,12.3884,1484,0
INNO.US,D,20230424,000000,12.29,12.2933,12.29,12.2933,356,0
INNO.US,D,20230425,000000,12.21,12.21,11.94,11.94,5468,0
INNO.US,D,20230426,000000,12.09,12.09,12.0124,12.0124,366,0
INNO.US,D,20230427,000000,12.08,12.16,12.08,12.1248,5394,0
INNO.US,D,20230428,000000,12.091,12.13,12.091,12.1165,385,0
INNO.US,D,20230501,000000,12.13,12.1588,12.13,12.1543,1246,0
INNO.US,D,20230502,000000,12.07,12.07,11.97,11.9735,7560,0
INNO.US,D,20230503,000000,12.01,12.11,11.997,11.997,3479,0
INNO.US,D,20230504,000000,12.0698,12.11,12.0698,12.0781,2703,0
INNO.US,D,20230505,000000,12.25,12.28,12.25,12.2669,959,0
INNO.US,D,20230508,000000,12.32,12.345,12.2405,12.345,1008,0
INNO.US,D,20230509,000000,12.325,12.325,12.3022,12.3022,201,0
INNO.US,D,20230510,000000,12.44,12.44,12.41,12.4277,1923,0
INNO.US,D,20230511,000000,12.38,12.42,12.36,12.3945,3343,0
INNO.US,D,20230512,000000,12.241,12.295,12.241,12.295,4281,0
INNO.US,D,20230515,000000,12.49,12.5037,12.49,12.5037,450,0
INNO.US,D,20230516,000000,12.4,12.43,12.385,12.385,4410,0
INNO.US,D,20230517,000000,12.55,12.63,12.55,12.6085,2628,0
INNO.US,D,20230518,000000,12.64,12.7645,12.635,12.7645,1973,0
INNO.US,D,20230519,000000,12.82,12.82,12.7649,12.7649,3870,0
INNO.US,D,20230522,000000,12.9414,12.99,12.9319,12.9319,3730,0
INNO.US,D,20230523,000000,12.88,12.88,12.7414,12.7414,854,0
INNO.US,D,20230524,000000,12.59,12.6302,12.59,12.6302,247,0
INNO.US,D,20230525,000000,12.7096,12.7096,12.65,12.7,2951,0
INNO.US,D,20230526,000000,12.79,12.969,12.79,12.9172,591,0
INNO.US,D,20230530,000000,12.98,12.98,12.92,12.9389,2348,0
INNO.US,D,20230531,000000,13.29,13.29,12.8,12.9187,2724,0
INNO.US,D,20230601,000000,12.87,13.09,12.8399,13.0185,1430,0
INNO.US,D,20230602,000000,13.19,13.23,13.1599,13.215,2130,0
INNO.US,D,20230605,000000,13.3,13.3,13.17,13.2762,1283,0
INNO.US,D,20230606,000000,13.31,13.44,13.31,13.4175,1555,0
INNO.US,D,20230607,000000,13.45,13.45,13.1535,13.1535,1009,0
INNO.US,D,20230608,000000,13.26,13.26,13.21,13.2234,626,0
INNO.US,D,20230609,000000,13.2823,13.2823,13.26,13.26,977,0
INNO.US,D,20230612,000000,13.401,13.4984,13.401,13.4948,541,0
INNO.US,D,20230613,000000,13.64,13.67,13.64,13.6677,6617,0
INNO.US,D,20230614,000000,13.6047,13.6372,13.6047,13.6372,1314,0
INNO.US,D,20230615,000000,13.72,13.84,13.72,13.807,6577,0
INNO.US,D,20230616,000000,13.779,13.779,13.65,13.6502,1727,0
INNO.US,D,20230620,000000,13.55,13.64,13.4873,13.4873,3896,0
INNO.US,D,20230621,000000,13.424,13.4399,13.3528,13.3528,1407,0
INNO.US,D,20230622,000000,13.4,13.45,13.4,13.4358,6185,0
INNO.US,D,20230623,000000,13.23,13.4,13.23,13.3007,2916,0
INNO.US,D,20230626,000000,13.3217,13.3217,13.1434,13.1434,692,0
INNO.US,D,20230627,000000,13.352,13.352,13.3458,13.3458,3393,0
INNO.US,D,20230628,000000,13.515,13.515,13.4559,13.4559,2595,0
INNO.US,D,20230629,000000,13.45,13.48,13.418,13.418,1647,0
INNO.US,D,20230630,000000,13.6,13.6499,13.591,13.6003,2068,0
INNO.US,D,20230703,000000,13.62,13.63,13.61,13.6112,989,0
INNO.US,D,20230705,000000,13.64,13.64,13.53,13.5669,2541,0
INNO.US,D,20230706,000000,13.29,13.337,13.25,13.328,2710,0
INNO.US,D,20230707,000000,13.38,13.4033,13.3253,13.3253,919,0
INNO.US,D,20230710,000000,13.34,13.5107,13.34,13.4814,1252,0
INNO.US,D,20230711,000000,13.6,13.6,13.501,13.5596,840,0
INNO.US,D,20230712,000000,13.7321,13.7321,13.68,13.6888,3146,0
INNO.US,D,20230713,000000,13.82,13.95,13.82,13.9484,3331,0
INNO.US,D,20230714,000000,13.9491,13.9491,13.8422,13.8693,2936,0
INNO.US,D,20230717,000000,14.0305,14.035,14.0258,14.0258,1292,0
INNO.US,D,20230718,000000,14.0089,14.12,14.0084,14.1053,4201,0
INNO.US,D,20230719,000000,14.14,14.16,14.0554,14.0554,3267,0
INNO.US,D,20230720,000000,13.931,13.9412,13.695,13.695,1014,0
INNO.US,D,20230721,000000,13.77,13.81,13.7116,13.7362,1637,0
INNO.US,D,20230724,000000,13.68,13.68,13.6557,13.6557,621,0
INNO.US,D,20230725,000000,13.781,13.781,13.7539,13.7539,3403,0
INNO.US,D,20230726,000000,13.63,13.7,13.63,13.6674,3156,0
INNO.US,D,20230727,000000,13.8447,13.8447,13.57,13.57,1853,0
INNO.US,D,20230728,000000,13.75,13.9576,13.75,13.9576,1986,0
INNO.US,D,20230731,000000,14,14.0793,14,14.0553,11911,0
INNO.US,D,20230801,000000,14,14,13.91,13.9765,14285,0
INNO.US,D,20230802,000000,13.81,13.81,13.515,13.5288,15438,0
INNO.US,D,20230803,000000,13.55,13.55,13.48,13.5413,2578,0
INNO.US,D,20230804,000000,13.49,13.4901,13.4117,13.4117,4404,0
INNO.US,D,20230807,000000,13.48,13.48,13.395,13.4543,963,0
INNO.US,D,20230808,000000,13.28,13.28,13.23,13.2646,6081,0
INNO.US,D,20230809,000000,13.14,13.26,13.14,13.1676,2446,0
INNO.US,D,20230810,000000,13.33,13.4599,13.195,13.2341,7895,0
INNO.US,D,20230811,000000,13.1,13.14,13.1,13.11,6473,0
INNO.US,D,20230814,000000,13.16,13.21,13.16,13.21,3486,0
INNO.US,D,20230815,000000,13.0999,13.0999,13.02,13.02,1169,0
INNO.US,D,20230816,000000,12.94,13.04,12.9053,12.9053,6094,0
INNO.US,D,20230817,000000,12.8,12.8,12.64,12.6437,1611,0
INNO.US,D,20230818,000000,12.43,12.6,12.43,12.5787,4358,0
INNO.US,D,20230821,000000,12.72,12.7468,12.72,12.7468,254,0
INNO.US,D,20230822,000000,12.7344,12.75,12.7273,12.7273,577,0
INNO.US,D,20230823,000000,12.87,12.94,12.87,12.9161,1174,0
INNO.US,D,20230824,000000,12.6405,12.6405,12.6405,12.6405,87,0
INNO.US,D,20230825,000000,12.7468,12.7468,12.7468,12.7468,73,0
INNO.US,D,20230828,000000,12.82,12.82,12.81,12.8169,2297,0
INNO.US,D,20230829,000000,13.0403,13.0754,13.0402,13.0754,708,0
INNO.US,D,20230830,000000,13.1999,13.1999,13.1522,13.1522,4757,0
INNO.US,D,20230831,000000,13.2601,13.28,13.2101,13.2126,3695,0
INNO.US,D,20230901,000000,13.33,13.3337,13.29,13.3337,2109,0
INNO.US,D,20230905,000000,13.3499,13.3499,13.3,13.3004,611,0
INNO.US,D,20230906,000000,13.2101,13.2354,13.2067,13.2354,788,0
INNO.US,D,20230907,000000,13.07,13.14,13.07,13.1309,3242,0
INNO.US,D,20230908,000000,13.12,13.12,13.0535,13.0535,4068,0
INNO.US,D,20230911,000000,13.14,13.1792,13.14,13.1792,390,0
INNO.US,D,20230912,000000,13.12,13.12,13.0197,13.0201,1944,0
INNO.US,D,20230913,000000,13.04,13.0549,13.01,13.0549,3425,0
INNO.US,D,20230914,000000,13.1,13.1786,13.06,13.1178,6088,0
INNO.US,D,20230915,000000,12.97,12.97,12.85,12.8864,3062,0
INNO.US,D,20230918,000000,12.87,12.87,12.79,12.8142,10612,0
INNO.US,D,20230919,000000,12.7,12.7357,12.63,12.7357,2049,0
INNO.US,D,20230920,000000,12.7789,12.81,12.5748,12.5748,7872,0
INNO.US,D,20230921,000000,12.39,12.39,12.2566,12.2566,2992,0
INNO.US,D,20230922,000000,12.31,12.3435,12.2205,12.2205,8581,0
INNO.US,D,20230925,000000,12.2542,12.2542,12.2542,12.2542,27,0
INNO.US,D,20230926,000000,12.13,12.13,12.0749,12.0749,238,0
INNO.US,D,20230927,000000,12.07,12.1853,12.07,12.1853,347,0
INNO.US,D,20230928,000000,12.3024,12.3024,12.3024,12.3024,46,0
INNO.US,D,20230929,000000,12.46,12.46,12.3293,12.3293,2594,0
INNO.US,D,20231002,000000,12.31,12.31,12.26,12.26,7858,0
INNO.US,D,20231003,000000,12.21,12.2275,11.96,11.9845,12755,0
INNO.US,D,20231004,000000,11.9803,12.1156,11.98,12.1156,6070,0
INNO.US,D,20231005,000000,12.0837,12.0837,12.0837,12.0837,4,0
INNO.US,D,20231006,000000,11.96,12.36,11.96,12.3254,1418,0
INNO.US,D,20231009,000000,12.322,12.322,12.322,12.322,44,0
INNO.US,D,20231010,000000,12.33,12.58,12.33,12.4906,1472,0
INNO.US,D,20231011,000000,12.46,12.4945,12.43,12.4945,4497,0
INNO.US,D,20231012,000000,12.47,12.47,12.3,12.3152,3319,0
INNO.US,D,20231013,000000,12.27,12.27,12.1887,12.1887,1222,0
INNO.US,D,20231016,000000,12.29,12.3571,12.29,12.3571,1394,0
INNO.US,D,20231017,000000,12.3757,12.3757,12.3757,12.3757,42,0
INNO.US,D,20231018,000000,12.11,12.11,12.091,12.091,4494,0
INNO.US,D,20231019,000000,12.12,12.12,11.9756,11.9756,3294,0
INNO.US,D,20231020,000000,11.915,11.915,11.7827,11.7827,3339,0
INNO.US,D,20231023,000000,11.625,11.81,11.625,11.7458,1237,0
INNO.US,D,20231024,000000,11.9,11.9309,11.9,11.9309,341,0
INNO.US,D,20231025,000000,11.75,11.75,11.53,11.5395,12046,0
INNO.US,D,20231026,000000,11.54,11.59,11.4862,11.4862,3047,0
INNO.US,D,20231027,000000,11.4376,11.4376,11.4,11.4092,2103,0
INNO.US,D,20231030,000000,11.52,11.53,11.5108,11.5108,2305,0
INNO.US,D,20231031,000000,11.53,11.6264,11.53,11.6264,958,0
INNO.US,D,20231101,000000,11.66,11.75,11.66,11.75,4275,0
INNO.US,D,20231102,000000,11.94,12.0394,11.94,12.0394,2421,0
INNO.US,D,20231103,000000,12.08,12.4208,12.08,12.4096,460,0
INNO.US,D,20231106,000000,12.37,12.37,12.16,12.2401,5772,0
INNO.US,D,20231107,000000,12.3,12.4536,12.3,12.4536,6318,0
INNO.US,D,20231108,000000,12.44,12.44,12.37,12.4045,1448,0
INNO.US,D,20231109,000000,12.45,12.45,12.2553,12.2553,3361,0
INNO.US,D,20231110,000000,12.3,12.4763,12.25,12.4763,1610,0
INNO.US,D,20231113,000000,12.42,12.5,12.42,12.498,2012,0
INNO.US,D,20231114,000000,12.74,12.9619,12.74,12.9619,40678,0
INNO.US,D,20231115,000000,13,13.12,13,13.0572,3139,0
INNO.US,D,20231116,000000,12.95,13.0265,12.95,13.0265,4335,0
INNO.US,D,20231117,000000,13.1,13.1,13.05,13.0784,824,0
INNO.US,D,20231120,000000,13.1809,13.2637,13.17,13.2637,5835,0
INNO.US,D,20231121,000000,13.18,13.18,13.1692,13.1692,466,0
INNO.US,D,20231122,000000,13.2515,13.2705,13.25,13.2705,1266,0
INNO.US,D,20231124,000000,13.3071,13.33,13.29,13.3,2789,0
INNO.US,D,20231127,000000,13.32,13.42,13.32,13.3423,5023,0
INNO.US,D,20231128,000000,13.33,13.3754,13.33,13.3754,7360,0
INNO.US,D,20231129,000000,13.42,13.42,13.3868,13.3868,1553,0
INNO.US,D,20231130,000000,13.32,13.3796,13.3101,13.3796,1051,0
INNO.US,D,20231201,000000,13.32,13.6012,13.32,13.6012,3330,0
INNO.US,D,20231204,000000,13.41,13.504,13.37,13.504,1842,0
INNO.US,D,20231205,000000,13.46,13.46,13.43,13.4569,10201,0
INNO.US,D,20231206,000000,13.5,13.5,13.4181,13.4181,4630,0
INNO.US,D,20231207,000000,13.56,13.5792,13.54,13.5792,2525,0
INNO.US,D,20231208,000000,13.64,13.64,13.61,13.6285,3736,0
INNO.US,D,20231211,000000,13.6825,13.6825,13.6825,13.6825,47,0
INNO.US,D,20231212,000000,13.69,13.76,13.69,13.7597,3361,0
INNO.US,D,20231213,000000,13.78,14.0053,13.76,14.0053,9962,0
INNO.US,D,20231214,000000,14.05,14.21,12.65,14.1741,3846,0
INNO.US,D,20231215,000000,14.23,14.2462,14.2,14.2462,580,0
INNO.US,D,20231218,000000,14.19,14.27,14.19,14.247,1340,0
INNO.US,D,20231219,000000,14.29,14.3495,14.29,14.3495,2251,0
INNO.US,D,20231220,000000,14.27,14.41,14.0384,14.0384,29910,0
INNO.US,D,20231221,000000,14.2513,14.2513,14.2513,14.2513,95,0
INNO.US,D,20231222,000000,14.3,14.36,14.3,14.3599,1833,0
INNO.US,D,20231226,000000,14.4327,14.561,14.4327,14.561,667,0
INNO.US,D,20231227,000000,14.595,14.595,14.54,14.5791,2951,0
INNO.US,D,20231228,000000,14.53,14.62,14.53,14.6102,2118,0
INNO.US,D,20231229,000000,14.4411,14.5,14.4411,14.4769,1395,0
INNO.US,D,20240102,000000,14.31,14.35,14.15,14.2147,1718,0
INNO.US,D,20240103,000000,13.98,13.98,13.93,13.9529,2500,0
INNO.US,D,20240104,000000,14.01,14.01,13.9418,13.9418,1916,0
INNO.US,D,20240105,000000,13.98,13.98,13.9658,13.9658,469,0
INNO.US,D,20240108,000000,14.01,14.32,14.01,14.31,3984,0
INNO.US,D,20240109,000000,14.21,14.43,14.21,14.37,5082,0
INNO.US,D,20240110,000000,14.43,14.49,14.43,14.47,4319,0
INNO.US,D,20240111,000000,14.47,14.49,14.466,14.466,433,0
INNO.US,D,20240112,000000,14.44,14.4457,14.44,14.4457,1162,0
INNO.US,D,20240116,000000,14.39,14.4352,14.39,14.4352,1492,0
INNO.US,D,20240117,000000,14.23,14.2914,14.23,14.2914,2760,0
INNO.US,D,20240118,000000,14.4,14.4127,14.4,14.4127,1735,0
INNO.US,D,20240119,000000,14.53,14.6252,14.53,14.6252,2053,0
INNO.US,D,20240122,000000,14.735,14.735,14.69,14.7256,1032,0
INNO.US,D,20240123,000000,14.77,14.77,14.72,14.7589,690,0
INNO.US,D,20240124,000000,14.85,14.85,14.7896,14.7896,383,0
INNO.US,D,20240125,000000,14.92,14.92,14.8,14.8185,764,0
INNO.US,D,20240126,000000,14.82,14.82,14.79,14.7949,1206,0
INNO.US,D,20240129,000000,15.06,15.093,15.06,15.093,255,0
INNO.US,D,20240130,000000,14.96,14.96,14.95,14.9555,1391,0
INNO.US,D,20240131,000000,14.79,14.79,14.6967,14.6967,1493,0
INNO.US,D,20240201,000000,14.92,14.92,14.8932,14.8932,3832,0
INNO.US,D,20240202,000000,14.92,15.14,14.92,15.1284,2660,0
INNO.US,D,20240205,000000,15,15.0749,15,15.0749,1098,0
INNO.US,D,20240206,000000,15.0462,15.0999,15.0462,15.0999,1234,0
INNO.US,D,20240207,000000,15.2433,15.32,15.2433,15.2628,1917,0
INNO.US,D,20240208,000000,15.47,15.47,15.4422,15.4422,404,0
INNO.US,D,20240209,000000,15.55,15.7273,15.55,15.7273,2621,0
INNO.US,D,20240212,000000,15.71,15.7157,15.7,15.7157,944,0
INNO.US,D,20240213,000000,15.2,15.2794,15.2,15.2794,1076,0
INNO.US,D,20240214,000000,15.61,15.6592,15.6,15.6592,2534,0
INNO.US,D,20240215,000000,15.71,15.794,15.71,15.794,944,0
INNO.US,D,20240216,000000,15.71,15.715,15.71,15.715,479,0
INNO.US,D,20240220,000000,15.4339,15.5078,15.4339,15.5078,765,0
INNO.US,D,20240221,000000,15.27,15.3994,15.27,15.3994,2435,0
INNO.US,D,20240222,000000,15.74,15.8844,15.73,15.8844,1870,0
INNO.US,D,20240223,000000,15.87,15.8752,15.87,15.8752,155,0
INNO.US,D,20240226,000000,15.99,15.99,15.9692,15.9692,415,0
INNO.US,D,20240227,000000,15.95,16.09,15.95,16.0823,1761,0
INNO.US,D,20240228,000000,16.05,16.05,15.985,15.985,1802,0
INNO.US,D,20240229,000000,16.08,16.0885,15.98,16.0885,2754,0
INNO.US,D,20240301,000000,16.37,16.385,16.35,16.385,4362,0
INNO.US,D,20240304,000000,16.4,16.4,16.3278,16.3278,840,0
INNO.US,D,20240305,000000,15.91,16.0163,15.91,16.0163,2133,0
INNO.US,D,20240306,000000,16.18,16.19,16.18,16.1801,4257,0
INNO.US,D,20240307,000000,16.34,16.36,16.33,16.34,7188,0
INNO.US,D,20240308,000000,16.3,16.3001,16.2399,16.2399,5571,0
INNO.US,D,20240311,000000,16.05,16.09,16.04,16.0521,1457,0
INNO.US,D,20240312,000000,16.12,16.2577,16.12,16.2577,3137,0
INNO.US,D,20240313,000000,16.23,16.23,16.2166,16.2166,1701,0
INNO.US,D,20240314,000000,16.0204,16.0406,15.98,16.0406,1819,0
INNO.US,D,20240315,000000,15.92,15.92,15.8694,15.8694,710,0
INNO.US,D,20240318,000000,15.9994,16.02,15.9444,15.9444,3975,0
INNO.US,D,20240319,000000,15.98,16.025,15.97,16.0045,4386,0
INNO.US,D,20240320,000000,16.2,16.2223,16.18,16.2223,3325,0
INNO.US,D,20240321,000000,16.45,16.48,16.3507,16.3507,3775,0
INNO.US,D,20240322,000000,16.32,16.3288,16.32,16.3288,4387,0
INNO.US,D,20240325,000000,16.3,16.3,16.2746,16.2746,2126,0
INNO.US,D,20240326,000000,16.35,16.35,16.2743,16.2743,2724,0
INNO.US,D,20240327,000000,16.23,16.3019,16.23,16.3019,3026,0
INNO.US,D,20240328,000000,16.31,16.3392,16.31,16.3209,1930,0
INNO.US,D,20240401,000000,16.24,16.2491,16.23,16.2491,1229,0
INNO.US,D,20240402,000000,16.03,16.03,15.96,16.0184,881,0
INNO.US,D,20240403,000000,15.93,16.04,15.93,16.0188,1674,0
INNO.US,D,20240404,000000,16.1379,16.1379,15.7723,15.7723,532,0
INNO.US,D,20240405,000000,15.97,15.9775,15.97,15.9775,1567,0
INNO.US,D,20240408,000000,15.99,15.99,15.9777,15.9777,538,0
INNO.US,D,20240409,000000,15.97,16.0525,15.97,16.0525,935,0
INNO.US,D,20240410,000000,15.74,15.84,15.74,15.8353,2590,0
INNO.US,D,20240411,000000,15.9,16.015,15.84,15.999,3474,0
INNO.US,D,20240412,000000,15.8,15.8,15.58,15.6172,1511,0
INNO.US,D,20240415,000000,15.35,15.35,15.3,15.3221,851,0
INNO.US,D,20240416,000000,15.36,15.37,15.3508,15.3508,3444,0
INNO.US,D,20240417,000000,15.38,15.38,15.13,15.149,8911,0
INNO.US,D,20240418,000000,15.05,15.2,15.03,15.0452,4097,0
INNO.US,D,20240419,000000,14.6876,14.7,14.6876,14.7,4012,0
INNO.US,D,20240422,000000,14.84,14.97,14.84,14.9074,1011,0
INNO.US,D,20240423,000000,15,15.29,15,15.2601,2383,0
INNO.US,D,20240424,000000,15.19,15.2085,15.16,15.2085,1930,0
INNO.US,D,20240425,000000,15.02,15.03,15.0005,15.0005,1005,0
INNO.US,D,20240426,000000,15.17,15.25,15.17,15.2396,3593,0
INNO.US,D,20240429,000000,15.27,15.2701,15.19,15.2649,3782,0
INNO.US,D,20240430,000000,15.17,15.17,14.9724,14.9724,1398,0
INNO.US,D,20240501,000000,15.25,15.25,14.8348,14.8348,353,0
INNO.US,D,20240502,000000,15.12,15.12,15.1097,15.1097,4639,0
INNO.US,D,20240503,000000,15.3,15.31,15.23,15.2735,2066,0
INNO.US,D,20240506,000000,15.37,15.4867,15.37,15.4867,1838,0
INNO.US,D,20240507,000000,15.47,15.4917,15.47,15.4917,911,0
INNO.US,D,20240508,000000,15.29,15.36,15.24,15.3441,1410,0
INNO.US,D,20240509,000000,15.415,15.415,15.36,15.3636,866,0
INNO.US,D,20240510,000000,15.3122,15.3122,15.3122,15.3122,174,0
INNO.US,D,20240513,000000,15.3,15.31,15.3,15.31,565,0
INNO.US,D,20240514,000000,15.3,15.3595,15.3,15.3595,1449,0
INNO.US,D,20240515,000000,15.64,15.6803,15.635,15.6803,5562,0
INNO.US,D,20240516,000000,15.6157,15.6157,15.6157,15.6157,142,0
INNO.US,D,20240517,000000,15.64,15.64,15.57,15.5866,3235,0
INNO.US,D,20240520,000000,15.67,15.705,15.64,15.6768,3447,0
INNO.US,D,20240521,000000,15.62,15.6232,15.58,15.6229,7011,0
INNO.US,D,20240522,000000,15.65,15.71,15.64,15.6571,1920,0
INNO.US,D,20240523,000000,15.82,15.82,15.43,15.4583,1237,0
INNO.US,D,20240524,000000,15.49,15.55,15.46,15.5211,2205,0
INNO.US,D,20240528,000000,15.48,15.48,15.42,15.4564,2620,0
INNO.US,D,20240529,000000,15.29,15.3055,15.28,15.2962,1286,0
INNO.US,D,20240530,000000,15.2,15.2,15.038,15.038,1901,0
INNO.US,D,20240531,000000,15.0159,15.0159,15.0159,15.0159,139,0
INNO.US,D,20240603,000000,14.9914,14.9914,14.9914,14.9914,139,0
INNO.US,D,20240604,000000,14.99,14.99,14.89,14.9648,2071,0
INNO.US,D,20240605,000000,15.11,15.2922,15.11,15.2922,2372,0
INNO.US,D,20240606,000000,15.28,15.33,15.28,15.3194,996,0
INNO.US,D,20240607,000000,15.24,15.24,15.19,15.2175,424,0
INNO.US,D,20240610,000000,15.15,15.304,15.15,15.304,2039,0
INNO.US,D,20240611,000000,15.31,15.32,15.31,15.315,431,0
INNO.US,D,20240612,000000,15.59,15.61,15.51,15.5835,3850,0
INNO.US,D,20240613,000000,15.535,15.535,15.39,15.4808,2893,0
INNO.US,D,20240614,000000,15.41,15.41,15.34,15.38,1983,0
INNO.US,D,20240617,000000,15.38,15.4306,15.3,15.4306,2442,0
INNO.US,D,20240618,000000,15.43,15.47,15.43,15.4505,1511,0
INNO.US,D,20240620,000000,15.34,15.394,15.34,15.394,2345,0
INNO.US,D,20240621,000000,15.37,15.4645,15.37,15.4645,1250,0
INNO.US,D,20240624,000000,15.34,15.34,15.3259,15.3259,243,0
INNO.US,D,20240625,000000,15.46,15.46,15.46,15.46,123,0
INNO.US,D,20240626,000000,15.44,15.46,15.43,15.4594,4703,0
INNO.US,D,20240627,000000,15.49,15.62,15.49,15.5802,2584,0
INNO.US,D,20240628,000000,15.63,15.63,15.6072,15.6072,2242,0
INNO.US,D,20240701,000000,15.49,15.5736,15.49,15.5736,495,0
INNO.US,D,20240702,000000,15.6626,15.6626,15.6626,15.6626,232,0
INNO.US,D,20240703,000000,15.71,15.77,15.71,15.7456,1504,0
INNO.US,D,20240705,000000,15.78,15.93,15.78,15.9126,3986,0
INNO.US,D,20240708,000000,15.83,15.8416,15.83,15.8416,353,0
INNO.US,D,20240709,000000,15.78,15.78,15.71,15.7129,1173,0
INNO.US,D,20240710,000000,15.79,15.79,15.7316,15.7673,2553,0
INNO.US,D,20240711,000000,15.85,15.85,15.7175,15.7175,1235,0
INNO.US,D,20240712,000000,15.8,15.91,15.8,15.8581,544,0
INNO.US,D,20240715,000000,15.89,15.9,15.88,15.881,765,0
INNO.US,D,20240716,000000,15.98,16.02,15.95,16.0088,877,0
INNO.US,D,20240717,000000,15.71,15.71,15.5077,15.5077,972,0
INNO.US,D,20240718,000000,15.62,15.62,15.26,15.3051,766,0
INNO.US,D,20240719,000000,15.17,15.2259,15.17,15.2259,264,0
INNO.US,D,20240722,000000,15.42,15.58,15.42,15.534,605,0
INNO.US,D,20240723,000000,15.4909,15.6,15.4909,15.5135,958,0
INNO.US,D,20240724,000000,15.3,15.3,14.9957,14.9957,733,0
INNO.US,D,20240725,000000,15.03,15.1,14.9,15.0062,1210,0
INNO.US,D,20240726,000000,15.15,15.15,15.0937,15.0937,346,0
INNO.US,D,20240729,000000,15.2197,15.2197,15.0629,15.0629,509,0
INNO.US,D,20240730,000000,15.13,15.13,14.9498,14.9498,342,0
INNO.US,D,20240731,000000,15.29,15.41,15.2876,15.2876,7196,0
INNO.US,D,20240801,000000,14.73,14.7691,14.73,14.7691,135,0
INNO.US,D,20240802,000000,14.4,14.4,14.1,14.2905,4567,0
INNO.US,D,20240805,000000,13.8,14.05,13.8,14.0462,1864,0
INNO.US,D,20240806,000000,14.1414,14.385,14.1414,14.2257,2128,0
INNO.US,D,20240807,000000,14.5,14.51,14.1333,14.1333,11238,0
INNO.US,D,20240808,000000,14.38,14.6019,14.38,14.6019,3550,0
INNO.US,D,20240809,000000,14.64,14.715,14.58,14.6906,2407,0
INNO.US,D,20240812,000000,14.75,14.75,14.6846,14.6846,469,0
INNO.US,D,20240813,000000,14.86,15.0231,14.86,15.0231,974,0
INNO.US,D,20240814,000000,15.04,15.0699,15.04,15.0699,2614,0
INNO.US,D,20240815,000000,15.3,15.43,15.3,15.4271,597,0
INNO.US,D,20240816,000000,15.45,15.45,15.4431,15.4431,240,0
INNO.US,D,20240819,000000,15.47,15.6492,15.47,15.6492,338,0
INNO.US,D,20240820,000000,15.61,15.61,15.54,15.5815,1668,0
INNO.US,D,20240821,000000,15.7,15.7008,15.66,15.7008,380,0
INNO.US,D,20240822,000000,15.78,15.78,15.4229,15.4229,428,0
INNO.US,D,20240823,000000,15.62,15.6346,15.62,15.6346,419,0
INNO.US,D,20240826,000000,15.56,15.56,15.5344,15.5344,432,0
INNO.US,D,20240827,000000,15.48,15.62,15.48,15.563,901,0
INNO.US,D,20240828,000000,15.4,15.4,15.3885,15.3885,178,0
INNO.US,D,20240829,000000,15.5135,15.57,15.35,15.3542,418054,0
INNO.US,D,20240830,000000,15.47,15.5334,15.46,15.5334,1375,0
INNO.US,D,20240903,000000,15.41,15.41,14.8711,14.8711,1575,0
INNO.US,D,20240904,000000,14.83,14.9391,14.83,14.9391,1321,0
INNO.US,D,20240905,000000,14.89,14.96,14.89,14.9002,1253,0
INNO.US,D,20240906,000000,14.99,14.99,14.58,14.6448,5902,0
INNO.US,D,20240909,000000,14.82,14.8454,14.6901,14.8454,624,0
INNO.US,D,20240910,000000,14.8829,14.8829,14.8829,14.8829,132,0
INNO.US,D,20240911,000000,14.93,15.2027,14.93,15.2027,389,0
INNO.US,D,20240912,000000,15.2,15.308,15.2,15.308,956,0
INNO.US,D,20240913,000000,15.34,15.4516,15.34,15.4516,1990,0
INNO.US,D,20240916,000000,15.5,15.552,15.5,15.552,422,0
INNO.US,D,20240917,000000,15.6,15.65,15.59,15.6165,837,0
INNO.US,D,20240918,000000,15.67,15.67,15.5705,15.5897,1780,0
INNO.US,D,20240919,000000,15.975,16.035,15.9727,15.9727,1168,0
INNO.US,D,20240920,000000,15.9,15.94,15.81,15.9,1116,0
INNO.US,D,20240923,000000,15.82,15.955,15.82,15.9453,629,0
INNO.US,D,20240924,000000,15.9101,16.0119,15.9101,16.0119,5001,0
INNO.US,D,20240925,000000,15.9115,15.9357,15.9115,15.9357,645,0
INNO.US,D,20240926,000000,16.01,16.0518,16.01,16.0518,297,0
INNO.US,D,20240927,000000,15.9847,15.9847,15.9847,15.9847,4,0
INNO.US,D,20240930,000000,15.9,15.9895,15.9,15.9895,834,0
INNO.US,D,20241001,000000,16.03,16.03,15.73,15.785,1519,0
INNO.US,D,20241002,000000,15.76,15.8,15.7,15.7913,4138,0
INNO.US,D,20241003,000000,15.7,15.76,15.7,15.7489,641,0
INNO.US,D,20241004,000000,15.9,16.0131,15.9,16.0131,359,0
INNO.US,D,20241007,000000,15.94,15.94,15.8372,15.8372,522,0
INNO.US,D,20241008,000000,15.9586,16.0521,15.93,16.0521,4823,0
INNO.US,D,20241009,000000,16.06,16.2,16.06,16.1877,1164,0
INNO.US,D,20241010,000000,16.24,16.2408,16.16,16.2408,1893,0
INNO.US,D,20241011,000000,16.19,16.3916,16.19,16.3916,991,0
INNO.US,D,20241014,000000,16.48,16.55,16.47,16.5207,1297,0
INNO.US,D,20241015,000000,16.5,16.5,16.15,16.1643,4283,0
INNO.US,D,20241016,000000,16.07,16.17,16.06,16.1319,2428,0
INNO.US,D,20241017,000000,16.3,16.3,16.1132,16.1132,1522,0
INNO.US,D,20241018,000000,16.21,16.23,16.21,16.2194,2400,0
INNO.US,D,20241021,000000,16.16,16.19,16.1574,16.188,743,0
INNO.US,D,20241022,000000,16.07,16.1341,16.07,16.1341,465,0
INNO.US,D,20241023,000000,16.05,16.055,15.9,15.9499,1380538,0
INNO.US,D,20241024,000000,16.03,16.0909,16.02,16.0909,18008,0
INNO.US,D,20241025,000000,16.2245,16.235,16.12,16.1268,11557,0
INNO.US,D,20241028,000000,16.13,16.149,16.13,16.149,3387,0
INNO.US,D,20241029,000000,16.26,16.3017,16.26,16.3017,3604,0
INNO.US,D,20241030,000000,16.1919,16.1919,16.1919,16.1919,67,0
INNO.US,D,20241031,000000,15.95,15.95,15.9006,15.9006,260,0
INNO.US,D,20241101,000000,16.01,16.045,16.01,16.045,591,0
INNO.US,D,20241104,000000,16.12,16.12,16.0201,16.0235,2049,0
INNO.US,D,20241105,000000,16.19,16.2253,16.19,16.2253,120,0
INNO.US,D,20241106,000000,16.46,16.7185,16.46,16.7185,1729,0
INNO.US,D,20241107,000000,16.79,16.87,16.73,16.8497,2426,0
INNO.US,D,20241108,000000,16.86,16.9112,16.86,16.9112,677,0
INNO.US,D,20241111,000000,17.0199,17.0199,16.94,16.9859,1844,0
INNO.US,D,20241112,000000,17.185,17.185,17.11,17.1392,1470,0
INNO.US,D,20241113,000000,17.13,17.1407,17.12,17.1407,663,0
INNO.US,D,20241115,000000,16.4505,16.74,16.4505,16.5365,1579,0
INNO.US,D,20241118,000000,16.55,16.625,16.55,16.5923,4371,0
INNO.US,D,20241119,000000,16.62,16.8023,16.62,16.8023,1364,0
INNO.US,D,20241120,000000,16.73,16.8243,16.65,16.8243,2658,0
INNO.US,D,20241121,000000,16.905,17.13,16.905,17.07,5360,0
INNO.US,D,20241122,000000,17.21,17.2265,17.07,17.2265,3826,0
INNO.US,D,20241125,000000,17.26,17.3321,17.26,17.3321,1335,0
INNO.US,D,20241126,000000,17.3902,17.3902,17.3003,17.3798,1046,0
INNO.US,D,20241127,000000,17.22,17.2326,17.19,17.2326,3554,0
INNO.US,D,20241202,000000,17.3709,17.428,17.35,17.428,2931,0
INNO.US,D,20241205,000000,17.6491,17.72,17.5441,17.5441,630,0
INNO.US,D,20241206,000000,17.62,17.6657,17.57,17.6657,4790,0
INNO.US,D,20241209,000000,17.68,17.68,17.43,17.4454,21265,0
INNO.US,D,20241210,000000,17.41,17.455,17.38,17.455,17826,0
INNO.US,D,20241211,000000,17.6,17.62,17.44,17.59,4758,0
INNO.US,D,20241212,000000,17.541,17.652,17.53,17.62,14592,0
INNO.US,D,20241213,000000,17.715,17.735,17.7,17.72,9688,0
