<TICKER>,<PER>,<DATE>,<TIME>,<OPEN>,<HIGH>,<LOW>,<CLOSE>,<VOL>,<OPENINT>
IWIN.US,D,20220203,000000,24.7399,24.7399,24.3834,24.3834,100959,0
IWIN.US,D,20220204,000000,24.25,24.715,24.25,24.55,11039,0
IWIN.US,D,20220207,000000,24.7581,25.3199,24.6501,24.749,112201,0
IWIN.US,D,20220208,000000,25.01,25.14,24.68,25.0983,34900,0
IWIN.US,D,20220209,000000,25.37,25.63,25.37,25.6076,53235,0
IWIN.US,D,20220210,000000,25.42,25.9,25.1201,25.23,48468,0
IWIN.US,D,20220211,000000,25.33,25.525,25.04,25.1591,30595,0
IWIN.US,D,20220214,000000,25.23,25.2714,25,25.0477,15323,0
IWIN.US,D,20220215,000000,25.36,25.53,25.06,25.52,25395,0
IWIN.US,D,20220216,000000,25.5015,25.6594,25.33,25.5581,17870,0
IWIN.US,D,20220217,000000,25.48,25.54,25.08,25.1448,9036,0
IWIN.US,D,20220218,000000,25.05,25.18,24.82,24.8818,12113,0
IWIN.US,D,20220222,000000,24.87,24.88,24.46,24.6137,29601,0
IWIN.US,D,20220223,000000,24.81,24.81,24.3,24.3415,7861,0
IWIN.US,D,20220224,000000,23.99,24.9617,23.99,24.9309,27939,0
IWIN.US,D,20220225,000000,24.96,25.4209,24.7032,25.4209,13142,0
IWIN.US,D,20220228,000000,25.45,25.8736,25.45,25.8736,2907,0
IWIN.US,D,20220301,000000,26.2282,26.2282,25.9685,26.0302,9277,0
IWIN.US,D,20220302,000000,26.11,26.62,26.065,26.4858,5925,0
IWIN.US,D,20220303,000000,26.4709,26.4709,26.19,26.3302,8644,0
IWIN.US,D,20220304,000000,26.6,26.6,25.84,26.1455,14740,0
IWIN.US,D,20220307,000000,26.395,26.42,25.82,25.9354,16104,0
IWIN.US,D,20220308,000000,25.89,26.31,25.85,26.0661,25232,0
IWIN.US,D,20220309,000000,26.51,27.52,26.19,26.49,108099,0
IWIN.US,D,20220310,000000,26.94,27.65,26.2645,26.77,158109,0
IWIN.US,D,20220311,000000,28.11,28.75,26.4011,26.4381,86344,0
IWIN.US,D,20220314,000000,26.57,26.57,25.605,25.6695,72998,0
IWIN.US,D,20220315,000000,25.67,25.73,25.38,25.7,22241,0
IWIN.US,D,20220316,000000,25.95,26.07,25.55,26,25487,0
IWIN.US,D,20220317,000000,25.77,26.76,25.77,26.7535,25422,0
IWIN.US,D,20220318,000000,26.76,26.89,26.6,26.89,20451,0
IWIN.US,D,20220321,000000,27.3,27.3,26.9,27.0998,24465,0
IWIN.US,D,20220322,000000,27.27,27.27,26.93,27.06,77865,0
IWIN.US,D,20220323,000000,26.91,27.21,26.91,26.9739,21764,0
IWIN.US,D,20220324,000000,27.01,27.14,26.87,27.01,33392,0
IWIN.US,D,20220325,000000,27.21,27.21,26.87,27.04,16015,0
IWIN.US,D,20220328,000000,26.7,26.9199,26.65,26.79,12560,0
IWIN.US,D,20220329,000000,26.58,27.28,26.58,27.271,72457,0
IWIN.US,D,20220330,000000,27.38,27.44,27.129,27.2002,83605,0
IWIN.US,D,20220331,000000,27.2198,27.35,26.9144,26.9144,9017,0
IWIN.US,D,20220401,000000,26.8201,27.16,26.8201,27.1533,11136,0
IWIN.US,D,20220404,000000,27.41,27.41,27.1343,27.2105,16787,0
IWIN.US,D,20220405,000000,27.37,27.37,26.76,26.7763,53606,0
IWIN.US,D,20220406,000000,26.45,26.7314,25.63,26.5002,24997,0
IWIN.US,D,20220407,000000,26.66,26.66,26.21,26.5473,12123,0
IWIN.US,D,20220408,000000,26.63,26.9,26.63,26.7736,6784,0
IWIN.US,D,20220411,000000,26.52,26.82,26.5,26.6614,13595,0
IWIN.US,D,20220412,000000,26.88,27,26.71,26.72,28660,0
IWIN.US,D,20220413,000000,26.9207,27.31,26.9207,27.31,21612,0
IWIN.US,D,20220414,000000,27.22,27.36,27.1501,27.225,10985,0
IWIN.US,D,20220418,000000,27.38,27.38,26.9801,27.08,12225,0
IWIN.US,D,20220419,000000,27.46,27.55,27.33,27.45,15778,0
IWIN.US,D,20220420,000000,27.45,27.68,27.45,27.53,12199,0
IWIN.US,D,20220421,000000,27.6,27.69,26.77,26.81,11270,0
IWIN.US,D,20220422,000000,26.63,26.63,26,26.0829,14840,0
IWIN.US,D,20220425,000000,26.09,26.27,25.64,26.17,10559,0
IWIN.US,D,20220426,000000,26.04,26.12,25.76,25.76,27691,0
IWIN.US,D,20220427,000000,25.28,25.92,25.28,25.63,29808,0
IWIN.US,D,20220428,000000,25.795,26.28,25.6625,26.159,2563,0
IWIN.US,D,20220429,000000,26.2501,26.2501,25.67,25.67,14952,0
IWIN.US,D,20220502,000000,25.4901,25.71,25.24,25.53,9183,0
IWIN.US,D,20220503,000000,25.37,25.868,25.37,25.77,7469,0
IWIN.US,D,20220504,000000,26.83,26.83,25.3301,26.23,20553,0
IWIN.US,D,20220505,000000,25.957,25.957,25.17,25.2839,7271,0
IWIN.US,D,20220506,000000,25.23,25.23,24.73,24.9965,9703,0
IWIN.US,D,20220509,000000,25.41,25.41,23.8536,23.8536,17488,0
IWIN.US,D,20220510,000000,24,24,23.3301,23.5044,21344,0
IWIN.US,D,20220511,000000,23.49,23.7,23.001,23.0147,10508,0
IWIN.US,D,20220512,000000,22.56,23.1701,22.54,22.9728,23349,0
IWIN.US,D,20220513,000000,22.81,23.77,22.81,23.6625,4495,0
IWIN.US,D,20220516,000000,23.63,23.74,23.46,23.67,27508,0
IWIN.US,D,20220517,000000,24.01,24.2281,23.8713,24.2281,5343,0
IWIN.US,D,20220518,000000,23.85,23.85,23.37,23.4081,13079,0
IWIN.US,D,20220519,000000,23.45,23.8301,23.45,23.653,2756,0
IWIN.US,D,20220520,000000,23.6,23.6,23.2,23.58,3956,0
IWIN.US,D,20220523,000000,23.52,23.89,23.52,23.7576,12244,0
IWIN.US,D,20220524,000000,23.24,24.6,23.22,23.54,9215,0
IWIN.US,D,20220525,000000,23.7,23.949,23.7,23.87,5334,0
IWIN.US,D,20220526,000000,23.91,24.29,23.91,24.23,907,0
IWIN.US,D,20220527,000000,24.34,24.61,24.2,24.61,8053,0
IWIN.US,D,20220531,000000,24.65,24.6641,24.4901,24.5215,3632,0
IWIN.US,D,20220601,000000,24.34,24.48,24.3,24.36,6587,0
IWIN.US,D,20220602,000000,24.34,24.84,24.34,24.84,3746,0
IWIN.US,D,20220603,000000,24.645,24.645,24.46,24.5081,4420,0
IWIN.US,D,20220606,000000,24.65,24.655,24.52,24.5785,3279,0
IWIN.US,D,20220607,000000,24.34,24.82,24.31,24.82,6600,0
IWIN.US,D,20220608,000000,24.71,24.795,24.38,24.4614,99819,0
IWIN.US,D,20220609,000000,24.3,24.3,24.0717,24.0717,5619,0
IWIN.US,D,20220610,000000,23.43,23.72,23.4,23.5537,7340,0
IWIN.US,D,20220613,000000,22.75,22.75,22.05,22.2,40812,0
IWIN.US,D,20220614,000000,22.2,22.2,21.641,21.7482,6191,0
IWIN.US,D,20220615,000000,22.0285,22.06,21.6,21.8891,3370,0
IWIN.US,D,20220616,000000,21.5899,21.5899,21.05,21.1454,9565,0
IWIN.US,D,20220617,000000,21.28,21.28,20.8901,21.0649,6661,0
IWIN.US,D,20220621,000000,21.43,21.51,21.21,21.3745,9848,0
IWIN.US,D,20220622,000000,21.25,21.2699,21.0919,21.0919,3740,0
IWIN.US,D,20220623,000000,21.11,21.19,21,21.1126,5088,0
IWIN.US,D,20220624,000000,21.47,21.5901,21.4401,21.4998,4102,0
IWIN.US,D,20220627,000000,21.6381,21.665,21.5322,21.54,4055,0
IWIN.US,D,20220628,000000,21.5,21.5001,21.26,21.2764,3501,0
IWIN.US,D,20220629,000000,21.0015,21.02,20.84,20.9363,10731,0
IWIN.US,D,20220630,000000,20.5289,20.54,20.5289,20.5338,1880,0
IWIN.US,D,20220701,000000,20.63,20.9356,20.63,20.9356,691,0
IWIN.US,D,20220705,000000,20.66,20.85,20.28,20.85,4790,0
IWIN.US,D,20220706,000000,20.76,20.76,20.28,20.585,4607,0
IWIN.US,D,20220707,000000,20.79,21.232,20.79,21.1163,7294,0
IWIN.US,D,20220708,000000,21.43,21.44,21.03,21.245,2791,0
IWIN.US,D,20220711,000000,20.5,21.03,20.5,20.8315,8916,0
IWIN.US,D,20220712,000000,20.63,20.86,20.63,20.7167,3765,0
IWIN.US,D,20220713,000000,20.45,20.7939,20.361,20.7939,8225,0
IWIN.US,D,20220714,000000,20.2401,20.7,20.2401,20.5882,2498,0
IWIN.US,D,20220715,000000,20.59,20.8905,20.59,20.8905,437,0
IWIN.US,D,20220718,000000,20.97,21.32,20.97,21.0094,6298,0
IWIN.US,D,20220719,000000,21.4522,21.6204,21.4522,21.6204,1604,0
IWIN.US,D,20220720,000000,21.56,21.7082,21.5584,21.7057,2512,0
IWIN.US,D,20220721,000000,21.48,21.6998,21.44,21.6998,7011,0
IWIN.US,D,20220722,000000,21.75,21.7976,21.4106,21.4106,2092,0
IWIN.US,D,20220725,000000,21.4901,21.5286,21.4901,21.5286,455,0
IWIN.US,D,20220726,000000,21.38,21.47,21.37,21.4622,7370,0
IWIN.US,D,20220727,000000,21.67,22.19,21.66,22.1693,2075,0
IWIN.US,D,20220728,000000,22.4005,22.4005,22.4005,22.4005,289,0
IWIN.US,D,20220729,000000,22.4781,22.75,22.4781,22.7076,2759,0
IWIN.US,D,20220801,000000,22.64,22.64,22.4182,22.5896,4075,0
IWIN.US,D,20220802,000000,22.3301,22.5251,22.3301,22.4046,1144,0
IWIN.US,D,20220803,000000,22.24,22.3714,22.24,22.3714,1463,0
IWIN.US,D,20220804,000000,22.19,22.39,22.12,22.12,13683,0
IWIN.US,D,20220805,000000,22.32,22.3304,22.16,22.3304,1516,0
IWIN.US,D,20220808,000000,22.12,22.67,22.12,22.6503,5982,0
IWIN.US,D,20220809,000000,22.75,22.75,22.3,22.3581,769,0
IWIN.US,D,20220810,000000,22.75,22.96,22.75,22.9556,8676,0
IWIN.US,D,20220811,000000,23.43,23.43,23.09,23.1375,3282,0
IWIN.US,D,20220812,000000,23.27,23.35,23.27,23.35,1522,0
IWIN.US,D,20220815,000000,23.09,23.15,23.06,23.1235,15145,0
IWIN.US,D,20220816,000000,23,23.05,22.9219,23.0203,2693,0
IWIN.US,D,20220817,000000,22.471,22.5556,22.47,22.5556,1917,0
IWIN.US,D,20220818,000000,22.5271,22.6651,22.5271,22.6651,589,0
IWIN.US,D,20220819,000000,22.28,22.28,21.97,21.9715,2591,0
IWIN.US,D,20220822,000000,21.6106,21.6106,21.581,21.5974,996,0
IWIN.US,D,20220823,000000,21.9609,21.9609,21.81,21.9277,2850,0
IWIN.US,D,20220824,000000,22.34,22.4375,22.32,22.4375,10445,0
IWIN.US,D,20220825,000000,22.42,22.49,22.32,22.45,3872,0
IWIN.US,D,20220826,000000,21.7501,21.8902,21.7501,21.8902,236,0
IWIN.US,D,20220829,000000,21.6,22.09,21.6,22.0077,1398,0
IWIN.US,D,20220830,000000,21.65,21.6899,21.55,21.6899,2599,0
IWIN.US,D,20220831,000000,21.49,21.7044,21.49,21.7044,1560,0
IWIN.US,D,20220901,000000,21.33,21.33,21.145,21.2921,1309,0
IWIN.US,D,20220902,000000,21.38,21.4,21.2568,21.2568,2371,0
IWIN.US,D,20220906,000000,21.16,21.424,21.16,21.2736,1618,0
IWIN.US,D,20220907,000000,21.13,21.4331,21.12,21.4331,777,0
IWIN.US,D,20220908,000000,21.27,21.5614,21.27,21.5614,1040,0
IWIN.US,D,20220909,000000,21.9116,22.06,21.9116,22.06,2658,0
IWIN.US,D,20220912,000000,22.2,22.2454,22.17,22.2454,2036,0
IWIN.US,D,20220913,000000,21.585,21.585,21.3339,21.3339,160,0
IWIN.US,D,20220914,000000,21.3293,21.3293,21.3293,21.3293,154,0
IWIN.US,D,20220915,000000,21.055,21.0612,20.8376,20.8376,550,0
IWIN.US,D,20220916,000000,20.51,20.6292,20.51,20.6292,16477,0
IWIN.US,D,20220919,000000,20.6463,20.8085,20.6463,20.8085,451,0
IWIN.US,D,20220920,000000,20.3938,20.42,20.36,20.42,444,0
IWIN.US,D,20220921,000000,20.49,20.49,20.1987,20.1987,822,0
IWIN.US,D,20220922,000000,20.0359,20.04,19.731,19.9001,4649,0
IWIN.US,D,20220923,000000,19.13,19.2856,19.04,19.2856,2888,0
IWIN.US,D,20220926,000000,19.2467,19.2467,18.8609,18.8609,896,0
IWIN.US,D,20220927,000000,18.909,19.0322,18.909,18.9517,3832,0
IWIN.US,D,20220928,000000,19.48,19.6553,19.47,19.6358,1077,0
IWIN.US,D,20220929,000000,19.132,19.22,19.132,19.1997,9983,0
IWIN.US,D,20220930,000000,19.3,19.3999,19.23,19.2403,2115,0
IWIN.US,D,20221003,000000,19.63,19.82,19.63,19.7919,755,0
IWIN.US,D,20221004,000000,19.66,20.58,19.66,20.5672,24082,0
IWIN.US,D,20221005,000000,20.3115,20.5032,20.3115,20.4286,23088,0
IWIN.US,D,20221006,000000,20.11,20.2501,20.07,20.2501,8489,0
IWIN.US,D,20221007,000000,20.04,20.04,19.8162,19.8162,954,0
IWIN.US,D,20221010,000000,19.89,19.89,19.54,19.6652,973,0
IWIN.US,D,20221011,000000,19.4301,19.95,19.4301,19.7166,6346,0
IWIN.US,D,20221012,000000,19.45,19.5999,19.405,19.58,4146,0
IWIN.US,D,20221013,000000,19.1,19.7935,18.905,19.7935,2220,0
IWIN.US,D,20221014,000000,19.52,19.56,19.2375,19.2375,737,0
IWIN.US,D,20221017,000000,19.49,19.765,19.47,19.6092,3731,0
IWIN.US,D,20221018,000000,19.725,19.86,19.68,19.86,1255,0
IWIN.US,D,20221019,000000,19.46,19.5555,19.45,19.55,4446,0
IWIN.US,D,20221020,000000,19.64,19.64,19.451,19.5167,2250,0
IWIN.US,D,20221021,000000,19.47,19.98,19.47,19.98,1237,0
IWIN.US,D,20221024,000000,19.75,19.95,19.75,19.95,748,0
IWIN.US,D,20221025,000000,20.08,20.4804,20.08,20.4804,1122,0
IWIN.US,D,20221026,000000,20.6941,20.77,20.6547,20.6547,699,0
IWIN.US,D,20221027,000000,20.45,20.45,20.2768,20.2768,162,0
IWIN.US,D,20221028,000000,20.35,20.3993,20.35,20.3993,796,0
IWIN.US,D,20221031,000000,20.3289,20.3289,20.3289,20.3289,110,0
IWIN.US,D,20221101,000000,20.44,20.52,20.36,20.3997,498,0
IWIN.US,D,20221102,000000,20.27,20.27,19.78,19.8006,1433,0
IWIN.US,D,20221103,000000,19.8,19.8297,19.6776,19.6776,2051,0
IWIN.US,D,20221104,000000,20.06,20.2233,20.06,20.2233,534,0
IWIN.US,D,20221107,000000,20.14,20.6,20.14,20.4739,5201,0
IWIN.US,D,20221108,000000,20.4,20.72,20.385,20.6107,2557,0
IWIN.US,D,20221109,000000,20.4809,20.4809,20.0728,20.0728,875,0
IWIN.US,D,20221110,000000,21,21.24,21,21.2354,2418,0
IWIN.US,D,20221111,000000,21.25,21.42,21.25,21.4151,803,0
IWIN.US,D,20221114,000000,21.37,21.37,21.2098,21.2098,484,0
IWIN.US,D,20221115,000000,21.39,21.4582,21.39,21.4582,298,0
IWIN.US,D,20221116,000000,21.11,21.1432,21.11,21.1432,477,0
IWIN.US,D,20221117,000000,20.765,20.9456,20.765,20.9456,764,0
IWIN.US,D,20221118,000000,20.93,21.0445,20.93,21.0169,708,0
IWIN.US,D,20221121,000000,20.74,20.81,20.73,20.7613,51140,0
IWIN.US,D,20221122,000000,21.0959,21.0959,21.0959,21.0959,222,0
IWIN.US,D,20221123,000000,21.02,21.2258,21.02,21.2258,1964,0
IWIN.US,D,20221125,000000,21.29,21.29,21.2341,21.2341,240,0
IWIN.US,D,20221128,000000,21,21,20.762,20.762,1379,0
IWIN.US,D,20221129,000000,20.98,20.99,20.95,20.9897,793,0
IWIN.US,D,20221130,000000,21.4615,21.4615,21.4615,21.4615,1,0
IWIN.US,D,20221201,000000,21.4802,21.5457,21.48,21.5457,1292,0
IWIN.US,D,20221202,000000,21.5252,21.5252,21.5252,21.5252,207,0
IWIN.US,D,20221205,000000,20.9904,20.9904,20.9904,20.9904,66,0
IWIN.US,D,20221206,000000,20.59,20.6205,20.59,20.6205,844,0
IWIN.US,D,20221207,000000,20.79,20.79,20.7673,20.7673,181,0
IWIN.US,D,20221208,000000,21.01,21.01,20.8431,20.8431,144,0
IWIN.US,D,20221209,000000,20.7307,20.7307,20.7307,20.7307,5,0
IWIN.US,D,20221212,000000,20.56,20.8714,20.56,20.8714,2805,0
IWIN.US,D,20221213,000000,20.72,21.5501,20.72,21.1765,5521,0
IWIN.US,D,20221214,000000,21.16,21.17,21.1024,21.1024,302,0
IWIN.US,D,20221215,000000,20.76,20.845,20.76,20.8134,1204,0
IWIN.US,D,20221216,000000,20.39,20.572,20.39,20.572,3152,0
IWIN.US,D,20221219,000000,20.4,20.4,20.2,20.2306,8657,0
IWIN.US,D,20221220,000000,20.38,20.51,20.37,20.4834,4544,0
IWIN.US,D,20221221,000000,20.8219,20.8599,20.7739,20.7739,555,0
IWIN.US,D,20221222,000000,20.25,20.5566,20.25,20.5566,274,0
IWIN.US,D,20221223,000000,20.47,20.7151,20.47,20.7151,1382,0
IWIN.US,D,20221227,000000,20.78,20.7917,20.73,20.7917,1020,0
IWIN.US,D,20221228,000000,20.2,20.2,20.2,20.2,545,0
IWIN.US,D,20221229,000000,20.55,20.55,20.48,20.5105,1830,0
IWIN.US,D,20221230,000000,20.39,20.5383,20.39,20.5383,1864,0
IWIN.US,D,20230103,000000,20.6903,20.6903,20.43,20.4788,652,0
IWIN.US,D,20230104,000000,20.58,20.79,20.58,20.71,999,0
IWIN.US,D,20230105,000000,20.6,20.645,20.56,20.6405,2337,0
IWIN.US,D,20230106,000000,20.8628,21.143,20.8628,21.143,485,0
IWIN.US,D,20230109,000000,21.39,21.4335,21.2305,21.2305,2746,0
IWIN.US,D,20230110,000000,21.4118,21.4118,21.4118,21.4118,21,0
IWIN.US,D,20230111,000000,21.49,21.629,21.49,21.629,1282,0
IWIN.US,D,20230112,000000,21.92,21.9732,21.92,21.9732,246,0
IWIN.US,D,20230113,000000,22,22.1403,22,22.1403,644,0
IWIN.US,D,20230117,000000,22.1116,22.1477,22.1116,22.1477,602,0
IWIN.US,D,20230118,000000,22.345,22.345,21.9162,21.9162,610,0
IWIN.US,D,20230119,000000,21.9,21.9631,21.9,21.9631,104,0
IWIN.US,D,20230120,000000,22.15,22.3695,22.15,22.3695,921,0
IWIN.US,D,20230123,000000,22.5,22.5314,22.5,22.5314,376,0
IWIN.US,D,20230124,000000,22.5354,22.5354,22.5354,22.5354,8,0
IWIN.US,D,20230125,000000,22.6478,22.6478,22.6478,22.6478,106,0
IWIN.US,D,20230126,000000,22.7,22.8242,22.7,22.8242,3379,0
IWIN.US,D,20230127,000000,22.92,22.92,22.9196,22.9196,225,0
IWIN.US,D,20230130,000000,22.82,22.8201,22.6,22.6094,1619,0
IWIN.US,D,20230131,000000,22.82,22.8995,22.8115,22.8995,530,0
IWIN.US,D,20230201,000000,22.8214,23.191,22.7148,23.191,2861,0
IWIN.US,D,20230202,000000,23.18,23.3055,23.18,23.3055,312,0
IWIN.US,D,20230203,000000,23.18,23.18,22.9243,22.9243,343,0
IWIN.US,D,20230206,000000,22.7,22.7,22.51,22.5556,7254,0
IWIN.US,D,20230207,000000,22.8247,22.8247,22.8247,22.8247,5,0
IWIN.US,D,20230208,000000,22.62,22.62,22.5289,22.5289,1870,0
IWIN.US,D,20230209,000000,22.9,22.9,22.3878,22.3878,2045,0
IWIN.US,D,20230210,000000,22.38,22.4411,22.34,22.4411,10587,0
IWIN.US,D,20230213,000000,22.47,22.5476,22.47,22.5476,104,0
IWIN.US,D,20230214,000000,22.56,22.6497,22.41,22.6497,484,0
IWIN.US,D,20230215,000000,22.53,22.7381,22.53,22.7381,2337,0
IWIN.US,D,20230216,000000,22.42,22.76,22.42,22.6397,661,0
IWIN.US,D,20230217,000000,22.3947,22.3947,22.3947,22.3947,51,0
IWIN.US,D,20230221,000000,22.23,22.23,21.8739,21.8739,589,0
IWIN.US,D,20230222,000000,21.9093,21.9093,21.7525,21.7525,701,0
IWIN.US,D,20230223,000000,21.5411,21.74,21.5411,21.74,278,0
IWIN.US,D,20230224,000000,21.4368,21.4368,21.4368,21.4368,45,0
IWIN.US,D,20230227,000000,21.56,21.5909,21.53,21.5909,1031,0
IWIN.US,D,20230228,000000,21.6409,21.6409,21.6409,21.6409,50,0
IWIN.US,D,20230301,000000,21.6201,21.69,21.6201,21.69,254,0
IWIN.US,D,20230302,000000,21.7787,21.7787,21.7787,21.7787,6,0
IWIN.US,D,20230303,000000,21.925,21.9983,21.89,21.9795,1460,0
IWIN.US,D,20230306,000000,21.81,21.85,21.7108,21.7108,2466,0
IWIN.US,D,20230307,000000,21.2779,21.2779,21.2779,21.2779,15,0
IWIN.US,D,20230308,000000,21.36,21.4163,21.36,21.4163,125,0
IWIN.US,D,20230309,000000,21.5336,21.5336,21.0965,21.0965,1922,0
IWIN.US,D,20230310,000000,21,21,20.68,20.7089,960,0
IWIN.US,D,20230313,000000,20.77,21.0865,20.53,21.0865,1411,0
IWIN.US,D,20230314,000000,21.2162,21.2162,21.2162,21.2162,51,0
IWIN.US,D,20230315,000000,20.75,20.9697,20.75,20.9697,1472,0
IWIN.US,D,20230316,000000,20.9,21.251,20.9,21.251,475,0
IWIN.US,D,20230317,000000,21.3361,21.3361,21.3361,21.3361,30,0
IWIN.US,D,20230320,000000,21.51,21.5693,21.51,21.5242,713,0
IWIN.US,D,20230321,000000,21.6,21.6556,21.59,21.6556,283,0
IWIN.US,D,20230322,000000,21.69,21.7092,21.353,21.353,350,0
IWIN.US,D,20230323,000000,21.47,21.5222,21.33,21.3413,4835,0
IWIN.US,D,20230324,000000,21.32,21.32,21.3102,21.3102,222,0
IWIN.US,D,20230327,000000,21.365,21.5299,21.365,21.41,47556,0
IWIN.US,D,20230328,000000,21.44,21.56,21.43,21.52,18167,0
IWIN.US,D,20230329,000000,21.725,21.755,21.65,21.74,5725,0
IWIN.US,D,20230330,000000,21.7701,21.8638,21.7701,21.8638,412,0
IWIN.US,D,20230331,000000,21.97,22.1647,21.97,22.1647,966,0
IWIN.US,D,20230403,000000,22.25,22.3301,22.19,22.22,1097,0
IWIN.US,D,20230404,000000,22.24,22.24,22.05,22.0722,4419,0
IWIN.US,D,20230405,000000,21.87,22.0093,21.87,22.0093,532,0
IWIN.US,D,20230406,000000,21.79,21.87,21.79,21.87,1465,0
IWIN.US,D,20230410,000000,21.9501,22.1075,21.95,22.1075,1017,0
IWIN.US,D,20230411,000000,22.4229,22.4229,22.4229,22.4229,10,0
IWIN.US,D,20230412,000000,22.53,22.53,22.32,22.3489,501,0
IWIN.US,D,20230413,000000,22.48,22.52,22.45,22.52,2112,0
IWIN.US,D,20230414,000000,22.3529,22.3529,22.3529,22.3529,47,0
IWIN.US,D,20230417,000000,22.29,22.402,22.25,22.402,1907,0
IWIN.US,D,20230418,000000,22.459,22.53,22.459,22.53,5465,0
IWIN.US,D,20230419,000000,22.3699,22.3699,22.32,22.32,1666,0
IWIN.US,D,20230420,000000,22.397,22.397,22.26,22.26,731,0
IWIN.US,D,20230421,000000,22.1329,22.1329,22.08,22.08,640,0
IWIN.US,D,20230424,000000,22.12,22.12,22.12,22.12,326,0
IWIN.US,D,20230425,000000,22.05,22.06,21.88,21.8976,3973,0
IWIN.US,D,20230426,000000,21.9301,21.9401,21.6851,21.6851,589,0
IWIN.US,D,20230427,000000,22.0552,22.0552,22.0552,22.0552,50,0
IWIN.US,D,20230428,000000,22.1501,22.28,22.15,22.28,1901,0
IWIN.US,D,20230501,000000,22.1191,22.1191,22.1191,22.1191,84,0
IWIN.US,D,20230502,000000,21.91,21.9745,21.81,21.9745,413,0
IWIN.US,D,20230503,000000,22.0499,22.0499,21.9516,21.9516,539,0
IWIN.US,D,20230504,000000,21.96,22.0487,21.86,22.0487,4117,0
IWIN.US,D,20230505,000000,22.24,22.49,22.24,22.49,1354,0
IWIN.US,D,20230508,000000,22.44,22.5291,22.44,22.4923,329,0
IWIN.US,D,20230509,000000,22.53,22.7,22.53,22.6304,733,0
IWIN.US,D,20230510,000000,22.59,22.5937,22.59,22.5937,126,0
IWIN.US,D,20230511,000000,22.32,22.3233,22.28,22.3233,752,0
IWIN.US,D,20230512,000000,22.2701,22.2701,22.07,22.2059,2351,0
IWIN.US,D,20230515,000000,22.36,22.36,22.32,22.32,1600,0
IWIN.US,D,20230516,000000,22.02,22.04,22.02,22.0231,933,0
IWIN.US,D,20230517,000000,21.98,22.2673,21.9575,22.2673,583,0
IWIN.US,D,20230518,000000,22.17,22.335,22.15,22.335,546,0
IWIN.US,D,20230519,000000,22.164,22.2014,22.164,22.2014,140,0
IWIN.US,D,20230522,000000,22.18,22.2243,22.18,22.2243,807,0
IWIN.US,D,20230523,000000,22.18,22.18,22.1498,22.1498,288,0
IWIN.US,D,20230524,000000,22.1,22.1,21.8,21.8153,1610,0
IWIN.US,D,20230525,000000,21.74,21.76,21.74,21.76,674,0
IWIN.US,D,20230526,000000,21.8173,21.8173,21.8173,21.8173,3,0
IWIN.US,D,20230530,000000,21.79,21.84,21.75,21.84,1562,0
IWIN.US,D,20230531,000000,21.65,21.8362,21.65,21.8362,107,0
IWIN.US,D,20230601,000000,22.22,22.28,22.2199,22.2199,1166,0
IWIN.US,D,20230602,000000,22.35,22.7133,22.35,22.7133,491,0
IWIN.US,D,20230605,000000,22.6018,22.6018,22.6018,22.6018,77,0
IWIN.US,D,20230606,000000,22.994,22.994,22.994,22.994,138,0
IWIN.US,D,20230607,000000,23,23.26,23,23.1732,434,0
IWIN.US,D,20230608,000000,23.17,23.2105,23.17,23.2105,295,0
IWIN.US,D,20230609,000000,23.1596,23.1596,23.1596,23.1596,1,0
IWIN.US,D,20230612,000000,23.07,23.3001,23.07,23.3001,437,0
IWIN.US,D,20230613,000000,23.481,23.5,23.32,23.3282,4231,0
IWIN.US,D,20230614,000000,23.1974,23.1974,23.1974,23.1974,122,0
IWIN.US,D,20230615,000000,23.13,23.4164,23.13,23.4098,428,0
IWIN.US,D,20230616,000000,23.46,23.4715,23.46,23.4715,260,0
IWIN.US,D,20230620,000000,20.99,23.3421,20.99,23.3421,2571,0
IWIN.US,D,20230621,000000,23.438,23.461,23.37,23.461,1325,0
IWIN.US,D,20230622,000000,23.3746,23.3746,23.3746,23.3746,100,0
IWIN.US,D,20230623,000000,23.2,23.2,23.2,23.2,335,0
IWIN.US,D,20230626,000000,23.34,23.34,23.3007,23.3007,176,0
IWIN.US,D,20230627,000000,23.26,23.6538,23.26,23.6538,362,0
IWIN.US,D,20230628,000000,23.63,23.63,23.6005,23.6005,355,0
IWIN.US,D,20230629,000000,23.6,23.7717,23.6,23.7717,1227,0
IWIN.US,D,20230630,000000,23.84,23.8908,23.84,23.8908,512,0
IWIN.US,D,20230703,000000,23.9999,23.9999,23.98,23.9914,282,0
IWIN.US,D,20230705,000000,23.6694,23.6694,23.6694,23.6694,133,0
IWIN.US,D,20230706,000000,23.141,23.141,23.141,23.141,6,0
IWIN.US,D,20230707,000000,23.15,23.445,23.15,23.3646,937,0
IWIN.US,D,20230710,000000,23.56,23.6253,23.4596,23.6253,599,0
IWIN.US,D,20230711,000000,23.9053,23.9053,23.9053,23.9053,17,0
IWIN.US,D,20230712,000000,24.11,24.29,24.11,24.29,376,0
IWIN.US,D,20230713,000000,24.49,24.6226,24.49,24.6226,408,0
IWIN.US,D,20230714,000000,24.53,24.53,24.46,24.5029,608,0
IWIN.US,D,20230717,000000,24.6556,24.6556,24.6556,24.6556,462,0
IWIN.US,D,20230718,000000,24.9068,24.939,24.83,24.8462,5127,0
IWIN.US,D,20230719,000000,24.85,24.98,24.85,24.9503,1392,0
IWIN.US,D,20230720,000000,24.99,24.99,24.65,24.7018,2018,0
IWIN.US,D,20230721,000000,24.75,24.8158,24.75,24.8158,183,0
IWIN.US,D,20230724,000000,24.9101,25,24.9101,24.9541,1468,0
IWIN.US,D,20230725,000000,25.38,25.45,25.38,25.4093,1102,0
IWIN.US,D,20230726,000000,25.33,25.36,25.3101,25.3101,489,0
IWIN.US,D,20230727,000000,24.99,24.99,24.99,24.99,376,0
IWIN.US,D,20230728,000000,25.3164,25.3164,25.23,25.31,1277,0
IWIN.US,D,20230731,000000,25.54,25.54,25.54,25.54,392,0
IWIN.US,D,20230801,000000,25.18,25.3677,25.18,25.3677,242,0
IWIN.US,D,20230802,000000,24.9258,24.9258,24.9258,24.9258,42,0
IWIN.US,D,20230803,000000,24.71,24.7937,24.52,24.7937,10709,0
IWIN.US,D,20230804,000000,25.08,25.1201,24.9,24.9,3728,0
IWIN.US,D,20230807,000000,25.01,25.0413,25.01,25.0413,558,0
IWIN.US,D,20230808,000000,25.04,25.182,25.04,25.182,632,0
IWIN.US,D,20230809,000000,25.07,25.07,25.07,25.07,263,0
IWIN.US,D,20230810,000000,24.8652,24.8652,24.8652,24.8652,7,0
IWIN.US,D,20230811,000000,24.99,25.0282,24.96,24.96,1092,0
IWIN.US,D,20230814,000000,24.831,24.85,24.7801,24.7945,1360,0
IWIN.US,D,20230815,000000,24.71,24.72,24.5623,24.5623,4601,0
IWIN.US,D,20230816,000000,24.3445,24.3445,24.3445,24.3445,32,0
IWIN.US,D,20230817,000000,24.39,24.39,24.0091,24.0091,468,0
IWIN.US,D,20230818,000000,23.98,23.9899,23.8001,23.922,1068,0
IWIN.US,D,20230821,000000,24.0317,24.0317,24.0317,24.0317,3,0
IWIN.US,D,20230822,000000,24.0091,24.0631,23.96,24.0631,7509,0
IWIN.US,D,20230823,000000,24.06,24.3657,24.06,24.3657,927,0
IWIN.US,D,20230824,000000,24.15,24.1865,24.14,24.1865,1922,0
IWIN.US,D,20230825,000000,24.11,24.1825,24.1,24.1296,3584,0
IWIN.US,D,20230828,000000,24.46,24.47,24.3162,24.3162,2061,0
IWIN.US,D,20230829,000000,24.6875,24.6875,24.6875,24.6875,15,0
IWIN.US,D,20230830,000000,24.7989,24.7989,24.7989,24.7989,86,0
IWIN.US,D,20230831,000000,24.82,24.82,24.63,24.6399,1374,0
IWIN.US,D,20230901,000000,24.72,24.726,24.6803,24.726,932,0
IWIN.US,D,20230905,000000,24.785,24.785,24.28,24.31,759,0
IWIN.US,D,20230906,000000,24.3417,24.3417,24.3417,24.3417,1,0
IWIN.US,D,20230907,000000,24.22,24.3618,24.22,24.3409,788,0
IWIN.US,D,20230908,000000,24.38,24.38,24.3059,24.3059,103,0
IWIN.US,D,20230911,000000,24.341,24.341,24.3277,24.3277,105,0
IWIN.US,D,20230912,000000,24.5,24.5,24.339,24.441,787,0
IWIN.US,D,20230913,000000,24.315,24.315,24.2427,24.2427,388,0
IWIN.US,D,20230914,000000,24.42,24.59,24.42,24.59,3203,0
IWIN.US,D,20230915,000000,24.5082,24.5394,24.47,24.5394,362,0
IWIN.US,D,20230918,000000,24.6538,24.6538,24.6538,24.6538,36,0
IWIN.US,D,20230919,000000,24.4608,24.4871,24.4608,24.4871,567,0
IWIN.US,D,20230920,000000,24.3573,24.3573,24.3573,24.3573,263,0
IWIN.US,D,20230921,000000,23.94,23.9401,23.8865,23.8865,281,0
IWIN.US,D,20230922,000000,24.0702,24.0702,23.9294,23.9294,1714,0
IWIN.US,D,20230925,000000,23.78,23.9944,23.78,23.9944,468,0
IWIN.US,D,20230926,000000,23.6917,23.6917,23.6917,23.6917,71,0
IWIN.US,D,20230927,000000,23.91,23.91,23.63,23.6884,1154,0
IWIN.US,D,20230928,000000,24.006,24.006,24.006,24.006,2,0
IWIN.US,D,20230929,000000,24.06,24.06,23.7047,23.7047,349,0
IWIN.US,D,20231002,000000,23.2218,23.2218,23.2218,23.2218,77,0
IWIN.US,D,20231003,000000,23.3399,23.3399,22.93,22.9411,1562,0
IWIN.US,D,20231004,000000,22.71,22.9446,22.69,22.9446,1074,0
IWIN.US,D,20231005,000000,23.0046,23.0046,23.0046,23.0046,2,0
IWIN.US,D,20231006,000000,23.2151,23.2151,23.2151,23.2151,178,0
IWIN.US,D,20231009,000000,23.06,23.3519,23.06,23.3519,1349,0
IWIN.US,D,20231010,000000,23.34,23.5061,23.33,23.5061,2339,0
IWIN.US,D,20231011,000000,23.4734,23.4734,23.4734,23.4734,47,0
IWIN.US,D,20231012,000000,23.4,23.4,22.95,22.9586,501,0
IWIN.US,D,20231013,000000,23.14,23.1609,23.14,23.1609,781,0
IWIN.US,D,20231016,000000,23.3489,23.3489,23.3489,23.3489,1,0
IWIN.US,D,20231017,000000,23.5007,23.5007,23.5007,23.5007,1,0
IWIN.US,D,20231018,000000,23.2514,23.2514,23.2514,23.2514,214,0
IWIN.US,D,20231019,000000,23.1807,23.1807,23.1807,23.1807,115,0
IWIN.US,D,20231020,000000,23.1098,23.1098,23.1098,23.1098,60,0
IWIN.US,D,20231023,000000,23.1408,23.3,23.14,23.14,723,0
IWIN.US,D,20231024,000000,23.5509,23.5509,23.5509,23.5509,51,0
IWIN.US,D,20231025,000000,23.32,23.32,23.32,23.32,47,0
IWIN.US,D,20231026,000000,23.2843,23.2843,23.2843,23.2843,73,0
IWIN.US,D,20231027,000000,23.1433,23.1701,23.1433,23.1701,132,0
IWIN.US,D,20231030,000000,23.26,23.3138,23.26,23.3138,160,0
IWIN.US,D,20231031,000000,23.36,23.4643,23.36,23.4643,639,0
IWIN.US,D,20231101,000000,23.7275,23.7275,23.7275,23.7275,148,0
IWIN.US,D,20231102,000000,24.25,24.2955,24.22,24.2955,3672,0
IWIN.US,D,20231103,000000,24.36,24.79,24.36,24.7058,2686,0
IWIN.US,D,20231106,000000,24.45,24.4754,24.45,24.4754,2389,0
IWIN.US,D,20231107,000000,24.33,24.4573,24.33,24.4573,202,0
IWIN.US,D,20231108,000000,24.0955,24.1583,24.04,24.1583,7513,0
IWIN.US,D,20231109,000000,24.1636,24.1636,24.1636,24.1636,72,0
IWIN.US,D,20231110,000000,24.24,24.3817,24.1801,24.3817,3529,0
IWIN.US,D,20231113,000000,24.31,24.5075,24.29,24.5075,5777,0
IWIN.US,D,20231114,000000,25,25.3049,25,25.3049,2232,0
IWIN.US,D,20231115,000000,25.44,25.44,25.3427,25.3427,1088,0
IWIN.US,D,20231116,000000,25.27,25.27,25.22,25.22,752,0
IWIN.US,D,20231117,000000,25.32,25.4686,25.32,25.4686,809,0
IWIN.US,D,20231120,000000,25.38,25.591,25.38,25.591,984,0
IWIN.US,D,20231121,000000,25.44,25.44,25.42,25.42,3350,0
IWIN.US,D,20231122,000000,25.564,25.565,25.21,25.565,3136,0
IWIN.US,D,20231124,000000,25.7321,25.7321,25.7068,25.7068,727,0
IWIN.US,D,20231127,000000,25.62,25.685,25.58,25.6719,1892,0
IWIN.US,D,20231128,000000,25.7,25.79,25.61,25.6978,3204,0
IWIN.US,D,20231129,000000,25.76,25.77,25.53,25.6556,850,0
IWIN.US,D,20231130,000000,25.6885,25.6885,25.6885,25.6885,2,0
IWIN.US,D,20231201,000000,25.8,26.145,25.8,26.1381,1060,0
IWIN.US,D,20231204,000000,26.03,26.0972,26.03,26.0972,1901,0
IWIN.US,D,20231205,000000,26.14,26.14,25.985,25.985,150,0
IWIN.US,D,20231206,000000,25.8807,25.8807,25.8807,25.8807,155,0
IWIN.US,D,20231207,000000,25.9182,25.9182,25.9182,25.9182,136,0
IWIN.US,D,20231208,000000,26.0543,26.1401,26.0543,26.1401,640,0
IWIN.US,D,20231211,000000,26.0431,26.0431,26.0431,26.0431,187,0
IWIN.US,D,20231212,000000,26.07,26.07,25.9306,25.9306,508,0
IWIN.US,D,20231213,000000,26.25,26.5041,26.25,26.5041,653,0
IWIN.US,D,20231214,000000,27.12,27.4011,27.1,27.4011,5636,0
IWIN.US,D,20231215,000000,27.0674,27.0674,27.0674,27.0674,120,0
IWIN.US,D,20231218,000000,27.1977,27.1977,27.1977,27.1977,82,0
IWIN.US,D,20231219,000000,27.3598,27.55,27.32,27.428,1306,0
IWIN.US,D,20231220,000000,27.6697,27.6697,27.1934,27.1934,954,0
IWIN.US,D,20231221,000000,27.4946,27.5072,27.27,27.5072,360,0
IWIN.US,D,20231222,000000,27.67,27.8364,27.6425,27.76,1235,0
IWIN.US,D,20231226,000000,27.64,27.95,27.6201,27.8779,2034,0
IWIN.US,D,20231227,000000,26.9839,27.028,26.9324,26.9324,726,0
IWIN.US,D,20231228,000000,26.65,26.75,26.65,26.75,480,0
IWIN.US,D,20231229,000000,26.54,26.82,26.46,26.543,2686,0
IWIN.US,D,20240102,000000,26.51,26.5775,26.27,26.4129,752,0
IWIN.US,D,20240103,000000,26.08,26.08,25.9501,25.9501,1190,0
IWIN.US,D,20240104,000000,26.12,26.12,26.0391,26.0391,2033,0
IWIN.US,D,20240105,000000,26.03,26.04,25.976,25.976,2147,0
IWIN.US,D,20240108,000000,26.0309,26.1939,26.0309,26.1939,468,0
IWIN.US,D,20240109,000000,26.1108,26.1119,26.1,26.1119,3015,0
IWIN.US,D,20240110,000000,26.0207,26.2,26.0207,26.1136,1770,0
IWIN.US,D,20240111,000000,26.0454,26.0951,26.0454,26.0951,865,0
IWIN.US,D,20240112,000000,26.4019,26.4019,26.33,26.3343,533,0
IWIN.US,D,20240116,000000,26.27,26.27,26.04,26.0443,1833,0
IWIN.US,D,20240117,000000,25.79,25.7961,25.6401,25.7961,765,0
IWIN.US,D,20240118,000000,25.9,25.94,25.78,25.9139,2348,0
IWIN.US,D,20240119,000000,25.86,26.0975,25.8114,26.0701,1773,0
IWIN.US,D,20240122,000000,26.215,26.2599,26.2029,26.2029,721,0
IWIN.US,D,20240123,000000,25.9682,26.0165,25.9682,26.0165,358,0
IWIN.US,D,20240124,000000,25.8507,25.8641,25.8507,25.8641,420,0
IWIN.US,D,20240125,000000,25.8501,25.9545,25.8501,25.9545,702,0
IWIN.US,D,20240126,000000,26.13,26.13,26.05,26.1042,681,0
IWIN.US,D,20240129,000000,26.0314,26.39,26.0314,26.3344,1122,0
IWIN.US,D,20240130,000000,26.37,26.481,26.28,26.481,7404,0
IWIN.US,D,20240131,000000,26.39,26.39,26.1479,26.1479,502,0
IWIN.US,D,20240201,000000,26.6654,26.6654,26.57,26.6471,467,0
IWIN.US,D,20240202,000000,26.335,26.3671,26.335,26.3671,130,0
IWIN.US,D,20240205,000000,25.98,25.98,25.9681,25.9681,312,0
IWIN.US,D,20240206,000000,25.9441,25.9441,25.9441,25.9441,75,0
IWIN.US,D,20240207,000000,26.1188,26.1188,26.1188,26.1188,80,0
IWIN.US,D,20240208,000000,26.0399,26.0459,26.0113,26.0459,2143,0
IWIN.US,D,20240209,000000,26.215,26.2184,26.215,26.2184,328,0
IWIN.US,D,20240212,000000,26.5764,26.6239,26.5764,26.6239,447,0
IWIN.US,D,20240213,000000,26.26,26.26,25.62,25.7291,3594,0
IWIN.US,D,20240214,000000,25.9016,26.0522,25.9016,26.0522,3298,0
IWIN.US,D,20240215,000000,26.35,26.4863,26.35,26.4863,529,0
IWIN.US,D,20240216,000000,26.43,26.43,26.3099,26.3099,1025,0
IWIN.US,D,20240220,000000,26.0691,26.0691,25.78,25.8833,3344,0
IWIN.US,D,20240221,000000,25.9,25.9,25.8819,25.8819,322,0
IWIN.US,D,20240222,000000,26,26,25.9159,25.9159,534,0
IWIN.US,D,20240223,000000,25.8219,25.9004,25.8219,25.9004,1132,0
IWIN.US,D,20240226,000000,25.905,25.9552,25.905,25.9552,141,0
IWIN.US,D,20240227,000000,26.13,26.13,26.0301,26.0615,3959,0
IWIN.US,D,20240228,000000,26.2452,26.2452,26.0804,26.0804,657,0
IWIN.US,D,20240229,000000,26.25,26.5719,26.25,26.5719,2294,0
IWIN.US,D,20240301,000000,26.87,26.954,26.87,26.954,2082,0
IWIN.US,D,20240304,000000,27.0237,27.0237,27.0237,27.0237,103,0
IWIN.US,D,20240305,000000,26.9904,26.9904,26.5474,26.5474,565,0
IWIN.US,D,20240306,000000,26.81,26.9211,26.81,26.9211,1214,0
IWIN.US,D,20240307,000000,27.28,27.35,27.28,27.3193,3658,0
IWIN.US,D,20240308,000000,27.495,27.5099,27.2304,27.2304,1245,0
IWIN.US,D,20240311,000000,27.27,27.35,27.15,27.2686,2039,0
IWIN.US,D,20240312,000000,27.2601,27.4133,27.2,27.4133,5154,0
IWIN.US,D,20240313,000000,27.4199,27.4199,27.4199,27.4199,9,0
IWIN.US,D,20240314,000000,26.95,26.99,26.9254,26.9254,2186,0
IWIN.US,D,20240315,000000,26.92,26.9671,26.92,26.9671,472,0
IWIN.US,D,20240318,000000,26.8795,26.8795,26.8795,26.8795,48,0
IWIN.US,D,20240319,000000,26.659,26.8576,26.659,26.8576,763,0
IWIN.US,D,20240320,000000,26.85,27.3955,26.85,27.3955,1847,0
IWIN.US,D,20240321,000000,27.6,27.6522,27.56,27.6522,2159,0
IWIN.US,D,20240322,000000,27.37,27.47,27.37,27.4441,1919,0
IWIN.US,D,20240325,000000,27.7898,27.7898,27.6247,27.6247,2816,0
IWIN.US,D,20240326,000000,27.47,27.5109,27.47,27.5109,187,0
IWIN.US,D,20240327,000000,27.8765,27.8765,27.8765,27.8765,57,0
IWIN.US,D,20240328,000000,28.39,28.39,28.256,28.256,2813,0
IWIN.US,D,20240401,000000,28.33,28.33,28.25,28.3276,1146,0
IWIN.US,D,20240402,000000,27.92,28.0629,27.92,28.0547,533,0
IWIN.US,D,20240403,000000,28.27,28.41,28.23,28.41,2156,0
IWIN.US,D,20240404,000000,28.52,28.52,28.131,28.131,807,0
IWIN.US,D,20240405,000000,28.02,28.2737,28.01,28.2737,2486,0
IWIN.US,D,20240408,000000,28.3884,28.3884,28.3884,28.3884,43,0
IWIN.US,D,20240409,000000,28.39,28.39,28.39,28.39,95,0
IWIN.US,D,20240410,000000,27.89,27.9738,27.875,27.9738,970,0
IWIN.US,D,20240411,000000,28.02,28.2695,28.02,28.2695,315,0
IWIN.US,D,20240412,000000,28.2241,28.2241,27.7824,27.7824,127,0
IWIN.US,D,20240415,000000,27.3593,27.3736,27.3593,27.3736,512,0
IWIN.US,D,20240416,000000,27.0725,27.0725,27.0725,27.0725,141,0
IWIN.US,D,20240417,000000,26.89,26.9062,26.88,26.9062,901,0
IWIN.US,D,20240418,000000,26.9,26.9064,26.9,26.9064,267,0
IWIN.US,D,20240419,000000,26.97,26.97,26.9605,26.9605,6535,0
IWIN.US,D,20240422,000000,26.89,27.0552,26.89,27.0552,265,0
IWIN.US,D,20240423,000000,27.3208,27.3208,27.3208,27.3208,4,0
IWIN.US,D,20240424,000000,27.2011,27.2011,27.2011,27.2011,18,0
IWIN.US,D,20240425,000000,27.2556,27.2556,27.2556,27.2556,193,0
IWIN.US,D,20240426,000000,27.467,27.467,27.467,27.467,5,0
IWIN.US,D,20240429,000000,27.6321,27.6321,27.6321,27.6321,99,0
IWIN.US,D,20240430,000000,26.77,26.7768,26.77,26.7768,107,0
IWIN.US,D,20240501,000000,26.67,26.7136,26.3,26.4327,1320,0
IWIN.US,D,20240502,000000,27.25,27.2762,27.25,27.2762,101,0
IWIN.US,D,20240503,000000,27.5947,27.5947,27.5947,27.5947,16,0
IWIN.US,D,20240506,000000,27.9717,27.9717,27.9717,27.9717,75,0
IWIN.US,D,20240507,000000,27.9194,27.9194,27.9194,27.9194,85,0
IWIN.US,D,20240508,000000,27.6003,27.6003,27.6003,27.6003,49,0
IWIN.US,D,20240509,000000,27.97,28.0644,27.97,28.0644,865,0
IWIN.US,D,20240510,000000,27.8591,27.8591,27.8591,27.8591,105,0
IWIN.US,D,20240513,000000,28.03,28.03,27.78,27.8147,742,0
IWIN.US,D,20240514,000000,28.04,28.04,27.9125,27.9125,145,0
IWIN.US,D,20240515,000000,28.4434,28.4434,28.4434,28.4434,100,0
IWIN.US,D,20240516,000000,28.2964,28.2964,28.2964,28.2964,38,0
IWIN.US,D,20240517,000000,28.7166,28.7166,28.7166,28.7166,73,0
IWIN.US,D,20240520,000000,28.9056,28.9056,28.9056,28.9056,8,0
IWIN.US,D,20240521,000000,28.7805,28.7805,28.7805,28.7805,73,0
IWIN.US,D,20240522,000000,28.45,28.45,28.23,28.23,500,0
IWIN.US,D,20240523,000000,27.8477,27.8477,27.8477,27.8477,13,0
IWIN.US,D,20240524,000000,28.1436,28.1436,28.1436,28.1436,157,0
IWIN.US,D,20240528,000000,28.33,28.3335,28.33,28.3335,320,0
IWIN.US,D,20240529,000000,27.9,27.9536,27.35,27.9536,1451,0
IWIN.US,D,20240530,000000,28.34,28.34,28.199,28.199,352,0
IWIN.US,D,20240531,000000,28.2431,28.2431,28.2431,28.2431,100,0
IWIN.US,D,20240603,000000,28.184,28.184,28.184,28.184,12,0
IWIN.US,D,20240604,000000,27.9,27.9,27.66,27.6708,609,0
IWIN.US,D,20240605,000000,27.78,27.8723,27.78,27.8723,173,0
IWIN.US,D,20240606,000000,27.89,27.9832,27.89,27.9832,313,0
IWIN.US,D,20240607,000000,27.64,27.64,27.3371,27.3371,1650,0
IWIN.US,D,20240610,000000,27.03,27.6227,27.03,27.5787,845,0
IWIN.US,D,20240611,000000,27.14,27.14,27.1287,27.1287,266,0
IWIN.US,D,20240612,000000,27.5296,27.5296,27.5296,27.5296,16,0
IWIN.US,D,20240613,000000,27.34,27.4421,27.34,27.4421,1180,0
IWIN.US,D,20240614,000000,27.25,27.25,27.2196,27.2196,117,0
IWIN.US,D,20240617,000000,27.23,27.307,27.23,27.307,260,0
IWIN.US,D,20240618,000000,27.29,27.29,27.2697,27.2697,371,0
IWIN.US,D,20240620,000000,27.305,27.305,27.2977,27.2977,188,0
IWIN.US,D,20240621,000000,27.1567,27.1672,27.1567,27.1672,233,0
IWIN.US,D,20240624,000000,26.9683,26.9683,26.9683,26.9683,5,0
IWIN.US,D,20240625,000000,26.7398,26.7398,26.7398,26.7398,3,0
IWIN.US,D,20240626,000000,26.68,26.69,26.65,26.6548,1448,0
IWIN.US,D,20240627,000000,26.83,26.905,25.81,26.8848,1412,0
IWIN.US,D,20240628,000000,26.8212,26.8212,26.8212,26.8212,118,0
IWIN.US,D,20240701,000000,26.67,26.8062,26.67,26.8062,2224,0
IWIN.US,D,20240702,000000,26.65,26.7015,26.65,26.7015,614,0
IWIN.US,D,20240703,000000,26.71,26.95,26.71,26.95,664,0
IWIN.US,D,20240705,000000,26.57,26.7054,26.52,26.7054,1330,0
IWIN.US,D,20240708,000000,26.5901,26.6699,26.59,26.6699,218,0
IWIN.US,D,20240709,000000,26.62,26.6622,26.62,26.6622,103,0
IWIN.US,D,20240710,000000,27.1344,27.1344,27.1344,27.1344,22,0
IWIN.US,D,20240711,000000,27.5,27.9242,27.5,27.9242,503,0
IWIN.US,D,20240712,000000,28.207,28.207,28.207,28.207,40,0
IWIN.US,D,20240715,000000,28.43,28.5628,28.4,28.5628,809,0
IWIN.US,D,20240716,000000,28.86,29.0808,28.86,29.0808,818,0
IWIN.US,D,20240717,000000,28.7792,28.7792,28.7792,28.7792,6,0
IWIN.US,D,20240718,000000,28.872,28.872,28.2959,28.2959,856,0
IWIN.US,D,20240719,000000,28.3265,28.3265,28.3265,28.3265,117,0
IWIN.US,D,20240722,000000,28.3,28.5151,28.3,28.5151,1560,0
IWIN.US,D,20240723,000000,28.4557,28.4557,28.4557,28.4557,38,0
IWIN.US,D,20240724,000000,28.3786,28.3786,27.9611,27.9611,683,0
IWIN.US,D,20240725,000000,27.951,27.951,27.951,27.951,47,0
IWIN.US,D,20240726,000000,28.4055,28.4055,28.4055,28.4055,43,0
IWIN.US,D,20240729,000000,28.2894,28.2894,28.2673,28.2673,310,0
IWIN.US,D,20240730,000000,28.3,28.3002,28.3,28.3002,1018,0
IWIN.US,D,20240731,000000,28.3,28.68,28.3,28.6399,1435,0
IWIN.US,D,20240801,000000,27.63,27.6537,27.59,27.6537,631,0
IWIN.US,D,20240802,000000,26.91,26.91,26.91,26.91,54,0
IWIN.US,D,20240805,000000,25.69,25.96,25.69,25.858,516,0
IWIN.US,D,20240806,000000,25.69,26.2269,25.69,26.2269,705,0
IWIN.US,D,20240807,000000,25.813,25.813,25.813,25.813,73,0
IWIN.US,D,20240808,000000,26.33,26.4136,26.33,26.4136,335,0
IWIN.US,D,20240809,000000,26.38,26.4535,26.34,26.4535,1161,0
IWIN.US,D,20240812,000000,25.14,26.47,25.14,26.452,802,0
IWIN.US,D,20240813,000000,26.65,26.7662,26.65,26.7662,152,0
IWIN.US,D,20240814,000000,26.42,26.5497,26.42,26.5497,277,0
IWIN.US,D,20240815,000000,26.8284,26.8284,26.8284,26.8284,3,0
IWIN.US,D,20240816,000000,26.9601,26.9601,26.9601,26.9601,38,0
IWIN.US,D,20240819,000000,27.2646,27.2646,27.2646,27.2646,5,0
IWIN.US,D,20240820,000000,27.147,27.147,27.147,27.147,2,0
IWIN.US,D,20240821,000000,27.4891,27.4891,27.4837,27.4837,257,0
IWIN.US,D,20240822,000000,27.1841,27.1841,27.1841,27.1841,22,0
IWIN.US,D,20240823,000000,27.38,28.1872,27.38,28.1872,3165,0
IWIN.US,D,20240826,000000,28.2475,28.2475,28.2475,28.2475,77,0
IWIN.US,D,20240827,000000,27.96,28.0905,27.93,28.0905,91420,0
IWIN.US,D,20240828,000000,27.8899,27.8899,27.6779,27.6779,358,0
IWIN.US,D,20240829,000000,27.78,27.78,27.6834,27.6834,5700,0
IWIN.US,D,20240830,000000,27.69,27.8121,27.69,27.8121,616,0
IWIN.US,D,20240903,000000,27.75,27.75,27.75,27.75,316,0
IWIN.US,D,20240904,000000,27.8,27.8,27.8,27.8,6,0
IWIN.US,D,20240905,000000,27.805,27.805,27.805,27.805,359,0
