<TICKER>,<PER>,<DATE>,<TIME>,<OPEN>,<HIGH>,<LOW>,<CLOSE>,<VOL>,<OPENINT>
JAND.US,D,20240103,000000,24.502,24.54,24.45,24.5151,26751,0
JAND.US,D,20240104,000000,24.49,24.5599,24.43,24.495,16357,0
JAND.US,D,20240105,000000,24.56,24.56,24.4802,24.5154,15261,0
JAND.US,D,20240108,000000,24.58,24.67,24.58,24.65,9696,0
JAND.US,D,20240109,000000,24.58,24.68,24.58,24.6544,5229,0
JAND.US,D,20240110,000000,24.72,24.73,24.6685,24.7202,1334,0
JAND.US,D,20240111,000000,24.67,24.73,24.63,24.724,6587,0
JAND.US,D,20240112,000000,24.8,24.8,24.73,24.73,2040,0
JAND.US,D,20240116,000000,24.73,24.73,24.7219,24.7219,1001,0
JAND.US,D,20240117,000000,24.65,24.68,24.65,24.6639,6553,0
JAND.US,D,20240118,000000,24.68,24.7417,24.68,24.7417,40924,0
JAND.US,D,20240119,000000,24.84,24.86,24.82,24.822,7190,0
JAND.US,D,20240122,000000,24.88,24.88,24.8643,24.8643,998,0
JAND.US,D,20240123,000000,24.91,24.91,24.91,24.91,1144,0
JAND.US,D,20240124,000000,24.985,24.985,24.9093,24.9093,3067,0
JAND.US,D,20240125,000000,24.94,24.94,24.91,24.9311,939,0
JAND.US,D,20240126,000000,24.95,24.95,24.93,24.93,540,0
JAND.US,D,20240129,000000,24.95,24.9811,24.95,24.9811,595,0
JAND.US,D,20240130,000000,24.97,24.99,24.9571,24.9616,3219,0
JAND.US,D,20240131,000000,24.96,24.97,24.9,24.9,3063,0
JAND.US,D,20240201,000000,24.93,24.98,24.91,24.96,27445,0
JAND.US,D,20240202,000000,24.97,25.0018,24.97,25.0018,335,0
JAND.US,D,20240205,000000,25.02,25.02,25,25.0006,2533,0
JAND.US,D,20240206,000000,24.995,25.04,24.995,25.0139,1648,0
JAND.US,D,20240207,000000,25.06,25.11,25.06,25.0753,6521,0
JAND.US,D,20240208,000000,25.0942,25.096,25.0732,25.0732,6332,0
JAND.US,D,20240209,000000,25.1,25.12,25.1,25.12,597,0
JAND.US,D,20240212,000000,25.085,25.085,25.085,25.085,47,0
JAND.US,D,20240213,000000,25,25.01,24.97,24.9783,6887,0
JAND.US,D,20240214,000000,25.0555,25.0555,25.0555,25.0555,211,0
JAND.US,D,20240215,000000,25.09,25.1,25.06,25.095,5700,0
JAND.US,D,20240216,000000,25.0603,25.095,25.059,25.059,904,0
JAND.US,D,20240220,000000,25.0329,25.0329,25.0329,25.0329,98,0
JAND.US,D,20240221,000000,25.03,25.0549,25.0132,25.0549,2900,0
JAND.US,D,20240222,000000,25.165,25.165,25.1531,25.1531,1186,0
JAND.US,D,20240223,000000,25.165,25.165,25.165,25.165,53,0
JAND.US,D,20240226,000000,25.1645,25.1645,25.1645,25.1645,2,0
JAND.US,D,20240227,000000,25.185,25.185,25.185,25.185,82,0
JAND.US,D,20240228,000000,25.1714,25.1714,25.1714,25.1714,5,0
JAND.US,D,20240229,000000,25.2,25.22,25.2,25.2096,5179,0
JAND.US,D,20240301,000000,25.2302,25.255,25.23,25.255,3523,0
JAND.US,D,20240304,000000,25.25,25.25,25.2297,25.2297,1632,0
JAND.US,D,20240305,000000,25.1786,25.1786,25.1786,25.1786,27,0
JAND.US,D,20240306,000000,25.22,25.22,25.2097,25.2097,3165,0
JAND.US,D,20240307,000000,25.25,25.25,25.2367,25.2367,2419,0
JAND.US,D,20240308,000000,25.23,25.23,25.2155,25.2155,263,0
JAND.US,D,20240311,000000,25.17,25.27,25.17,25.27,23114,0
JAND.US,D,20240312,000000,25.21,25.275,25.21,25.275,1750,0
JAND.US,D,20240313,000000,25.265,25.265,25.265,25.265,71,0
JAND.US,D,20240314,000000,25.24,25.2601,25.24,25.2601,1979,0
JAND.US,D,20240315,000000,25.23,25.235,25.23,25.235,300,0
JAND.US,D,20240318,000000,25.3,25.3,25.265,25.265,5471,0
JAND.US,D,20240319,000000,25.3,25.3,25.3,25.3,58,0
JAND.US,D,20240320,000000,25.27,25.37,25.27,25.3555,2702,0
JAND.US,D,20240321,000000,25.3699,25.3699,25.3699,25.3699,27,0
JAND.US,D,20240322,000000,25.3845,25.3845,25.3845,25.3845,27,0
JAND.US,D,20240325,000000,25.375,25.375,25.375,25.375,27,0
JAND.US,D,20240326,000000,25.375,25.375,25.375,25.375,27,0
JAND.US,D,20240327,000000,24.9161,24.9161,24.9161,24.9161,21,0
JAND.US,D,20240328,000000,24.9349,24.9349,24.9349,24.9349,27,0
JAND.US,D,20240401,000000,24.94,24.94,24.9139,24.9139,363,0
JAND.US,D,20240402,000000,24.885,24.885,24.885,24.885,15,0
JAND.US,D,20240403,000000,24.8853,24.8853,24.8853,24.8853,23,0
JAND.US,D,20240404,000000,24.8425,24.8425,24.8425,24.8425,1,0
JAND.US,D,20240405,000000,24.875,24.875,24.875,24.875,35,0
JAND.US,D,20240408,000000,24.895,24.895,24.895,24.895,1,0
JAND.US,D,20240409,000000,24.907,24.907,24.907,24.907,2,0
JAND.US,D,20240410,000000,24.82,24.8675,24.82,24.8675,223,0
JAND.US,D,20240411,000000,24.8845,24.8845,24.8845,24.8845,1,0
JAND.US,D,20240412,000000,24.8002,24.8002,24.8002,24.8002,1,0
JAND.US,D,20240415,000000,24.745,24.745,24.745,24.745,9,0
JAND.US,D,20240416,000000,24.7557,24.7557,24.7557,24.7557,1,0
JAND.US,D,20240417,000000,24.7427,24.7427,24.7427,24.7427,21,0
JAND.US,D,20240418,000000,24.745,24.745,24.745,24.745,1,0
JAND.US,D,20240419,000000,24.715,24.715,24.715,24.715,1,0
JAND.US,D,20240422,000000,24.7473,24.7952,24.7473,24.7952,200,0
JAND.US,D,20240423,000000,24.8734,24.8734,24.8734,24.8734,1,0
JAND.US,D,20240424,000000,24.87,24.8989,24.87,24.8989,890,0
JAND.US,D,20240425,000000,24.8694,24.8694,24.8694,24.8694,1,0
JAND.US,D,20240426,000000,24.9422,24.9422,24.9422,24.9422,1,0
JAND.US,D,20240429,000000,24.9501,24.9501,24.9501,24.9501,1,0
JAND.US,D,20240430,000000,24.9043,24.9043,24.9043,24.9043,1,0
JAND.US,D,20240501,000000,24.8681,24.8876,24.8681,24.8876,223,0
JAND.US,D,20240502,000000,24.9356,24.9356,24.9356,24.9356,1,0
JAND.US,D,20240503,000000,24.98,25.01,24.98,25.01,690,0
JAND.US,D,20240506,000000,25.0603,25.0603,25.0603,25.0603,1,0
JAND.US,D,20240507,000000,25.0652,25.0652,25.0652,25.0652,8,0
JAND.US,D,20240508,000000,25.0792,25.0792,25.0792,25.0792,1,0
JAND.US,D,20240509,000000,25.095,25.095,25.095,25.095,40,0
JAND.US,D,20240510,000000,25.1148,25.1148,25.1148,25.1148,1,0
JAND.US,D,20240513,000000,25.11,25.11,25.11,25.11,1,0
JAND.US,D,20240514,000000,25.13,25.13,25.13,25.13,140,0
JAND.US,D,20240515,000000,25.13,25.1731,25.13,25.1731,400,0
JAND.US,D,20240516,000000,25.15,25.1697,25.15,25.1697,703,0
JAND.US,D,20240517,000000,25.16,25.18,25.16,25.18,1130,0
JAND.US,D,20240520,000000,25.19,25.19,25.19,25.19,74,0
JAND.US,D,20240521,000000,25.2,25.2,25.2,25.2,74,0
JAND.US,D,20240522,000000,25.1897,25.1897,25.1897,25.1897,74,0
JAND.US,D,20240523,000000,25.16,25.16,25.16,25.16,74,0
JAND.US,D,20240524,000000,25.2,25.2,25.2,25.2,74,0
JAND.US,D,20240528,000000,25.2,25.2,25.2,25.2,190,0
JAND.US,D,20240529,000000,25.1798,25.1798,25.1798,25.1798,74,0
JAND.US,D,20240530,000000,25.1739,25.1739,25.1732,25.1732,350,0
JAND.US,D,20240531,000000,25.24,25.24,25.2262,25.2262,200,0
JAND.US,D,20240603,000000,25.22,25.2304,25.21,25.2304,688,0
JAND.US,D,20240604,000000,25.24,25.24,25.24,25.24,74,0
JAND.US,D,20240605,000000,25.28,25.28,25.28,25.28,74,0
JAND.US,D,20240606,000000,25.27,25.27,25.27,25.27,74,0
JAND.US,D,20240607,000000,25.275,25.275,25.275,25.275,74,0
JAND.US,D,20240610,000000,25.28,25.28,25.28,25.28,1,0
JAND.US,D,20240611,000000,25.2943,25.2943,25.2943,25.2943,1,0
JAND.US,D,20240612,000000,25.31,25.31,25.31,25.31,1,0
JAND.US,D,20240613,000000,25.325,25.325,25.325,25.325,1,0
JAND.US,D,20240614,000000,25.31,25.31,25.31,25.31,74,0
JAND.US,D,20240617,000000,25.31,25.33,25.31,25.33,323,0
JAND.US,D,20240618,000000,25.34,25.34,25.34,25.34,74,0
JAND.US,D,20240620,000000,25.33,25.33,25.33,25.33,74,0
JAND.US,D,20240621,000000,25.33,25.33,25.33,25.33,74,0
JAND.US,D,20240624,000000,25.32,25.3322,25.32,25.3322,433,0
JAND.US,D,20240625,000000,25.34,25.34,25.34,25.34,74,0
JAND.US,D,20240626,000000,25.37,25.37,25.35,25.35,446,0
JAND.US,D,20240627,000000,25.3551,25.3551,25.3551,25.3551,74,0
JAND.US,D,20240628,000000,24.88,24.88,24.88,24.88,2,0
JAND.US,D,20240701,000000,24.88,24.91,24.87,24.895,1995,0
JAND.US,D,20240702,000000,24.9114,24.9114,24.9114,24.9114,74,0
JAND.US,D,20240703,000000,24.92,24.92,24.92,24.92,74,0
JAND.US,D,20240705,000000,24.93,24.94,24.93,24.94,1502,0
JAND.US,D,20240708,000000,24.93,24.945,24.92,24.945,2301,0
JAND.US,D,20240709,000000,24.95,24.95,24.95,24.95,74,0
JAND.US,D,20240710,000000,24.94,24.98,24.94,24.967,318,0
JAND.US,D,20240711,000000,24.96,24.96,24.96,24.96,37,0
JAND.US,D,20240712,000000,24.98,24.98,24.98,24.98,74,0
JAND.US,D,20240715,000000,24.9847,24.9847,24.9847,24.9847,74,0
JAND.US,D,20240716,000000,24.99,24.99,24.99,24.99,74,0
JAND.US,D,20240717,000000,24.97,24.97,24.97,24.97,74,0
JAND.US,D,20240718,000000,24.945,24.945,24.945,24.945,74,0
JAND.US,D,20240719,000000,24.94,24.94,24.94,24.94,74,0
JAND.US,D,20240722,000000,24.98,24.98,24.98,24.98,74,0
JAND.US,D,20240723,000000,24.985,24.985,24.985,24.985,74,0
JAND.US,D,20240724,000000,24.93,24.93,24.93,24.93,74,0
JAND.US,D,20240725,000000,24.9104,24.9104,24.9104,24.9104,26,0
JAND.US,D,20240726,000000,24.93,24.9607,24.93,24.9607,211,0
JAND.US,D,20240729,000000,24.9501,24.98,24.9501,24.98,151,0
JAND.US,D,20240730,000000,24.9742,24.9742,24.9742,24.9742,141,0
JAND.US,D,20240731,000000,25.01,25.01,25.01,25.01,2,0
JAND.US,D,20240801,000000,24.9625,24.9625,24.9625,24.9625,1,0
JAND.US,D,20240802,000000,24.81,24.8491,24.81,24.8491,6000,0
JAND.US,D,20240805,000000,24.24,24.64,24.24,24.5167,32180,0
JAND.US,D,20240806,000000,24.7795,24.7795,24.7469,24.7469,825,0
JAND.US,D,20240807,000000,24.86,24.86,24.6934,24.6934,4200,0
JAND.US,D,20240808,000000,24.8,24.8466,24.8,24.8466,1039,0
JAND.US,D,20240809,000000,24.86,24.9149,24.86,24.9149,769,0
JAND.US,D,20240812,000000,24.95,24.9558,24.93,24.9558,2240,0
JAND.US,D,20240813,000000,24.99,25.0116,24.99,25.0116,1021,0
JAND.US,D,20240814,000000,25.05,25.05,25.05,25.05,93,0
JAND.US,D,20240815,000000,25.05,25.08,25.05,25.08,448,0
JAND.US,D,20240816,000000,25.1,25.1,25.085,25.085,209,0
JAND.US,D,20240819,000000,25.1,25.1,25.1,25.1,1500,0
JAND.US,D,20240820,000000,25.09,25.09,25.09,25.09,9,0
JAND.US,D,20240821,000000,25.0927,25.0927,25.09,25.09,1266,0
JAND.US,D,20240822,000000,25.0702,25.0702,25.0702,25.0702,9,0
JAND.US,D,20240823,000000,25.11,25.11,25.105,25.105,100,0
JAND.US,D,20240826,000000,25.1,25.11,25.1,25.11,633,0
JAND.US,D,20240827,000000,25.09,25.13,25.09,25.13,619,0
JAND.US,D,20240828,000000,25.1211,25.1211,25.1211,25.1211,9,0
JAND.US,D,20240829,000000,25.1,25.1,25.1,25.1,9,0
JAND.US,D,20240830,000000,25.12,25.1702,25.12,25.1702,289,0
JAND.US,D,20240903,000000,25.0769,25.0769,25.0769,25.0769,9,0
JAND.US,D,20240904,000000,25.08,25.08,25.08,25.08,9,0
JAND.US,D,20240905,000000,25.08,25.08,25.08,25.08,9,0
JAND.US,D,20240906,000000,25.03,25.03,25.03,25.03,9,0
JAND.US,D,20240909,000000,25.1,25.1151,25.1,25.1151,111,0
JAND.US,D,20240910,000000,25.14,25.14,25.14,25.14,9,0
JAND.US,D,20240911,000000,25.1686,25.1686,25.1686,25.1686,9,0
JAND.US,D,20240912,000000,25.19,25.19,25.19,25.19,9,0
JAND.US,D,20240913,000000,25.21,25.21,25.21,25.21,9,0
JAND.US,D,20240916,000000,25.21,25.21,25.21,25.21,885,0
JAND.US,D,20240917,000000,25.21,25.21,25.205,25.205,1000,0
JAND.US,D,20240918,000000,25.205,25.205,25.205,25.205,9,0
JAND.US,D,20240919,000000,25.2699,25.27,25.25,25.25,3117,0
JAND.US,D,20240920,000000,25.2799,25.2799,25.255,25.255,1578,0
JAND.US,D,20240923,000000,25.275,25.275,25.275,25.275,16,0
JAND.US,D,20240924,000000,25.285,25.285,25.285,25.285,27,0
JAND.US,D,20240925,000000,25.28,25.28,25.28,25.28,76,0
JAND.US,D,20240926,000000,25.29,25.295,25.29,25.295,235,0
JAND.US,D,20240927,000000,25.31,25.31,25.29,25.29,235,0
JAND.US,D,20240930,000000,24.81,24.81,24.8066,24.8066,301,0
JAND.US,D,20241001,000000,24.79,24.79,24.77,24.78,8225,0
JAND.US,D,20241002,000000,24.75,24.78,24.75,24.78,2244,0
JAND.US,D,20241003,000000,24.81,24.81,24.78,24.7819,3399,0
JAND.US,D,20241004,000000,24.82,24.83,24.815,24.815,2258,0
JAND.US,D,20241007,000000,24.7868,24.7868,24.7868,24.7868,178,0
JAND.US,D,20241008,000000,24.79,24.83,24.79,24.805,488,0
JAND.US,D,20241009,000000,24.83,24.83,24.83,24.83,104,0
JAND.US,D,20241010,000000,24.81,24.81,24.81,24.81,1,0
JAND.US,D,20241011,000000,24.83,24.8348,24.83,24.8348,1405,0
JAND.US,D,20241014,000000,24.82,24.84,24.81,24.84,5004,0
JAND.US,D,20241015,000000,24.84,24.84,24.84,24.84,1,0
JAND.US,D,20241016,000000,24.85,24.85,24.85,24.85,1,0
JAND.US,D,20241017,000000,24.86,24.86,24.86,24.86,1,0
JAND.US,D,20241018,000000,24.8728,24.88,24.8728,24.88,271,0
JAND.US,D,20241021,000000,24.88,24.88,24.88,24.88,2,0
JAND.US,D,20241022,000000,24.88,24.88,24.88,24.88,1,0
JAND.US,D,20241023,000000,24.8601,24.875,24.8601,24.875,428,0
JAND.US,D,20241024,000000,24.88,24.88,24.88,24.88,1,0
JAND.US,D,20241025,000000,24.9,24.9,24.885,24.885,122,0
JAND.US,D,20241028,000000,24.905,24.905,24.905,24.905,2,0
JAND.US,D,20241029,000000,24.905,24.905,24.905,24.905,1,0
JAND.US,D,20241030,000000,24.91,24.91,24.905,24.905,363,0
JAND.US,D,20241031,000000,24.88,24.8842,24.88,24.8842,323,0
JAND.US,D,20241101,000000,24.89,24.89,24.88,24.88,715,0
JAND.US,D,20241104,000000,24.92,24.92,24.92,24.92,1,0
JAND.US,D,20241105,000000,24.94,24.94,24.93,24.93,148,0
JAND.US,D,20241106,000000,24.95,24.965,24.95,24.965,1025,0
JAND.US,D,20241107,000000,24.96,24.97,24.96,24.97,829,0
JAND.US,D,20241108,000000,24.96,24.98,24.95,24.98,3941,0
JAND.US,D,20241111,000000,24.97,24.98,24.96,24.98,1237,0
JAND.US,D,20241112,000000,24.99,24.99,24.985,24.985,235,0
JAND.US,D,20241113,000000,24.96,24.99,24.96,24.99,1483,0
JAND.US,D,20241114,000000,24.99,24.99,24.99,24.99,157,0
JAND.US,D,20241115,000000,24.98,25.01,24.98,24.99,658,0
JAND.US,D,20241118,000000,24.9957,25,24.98,25,1057,0
JAND.US,D,20241119,000000,25.01,25.01,25.01,25.01,1337,0
JAND.US,D,20241120,000000,25,25.015,25,25.015,749,0
JAND.US,D,20241121,000000,25.03,25.03,25.0101,25.02,3280,0
JAND.US,D,20241122,000000,25.0299,25.03,24.9957,25.005,1423,0
JAND.US,D,20241125,000000,25.02,25.04,25.02,25.025,955,0
JAND.US,D,20241126,000000,25.02,25.05,25.02,25.025,2906,0
JAND.US,D,20241127,000000,25.05,25.05,25.03,25.03,1206,0
JAND.US,D,20241202,000000,25.05,25.06,25.05,25.06,100,0
JAND.US,D,20241203,000000,25.05,25.07,25.04,25.05,2441,0
JAND.US,D,20241206,000000,25.07,25.08,25.065,25.065,608,0
JAND.US,D,20241209,000000,25.08,25.08,25.07,25.07,389,0
JAND.US,D,20241210,000000,25.05,25.07,25.05,25.07,699,0
JAND.US,D,20241212,000000,25.06,25.08,25.06,25.08,660,0
JAND.US,D,20241217,000000,25.07,25.095,25.07,25.095,632,0
JAND.US,D,20241218,000000,25.1058,25.1058,25.07,25.075,4026,0
JAND.US,D,20241219,000000,25.06,25.085,25.05,25.08,6178,0
JAND.US,D,20241223,000000,25.09,25.11,25.09,25.11,293,0
JAND.US,D,20241227,000000,25.1,25.12,25.1,25.12,117,0
JAND.US,D,20241231,000000,24.63,24.66,24.63,24.635,650,0
JAND.US,D,20250102,000000,24.6599,24.66,24.62,24.64,2087,0
