<TICKER>,<PER>,<DATE>,<TIME>,<OPEN>,<HIGH>,<LOW>,<CLOSE>,<VOL>,<OPENINT>
JANQ.US,D,20240103,000000,24.545,24.545,24.51,24.515,79511,0
JANQ.US,D,20240104,000000,24.55,24.55,24.4833,24.515,3614,0
JANQ.US,D,20240105,000000,24.55,24.59,24.5129,24.5501,5056,0
JANQ.US,D,20240108,000000,24.59,24.5999,24.5601,24.5952,4969,0
JANQ.US,D,20240109,000000,24.6,24.64,24.57,24.57,3174,0
JANQ.US,D,20240110,000000,24.6245,24.6245,24.6245,24.6245,110,0
JANQ.US,D,20240111,000000,24.63,24.63,24.63,24.63,100,0
JANQ.US,D,20240112,000000,24.655,24.6896,24.6471,24.6752,5395,0
JANQ.US,D,20240116,000000,24.68,24.69,24.6452,24.6452,6572,0
JANQ.US,D,20240117,000000,24.605,24.64,24.5953,24.61,1458,0
JANQ.US,D,20240118,000000,24.6599,24.6599,24.6354,24.6354,254,0
JANQ.US,D,20240119,000000,24.66,24.66,24.66,24.66,27,0
JANQ.US,D,20240122,000000,24.684,24.709,24.6413,24.67,5035,0
JANQ.US,D,20240123,000000,24.7,24.7,24.6844,24.69,479,0
JANQ.US,D,20240124,000000,24.73,24.73,24.6946,24.6946,3048,0
JANQ.US,D,20240125,000000,24.7,24.7,24.7,24.7,177,0
JANQ.US,D,20240126,000000,24.7,24.73,24.7,24.7,909,0
JANQ.US,D,20240129,000000,24.7152,24.7152,24.7152,24.7152,398,0
JANQ.US,D,20240130,000000,24.73,24.73,24.6841,24.705,1289,0
JANQ.US,D,20240131,000000,24.74,24.74,24.67,24.7029,2795,0
JANQ.US,D,20240201,000000,24.71,24.74,24.71,24.715,13908,0
JANQ.US,D,20240202,000000,24.75,24.75,24.6799,24.74,5152,0
JANQ.US,D,20240205,000000,24.681,24.7304,24.681,24.71,945,0
JANQ.US,D,20240206,000000,24.6985,24.75,24.6985,24.75,4884,0
JANQ.US,D,20240207,000000,24.76,24.78,24.73,24.77,3295,0
JANQ.US,D,20240208,000000,24.76,24.77,24.73,24.745,2054,0
JANQ.US,D,20240209,000000,24.77,24.77,24.755,24.755,145,0
JANQ.US,D,20240212,000000,24.78,24.78,24.72,24.745,1308,0
JANQ.US,D,20240213,000000,24.6901,24.6901,24.6901,24.6901,13,0
JANQ.US,D,20240214,000000,24.75,24.75,24.69,24.73,1008,0
JANQ.US,D,20240215,000000,24.7368,24.7368,24.7368,24.7368,112,0
JANQ.US,D,20240216,000000,24.77,24.77,24.735,24.735,1706,0
JANQ.US,D,20240220,000000,24.735,24.77,24.7101,24.76,19854,0
JANQ.US,D,20240221,000000,24.72,24.76,24.7073,24.76,374324,0
JANQ.US,D,20240222,000000,24.77,24.79,24.7373,24.79,4522,0
JANQ.US,D,20240223,000000,24.785,24.8194,24.75,24.81,3763,0
JANQ.US,D,20240226,000000,24.77,24.81,24.77,24.81,5193,0
JANQ.US,D,20240227,000000,24.78,24.82,24.78,24.81,3269,0
JANQ.US,D,20240228,000000,24.79,24.82,24.79,24.7901,1209,0
JANQ.US,D,20240229,000000,24.83,24.83,24.77,24.8,3101,0
JANQ.US,D,20240301,000000,24.8236,24.85,24.7973,24.815,1903,0
JANQ.US,D,20240304,000000,24.8,24.805,24.77,24.805,10248,0
JANQ.US,D,20240305,000000,24.82,24.82,24.805,24.805,498,0
JANQ.US,D,20240306,000000,24.8017,24.84,24.8017,24.815,4018,0
JANQ.US,D,20240307,000000,24.78,24.84,24.78,24.815,1230,0
JANQ.US,D,20240308,000000,24.8699,24.8699,24.78,24.815,729,0
JANQ.US,D,20240311,000000,24.805,24.83,24.805,24.81,1107,0
JANQ.US,D,20240312,000000,24.7919,24.85,24.7919,24.8294,6309,0
JANQ.US,D,20240313,000000,24.825,24.825,24.825,24.825,232,0
JANQ.US,D,20240314,000000,24.79,24.84,24.79,24.82,10682,0
JANQ.US,D,20240315,000000,24.84,24.84,24.78,24.815,2779,0
JANQ.US,D,20240318,000000,24.85,24.85,24.8324,24.8324,211,0
JANQ.US,D,20240319,000000,24.8001,24.8799,24.8001,24.8401,3599,0
JANQ.US,D,20240320,000000,24.8199,24.87,24.8199,24.87,668,0
JANQ.US,D,20240321,000000,24.865,24.865,24.865,24.865,77,0
JANQ.US,D,20240322,000000,24.885,24.91,24.885,24.885,343,0
JANQ.US,D,20240325,000000,24.88,24.91,24.878,24.885,1073,0
JANQ.US,D,20240326,000000,24.89,24.91,24.88,24.89,2815,0
JANQ.US,D,20240327,000000,24.58,24.62,24.56,24.605,6679,0
JANQ.US,D,20240328,000000,24.61,24.61,24.59,24.59,1599,0
JANQ.US,D,20240401,000000,24.58,24.605,24.58,24.605,1349,0
JANQ.US,D,20240402,000000,24.56,24.6283,24.56,24.6,5708,0
JANQ.US,D,20240403,000000,24.57,24.63,24.57,24.6,1034,0
JANQ.US,D,20240404,000000,24.61,24.61,24.595,24.5974,1678,0
JANQ.US,D,20240405,000000,24.62,24.6399,24.58,24.6,1804,0
JANQ.US,D,20240408,000000,24.5841,24.62,24.5841,24.615,3140,0
JANQ.US,D,20240409,000000,24.64,24.65,24.59,24.65,1749,0
JANQ.US,D,20240410,000000,24.59,24.62,24.56,24.595,2372,0
JANQ.US,D,20240411,000000,24.59,24.63,24.57,24.615,3745,0
JANQ.US,D,20240412,000000,24.58,24.58,24.56,24.58,2699,0
JANQ.US,D,20240415,000000,24.59,24.6,24.55,24.57,1759,0
JANQ.US,D,20240416,000000,24.55,24.6,24.55,24.5782,2480,0
JANQ.US,D,20240417,000000,24.57,24.6,24.57,24.58,1476,0
JANQ.US,D,20240418,000000,24.6,24.6,24.57,24.58,2031,0
JANQ.US,D,20240419,000000,24.58,24.58,24.58,24.58,448,0
JANQ.US,D,20240422,000000,24.5845,24.63,24.5845,24.63,547,0
JANQ.US,D,20240423,000000,24.66,24.68,24.655,24.655,927,0
JANQ.US,D,20240424,000000,24.62,24.66,24.62,24.66,4486,0
JANQ.US,D,20240425,000000,24.62,24.655,24.62,24.655,2533,0
JANQ.US,D,20240426,000000,24.71,24.71,24.66,24.685,3815,0
JANQ.US,D,20240429,000000,24.68,24.6848,24.68,24.6848,339,0
JANQ.US,D,20240430,000000,24.6999,24.6999,24.665,24.665,573,0
JANQ.US,D,20240501,000000,24.7,24.7,24.68,24.68,1022,0
JANQ.US,D,20240502,000000,24.68,24.695,24.67,24.695,1763,0
JANQ.US,D,20240503,000000,24.7,24.74,24.69,24.72,2178,0
JANQ.US,D,20240506,000000,24.73,24.73,24.73,24.73,65,0
JANQ.US,D,20240507,000000,24.75,24.75,24.7001,24.73,1219,0
JANQ.US,D,20240508,000000,24.73,24.7504,24.69,24.75,5216,0
JANQ.US,D,20240509,000000,24.72,24.75,24.72,24.735,1300,0
JANQ.US,D,20240510,000000,24.74,24.779,24.72,24.745,3138,0
JANQ.US,D,20240513,000000,24.75,24.77,24.745,24.745,751,0
JANQ.US,D,20240514,000000,24.75,24.78,24.72,24.75,3482,0
JANQ.US,D,20240515,000000,24.77,24.77,24.76,24.77,1429,0
JANQ.US,D,20240516,000000,24.75,24.78,24.74,24.76,3063,0
JANQ.US,D,20240517,000000,24.774,24.774,24.77,24.77,375,0
JANQ.US,D,20240520,000000,24.79,24.8,24.75,24.775,4584,0
JANQ.US,D,20240521,000000,24.78,24.8,24.78,24.78,1536,0
JANQ.US,D,20240522,000000,24.8,24.81,24.76,24.78,2396,0
JANQ.US,D,20240523,000000,24.76,24.79,24.76,24.77,771,0
JANQ.US,D,20240524,000000,24.7866,24.82,24.78,24.8,5403,0
JANQ.US,D,20240528,000000,24.8001,24.82,24.77,24.81,6675,0
JANQ.US,D,20240529,000000,24.7813,24.82,24.76,24.76,3006,0
JANQ.US,D,20240530,000000,24.81,24.82,24.77,24.79,3417,0
JANQ.US,D,20240531,000000,24.82,24.83,24.78,24.8102,3027,0
JANQ.US,D,20240603,000000,24.81,24.85,24.8,24.8204,1906,0
JANQ.US,D,20240604,000000,24.85,24.85,24.81,24.82,1234,0
JANQ.US,D,20240605,000000,24.86,24.86,24.83,24.84,1442,0
JANQ.US,D,20240606,000000,24.85,24.87,24.82,24.82,4025,0
JANQ.US,D,20240607,000000,24.8543,24.8543,24.85,24.85,678,0
JANQ.US,D,20240610,000000,24.83,24.87,24.83,24.85,3639,0
JANQ.US,D,20240611,000000,24.86,24.86,24.86,24.86,1087,0
JANQ.US,D,20240612,000000,24.9,24.91,24.85,24.85,4114,0
JANQ.US,D,20240613,000000,24.89,24.89,24.87,24.875,36413,0
JANQ.US,D,20240614,000000,24.86,24.9,24.858,24.9,233125,0
JANQ.US,D,20240617,000000,24.89,24.89,24.89,24.89,1,0
JANQ.US,D,20240618,000000,24.8719,24.9045,24.87,24.895,12846,0
JANQ.US,D,20240620,000000,24.9,24.9,24.87,24.89,38452,0
JANQ.US,D,20240621,000000,24.92,24.92,24.87,24.9,8928,0
JANQ.US,D,20240624,000000,24.9,24.9,24.9,24.9,19,0
JANQ.US,D,20240625,000000,24.9052,24.9052,24.9052,24.9052,4,0
JANQ.US,D,20240626,000000,24.91,24.91,24.91,24.91,111,0
JANQ.US,D,20240627,000000,24.89,24.93,24.89,24.91,1273,0
JANQ.US,D,20240628,000000,24.63,24.63,24.625,24.625,130,0
JANQ.US,D,20240701,000000,24.62,24.64,24.61,24.64,2930,0
JANQ.US,D,20240702,000000,24.65,24.6502,24.65,24.6502,202,0
JANQ.US,D,20240703,000000,24.66,24.66,24.63,24.66,3208,0
JANQ.US,D,20240705,000000,24.67,24.67,24.67,24.67,126,0
JANQ.US,D,20240708,000000,24.675,24.675,24.675,24.675,176,0
JANQ.US,D,20240709,000000,24.699,24.699,24.68,24.68,2652,0
JANQ.US,D,20240710,000000,24.685,24.685,24.685,24.685,1,0
JANQ.US,D,20240711,000000,24.706,24.706,24.67,24.69,1432,0
JANQ.US,D,20240712,000000,24.71,24.71,24.71,24.71,1,0
JANQ.US,D,20240715,000000,24.7208,24.7299,24.69,24.71,5947,0
JANQ.US,D,20240716,000000,24.73,24.73,24.68,24.715,5237,0
JANQ.US,D,20240717,000000,24.69,24.73,24.6803,24.705,2634,0
JANQ.US,D,20240718,000000,24.7168,24.72,24.7,24.7,1454,0
JANQ.US,D,20240719,000000,24.7,24.7,24.7,24.7,60,0
JANQ.US,D,20240722,000000,24.74,24.75,24.7,24.7,2247,0
JANQ.US,D,20240723,000000,24.7384,24.7399,24.7,24.72,1440,0
JANQ.US,D,20240724,000000,24.724,24.724,24.7,24.71,593,0
JANQ.US,D,20240725,000000,24.7,24.7103,24.69,24.7096,736,0
JANQ.US,D,20240726,000000,24.74,24.74,24.73,24.73,230,0
JANQ.US,D,20240729,000000,24.72,24.735,24.71,24.735,2107,0
JANQ.US,D,20240730,000000,24.74,24.74,24.74,24.74,632,0
JANQ.US,D,20240731,000000,24.76,24.76,24.76,24.76,3,0
JANQ.US,D,20240801,000000,24.7415,24.7415,24.7415,24.7415,65,0
JANQ.US,D,20240802,000000,24.68,24.7095,24.68,24.7095,202,0
JANQ.US,D,20240805,000000,24.2,24.5693,24.2,24.5693,7461,0
JANQ.US,D,20240806,000000,24.63,24.685,24.63,24.685,776,0
JANQ.US,D,20240807,000000,24.6899,24.6899,24.6808,24.6808,169,0
JANQ.US,D,20240808,000000,24.7071,24.7071,24.7071,24.7071,21,0
JANQ.US,D,20240809,000000,24.72,24.74,24.72,24.74,107213,0
JANQ.US,D,20240812,000000,24.79,24.79,24.77,24.77,236,0
JANQ.US,D,20240813,000000,24.76,24.79,24.76,24.79,1100,0
JANQ.US,D,20240814,000000,24.82,24.82,24.8,24.8,194,0
JANQ.US,D,20240815,000000,24.81,24.81,24.81,24.81,55,0
JANQ.US,D,20240816,000000,24.8,24.8292,24.8,24.82,1208,0
JANQ.US,D,20240819,000000,24.83,24.83,24.83,24.83,28,0
JANQ.US,D,20240820,000000,24.83,24.83,24.83,24.83,11,0
JANQ.US,D,20240821,000000,24.83,24.83,24.83,24.83,331,0
JANQ.US,D,20240822,000000,24.81,24.82,24.8,24.82,730,0
JANQ.US,D,20240823,000000,24.82,24.84,24.82,24.84,2411,0
JANQ.US,D,20240826,000000,24.85,24.85,24.85,24.85,6,0
JANQ.US,D,20240827,000000,24.86,24.86,24.86,24.86,11,0
JANQ.US,D,20240828,000000,24.83,24.8699,24.83,24.8574,1565,0
JANQ.US,D,20240829,000000,24.855,24.855,24.855,24.855,11,0
JANQ.US,D,20240830,000000,24.88,24.88,24.88,24.88,11,0
JANQ.US,D,20240903,000000,24.88,24.88,24.85,24.85,627,0
JANQ.US,D,20240904,000000,24.85,24.85,24.85,24.85,69,0
JANQ.US,D,20240905,000000,24.83,24.86,24.83,24.86,482,0
JANQ.US,D,20240906,000000,24.845,24.845,24.845,24.845,117,0
JANQ.US,D,20240909,000000,24.88,24.88,24.88,24.88,51,0
JANQ.US,D,20240910,000000,24.89,24.91,24.89,24.89,201,0
JANQ.US,D,20240911,000000,24.9,24.9,24.9,24.9,34,0
JANQ.US,D,20240912,000000,24.91,24.91,24.91,24.91,11,0
JANQ.US,D,20240913,000000,24.92,24.92,24.92,24.92,11,0
JANQ.US,D,20240916,000000,24.93,24.93,24.93,24.93,11,0
JANQ.US,D,20240917,000000,24.93,24.93,24.93,24.93,11,0
JANQ.US,D,20240918,000000,24.949,24.95,24.93,24.93,954,0
JANQ.US,D,20240919,000000,24.95,24.95,24.95,24.95,117,0
JANQ.US,D,20240920,000000,24.96,24.96,24.96,24.96,68,0
JANQ.US,D,20240923,000000,24.99,24.99,24.94,24.965,3450,0
JANQ.US,D,20240924,000000,24.97,24.97,24.97,24.97,58,0
JANQ.US,D,20240925,000000,24.975,24.975,24.975,24.975,22,0
JANQ.US,D,20240926,000000,24.98,24.98,24.98,24.98,361,0
JANQ.US,D,20240927,000000,24.98,24.98,24.98,24.98,11,0
JANQ.US,D,20240930,000000,24.68,24.71,24.68,24.69,1030,0
JANQ.US,D,20241001,000000,24.685,24.685,24.685,24.685,1,0
JANQ.US,D,20241002,000000,24.6828,24.685,24.6828,24.685,1348,0
JANQ.US,D,20241003,000000,24.68,24.68,24.68,24.68,14,0
JANQ.US,D,20241004,000000,24.695,24.695,24.695,24.695,18,0
JANQ.US,D,20241007,000000,24.6889,24.6889,24.6889,24.6889,20,0
JANQ.US,D,20241008,000000,24.69,24.69,24.69,24.69,25,0
JANQ.US,D,20241009,000000,24.705,24.705,24.705,24.705,2,0
JANQ.US,D,20241010,000000,24.705,24.705,24.705,24.705,1,0
JANQ.US,D,20241011,000000,24.7215,24.7215,24.72,24.72,107,0
JANQ.US,D,20241014,000000,24.72,24.72,24.72,24.72,207,0
JANQ.US,D,20241015,000000,24.75,24.75,24.7299,24.7299,130,0
JANQ.US,D,20241016,000000,24.749,24.75,24.73,24.73,1163,0
JANQ.US,D,20241017,000000,24.75,24.75,24.73,24.73,842,0
JANQ.US,D,20241018,000000,24.745,24.745,24.745,24.745,3,0
JANQ.US,D,20241021,000000,24.75,24.75,24.75,24.75,1,0
JANQ.US,D,20241022,000000,24.75,24.75,24.75,24.75,1,0
JANQ.US,D,20241023,000000,24.755,24.755,24.755,24.755,15,0
JANQ.US,D,20241024,000000,24.78,24.79,24.76,24.76,3903,0
JANQ.US,D,20241025,000000,24.7649,24.7649,24.7649,24.7649,32,0
JANQ.US,D,20241028,000000,24.77,24.77,24.77,24.77,1,0
JANQ.US,D,20241029,000000,24.79,24.79,24.77,24.77,183,0
JANQ.US,D,20241030,000000,24.775,24.775,24.775,24.775,28,0
JANQ.US,D,20241031,000000,24.7699,24.7699,24.7699,24.7699,83,0
JANQ.US,D,20241101,000000,24.77,24.77,24.76,24.76,283,0
JANQ.US,D,20241104,000000,24.76,24.79,24.76,24.79,1057,0
JANQ.US,D,20241105,000000,24.8,24.8,24.8,24.8,34,0
JANQ.US,D,20241106,000000,24.815,24.815,24.815,24.815,83,0
JANQ.US,D,20241107,000000,24.8225,24.8225,24.8225,24.8225,189,0
JANQ.US,D,20241108,000000,24.83,24.83,24.83,24.83,83,0
JANQ.US,D,20241118,000000,24.87,24.87,24.87,24.87,221,0
JANQ.US,D,20241125,000000,24.89,24.89,24.8614,24.87,881,0
JANQ.US,D,20241127,000000,24.85,24.875,24.85,24.875,734,0
JANQ.US,D,20241205,000000,24.9,24.92,24.9,24.9,796,0
JANQ.US,D,20241210,000000,24.91,24.93,24.91,24.91,260,0
JANQ.US,D,20241213,000000,24.95,24.95,24.925,24.925,173,0
JANQ.US,D,20241216,000000,24.9499,24.9499,24.925,24.925,2344,0
JANQ.US,D,20241226,000000,24.93,24.95,24.9,24.95,29593,0
JANQ.US,D,20241227,000000,24.93,24.955,24.92,24.9301,49466,0
JANQ.US,D,20241230,000000,24.93,24.96,24.91,24.96,15826,0
JANQ.US,D,20241231,000000,24.64,24.665,24.64,24.665,257,0
JANQ.US,D,20250102,000000,24.65,24.67,24.65,24.67,1491,0
