<TICKER>,<PER>,<DATE>,<TIME>,<OPEN>,<HIGH>,<LOW>,<CLOSE>,<VOL>,<OPENINT>
JFWD.US,D,20210716,000000,19.267,19.267,18.839,18.839,29077,0
JFWD.US,D,20210719,000000,18.629,18.908,18.321,18.849,28297,0
JFWD.US,D,20210720,000000,18.978,19.526,18.913,19.397,72393,0
JFWD.US,D,20210721,000000,19.476,20.104,19.476,20.104,53899,0
JFWD.US,D,20210722,000000,20.104,20.263,19.885,19.964,26480,0
JFWD.US,D,20210723,000000,20.084,20.084,19.885,20.068,8485,0
JFWD.US,D,20210726,000000,20.064,20.281,19.825,19.974,25998,0
JFWD.US,D,20210727,000000,19.825,19.875,19.128,19.563,30283,0
JFWD.US,D,20210728,000000,19.646,20.303,19.636,20.126,9478,0
JFWD.US,D,20210729,000000,20.283,20.333,20.16,20.16,4977,0
JFWD.US,D,20210730,000000,20.044,20.134,19.835,19.877,8311,0
JFWD.US,D,20210802,000000,20.044,20.283,20.044,20.084,3590,0
JFWD.US,D,20210803,000000,20.024,20.081,19.775,20.081,7472,0
JFWD.US,D,20210804,000000,19.925,20.323,19.925,20.247,13829,0
JFWD.US,D,20210805,000000,20.276,20.95,20.276,20.945,2829,0
JFWD.US,D,20210806,000000,21.082,21.16,20.861,20.891,19474,0
JFWD.US,D,20210809,000000,20.941,21.16,20.881,20.994,17958,0
JFWD.US,D,20210810,000000,21.25,21.25,20.612,20.621,16459,0
JFWD.US,D,20210811,000000,20.712,20.712,20.154,20.229,18251,0
JFWD.US,D,20210812,000000,20.154,20.194,20.064,20.158,13693,0
JFWD.US,D,20210813,000000,20.181,20.247,19.875,19.911,8548,0
JFWD.US,D,20210816,000000,19.735,19.735,19.377,19.417,5697,0
JFWD.US,D,20210817,000000,19.128,19.128,18.763,19.081,10468,0
JFWD.US,D,20210818,000000,18.988,19.277,18.988,19.016,12475,0
JFWD.US,D,20210819,000000,18.938,18.938,18.639,18.666,6328,0
JFWD.US,D,20210820,000000,18.779,19.148,18.779,19.073,9953,0
JFWD.US,D,20210823,000000,19.765,19.835,19.606,19.79,7892,0
JFWD.US,D,20210824,000000,19.896,20.124,19.815,20.115,10680,0
JFWD.US,D,20210825,000000,20.352,20.502,20.352,20.406,4111,0
JFWD.US,D,20210826,000000,20.323,20.323,20.078,20.078,8524,0
JFWD.US,D,20210827,000000,20.355,20.686,20.343,20.65,7108,0
JFWD.US,D,20210830,000000,20.712,20.712,20.473,20.539,2350,0
JFWD.US,D,20210831,000000,20.642,20.831,20.542,20.831,5524,0
JFWD.US,D,20210901,000000,20.921,21.309,20.901,21.214,13665,0
JFWD.US,D,20210902,000000,21.299,21.578,21.21,21.459,13242,0
JFWD.US,D,20210903,000000,21.688,21.897,21.688,21.893,9222,0
JFWD.US,D,20210907,000000,21.957,21.957,21.549,21.549,10752,0
JFWD.US,D,20210908,000000,21.265,21.265,20.811,20.946,12809,0
JFWD.US,D,20210909,000000,21.21,21.299,21.19,21.19,4013,0
JFWD.US,D,20210910,000000,20.891,20.901,20.701,20.701,7024,0
JFWD.US,D,20210913,000000,20.522,20.522,19.994,20.323,10961,0
JFWD.US,D,20210914,000000,20.353,20.443,20.134,20.15,4545,0
JFWD.US,D,20210915,000000,20.174,20.263,20.174,20.253,2748,0
JFWD.US,D,20210916,000000,20.15,20.456,20.074,20.456,3051,0
JFWD.US,D,20210917,000000,20.512,20.722,20.373,20.722,13860,0
JFWD.US,D,20210920,000000,19.974,20.084,19.638,19.866,20325,0
JFWD.US,D,20210921,000000,19.925,20.243,19.925,20.042,2430,0
JFWD.US,D,20210922,000000,20.223,20.542,20.223,20.487,5162,0
JFWD.US,D,20210923,000000,20.517,20.806,20.482,20.806,3747,0
JFWD.US,D,20210924,000000,20.522,20.582,20.453,20.497,927,0
JFWD.US,D,20210927,000000,20.328,20.328,20.293,20.319,1513,0
JFWD.US,D,20210928,000000,19.725,19.725,19.363,19.363,6179,0
JFWD.US,D,20210929,000000,19.138,19.317,19.128,19.163,2796,0
JFWD.US,D,20210930,000000,19.397,19.646,19.397,19.512,2086,0
JFWD.US,D,20211001,000000,19.267,19.676,19.267,19.673,1719,0
JFWD.US,D,20211004,000000,19.148,19.148,18.879,19.088,8726,0
JFWD.US,D,20211005,000000,19.144,19.471,19.144,19.471,3225,0
JFWD.US,D,20211006,000000,19.456,19.676,19.456,19.619,734,0
JFWD.US,D,20211007,000000,19.976,20.333,19.954,20.15,5540,0
JFWD.US,D,20211008,000000,20.094,20.096,19.945,19.97,3461,0
JFWD.US,D,20211011,000000,20.094,20.144,19.902,19.902,3681,0
JFWD.US,D,20211012,000000,19.945,20.164,19.945,20.156,2209,0
JFWD.US,D,20211013,000000,20.213,20.333,20.174,20.329,7619,0
JFWD.US,D,20211014,000000,20.572,20.761,20.443,20.509,4893,0
JFWD.US,D,20211015,000000,20.552,20.57,20.499,20.499,2073,0
JFWD.US,D,20211018,000000,20.243,20.39,20.243,20.39,2495,0
JFWD.US,D,20211019,000000,20.562,20.607,20.562,20.607,716,0
JFWD.US,D,20211020,000000,20.562,20.702,20.562,20.681,2915,0
JFWD.US,D,20211021,000000,20.941,20.953,20.896,20.953,1114,0
JFWD.US,D,20211022,000000,20.702,20.702,20.363,20.532,8283,0
JFWD.US,D,20211025,000000,20.612,20.781,20.612,20.725,10048,0
JFWD.US,D,20211026,000000,20.761,20.861,20.761,20.798,1632,0
JFWD.US,D,20211027,000000,20.692,20.702,20.522,20.523,1065,0
JFWD.US,D,20211028,000000,20.562,21.419,20.562,21.419,1932,0
JFWD.US,D,20211029,000000,21.459,21.568,21.358,21.358,1597,0
JFWD.US,D,20211101,000000,21.499,21.869,21.499,21.869,2827,0
JFWD.US,D,20211102,000000,21.678,22.136,21.678,22.136,3179,0
JFWD.US,D,20211103,000000,21.957,22.236,21.947,22.236,1140,0
JFWD.US,D,20211104,000000,22.507,22.507,22.126,22.25,1533,0
JFWD.US,D,20211105,000000,22.545,22.744,22.086,22.409,5124,0
JFWD.US,D,20211108,000000,22.649,22.784,22.634,22.692,3268,0
JFWD.US,D,20211109,000000,22.654,22.779,22.231,22.231,8844,0
JFWD.US,D,20211110,000000,22.037,22.037,21.368,21.368,3943,0
JFWD.US,D,20211111,000000,21.768,21.768,21.482,21.482,2974,0
JFWD.US,D,20211112,000000,21.568,21.591,21.368,21.591,1579,0
JFWD.US,D,20211115,000000,21.538,21.538,21.16,21.218,1760,0
JFWD.US,D,20211116,000000,21.21,21.449,21.21,21.439,1517,0
JFWD.US,D,20211117,000000,20.961,20.991,20.726,20.726,1305,0
JFWD.US,D,20211118,000000,20.736,20.736,20.306,20.306,15642,0
JFWD.US,D,20211119,000000,20.223,20.564,20.204,20.408,9975,0
JFWD.US,D,20211122,000000,20.373,20.373,19.417,19.572,9461,0
JFWD.US,D,20211123,000000,19.377,19.446,19.083,19.326,2759,0
JFWD.US,D,20211124,000000,19.277,19.666,19.277,19.666,2485,0
JFWD.US,D,20211126,000000,19.426,19.426,18.918,19.241,2325,0
JFWD.US,D,20211129,000000,19.745,19.745,19.455,19.455,1431,0
JFWD.US,D,20211130,000000,19.237,19.237,18.719,19.042,4047,0
JFWD.US,D,20211201,000000,19.257,19.257,18.181,18.193,21509,0
JFWD.US,D,20211202,000000,18.291,18.37,17.832,18.37,2854,0
JFWD.US,D,20211203,000000,18.281,18.281,17.225,17.418,7859,0
JFWD.US,D,20211206,000000,17.225,17.574,17.225,17.573,3662,0
JFWD.US,D,20211207,000000,18.221,18.699,18.221,18.492,3141,0
JFWD.US,D,20211208,000000,18.9521,19.0801,18.9521,18.9899,2438,0
JFWD.US,D,20211209,000000,18.83,18.83,18.1451,18.1451,1139,0
JFWD.US,D,20211210,000000,18.36,18.36,17.8156,17.8156,875,0
JFWD.US,D,20211213,000000,17.79,17.79,17.3,17.48,8559,0
JFWD.US,D,20211214,000000,17.05,17.19,16.9541,17.05,9430,0
JFWD.US,D,20211215,000000,16.88,17.6557,16.65,17.6557,16095,0
JFWD.US,D,20211216,000000,17.22,17.22,16.94,16.9955,5264,0
JFWD.US,D,20211217,000000,16.67,17.5966,16.67,17.5966,4266,0
JFWD.US,D,20211220,000000,16.96,17.17,16.96,17.17,14076,0
JFWD.US,D,20211221,000000,17.36,18.0138,17.36,18.0138,395,0
JFWD.US,D,20211222,000000,18.1101,18.1692,17.99,18.1692,2347,0
JFWD.US,D,20211223,000000,18.41,18.78,18.41,18.78,2078,0
JFWD.US,D,20211227,000000,18.731,18.858,18.7,18.7482,9615,0
JFWD.US,D,20211228,000000,18.59,18.59,18.08,18.08,1873,0
JFWD.US,D,20211229,000000,17.78,17.935,17.78,17.8661,2492,0
JFWD.US,D,20211230,000000,18.17,18.2,18.0529,18.0529,12340,0
JFWD.US,D,20211231,000000,18.1,18.1,17.805,17.805,1783,0
JFWD.US,D,20220103,000000,17.8,17.9316,17.8,17.9316,12586,0
JFWD.US,D,20220104,000000,17.11,17.3079,17.009,17.3079,2572,0
JFWD.US,D,20220105,000000,17.08,17.116,16.1649,16.1649,1496,0
JFWD.US,D,20220106,000000,16.23,16.23,15.74,16.0848,1623,0
JFWD.US,D,20220107,000000,15.94,15.96,15.828,15.828,5453,0
JFWD.US,D,20220110,000000,15.58,15.9099,15.295,15.9099,2131,0
JFWD.US,D,20220111,000000,15.86,16.355,15.86,16.355,1390,0
JFWD.US,D,20220112,000000,16.5369,16.5369,16.14,16.1527,3227,0
JFWD.US,D,20220113,000000,16.16,16.19,15.5248,15.5248,1582,0
JFWD.US,D,20220114,000000,15.41,15.52,15.2,15.52,2296,0
JFWD.US,D,20220118,000000,15.03,15.03,14.5365,14.5365,1083,0
JFWD.US,D,20220119,000000,14.83,14.83,14.2823,14.2823,3704,0
JFWD.US,D,20220120,000000,14.44,14.84,14.0926,14.0926,5908,0
JFWD.US,D,20220121,000000,13.77,13.87,13.32,13.3395,5914,0
JFWD.US,D,20220124,000000,12.81,13.69,12.36,13.6791,1665,0
JFWD.US,D,20220125,000000,13.34,13.4793,12.98,13.2595,4339,0
JFWD.US,D,20220126,000000,13.55,13.73,12.9857,12.9857,1768,0
JFWD.US,D,20220127,000000,13.105,13.105,12.43,12.43,1682,0
JFWD.US,D,20220128,000000,12.81,12.8961,12.4,12.8961,1232,0
JFWD.US,D,20220131,000000,13.192,14.0446,13.18,14.0446,809,0
JFWD.US,D,20220201,000000,14.365,14.365,14.13,14.3635,7695,0
JFWD.US,D,20220202,000000,13.9401,13.95,13.65,13.7706,7759,0
JFWD.US,D,20220203,000000,13.34,13.34,13.1061,13.1061,1199,0
JFWD.US,D,20220204,000000,13.3207,13.651,13.22,13.651,472,0
JFWD.US,D,20220207,000000,13.795,13.93,13.795,13.9088,489,0
JFWD.US,D,20220208,000000,13.84,14.1501,13.84,14.1501,309,0
JFWD.US,D,20220209,000000,14.69,14.9209,14.69,14.9209,201,0
JFWD.US,D,20220210,000000,14.8,15.2001,14.5822,14.5822,1749,0
JFWD.US,D,20220211,000000,14.7,14.87,14.1303,14.1303,4657,0
JFWD.US,D,20220214,000000,14.4401,14.4401,14.0769,14.0769,616,0
JFWD.US,D,20220215,000000,14.6201,14.8517,14.6201,14.8517,4807,0
JFWD.US,D,20220216,000000,14.59,14.59,14.5701,14.5701,219,0
JFWD.US,D,20220217,000000,14.36,14.36,13.825,13.825,1753,0
JFWD.US,D,20220218,000000,13.2836,13.2836,13.2836,13.2836,25,0
JFWD.US,D,20220222,000000,13.02,13.24,12.9891,12.9891,1093,0
JFWD.US,D,20220223,000000,12.79,12.79,12.5643,12.5643,176,0
JFWD.US,D,20220224,000000,12.26,13.5349,12.26,13.5349,1728,0
JFWD.US,D,20220225,000000,13.5801,14.0242,13.5801,14.0242,307,0
JFWD.US,D,20220228,000000,14.3279,14.3279,14.3279,14.3279,73,0
JFWD.US,D,20220301,000000,14.35,14.35,14.1558,14.1558,2842,0
JFWD.US,D,20220302,000000,14.15,14.2017,14.15,14.2017,147,0
JFWD.US,D,20220303,000000,13.4537,13.4537,13.4537,13.4537,1,0
JFWD.US,D,20220304,000000,13.35,13.35,12.71,12.7824,3738,0
JFWD.US,D,20220307,000000,12.53,12.53,12.2545,12.2545,809,0
JFWD.US,D,20220308,000000,12,12.64,12,12.3421,1253,0
JFWD.US,D,20220309,000000,13.23,13.2577,13.14,13.2577,401,0
JFWD.US,D,20220310,000000,12.8501,13.1243,12.82,13.1243,1960,0
JFWD.US,D,20220311,000000,13.1599,13.16,12.408,12.408,1254,0
JFWD.US,D,20220314,000000,12.1853,12.1853,11.54,11.5444,519,0
JFWD.US,D,20220315,000000,11.5601,11.9354,11.5601,11.9354,5525,0
JFWD.US,D,20220316,000000,12.58,12.9335,12.58,12.9335,223,0
JFWD.US,D,20220317,000000,13.5587,13.5587,13.5587,13.5587,124,0
JFWD.US,D,20220318,000000,14.1,14.1624,14.1,14.1624,912,0
JFWD.US,D,20220321,000000,13.6445,13.6445,13.6445,13.6445,33,0
JFWD.US,D,20220322,000000,14.2583,14.2583,14.2583,14.2583,194,0
JFWD.US,D,20220323,000000,13.8801,14.21,13.8801,13.9311,254,0
JFWD.US,D,20220324,000000,14.2245,14.2245,14.2245,14.2245,35,0
JFWD.US,D,20220325,000000,13.715,13.816,13.715,13.816,192,0
JFWD.US,D,20220328,000000,13.87,14.0924,13.87,14.0924,1950,0
JFWD.US,D,20220329,000000,14.4699,14.8272,14.4699,14.8272,308,0
JFWD.US,D,20220330,000000,14.58,14.58,14.2264,14.2264,146,0
JFWD.US,D,20220331,000000,14.19,14.19,14.0781,14.0781,319,0
JFWD.US,D,20220401,000000,14.21,14.4306,14.21,14.4306,645,0
JFWD.US,D,20220404,000000,14.78,15.05,14.78,15.0299,612,0
JFWD.US,D,20220405,000000,15.0101,15.0101,14.4206,14.4206,272,0
JFWD.US,D,20220406,000000,14.2,14.2,13.74,13.9854,1061,0
JFWD.US,D,20220407,000000,13.6879,13.6879,13.6879,13.6879,54,0
JFWD.US,D,20220408,000000,13.52,13.52,13.3566,13.3566,234,0
JFWD.US,D,20220411,000000,13.189,13.189,13.189,13.189,22,0
JFWD.US,D,20220412,000000,13.775,13.775,13.1399,13.1399,656,0
JFWD.US,D,20220413,000000,13.61,13.61,13.5692,13.5692,1010,0
JFWD.US,D,20220414,000000,13.57,13.57,13.106,13.106,250,0
JFWD.US,D,20220418,000000,12.7511,12.7511,12.7511,12.7511,11,0
JFWD.US,D,20220419,000000,13.1791,13.1791,13.1791,13.1791,27,0
JFWD.US,D,20220420,000000,12.99,12.99,12.8945,12.8945,504,0
JFWD.US,D,20220421,000000,12.3213,12.3213,12.3213,12.3213,13,0
JFWD.US,D,20220422,000000,12.34,12.365,11.94,11.9616,7331,0
JFWD.US,D,20220425,000000,11.82,12.13,11.82,12.1201,6217,0
JFWD.US,D,20220426,000000,11.5793,11.5793,11.5793,11.5793,80,0
JFWD.US,D,20220427,000000,11.56,11.56,11.3,11.3651,9179,0
JFWD.US,D,20220428,000000,11.5959,11.5959,11.5959,11.5959,28,0
JFWD.US,D,20220429,000000,11.5,11.5,11.1452,11.1452,427,0
JFWD.US,D,20220502,000000,11.31,11.5372,11.3,11.5372,309,0
JFWD.US,D,20220503,000000,11.54,11.5516,11.54,11.5516,129,0
JFWD.US,D,20220504,000000,11.27,11.93,11.27,11.93,1050,0
JFWD.US,D,20220505,000000,11.74,11.74,11.0468,11.0468,244,0
JFWD.US,D,20220506,000000,10.5501,10.5501,10.3557,10.3557,2809,0
JFWD.US,D,20220509,000000,10,10,9.1656,9.1656,2343,0
JFWD.US,D,20220510,000000,8.7829,9.1022,8.7829,9.1022,693,0
JFWD.US,D,20220511,000000,8.99,8.99,8.423,8.423,3173,0
JFWD.US,D,20220512,000000,8.65,8.7384,8.65,8.7384,585,0
JFWD.US,D,20220513,000000,9.7703,9.7709,9.71,9.7392,1164,0
JFWD.US,D,20220516,000000,9.2279,9.2279,9.2279,9.2279,2,0
JFWD.US,D,20220517,000000,9.58,9.7638,9.58,9.7638,345,0
JFWD.US,D,20220518,000000,9.2999,9.2999,9.2433,9.2433,119,0
JFWD.US,D,20220519,000000,9.5245,9.5245,9.5245,9.5245,1,0
JFWD.US,D,20220520,000000,9.3199,9.3783,9.05,9.3783,1254,0
JFWD.US,D,20220523,000000,9.3342,9.3342,9.3342,9.3342,59,0
JFWD.US,D,20220524,000000,8.7325,8.7325,8.7325,8.7325,25,0
JFWD.US,D,20220525,000000,8.9572,8.9572,8.9572,8.9572,50,0
JFWD.US,D,20220526,000000,9.2101,9.2172,9.2101,9.2172,127,0
JFWD.US,D,20220527,000000,9.29,9.7652,9.29,9.7652,621,0
JFWD.US,D,20220531,000000,9.5051,9.5051,9.5051,9.5051,10,0
JFWD.US,D,20220601,000000,9.16,9.16,9.1061,9.1061,305,0
JFWD.US,D,20220602,000000,9.6501,9.6501,9.6501,9.6501,269,0
JFWD.US,D,20220603,000000,9.3846,9.3846,9.3846,9.3846,274,0
JFWD.US,D,20220606,000000,9.265,9.265,9.265,9.265,1,0
JFWD.US,D,20220607,000000,9.5237,9.5237,9.5237,9.5237,195,0
JFWD.US,D,20220608,000000,9.6337,9.6337,9.6337,9.6337,69,0
JFWD.US,D,20220609,000000,9.0938,9.0938,9.0938,9.0938,22,0
JFWD.US,D,20220610,000000,8.76,8.76,8.5772,8.5772,110,0
JFWD.US,D,20220613,000000,7.85,7.8766,7.85,7.8766,3065,0
JFWD.US,D,20220614,000000,7.9399,7.94,7.9057,7.9057,4000,0
JFWD.US,D,20220615,000000,8.1324,8.1324,8.04,8.1324,2335,0
JFWD.US,D,20220616,000000,7.72,7.72,7.6509,7.6509,834,0
JFWD.US,D,20220617,000000,7.77,8.0407,7.77,8.0407,105,0
JFWD.US,D,20220621,000000,8.2575,8.2575,8.16,8.2575,401,0
JFWD.US,D,20220622,000000,8.28,8.28,8.2315,8.2315,262,0
JFWD.US,D,20220623,000000,8.7625,8.7625,8.7625,8.7625,115,0
JFWD.US,D,20220624,000000,9.09,9.1338,9.09,9.1338,3020,0
JFWD.US,D,20220627,000000,8.9463,8.9463,8.9463,8.9463,1,0
JFWD.US,D,20220628,000000,8.8001,8.8001,8.5536,8.5536,125,0
JFWD.US,D,20220629,000000,8.5089,8.5089,8.5089,8.5089,1,0
JFWD.US,D,20220630,000000,8.2201,8.2201,8.1806,8.1806,228,0
JFWD.US,D,20220701,000000,8.23,8.4433,8.23,8.4433,217,0
JFWD.US,D,20220705,000000,9.0786,9.0786,9.0786,9.0786,9,0
JFWD.US,D,20220706,000000,9.0339,9.0339,9.0339,9.0339,3,0
JFWD.US,D,20220707,000000,9.4199,9.4651,9.4199,9.4651,304,0
JFWD.US,D,20220708,000000,9.5,9.5,9.4147,9.4147,328,0
JFWD.US,D,20220711,000000,8.913,8.913,8.913,8.913,9,0
JFWD.US,D,20220712,000000,8.96,8.9745,8.96,8.9745,1037,0
JFWD.US,D,20220713,000000,8.97,9.0025,8.97,9.0025,2003,0
JFWD.US,D,20220714,000000,8.7692,8.7692,8.7692,8.7692,1,0
JFWD.US,D,20220715,000000,8.7039,8.7039,8.66,8.7039,221,0
JFWD.US,D,20220718,000000,8.7666,8.7666,8.7666,8.7666,9,0
JFWD.US,D,20220719,000000,9.1836,9.1836,9.1836,9.1836,25,0
JFWD.US,D,20220720,000000,9.5099,9.6187,9.5099,9.6187,322,0
JFWD.US,D,20220721,000000,9.6583,9.6583,9.6583,9.6583,86,0
JFWD.US,D,20220722,000000,9.6,9.6,9.0572,9.0572,1943,0
JFWD.US,D,20220725,000000,8.9531,8.9531,8.9531,8.9531,2,0
JFWD.US,D,20220726,000000,8.8,8.8,8.66,8.7826,1170,0
JFWD.US,D,20220727,000000,9.08,9.1736,9.08,9.1736,565,0
JFWD.US,D,20220728,000000,9.1954,9.1954,9.1954,9.1954,101,0
JFWD.US,D,20220729,000000,9.08,9.1959,9.08,9.1959,565,0
JFWD.US,D,20220801,000000,9.2019,9.2019,9.1545,9.1545,198,0
JFWD.US,D,20220802,000000,9.4077,9.4077,9.4077,9.4077,131,0
JFWD.US,D,20220803,000000,9.8103,9.8103,9.8103,9.8103,19,0
JFWD.US,D,20220804,000000,9.9399,9.9606,9.9239,9.9606,1635,0
JFWD.US,D,20220805,000000,9.96,10.2132,9.96,10.2132,759,0
JFWD.US,D,20220808,000000,10.4539,10.4539,10.4539,10.4539,108,0
JFWD.US,D,20220809,000000,10.21,10.21,10.03,10.0563,5066,0
JFWD.US,D,20220810,000000,10.2439,10.5628,10.2439,10.5628,1203,0
JFWD.US,D,20220811,000000,10.82,11.025,10.46,10.5032,9651,0
JFWD.US,D,20220812,000000,10.69,10.976,10.69,10.976,269,0
JFWD.US,D,20220815,000000,10.8699,10.95,10.7109,10.937,18289,0
JFWD.US,D,20220816,000000,10.58,10.891,10.5599,10.7985,7305,0
JFWD.US,D,20220817,000000,10.5061,10.5061,10.308,10.308,2042,0
JFWD.US,D,20220818,000000,10.269,10.269,10.269,10.269,1,0
JFWD.US,D,20220819,000000,9.73,9.73,9.6985,9.6985,283,0
JFWD.US,D,20220822,000000,9.2977,9.2977,9.2977,9.2977,7,0
JFWD.US,D,20220823,000000,9.5784,9.5784,9.5784,9.5784,2,0
JFWD.US,D,20220824,000000,9.8488,9.8488,9.8488,9.8488,1,0
JFWD.US,D,20220825,000000,9.9901,10.1435,9.9901,10.1435,186,0
JFWD.US,D,20220826,000000,10.15,10.15,9.51,9.5543,3600,0
JFWD.US,D,20220829,000000,9.3303,9.3303,9.3303,9.3303,1,0
JFWD.US,D,20220830,000000,9.2398,9.2398,9.2398,9.2398,26,0
JFWD.US,D,20220831,000000,9.2537,9.2537,9.2537,9.2537,2,0
JFWD.US,D,20220901,000000,8.99,9.011,8.744,9.011,4678,0
JFWD.US,D,20220902,000000,8.7997,8.7997,8.7997,8.7997,50,0
JFWD.US,D,20220906,000000,8.73,8.73,8.6758,8.6758,151,0
JFWD.US,D,20220907,000000,9.1278,9.1278,9.1278,9.1278,1,0
JFWD.US,D,20220908,000000,9.09,9.4391,9.09,9.4391,4440,0
JFWD.US,D,20220909,000000,9.7,9.765,9.7,9.765,150,0
JFWD.US,D,20220912,000000,10.0922,10.0922,10.0922,10.0922,150,0
JFWD.US,D,20220913,000000,9.7,9.7,9.6102,9.6102,161,0
JFWD.US,D,20220914,000000,9.6852,9.6852,9.6852,9.6852,1,0
JFWD.US,D,20220915,000000,9.64,9.6697,9.63,9.6697,5240,0
JFWD.US,D,20220916,000000,9.13,9.2237,9.12,9.2237,577,0
JFWD.US,D,20220919,000000,9.0401,9.2868,9.0401,9.2868,151,0
JFWD.US,D,20220920,000000,9.0995,9.0995,9.0995,9.0995,6,0
JFWD.US,D,20220921,000000,9.1,9.1,8.9037,8.9037,1038,0
JFWD.US,D,20220922,000000,8.5159,8.5159,8.5159,8.5159,5,0
JFWD.US,D,20220923,000000,8.3157,8.3157,8.3157,8.3157,63,0
JFWD.US,D,20220926,000000,8.3138,8.3138,8.3138,8.3138,16,0
JFWD.US,D,20220927,000000,8.4302,8.4302,8.4302,8.4302,12,0
JFWD.US,D,20220928,000000,8.46,8.8951,8.46,8.8951,724,0
JFWD.US,D,20220929,000000,8.5814,8.5814,8.5814,8.5814,1,0
JFWD.US,D,20220930,000000,8.47,8.9,8.47,8.6235,758,0
JFWD.US,D,20221003,000000,8.68,8.7697,8.64,8.7697,517,0
JFWD.US,D,20221004,000000,9.03,9.35,9.03,9.334,2314,0
JFWD.US,D,20221005,000000,9.1,9.1524,9.1,9.1524,401,0
JFWD.US,D,20221006,000000,9.15,9.2054,9.15,9.2054,300,0
JFWD.US,D,20221007,000000,8.7101,8.7101,8.6753,8.6753,116,0
JFWD.US,D,20221010,000000,8.5604,8.5604,8.422,8.422,277,0
JFWD.US,D,20221011,000000,8.17,8.4,8.17,8.3354,787,0
JFWD.US,D,20221012,000000,8.19,8.3457,8.19,8.3457,1639,0
JFWD.US,D,20221013,000000,8,8.36,8,8.311,7527,0
JFWD.US,D,20221014,000000,8.161,8.17,7.9203,7.9203,3745,0
JFWD.US,D,20221017,000000,8.4001,8.4301,8.39,8.4273,9019,0
JFWD.US,D,20221018,000000,8.54,8.54,8.36,8.4571,1907,0
JFWD.US,D,20221019,000000,8.16,8.16,8.1184,8.1184,4001,0
JFWD.US,D,20221020,000000,8.23,8.26,8.2139,8.2139,2000,0
JFWD.US,D,20221021,000000,8.3563,8.3563,8.3563,8.3563,75,0
JFWD.US,D,20221024,000000,8.19,8.2984,8.19,8.2984,2310,0
JFWD.US,D,20221025,000000,8.75,8.7572,8.62,8.7572,2757,0
JFWD.US,D,20221026,000000,8.75,8.75,8.7,8.7445,2102,0
JFWD.US,D,20221027,000000,8.6584,8.6584,8.6584,8.6584,64,0
JFWD.US,D,20221028,000000,8.8569,8.8569,8.8569,8.8569,1,0
JFWD.US,D,20221031,000000,8.72,8.7588,8.72,8.7588,150,0
JFWD.US,D,20221101,000000,8.8005,8.8005,8.8005,8.8005,61,0
JFWD.US,D,20221102,000000,8.69,8.69,8.3482,8.3482,101,0
JFWD.US,D,20221103,000000,8.29,8.29,8.263,8.263,104,0
JFWD.US,D,20221104,000000,7.8645,7.8645,7.8645,7.8645,61,0
JFWD.US,D,20221107,000000,7.82,7.8783,7.82,7.8783,478,0
JFWD.US,D,20221108,000000,7.77,7.79,7.77,7.79,600,0
JFWD.US,D,20221109,000000,7.57,7.57,7.3108,7.3108,1063,0
JFWD.US,D,20221110,000000,7.6,8.211,7.6,8.211,401,0
JFWD.US,D,20221111,000000,8.86,8.9254,8.86,8.9254,262,0
JFWD.US,D,20221114,000000,8.7394,8.7394,8.7394,8.7394,12,0
JFWD.US,D,20221115,000000,9.0361,9.0361,8.9162,8.9162,727,0
JFWD.US,D,20221116,000000,8.63,8.63,8.5991,8.5991,129,0
JFWD.US,D,20221117,000000,8.4,8.4,8.3,8.3256,286,0
JFWD.US,D,20221118,000000,8.2201,8.2201,8.1923,8.1923,444,0
JFWD.US,D,20221121,000000,7.89,7.9232,7.89,7.9232,108,0
JFWD.US,D,20221122,000000,7.85,7.9151,7.85,7.9151,102,0
JFWD.US,D,20221123,000000,8.13,8.1711,8.13,8.1711,103,0
JFWD.US,D,20221125,000000,8.05,8.1384,8.05,8.1384,201,0
JFWD.US,D,20221128,000000,7.92,7.92,7.8722,7.8722,101,0
JFWD.US,D,20221129,000000,7.91,7.9228,7.91,7.9228,406,0
JFWD.US,D,20221130,000000,7.93,8.3707,7.93,8.3707,503,0
JFWD.US,D,20221201,000000,8.37,8.46,8.11,8.4502,12350,0
JFWD.US,D,20221202,000000,8.38,8.4619,8.38,8.4619,210,0
JFWD.US,D,20221205,000000,8.1068,8.1068,8.1068,8.1068,1,0
JFWD.US,D,20221206,000000,7.8628,7.8628,7.8628,7.8628,1,0
JFWD.US,D,20221207,000000,7.92,7.92,7.8945,7.8945,482,0
JFWD.US,D,20221208,000000,8.0948,8.0948,8.0948,8.0948,25,0
JFWD.US,D,20221209,000000,8.03,8.11,7.9918,7.9918,1420,0
JFWD.US,D,20221212,000000,8.06,8.137,8.06,8.137,610,0
JFWD.US,D,20221213,000000,8.38,8.38,8.21,8.3174,607,0
JFWD.US,D,20221214,000000,8.44,8.44,8.3,8.3481,3404,0
JFWD.US,D,20221215,000000,8.14,8.14,8.0335,8.0335,927,0
JFWD.US,D,20221216,000000,7.87,8.0445,7.87,8.0445,309,0
JFWD.US,D,20221219,000000,7.83,7.83,7.695,7.695,361,0
JFWD.US,D,20221220,000000,7.67,7.7601,7.67,7.7467,604,0
JFWD.US,D,20221221,000000,7.78,7.95,7.78,7.8892,1261,0
JFWD.US,D,20221222,000000,7.64,7.77,7.64,7.77,409,0
JFWD.US,D,20221223,000000,7.66,7.67,7.65,7.6602,1300,0
JFWD.US,D,20221227,000000,7.63,7.63,7.4,7.4187,13065,0
JFWD.US,D,20221228,000000,7.31,7.3334,7.31,7.3334,3031,0
JFWD.US,D,20221229,000000,7.6801,7.7025,7.68,7.7025,352,0
JFWD.US,D,20221230,000000,7.61,7.739,7.59,7.739,1629,0
JFWD.US,D,20230103,000000,7.7137,7.7137,7.7137,7.7137,71,0
JFWD.US,D,20230104,000000,7.8,8.0134,7.8,8.0134,446,0
JFWD.US,D,20230105,000000,7.7489,7.7489,7.7489,7.7489,5,0
JFWD.US,D,20230106,000000,7.7897,7.7897,7.7897,7.7897,25,0
JFWD.US,D,20230109,000000,7.9144,7.9144,7.9144,7.9144,29,0
JFWD.US,D,20230110,000000,8.1125,8.1125,8.1125,8.1125,11,0
JFWD.US,D,20230111,000000,8.265,8.265,8.265,8.265,105,0
JFWD.US,D,20230112,000000,8.355,8.4757,8.355,8.4757,306,0
JFWD.US,D,20230113,000000,8.655,8.655,8.655,8.655,196,0
JFWD.US,D,20230117,000000,8.6364,8.6645,8.6364,8.6645,8948,0
JFWD.US,D,20230118,000000,8.7,8.7,8.4785,8.4785,1277,0
JFWD.US,D,20230119,000000,8.3,8.37,8.3,8.3217,2317,0
JFWD.US,D,20230120,000000,8.4,8.6022,8.39,8.6022,9037,0
JFWD.US,D,20230123,000000,8.76,8.8663,8.76,8.8663,174,0
JFWD.US,D,20230124,000000,8.7173,8.7173,8.7173,8.7173,39,0
JFWD.US,D,20230125,000000,8.6624,8.6624,8.6624,8.6624,53,0
JFWD.US,D,20230126,000000,8.8027,8.8027,8.8027,8.8027,11,0
JFWD.US,D,20230127,000000,9.02,9.0557,9.02,9.0557,336,0
JFWD.US,D,20230130,000000,8.81,8.81,8.7177,8.7177,501,0
JFWD.US,D,20230131,000000,8.9496,8.9496,8.9496,8.9496,138,0
JFWD.US,D,20230201,000000,9.3008,9.3008,9.3008,9.3008,6,0
JFWD.US,D,20230202,000000,9.65,9.8031,9.65,9.8031,1839,0
JFWD.US,D,20230203,000000,9.435,9.435,9.435,9.435,12,0
JFWD.US,D,20230206,000000,9.28,9.3236,9.28,9.3236,307,0
JFWD.US,D,20230207,000000,9.4708,9.4708,9.4708,9.4708,84,0
JFWD.US,D,20230208,000000,9.1792,9.1792,9.1792,9.1792,2,0
JFWD.US,D,20230209,000000,9.29,9.29,8.9155,8.9155,5384,0
JFWD.US,D,20230210,000000,8.71,8.7323,8.71,8.7323,154,0
JFWD.US,D,20230213,000000,8.86,8.89,8.86,8.8688,205,0
JFWD.US,D,20230214,000000,8.8295,9.025,8.8295,9.025,131,0
JFWD.US,D,20230215,000000,9.24,9.36,9.2131,9.36,1202,0
JFWD.US,D,20230216,000000,9.38,9.42,9.1616,9.1616,826,0
JFWD.US,D,20230217,000000,9.09,9.0911,9.09,9.0911,200,0
JFWD.US,D,20230221,000000,8.79,8.8,8.7352,8.7352,719,0
JFWD.US,D,20230222,000000,8.8095,8.8095,8.8095,8.8095,3,0
JFWD.US,D,20230223,000000,8.7692,8.7692,8.7692,8.7692,3,0
JFWD.US,D,20230224,000000,8.5,8.52,8.48,8.4802,16369,0
JFWD.US,D,20230227,000000,8.57,8.57,8.4834,8.4834,2500,0
JFWD.US,D,20230228,000000,8.65,8.65,8.6282,8.6282,291,0
JFWD.US,D,20230301,000000,8.65,8.65,8.5552,8.5552,13,0
JFWD.US,D,20230302,000000,8.555,8.56,8.5545,8.5545,5072,0
JFWD.US,D,20230303,000000,8.7001,8.737,8.7001,8.737,5012,0
JFWD.US,D,20230306,000000,8.75,8.75,8.5744,8.5744,157,0
JFWD.US,D,20230307,000000,8.5174,8.5174,8.5174,8.5174,30,0
JFWD.US,D,20230308,000000,8.4648,8.482,8.4648,8.482,220,0
JFWD.US,D,20230309,000000,8.43,8.43,8.1044,8.1044,502,0
JFWD.US,D,20230310,000000,7.89,7.89,7.6998,7.7203,235,0
JFWD.US,D,20230313,000000,7.9278,7.9278,7.8673,7.8673,501,0
JFWD.US,D,20230314,000000,7.949,7.949,7.949,7.949,1,0
JFWD.US,D,20230315,000000,7.78,7.9159,7.78,7.9159,402,0
JFWD.US,D,20230316,000000,8.11,8.11,8.0958,8.0958,145,0
JFWD.US,D,20230317,000000,7.9034,7.9034,7.9034,7.9034,11,0
JFWD.US,D,20230320,000000,7.8299,7.8351,7.8299,7.8351,684,0
JFWD.US,D,20230321,000000,8.15,8.151,8.15,8.151,2518,0
JFWD.US,D,20230322,000000,7.8901,7.8901,7.8901,7.8901,23,0
JFWD.US,D,20230323,000000,7.93,8.0125,7.93,8.0125,270,0
JFWD.US,D,20230324,000000,7.921,7.921,7.921,7.921,2,0
JFWD.US,D,20230327,000000,7.9445,7.9445,7.9445,7.9445,8,0
JFWD.US,D,20230328,000000,7.97,7.97,7.9272,7.9272,357,0
JFWD.US,D,20230329,000000,8,8.096,8,8.096,16728,0
JFWD.US,D,20230330,000000,8.1336,8.1336,8.1336,8.1336,3,0
JFWD.US,D,20230331,000000,8.29,8.33,8.25,8.3081,5988,0
JFWD.US,D,20230403,000000,8.25,8.3111,8.23,8.3111,620,0
JFWD.US,D,20230404,000000,8.28,8.3105,8.28,8.3105,100,0
JFWD.US,D,20230405,000000,8.044,8.044,8.044,8.044,1,0
JFWD.US,D,20230406,000000,8.2457,8.2457,8.2457,8.2457,2,0
JFWD.US,D,20230410,000000,8.2648,8.2648,8.2648,8.2648,8,0
JFWD.US,D,20230411,000000,8.3615,8.3615,8.3615,8.3615,11,0
JFWD.US,D,20230412,000000,8.37,8.37,8.242,8.242,117,0
JFWD.US,D,20230413,000000,8.5018,8.5018,8.5018,8.5018,38,0
JFWD.US,D,20230414,000000,8.3766,8.3766,8.3766,8.3766,72,0
JFWD.US,D,20230417,000000,8.51,8.5554,8.51,8.5554,123,0
JFWD.US,D,20230418,000000,8.5199,8.5199,8.5199,8.5199,17,0
JFWD.US,D,20230419,000000,8.5646,8.5646,8.5646,8.5646,50,0
JFWD.US,D,20230420,000000,8.44,8.44,8.4261,8.4261,126,0
JFWD.US,D,20230421,000000,8.5,8.5345,8.5,8.5345,144,0
JFWD.US,D,20230424,000000,8.4466,8.4466,8.4466,8.4466,1,0
JFWD.US,D,20230425,000000,8.1606,8.1606,8.1606,8.1606,2,0
JFWD.US,D,20230426,000000,8.27,8.27,8.1982,8.1982,529,0
JFWD.US,D,20230427,000000,8.23,8.2395,8.23,8.2391,354,0
JFWD.US,D,20230428,000000,8.1444,8.1444,8.1444,8.1444,15,0
JFWD.US,D,20230501,000000,8.1001,8.1607,8.1,8.1607,729,0
JFWD.US,D,20230502,000000,7.89,7.899,7.89,7.899,311,0
JFWD.US,D,20230503,000000,7.92,7.942,7.92,7.942,1065,0
JFWD.US,D,20230504,000000,8.0134,8.0134,8.0134,8.0134,2,0
JFWD.US,D,20230505,000000,8.1895,8.1895,8.1895,8.1895,1,0
JFWD.US,D,20230508,000000,8.1997,8.2319,8.1894,8.2319,11710,0
JFWD.US,D,20230509,000000,8.22,8.3782,8.2,8.3486,33037,0
JFWD.US,D,20230510,000000,8.44,8.44,8.3928,8.3928,1653,0
JFWD.US,D,20230511,000000,8.24,8.3399,8.24,8.3399,151,0
JFWD.US,D,20230512,000000,8.0754,8.0754,8.0754,8.0754,4,0
JFWD.US,D,20230515,000000,8.235,8.235,8.235,8.235,15,0
JFWD.US,D,20230516,000000,8.11,8.11,8.0847,8.0847,216,0
JFWD.US,D,20230517,000000,8.18,8.185,8.18,8.185,349,0
JFWD.US,D,20230518,000000,8.15,8.32,8.15,8.295,920,0
JFWD.US,D,20230519,000000,8.265,8.265,8.265,8.265,10,0
JFWD.US,D,20230522,000000,8.3401,8.6672,8.3401,8.6672,341,0
JFWD.US,D,20230523,000000,8.5669,8.5669,8.5669,8.5669,3,0
JFWD.US,D,20230524,000000,8.5975,8.5975,8.5975,8.5975,12,0
JFWD.US,D,20230525,000000,8.44,8.44,8.3096,8.3096,189,0
JFWD.US,D,20230526,000000,8.45,8.465,8.4351,8.4351,3598,0
JFWD.US,D,20230530,000000,8.46,8.589,8.4254,8.4254,2991,0
JFWD.US,D,20230531,000000,8.485,8.5834,8.485,8.5834,726,0
JFWD.US,D,20230601,000000,8.58,8.7386,8.58,8.7386,11512,0
JFWD.US,D,20230602,000000,9.0327,9.0327,9.0327,9.0327,2,0
JFWD.US,D,20230605,000000,9.0391,9.0391,9.0391,9.0391,153,0
JFWD.US,D,20230606,000000,9.1884,9.1884,9.1884,9.1884,184,0
JFWD.US,D,20230607,000000,9.14,9.14,9.0271,9.0271,1305,0
JFWD.US,D,20230608,000000,8.98,8.98,8.9496,8.9496,326,0
JFWD.US,D,20230609,000000,8.9094,8.9094,8.9094,8.9094,6,0
JFWD.US,D,20230612,000000,9.0274,9.0274,9.0274,9.0274,24,0
JFWD.US,D,20230613,000000,9.1998,9.24,9.18,9.2357,2880,0
JFWD.US,D,20230614,000000,9.1311,9.1311,9.1311,9.1311,101,0
JFWD.US,D,20230615,000000,9.2578,9.2578,9.2578,9.2578,2,0
JFWD.US,D,20230616,000000,9.14,9.14,9.1164,9.1164,286,0
JFWD.US,D,20230620,000000,9.0466,9.0466,9.0466,9.0466,20,0
JFWD.US,D,20230621,000000,8.92,8.9224,8.92,8.9224,149,0
JFWD.US,D,20230622,000000,8.9018,8.9018,8.9018,8.9018,15,0
JFWD.US,D,20230623,000000,8.8,8.8049,8.8,8.8049,100,0
JFWD.US,D,20230626,000000,8.8024,8.8024,8.8024,8.8024,4,0
JFWD.US,D,20230627,000000,8.9157,8.9157,8.9157,8.9157,1,0
JFWD.US,D,20230628,000000,9.0674,9.0674,9.0674,9.0674,6,0
JFWD.US,D,20230629,000000,9.055,9.055,9.055,9.055,103,0
JFWD.US,D,20230630,000000,9.2015,9.2015,9.2015,9.2015,12,0
JFWD.US,D,20230703,000000,9.2014,9.2014,9.2014,9.2014,1,0
JFWD.US,D,20230705,000000,9.1468,9.1468,9.1468,9.1468,24,0
JFWD.US,D,20230706,000000,8.8193,8.899,8.8193,8.899,116,0
JFWD.US,D,20230707,000000,9.09,9.11,9.052,9.052,1157,0
JFWD.US,D,20230710,000000,9.22,9.2981,9.22,9.2981,524,0
JFWD.US,D,20230711,000000,9.34,9.5033,9.34,9.5033,318,0
JFWD.US,D,20230712,000000,9.5886,9.5886,9.5886,9.5886,2,0
JFWD.US,D,20230713,000000,9.7824,9.7824,9.7824,9.7824,3,0
JFWD.US,D,20230714,000000,9.56,9.5985,9.56,9.5985,100,0
JFWD.US,D,20230717,000000,9.55,9.6723,9.55,9.6723,319,0
JFWD.US,D,20230718,000000,9.6801,9.6801,9.6801,9.6801,3,0
JFWD.US,D,20230719,000000,9.75,9.7543,9.75,9.7543,464,0
JFWD.US,D,20230720,000000,9.53,9.5345,9.4625,9.4625,3212,0
JFWD.US,D,20230721,000000,9.57,9.57,9.4839,9.4839,156,0
JFWD.US,D,20230724,000000,9.4131,9.4131,9.4131,9.4131,95,0
JFWD.US,D,20230725,000000,9.465,9.465,9.433,9.433,333,0
JFWD.US,D,20230726,000000,9.4871,9.4871,9.4871,9.4871,18,0
JFWD.US,D,20230727,000000,9.3304,9.3304,9.3304,9.3304,2,0
JFWD.US,D,20230728,000000,9.6162,9.6162,9.6162,9.6162,5,0
JFWD.US,D,20230731,000000,9.71,9.7523,9.71,9.7523,216,0
JFWD.US,D,20230801,000000,9.62,9.64,9.62,9.6398,1433,0
JFWD.US,D,20230802,000000,9.46,9.46,9.3521,9.3521,202,0
JFWD.US,D,20230803,000000,9.3399,9.3399,9.3284,9.3284,123,0
JFWD.US,D,20230804,000000,9.3119,9.3119,9.3119,9.3119,9,0
JFWD.US,D,20230807,000000,9.2088,9.2088,9.2088,9.2088,79,0
JFWD.US,D,20230808,000000,9,9.059,9,9.059,214,0
JFWD.US,D,20230809,000000,8.8225,8.8225,8.7572,8.7572,502,0
JFWD.US,D,20230810,000000,8.7,8.7,8.6817,8.6817,355,0
JFWD.US,D,20230811,000000,8.632,8.632,8.632,8.632,79,0
JFWD.US,D,20230814,000000,8.58,8.6361,8.58,8.6361,4180,0
JFWD.US,D,20230815,000000,8.4463,8.4463,8.4463,8.4463,5,0
JFWD.US,D,20230816,000000,8.3745,8.3745,8.2655,8.2655,362,0
JFWD.US,D,20230817,000000,8.1177,8.1177,8.1177,8.1177,1,0
JFWD.US,D,20230818,000000,8.1353,8.1353,8.1353,8.1353,88,0
JFWD.US,D,20230821,000000,8.2193,8.2193,8.2193,8.2193,80,0
JFWD.US,D,20230822,000000,8.2231,8.2231,8.2231,8.2231,10,0
JFWD.US,D,20230823,000000,8.4151,8.4151,8.4151,8.4151,69,0
JFWD.US,D,20230824,000000,8.232,8.232,8.232,8.232,11,0
JFWD.US,D,20230825,000000,8.2584,8.2584,8.2584,8.2584,1,0
JFWD.US,D,20230828,000000,8.3065,8.3065,8.3065,8.3065,1,0
JFWD.US,D,20230829,000000,8.4754,8.4754,8.4754,8.4754,10,0
JFWD.US,D,20230830,000000,8.57,8.5799,8.57,8.5799,556,0
JFWD.US,D,20230831,000000,8.5951,8.5951,8.5951,8.5951,7,0
JFWD.US,D,20230901,000000,8.6569,8.6569,8.6569,8.6569,16,0
JFWD.US,D,20230905,000000,8.5552,8.5552,8.5552,8.5552,78,0
JFWD.US,D,20230906,000000,8.4814,8.4814,8.4814,8.4814,5,0
JFWD.US,D,20230907,000000,8.3351,8.3351,8.3351,8.3351,1,0
JFWD.US,D,20230908,000000,8.2598,8.2598,8.2598,8.2598,4,0
JFWD.US,D,20230911,000000,8.4065,8.4065,8.4065,8.4065,1,0
JFWD.US,D,20230912,000000,8.3536,8.3536,8.3105,8.3105,198,0
JFWD.US,D,20230913,000000,8.213,8.213,8.213,8.213,91,0
JFWD.US,D,20230914,000000,8.2339,8.2339,8.2339,8.2339,20,0
JFWD.US,D,20230915,000000,8.14,8.1495,8.0824,8.0938,2897,0
JFWD.US,D,20230918,000000,8,8.0155,7.9937,7.9937,3127,0
JFWD.US,D,20230919,000000,7.985,7.985,7.9303,7.9303,5113,0
JFWD.US,D,20230920,000000,7.8116,7.8116,7.8116,7.8116,21,0
JFWD.US,D,20230921,000000,7.63,7.6301,7.6036,7.6036,208,0
JFWD.US,D,20230922,000000,7.6,7.6,7.5399,7.5399,10350,0
JFWD.US,D,20230925,000000,7.52,7.52,7.52,7.52,3,0
JFWD.US,D,20230926,000000,7.464,7.464,7.464,7.464,1,0
JFWD.US,D,20230927,000000,7.52,7.5546,7.52,7.5546,327,0
JFWD.US,D,20230928,000000,7.612,7.612,7.612,7.612,44,0
JFWD.US,D,20230929,000000,7.6451,7.6451,7.6451,7.6451,199,0
JFWD.US,D,20231002,000000,7.64,7.64,7.4949,7.4949,289,0
JFWD.US,D,20231003,000000,7.295,7.295,7.295,7.295,40,0
JFWD.US,D,20231004,000000,7.25,7.3144,7.25,7.3144,3961,0
JFWD.US,D,20231005,000000,7.19,7.3373,7.19,7.3373,107,0
JFWD.US,D,20231006,000000,7.4601,7.49,7.4601,7.4821,309,0
JFWD.US,D,20231009,000000,7.4858,7.4858,7.4858,7.4858,101,0
JFWD.US,D,20231010,000000,7.6773,7.6773,7.6773,7.6773,5,0
JFWD.US,D,20231011,000000,7.6199,7.6288,7.6199,7.6288,515,0
JFWD.US,D,20231012,000000,7.4147,7.4147,7.4147,7.4147,43,0
JFWD.US,D,20231013,000000,7.29,7.3441,7.29,7.3441,1411,0
JFWD.US,D,20231016,000000,7.5046,7.5447,7.5046,7.5447,1029,0
JFWD.US,D,20231017,000000,7.6144,7.6144,7.6144,7.6144,22,0
JFWD.US,D,20231018,000000,7.3683,7.3683,7.3683,7.3683,18,0
JFWD.US,D,20231019,000000,7.1889,7.1889,7.1889,7.1889,1,0
JFWD.US,D,20231020,000000,7.0539,7.0539,7.0539,7.0539,5,0
JFWD.US,D,20231023,000000,7.0756,7.0756,7.0756,7.0756,79,0
JFWD.US,D,20231024,000000,7.2401,7.2731,7.2401,7.2731,250,0
JFWD.US,D,20231025,000000,6.91,6.91,6.9085,6.9085,1002,0
JFWD.US,D,20231026,000000,6.9,6.9,6.877,6.877,366,0
JFWD.US,D,20231027,000000,6.8003,6.8003,6.8003,6.8003,1,0
JFWD.US,D,20231030,000000,6.83,6.83,6.83,6.83,51,0
JFWD.US,D,20231031,000000,6.91,6.9374,6.91,6.9374,180,0
JFWD.US,D,20231101,000000,6.91,6.91,6.9042,6.9042,508,0
JFWD.US,D,20231102,000000,7.04,7.04,7.04,7.04,50,0
JFWD.US,D,20231103,000000,7.4665,7.4665,7.4665,7.4665,125,0
JFWD.US,D,20231106,000000,7.3854,7.3854,7.3854,7.3854,51,0
JFWD.US,D,20231107,000000,7.6299,7.6299,7.613,7.613,378,0
JFWD.US,D,20231108,000000,7.5744,7.5744,7.5744,7.5744,112,0
JFWD.US,D,20231109,000000,7.253,7.253,7.253,7.253,8,0
JFWD.US,D,20231110,000000,7.407,7.407,7.407,7.407,32,0
JFWD.US,D,20231113,000000,7.5029,7.5029,7.5029,7.5029,25,0
JFWD.US,D,20231114,000000,7.8594,7.8594,7.8594,7.8594,47,0
JFWD.US,D,20231115,000000,7.93,8.16,7.93,8.0416,418,0
JFWD.US,D,20231116,000000,8.0185,8.0185,8.0185,8.0185,35,0
JFWD.US,D,20231117,000000,8.1768,8.1768,8.1768,8.1768,86,0
JFWD.US,D,20231120,000000,8.25,8.39,8.25,8.3589,911,0
JFWD.US,D,20231121,000000,8.29,8.29,8.2482,8.2482,347,0
JFWD.US,D,20231122,000000,8.36,8.3899,8.36,8.3636,821,0
JFWD.US,D,20231124,000000,8.37,8.4844,8.37,8.4844,548,0
JFWD.US,D,20231127,000000,8.3879,8.3879,8.3879,8.3879,142,0
JFWD.US,D,20231128,000000,8.4058,8.4058,8.4058,8.4058,13,0
JFWD.US,D,20231129,000000,8.53,8.53,8.494,8.494,328,0
JFWD.US,D,20231130,000000,8.4217,8.4217,8.4217,8.4217,78,0
JFWD.US,D,20231201,000000,8.7816,8.7816,8.7816,8.7816,207,0
JFWD.US,D,20231204,000000,8.75,8.9004,8.75,8.9004,640,0
JFWD.US,D,20231205,000000,8.8401,8.8401,8.7627,8.7627,367,0
JFWD.US,D,20231206,000000,8.95,8.99,8.8496,8.8496,742,0
JFWD.US,D,20231207,000000,8.8831,8.8831,8.8831,8.8831,190,0
JFWD.US,D,20231208,000000,8.78,8.96,8.78,8.9217,5499,0
JFWD.US,D,20231211,000000,8.8793,8.8793,8.8793,8.8793,168,0
JFWD.US,D,20231212,000000,8.9466,8.9466,8.9466,8.9466,27,0
JFWD.US,D,20231213,000000,9.3619,9.3619,9.3619,9.3619,78,0
JFWD.US,D,20231214,000000,9.7558,9.7558,9.7558,9.7558,90,0
JFWD.US,D,20231215,000000,9.6894,9.6894,9.4903,9.6039,425,0
JFWD.US,D,20231218,000000,9.64,9.6492,9.64,9.6492,1112,0
JFWD.US,D,20231219,000000,9.71,10.07,9.71,10.0597,2518,0
JFWD.US,D,20231220,000000,10.08,10.2499,9.9078,9.9078,5168,0
JFWD.US,D,20231221,000000,10.0803,10.2244,10.0803,10.2244,11494,0
JFWD.US,D,20231222,000000,10.31,10.365,10.31,10.3155,5568,0
JFWD.US,D,20231226,000000,10.42,10.53,10.39,10.53,11696,0
JFWD.US,D,20231227,000000,10.6,10.66,10.57,10.6179,4532,0
JFWD.US,D,20231228,000000,10.68,10.7,10.58,10.6426,4600,0
JFWD.US,D,20231229,000000,10.58,10.6155,10.4,10.42,5993,0
JFWD.US,D,20240102,000000,10.35,10.44,10.2835,10.2835,10580,0
JFWD.US,D,20240103,000000,9.7349,9.7349,9.7349,9.7349,157,0
JFWD.US,D,20240104,000000,9.73,9.769,9.73,9.769,1197,0
JFWD.US,D,20240105,000000,9.7737,9.7743,9.7737,9.7743,342,0
JFWD.US,D,20240108,000000,9.75,10.2283,9.75,10.2283,2452,0
JFWD.US,D,20240109,000000,10.28,10.3899,10.28,10.2889,3099,0
JFWD.US,D,20240110,000000,10.33,10.33,10.12,10.22,8054,0
JFWD.US,D,20240111,000000,9.9215,10.1301,9.9215,10.0798,1552,0
JFWD.US,D,20240112,000000,10.1,10.1,10.0249,10.0249,299,0
JFWD.US,D,20240116,000000,9.95,9.95,9.855,9.9,1809,0
JFWD.US,D,20240117,000000,9.605,9.7174,9.605,9.7174,302,0
JFWD.US,D,20240118,000000,9.79,9.79,9.6074,9.7064,1101,0
JFWD.US,D,20240119,000000,9.68,9.74,9.5361,9.74,4517,0
JFWD.US,D,20240122,000000,10.1155,10.1155,10.1155,10.1155,161,0
JFWD.US,D,20240123,000000,10.1683,10.1683,10.1683,10.1683,97,0
JFWD.US,D,20240124,000000,10.29,10.29,10.0249,10.0249,4040,0
JFWD.US,D,20240125,000000,10.0815,10.0815,10.0815,10.0815,64,0
JFWD.US,D,20240126,000000,10.2,10.28,9.9661,9.9661,1314,0
JFWD.US,D,20240129,000000,10.2761,10.2761,10.2761,10.2761,208,0
JFWD.US,D,20240130,000000,10.12,10.17,10.028,10.028,588,0
JFWD.US,D,20240131,000000,9.98,10.0223,9.8,9.8134,3277,0
JFWD.US,D,20240201,000000,9.8635,9.979,9.8635,9.979,1005,0
JFWD.US,D,20240202,000000,9.85,10.06,9.85,10.0581,328,0
JFWD.US,D,20240205,000000,9.92,9.92,9.9036,9.9036,227,0
JFWD.US,D,20240206,000000,10.02,10.1306,10.02,10.1306,113,0
JFWD.US,D,20240207,000000,10.19,10.19,10.08,10.08,704,0
JFWD.US,D,20240208,000000,10.3,10.3,10.2865,10.2865,195,0
JFWD.US,D,20240209,000000,10.4595,10.4595,10.4595,10.4595,48,0
JFWD.US,D,20240212,000000,10.8748,10.8748,10.8748,10.8748,139,0
JFWD.US,D,20240213,000000,10.4158,10.4158,10.4158,10.4158,58,0
JFWD.US,D,20240214,000000,10.56,10.7477,10.56,10.7477,310,0
JFWD.US,D,20240215,000000,10.83,10.8852,10.83,10.8852,303,0
JFWD.US,D,20240216,000000,10.83,10.9197,10.8299,10.8403,1463,0
JFWD.US,D,20240220,000000,10.59,10.6562,10.58,10.6562,1155,0
JFWD.US,D,20240221,000000,10.42,10.4583,10.42,10.4583,318,0
JFWD.US,D,20240222,000000,10.4794,10.4873,10.4794,10.4873,492,0
JFWD.US,D,20240223,000000,10.6375,10.6375,10.6375,10.6375,25,0
JFWD.US,D,20240226,000000,10.8047,10.8047,10.8047,10.8047,112,0
JFWD.US,D,20240227,000000,10.9259,11.21,10.9259,11.2064,707,0
JFWD.US,D,20240228,000000,10.945,10.945,10.9374,10.9374,677,0
JFWD.US,D,20240229,000000,10.9902,11.0292,10.99,11.0292,734,0
JFWD.US,D,20240301,000000,11.07,11.2364,11.07,11.2008,563,0
JFWD.US,D,20240304,000000,11.27,11.27,11.0813,11.0813,1787,0
JFWD.US,D,20240305,000000,10.67,10.7124,10.67,10.7124,145,0
JFWD.US,D,20240306,000000,10.7729,10.7729,10.7729,10.7729,89,0
JFWD.US,D,20240307,000000,10.8518,10.8518,10.8518,10.8518,103,0
JFWD.US,D,20240308,000000,11.1,11.1,10.9032,10.9032,374,0
JFWD.US,D,20240311,000000,10.88,10.88,10.8187,10.8187,530,0
JFWD.US,D,20240312,000000,10.79,10.79,10.6929,10.6929,225,0
JFWD.US,D,20240313,000000,10.75,10.9497,10.75,10.9497,215,0
JFWD.US,D,20240314,000000,10.6566,10.6566,10.6566,10.6566,22,0
JFWD.US,D,20240315,000000,10.5158,10.5158,10.5158,10.5158,134,0
JFWD.US,D,20240318,000000,10.4972,10.4972,10.4972,10.4972,112,0
JFWD.US,D,20240319,000000,10.48,10.5776,10.48,10.5776,897,0
JFWD.US,D,20240320,000000,10.72,10.7888,10.72,10.7888,627,0
JFWD.US,D,20240321,000000,10.7658,10.7658,10.7658,10.7658,147,0
JFWD.US,D,20240322,000000,10.715,10.73,10.6745,10.6745,737,0
JFWD.US,D,20240325,000000,10.65,10.7514,10.65,10.7514,2010,0
JFWD.US,D,20240326,000000,10.83,10.83,10.7794,10.7794,302,0
JFWD.US,D,20240327,000000,10.9357,10.9357,10.9357,10.9357,29,0
JFWD.US,D,20240328,000000,11.02,11.0276,11.02,11.0276,176,0
JFWD.US,D,20240401,000000,11.03,11.03,10.8408,10.8859,3506,0
JFWD.US,D,20240402,000000,10.6785,10.6785,10.6785,10.6785,33,0
JFWD.US,D,20240403,000000,10.58,10.749,10.58,10.7291,850,0
JFWD.US,D,20240404,000000,10.9304,10.9304,10.6481,10.6481,325,0
JFWD.US,D,20240405,000000,10.76,10.779,10.7494,10.7494,618,0
JFWD.US,D,20240408,000000,10.67,10.7212,10.67,10.7212,132,0
JFWD.US,D,20240409,000000,10.7301,10.7475,10.7301,10.7475,145,0
JFWD.US,D,20240410,000000,10.4809,10.4809,10.4809,10.4809,16,0
JFWD.US,D,20240411,000000,10.45,10.53,10.45,10.53,228,0
JFWD.US,D,20240412,000000,10.1058,10.1058,10.1058,10.1058,18,0
JFWD.US,D,20240415,000000,10.13,10.13,9.8,9.8342,11948,0
JFWD.US,D,20240416,000000,9.6864,9.81,9.6864,9.8053,774,0
JFWD.US,D,20240417,000000,9.83,9.83,9.6076,9.6076,1484,0
JFWD.US,D,20240418,000000,9.4805,9.4805,9.465,9.465,805,0
JFWD.US,D,20240419,000000,9.3795,9.3795,9.3795,9.3795,60,0
JFWD.US,D,20240422,000000,9.41,9.47,9.28,9.425,9942,0
JFWD.US,D,20240423,000000,9.7,9.7,9.6822,9.6822,115,0
JFWD.US,D,20240424,000000,9.65,9.65,9.6497,9.6497,133,0
JFWD.US,D,20240425,000000,9.4409,9.4409,9.4409,9.4409,13,0
JFWD.US,D,20240426,000000,9.6615,9.6615,9.6615,9.6615,14,0
JFWD.US,D,20240429,000000,9.7828,9.7828,9.7,9.7426,3652,0
JFWD.US,D,20240430,000000,9.6101,9.6101,9.5303,9.5303,10025,0
JFWD.US,D,20240501,000000,9.6855,9.6855,9.6855,9.6855,219,0
JFWD.US,D,20240502,000000,9.8458,9.8458,9.8458,9.8458,28,0
JFWD.US,D,20240503,000000,9.8676,9.8676,9.8676,9.8676,79,0
JFWD.US,D,20240506,000000,9.95,10.0054,9.95,10.0054,860,0
JFWD.US,D,20240507,000000,10.0706,10.0706,10.0706,10.0706,14,0
JFWD.US,D,20240508,000000,9.92,9.92,9.838,9.838,433,0
JFWD.US,D,20240509,000000,10.0176,10.0176,10.0176,10.0176,14,0
JFWD.US,D,20240510,000000,10.0676,10.0676,10.0676,10.0676,16,0
JFWD.US,D,20240513,000000,10.2,10.2,10.1116,10.1116,248,0
JFWD.US,D,20240514,000000,10.3825,10.3825,10.3825,10.3825,14,0
JFWD.US,D,20240515,000000,10.6,10.6616,10.6,10.6616,10265,0
JFWD.US,D,20240516,000000,10.7489,10.7672,10.74,10.7672,1295,0
JFWD.US,D,20240517,000000,10.8397,10.86,10.7891,10.7891,1018,0
JFWD.US,D,20240520,000000,10.8201,10.8201,10.81,10.8112,527,0
JFWD.US,D,20240521,000000,10.78,10.78,10.6845,10.6845,1657,0
JFWD.US,D,20240522,000000,10.6099,10.6099,10.6032,10.6032,436,0
JFWD.US,D,20240523,000000,10.3747,10.3747,10.3747,10.3747,81,0
JFWD.US,D,20240524,000000,10.3962,10.44,10.39,10.395,708,0
JFWD.US,D,20240528,000000,10.34,10.3845,10.34,10.3724,974,0
JFWD.US,D,20240529,000000,10.1323,10.1323,10.1323,10.1323,27,0
JFWD.US,D,20240530,000000,10.065,10.065,10.065,10.065,32,0
JFWD.US,D,20240531,000000,9.9067,9.9067,9.9067,9.9067,301,0
JFWD.US,D,20240603,000000,10.03,10.03,9.92,9.92,417,0
JFWD.US,D,20240604,000000,9.85,9.85,9.8398,9.8398,156,0
JFWD.US,D,20240605,000000,9.83,10.1278,9.83,10.1278,343,0
JFWD.US,D,20240606,000000,10.161,10.161,10.161,10.161,84,0
JFWD.US,D,20240607,000000,10.0138,10.0138,10.0138,10.0138,3,0
JFWD.US,D,20240610,000000,9.94,10.1164,9.94,10.1164,243,0
JFWD.US,D,20240611,000000,10.1618,10.1618,10.1618,10.1618,8,0
JFWD.US,D,20240612,000000,10.48,10.48,10.3427,10.3427,261,0
JFWD.US,D,20240613,000000,10.17,10.2021,10.17,10.2021,1360,0
JFWD.US,D,20240614,000000,10.05,10.1261,10.05,10.1261,1188,0
JFWD.US,D,20240617,000000,9.9846,10.0219,9.9846,10.0219,122,0
JFWD.US,D,20240618,000000,9.9385,9.9385,9.9385,9.9385,124,0
JFWD.US,D,20240620,000000,9.87,9.875,9.79,9.8619,2410,0
JFWD.US,D,20240621,000000,9.87,9.9245,9.87,9.9245,20421,0
JFWD.US,D,20240624,000000,9.98,9.98,9.9201,9.9201,260,0
JFWD.US,D,20240625,000000,9.91,9.91,9.8243,9.8243,233,0
JFWD.US,D,20240626,000000,9.77,9.9027,9.7601,9.9027,407,0
JFWD.US,D,20240627,000000,9.98,9.98,9.9654,9.9654,346,0
JFWD.US,D,20240628,000000,10.0166,10.0166,10.0166,10.0166,59,0
JFWD.US,D,20240701,000000,9.9462,9.9462,9.9462,9.9462,21,0
JFWD.US,D,20240702,000000,9.7892,9.7892,9.7892,9.7892,85,0
JFWD.US,D,20240703,000000,9.8458,9.8458,9.8458,9.8458,42,0
JFWD.US,D,20240705,000000,9.9463,9.9463,9.9463,9.9463,21,0
JFWD.US,D,20240708,000000,10.045,10.0511,10.04,10.0511,11909,0
JFWD.US,D,20240709,000000,9.9893,9.9893,9.9893,9.9893,31,0
JFWD.US,D,20240710,000000,9.9396,9.9396,9.9396,9.9396,18,0
JFWD.US,D,20240711,000000,10.3395,10.3395,10.3395,10.3395,62,0
JFWD.US,D,20240712,000000,10.47,10.4904,10.47,10.4904,257,0
JFWD.US,D,20240715,000000,10.6766,10.69,10.6766,10.69,127,0
JFWD.US,D,20240716,000000,10.86,11.1281,10.86,11.1281,471,0
JFWD.US,D,20240717,000000,10.95,10.95,10.9089,10.9089,529,0
JFWD.US,D,20240718,000000,10.5357,10.5357,10.4984,10.4984,111,0
JFWD.US,D,20240719,000000,10.464,10.464,10.464,10.464,5,0
JFWD.US,D,20240722,000000,10.6363,10.6363,10.6363,10.6363,121,0
JFWD.US,D,20240723,000000,10.72,10.74,10.6729,10.6729,293,0
JFWD.US,D,20240724,000000,10.3452,10.3452,10.3452,10.3452,8,0
JFWD.US,D,20240725,000000,10.5374,10.5374,10.5374,10.5374,34,0
JFWD.US,D,20240726,000000,10.6421,10.6421,10.6421,10.6421,108,0
JFWD.US,D,20240729,000000,10.6103,10.6103,10.5127,10.5127,141,0
JFWD.US,D,20240730,000000,10.4093,10.4093,10.4093,10.4093,168,0
JFWD.US,D,20240731,000000,10.6048,10.6048,10.6048,10.6048,128,0
JFWD.US,D,20240801,000000,10.1099,10.1099,10.1099,10.1099,18,0
JFWD.US,D,20240802,000000,9.71,9.72,9.63,9.7184,733,0
JFWD.US,D,20240805,000000,9.4145,9.4145,9.4145,9.4145,258,0
JFWD.US,D,20240806,000000,9.4323,9.4323,9.4323,9.4323,79,0
JFWD.US,D,20240807,000000,9.0215,9.0215,9.0215,9.0215,30,0
JFWD.US,D,20240808,000000,9.8508,9.8508,9.8508,9.8508,201,0
JFWD.US,D,20240809,000000,9.925,10.0554,9.925,10.0554,132,0
JFWD.US,D,20240812,000000,9.8361,9.8361,9.8361,9.8361,86,0
JFWD.US,D,20240813,000000,10.1196,10.1196,10.1196,10.1196,338,0
JFWD.US,D,20240814,000000,9.94,10.0538,9.94,10.0538,175,0
JFWD.US,D,20240815,000000,10.3205,10.3205,10.3205,10.3205,60,0
JFWD.US,D,20240816,000000,10.5009,10.5009,10.5009,10.5009,37,0
JFWD.US,D,20240819,000000,10.5901,10.7211,10.5901,10.7211,571,0
JFWD.US,D,20240820,000000,10.5163,10.5163,10.5163,10.5163,81,0
JFWD.US,D,20240821,000000,10.56,10.6682,10.56,10.6682,10140,0
JFWD.US,D,20240822,000000,10.63,10.63,10.368,10.368,420,0
JFWD.US,D,20240823,000000,10.7,10.7,10.7,10.7,27,0
JFWD.US,D,20240826,000000,10.7696,10.7696,10.7696,10.7696,53,0
JFWD.US,D,20240827,000000,10.6376,10.6376,10.6376,10.6376,98,0
JFWD.US,D,20240828,000000,10.3982,10.3982,10.3982,10.3982,32,0
JFWD.US,D,20240829,000000,10.5232,10.5232,10.5232,10.5232,55,0
JFWD.US,D,20240830,000000,10.53,10.659,10.53,10.659,264,0
JFWD.US,D,20240903,000000,10.2299,10.2299,10.2299,10.2299,70,0
JFWD.US,D,20240904,000000,10.1597,10.1597,10.1597,10.1597,97,0
JFWD.US,D,20240905,000000,10.2009,10.2009,10.2009,10.2009,91,0
JFWD.US,D,20240906,000000,9.921,9.921,9.921,9.921,85,0
JFWD.US,D,20240909,000000,10.03,10.04,9.9961,9.9961,10104,0
JFWD.US,D,20240910,000000,10.0918,10.0918,10.0918,10.0918,57,0
JFWD.US,D,20240911,000000,10.1818,10.1818,10.1818,10.1818,1,0
JFWD.US,D,20240912,000000,10.2814,10.2814,10.2814,10.2814,59,0
JFWD.US,D,20240913,000000,10.36,10.5719,10.36,10.5719,309,0
JFWD.US,D,20240916,000000,10.5961,10.5961,10.5961,10.5961,13,0
JFWD.US,D,20240917,000000,10.7282,10.7282,10.7282,10.7282,1,0
JFWD.US,D,20240918,000000,10.7553,10.7553,10.7553,10.7553,8,0
JFWD.US,D,20240919,000000,10.9755,10.9755,10.9755,10.9755,6,0
JFWD.US,D,20240920,000000,10.8836,10.8836,10.8836,10.8836,13,0
JFWD.US,D,20240923,000000,10.6545,10.6545,10.628,10.628,631,0
JFWD.US,D,20240924,000000,10.6798,10.6798,10.6798,10.6798,16,0
JFWD.US,D,20240925,000000,10.5699,10.5699,10.5699,10.5699,1,0
JFWD.US,D,20240926,000000,10.62,10.7325,10.62,10.7325,238,0
JFWD.US,D,20240927,000000,10.8408,10.8408,10.8408,10.8408,79,0
JFWD.US,D,20241001,000000,10.5557,10.5557,10.5557,10.5557,50,0
JFWD.US,D,20241002,000000,10.6572,10.6572,10.6572,10.6572,43,0
JFWD.US,D,20241003,000000,10.7963,10.7963,10.7963,10.7963,36,0
JFWD.US,D,20241004,000000,11.0758,11.0758,11.0758,11.0758,98,0
JFWD.US,D,20241007,000000,10.9123,10.9123,10.9123,10.9123,36,0
JFWD.US,D,20241008,000000,10.9279,10.9279,10.9279,10.9279,22,0
JFWD.US,D,20241009,000000,10.7825,10.7825,10.7825,10.7825,48,0
JFWD.US,D,20241010,000000,10.766,10.766,10.766,10.766,156,0
JFWD.US,D,20241011,000000,10.9991,10.9991,10.9991,10.9991,172,0
JFWD.US,D,20241014,000000,11.0754,11.0754,11.0754,11.0754,321,0
JFWD.US,D,20241015,000000,11.0399,11.0399,11.0399,11.0399,27,0
JFWD.US,D,20241016,000000,11.1,11.1683,11.1,11.1683,240,0
JFWD.US,D,20241017,000000,11.0127,11.0127,11.0127,11.0127,67,0
JFWD.US,D,20241018,000000,11.0745,11.0745,11.0745,11.0745,62,0
JFWD.US,D,20241021,000000,10.9007,10.9007,10.9007,10.9007,112,0
JFWD.US,D,20241022,000000,10.8508,10.8508,10.8508,10.8508,48,0
JFWD.US,D,20241023,000000,10.5596,10.5596,10.5596,10.5596,24,0
JFWD.US,D,20241024,000000,10.5376,10.5376,10.5376,10.5376,46,0
JFWD.US,D,20241025,000000,10.512,10.512,10.512,10.512,23,0
JFWD.US,D,20241028,000000,10.8425,10.8425,10.8425,10.8425,72,0
JFWD.US,D,20241029,000000,10.74,10.7701,10.73,10.7701,440,0
JFWD.US,D,20241030,000000,10.8809,10.8809,10.8809,10.8809,27,0
JFWD.US,D,20241031,000000,10.7832,10.7832,10.7832,10.7832,74,0
JFWD.US,D,20241104,000000,10.8331,10.8331,10.8331,10.8331,130,0
JFWD.US,D,20241105,000000,10.96,11.0188,10.96,11.0188,14678,0
JFWD.US,D,20241106,000000,11.35,11.4743,11.35,11.4743,384,0
JFWD.US,D,20241107,000000,11.6578,11.6578,11.6578,11.6578,167,0
JFWD.US,D,20241108,000000,11.96,12.2608,11.96,12.2608,921,0
JFWD.US,D,20241112,000000,12.1,12.1001,12.092,12.092,427,0
JFWD.US,D,20241118,000000,11.3,11.3672,11.3,11.3672,886,0
JFWD.US,D,20241122,000000,12.3056,12.3844,12.3056,12.3668,910,0
JFWD.US,D,20241125,000000,12.41,12.4534,12.41,12.4534,556,0
JFWD.US,D,20241127,000000,12.5199,12.574,12.5199,12.574,343,0
JFWD.US,D,20241129,000000,12.7,12.7,12.6549,12.6549,216,0
JFWD.US,D,20241202,000000,12.8799,12.8799,12.8371,12.8371,405,0
JFWD.US,D,20241203,000000,12.885,13.0829,12.885,13.0829,1118,0
JFWD.US,D,20241204,000000,13.48,13.5399,13.37,13.493,1547,0
JFWD.US,D,20241205,000000,13.44,13.44,13.0799,13.0799,960,0
JFWD.US,D,20241206,000000,13.3,13.4585,13.24,13.4312,1339,0
JFWD.US,D,20241209,000000,13.55,13.56,13.4,13.4728,1959,0
JFWD.US,D,20241210,000000,13.47,13.47,13.0528,13.0528,1711,0
JFWD.US,D,20241211,000000,13.07,13.2,13.0676,13.0676,5914,0
JFWD.US,D,20241213,000000,12.61,12.61,12.5227,12.5227,267,0
JFWD.US,D,20241216,000000,12.8662,12.8662,12.8582,12.8582,258,0
JFWD.US,D,20241217,000000,12.81,12.81,12.7293,12.7293,648,0
JFWD.US,D,20241218,000000,12.715,12.715,11.88,11.9426,1313,0
JFWD.US,D,20241219,000000,11.93,11.99,11.9091,11.9091,724,0
