<TICKER>,<PER>,<DATE>,<TIME>,<OPEN>,<HIGH>,<LOW>,<CLOSE>,<VOL>,<OPENINT>
KRUZ.US,D,20230209,000000,25.34,25.34,24.82,24.89,35976,0
KRUZ.US,D,20230210,000000,24.87,24.97,24.7785,24.96,27121,0
KRUZ.US,D,20230213,000000,25.05,25.235,25,25.2034,18686,0
KRUZ.US,D,20230214,000000,25.2,25.4083,25.03,25.2707,18480,0
KRUZ.US,D,20230215,000000,25.16,25.3188,25.05,25.3,18801,0
KRUZ.US,D,20230216,000000,25.11,25.27,25,25,14759,0
KRUZ.US,D,20230217,000000,24.97,24.97,24.77,24.897,20935,0
KRUZ.US,D,20230221,000000,24.78,24.78,24.44,24.4613,16679,0
KRUZ.US,D,20230222,000000,24.49,24.57,24.4077,24.4077,7284,0
KRUZ.US,D,20230223,000000,24.63,24.63,24.39,24.5557,2587,0
KRUZ.US,D,20230224,000000,24.34,24.4066,24.2425,24.4066,7128,0
KRUZ.US,D,20230227,000000,24.66,24.66,24.4481,24.4625,4709,0
KRUZ.US,D,20230228,000000,24.88,24.88,24.4745,24.4745,3045,0
KRUZ.US,D,20230301,000000,24.5,24.5155,24.4,24.4553,3849,0
KRUZ.US,D,20230302,000000,24.36,24.6389,24.3165,24.6389,2561,0
KRUZ.US,D,20230303,000000,24.8,24.97,24.69,24.9317,3351,0
KRUZ.US,D,20230306,000000,25.02,25.04,24.8427,24.8427,4334,0
KRUZ.US,D,20230307,000000,24.9,24.9,24.515,24.515,1824,0
KRUZ.US,D,20230308,000000,24.59,24.59,24.46,24.4861,3377,0
KRUZ.US,D,20230309,000000,24.87,24.87,24.0447,24.0447,4058,0
KRUZ.US,D,20230310,000000,24.08,24.08,23.6159,23.6159,6192,0
KRUZ.US,D,20230313,000000,23,23.6188,23,23.39,4893,0
KRUZ.US,D,20230314,000000,23.67,23.74,23.475,23.6464,2552,0
KRUZ.US,D,20230315,000000,23.1701,23.18,22.9346,23.0401,4038,0
KRUZ.US,D,20230316,000000,23.185,23.4748,23.185,23.4748,1471,0
KRUZ.US,D,20230317,000000,23.33,23.3435,23.1,23.1361,1407,0
KRUZ.US,D,20230320,000000,23,23.43,23,23.3747,1933,0
KRUZ.US,D,20230321,000000,23.7,23.717,23.62,23.717,1438,0
KRUZ.US,D,20230322,000000,24.45,24.45,23.2815,23.2815,1238,0
KRUZ.US,D,20230323,000000,23.242,23.242,23.242,23.242,687,0
KRUZ.US,D,20230324,000000,23.03,23.2882,23.03,23.2882,1200,0
KRUZ.US,D,20230327,000000,23.57,23.57,23.505,23.505,1155,0
KRUZ.US,D,20230328,000000,24.33,24.33,23.5542,23.5542,1031,0
KRUZ.US,D,20230329,000000,23.84,23.84,23.49,23.82,2229,0
KRUZ.US,D,20230330,000000,24.06,24.09,23.935,24.0188,1779,0
KRUZ.US,D,20230331,000000,24.1401,24.3317,24.1401,24.3317,3731,0
KRUZ.US,D,20230403,000000,24.76,24.76,24.385,24.4963,1480,0
KRUZ.US,D,20230404,000000,24.5,24.6,24.207,24.2197,1815,0
KRUZ.US,D,20230405,000000,24.25,24.25,24.0701,24.164,755,0
KRUZ.US,D,20230406,000000,24.1702,24.1702,24.1702,24.1702,969,0
KRUZ.US,D,20230410,000000,24.16,24.2879,24.16,24.2879,1737,0
KRUZ.US,D,20230411,000000,24.484,24.515,24.4276,24.4276,2457,0
KRUZ.US,D,20230412,000000,24.58,24.58,24.3052,24.3052,1947,0
KRUZ.US,D,20230413,000000,24.48,24.605,24.44,24.5695,1504,0
KRUZ.US,D,20230414,000000,24.55,24.55,24.36,24.4856,1350,0
KRUZ.US,D,20230417,000000,24.57,24.5958,24.4401,24.5958,1965,0
KRUZ.US,D,20230418,000000,24.5401,24.64,24.5401,24.6232,1487,0
KRUZ.US,D,20230419,000000,24.55,24.55,24.4401,24.5102,1056,0
KRUZ.US,D,20230420,000000,24.43,24.43,24.3201,24.3859,971,0
KRUZ.US,D,20230421,000000,24.37,24.3822,24.2503,24.3822,716,0
KRUZ.US,D,20230424,000000,24.45,24.45,24.324,24.4105,1268,0
KRUZ.US,D,20230425,000000,24.01,24.08,24.0073,24.0073,1662,0
KRUZ.US,D,20230426,000000,23.9399,23.94,23.79,23.79,1095,0
KRUZ.US,D,20230427,000000,23.905,24.1716,23.905,24.1716,3576,0
KRUZ.US,D,20230428,000000,24.22,24.42,24.22,24.4083,1567,0
KRUZ.US,D,20230501,000000,24.4997,24.4997,24.3682,24.3682,842,0
KRUZ.US,D,20230502,000000,24.38,24.38,23.75,23.9904,1854,0
KRUZ.US,D,20230503,000000,24.06,24.06,23.8154,23.8154,801,0
KRUZ.US,D,20230504,000000,23.7,23.7,23.6,23.6016,1266,0
KRUZ.US,D,20230505,000000,23.9,24.01,23.9,23.9702,925,0
KRUZ.US,D,20230508,000000,24.08,24.08,23.91,23.9152,1214,0
KRUZ.US,D,20230509,000000,23.87,23.87,23.8,23.8269,910,0
KRUZ.US,D,20230510,000000,23.8325,23.8325,23.8325,23.8325,388,0
KRUZ.US,D,20230511,000000,23.7348,23.7348,23.7348,23.7348,294,0
KRUZ.US,D,20230512,000000,23.77,23.77,23.7498,23.7498,848,0
KRUZ.US,D,20230515,000000,23.99,24.0055,23.92,24.0055,1810,0
KRUZ.US,D,20230516,000000,23.77,23.77,23.7271,23.7271,1154,0
KRUZ.US,D,20230517,000000,23.88,24.13,23.88,24.0455,811,0
KRUZ.US,D,20230518,000000,24.1237,24.3085,24.1237,24.3085,574,0
KRUZ.US,D,20230519,000000,24.33,24.3301,24.23,24.23,1198,0
KRUZ.US,D,20230522,000000,24.28,24.3085,24.2772,24.2772,1165,0
KRUZ.US,D,20230523,000000,24.27,24.3057,24.1028,24.113,2280,0
KRUZ.US,D,20230524,000000,23.8601,23.92,23.8601,23.8694,1052,0
KRUZ.US,D,20230525,000000,23.91,23.91,23.77,23.8053,1109,0
KRUZ.US,D,20230526,000000,24.01,24.053,23.98,24.053,1222,0
KRUZ.US,D,20230530,000000,24.07,24.07,23.96,23.98,3870,0
KRUZ.US,D,20230531,000000,23.85,23.85,23.7301,23.8431,542,0
KRUZ.US,D,20230601,000000,23.94,24.1198,23.81,24.0252,2186,0
KRUZ.US,D,20230602,000000,23.25,24.5297,23.25,24.5297,668,0
KRUZ.US,D,20230605,000000,24.53,24.53,24.3,24.3629,1083,0
KRUZ.US,D,20230606,000000,24.37,24.57,24.37,24.548,632,0
KRUZ.US,D,20230607,000000,24.68,24.71,24.57,24.69,4373,0
KRUZ.US,D,20230608,000000,24.66,24.8061,24.66,24.8061,2074,0
KRUZ.US,D,20230609,000000,24.8501,24.8501,24.7527,24.7527,426,0
KRUZ.US,D,20230612,000000,25.02,25.15,24.76,24.8843,5442,0
KRUZ.US,D,20230613,000000,25,25.1113,25,25.1007,2147,0
KRUZ.US,D,20230614,000000,25.1601,25.21,24.98,25.0259,2359,0
KRUZ.US,D,20230615,000000,25.2,25.41,25.2,25.3446,2900,0
KRUZ.US,D,20230616,000000,25.41,25.41,25.2497,25.2497,4542,0
KRUZ.US,D,20230620,000000,25.99,25.99,24.9513,25.0347,2312,0
KRUZ.US,D,20230621,000000,24.9533,25.04,24.9533,24.9999,1590,0
KRUZ.US,D,20230622,000000,24.79,24.94,24.79,24.9156,1490,0
KRUZ.US,D,20230623,000000,24.73,24.73,24.6802,24.6802,554,0
KRUZ.US,D,20230626,000000,24.76,24.899,24.76,24.7887,1092,0
KRUZ.US,D,20230627,000000,24.8298,25.056,24.8298,25.056,489,0
KRUZ.US,D,20230628,000000,24.96,25.0196,24.96,25.0196,1096,0
KRUZ.US,D,20230629,000000,25.135,25.229,25.1302,25.2191,1117,0
KRUZ.US,D,20230630,000000,25.33,25.4556,25.33,25.4556,1180,0
KRUZ.US,D,20230703,000000,25.5,25.56,25.46,25.56,1111,0
KRUZ.US,D,20230705,000000,25.48,25.48,25.4122,25.4122,1425,0
KRUZ.US,D,20230706,000000,25.24,25.24,25,25.1222,1238,0
KRUZ.US,D,20230707,000000,25.17,25.35,25.1582,25.1582,1025,0
KRUZ.US,D,20230710,000000,25.1,25.3507,25.1,25.3507,1761,0
KRUZ.US,D,20230711,000000,25.48,25.617,25.46,25.617,1442,0
KRUZ.US,D,20230712,000000,25.8399,25.8399,25.7819,25.7819,887,0
KRUZ.US,D,20230713,000000,25.96,25.96,25.8701,25.9484,1495,0
KRUZ.US,D,20230714,000000,25.97,25.97,25.7447,25.7447,1049,0
KRUZ.US,D,20230717,000000,25.67,25.88,25.67,25.8559,1809,0
KRUZ.US,D,20230718,000000,26.02,26.1002,26.02,26.1002,921,0
KRUZ.US,D,20230719,000000,26.23,26.249,26.13,26.1677,964,0
KRUZ.US,D,20230720,000000,26.16,26.16,26.0661,26.0661,681,0
KRUZ.US,D,20230721,000000,26.0801,26.099,26.0617,26.0617,823,0
KRUZ.US,D,20230724,000000,26.12,26.1297,26.06,26.1297,1271,0
KRUZ.US,D,20230725,000000,26.15,26.25,26.1,26.1893,1757,0
KRUZ.US,D,20230726,000000,26.169,26.169,26.1215,26.1587,3080,0
KRUZ.US,D,20230727,000000,26.29,26.29,25.9909,25.9909,1873,0
KRUZ.US,D,20230728,000000,26.14,26.1961,26.12,26.1961,1966,0
KRUZ.US,D,20230731,000000,26.32,26.33,26.28,26.3184,3929,0
KRUZ.US,D,20230801,000000,26.31,26.38,26.309,26.339,1372,0
KRUZ.US,D,20230802,000000,26.21,26.21,25.91,25.9638,1062,0
KRUZ.US,D,20230803,000000,25.82,25.8564,25.82,25.8564,719,0
KRUZ.US,D,20230804,000000,25.88,26.06,25.7838,25.7838,2207,0
KRUZ.US,D,20230807,000000,26.21,26.21,25.949,26.035,1781,0
KRUZ.US,D,20230808,000000,26.75,26.75,25.73,25.9051,1364,0
KRUZ.US,D,20230809,000000,25.909,25.909,25.8007,25.8007,585,0
KRUZ.US,D,20230810,000000,25.89,25.89,25.7727,25.7727,993,0
KRUZ.US,D,20230811,000000,25.78,25.78,25.7349,25.7349,584,0
KRUZ.US,D,20230814,000000,25.68,25.7918,25.67,25.7918,1235,0
KRUZ.US,D,20230815,000000,25.73,25.73,25.4848,25.4848,1497,0
KRUZ.US,D,20230816,000000,25.5,25.5033,25.3015,25.3015,631,0
KRUZ.US,D,20230817,000000,25.42,25.42,25.1278,25.1278,1627,0
KRUZ.US,D,20230818,000000,25.0301,25.1577,25.0301,25.1577,419,0
KRUZ.US,D,20230821,000000,25.27,25.27,25.2183,25.2183,476,0
KRUZ.US,D,20230822,000000,25.2499,25.2499,25.1339,25.1339,3045,0
KRUZ.US,D,20230823,000000,25.15,25.3113,25.15,25.3113,1161,0
KRUZ.US,D,20230824,000000,25.32,25.32,25.0475,25.0475,1165,0
KRUZ.US,D,20230825,000000,25.17,25.1746,25.11,25.1746,729,0
KRUZ.US,D,20230828,000000,25.42,25.42,25.32,25.3421,1058,0
KRUZ.US,D,20230829,000000,25.41,25.6392,25.359,25.6392,1564,0
KRUZ.US,D,20230830,000000,25.6,25.739,25.6,25.7134,3993,0
KRUZ.US,D,20230831,000000,25.6967,25.6967,25.6967,25.6967,417,0
KRUZ.US,D,20230901,000000,25.8,25.8391,25.76,25.8391,895,0
KRUZ.US,D,20230905,000000,25.85,25.85,25.6161,25.6161,907,0
KRUZ.US,D,20230906,000000,25.61,25.61,25.469,25.5136,965,0
KRUZ.US,D,20230907,000000,25.41,25.48,25.35,25.401,1871,0
KRUZ.US,D,20230908,000000,25.4,25.4,25.3843,25.3843,481,0
KRUZ.US,D,20230911,000000,25.56,25.56,25.42,25.4496,1285,0
KRUZ.US,D,20230912,000000,25.47,25.5799,25.4427,25.4427,926,0
KRUZ.US,D,20230913,000000,25.43,25.4698,25.37,25.3825,3168,0
KRUZ.US,D,20230914,000000,25.5602,25.69,25.5602,25.6483,1045,0
KRUZ.US,D,20230915,000000,25.549,25.549,25.4254,25.4254,1373,0
KRUZ.US,D,20230918,000000,25.47,25.47,25.4,25.42,916,0
KRUZ.US,D,20230919,000000,25.43,25.43,25.342,25.342,954,0
KRUZ.US,D,20230920,000000,25.2344,25.2344,25.2344,25.2344,461,0
KRUZ.US,D,20230921,000000,25.05,25.09,24.839,24.839,1412,0
KRUZ.US,D,20230922,000000,24.87,24.9,24.7737,24.7737,1045,0
KRUZ.US,D,20230925,000000,24.62,24.8807,24.62,24.8807,2345,0
KRUZ.US,D,20230926,000000,24.79,24.79,24.51,24.557,2343,0
KRUZ.US,D,20230927,000000,24.66,24.66,24.6478,24.6478,592,0
KRUZ.US,D,20230928,000000,24.8039,24.8039,24.8039,24.8039,137,0
KRUZ.US,D,20230929,000000,24.79,24.85,24.6998,24.6998,1862,0
KRUZ.US,D,20231002,000000,24.6,24.6,24.4476,24.503,1019,0
KRUZ.US,D,20231003,000000,24.15,24.2084,24.15,24.2084,442,0
KRUZ.US,D,20231004,000000,24.21,24.3089,24.21,24.3089,1251,0
KRUZ.US,D,20231005,000000,24.2001,24.2814,24.2001,24.2814,829,0
KRUZ.US,D,20231006,000000,24.13,24.5332,24.13,24.5332,723,0
KRUZ.US,D,20231009,000000,24.452,24.7134,24.452,24.7134,2824,0
KRUZ.US,D,20231010,000000,24.866,24.866,24.866,24.866,259,0
KRUZ.US,D,20231011,000000,24.89,24.9218,24.86,24.9218,456,0
KRUZ.US,D,20231012,000000,24.91,24.91,24.7031,24.7031,921,0
KRUZ.US,D,20231013,000000,24.6072,24.6072,24.6072,24.6072,116,0
KRUZ.US,D,20231016,000000,24.64,24.91,24.22,24.91,764,0
KRUZ.US,D,20231017,000000,24.67,25.0407,24.67,25.0407,769,0
KRUZ.US,D,20231018,000000,25,25,24.6621,24.6621,437,0
KRUZ.US,D,20231019,000000,24.4699,24.4699,24.4699,24.4699,123,0
KRUZ.US,D,20231020,000000,24.36,24.36,24.184,24.184,721,0
KRUZ.US,D,20231023,000000,24.02,24.02,23.9891,23.9891,320,0
KRUZ.US,D,20231024,000000,24.1889,24.1889,24.1889,24.1889,248,0
KRUZ.US,D,20231025,000000,23.89,23.985,23.85,23.8607,678,0
KRUZ.US,D,20231026,000000,23.82,23.82,23.82,23.82,261,0
KRUZ.US,D,20231027,000000,23.86,23.86,23.6612,23.6956,1620,0
KRUZ.US,D,20231030,000000,23.92,23.9893,23.84,23.9893,1209,0
KRUZ.US,D,20231031,000000,24.18,24.2132,24.18,24.2132,1608,0
KRUZ.US,D,20231101,000000,24.34,24.3627,24.32,24.3627,1580,0
KRUZ.US,D,20231102,000000,24.8501,24.8839,24.8501,24.8839,599,0
KRUZ.US,D,20231103,000000,25.08,25.1252,25.08,25.1252,427,0
KRUZ.US,D,20231106,000000,25.31,25.31,25.06,25.07,2148,0
KRUZ.US,D,20231107,000000,24.9,25.05,24.9,24.968,2761,0
KRUZ.US,D,20231108,000000,24.85,24.9012,24.85,24.9012,594,0
KRUZ.US,D,20231109,000000,24.7154,24.7154,24.7154,24.7154,219,0
KRUZ.US,D,20231110,000000,24.75,25,24.75,24.9999,1198,0
KRUZ.US,D,20231113,000000,23.88,24.9952,23.88,24.9952,675,0
KRUZ.US,D,20231114,000000,25.37,25.5901,25.37,25.5566,1581,0
KRUZ.US,D,20231115,000000,25.6558,25.6771,25.6558,25.6771,763,0
KRUZ.US,D,20231116,000000,25.5834,25.5834,25.5834,25.5834,565,0
KRUZ.US,D,20231117,000000,25.7398,25.76,25.7398,25.7441,1974,0
KRUZ.US,D,20231120,000000,25.82,25.8546,25.67,25.8546,1109,0
KRUZ.US,D,20231121,000000,26.01,26.01,25.7902,25.7902,3045,0
KRUZ.US,D,20231122,000000,25.93,25.93,25.8945,25.8945,660,0
KRUZ.US,D,20231124,000000,25.9634,25.9634,25.9634,25.9634,237,0
KRUZ.US,D,20231127,000000,25.9207,25.9207,25.9207,25.9207,589,0
KRUZ.US,D,20231128,000000,25.979,25.979,25.8895,25.8895,1491,0
KRUZ.US,D,20231129,000000,26.099,26.099,26.0107,26.0107,1066,0
KRUZ.US,D,20231130,000000,26.07,26.1945,26.0001,26.1945,388,0
KRUZ.US,D,20231201,000000,26.529,26.529,26.5075,26.5075,723,0
KRUZ.US,D,20231204,000000,26.29,26.483,26.29,26.483,610,0
KRUZ.US,D,20231205,000000,26.45,26.45,26.27,26.307,1577,0
KRUZ.US,D,20231206,000000,26.3632,26.37,26.2079,26.2079,1179,0
KRUZ.US,D,20231207,000000,26.22,26.37,26.22,26.3577,764,0
KRUZ.US,D,20231208,000000,26.39,26.57,26.39,26.5293,844,0
KRUZ.US,D,20231211,000000,26.619,26.7698,26.619,26.7202,1273,0
KRUZ.US,D,20231212,000000,26.76,26.7688,26.76,26.7688,995,0
KRUZ.US,D,20231213,000000,26.83,27.193,26.73,27.193,7654,0
KRUZ.US,D,20231214,000000,27.4996,27.5741,27.4996,27.5469,1263,0
KRUZ.US,D,20231215,000000,27.53,27.559,27.47,27.5056,2758,0
KRUZ.US,D,20231218,000000,27.69,27.6998,27.61,27.66,3138,0
KRUZ.US,D,20231219,000000,27.46,27.59,27.46,27.5565,3111,0
KRUZ.US,D,20231220,000000,27.53,27.53,27.2,27.2,10053,0
KRUZ.US,D,20231221,000000,27.35,27.4069,27.1988,27.4069,1204,0
KRUZ.US,D,20231222,000000,27.54,27.6,27.3929,27.46,3512,0
KRUZ.US,D,20231226,000000,27.6,27.689,27.6,27.6243,3612,0
KRUZ.US,D,20231227,000000,27.73,27.73,27.6096,27.63,1510,0
KRUZ.US,D,20231228,000000,27.68,27.6999,27.58,27.63,6259,0
KRUZ.US,D,20231229,000000,27.6,27.6,27.5253,27.5565,1067,0
KRUZ.US,D,20240102,000000,27.47,27.53,27.432,27.52,3578,0
KRUZ.US,D,20240103,000000,27.39,27.39,27.2107,27.2107,1568,0
KRUZ.US,D,20240104,000000,27.5,27.5,27.1489,27.1489,3622,0
KRUZ.US,D,20240105,000000,27.21,27.37,27.1925,27.2114,3852,0
KRUZ.US,D,20240108,000000,27.27,27.5,27.2561,27.4859,2978,0
KRUZ.US,D,20240109,000000,27.43,27.45,27.3095,27.39,5074,0
KRUZ.US,D,20240110,000000,27.44,27.44,27.332,27.41,3909,0
KRUZ.US,D,20240111,000000,27.43,27.43,27.2,27.356,2729,0
KRUZ.US,D,20240112,000000,27.51,27.51,27.295,27.343,1606,0
KRUZ.US,D,20240116,000000,27.28,27.28,27.0752,27.2,2999,0
KRUZ.US,D,20240117,000000,28.08,28.08,26.93,26.996,4425,0
KRUZ.US,D,20240118,000000,27.079,27.1684,27,27.1684,1247,0
KRUZ.US,D,20240119,000000,27.32,27.4043,27.249,27.4043,1330,0
KRUZ.US,D,20240122,000000,28.19,28.19,27.51,27.6,10044,0
KRUZ.US,D,20240123,000000,27.68,27.68,27.495,27.609,1522,0
KRUZ.US,D,20240124,000000,27.69,27.769,27.5564,27.5564,3603,0
KRUZ.US,D,20240125,000000,27.81,27.86,27.7,27.8308,4771,0
KRUZ.US,D,20240126,000000,27.83,27.87,27.75,27.8209,3823,0
KRUZ.US,D,20240129,000000,27.89,28.01,27.7928,28.003,2263,0
KRUZ.US,D,20240130,000000,28.04,28.14,27.9931,28.0924,5043,0
KRUZ.US,D,20240131,000000,28.05,28.06,27.69,27.7025,2703,0
KRUZ.US,D,20240201,000000,27.7999,27.96,27.7208,27.96,3205,0
KRUZ.US,D,20240202,000000,27.99,28.14,27.85,28.05,3931,0
KRUZ.US,D,20240205,000000,28,28,27.705,27.8529,9175,0
KRUZ.US,D,20240206,000000,27.96,27.96,27.8232,27.8954,3655,0
KRUZ.US,D,20240207,000000,28.1,28.159,28.0629,28.0629,4409,0
KRUZ.US,D,20240208,000000,28.12,28.1899,28.1,28.1799,5019,0
KRUZ.US,D,20240209,000000,28.26,28.32,28.1355,28.2819,5889,0
KRUZ.US,D,20240212,000000,28.34,28.51,28.335,28.3659,5597,0
KRUZ.US,D,20240213,000000,28.03,28.03,27.72,27.8679,7322,0
KRUZ.US,D,20240214,000000,28.14,28.23,28.05,28.23,6482,0
KRUZ.US,D,20240215,000000,28.31,28.56,28.31,28.4761,4504,0
KRUZ.US,D,20240216,000000,28.52,28.58,28.3995,28.3995,2979,0
KRUZ.US,D,20240220,000000,28.37,28.37,28.22,28.2606,13257,0
KRUZ.US,D,20240221,000000,28.31,28.33,28.19,28.3064,3696,0
KRUZ.US,D,20240222,000000,28.48,28.71,28.48,28.6801,6061,0
KRUZ.US,D,20240223,000000,28.64,28.92,28.64,28.8492,3904,0
KRUZ.US,D,20240226,000000,28.92,28.9299,28.7836,28.87,11633,0
KRUZ.US,D,20240227,000000,28.96,28.96,28.8341,28.8852,14092,0
KRUZ.US,D,20240228,000000,28.88,28.9194,28.84,28.9,3649,0
KRUZ.US,D,20240229,000000,29.05,29.05,28.89,29.0298,7727,0
KRUZ.US,D,20240301,000000,29.15,29.27,29.03,29.2348,20778,0
KRUZ.US,D,20240304,000000,29.29,29.3799,29.2468,29.27,14080,0
KRUZ.US,D,20240305,000000,29.22,29.225,28.95,29.0502,10613,0
KRUZ.US,D,20240306,000000,29.34,29.4099,29.1986,29.2661,17331,0
KRUZ.US,D,20240307,000000,29.48,29.61,29.4597,29.58,9770,0
KRUZ.US,D,20240308,000000,29.68,29.69,29.345,29.3532,11018,0
KRUZ.US,D,20240311,000000,29.35,29.4,29.12,29.3719,9474,0
KRUZ.US,D,20240312,000000,29.54,29.6183,29.31,29.5694,6260,0
KRUZ.US,D,20240313,000000,29.6,29.6683,29.5244,29.5244,7060,0
KRUZ.US,D,20240314,000000,29.61,29.61,29.27,29.377,9416,0
KRUZ.US,D,20240315,000000,29.24,29.4,29.24,29.31,5764,0
KRUZ.US,D,20240318,000000,29.52,29.529,29.3519,29.38,9881,0
KRUZ.US,D,20240319,000000,29.4,29.5699,29.35,29.562,4406,0
KRUZ.US,D,20240320,000000,29.66,29.84,29.5,29.84,9520,0
KRUZ.US,D,20240321,000000,30.01,30.07,29.911,30.01,8421,0
KRUZ.US,D,20240322,000000,30.08,30.08,29.82,29.84,8734,0
KRUZ.US,D,20240325,000000,29.87,29.91,29.8,29.85,14014,0
KRUZ.US,D,20240326,000000,30.25,30.25,29.86,29.86,9366,0
KRUZ.US,D,20240327,000000,29.99,30.1599,29.89,30.1599,9325,0
KRUZ.US,D,20240328,000000,30.23,30.2898,30.15,30.25,10589,0
KRUZ.US,D,20240401,000000,30.3,30.3,30.073,30.1416,13938,0
KRUZ.US,D,20240402,000000,29.98,29.98,29.8,29.8948,11575,0
KRUZ.US,D,20240403,000000,29.91,30.04,29.89,29.988,11916,0
KRUZ.US,D,20240404,000000,30.19,30.19,29.56,29.6433,9736,0
KRUZ.US,D,20240405,000000,29.74,29.97,29.7,29.8952,8730,0
KRUZ.US,D,20240408,000000,30.01,30.01,29.91,29.94,10660,0
KRUZ.US,D,20240409,000000,30.08,30.08,29.695,29.8409,9279,0
KRUZ.US,D,20240410,000000,29.57,29.84,29.48,29.572,29440,0
KRUZ.US,D,20240411,000000,29.72,29.72,29.45,29.68,3723,0
KRUZ.US,D,20240412,000000,29.53,29.55,29.1332,29.1421,8243,0
KRUZ.US,D,20240415,000000,29.45,29.45,28.8901,28.9333,6381,0
KRUZ.US,D,20240416,000000,28.86,28.9221,28.72,28.88,5744,0
KRUZ.US,D,20240417,000000,28.83,28.95,28.7,28.7143,3588,0
KRUZ.US,D,20240418,000000,28.8,28.95,28.6597,28.6597,3161,0
KRUZ.US,D,20240419,000000,28.74,28.8484,28.62,28.62,2598,0
KRUZ.US,D,20240422,000000,28.69,29.0994,28.68,28.89,6616,0
KRUZ.US,D,20240423,000000,28.99,29.17,28.98,29.1175,4174,0
KRUZ.US,D,20240424,000000,29.26,29.26,29.1417,29.1417,2137,0
KRUZ.US,D,20240425,000000,28.98,29.11,28.845,29.0726,3420,0
KRUZ.US,D,20240426,000000,29.22,29.22,29.1134,29.1134,4397,0
KRUZ.US,D,20240429,000000,29.27,29.299,29.154,29.154,2729,0
KRUZ.US,D,20240430,000000,29.18,29.18,28.79,28.79,8329,0
KRUZ.US,D,20240501,000000,28.75,28.9101,28.6001,28.6518,3776,0
KRUZ.US,D,20240502,000000,28.91,28.94,28.6837,28.8562,6774,0
KRUZ.US,D,20240503,000000,29.23,29.23,29.0101,29.1675,4216,0
KRUZ.US,D,20240506,000000,29.41,29.52,29.3801,29.52,21935,0
KRUZ.US,D,20240507,000000,29.61,29.65,29.5,29.5561,5941,0
KRUZ.US,D,20240508,000000,29.54,29.6144,29.4901,29.6144,3338,0
KRUZ.US,D,20240509,000000,29.65,29.7794,29.65,29.7409,2349,0
KRUZ.US,D,20240510,000000,29.96,29.9699,29.76,29.88,4236,0
KRUZ.US,D,20240513,000000,30,30,29.7669,29.7669,8776,0
KRUZ.US,D,20240514,000000,29.89,29.912,29.77,29.898,6580,0
KRUZ.US,D,20240515,000000,30.14,30.17,29.9931,30.16,8674,0
KRUZ.US,D,20240516,000000,30.31,30.31,30.0616,30.0616,7714,0
KRUZ.US,D,20240517,000000,30.21,30.21,30.0387,30.0957,4760,0
KRUZ.US,D,20240520,000000,30.2,30.23,30.057,30.0884,8991,0
KRUZ.US,D,20240521,000000,30.12,30.14,29.98,30.1116,5491,0
KRUZ.US,D,20240522,000000,30.055,30.129,29.892,29.9313,5799,0
KRUZ.US,D,20240523,000000,30.15,30.15,29.581,29.6672,4561,0
KRUZ.US,D,20240524,000000,29.88,29.93,29.7485,29.8556,6444,0
KRUZ.US,D,20240528,000000,30.03,30.03,29.7687,29.7687,9468,0
KRUZ.US,D,20240529,000000,29.64,29.64,29.46,29.4812,5533,0
KRUZ.US,D,20240530,000000,29.56,29.5999,29.4839,29.5242,8201,0
KRUZ.US,D,20240531,000000,29.6345,29.8572,29.412,29.8572,2730,0
KRUZ.US,D,20240603,000000,30.06,30.21,29.5,29.789,15737,0
KRUZ.US,D,20240604,000000,29.68,29.68,29.4,29.5058,6584,0
KRUZ.US,D,20240605,000000,29.74,29.86,29.6101,29.7516,8189,0
KRUZ.US,D,20240606,000000,29.94,29.94,29.6781,29.7748,51915,0
KRUZ.US,D,20240607,000000,29.76,29.9,29.6001,29.75,33098,0
KRUZ.US,D,20240610,000000,29.72,29.83,29.655,29.782,29543,0
KRUZ.US,D,20240611,000000,29.77,29.79,29.5397,29.6123,12204,0
KRUZ.US,D,20240612,000000,30.02,30.03,29.7577,29.8212,17086,0
KRUZ.US,D,20240613,000000,29.93,29.93,29.57,29.778,18350,0
KRUZ.US,D,20240614,000000,29.69,29.69,29.4261,29.5759,9257,0
KRUZ.US,D,20240617,000000,29.65,29.9088,29.5001,29.8395,11123,0
KRUZ.US,D,20240618,000000,29.94,29.9982,29.8701,29.9275,17997,0
KRUZ.US,D,20240620,000000,30.09,30.1287,29.9,29.9898,19045,0
KRUZ.US,D,20240621,000000,30.01,30.01,29.8501,29.9524,10967,0
KRUZ.US,D,20240624,000000,30.08,30.1599,29.98,30.05,13958,0
KRUZ.US,D,20240625,000000,30.13,30.13,29.8501,29.9398,12062,0
KRUZ.US,D,20240626,000000,29.96,29.96,29.75,29.83,11210,0
KRUZ.US,D,20240627,000000,29.98,29.98,29.8317,29.907,24860,0
KRUZ.US,D,20240628,000000,30.01,30.22,29.95,30.012,22873,0
KRUZ.US,D,20240701,000000,30.18,30.18,29.84,29.885,17464,0
KRUZ.US,D,20240702,000000,29.89,30.0399,29.82,29.993,11206,0
KRUZ.US,D,20240703,000000,30.13,30.17,30.0001,30.17,8403,0
KRUZ.US,D,20240705,000000,30.22,30.22,29.955,30.1,44776,0
KRUZ.US,D,20240708,000000,30.18,30.325,30.0481,30.1062,15980,0
KRUZ.US,D,20240709,000000,30.22,30.22,30.02,30.0545,17329,0
KRUZ.US,D,20240710,000000,30.18,30.2927,30.03,30.2927,23275,0
KRUZ.US,D,20240711,000000,30.44,30.82,30.33,30.4348,44754,0
KRUZ.US,D,20240712,000000,30.55,30.83,30.5216,30.65,19877,0
KRUZ.US,D,20240715,000000,30.8,31,30.7069,30.75,44333,0
KRUZ.US,D,20240716,000000,30.9,31.18,30.834,31.18,29748,0
KRUZ.US,D,20240717,000000,30.98,31.08,30.8184,30.8184,22647,0
KRUZ.US,D,20240718,000000,30.92,31.05,30.46,30.6,14447,0
KRUZ.US,D,20240719,000000,30.64,30.64,30.2501,30.37,15020,0
KRUZ.US,D,20240722,000000,30.53,30.67,30.31,30.67,24278,0
KRUZ.US,D,20240723,000000,30.81,30.81,30.5272,30.65,23072,0
KRUZ.US,D,20240724,000000,30.52,30.52,29.92,29.95,13356,0
KRUZ.US,D,20240725,000000,30.04,30.37,30.035,30.035,9098,0
KRUZ.US,D,20240726,000000,30.17,30.49,30.17,30.3868,5685,0
KRUZ.US,D,20240729,000000,30.51,30.5199,30.32,30.42,6585,0
KRUZ.US,D,20240730,000000,30.52,30.52,30.295,30.44,9105,0
KRUZ.US,D,20240731,000000,30.64,30.985,30.64,30.8137,9215,0
KRUZ.US,D,20240801,000000,30.84,30.92,30.0201,30.29,12574,0
KRUZ.US,D,20240802,000000,29.79,29.79,29.22,29.442,20634,0
KRUZ.US,D,20240805,000000,28.43,28.89,28.33,28.6979,19232,0
KRUZ.US,D,20240806,000000,28.91,29.389,28.83,29.0654,10623,0
KRUZ.US,D,20240807,000000,29.45,29.56,28.8418,28.8418,10561,0
KRUZ.US,D,20240808,000000,29.11,29.4782,29.0577,29.408,9371,0
KRUZ.US,D,20240809,000000,29.42,29.52,29.3861,29.4708,3277,0
KRUZ.US,D,20240812,000000,29.61,29.61,29.3344,29.3344,5900,0
KRUZ.US,D,20240813,000000,29.57,29.7316,29.5,29.7316,5250,0
KRUZ.US,D,20240814,000000,29.92,29.92,29.775,29.9192,3950,0
KRUZ.US,D,20240815,000000,30.25,30.37,30.15,30.3,12202,0
KRUZ.US,D,20240816,000000,30.31,30.365,30.21,30.363,8320,0
KRUZ.US,D,20240819,000000,30.46,30.6598,30.4309,30.59,15171,0
KRUZ.US,D,20240820,000000,30.64,30.64,30.4,30.4791,8819,0
KRUZ.US,D,20240821,000000,30.66,30.73,30.58,30.7163,6664,0
KRUZ.US,D,20240822,000000,30.69,30.799,30.5129,30.5129,7880,0
KRUZ.US,D,20240823,000000,30.74,30.9475,30.65,30.8811,7165,0
KRUZ.US,D,20240826,000000,31,31.05,30.81,30.8698,8182,0
KRUZ.US,D,20240827,000000,30.77,30.9799,30.77,30.92,4855,0
KRUZ.US,D,20240828,000000,30.94,30.94,30.69,30.8178,4790,0
KRUZ.US,D,20240829,000000,30.79,31.099,30.79,30.8726,7135,0
KRUZ.US,D,20240830,000000,31.08,31.1476,30.87,31.1476,3524,0
KRUZ.US,D,20240903,000000,31.03,31.03,30.3784,30.3784,6396,0
KRUZ.US,D,20240904,000000,30.36,30.51,30.1201,30.2528,3519,0
KRUZ.US,D,20240905,000000,30.34,30.34,29.986,29.986,2619,0
KRUZ.US,D,20240906,000000,30.12,30.1722,29.57,29.6412,10823,0
KRUZ.US,D,20240909,000000,29.89,30.0999,29.79,29.9246,6742,0
KRUZ.US,D,20240910,000000,30,30,29.58,29.88,3476,0
KRUZ.US,D,20240911,000000,29.93,30.0972,29.44,30.0972,5014,0
KRUZ.US,D,20240912,000000,30.2,30.34,30.04,30.2345,5829,0
KRUZ.US,D,20240913,000000,30.4,30.6199,30.4,30.4602,11348,0
KRUZ.US,D,20240916,000000,30.61,30.7393,30.5439,30.7393,7670,0
KRUZ.US,D,20240917,000000,30.91,30.94,30.67,30.7745,7408,0
KRUZ.US,D,20240918,000000,30.85,31.07,30.6001,30.72,6895,0
KRUZ.US,D,20240919,000000,31.15,31.27,31.09,31.1587,7925,0
KRUZ.US,D,20240920,000000,31.12,31.12,30.91,31.0028,5499,0
KRUZ.US,D,20240923,000000,31,31.1742,31,31.1742,3881,0
KRUZ.US,D,20240924,000000,31.37,31.37,31.22,31.2667,4977,0
KRUZ.US,D,20240925,000000,31.18,31.28,31.07,31.1131,5197,0
KRUZ.US,D,20240926,000000,31.44,31.44,31.2301,31.31,8713,0
KRUZ.US,D,20240927,000000,31.43,31.4801,31.32,31.375,6023,0
KRUZ.US,D,20240930,000000,31.31,31.395,31.17,31.395,8721,0
KRUZ.US,D,20241001,000000,31.44,31.4452,31.14,31.2483,7926,0
KRUZ.US,D,20241002,000000,31.24,31.3385,31.23,31.2711,5209,0
KRUZ.US,D,20241003,000000,31.27,31.27,31.09,31.1747,5921,0
KRUZ.US,D,20241004,000000,31.46,31.5178,31.3183,31.5178,9101,0
KRUZ.US,D,20241007,000000,31.52,31.52,31.23,31.3791,6639,0
KRUZ.US,D,20241008,000000,31.38,31.494,31.305,31.4631,4578,0
KRUZ.US,D,20241009,000000,31.5,31.7763,31.4765,31.7763,7375,0
KRUZ.US,D,20241010,000000,31.72,31.72,31.58,31.6247,6377,0
KRUZ.US,D,20241011,000000,31.66,31.99,31.66,31.9606,8690,0
KRUZ.US,D,20241014,000000,32,32.25,32,32.22,9502,0
KRUZ.US,D,20241015,000000,32.17,32.2,31.795,31.795,7812,0
KRUZ.US,D,20241016,000000,31.94,32.1103,31.94,32.1103,8177,0
KRUZ.US,D,20241017,000000,32.03,32.18,32.0052,32.0739,10571,0
KRUZ.US,D,20241018,000000,32.19,32.19,32.02,32.1483,8544,0
KRUZ.US,D,20241021,000000,32.18,32.18,31.9245,31.973,6877,0
KRUZ.US,D,20241022,000000,31.92,31.96,31.839,31.9166,5339,0
KRUZ.US,D,20241023,000000,31.86,31.86,31.57,31.7698,11896,0
KRUZ.US,D,20241024,000000,31.91,31.91,31.72,31.7314,5620,0
KRUZ.US,D,20241025,000000,31.94,31.94,31.4301,31.5119,8691,0
KRUZ.US,D,20241028,000000,31.68,31.8199,31.669,31.76,10366,0
KRUZ.US,D,20241029,000000,31.7,31.7423,31.5702,31.6731,5352,0
KRUZ.US,D,20241030,000000,31.65,31.749114,31.55,31.5627,5476,0
KRUZ.US,D,20241031,000000,31.52,31.52,31.1401,31.312,10652,0
KRUZ.US,D,20241101,000000,31.52,31.66,31.35,31.38,7663,0
KRUZ.US,D,20241104,000000,31.47,31.5,31.24,31.3384,11771,0
KRUZ.US,D,20241105,000000,31.4,31.69,31.4,31.69,6959,0
KRUZ.US,D,20241106,000000,32.63,32.91,32.54,32.8683,38736,0
KRUZ.US,D,20241107,000000,33.01,33.01,32.8143,32.94,32407,0
KRUZ.US,D,20241108,000000,32.91,33.09,32.83,32.9811,67813,0
KRUZ.US,D,20241111,000000,33.18,33.21,33.0154,33.0154,32161,0
KRUZ.US,D,20241112,000000,33.1003,33.17,32.84,32.91,31563,0
KRUZ.US,D,20241113,000000,32.92,33.07,32.8286,32.94,20223,0
KRUZ.US,D,20241114,000000,32.999,33.07,32.6557,32.74,20070,0
KRUZ.US,D,20241115,000000,32.58,32.62,32.3501,32.48,19878,0
KRUZ.US,D,20241118,000000,32.4,32.6435,32.4,32.5668,21347,0
KRUZ.US,D,20241119,000000,32.3501,32.61,32.3,32.61,13663,0
KRUZ.US,D,20241120,000000,32.55,32.65,32.391,32.5715,25292,0
KRUZ.US,D,20241121,000000,32.67,33.13,32.67,33.0114,13951,0
KRUZ.US,D,20241122,000000,33.11,33.2,33.05,33.179,18126,0
KRUZ.US,D,20241125,000000,33.46,33.49,33.2899,33.37,22508,0
KRUZ.US,D,20241126,000000,33.35,33.4,33.25,33.4,10987,0
KRUZ.US,D,20241127,000000,33.415,33.43,33.2102,33.31,15697,0
KRUZ.US,D,20241129,000000,33.36,33.5,33.33,33.4899,12779,0
KRUZ.US,D,20241202,000000,33.5,33.54,33.2001,33.37,45158,0
KRUZ.US,D,20241203,000000,33.4,33.41,33.161,33.3,19301,0
KRUZ.US,D,20241204,000000,33.2932,33.41,33.1839,33.345,14922,0
KRUZ.US,D,20241205,000000,33.35,33.3877,33.238,33.27,18382,0
KRUZ.US,D,20241206,000000,33.28,33.38,33.0562,33.07,26673,0
KRUZ.US,D,20241209,000000,33.13,33.3,32.86,32.91,21031,0
KRUZ.US,D,20241210,000000,32.76,32.96,32.635,32.75,13946,0
KRUZ.US,D,20241211,000000,32.854,32.9399,32.76,32.9,11570,0
KRUZ.US,D,20241212,000000,32.85,33.48,32.65,32.71,11822,0
KRUZ.US,D,20241213,000000,32.69,32.8,32.52,32.64,13192,0
KRUZ.US,D,20241216,000000,32.5,32.71,32.46,32.46,21514,0
KRUZ.US,D,20241217,000000,32.35,32.43,32.15,32.2539,13310,0
KRUZ.US,D,20241218,000000,32.325,32.4039,31.27,31.35,25080,0
KRUZ.US,D,20241219,000000,31.74,31.74,31.3,31.341,30372,0
KRUZ.US,D,20241220,000000,31.12,31.8277,31.12,31.6028,16644,0
KRUZ.US,D,20241223,000000,31.5423,31.761,31.4201,31.761,12864,0
KRUZ.US,D,20241224,000000,31.735,31.9669,31.7122,31.9669,4420,0
KRUZ.US,D,20241226,000000,31.91,32.1,31.8666,32.08,9272,0
KRUZ.US,D,20241227,000000,31.72,31.8509,31.45,31.52,67728,0
KRUZ.US,D,20241230,000000,31.2,31.43,31.062,31.35,11794,0
KRUZ.US,D,20241231,000000,31.415,31.44,31.1901,31.36,17191,0
KRUZ.US,D,20250102,000000,31.4722,31.655,31.2,31.31,15595,0
KRUZ.US,D,20250103,000000,31.5,31.75,31.44,31.75,14955,0
KRUZ.US,D,20250106,000000,31.95,32.1095,31.7261,31.77,18316,0
KRUZ.US,D,20250107,000000,31.96,31.96,31.45,31.5831,11365,0
KRUZ.US,D,20250108,000000,31.5798,31.64,31.38,31.58,7354,0
KRUZ.US,D,20250110,000000,31.51,31.53,31.13,31.26,20464,0
KRUZ.US,D,20250113,000000,31,31.45,31,31.39,15246,0
KRUZ.US,D,20250114,000000,31.615,31.74,31.4963,31.7131,12292,0
KRUZ.US,D,20250115,000000,32.1898,32.26,31.9901,32.18,54585,0
KRUZ.US,D,20250116,000000,32.29,32.3899,32.15,32.34,16918,0
KRUZ.US,D,20250117,000000,32.57,32.69,32.555,32.62,29727,0
KRUZ.US,D,20250121,000000,32.85,34,32.756,33.33,71428,0
KRUZ.US,D,20250122,000000,33.17,33.18,33.02,33.03,33831,0
KRUZ.US,D,20250123,000000,33.03,33.19,32.96,33.19,24255,0
KRUZ.US,D,20250124,000000,33.13,33.24,33.0478,33.11,15396,0
KRUZ.US,D,20250127,000000,32.39,32.6181,32.252,32.3566,34550,0
KRUZ.US,D,20250128,000000,32.37,32.54,32.3,32.51,25728,0
KRUZ.US,D,20250129,000000,32.608133,32.69,32.37,32.4663,17281,0
KRUZ.US,D,20250130,000000,32.7603,32.87,32.61,32.77,22094,0
KRUZ.US,D,20250131,000000,32.8,32.9599,32.4901,32.56,29298,0
KRUZ.US,D,20250203,000000,32,32.5,31.91,32.2543,30643,0
KRUZ.US,D,20250204,000000,32.31,32.47,32.25,32.45,14425,0
KRUZ.US,D,20250205,000000,32.505,32.72,32.435,32.6852,18358,0
KRUZ.US,D,20250206,000000,32.8782,32.8782,32.66,32.85,19049,0
KRUZ.US,D,20250207,000000,32.875,32.9476,32.62,32.62,26187,0
KRUZ.US,D,20250210,000000,32.84,32.85,32.6628,32.83,17403,0
KRUZ.US,D,20250211,000000,32.57,32.684,32.5401,32.649,13100,0
KRUZ.US,D,20250212,000000,32.3,32.5899,32.2972,32.5,17653,0
KRUZ.US,D,20250213,000000,32.565,32.8,32.4901,32.739,9506,0
KRUZ.US,D,20250214,000000,32.795,32.89,32.6601,32.6844,11989,0
KRUZ.US,D,20250218,000000,32.8154,32.96,32.79,32.96,39999,0
KRUZ.US,D,20250219,000000,32.9,33.05,32.9,33.03,32175,0
