<TICKER>,<PER>,<DATE>,<TIME>,<OPEN>,<HIGH>,<LOW>,<CLOSE>,<VOL>,<OPENINT>
MJUS.US,D,20210514,000000,10.03,10.0799,9.895,10.05,70563,0
MJUS.US,D,20210517,000000,10.29,10.31,10.07,10.14,88042,0
MJUS.US,D,20210518,000000,10.3,10.3,10.09,10.09,69116,0
MJUS.US,D,20210519,000000,10.05,10.05,9.704,9.86,85332,0
MJUS.US,D,20210520,000000,9.96,9.97,9.84,9.9234,36158,0
MJUS.US,D,20210521,000000,9.99,9.99,9.8,9.91,16570,0
MJUS.US,D,20210524,000000,9.91,10.049,9.91,10,31835,0
MJUS.US,D,20210525,000000,10.08,10.145,10,10.0264,47826,0
MJUS.US,D,20210526,000000,10.15,10.2399,10,10.195,30301,0
MJUS.US,D,20210527,000000,10.36,10.36,10.23,10.35,16251,0
MJUS.US,D,20210528,000000,10.3,10.38,10.3,10.348,66215,0
MJUS.US,D,20210601,000000,10.6,10.6,10.25,10.25,21286,0
MJUS.US,D,20210602,000000,10.45,10.47,10.28,10.38,55286,0
MJUS.US,D,20210603,000000,10.5,10.5,10.26,10.27,24114,0
MJUS.US,D,20210604,000000,10.39,10.51,10.21,10.25,11145,0
MJUS.US,D,20210607,000000,10.31,10.45,10.2001,10.3166,34125,0
MJUS.US,D,20210608,000000,10.46,10.46,10.25,10.3,43069,0
MJUS.US,D,20210609,000000,10.3,10.3299,10.2,10.2,31627,0
MJUS.US,D,20210610,000000,10.11,10.209,10.05,10.0968,24571,0
MJUS.US,D,20210611,000000,10.05,10.1699,10.05,10.1,11253,0
MJUS.US,D,20210614,000000,10.16,10.225,10.05,10.05,12593,0
MJUS.US,D,20210615,000000,10.06,10.086,9.8,9.8,44236,0
MJUS.US,D,20210616,000000,9.85,9.85,9.79,9.8,13852,0
MJUS.US,D,20210617,000000,9.8,9.85,9.6,9.7,19368,0
MJUS.US,D,20210618,000000,9.6,9.6899,9.55,9.55,31782,0
MJUS.US,D,20210621,000000,9.6,9.6,9.49,9.57,26908,0
MJUS.US,D,20210622,000000,9.57,9.57,9.49,9.51,16106,0
MJUS.US,D,20210623,000000,9.53,9.74,9.51,9.74,16288,0
MJUS.US,D,20210624,000000,9.88,9.99,9.8618,9.97,24898,0
MJUS.US,D,20210625,000000,9.94,10.0499,9.84,10.0499,44862,0
MJUS.US,D,20210628,000000,10,10.04,9.93,9.98,37596,0
MJUS.US,D,20210629,000000,10.03,10.03,9.84,9.9184,10488,0
MJUS.US,D,20210630,000000,9.97,9.97,9.825,9.8604,9346,0
MJUS.US,D,20210701,000000,9.9928,10.04,9.89,10,25368,0
MJUS.US,D,20210702,000000,10.07,10.07,9.8601,9.94,8211,0
MJUS.US,D,20210706,000000,9.97,9.97,9.7501,9.83,7254,0
MJUS.US,D,20210707,000000,10.06,10.06,9.85,9.85,19576,0
MJUS.US,D,20210708,000000,10.22,10.22,9.6444,9.7253,13945,0
MJUS.US,D,20210709,000000,9.84,9.88,9.68,9.8553,16219,0
MJUS.US,D,20210712,000000,9.92,9.92,9.78,9.8227,6654,0
MJUS.US,D,20210713,000000,9.79,10.08,9.79,9.8625,10800,0
MJUS.US,D,20210714,000000,9.88,9.95,9.6,9.6,14586,0
MJUS.US,D,20210715,000000,9.56,9.56,9.15,9.3415,23034,0
MJUS.US,D,20210716,000000,9.49,9.49,9.095,9.1,16483,0
MJUS.US,D,20210719,000000,9.07,9.14,8.6,8.8,30078,0
MJUS.US,D,20210720,000000,8.94,9.06,8.93,9.0493,35335,0
MJUS.US,D,20210721,000000,9.48,9.48,9.14,9.171,14951,0
MJUS.US,D,20210722,000000,9.25,9.25,9.0501,9.1,8140,0
MJUS.US,D,20210723,000000,9.15,9.15,8.95,8.98,14187,0
MJUS.US,D,20210726,000000,8.91,9,8.79,8.831,10856,0
MJUS.US,D,20210727,000000,8.82,8.87,8.65,8.68,15077,0
MJUS.US,D,20210728,000000,8.8001,8.919,8.8,8.8746,7758,0
MJUS.US,D,20210729,000000,8.92,8.99,8.89,8.9,14404,0
MJUS.US,D,20210730,000000,8.91,8.9499,8.75,8.8163,4643,0
MJUS.US,D,20210802,000000,8.82,8.9792,8.82,8.9792,5936,0
MJUS.US,D,20210803,000000,9.1,9.1,8.82,8.8635,11757,0
MJUS.US,D,20210804,000000,8.86,8.8799,8.72,8.76,32229,0
MJUS.US,D,20210805,000000,8.92,9.02,8.79,9.02,21784,0
MJUS.US,D,20210806,000000,9.11,9.11,8.98,9.055,6957,0
MJUS.US,D,20210809,000000,9.07,9.155,9.05,9.155,2721,0
MJUS.US,D,20210810,000000,9.2,9.2,9.031,9.0851,10033,0
MJUS.US,D,20210811,000000,9,9.02,8.9314,8.9314,2444,0
MJUS.US,D,20210812,000000,8.93,8.9676,8.75,8.7501,8191,0
MJUS.US,D,20210813,000000,8.68,8.8577,8.65,8.65,12968,0
MJUS.US,D,20210816,000000,8.64,8.64,8.3001,8.37,18393,0
MJUS.US,D,20210817,000000,8.31,8.31,8.03,8.1899,19585,0
MJUS.US,D,20210818,000000,8.27,8.34,8.2,8.2948,7087,0
MJUS.US,D,20210819,000000,8.16,8.16,8.05,8.06,5945,0
MJUS.US,D,20210820,000000,8.12,8.12,8,8,15621,0
MJUS.US,D,20210823,000000,8.0001,8.08,8,8.07,9630,0
MJUS.US,D,20210824,000000,8.08,8.1,8,8.1,22902,0
MJUS.US,D,20210825,000000,8.13,8.2581,8.13,8.215,2754,0
MJUS.US,D,20210826,000000,8.29,8.29,8.1,8.1,32788,0
MJUS.US,D,20210827,000000,8.1601,8.26,8.1601,8.1801,1748,0
MJUS.US,D,20210830,000000,8.1961,8.22,8.11,8.11,2571,0
MJUS.US,D,20210831,000000,8.17,8.17,8.05,8.1044,7784,0
MJUS.US,D,20210901,000000,8.14,8.28,8.12,8.1965,3779,0
MJUS.US,D,20210902,000000,8.25,8.25,8.1801,8.2,6706,0
MJUS.US,D,20210903,000000,8.26,8.35,8.259,8.327,9829,0
MJUS.US,D,20210907,000000,8.38,8.38,8.285,8.3,5852,0
MJUS.US,D,20210908,000000,8.22,8.22,8.03,8.03,5590,0
MJUS.US,D,20210909,000000,8.05,8.06,7.96,7.97,9191,0
MJUS.US,D,20210910,000000,7.93,7.96,7.645,7.655,10543,0
MJUS.US,D,20210913,000000,7.55,7.64,7.5,7.64,28173,0
MJUS.US,D,20210914,000000,7.579,7.579,7.4,7.4,3556,0
MJUS.US,D,20210915,000000,7.39,7.719,7.37,7.6841,8674,0
MJUS.US,D,20210916,000000,7.725,7.7889,7.6324,7.7889,3239,0
MJUS.US,D,20210917,000000,7.99,7.99,7.6901,7.7437,2008,0
MJUS.US,D,20210920,000000,7.69,7.69,7.4,7.4,14495,0
MJUS.US,D,20210921,000000,7.46,7.55,7.33,7.5406,10635,0
MJUS.US,D,20210922,000000,7.625,7.8499,7.62,7.7319,5444,0
MJUS.US,D,20210923,000000,7.9299,8.02,7.85,7.86,7929,0
MJUS.US,D,20210924,000000,7.641,7.9,7.641,7.8914,5788,0
MJUS.US,D,20210927,000000,8.02,8.02,7.878,7.9862,3440,0
MJUS.US,D,20210928,000000,8.01,8.01,7.73,7.85,4371,0
MJUS.US,D,20210929,000000,7.7787,7.7787,7.581,7.6342,3308,0
MJUS.US,D,20210930,000000,7.75,7.75,7.56,7.7084,15269,0
MJUS.US,D,20211001,000000,7.82,7.82,7.62,7.66,2240,0
MJUS.US,D,20211004,000000,7.74,7.7499,7.45,7.475,13203,0
MJUS.US,D,20211005,000000,7.45,7.519,7.4,7.45,7918,0
MJUS.US,D,20211006,000000,7.5003,7.5099,7.385,7.495,9711,0
MJUS.US,D,20211007,000000,7.62,7.659,7.501,7.595,3821,0
MJUS.US,D,20211008,000000,7.66,7.66,7.4201,7.48,2790,0
MJUS.US,D,20211011,000000,7.48,7.4949,7.44,7.46,2346,0
MJUS.US,D,20211012,000000,7.4456,7.48,7.44,7.44,2182,0
MJUS.US,D,20211013,000000,7.3501,7.395,7.3501,7.36,1973,0
MJUS.US,D,20211014,000000,7.375,7.42,7.375,7.4,2436,0
MJUS.US,D,20211015,000000,7.37,7.37,7.195,7.22,9246,0
MJUS.US,D,20211018,000000,7.18,7.19,6.89,7.0301,23547,0
MJUS.US,D,20211019,000000,7.02,7.345,7.02,7.34,15609,0
MJUS.US,D,20211020,000000,7.38,7.4,7.24,7.3206,33424,0
MJUS.US,D,20211021,000000,7.3912,7.41,7.23,7.2741,15817,0
MJUS.US,D,20211022,000000,7.23,7.23,7.02,7.02,47691,0
MJUS.US,D,20211025,000000,7.06,7.08,7.02,7.02,5152,0
MJUS.US,D,20211026,000000,7.13,7.13,6.85,6.9323,19137,0
MJUS.US,D,20211027,000000,6.925,6.98,6.74,6.7655,6575,0
MJUS.US,D,20211028,000000,6.76,6.8199,6.73,6.8054,10458,0
MJUS.US,D,20211029,000000,6.829,6.8382,6.695,6.75,7060,0
MJUS.US,D,20211101,000000,6.8,6.91,6.765,6.87,9217,0
MJUS.US,D,20211102,000000,6.87,6.88,6.661,6.6734,10650,0
MJUS.US,D,20211103,000000,6.75,6.75,6.65,6.7,3767,0
MJUS.US,D,20211104,000000,6.75,6.75,6.51,6.5242,6135,0
MJUS.US,D,20211105,000000,6.54,6.9992,6.5001,6.9992,8958,0
MJUS.US,D,20211108,000000,7.17,7.75,7.17,7.2926,27976,0
MJUS.US,D,20211109,000000,7.49,7.49,7.2,7.4,14255,0
MJUS.US,D,20211110,000000,7.21,7.28,7.0293,7.0864,7129,0
MJUS.US,D,20211111,000000,7.14,7.445,7.14,7.4,7091,0
MJUS.US,D,20211112,000000,7.5,7.82,7.49,7.73,10900,0
MJUS.US,D,20211115,000000,7.9,8.15,7.68,7.71,20969,0
MJUS.US,D,20211116,000000,7.52,7.64,7.3672,7.45,7972,0
MJUS.US,D,20211117,000000,7.37,7.4,7.13,7.21,5893,0
MJUS.US,D,20211118,000000,7.21,7.23,6.76,6.9172,17923,0
MJUS.US,D,20211119,000000,6.95,6.98,6.8301,6.8386,4320,0
MJUS.US,D,20211122,000000,6.84,6.84,6.5194,6.68,14017,0
MJUS.US,D,20211123,000000,6.65,6.7497,6.52,6.7249,5957,0
MJUS.US,D,20211124,000000,6.8561,6.919,6.811,6.87,4136,0
MJUS.US,D,20211126,000000,6.6499,6.7854,6.63,6.7854,2751,0
MJUS.US,D,20211129,000000,6.81,6.81,6.551,6.56,16681,0
MJUS.US,D,20211130,000000,6.56,6.5999,6.34,6.356,10429,0
MJUS.US,D,20211201,000000,6.52,6.52,6.11,6.14,16270,0
MJUS.US,D,20211202,000000,6.18,6.251,6.061,6.251,12996,0
MJUS.US,D,20211203,000000,6.36,6.37,6.16,6.2,6948,0
MJUS.US,D,20211206,000000,6.2,6.261,6.03,6.03,4226,0
MJUS.US,D,20211207,000000,6.08,6.2326,6.05,6.0598,13483,0
MJUS.US,D,20211208,000000,6.04,6.29,6.03,6.2857,4878,0
MJUS.US,D,20211209,000000,6.191,6.2399,6.171,6.22,3699,0
MJUS.US,D,20211210,000000,6.081,6.125,6.08,6.1227,6132,0
MJUS.US,D,20211213,000000,6.03,6.03,5.9322,5.9322,6518,0
MJUS.US,D,20211214,000000,5.9,5.9014,5.685,5.7969,4786,0
MJUS.US,D,20211215,000000,5.93,5.93,5.6,5.7903,11988,0
MJUS.US,D,20211216,000000,5.7781,5.839,5.7,5.75,8573,0
MJUS.US,D,20211217,000000,5.7,5.76,5.7,5.75,6434,0
MJUS.US,D,20211220,000000,5.7,5.7,5.45,5.505,5276,0
MJUS.US,D,20211221,000000,5.5639,5.66,5.53,5.5709,10624,0
MJUS.US,D,20211222,000000,5.58,5.7999,5.58,5.772,1273,0
MJUS.US,D,20211223,000000,5.8,6,5.78,5.993,13964,0
MJUS.US,D,20211227,000000,6,6.12,5.87,5.8845,11903,0
MJUS.US,D,20211228,000000,5.82,5.9,5.7587,5.7947,437726,0
MJUS.US,D,20211229,000000,5.8,5.8,5.72,5.8,16791,0
MJUS.US,D,20211230,000000,5.81,6.1,5.81,5.9111,18818,0
MJUS.US,D,20211231,000000,5.905,5.92,5.85,5.92,14406,0
MJUS.US,D,20220103,000000,6.03,6.16,6.0099,6.04,6193,0
MJUS.US,D,20220104,000000,5.94,5.94,5.83,5.84,4554,0
MJUS.US,D,20220105,000000,5.75,5.7935,5.5367,5.5367,32121,0
MJUS.US,D,20220106,000000,5.5,5.55,5.4201,5.55,6354,0
MJUS.US,D,20220107,000000,5.6199,5.69,5.5342,5.69,1829,0
MJUS.US,D,20220110,000000,5.64,5.6811,5.54,5.6799,21208,0
MJUS.US,D,20220111,000000,5.7,5.86,5.53,5.758,16852,0
MJUS.US,D,20220112,000000,5.85,5.85,5.6864,5.7433,1500,0
MJUS.US,D,20220113,000000,5.7225,5.7225,5.6753,5.6753,957,0
MJUS.US,D,20220114,000000,5.63,5.6999,5.5619,5.6655,3932,0
MJUS.US,D,20220118,000000,5.7,5.7,5.635,5.64,1743,0
MJUS.US,D,20220119,000000,5.57,5.58,5.5,5.5463,7660,0
MJUS.US,D,20220120,000000,5.535,5.5352,5.35,5.35,9897,0
MJUS.US,D,20220121,000000,5.31,5.31,5.001,5.0475,11895,0
MJUS.US,D,20220124,000000,5,5.0564,4.6102,5.0564,18108,0
MJUS.US,D,20220125,000000,4.9,5.06,4.831,5.0067,3949,0
MJUS.US,D,20220126,000000,5.03,5.0493,4.8597,4.8597,4677,0
MJUS.US,D,20220127,000000,4.88,4.95,4.7373,4.75,10219,0
MJUS.US,D,20220128,000000,4.6,4.7,4.56,4.7,15582,0
MJUS.US,D,20220131,000000,4.795,5,4.795,5,4829,0
MJUS.US,D,20220201,000000,5.07,5.31,4.979,5.31,4358,0
MJUS.US,D,20220202,000000,5.35,5.35,5.1118,5.2215,3683,0
MJUS.US,D,20220203,000000,5.04,5.06,4.9937,4.9937,2333,0
MJUS.US,D,20220204,000000,4.99,5.16,4.99,5.1141,369571,0
MJUS.US,D,20220207,000000,5.21,5.2401,5.15,5.2266,12131,0
MJUS.US,D,20220208,000000,5.28,5.28,5.195,5.23,2304,0
MJUS.US,D,20220209,000000,5.37,5.6161,5.37,5.6161,14811,0
MJUS.US,D,20220210,000000,5.6,5.9,5.6,5.6126,5769,0
MJUS.US,D,20220211,000000,5.64,5.8,5.5951,5.5951,867,0
MJUS.US,D,20220214,000000,5.6399,5.6399,5.5326,5.5326,2051,0
MJUS.US,D,20220215,000000,5.66,5.6761,5.501,5.6761,7644,0
MJUS.US,D,20220216,000000,5.65,5.78,5.5739,5.676,6991,0
MJUS.US,D,20220217,000000,5.7,5.7,5.501,5.501,1124,0
MJUS.US,D,20220218,000000,5.4,5.4048,5.315,5.3636,2587,0
MJUS.US,D,20220222,000000,5.25,5.275,5.031,5.1135,4536,0
MJUS.US,D,20220223,000000,5.11,5.11,4.9679,4.9679,1256,0
MJUS.US,D,20220224,000000,4.93,5.0931,4.75,5.0931,9271,0
MJUS.US,D,20220225,000000,5.2,5.2,4.99,5.0523,114338,0
MJUS.US,D,20220228,000000,5.07,5.07,4.99,5.032,2246,0
MJUS.US,D,20220301,000000,5.0606,5.0606,4.8612,4.938,4461,0
MJUS.US,D,20220302,000000,4.83,4.89,4.81,4.8437,3886,0
MJUS.US,D,20220303,000000,4.92,4.92,4.66,4.7064,7144,0
MJUS.US,D,20220304,000000,4.675,4.7,4.6,4.6,4311,0
MJUS.US,D,20220307,000000,4.61,4.61,4.4451,4.4451,6509,0
MJUS.US,D,20220308,000000,4.44,4.56,4.41,4.534,2538,0
MJUS.US,D,20220309,000000,4.75,4.75,4.65,4.68,3223,0
MJUS.US,D,20220310,000000,4.548,4.6382,4.54,4.6067,2932,0
MJUS.US,D,20220311,000000,4.6,4.6,4.48,4.5007,1882,0
MJUS.US,D,20220314,000000,4.43,4.455,4.38,4.38,2843,0
MJUS.US,D,20220315,000000,4.3982,4.3982,4.3982,4.3982,336,0
MJUS.US,D,20220316,000000,4.5,4.5725,4.4995,4.5725,2486,0
MJUS.US,D,20220317,000000,4.6,4.73,4.5916,4.73,2548,0
MJUS.US,D,20220318,000000,4.8399,4.8937,4.8399,4.8937,850,0
MJUS.US,D,20220321,000000,4.87,4.87,4.85,4.8509,989,0
MJUS.US,D,20220322,000000,4.901,4.949,4.87,4.92,4539,0
MJUS.US,D,20220323,000000,4.9168,4.95,4.8505,4.8505,4497,0
MJUS.US,D,20220324,000000,4.8492,4.99,4.7682,4.92,4024,0
MJUS.US,D,20220325,000000,5.41,5.48,4.97,4.97,20620,0
MJUS.US,D,20220328,000000,5,5,4.8273,4.866,8189,0
MJUS.US,D,20220329,000000,4.82,5.015,4.82,5,5642,0
MJUS.US,D,20220330,000000,5.25,5.25,4.98,5.0117,4146,0
MJUS.US,D,20220331,000000,4.988,4.9968,4.9101,4.93,2669,0
MJUS.US,D,20220401,000000,5.17,5.17,4.91,4.965,8190,0
MJUS.US,D,20220404,000000,5.15,5.15,4.985,5,2995,0
MJUS.US,D,20220405,000000,4.99,4.99,4.8,4.8145,6095,0
MJUS.US,D,20220406,000000,5,5,4.62,4.67,7558,0
MJUS.US,D,20220407,000000,4.65,4.65,4.5,4.6,6948,0
MJUS.US,D,20220408,000000,4.5401,4.63,4.5401,4.59,4539,0
MJUS.US,D,20220411,000000,4.5,4.53,4.5,4.5041,5131,0
MJUS.US,D,20220412,000000,4.5801,4.62,4.445,4.445,2737,0
MJUS.US,D,20220413,000000,4.499,4.52,4.4606,4.48,7386,0
MJUS.US,D,20220414,000000,4.46,4.46,4.39,4.3902,4842,0
MJUS.US,D,20220418,000000,4.39,4.39,4.18,4.23,9055,0
MJUS.US,D,20220419,000000,4.2,4.269,4.2,4.2582,420,0
MJUS.US,D,20220420,000000,4.2,4.211,4.18,4.205,2736,0
MJUS.US,D,20220421,000000,4.53,4.53,4.0701,4.09,8327,0
MJUS.US,D,20220422,000000,4.08,4.08,4.0001,4.0524,4658,0
MJUS.US,D,20220425,000000,4.0715,4.0999,4,4.04,7121,0
MJUS.US,D,20220426,000000,4,4,3.9,3.91,3859,0
MJUS.US,D,20220427,000000,3.62,3.8706,3.62,3.8069,1240,0
MJUS.US,D,20220428,000000,3.8,3.8,3.7,3.765,4262,0
MJUS.US,D,20220429,000000,3.8,3.8,3.67,3.67,6415,0
MJUS.US,D,20220502,000000,3.57,3.6004,3.5205,3.6004,2716,0
MJUS.US,D,20220503,000000,3.6043,3.6043,3.6,3.6,1973,0
MJUS.US,D,20220504,000000,3.49,3.58,3.49,3.5594,1126,0
MJUS.US,D,20220505,000000,3.5,3.5,3.375,3.386,3337,0
MJUS.US,D,20220506,000000,3.285,3.48,3.28,3.48,3291,0
MJUS.US,D,20220509,000000,3.5,3.5,3.25,3.2677,4051,0
MJUS.US,D,20220510,000000,3.23,3.26,3.185,3.26,3200,0
MJUS.US,D,20220511,000000,3.2599,3.2599,3.165,3.165,13280,0
MJUS.US,D,20220512,000000,3.1624,3.195,3.1624,3.195,1576,0
MJUS.US,D,20220513,000000,3.3099,3.322,3.27,3.322,3117,0
MJUS.US,D,20220516,000000,3.14,3.36,3.14,3.3333,1161,0
MJUS.US,D,20220517,000000,3.3899,3.3899,3.3302,3.3302,727,0
MJUS.US,D,20220518,000000,3.195,3.195,3.16,3.1834,757,0
MJUS.US,D,20220519,000000,3.3439,3.3439,3.28,3.28,9577,0
MJUS.US,D,20220520,000000,3.38,3.38,3.15,3.2812,1818,0
MJUS.US,D,20220523,000000,3.29,3.29,3.245,3.245,2385,0
MJUS.US,D,20220524,000000,3.235,3.235,3.14,3.1922,3612,0
MJUS.US,D,20220525,000000,3.22,3.22,3.2001,3.215,1428,0
MJUS.US,D,20220526,000000,3.282,3.352,3.2546,3.2546,153367,0
MJUS.US,D,20220527,000000,3.24,3.2594,3.2001,3.2594,10618,0
MJUS.US,D,20220531,000000,3.29,3.29,3.26,3.2867,2985,0
MJUS.US,D,20220601,000000,3.29,3.29,3.235,3.235,1500,0
MJUS.US,D,20220602,000000,3.2546,3.32,3.2546,3.3,986,0
MJUS.US,D,20220603,000000,3.29,3.29,3.2519,3.2519,1123,0
MJUS.US,D,20220606,000000,3.25,3.29,3.2,3.29,2290,0
MJUS.US,D,20220607,000000,3.26,3.3099,3.26,3.3022,682,0
MJUS.US,D,20220608,000000,3.23,3.275,3.2208,3.2208,958,0
MJUS.US,D,20220609,000000,3.2,3.22,3.2,3.2,2793,0
MJUS.US,D,20220610,000000,3.04,3.1399,3.0201,3.1399,1636,0
MJUS.US,D,20220613,000000,3.1,3.1,3.0001,3.0104,4233,0
MJUS.US,D,20220614,000000,2.99,2.99,2.81,2.81,6022,0
MJUS.US,D,20220615,000000,2.89,2.89,2.78,2.8508,4078,0
MJUS.US,D,20220616,000000,2.7797,2.78,2.76,2.77,2207,0
MJUS.US,D,20220617,000000,2.76,2.76,2.75,2.75,3575,0
MJUS.US,D,20220621,000000,2.82,2.82,2.73,2.74,3000,0
MJUS.US,D,20220622,000000,2.91,2.91,2.66,2.669,6651,0
MJUS.US,D,20220623,000000,2.66,2.68,2.6533,2.68,1068,0
MJUS.US,D,20220624,000000,2.8127,2.8127,2.735,2.735,617,0
MJUS.US,D,20220627,000000,2.78,2.78,2.7036,2.7299,1033,0
MJUS.US,D,20220628,000000,2.7,2.7,2.6101,2.6208,1361,0
MJUS.US,D,20220629,000000,2.75,2.75,2.6165,2.6165,874,0
MJUS.US,D,20220630,000000,2.5,2.548,2.445,2.505,5186,0
MJUS.US,D,20220701,000000,2.45,2.4999,2.45,2.4831,698,0
MJUS.US,D,20220705,000000,2.41,2.6102,2.41,2.6102,3129,0
MJUS.US,D,20220706,000000,2.64,2.6662,2.63,2.64,1779,0
MJUS.US,D,20220707,000000,2.66,2.7,2.66,2.69,4444,0
MJUS.US,D,20220708,000000,2.72,2.75,2.7001,2.7151,2166,0
MJUS.US,D,20220711,000000,2.66,2.66,2.51,2.52,6495,0
MJUS.US,D,20220712,000000,2.49,2.56,2.49,2.525,5240,0
MJUS.US,D,20220713,000000,2.5,2.5393,2.5,2.5393,718,0
MJUS.US,D,20220714,000000,2.525,2.6899,2.52,2.6651,10709,0
MJUS.US,D,20220715,000000,2.65,2.65,2.5744,2.615,3879,0
MJUS.US,D,20220718,000000,2.66,2.66,2.6163,2.6248,5986,0
MJUS.US,D,20220719,000000,2.63,2.6699,2.6201,2.665,6445,0
MJUS.US,D,20220720,000000,2.81,2.9,2.81,2.86,18032,0
MJUS.US,D,20220721,000000,2.87,2.87,2.8,2.83,5331,0
MJUS.US,D,20220722,000000,2.87,2.87,2.7789,2.81,2381,0
MJUS.US,D,20220725,000000,2.78,2.82,2.78,2.809,2348,0
MJUS.US,D,20220726,000000,2.76,2.76,2.7108,2.73,2871,0
MJUS.US,D,20220727,000000,2.7069,2.7069,2.7069,2.7069,140,0
MJUS.US,D,20220728,000000,2.74,2.74,2.7223,2.7223,1003,0
MJUS.US,D,20220729,000000,2.72,2.72,2.67,2.6916,1652,0
MJUS.US,D,20220801,000000,2.8,2.8,2.6575,2.665,785,0
MJUS.US,D,20220802,000000,2.655,2.7197,2.65,2.7026,1365,0
MJUS.US,D,20220803,000000,2.7001,2.729,2.68,2.691,2692,0
MJUS.US,D,20220804,000000,2.7099,2.71,2.66,2.66,2789,0
MJUS.US,D,20220805,000000,2.6201,2.6742,2.62,2.6742,1295,0
MJUS.US,D,20220808,000000,2.72,2.72,2.7001,2.719,9525,0
MJUS.US,D,20220809,000000,2.71,2.71,2.6299,2.6299,573,0
MJUS.US,D,20220810,000000,2.655,2.798,2.65,2.67,9744,0
MJUS.US,D,20220811,000000,2.72,2.72,2.6901,2.704,3074,0
MJUS.US,D,20220812,000000,2.765,2.765,2.72,2.7471,3902,0
MJUS.US,D,20220815,000000,2.84,2.84,2.8167,2.8167,1944,0
MJUS.US,D,20220816,000000,2.82,2.8801,2.82,2.8801,3601916,0
MJUS.US,D,20220817,000000,2.92,2.93,2.8269,2.8269,1704371,0
MJUS.US,D,20220818,000000,2.8422,2.88,2.76,2.76,1768044,0
MJUS.US,D,20220819,000000,2.87,2.87,2.79,2.8253,11003020,0
MJUS.US,D,20220822,000000,2.84,2.84,2.718,2.74,1512717,0
MJUS.US,D,20220823,000000,2.84,2.84,2.737,2.76,1513905,0
MJUS.US,D,20220824,000000,2.67,2.83,2.67,2.75,2329630,0
MJUS.US,D,20220825,000000,2.78,3.14,2.78,3.11,2089877,0
MJUS.US,D,20220826,000000,3.06,3.06,2.91,2.92,37752,0
MJUS.US,D,20220829,000000,2.91,3.11,2.91,3.06,1334856,0
MJUS.US,D,20220830,000000,3.06,3.06,2.79,3.03,1014580,0
MJUS.US,D,20220831,000000,2.95,2.9597,2.8607,2.89,2521873,0
MJUS.US,D,20220901,000000,2.89,2.89,2.72,2.8078,1526116,0
MJUS.US,D,20220902,000000,2.85,2.88,2.8,2.81,1209342,0
MJUS.US,D,20220906,000000,2.85,2.85,2.71,2.76,1256395,0
MJUS.US,D,20220907,000000,2.78,2.7801,2.71,2.749,1207336,0
MJUS.US,D,20220908,000000,2.73,2.83,2.73,2.76,1216456,0
MJUS.US,D,20220909,000000,2.79,2.87,2.78,2.819,377560,0
MJUS.US,D,20220912,000000,2.84,2.84,2.745,2.76,6660,0
MJUS.US,D,20220913,000000,2.65,2.65,2.5891,2.6,507236,0
MJUS.US,D,20220914,000000,2.51,2.59,2.5,2.585,528789,0
MJUS.US,D,20220915,000000,2.59,2.64,2.54,2.55,505889,0
MJUS.US,D,20220916,000000,2.58,2.58,2.4,2.54,519909,0
MJUS.US,D,20220919,000000,2.52,2.57,2.5,2.56,504810,0
MJUS.US,D,20220920,000000,2.56,2.56,2.46,2.48,15712,0
MJUS.US,D,20220921,000000,2.49,2.52,2.45,2.51,41780,0
MJUS.US,D,20220922,000000,2.51,2.51,2.37,2.37,13795,0
MJUS.US,D,20220923,000000,2.32,2.385,2.25,2.28,36807,0
MJUS.US,D,20220926,000000,2.31,2.32,2.18,2.18,34493,0
MJUS.US,D,20220927,000000,2.2,2.24,2.16,2.1735,15432,0
MJUS.US,D,20220928,000000,2.18,2.28,2.18,2.25,23295,0
MJUS.US,D,20220929,000000,2.21,2.21,2.13,2.16,10941,0
MJUS.US,D,20220930,000000,2.13,2.26,2.02,2.1565,31556,0
MJUS.US,D,20221003,000000,2.26,2.26,2.1,2.24,11146,0
MJUS.US,D,20221004,000000,2.25,2.39,2.25,2.29,40969,0
MJUS.US,D,20221005,000000,2.29,2.29,2.17,2.18,3933,0
MJUS.US,D,20221006,000000,2.19,3.5,2.1,2.77,433561,0
MJUS.US,D,20221007,000000,2.88,3.01,2.54,2.65,111566,0
MJUS.US,D,20221010,000000,2.65,2.69,2.54,2.57,18395,0
MJUS.US,D,20221011,000000,2.44,2.54,2.35,2.42,54306,0
MJUS.US,D,20221012,000000,2.38,2.39,2.32,2.35,25426,0
MJUS.US,D,20221013,000000,2.33,2.41,2.27,2.3551,32879,0
MJUS.US,D,20221014,000000,2.38,2.4,2.27,2.27,50722,0
MJUS.US,D,20221017,000000,2.34,2.4,2.2901,2.4,12934,0
MJUS.US,D,20221018,000000,2.42,2.46,2.39,2.44,16004,0
MJUS.US,D,20221019,000000,2.41,2.529,2.41,2.4367,58933,0
MJUS.US,D,20221020,000000,2.44,2.51,2.44,2.4972,31170,0
MJUS.US,D,20221021,000000,2.48,2.54,2.47,2.53,29688,0
MJUS.US,D,20221024,000000,2.51,2.52,2.42,2.44,12736,0
MJUS.US,D,20221025,000000,2.56,2.6,2.46,2.53,41426,0
MJUS.US,D,20221026,000000,2.55,2.59,2.51,2.51,16072,0
MJUS.US,D,20221027,000000,2.5199,2.52,2.485,2.49,1407,0
MJUS.US,D,20221028,000000,2.46,2.52,2.43,2.5,27820,0
MJUS.US,D,20221031,000000,2.49,2.68,2.44,2.61,53014,0
MJUS.US,D,20221101,000000,2.61,2.665,2.57,2.6,25780,0
MJUS.US,D,20221102,000000,2.53,2.55,2.44,2.48,29005,0
MJUS.US,D,20221103,000000,2.49,2.62,2.44,2.58,21788,0
MJUS.US,D,20221104,000000,2.62,2.64,2.5999,2.6,18934,0
MJUS.US,D,20221107,000000,2.63,2.64,2.54,2.54,11020,0
MJUS.US,D,20221108,000000,2.56,2.69,2.53,2.61,42239,0
MJUS.US,D,20221109,000000,2.66,2.86,2.61,2.61,134776,0
MJUS.US,D,20221110,000000,2.69,2.82,2.66,2.76,82124,0
MJUS.US,D,20221111,000000,2.76,2.78,2.7,2.77,42450,0
MJUS.US,D,20221114,000000,2.86,2.9,2.74,2.78,79307,0
MJUS.US,D,20221115,000000,2.83,2.91,2.78,2.91,41919,0
MJUS.US,D,20221116,000000,2.83,2.91,2.76,2.91,304526,0
MJUS.US,D,20221117,000000,2.91,2.92,2.84,2.92,558029,0
MJUS.US,D,20221118,000000,2.83,2.83,2.75,2.77,2618472,0
MJUS.US,D,20221121,000000,2.81,2.81,2.69,2.7065,17508,0
MJUS.US,D,20221122,000000,2.83,2.83,2.7082,2.79,24932,0
MJUS.US,D,20221123,000000,2.8,2.88,2.77,2.88,37250,0
MJUS.US,D,20221125,000000,2.8401,2.88,2.84,2.8785,9808,0
MJUS.US,D,20221128,000000,2.85,2.86,2.75,2.81,41418,0
MJUS.US,D,20221129,000000,2.82,2.82,2.78,2.8012,10774,0
MJUS.US,D,20221130,000000,2.79,2.88,2.77,2.88,34435,0
MJUS.US,D,20221201,000000,2.85,3.01,2.8,3.01,49882,0
MJUS.US,D,20221202,000000,2.93,3.11,2.88,3.11,66695,0
MJUS.US,D,20221205,000000,3.13,3.31,3.12,3.2,108713,0
MJUS.US,D,20221206,000000,3.18,3.18,2.8,2.91,54402,0
MJUS.US,D,20221207,000000,2.83,2.83,2.63,2.72,75036,0
MJUS.US,D,20221208,000000,2.71,2.71,2.49,2.5,53728,0
MJUS.US,D,20221209,000000,2.51,2.57,2.47,2.48,19550,0
MJUS.US,D,20221212,000000,2.4749,2.49,2.34,2.39,101998,0
MJUS.US,D,20221213,000000,2.45,2.46,2.29,2.32,28176,0
MJUS.US,D,20221214,000000,2.3,2.33,2.22,2.22,282757,0
MJUS.US,D,20221215,000000,2.22,2.28,2.16,2.19,91911,0
MJUS.US,D,20221216,000000,2.19,2.31,2.19,2.31,69703,0
MJUS.US,D,20221219,000000,2.3,2.3,2.0401,2.14,548584,0
MJUS.US,D,20221220,000000,2.11,2.11,1.9,1.92,438848,0
MJUS.US,D,20221221,000000,1.89,1.94,1.85,1.905,540650,0
MJUS.US,D,20221222,000000,1.88,1.89,1.84,1.85,38139,0
MJUS.US,D,20221223,000000,1.85,1.96,1.85,1.94,27711,0
MJUS.US,D,20221227,000000,1.95,1.95,1.84,1.8831,212959,0
MJUS.US,D,20221228,000000,1.9,1.9,1.79,1.84,46317,0
MJUS.US,D,20221229,000000,1.92,1.95,1.9,1.94,93471,0
MJUS.US,D,20221230,000000,1.93,1.96,1.89,1.96,69081,0
MJUS.US,D,20230103,000000,1.95,2,1.88,1.88,53094,0
MJUS.US,D,20230104,000000,1.93,1.96,1.91,1.96,1884,0
MJUS.US,D,20230105,000000,1.96,1.9648,1.91,1.96,33065,0
MJUS.US,D,20230106,000000,1.92,1.96,1.92,1.95,16936,0
MJUS.US,D,20230109,000000,1.96,1.96,1.89,1.93,39464,0
MJUS.US,D,20230110,000000,1.92,1.93,1.895,1.92,13270,0
MJUS.US,D,20230111,000000,1.97,1.97,1.93,1.95,1958,0
MJUS.US,D,20230112,000000,1.96,1.99,1.94,1.99,3478,0
MJUS.US,D,20230113,000000,1.97,2,1.97,1.99,3421,0
MJUS.US,D,20230117,000000,2.01,2.03,1.99,2.03,3471,0
MJUS.US,D,20230118,000000,2.035,2.04,1.96,1.975,17700,0
MJUS.US,D,20230119,000000,2.13,2.13,1.83,1.84,28759,0
MJUS.US,D,20230120,000000,1.84,1.86,1.835,1.85,13896,0
MJUS.US,D,20230123,000000,1.85,1.85,1.81,1.83,962949,0
MJUS.US,D,20230124,000000,1.8165,1.84,1.77,1.81,638728,0
MJUS.US,D,20230125,000000,1.8,1.8,1.735,1.77,37120,0
MJUS.US,D,20230126,000000,1.79,1.79,1.71,1.74,21408,0
MJUS.US,D,20230127,000000,1.71,1.77,1.7,1.74,97614,0
MJUS.US,D,20230130,000000,1.73,1.77,1.73,1.76,15919,0
MJUS.US,D,20230131,000000,1.77,1.88,1.76,1.84,34004,0
MJUS.US,D,20230201,000000,1.81,1.91,1.77,1.86,164393,0
MJUS.US,D,20230202,000000,1.92,1.93,1.89,1.89,36693,0
MJUS.US,D,20230203,000000,1.89,1.92,1.87,1.87,27936,0
MJUS.US,D,20230206,000000,1.87,1.891,1.86,1.87,28048,0
MJUS.US,D,20230207,000000,1.86,1.8781,1.845,1.85,31583,0
MJUS.US,D,20230208,000000,1.85,1.85,1.82,1.82,47901,0
MJUS.US,D,20230209,000000,1.85,1.85,1.75,1.75,57506,0
MJUS.US,D,20230210,000000,1.79,1.82,1.75,1.79,3137503,0
MJUS.US,D,20230213,000000,1.83,1.83,1.75,1.77,2906465,0
MJUS.US,D,20230214,000000,1.78,1.85,1.78,1.85,1948070,0
MJUS.US,D,20230215,000000,1.84,1.86,1.84,1.85,1605938,0
MJUS.US,D,20230216,000000,1.82,1.9,1.79,1.86,1619959,0
MJUS.US,D,20230217,000000,1.8601,1.87,1.84,1.87,3296667,0
MJUS.US,D,20230221,000000,1.87,1.87,1.775,1.82,52118,0
MJUS.US,D,20230222,000000,1.8,1.8,1.77,1.79,14294,0
MJUS.US,D,20230223,000000,1.77,1.7867,1.75,1.78,11537,0
MJUS.US,D,20230224,000000,1.74,1.76,1.74,1.76,34369,0
MJUS.US,D,20230227,000000,1.7645,1.7645,1.72,1.74,1437,0
MJUS.US,D,20230228,000000,1.73,1.8,1.73,1.78,6707455,0
MJUS.US,D,20230301,000000,1.75,1.77,1.735,1.76,3625379,0
MJUS.US,D,20230302,000000,1.75,1.8,1.745,1.8,3006760,0
MJUS.US,D,20230303,000000,1.8,1.85,1.8,1.85,2003600,0
MJUS.US,D,20230306,000000,1.84,1.87,1.8,1.81,2250849,0
MJUS.US,D,20230307,000000,1.79,1.83,1.79,1.83,4715320,0
MJUS.US,D,20230308,000000,1.79,1.8,1.76,1.8,6030409,0
MJUS.US,D,20230309,000000,1.8,1.8,1.73,1.73,1540686,0
MJUS.US,D,20230310,000000,1.69,1.72,1.66,1.69,5828635,0
MJUS.US,D,20230313,000000,1.65,1.69,1.64,1.68,10761,0
MJUS.US,D,20230314,000000,1.67,1.77,1.66,1.66,183135,0
MJUS.US,D,20230315,000000,1.63,1.66,1.62,1.66,27098,0
MJUS.US,D,20230316,000000,1.65,1.725,1.6201,1.64,46183,0
MJUS.US,D,20230317,000000,1.64,1.6561,1.6393,1.65,7998,0
MJUS.US,D,20230320,000000,1.65,1.65,1.6,1.6,6270,0
MJUS.US,D,20230321,000000,1.63,1.63,1.59,1.63,578783,0
MJUS.US,D,20230322,000000,1.59,1.6,1.58,1.59,3534,0
MJUS.US,D,20230323,000000,1.59,1.5999,1.545,1.56,21660,0
MJUS.US,D,20230324,000000,1.5201,1.54,1.5141,1.54,9101,0
MJUS.US,D,20230327,000000,1.52,1.57,1.5,1.54,4089,0
MJUS.US,D,20230328,000000,1.55,1.55,1.521,1.53,2446,0
MJUS.US,D,20230329,000000,1.56,1.57,1.531,1.56,12509,0
MJUS.US,D,20230330,000000,1.555,1.56,1.53,1.55,10970,0
MJUS.US,D,20230331,000000,1.55,1.55,1.5119,1.5276,3584,0
MJUS.US,D,20230403,000000,1.53,1.53,1.495,1.51,23298,0
MJUS.US,D,20230404,000000,1.49,1.49,1.45,1.46,29609,0
MJUS.US,D,20230405,000000,1.45,1.45,1.4001,1.43,26826,0
MJUS.US,D,20230406,000000,1.455,1.46,1.43,1.43,6724,0
MJUS.US,D,20230410,000000,1.42,1.45,1.42,1.4459,13688,0
MJUS.US,D,20230411,000000,1.43,1.4499,1.43,1.44,16613,0
MJUS.US,D,20230412,000000,1.48,1.48,1.44,1.45,63669,0
MJUS.US,D,20230413,000000,1.4501,1.5,1.4501,1.5,1163,0
MJUS.US,D,20230414,000000,1.5,1.5,1.45,1.46,18541,0
MJUS.US,D,20230417,000000,1.47,1.49,1.47,1.49,1809,0
MJUS.US,D,20230418,000000,1.47,1.47,1.43,1.445,28530,0
MJUS.US,D,20230419,000000,1.4496,1.45,1.43,1.45,21160,0
MJUS.US,D,20230420,000000,1.46,1.46,1.41,1.4157,17565,0
MJUS.US,D,20230421,000000,1.4099,1.42,1.4,1.42,13783,0
MJUS.US,D,20230424,000000,1.42,1.43,1.3821,1.42,20749,0
MJUS.US,D,20230425,000000,1.42,1.42,1.385,1.385,14310,0
MJUS.US,D,20230426,000000,1.373,1.39,1.3601,1.39,10733,0
MJUS.US,D,20230427,000000,1.45,1.5199,1.45,1.47,18433,0
MJUS.US,D,20230428,000000,1.47,1.48,1.46,1.46,12708,0
MJUS.US,D,20230501,000000,1.48,1.52,1.48,1.5,34446,0
MJUS.US,D,20230502,000000,1.47,1.47,1.4332,1.4601,8945,0
MJUS.US,D,20230503,000000,1.49,1.49,1.41,1.41,19058,0
MJUS.US,D,20230504,000000,1.4102,1.51,1.3901,1.5,76039,0
MJUS.US,D,20230505,000000,1.52,1.58,1.52,1.56,115218,0
MJUS.US,D,20230508,000000,1.56,1.57,1.5399,1.57,23343,0
MJUS.US,D,20230509,000000,1.57,1.57,1.55,1.55,4340,0
MJUS.US,D,20230510,000000,1.569,1.57,1.55,1.5506,3450,0
MJUS.US,D,20230511,000000,1.56,1.56,1.44,1.45,17254,0
MJUS.US,D,20230512,000000,1.43,1.43,1.383,1.4074,5549,0
MJUS.US,D,20230515,000000,1.4114,1.425,1.4114,1.425,942,0
MJUS.US,D,20230516,000000,1.4599,1.46,1.43,1.4301,16289,0
MJUS.US,D,20230517,000000,1.43,1.45,1.4201,1.45,13213,0
MJUS.US,D,20230518,000000,1.47,1.47,1.46,1.46,4835,0
MJUS.US,D,20230519,000000,1.44,1.4467,1.4,1.41,9806079,0
MJUS.US,D,20230522,000000,1.43,1.47,1.43,1.47,10241,0
MJUS.US,D,20230523,000000,1.47,1.49,1.45,1.47,2936,0
MJUS.US,D,20230524,000000,1.47,1.48,1.47,1.48,10713,0
MJUS.US,D,20230525,000000,1.5,1.5,1.42,1.4469,10726,0
MJUS.US,D,20230526,000000,1.43,1.4373,1.4201,1.4262,12235,0
MJUS.US,D,20230530,000000,1.42,1.51,1.42,1.5,4336889,0
MJUS.US,D,20230531,000000,1.5,1.5,1.44,1.45,15748,0
MJUS.US,D,20230601,000000,1.46,1.46,1.4355,1.44,1295,0
MJUS.US,D,20230602,000000,1.4401,1.46,1.4301,1.45,1717,0
MJUS.US,D,20230605,000000,1.4421,1.45,1.43,1.43,4573,0
MJUS.US,D,20230606,000000,1.46,1.4699,1.4543,1.4543,7650,0
MJUS.US,D,20230607,000000,1.48,1.52,1.4761,1.4993,39680,0
MJUS.US,D,20230608,000000,1.51,1.51,1.4796,1.4796,27747,0
MJUS.US,D,20230609,000000,1.49,1.4998,1.46,1.471,24622,0
MJUS.US,D,20230612,000000,1.47,1.48,1.4601,1.4749,5634,0
MJUS.US,D,20230613,000000,1.461,1.49,1.46,1.47,34088,0
MJUS.US,D,20230614,000000,1.48,1.49,1.4758,1.4758,10798,0
MJUS.US,D,20230615,000000,1.49,1.51,1.4654,1.4887,3946,0
MJUS.US,D,20230616,000000,1.5,1.53,1.5,1.5003,59473,0
MJUS.US,D,20230620,000000,1.51,1.51,1.47,1.471,640375,0
MJUS.US,D,20230621,000000,1.485,1.58,1.4701,1.519,159120,0
MJUS.US,D,20230622,000000,1.54,1.54,1.48,1.51,106793,0
MJUS.US,D,20230623,000000,1.52,1.52,1.465,1.465,19108,0
MJUS.US,D,20230626,000000,1.47,1.48,1.46,1.46,5991,0
MJUS.US,D,20230627,000000,1.46,1.4799,1.46,1.4734,2301,0
MJUS.US,D,20230628,000000,1.47,1.48,1.46,1.48,17397,0
MJUS.US,D,20230629,000000,1.4721,1.48,1.46,1.475,3178,0
MJUS.US,D,20230630,000000,1.47,1.49,1.47,1.48,14170,0
MJUS.US,D,20230703,000000,1.48,1.56,1.48,1.56,41065,0
MJUS.US,D,20230705,000000,1.55,1.56,1.5401,1.55,33215,0
MJUS.US,D,20230706,000000,1.54,1.54,1.52,1.5323,4481,0
MJUS.US,D,20230707,000000,1.5302,1.63,1.53,1.63,3691,0
MJUS.US,D,20230710,000000,1.6401,1.652,1.6136,1.63,7862,0
MJUS.US,D,20230711,000000,1.63,1.6363,1.61,1.6363,13588,0
MJUS.US,D,20230712,000000,1.66,1.66,1.6,1.6022,26444,0
MJUS.US,D,20230713,000000,1.62,1.66,1.595,1.63,87527,0
MJUS.US,D,20230714,000000,1.65,1.65,1.6,1.6,32117,0
MJUS.US,D,20230717,000000,1.59,1.5901,1.56,1.5663,11687,0
MJUS.US,D,20230718,000000,1.5614,1.57,1.56,1.56,4969,0
MJUS.US,D,20230719,000000,1.57,1.59,1.56,1.57,28715,0
MJUS.US,D,20230720,000000,1.56,1.569,1.51,1.55,37244,0
MJUS.US,D,20230721,000000,1.55,1.55,1.51,1.51,21012,0
MJUS.US,D,20230724,000000,1.53,1.53,1.49,1.5,31312,0
MJUS.US,D,20230725,000000,1.48,1.49,1.47,1.49,11784,0
MJUS.US,D,20230726,000000,1.52,1.52,1.49,1.5,20040,0
MJUS.US,D,20230727,000000,1.48,1.5,1.47,1.47,20985,0
MJUS.US,D,20230728,000000,1.46,1.51,1.46,1.51,7831,0
MJUS.US,D,20230731,000000,1.52,1.58,1.52,1.58,7477,0
MJUS.US,D,20230801,000000,1.58,1.58,1.5499,1.5602,9043,0
MJUS.US,D,20230802,000000,1.55,1.55,1.52,1.525,3718,0
MJUS.US,D,20230803,000000,1.5105,1.55,1.51,1.5286,3040,0
MJUS.US,D,20230804,000000,1.54,1.54,1.5229,1.5299,16900,0
MJUS.US,D,20230807,000000,1.5399,1.5399,1.5,1.52,11256,0
MJUS.US,D,20230808,000000,1.51,1.5299,1.5,1.5202,32952,0
MJUS.US,D,20230809,000000,1.51,1.51,1.4574,1.4574,17002,0
MJUS.US,D,20230810,000000,1.46,1.46,1.42,1.4527,31842,0
MJUS.US,D,20230811,000000,1.45,1.45,1.42,1.42,2691,0
MJUS.US,D,20230814,000000,1.42,1.42,1.39,1.4082,5536,0
MJUS.US,D,20230815,000000,1.399,1.399,1.38,1.3841,10548,0
MJUS.US,D,20230816,000000,1.37,1.3784,1.37,1.375,3004006,0
MJUS.US,D,20230817,000000,1.39,1.4,1.37,1.37,2048121,0
MJUS.US,D,20230818,000000,1.36,1.38,1.35,1.3541,1740375,0
MJUS.US,D,20230821,000000,1.35,1.3697,1.35,1.365,8075,0
MJUS.US,D,20230822,000000,1.37,1.3701,1.3649,1.3649,2747,0
MJUS.US,D,20230823,000000,1.37,1.38,1.3601,1.3651,2181,0
MJUS.US,D,20230824,000000,1.37,1.37,1.34,1.345,2129,0
MJUS.US,D,20230825,000000,1.35,1.35,1.33,1.34,645019,0
MJUS.US,D,20230828,000000,1.3401,1.3599,1.31,1.33,2180182,0
MJUS.US,D,20230829,000000,1.35,1.38,1.3301,1.36,1115,0
MJUS.US,D,20230830,000000,1.355,1.6,1.35,1.5567,489251,0
MJUS.US,D,20230831,000000,1.62,1.84,1.6,1.7599,341876,0
MJUS.US,D,20230901,000000,1.82,1.8233,1.74,1.7693,40464,0
MJUS.US,D,20230905,000000,1.81,1.95,1.77,1.9258,141389,0
MJUS.US,D,20230906,000000,2.04,2.06,1.91,1.935,73461,0
MJUS.US,D,20230907,000000,1.93,2.02,1.89,1.97,84588,0
MJUS.US,D,20230908,000000,1.99,2.1138,1.95,2.02,109270,0
MJUS.US,D,20230911,000000,2.06,2.14,2.05,2.1199,80325,0
MJUS.US,D,20230912,000000,2.14,2.14,1.94,2.0382,86990,0
MJUS.US,D,20230913,000000,2.03,2.09,1.96,2.01,51427,0
MJUS.US,D,20230914,000000,2.05,2.14,2.05,2.115,87378,0
MJUS.US,D,20230915,000000,2.25,2.34,2.11,2.15,77796,0
MJUS.US,D,20230918,000000,2.12,2.12,2.0317,2.0801,41033,0
MJUS.US,D,20230919,000000,2.09,2.09,1.932,1.96,51453,0
MJUS.US,D,20230920,000000,1.97,2,1.95,1.98,37272,0
MJUS.US,D,20230921,000000,1.91,1.9101,1.85,1.86,44909,0
MJUS.US,D,20230922,000000,1.86,1.91,1.86,1.8908,9041,0
MJUS.US,D,20230925,000000,1.91,2.019,1.88,1.881,50071,0
MJUS.US,D,20230926,000000,1.91,1.9699,1.865,1.9,79168,0
MJUS.US,D,20230927,000000,1.86,1.98,1.8546,1.8751,13269,0
MJUS.US,D,20230928,000000,1.86,1.9,1.8,1.8635,14063,0
MJUS.US,D,20230929,000000,1.9,1.9043,1.84,1.8497,9284,0
MJUS.US,D,20231002,000000,1.84,1.871,1.79,1.84,27567,0
MJUS.US,D,20231003,000000,1.8,1.82,1.76,1.76,39659,0
MJUS.US,D,20231004,000000,1.72,1.7599,1.6801,1.6996,6069,0
MJUS.US,D,20231005,000000,1.72,1.72,1.6601,1.6644,4924,0
MJUS.US,D,20231006,000000,1.6613,1.715,1.66,1.6991,11209,0
MJUS.US,D,20231009,000000,1.7,1.7,1.65,1.6935,1942,0
MJUS.US,D,20231010,000000,1.7,1.7268,1.6995,1.7252,2180,0
MJUS.US,D,20231011,000000,1.725,1.725,1.6552,1.6809,2744,0
MJUS.US,D,20231012,000000,1.6783,1.6972,1.65,1.6605,5387,0
MJUS.US,D,20231013,000000,1.68,1.72,1.66,1.69,14885,0
MJUS.US,D,20231016,000000,1.67,1.7099,1.6612,1.68,6608,0
MJUS.US,D,20231017,000000,1.68,1.75,1.67,1.735,4570,0
MJUS.US,D,20231018,000000,1.75,1.75,1.6102,1.6201,9115,0
MJUS.US,D,20231019,000000,1.61,1.65,1.61,1.63,3959,0
MJUS.US,D,20231020,000000,1.63,1.63,1.58,1.59,28134,0
MJUS.US,D,20231023,000000,1.59,1.6,1.56,1.56,4188,0
MJUS.US,D,20231024,000000,1.54,1.579,1.51,1.53,5159,0
MJUS.US,D,20231025,000000,1.5,1.5098,1.45,1.45,4108,0
MJUS.US,D,20231026,000000,1.44,1.44,1.39,1.39,54173,0
MJUS.US,D,20231027,000000,1.41,1.41,1.3188,1.3188,2529763,0
MJUS.US,D,20231030,000000,1.34,1.341,1.29,1.33,19543,0
MJUS.US,D,20231031,000000,1.34,1.4,1.34,1.4,9312,0
MJUS.US,D,20231101,000000,1.3797,1.4,1.36,1.36,2136,0
MJUS.US,D,20231102,000000,1.4506,1.46,1.4301,1.4472,6897,0
MJUS.US,D,20231103,000000,1.475,1.51,1.45,1.4883,4169,0
MJUS.US,D,20231106,000000,1.5,1.5,1.4641,1.47,2502,0
MJUS.US,D,20231107,000000,1.4701,1.48,1.47,1.48,604,0
MJUS.US,D,20231108,000000,1.5,1.54,1.48,1.505,13587,0
MJUS.US,D,20231109,000000,1.5167,1.5167,1.47,1.5,3405,0
MJUS.US,D,20231110,000000,1.5,1.5598,1.4997,1.5598,2699,0
MJUS.US,D,20231113,000000,1.56,1.62,1.5421,1.62,7676,0
MJUS.US,D,20231114,000000,1.65,1.65,1.59,1.61,16833,0
MJUS.US,D,20231115,000000,1.64,1.65,1.57,1.5994,15668,0
MJUS.US,D,20231116,000000,1.58,1.58,1.52,1.52,93892,0
MJUS.US,D,20231117,000000,1.55,1.66,1.54,1.65,38226,0
MJUS.US,D,20231120,000000,1.64,1.64,1.56,1.59,15741,0
MJUS.US,D,20231121,000000,1.6,1.62,1.53,1.62,14165,0
MJUS.US,D,20231122,000000,1.62,1.6246,1.58,1.6246,33549,0
MJUS.US,D,20231124,000000,1.63,1.63,1.6,1.61,3561,0
MJUS.US,D,20231127,000000,1.585,1.6011,1.58,1.6011,6189,0
MJUS.US,D,20231128,000000,1.58,1.64,1.575,1.6126,31135,0
MJUS.US,D,20231129,000000,1.63,1.63,1.58,1.5821,25311,0
MJUS.US,D,20231130,000000,1.58,1.6,1.57,1.5853,11984,0
MJUS.US,D,20231201,000000,1.59,1.6261,1.59,1.6244,4738,0
MJUS.US,D,20231204,000000,1.6,1.72,1.6,1.685,52667,0
MJUS.US,D,20231205,000000,1.66,1.6934,1.66,1.68,19911,0
MJUS.US,D,20231206,000000,1.671,1.745,1.671,1.745,22731,0
MJUS.US,D,20231207,000000,1.75,1.75,1.7239,1.75,11966,0
MJUS.US,D,20231208,000000,1.73,1.74,1.71,1.71,3890,0
MJUS.US,D,20231211,000000,1.73,1.73,1.655,1.66,79892,0
MJUS.US,D,20231212,000000,1.66,1.66,1.46,1.4705,23819,0
MJUS.US,D,20231213,000000,1.46,1.52,1.42,1.52,68221,0
MJUS.US,D,20231214,000000,1.55,1.55,1.48,1.53,42520,0
MJUS.US,D,20231215,000000,1.511,1.5599,1.51,1.55,6162,0
MJUS.US,D,20231218,000000,1.56,1.56,1.5,1.5005,10531,0
MJUS.US,D,20231219,000000,1.51,1.52,1.4804,1.4804,11136,0
MJUS.US,D,20231220,000000,1.48,1.48,1.45,1.45,7001,0
MJUS.US,D,20231221,000000,1.48,1.49,1.4333,1.4333,1572024,0
MJUS.US,D,20231222,000000,1.455,1.53,1.44,1.5228,56201,0
MJUS.US,D,20231226,000000,1.52,1.68,1.52,1.65,244156,0
MJUS.US,D,20231227,000000,1.67,1.67,1.5901,1.6041,19738,0
MJUS.US,D,20231228,000000,1.58,1.64,1.58,1.6,44337,0
MJUS.US,D,20231229,000000,1.62,1.62,1.57,1.6187,24317,0
MJUS.US,D,20240102,000000,1.62,1.62,1.564,1.59,7585,0
MJUS.US,D,20240103,000000,1.55,1.68,1.5401,1.65,42794,0
MJUS.US,D,20240104,000000,1.66,1.729,1.66,1.72,19207,0
MJUS.US,D,20240105,000000,1.72,1.8299,1.68,1.8044,33036,0
MJUS.US,D,20240108,000000,1.82,1.83,1.78,1.79,29516,0
MJUS.US,D,20240109,000000,1.81,1.82,1.72,1.7514,23910,0
MJUS.US,D,20240110,000000,1.77,1.77,1.6727,1.6727,32116,0
MJUS.US,D,20240111,000000,1.6999,1.73,1.68,1.715,9748,0
MJUS.US,D,20240112,000000,1.78,1.88,1.7521,1.8656,18145,0
MJUS.US,D,20240116,000000,1.93,2.06,1.93,2.01,54609,0
MJUS.US,D,20240117,000000,2.04,2.04,1.9199,1.95,29841,0
MJUS.US,D,20240118,000000,1.95,1.95,1.83,1.8302,30298,0
MJUS.US,D,20240119,000000,1.87,1.9499,1.7887,1.94,32903,0
MJUS.US,D,20240122,000000,1.95,1.99,1.911,1.99,25795,0
MJUS.US,D,20240123,000000,2.01,2.01,1.9209,1.9419,24210,0
MJUS.US,D,20240124,000000,1.97,2.08,1.97,2.0729,28266,0
MJUS.US,D,20240125,000000,2.09,2.12,2.03,2.12,23406,0
MJUS.US,D,20240126,000000,2.09,2.13,2.07,2.07,25736,0
MJUS.US,D,20240129,000000,2.08,2.1555,2.06,2.15,30583,0
MJUS.US,D,20240130,000000,2.17,2.21,2.11,2.2,44066,0
MJUS.US,D,20240131,000000,2.15,2.2,2.11,2.14,33814,0
MJUS.US,D,20240201,000000,2.11,2.34,2.11,2.34,49112,0
MJUS.US,D,20240202,000000,2.35,2.45,2.27,2.42,81787,0
MJUS.US,D,20240205,000000,2.41,2.41,2.2705,2.33,73757,0
MJUS.US,D,20240206,000000,2.36,2.44,2.305,2.4071,47790,0
MJUS.US,D,20240207,000000,2.36,2.42,2.3399,2.35,53109,0
MJUS.US,D,20240208,000000,2.38,2.38,2.21,2.3,66731,0
MJUS.US,D,20240209,000000,2.34,2.34,2.22,2.2251,32032,0
MJUS.US,D,20240212,000000,2.22,2.23,2.04,2.06,1059546,0
MJUS.US,D,20240213,000000,2.06,2.06,1.97,1.982,1552522,0
MJUS.US,D,20240214,000000,2.02,2.02,1.92,1.9845,2534740,0
MJUS.US,D,20240215,000000,1.97,2.105,1.97,2.0796,3043435,0
MJUS.US,D,20240216,000000,2.08,2.1,1.99,2.03,3393298,0
MJUS.US,D,20240220,000000,2.1,2.1,2,2.03,60921,0
MJUS.US,D,20240221,000000,2.03,2.03,1.98,2.02,16626,0
MJUS.US,D,20240222,000000,1.99,2.08,1.99,2.08,32550,0
MJUS.US,D,20240223,000000,2.08,2.15,2.05,2.15,241893,0
MJUS.US,D,20240226,000000,2.19,2.19,2.0402,2.0511,19982,0
MJUS.US,D,20240227,000000,2.065,2.079,2,2,78251,0
MJUS.US,D,20240228,000000,1.99,2.03,1.979,1.98,65158,0
MJUS.US,D,20240229,000000,2.02,2.05,1.93,1.93,22103,0
MJUS.US,D,20240301,000000,1.96,2.01,1.93,2.01,44180,0
MJUS.US,D,20240304,000000,2.01,2.01,1.93,1.94,35779,0
MJUS.US,D,20240305,000000,1.93,1.97,1.87,1.9171,20598,0
MJUS.US,D,20240306,000000,1.92,1.92,1.79,1.79,58428,0
MJUS.US,D,20240307,000000,1.8,1.81,1.73,1.7596,23580,0
MJUS.US,D,20240308,000000,1.78,1.83,1.78,1.83,22168,0
MJUS.US,D,20240311,000000,1.81,1.81,1.6974,1.6974,37869,0
MJUS.US,D,20240312,000000,1.7,1.7114,1.675,1.69,18070,0
MJUS.US,D,20240313,000000,1.67,1.7399,1.67,1.739,9473,0
MJUS.US,D,20240314,000000,1.7201,1.75,1.705,1.7308,12907,0
MJUS.US,D,20240315,000000,1.74,1.98,1.74,1.96,45420,0
MJUS.US,D,20240318,000000,2,2.1,2,2.1,70643,0
MJUS.US,D,20240319,000000,2.11,2.11,2.03,2.05,20737,0
MJUS.US,D,20240320,000000,2.05,2.05,2,2.0099,35037,0
MJUS.US,D,20240321,000000,2,2.159,1.97,2.13,41619,0
MJUS.US,D,20240322,000000,2.16,2.18,2.11,2.1599,41386,0
MJUS.US,D,20240325,000000,2.12,2.17,2.04,2.06,33160,0
MJUS.US,D,20240326,000000,2.01,2.07,2,2.07,48370,0
MJUS.US,D,20240327,000000,2.07,2.23,2.03,2.23,22454,0
MJUS.US,D,20240328,000000,2.23,2.23,2.14,2.19,56590,0
MJUS.US,D,20240401,000000,2.19,2.24,2.14,2.24,135660,0
MJUS.US,D,20240402,000000,2.21,2.2199,2.1899,2.2,13487,0
MJUS.US,D,20240403,000000,2.21,2.26,2.1592,2.26,30880,0
MJUS.US,D,20240404,000000,2.27,2.34,2.03,2.036,61573,0
MJUS.US,D,20240405,000000,2.109,2.1896,2.08,2.1896,46356,0
MJUS.US,D,20240408,000000,2.21,2.21,2.14,2.19,11435,0
MJUS.US,D,20240409,000000,2.16,2.1733,2.1117,2.1733,18522,0
MJUS.US,D,20240410,000000,2.12,2.1599,2.1,2.1,11795,0
MJUS.US,D,20240411,000000,2.09,2.14,2.03,2.12,19900,0
MJUS.US,D,20240412,000000,2.12,2.12,1.9093,1.9314,21545,0
MJUS.US,D,20240415,000000,1.95,1.97,1.9,1.94,9670,0
MJUS.US,D,20240416,000000,1.94,1.94,1.88,1.92,22900,0
MJUS.US,D,20240417,000000,1.97,2.0699,1.93,2.05,21036,0
MJUS.US,D,20240418,000000,2.0095,2.05,1.99,1.997,9865,0
MJUS.US,D,20240419,000000,2,2.0099,1.9243,1.9243,36217,0
MJUS.US,D,20240422,000000,1.95,1.95,1.8789,1.8864,19087,0
MJUS.US,D,20240423,000000,1.9,1.939,1.8901,1.93,12299,0
MJUS.US,D,20240424,000000,1.89,1.96,1.89,1.96,8817,0
MJUS.US,D,20240425,000000,1.91,1.92,1.86,1.86,41332,0
MJUS.US,D,20240426,000000,1.85,1.93,1.85,1.93,21708,0
MJUS.US,D,20240429,000000,1.94,1.97,1.85,1.97,24720,0
MJUS.US,D,20240430,000000,1.96,2.41,1.9,2.405,900831,0
MJUS.US,D,20240501,000000,2.4,2.4,2.065,2.09,223654,0
MJUS.US,D,20240502,000000,2.12,2.17,2.0901,2.1051,29170,0
MJUS.US,D,20240503,000000,2.16,2.16,2.0699,2.11,34572,0
MJUS.US,D,20240506,000000,2.13,2.14,2.05,2.05,32760,0
MJUS.US,D,20240507,000000,2.11,2.11,1.94,1.97,71440,0
MJUS.US,D,20240508,000000,1.95,1.99,1.921,1.96,32944,0
MJUS.US,D,20240509,000000,2.01,2.05,2,2.04,19508,0
MJUS.US,D,20240510,000000,2.02,2.0313,1.96,2.0313,22249,0
MJUS.US,D,20240513,000000,2.02,2.05,1.98,2.05,49574,0
MJUS.US,D,20240514,000000,2.04,2.13,2.03,2.11,21504,0
MJUS.US,D,20240515,000000,2.14,2.14,2.06,2.1,38562,0
MJUS.US,D,20240516,000000,2.11,2.25,2.1,2.14,178354,0
MJUS.US,D,20240517,000000,2.16,2.1653,2.07,2.15,12526521,0
MJUS.US,D,20240520,000000,2.11,2.11,1.93,1.93,2871817,0
MJUS.US,D,20240521,000000,1.98,2.0097,1.94,1.98,77049,0
MJUS.US,D,20240522,000000,1.99,2,1.945,1.95,62728,0
MJUS.US,D,20240523,000000,1.96,1.96,1.775,1.78,128657,0
MJUS.US,D,20240524,000000,1.79,1.85,1.78,1.8,41261,0
MJUS.US,D,20240528,000000,1.79,1.79,1.73,1.7474,80086,0
MJUS.US,D,20240529,000000,1.74,1.75,1.695,1.7,56081,0
MJUS.US,D,20240530,000000,1.7,1.76,1.7,1.75,68091,0
MJUS.US,D,20240531,000000,1.77,1.77,1.7303,1.77,14828,0
MJUS.US,D,20240603,000000,1.78,1.78,1.69,1.7,44759,0
MJUS.US,D,20240604,000000,1.72,1.74,1.68,1.7345,48596,0
MJUS.US,D,20240605,000000,1.75,1.75,1.6901,1.6998,36715,0
MJUS.US,D,20240606,000000,1.69,1.705,1.6638,1.6848,43365,0
MJUS.US,D,20240607,000000,1.67,1.7,1.65,1.7,27554,0
MJUS.US,D,20240610,000000,1.7,1.729,1.69,1.71,26918,0
MJUS.US,D,20240611,000000,1.7,1.7,1.66,1.6882,12066,0
MJUS.US,D,20240612,000000,1.7,1.72,1.68,1.6804,26992,0
MJUS.US,D,20240613,000000,1.66,1.669,1.5993,1.5993,65634,0
MJUS.US,D,20240614,000000,1.62,1.62,1.54,1.56,56148,0
MJUS.US,D,20240617,000000,1.57,1.61,1.5399,1.61,21391,0
MJUS.US,D,20240618,000000,1.6,1.6101,1.58,1.58,9179,0
MJUS.US,D,20240620,000000,1.58,1.6,1.58,1.6,9862,0
MJUS.US,D,20240621,000000,1.61,1.62,1.561,1.62,17803,0
MJUS.US,D,20240624,000000,1.62,1.7,1.62,1.6921,10459,0
MJUS.US,D,20240625,000000,1.7,1.7,1.6599,1.66,9160,0
MJUS.US,D,20240626,000000,1.64,1.7399,1.6335,1.7063,132495,0
MJUS.US,D,20240627,000000,1.7,1.75,1.68,1.73,902878,0
MJUS.US,D,20240628,000000,1.74,1.74,1.58,1.5931,42749,0
MJUS.US,D,20240701,000000,1.61,1.65,1.58,1.5825,28551,0
MJUS.US,D,20240702,000000,1.55,1.57,1.51,1.5495,36617,0
MJUS.US,D,20240703,000000,1.53,1.6201,1.53,1.59,29061,0
MJUS.US,D,20240705,000000,1.59,1.6,1.56,1.5758,17398,0
MJUS.US,D,20240708,000000,1.58,1.6,1.57,1.6,7394,0
MJUS.US,D,20240709,000000,1.6,1.6,1.53,1.5406,55820,0
MJUS.US,D,20240710,000000,1.545,1.57,1.53,1.53,10290,0
MJUS.US,D,20240711,000000,1.54,1.65,1.54,1.65,14840,0
MJUS.US,D,20240712,000000,1.64,1.67,1.625,1.6512,15256,0
MJUS.US,D,20240715,000000,1.62,1.68,1.605,1.6569,16782,0
MJUS.US,D,20240716,000000,1.65,1.72,1.65,1.71,38916,0
MJUS.US,D,20240717,000000,1.7,1.72,1.6899,1.71,20699,0
MJUS.US,D,20240718,000000,1.69,1.7399,1.68,1.69,44203,0
MJUS.US,D,20240719,000000,1.68,1.6899,1.63,1.6443,19455,0
MJUS.US,D,20240722,000000,1.66,1.71,1.65,1.71,12754,0
MJUS.US,D,20240723,000000,1.72,1.7699,1.7,1.7234,25247,0
MJUS.US,D,20240724,000000,1.72,1.72,1.651,1.6523,27341,0
MJUS.US,D,20240725,000000,1.63,1.67,1.62,1.62,13719,0
MJUS.US,D,20240726,000000,1.65,1.67,1.63,1.67,22850,0
MJUS.US,D,20240729,000000,1.67,1.68,1.6408,1.66,46842,0
MJUS.US,D,20240730,000000,1.68,1.69,1.64,1.6648,15089,0
MJUS.US,D,20240731,000000,1.66,1.69,1.65,1.67,19505,0
MJUS.US,D,20240801,000000,1.65,1.67,1.63,1.64,27560,0
MJUS.US,D,20240802,000000,1.61,1.61,1.54,1.55,33087,0
MJUS.US,D,20240805,000000,1.49,1.49,1.35,1.4,42105,0
MJUS.US,D,20240806,000000,1.48,1.56,1.47,1.54,22436,0
MJUS.US,D,20240807,000000,1.54,1.54,1.46,1.46,12020,0
MJUS.US,D,20240808,000000,1.48,1.61,1.47,1.59,39405,0
MJUS.US,D,20240809,000000,1.61,1.61,1.55,1.55,11507,0
MJUS.US,D,20240812,000000,1.58,1.58,1.5417,1.5603,3610,0
MJUS.US,D,20240813,000000,1.55,1.5802,1.55,1.5729,10226,0
MJUS.US,D,20240814,000000,1.56,1.65,1.56,1.61,9229,0
MJUS.US,D,20240815,000000,1.66,1.66,1.6297,1.63,13434,0
MJUS.US,D,20240816,000000,1.63,1.71,1.62,1.71,7063548,0
MJUS.US,D,20240819,000000,1.69,1.71,1.645,1.65,259846,0
MJUS.US,D,20240820,000000,1.65,1.65,1.565,1.5701,12166,0
MJUS.US,D,20240821,000000,1.58,1.599,1.57,1.595,36246,0
MJUS.US,D,20240822,000000,1.6,1.6,1.55,1.57,54087,0
MJUS.US,D,20240823,000000,1.57,1.6,1.57,1.59,17873,0
MJUS.US,D,20240826,000000,1.57,1.57,1.5592,1.5592,36965,0
MJUS.US,D,20240827,000000,1.41,1.45,1.36,1.36,289955,0
MJUS.US,D,20240828,000000,1.39,1.399,1.3601,1.3679,15713,0
MJUS.US,D,20240829,000000,1.355,1.389,1.34,1.38,31853,0
MJUS.US,D,20240830,000000,1.36,1.425,1.36,1.38,37394,0
MJUS.US,D,20240903,000000,1.42,1.46,1.4,1.41,63432,0
MJUS.US,D,20240904,000000,1.42,1.47,1.41,1.41,86613,0
MJUS.US,D,20240905,000000,1.42,1.46,1.42,1.45,15776,0
MJUS.US,D,20240906,000000,1.445,1.445,1.39,1.39,9350,0
MJUS.US,D,20240909,000000,1.44,1.56,1.44,1.56,82594,0
MJUS.US,D,20240910,000000,1.57,1.57,1.49,1.49,28588,0
MJUS.US,D,20240911,000000,1.5,1.5,1.47,1.47,4418,0
MJUS.US,D,20240912,000000,1.48,1.5,1.47,1.47,12129,0
MJUS.US,D,20240913,000000,1.47,1.5,1.47,1.48,5113,0
MJUS.US,D,20240916,000000,1.47,1.53,1.47,1.5,9109,0
MJUS.US,D,20240917,000000,1.53,1.53,1.49,1.49,14243,0
MJUS.US,D,20240918,000000,1.49,1.5225,1.48,1.4802,7900,0
MJUS.US,D,20240919,000000,1.4979,1.51,1.48,1.485,15645,0
MJUS.US,D,20240920,000000,1.49,1.49,1.44,1.44,19929,0
MJUS.US,D,20240923,000000,1.46,1.529,1.46,1.5247,18071,0
MJUS.US,D,20240924,000000,1.53,1.5751,1.53,1.5499,10921,0
MJUS.US,D,20240925,000000,1.54,1.55,1.51,1.51,8036,0
MJUS.US,D,20240926,000000,1.52,1.5399,1.5155,1.5155,8468,0
MJUS.US,D,20240927,000000,1.51,1.54,1.49,1.49,1504556,0
MJUS.US,D,20240930,000000,1.5033,1.55,1.5,1.53,27781,0
MJUS.US,D,20241001,000000,1.51,1.53,1.4901,1.4947,12666,0
MJUS.US,D,20241002,000000,1.5,1.5,1.4799,1.5,5859,0
MJUS.US,D,20241003,000000,1.47,1.501,1.47,1.501,8326,0
MJUS.US,D,20241004,000000,1.53,1.53,1.4987,1.4987,7684,0
MJUS.US,D,20241007,000000,1.51,1.51,1.48,1.48,14233,0
MJUS.US,D,20241008,000000,1.5,1.5,1.4626,1.48,7606,0
MJUS.US,D,20241009,000000,1.4699,1.489,1.46,1.4656,9087,0
MJUS.US,D,20241010,000000,1.45,1.4704,1.45,1.4565,14197,0
MJUS.US,D,20241011,000000,1.4669,1.4669,1.45,1.455,9567,0
MJUS.US,D,20241014,000000,1.48,1.5,1.46,1.5,14215,0
MJUS.US,D,20241015,000000,1.5,1.5,1.469,1.48,20310,0
MJUS.US,D,20241016,000000,1.48,1.49,1.475,1.49,9834,0
MJUS.US,D,20241017,000000,1.47,1.51,1.47,1.51,27089,0
MJUS.US,D,20241018,000000,1.52,1.52,1.49,1.51,22458,0
MJUS.US,D,20241021,000000,1.52,1.52,1.49,1.51,6985,0
MJUS.US,D,20241022,000000,1.52,1.625,1.49,1.62,29318,0
MJUS.US,D,20241023,000000,1.6,1.65,1.595,1.63,19963,0
MJUS.US,D,20241024,000000,1.65,1.65,1.55,1.58,9126,0
MJUS.US,D,20241025,000000,1.6,1.6,1.5799,1.59,77597,0
MJUS.US,D,20241028,000000,1.6,1.6,1.52,1.52,122319,0
MJUS.US,D,20241029,000000,1.53,1.53,1.455,1.46,117282,0
MJUS.US,D,20241030,000000,1.45,1.48,1.43,1.4322,29082,0
MJUS.US,D,20241031,000000,1.45,1.45,1.41,1.42,21705,0
MJUS.US,D,20241101,000000,1.44,1.46,1.425,1.46,13481,0
MJUS.US,D,20241104,000000,1.48,1.52,1.48,1.51,97443,0
MJUS.US,D,20241105,000000,1.5,1.5,1.45,1.46,40937,0
MJUS.US,D,20241106,000000,1.13,1.1611,1.05,1.07,231452,0
MJUS.US,D,20241107,000000,1.11,1.145,1.085,1.13,83066,0
MJUS.US,D,20241108,000000,1.12,1.14,1.07,1.07,48657,0
MJUS.US,D,20241111,000000,1.07,1.08,0.9,0.9068,306292,0
MJUS.US,D,20241112,000000,0.91,1.05,0.903,1.05,1123450,0
MJUS.US,D,20241113,000000,1.04,1.12,0.9806,1.11,1061004,0
MJUS.US,D,20241114,000000,1.1101,1.12,1.07,1.08,1062251,0
MJUS.US,D,20241115,000000,1.0597,1.1,1.0499,1.1,1989910,0
MJUS.US,D,20241118,000000,1.09,1.1015,1.06,1.07,29796,0
MJUS.US,D,20241119,000000,1.05,1.07,1.02,1.03,88484,0
MJUS.US,D,20241120,000000,1.03,1.045,1.01,1.0218,17352,0
MJUS.US,D,20241121,000000,1.0202,1.03,0.9732,0.989,56863,0
MJUS.US,D,20241122,000000,0.978,0.9948,0.958999,0.96,82085,0
MJUS.US,D,20241125,000000,0.972,0.9879,0.965,0.9832,36300,0
MJUS.US,D,20241126,000000,0.98095,1.0195,0.9685,0.999,50359,0
MJUS.US,D,20241127,000000,1,1.01,0.987,1.01,18348,0
MJUS.US,D,20241129,000000,1,1.02,0.9701,0.9706,18908,0
MJUS.US,D,20241202,000000,0.97999,0.9914,0.9652,0.9769,32933,0
MJUS.US,D,20241203,000000,0.9771,0.99,0.9432,0.95,39259,0
MJUS.US,D,20241204,000000,0.958035,0.958035,0.901,0.9135,53351,0
MJUS.US,D,20241205,000000,0.9178,0.95,0.9133,0.921,9880,0
MJUS.US,D,20241206,000000,0.916,0.936,0.91,0.9218,51940,0
MJUS.US,D,20241209,000000,0.9218,0.949,0.9206,0.9233,34782,0
MJUS.US,D,20241210,000000,0.93,0.9485,0.901,0.9143,29897,0
MJUS.US,D,20241211,000000,0.905,0.905,0.86,0.8641,63295,0
MJUS.US,D,20241212,000000,0.87,0.8761,0.814,0.8259,52764,0
MJUS.US,D,20241213,000000,0.815,0.8428,0.81,0.8343,87253,0
MJUS.US,D,20241216,000000,0.8221,0.8333,0.79635,0.8034,36063,0
MJUS.US,D,20241217,000000,0.8034,0.8343,0.7809,0.8341,33727,0
MJUS.US,D,20241218,000000,0.86,0.8676,0.827,0.842,43305,0
MJUS.US,D,20241219,000000,0.838999,0.8454,0.808,0.8139,164714,0
MJUS.US,D,20241220,000000,0.8,0.8593,0.8,0.8286,114811,0
MJUS.US,D,20241223,000000,0.83,0.8399,0.8031,0.8128,119546,0
MJUS.US,D,20241224,000000,0.815,0.824,0.808,0.824,47926,0
MJUS.US,D,20241226,000000,0.8219,0.825,0.8096,0.8129,67238,0
MJUS.US,D,20241227,000000,0.8,0.823,0.79001,0.7945,15902,0
MJUS.US,D,20241230,000000,0.8,0.8016,0.7675,0.768,1522907,0
MJUS.US,D,20241231,000000,0.7855,0.85,0.778,0.834,183725,0
MJUS.US,D,20250102,000000,0.8401,0.898799,0.84,0.891,331857,0
MJUS.US,D,20250103,000000,0.8801,0.8801,0.862,0.8753,44989,0
MJUS.US,D,20250106,000000,0.883501,0.888,0.8681,0.8735,40593,0
MJUS.US,D,20250107,000000,0.8661,0.88,0.847,0.854,25984,0
MJUS.US,D,20250108,000000,0.85,0.8501,0.8002,0.8085,99972,0
MJUS.US,D,20250110,000000,0.796,0.7975,0.782001,0.7894,93218,0
MJUS.US,D,20250113,000000,0.78,0.7944,0.7621,0.7944,98790,0
MJUS.US,D,20250114,000000,0.7797,0.8002,0.763,0.7695,79669,0
MJUS.US,D,20250115,000000,0.771,0.777501,0.76,0.7652,23709,0
MJUS.US,D,20250116,000000,0.7621,0.78,0.76,0.77,49220,0
MJUS.US,D,20250117,000000,0.786,0.7914,0.762,0.7914,39334,0
MJUS.US,D,20250121,000000,0.789,0.8,0.781,0.7846,115331,0
MJUS.US,D,20250122,000000,0.774,0.787501,0.76,0.764,138138,0
MJUS.US,D,20250123,000000,0.767,0.7689,0.751,0.7552,30675,0
MJUS.US,D,20250124,000000,0.75,0.791,0.7477,0.78,312628,0
MJUS.US,D,20250127,000000,0.774,0.78,0.7521,0.7595,76685523,0
