<TICKER>,<PER>,<DATE>,<TIME>,<OPEN>,<HIGH>,<LOW>,<CLOSE>,<VOL>,<OPENINT>
MOHR.US,D,20211104,000000,25.34,25.52,25.34,25.4442,45544,0
MOHR.US,D,20211105,000000,25.59,27.53,25.2729,25.2729,6798,0
MOHR.US,D,20211108,000000,25.4799,25.4799,25.4599,25.4599,502,0
MOHR.US,D,20211109,000000,25.58,28.01,25.26,25.3361,5506,0
MOHR.US,D,20211110,000000,24.81,24.8901,24.81,24.8901,19761,0
MOHR.US,D,20211111,000000,25.13,25.2799,25.13,25.2481,962,0
MOHR.US,D,20211112,000000,25.54,25.6087,25.54,25.6087,625,0
MOHR.US,D,20211115,000000,25.5464,25.5464,25.5464,25.5464,1,0
MOHR.US,D,20211116,000000,25.6697,25.8603,25.6697,25.8603,771,0
MOHR.US,D,20211117,000000,25.66,25.66,25.6,25.626,1433,0
MOHR.US,D,20211118,000000,25.7734,25.7734,25.7734,25.7734,1,0
MOHR.US,D,20211119,000000,25.7098,25.7098,25.7098,25.7098,1,0
MOHR.US,D,20211122,000000,25.609,25.609,25.4418,25.4418,2636,0
MOHR.US,D,20211123,000000,25.34,25.39,25.3,25.3866,9846,0
MOHR.US,D,20211124,000000,25.56,25.59,25.56,25.57,7284,0
MOHR.US,D,20211126,000000,24.78,24.861,24.78,24.8273,1272,0
MOHR.US,D,20211129,000000,25.19,25.24,25.16,25.2141,12911,0
MOHR.US,D,20211130,000000,25.11,25.11,24.6601,24.6601,5508,0
MOHR.US,D,20211201,000000,24.2792,24.2792,24.2792,24.2792,53,0
MOHR.US,D,20211202,000000,24.4167,24.4167,24.4167,24.4167,400,0
MOHR.US,D,20211203,000000,23.9511,23.9511,23.9511,23.9511,866,0
MOHR.US,D,20211206,000000,24.0583,24.0583,24.0583,24.0583,55,0
MOHR.US,D,20211207,000000,24.6745,24.6745,24.6745,24.6745,50,0
MOHR.US,D,20211208,000000,24.48,24.5815,24.4676,24.5815,13160,0
MOHR.US,D,20211209,000000,24.5799,24.5799,24.3465,24.3465,11765,0
MOHR.US,D,20211210,000000,24.5927,24.5927,24.5927,24.5927,1,0
MOHR.US,D,20211213,000000,24.3643,24.3643,24.3643,24.3643,15,0
MOHR.US,D,20211214,000000,24.15,24.15,23.9894,24.103,1850,0
MOHR.US,D,20211215,000000,24.08,24.6701,24.08,24.6701,213,0
MOHR.US,D,20211216,000000,24.2548,24.2548,24.2548,24.2548,28,0
MOHR.US,D,20211217,000000,24.14,24.14,24.11,24.11,2781,0
MOHR.US,D,20211220,000000,23.68,23.77,23.68,23.77,1532,0
MOHR.US,D,20211221,000000,23.9395,24.4,23.9395,24.4,600,0
MOHR.US,D,20211222,000000,24.3484,24.56,24.3484,24.56,3820,0
MOHR.US,D,20211223,000000,24.78,24.78,24.78,24.78,103,0
MOHR.US,D,20211227,000000,24.93,25.22,24.93,25.22,2132,0
MOHR.US,D,20211228,000000,25.075,25.17,25.02,25.0524,6605,0
MOHR.US,D,20211229,000000,27.32,27.32,25.02,26.08,10333,0
MOHR.US,D,20211230,000000,25.31,25.3199,25.1373,25.1373,6957,0
MOHR.US,D,20211231,000000,25.0495,25.0495,25.0495,25.0495,40,0
MOHR.US,D,20220103,000000,24.93,25.01,24.89,24.9898,740699,0
MOHR.US,D,20220104,000000,25.136,25.15,25.11,25.14,10174,0
MOHR.US,D,20220105,000000,25.02,25.07,24.7053,24.7053,3570,0
MOHR.US,D,20220106,000000,24.815,24.83,24.6769,24.6769,11381,0
MOHR.US,D,20220107,000000,24.5,24.69,24.5,24.6012,67261,0
MOHR.US,D,20220110,000000,24.34,24.5581,24.3399,24.5581,1077,0
MOHR.US,D,20220111,000000,24.73,24.8194,24.73,24.8194,3511,0
MOHR.US,D,20220112,000000,25.02,25.02,24.889,24.889,212,0
MOHR.US,D,20220113,000000,25.01,25.01,24.6042,24.6042,1351,0
MOHR.US,D,20220114,000000,24.46,24.6519,24.44,24.6519,60724,0
MOHR.US,D,20220118,000000,24.34,24.39,24.2335,24.2335,1270,0
MOHR.US,D,20220119,000000,24.12,24.13,23.8629,23.8629,4688,0
MOHR.US,D,20220120,000000,24.08,24.08,23.4005,23.4005,5254,0
MOHR.US,D,20220121,000000,23.09,23.09,23.0877,23.0877,6364,0
MOHR.US,D,20220124,000000,22.8582,23.1861,22.45,23.1861,5080,0
MOHR.US,D,20220125,000000,22.91,23.04,22.91,22.9501,772,0
MOHR.US,D,20220126,000000,23.1593,23.1593,22.6325,22.8275,11220,0
MOHR.US,D,20220127,000000,22.7601,22.7854,22.75,22.7854,8469,0
MOHR.US,D,20220128,000000,22.9819,22.9819,22.9819,22.9819,11,0
MOHR.US,D,20220131,000000,22.98,23.1127,22.98,23.1127,18567,0
MOHR.US,D,20220201,000000,23.07,23.16,23.07,23.16,935,0
MOHR.US,D,20220202,000000,23.15,23.32,23.15,23.31,7042,0
MOHR.US,D,20220203,000000,23.16,23.2,23.039,23.039,6873,0
MOHR.US,D,20220204,000000,22.93,23.13,22.93,23.098,2681,0
MOHR.US,D,20220207,000000,23.04,23.085,22.9694,22.9694,764,0
MOHR.US,D,20220208,000000,23.1714,23.1714,23.1714,23.1714,4,0
MOHR.US,D,20220209,000000,23.4666,23.4666,23.4666,23.4666,19,0
MOHR.US,D,20220210,000000,23.2699,23.27,23.1986,23.1986,1790,0
MOHR.US,D,20220211,000000,23.31,23.32,22.9317,22.9317,8179,0
MOHR.US,D,20220214,000000,22.82,22.8808,22.82,22.8808,150,0
MOHR.US,D,20220215,000000,23.14,23.2436,23.03,23.2436,16666,0
MOHR.US,D,20220216,000000,23.2784,23.2784,23.2784,23.2784,11,0
MOHR.US,D,20220217,000000,23.0393,23.0393,22.831,22.8351,6318,0
MOHR.US,D,20220218,000000,22.66,22.66,22.59,22.637,1893,0
MOHR.US,D,20220222,000000,22.5201,22.53,22.3,22.4095,5387,0
MOHR.US,D,20220223,000000,22.33,22.3301,22.03,22.0697,3510,0
MOHR.US,D,20220224,000000,21.86,22.2343,21.72,22.2343,539,0
MOHR.US,D,20220225,000000,22.92,22.92,22.8582,22.8582,1431,0
MOHR.US,D,20220228,000000,22.8818,22.8818,22.8818,22.8818,74,0
MOHR.US,D,20220301,000000,22.51,22.5116,22.474,22.5116,898,0
MOHR.US,D,20220302,000000,22.6599,23.05,22.6599,22.9302,34264,0
MOHR.US,D,20220303,000000,22.96,22.96,22.7738,22.7738,8596,0
MOHR.US,D,20220304,000000,22.5301,22.67,22.526,22.67,7836,0
MOHR.US,D,20220307,000000,22.4561,22.4561,22.079,22.079,1199,0
MOHR.US,D,20220308,000000,22.0499,22.12,21.9007,21.9007,8779,0
MOHR.US,D,20220309,000000,22.05,22.12,22.04,22.1096,1007,0
MOHR.US,D,20220310,000000,22.3252,22.3252,22.3252,22.3252,47,0
MOHR.US,D,20220311,000000,22.23,22.25,22.15,22.15,3377,0
MOHR.US,D,20220314,000000,21.93,21.93,21.9113,21.9113,226,0
MOHR.US,D,20220315,000000,21.9,22.0111,21.8701,22.0111,856,0
MOHR.US,D,20220316,000000,22.05,22.0975,22.05,22.0975,625,0
MOHR.US,D,20220317,000000,22.36,22.4266,22.355,22.4266,4892,0
MOHR.US,D,20220318,000000,22.6164,22.6164,22.6164,22.6164,3,0
MOHR.US,D,20220321,000000,22.87,22.88,22.72,22.858,18820,0
MOHR.US,D,20220322,000000,23.04,23.0489,23.0208,23.0489,4610,0
MOHR.US,D,20220323,000000,23.15,23.15,23.062,23.062,1419,0
MOHR.US,D,20220324,000000,23.3,23.3196,23.3,23.3196,320,0
MOHR.US,D,20220325,000000,23.41,23.6,23.332,23.5476,27311,0
MOHR.US,D,20220328,000000,23.3293,23.44,23.3,23.4025,38925,0
MOHR.US,D,20220329,000000,23.11,23.52,23.11,23.52,18429,0
MOHR.US,D,20220330,000000,23.46,23.48,23.33,23.44,22747,0
MOHR.US,D,20220331,000000,23.48,23.48,23.18,23.18,14364,0
MOHR.US,D,20220401,000000,23.28,23.28,23.17,23.2327,255465,0
MOHR.US,D,20220404,000000,23.71,23.71,23.43,23.57,10175,0
MOHR.US,D,20220405,000000,23.6099,23.6099,23.302,23.302,23045,0
MOHR.US,D,20220406,000000,23.12,23.28,23.12,23.2008,22574,0
MOHR.US,D,20220407,000000,23.1401,23.3,23,23.2528,16881,0
MOHR.US,D,20220408,000000,23.2601,23.3,23.26,23.28,1131,0
MOHR.US,D,20220411,000000,23.14,23.58,23.14,23.24,10440,0
MOHR.US,D,20220412,000000,23.47,23.76,23.28,23.54,62581,0
MOHR.US,D,20220413,000000,23.4,24.0199,23.4,24.0199,38423,0
MOHR.US,D,20220414,000000,23.46,23.48,23.35,23.35,4052,0
MOHR.US,D,20220418,000000,23.53,23.54,23.3601,23.3834,23735,0
MOHR.US,D,20220419,000000,23.5999,23.6001,23.52,23.5727,20185,0
MOHR.US,D,20220420,000000,23.61,23.63,23.5197,23.5197,27467,0
MOHR.US,D,20220421,000000,23.59,23.59,22.9972,23.03,71046,0
MOHR.US,D,20220422,000000,22.82,22.82,22.517,22.517,27237,0
MOHR.US,D,20220425,000000,22.32,22.4174,22.12,22.4174,33187,0
MOHR.US,D,20220426,000000,22.1701,22.19,21.92,21.92,22463,0
MOHR.US,D,20220427,000000,22.1776,22.1776,22.0405,22.0405,702,0
MOHR.US,D,20220428,000000,21.9401,22.3264,21.92,22.2201,193089,0
MOHR.US,D,20220429,000000,22.18,22.18,21.7253,21.7253,16733,0
MOHR.US,D,20220502,000000,21.79,21.87,21.49,21.7965,1721,0
MOHR.US,D,20220503,000000,22.07,22.07,21.98,22.0022,15764,0
MOHR.US,D,20220504,000000,21.99,22.5302,21.99,22.5302,6213,0
MOHR.US,D,20220505,000000,22.32,22.32,21.97,22.15,39607,0
MOHR.US,D,20220506,000000,22.02,22.0205,21.85,21.97,12589,0
MOHR.US,D,20220509,000000,21.76,21.76,21.01,21.06,76799,0
MOHR.US,D,20220510,000000,21.26,21.27,20.92,21.16,359910,0
MOHR.US,D,20220511,000000,21.16,21.44,20.98,21,80579,0
MOHR.US,D,20220512,000000,20.85,21.01,20.7004,20.89,59386,0
MOHR.US,D,20220513,000000,21.02,21.22,21.02,21.11,75113,0
MOHR.US,D,20220516,000000,20.95,21.195,20.95,21.09,55423,0
MOHR.US,D,20220517,000000,21.2895,21.36,21.28,21.36,21014,0
MOHR.US,D,20220518,000000,21.24,21.24,21.01,21.0457,508079,0
MOHR.US,D,20220519,000000,21.0101,21.24,21.0101,21.116,67624,0
MOHR.US,D,20220520,000000,21.0947,21.0947,20.7287,21.01,123917,0
MOHR.US,D,20220523,000000,21.1924,21.23,21.13,21.22,10137,0
MOHR.US,D,20220524,000000,21.09,21.21,21.09,21.19,62455,0
MOHR.US,D,20220525,000000,21.14,21.15,21.0701,21.1311,118260,0
MOHR.US,D,20220526,000000,21.23,21.35,21.23,21.3198,181853,0
MOHR.US,D,20220527,000000,21.53,21.56,21.45,21.56,61282,0
MOHR.US,D,20220531,000000,21.415,21.49,21.38,21.3841,355251,0
MOHR.US,D,20220601,000000,21.2101,21.29,21.17,21.2599,320756,0
MOHR.US,D,20220602,000000,21.3302,21.4428,21.3302,21.4428,90161,0
MOHR.US,D,20220603,000000,21.394,21.48,21.394,21.48,5323,0
MOHR.US,D,20220606,000000,21.5501,21.85,21.54,21.56,17208,0
MOHR.US,D,20220607,000000,21.5176,21.64,21.5176,21.63,21133,0
MOHR.US,D,20220608,000000,21.61,21.61,21.56,21.5643,20388,0
MOHR.US,D,20220609,000000,21.5,21.52,21.421,21.421,1218314,0
MOHR.US,D,20220610,000000,21.2899,21.32,21.2675,21.2675,25663,0
MOHR.US,D,20220613,000000,20.9599,21.5,20.9501,20.9507,75877,0
MOHR.US,D,20220614,000000,20.99,20.99,20.86,20.89,24347,0
MOHR.US,D,20220615,000000,20.9101,20.99,20.83,20.88,93387,0
MOHR.US,D,20220616,000000,20.65,20.65,20.5901,20.61,26278,0
MOHR.US,D,20220617,000000,20.55,20.62,20.55,20.61,38775,0
MOHR.US,D,20220621,000000,20.62,20.62,20.5801,20.6,65144,0
MOHR.US,D,20220622,000000,20.42,20.63,20.42,20.63,81072,0
MOHR.US,D,20220623,000000,20.615,20.63,20.611,20.63,28359,0
MOHR.US,D,20220624,000000,20.6159,20.6299,20.6101,20.6101,5068,0
MOHR.US,D,20220627,000000,20.6101,20.62,20.6101,20.62,6525,0
MOHR.US,D,20220628,000000,20.61,20.62,20.58,20.59,35757,0
MOHR.US,D,20220629,000000,20.6,20.61,20.53,20.61,29579,0
MOHR.US,D,20220630,000000,20.5501,20.61,20.5501,20.58,13838,0
MOHR.US,D,20220701,000000,20.5611,20.58,20.56,20.57,16698,0
MOHR.US,D,20220705,000000,20.57,20.57,20.56,20.565,14902,0
MOHR.US,D,20220706,000000,20.57,20.57,20.56,20.57,71497,0
MOHR.US,D,20220707,000000,20.77,20.77,20.56,20.57,14225,0
MOHR.US,D,20220708,000000,20.56,20.59,20.56,20.59,34172,0
MOHR.US,D,20220711,000000,20.5699,20.57,20.55,20.57,25462,0
MOHR.US,D,20220712,000000,20.56,20.57,19.15,20.55,66417,0
MOHR.US,D,20220713,000000,20.55,20.57,20.55,20.55,26886,0
MOHR.US,D,20220714,000000,20.55,20.57,20.55,20.56,17858,0
MOHR.US,D,20220715,000000,20.56,20.61,20.55,20.57,45022,0
MOHR.US,D,20220718,000000,20.5503,20.5699,20.55,20.55,24021,0
MOHR.US,D,20220719,000000,20.55,20.57,20.55,20.57,35319,0
MOHR.US,D,20220720,000000,20.37,20.57,20.37,20.5699,15516,0
MOHR.US,D,20220721,000000,20.56,20.57,20.55,20.56,22192,0
MOHR.US,D,20220722,000000,20.57,20.57,20.55,20.57,34696,0
MOHR.US,D,20220725,000000,20.55,20.56,20.55,20.56,18533,0
MOHR.US,D,20220726,000000,20.39,20.56,20.39,20.56,12689,0
MOHR.US,D,20220727,000000,20.56,20.5699,20.55,20.555,12991,0
MOHR.US,D,20220728,000000,20.5599,20.56,20.55,20.56,6346,0
MOHR.US,D,20220729,000000,20.5401,20.56,20.54,20.56,11189,0
MOHR.US,D,20220801,000000,20.55,20.56,20.55,20.5548,37574,0
MOHR.US,D,20220802,000000,20.56,20.56,20.54,20.56,68028,0
MOHR.US,D,20220803,000000,20.54,20.56,20.54,20.55,40418,0
MOHR.US,D,20220804,000000,20.55,20.56,20.54,20.55,24426,0
MOHR.US,D,20220805,000000,20.55,20.56,20.54,20.56,36082,0
MOHR.US,D,20220808,000000,20.56,20.56,20.53,20.55,31714,0
MOHR.US,D,20220809,000000,20.525,20.53,20.512,20.5247,8546,0
MOHR.US,D,20220810,000000,20.6,20.64,20.6,20.6352,52150,0
MOHR.US,D,20220811,000000,20.6401,20.6572,20.59,20.591,20073,0
MOHR.US,D,20220812,000000,20.67,20.8369,20.6501,20.8369,51785,0
MOHR.US,D,20220815,000000,20.732,20.85,20.72,20.81,34291,0
MOHR.US,D,20220816,000000,20.63,20.86,20.63,20.7866,40887,0
MOHR.US,D,20220817,000000,20.59,20.7299,20.59,20.6665,22981,0
MOHR.US,D,20220818,000000,20.6739,20.7099,20.63,20.6885,34467,0
MOHR.US,D,20220819,000000,20.51,20.52,20.46,20.49,78393,0
MOHR.US,D,20220822,000000,20,20.3024,20,20.22,17906,0
MOHR.US,D,20220823,000000,20.25,20.27,20.21,20.21,75320,0
MOHR.US,D,20220824,000000,20.39,20.39,20.23,20.25,21517,0
MOHR.US,D,20220825,000000,20.44,20.44,20.33,20.4299,13145,0
MOHR.US,D,20220826,000000,20.32,20.37,20.1,20.1,28300,0
MOHR.US,D,20220829,000000,20,20.05,19.97,19.97,256276,0
MOHR.US,D,20220830,000000,19.8895,19.8895,19.8101,19.8502,23527,0
MOHR.US,D,20220831,000000,19.89,19.89,19.82,19.84,46779,0
MOHR.US,D,20220901,000000,19.7201,19.7996,19.7201,19.7996,6882,0
MOHR.US,D,20220902,000000,19.83,19.9099,19.79,19.7977,12468,0
MOHR.US,D,20220906,000000,19.81,19.83,19.78,19.78,34279,0
MOHR.US,D,20220907,000000,19.8258,19.9,19.8258,19.88,23032,0
MOHR.US,D,20220908,000000,19.89,19.93,19.88,19.9239,16872,0
MOHR.US,D,20220909,000000,19.92,19.95,19.91,19.95,32827,0
MOHR.US,D,20220912,000000,19.98,19.98,19.9401,19.98,18044,0
MOHR.US,D,20220913,000000,19.88,19.88,19.81,19.82,158677,0
MOHR.US,D,20220914,000000,19.81,19.84,19.79,19.8256,88477,0
MOHR.US,D,20220915,000000,19.8391,19.85,19.7754,19.7754,85432,0
MOHR.US,D,20220916,000000,19.72,19.75,19.71,19.75,2219,0
MOHR.US,D,20220919,000000,19.76,19.8,19.75,19.79,40743,0
MOHR.US,D,20220920,000000,19.7329,19.75,19.7,19.722,22894,0
MOHR.US,D,20220921,000000,19.7665,19.7665,19.65,19.6708,19246,0
MOHR.US,D,20220922,000000,19.6299,19.63,19.58,19.61,22337,0
MOHR.US,D,20220923,000000,19.54,19.5602,19.5328,19.5602,9572,0
MOHR.US,D,20220926,000000,19.5601,19.57,19.52,19.54,13176,0
MOHR.US,D,20220927,000000,19.609,19.61,19.56,19.56,9091,0
MOHR.US,D,20220928,000000,19.572,19.6211,19.5601,19.6211,20399,0
MOHR.US,D,20220929,000000,19.54,19.59,19.54,19.5789,14372,0
MOHR.US,D,20220930,000000,19.571,19.62,19.56,19.5765,16182,0
MOHR.US,D,20221003,000000,19.595,19.65,19.595,19.63,25527,0
MOHR.US,D,20221004,000000,19.65,19.65,19.6201,19.64,13753,0
MOHR.US,D,20221005,000000,19.57,19.61,19.56,19.59,10273,0
MOHR.US,D,20221006,000000,19.56,19.6,19.56,19.6,13987,0
MOHR.US,D,20221007,000000,19.59,19.59,19.55,19.5686,13239,0
MOHR.US,D,20221010,000000,19.56,19.59,19.55,19.5748,33827,0
MOHR.US,D,20221011,000000,19.55,19.59,19.5401,19.56,18013,0
MOHR.US,D,20221012,000000,19.5301,19.57,19.53,19.57,25499,0
MOHR.US,D,20221013,000000,19.52,19.57,19.5001,19.55,39907,0
MOHR.US,D,20221014,000000,19.53,19.53,19.51,19.52,9003,0
MOHR.US,D,20221017,000000,19.52,19.5599,19.52,19.54,12391,0
MOHR.US,D,20221018,000000,19.52,19.55,19.52,19.54,6333,0
MOHR.US,D,20221019,000000,19.53,19.5405,19.52,19.535,46645,0
MOHR.US,D,20221020,000000,19.55,19.55,19.53,19.534,7916,0
MOHR.US,D,20221021,000000,19.54,19.56,19.53,19.56,24826,0
MOHR.US,D,20221024,000000,19.55,19.55,19.53,19.5461,12424,0
MOHR.US,D,20221025,000000,19.53,19.55,19.52,19.52,38997,0
MOHR.US,D,20221026,000000,19.5476,19.5476,19.52,19.53,47152,0
MOHR.US,D,20221027,000000,19.64,19.64,19.52,19.54,59044,0
MOHR.US,D,20221028,000000,19.53,19.55,19.52,19.54,30436,0
MOHR.US,D,20221031,000000,19.54,19.55,19.52,19.5201,17318,0
MOHR.US,D,20221101,000000,19.54,19.55,19.521,19.5352,118191,0
MOHR.US,D,20221102,000000,19.5585,19.56,19.5001,19.515,30571,0
MOHR.US,D,20221103,000000,19.54,19.55,19.52,19.52,48906,0
MOHR.US,D,20221104,000000,19.531,19.5599,19.531,19.545,6550,0
MOHR.US,D,20221107,000000,19.54,19.5699,19.53,19.53,29943,0
MOHR.US,D,20221108,000000,19.45,19.57,19.45,19.545,27880,0
MOHR.US,D,20221109,000000,19.5699,19.57,19.5301,19.55,22912,0
MOHR.US,D,20221110,000000,19.54,19.55,19.53,19.55,62470,0
MOHR.US,D,20221111,000000,19.54,19.55,19.5301,19.55,46172,0
MOHR.US,D,20221114,000000,19.53,19.5585,19.53,19.53,18972,0
MOHR.US,D,20221115,000000,19.55,19.5699,19.53,19.53,26145,0
MOHR.US,D,20221116,000000,19.53,19.5699,19.53,19.53,73137,0
MOHR.US,D,20221117,000000,19.5699,19.5699,19.53,19.55,19656,0
MOHR.US,D,20221118,000000,19.5301,19.5499,19.51,19.53,11014,0
MOHR.US,D,20221121,000000,19.55,19.56,19.53,19.55,12651,0
MOHR.US,D,20221122,000000,19.55,19.57,19.53,19.53,18598,0
MOHR.US,D,20221123,000000,19.5609,19.58,19.53,19.555,57645,0
MOHR.US,D,20221125,000000,19.56,19.56,19.5555,19.56,5022,0
MOHR.US,D,20221128,000000,19.38,19.55,19.38,19.51,24252,0
MOHR.US,D,20221129,000000,19.36,19.5799,19.36,19.56,10573,0
MOHR.US,D,20221130,000000,19.54,19.58,19.53,19.54,71830,0
MOHR.US,D,20221201,000000,19.5799,19.58,19.54,19.58,41528,0
MOHR.US,D,20221202,000000,19.5401,19.58,19.5301,19.555,12922,0
MOHR.US,D,20221205,000000,19.5401,19.58,19.5401,19.56,12388,0
MOHR.US,D,20221206,000000,19.54,19.59,19.53,19.5601,600403,0
MOHR.US,D,20221207,000000,19.5401,19.58,19.5401,19.56,23628,0
MOHR.US,D,20221208,000000,19.56,19.59,19.5401,19.57,19715,0
MOHR.US,D,20221209,000000,19.5624,19.5899,19.5501,19.57,13576,0
MOHR.US,D,20221212,000000,19.57,19.59,19.55,19.57,40193,0
MOHR.US,D,20221213,000000,19.57,19.57,19.5401,19.545,19226,0
MOHR.US,D,20221214,000000,19.5899,19.5899,19.53,19.57,41955,0
MOHR.US,D,20221215,000000,19.57,19.5899,19.55,19.57,16014,0
MOHR.US,D,20221216,000000,19.57,19.59,19.55,19.57,48203,0
MOHR.US,D,20221219,000000,19.5501,19.59,19.5501,19.57,37426,0
MOHR.US,D,20221220,000000,19.5501,19.57,19.55,19.57,65390,0
MOHR.US,D,20221221,000000,19.57,19.59,19.55,19.57,8878,0
MOHR.US,D,20221222,000000,19.56,19.59,19.55,19.59,35267,0
MOHR.US,D,20221223,000000,19.53,19.59,19.53,19.59,9847,0
MOHR.US,D,20221227,000000,19.5899,19.5899,19.5501,19.57,2615,0
MOHR.US,D,20221228,000000,19.5501,19.6,19.5501,19.575,70821,0
MOHR.US,D,20221229,000000,19.595,19.7799,19.56,19.58,236104,0
MOHR.US,D,20221230,000000,19.59,19.6,19.56,19.6,92495,0
MOHR.US,D,20230103,000000,19.5601,19.6,19.56,19.58,132478,0
MOHR.US,D,20230104,000000,19.5601,19.6,19.5501,19.6,23407,0
MOHR.US,D,20230105,000000,19.5683,19.58,19.5512,19.5651,36025,0
MOHR.US,D,20230106,000000,19.58,19.5999,19.56,19.58,31003,0
MOHR.US,D,20230109,000000,19.56,19.6,19.56,19.58,8854,0
MOHR.US,D,20230110,000000,19.5601,19.5999,19.56,19.58,7943,0
MOHR.US,D,20230111,000000,19.5601,19.58,19.55,19.55,29621,0
MOHR.US,D,20230112,000000,19.5999,19.5999,19.57,19.585,37382,0
MOHR.US,D,20230113,000000,19.585,19.6,19.57,19.585,586535,0
MOHR.US,D,20230117,000000,19.5815,19.6,19.57,19.6,59229,0
MOHR.US,D,20230118,000000,19.57,19.5999,19.57,19.585,45769,0
MOHR.US,D,20230119,000000,19.6,19.6,19.57,19.585,19458,0
MOHR.US,D,20230120,000000,19.43,19.59,19.43,19.57,26065,0
MOHR.US,D,20230123,000000,19.5999,19.6,19.57,19.6,14266,0
MOHR.US,D,20230124,000000,19.582,19.6,19.57,19.585,25762,0
MOHR.US,D,20230125,000000,19.58,19.5999,19.57,19.585,27132,0
MOHR.US,D,20230126,000000,19.44,19.6099,19.44,19.58,27394,0
MOHR.US,D,20230127,000000,19.59,19.6,19.57,19.58,28851,0
MOHR.US,D,20230130,000000,19.585,19.59,19.58,19.58,10596,0
MOHR.US,D,20230131,000000,19.585,19.59,19.58,19.58,27480,0
MOHR.US,D,20230201,000000,19.59,19.61,19.58,19.61,60538,0
MOHR.US,D,20230202,000000,19.61,19.61,19.57,19.58,40589,0
MOHR.US,D,20230203,000000,19.48,19.6,19.48,19.58,29577,0
MOHR.US,D,20230206,000000,19.521,19.565,19.5201,19.54,70530,0
MOHR.US,D,20230207,000000,19.4506,19.53,19.43,19.5137,27140,0
MOHR.US,D,20230208,000000,19.4531,19.47,19.42,19.46,221594,0
MOHR.US,D,20230209,000000,19.46,19.46,19.3851,19.3851,138503,0
MOHR.US,D,20230210,000000,19.35,19.35,19.31,19.3423,28463,0
MOHR.US,D,20230213,000000,19.38,19.4399,19.38,19.425,8695,0
MOHR.US,D,20230214,000000,19.41,19.46,19.38,19.46,184290,0
MOHR.US,D,20230215,000000,19.29,19.56,19.29,19.56,45172,0
MOHR.US,D,20230216,000000,19.5795,19.61,19.52,19.5269,28289,0
MOHR.US,D,20230217,000000,19.4969,19.5249,19.485,19.5249,11729,0
MOHR.US,D,20230221,000000,19.4399,19.44,19.36,19.3848,16138,0
MOHR.US,D,20230222,000000,19.19,19.43,19.19,19.39,36989,0
MOHR.US,D,20230223,000000,19.61,19.61,19.36,19.42,45572,0
MOHR.US,D,20230224,000000,19.3501,19.38,19.23,19.36,72044,0
MOHR.US,D,20230227,000000,19.4,19.41,19.3745,19.3837,10284,0
MOHR.US,D,20230228,000000,19.3792,19.42,19.3792,19.4,14656,0
MOHR.US,D,20230301,000000,19.38,19.38,19.35,19.365,7030,0
MOHR.US,D,20230302,000000,19.3389,19.4,19.33,19.3857,28673,0
MOHR.US,D,20230303,000000,19.3,19.51,19.3,19.4882,15190,0
MOHR.US,D,20230306,000000,19.42,19.52,19.42,19.4606,9485,0
MOHR.US,D,20230307,000000,19.44,19.4599,19.42,19.42,8917,0
MOHR.US,D,20230308,000000,19.43,19.43,19.3701,19.41,21989,0
MOHR.US,D,20230309,000000,19.43,19.43,19.3232,19.33,26283,0
MOHR.US,D,20230310,000000,19.27,19.29,19.2085,19.24,17102,0
MOHR.US,D,20230313,000000,19.2,19.27,19.1201,19.18,102208,0
MOHR.US,D,20230314,000000,19.3193,19.33,19.2615,19.2893,50171,0
MOHR.US,D,20230315,000000,19.2,19.2499,19.18,19.23,21055,0
MOHR.US,D,20230316,000000,19.04,19.3283,19.04,19.31,63135,0
MOHR.US,D,20230317,000000,19.3,19.31,19.22,19.25,40675,0
MOHR.US,D,20230320,000000,19.2801,19.305,19.23,19.275,73569,0
MOHR.US,D,20230321,000000,19.34,19.3799,19.32,19.35,32341,0
MOHR.US,D,20230322,000000,19.35,19.3899,19.271,19.2969,62280,0
MOHR.US,D,20230323,000000,19.35,19.4,19.29,19.32,15337,0
MOHR.US,D,20230324,000000,19.3,19.33,19.27,19.33,15840,0
MOHR.US,D,20230327,000000,19.3301,19.34,19.32,19.335,6124,0
MOHR.US,D,20230328,000000,19.32,19.34,19.3,19.34,18957,0
MOHR.US,D,20230329,000000,19.34,19.3799,19.34,19.36,25582,0
MOHR.US,D,20230330,000000,19.39,19.41,19.3602,19.38,74374,0
MOHR.US,D,20230331,000000,19.41,19.45,19.4,19.45,23041,0
MOHR.US,D,20230403,000000,19.43,19.43,19.225,19.415,41780,0
MOHR.US,D,20230404,000000,19.425,19.43,19.37,19.395,46814,0
MOHR.US,D,20230405,000000,19.32,19.35,19.3,19.345,25258,0
MOHR.US,D,20230406,000000,19.32,19.35,19.32,19.33,61348,0
MOHR.US,D,20230410,000000,19.3322,19.37,19.32,19.365,18133,0
MOHR.US,D,20230411,000000,19.41,19.43,19.3701,19.395,9345,0
MOHR.US,D,20230412,000000,19.43,19.43,19.34,19.3634,14919,0
MOHR.US,D,20230413,000000,19.4,19.4299,19.38,19.4,55439,0
MOHR.US,D,20230414,000000,19.39,19.4059,19.36,19.37,35149,0
MOHR.US,D,20230417,000000,19.43,19.44,19.405,19.41,7052,0
MOHR.US,D,20230418,000000,19.44,19.45,19.4108,19.4386,4315,0
MOHR.US,D,20230419,000000,19.4,19.45,19.39,19.425,29693,0
MOHR.US,D,20230420,000000,19.43,19.4356,19.405,19.4099,11877,0
MOHR.US,D,20230421,000000,19.41,19.43,19.39,19.405,30764,0
MOHR.US,D,20230424,000000,19.4,19.43,19.37,19.4022,20675,0
MOHR.US,D,20230425,000000,19.3826,19.3826,19.29,19.315,10596,0
MOHR.US,D,20230426,000000,19.28,19.3,19.21,19.2298,26496,0
MOHR.US,D,20230427,000000,19.25,19.29,19.22,19.275,53084,0
MOHR.US,D,20230428,000000,19.2586,19.32,19.2586,19.2915,12892,0
MOHR.US,D,20230501,000000,19.32,19.3299,19.29,19.3052,58358,0
MOHR.US,D,20230502,000000,19.24,19.2561,19.21,19.245,53805,0
MOHR.US,D,20230503,000000,19.265,19.28,19.2,19.223,12825,0
MOHR.US,D,20230504,000000,19.185,19.21,19.16,19.185,12464,0
MOHR.US,D,20230505,000000,19.25,19.27,19.22,19.238,23643,0
MOHR.US,D,20230508,000000,19.23,19.2699,19.22,19.2475,6405,0
MOHR.US,D,20230509,000000,19.22,19.2599,19.22,19.235,5720,0
MOHR.US,D,20230510,000000,19.21,19.28,19.21,19.24,28711,0
MOHR.US,D,20230511,000000,19.1,19.26,19.1,19.245,35424,0
MOHR.US,D,20230512,000000,19.2301,19.2309,19.21,19.22,9419,0
MOHR.US,D,20230515,000000,19.26,19.29,19.23,19.24,21905,0
MOHR.US,D,20230516,000000,19.26,19.26,19.2,19.2,17401,0
MOHR.US,D,20230517,000000,19.21,19.2834,19.21,19.25,14384,0
MOHR.US,D,20230518,000000,19.24,19.28,19.24,19.27,10447,0
MOHR.US,D,20230519,000000,19.33,19.33,19.26,19.26,13080,0
MOHR.US,D,20230522,000000,19.3,19.3267,19.29,19.29,16560,0
MOHR.US,D,20230523,000000,19.325,19.33,19.26,19.28,16625,0
MOHR.US,D,20230524,000000,19.245,19.28,19.21,19.22,86762,0
MOHR.US,D,20230525,000000,19.25,19.27,19.22,19.24,42665,0
MOHR.US,D,20230526,000000,19.27,19.32,19.2675,19.28,5301,0
MOHR.US,D,20230530,000000,19.315,19.34,19.3,19.33,7381,0
MOHR.US,D,20230531,000000,19.2986,19.3,19.26,19.26,4961,0
MOHR.US,D,20230601,000000,19.28,19.33,19.27,19.3139,7501,0
MOHR.US,D,20230602,000000,19.3593,19.4,19.35,19.35,338679,0
MOHR.US,D,20230605,000000,19.3801,19.42,19.38,19.38,17737,0
MOHR.US,D,20230606,000000,19.4,19.4501,19.4,19.435,6106,0
MOHR.US,D,20230607,000000,19.4701,19.48,19.41,19.4252,25269,0
MOHR.US,D,20230608,000000,19.445,19.5,19.445,19.49,15197,0
MOHR.US,D,20230609,000000,19.52,19.5499,19.44,19.44,26137,0
MOHR.US,D,20230612,000000,19.495,19.54,19.48,19.54,20371,0
MOHR.US,D,20230613,000000,19.6301,19.689,19.6301,19.67,9356,0
MOHR.US,D,20230614,000000,19.72,19.75,19.65,19.68,32647,0
MOHR.US,D,20230615,000000,19.7499,19.815,19.7499,19.79,15058,0
MOHR.US,D,20230616,000000,19.7638,19.79,19.73,19.76,11645,0
MOHR.US,D,20230620,000000,19.6562,19.7099,19.6401,19.67,24051,0
MOHR.US,D,20230621,000000,19.58,19.63,19.5501,19.56,34522,0
MOHR.US,D,20230622,000000,19.5501,19.58,19.54,19.55,11625,0
MOHR.US,D,20230623,000000,19.46,19.49,19.4088,19.44,16424,0
MOHR.US,D,20230626,000000,19.48,19.48,19.38,19.4,21270,0
MOHR.US,D,20230627,000000,19.47,19.58,19.43,19.56,16944,0
MOHR.US,D,20230628,000000,19.55,19.68,19.55,19.64,22746,0
MOHR.US,D,20230629,000000,19.73,19.73,19.65,19.67,4073,0
MOHR.US,D,20230630,000000,19.855,19.86,19.8,19.8,7371,0
MOHR.US,D,20230703,000000,19.8639,19.88,19.85,19.8625,7140,0
MOHR.US,D,20230705,000000,19.79,19.85,19.79,19.81,6314,0
MOHR.US,D,20230706,000000,19.52,19.63,19.51,19.62,32054,0
MOHR.US,D,20230707,000000,19.72,19.8099,19.67,19.67,11959,0
MOHR.US,D,20230710,000000,19.7444,19.96,19.7444,19.96,248480,0
MOHR.US,D,20230711,000000,20.055,20.135,20.02,20.12,17566,0
MOHR.US,D,20230712,000000,20.3,20.3,20.2011,20.24,10005,0
MOHR.US,D,20230713,000000,20.4201,20.55,20.4201,20.51,6066,0
MOHR.US,D,20230714,000000,20.5,20.51,20.33,20.39,30703,0
MOHR.US,D,20230717,000000,20.3997,20.7,20.3997,20.6789,28221,0
MOHR.US,D,20230718,000000,20.67,20.86,20.6501,20.84,21048,0
MOHR.US,D,20230719,000000,20.9,21,20.81,20.906,68325,0
MOHR.US,D,20230720,000000,20.8,20.83,20.4,20.47,84584,0
MOHR.US,D,20230721,000000,20.42,20.51,20.309,20.35,23482,0
MOHR.US,D,20230724,000000,20.14,20.391,20.14,20.311,13911,0
MOHR.US,D,20230725,000000,20.55,20.69,20.52,20.57,25558,0
MOHR.US,D,20230726,000000,20.41,20.54,20.41,20.5057,14076,0
MOHR.US,D,20230727,000000,20.64,20.6401,20.11,20.1805,19673,0
MOHR.US,D,20230728,000000,20.41,20.5485,20.37,20.5485,14673,0
MOHR.US,D,20230731,000000,20.73,20.8249,20.7147,20.8249,12853,0
MOHR.US,D,20230801,000000,20.75,20.86,20.58,20.86,18735,0
MOHR.US,D,20230802,000000,20.2401,20.31,20.1227,20.3,50284,0
MOHR.US,D,20230803,000000,20.1901,20.39,20.18,20.2432,18865,0
MOHR.US,D,20230804,000000,20.12,20.12,19.9601,19.9641,11169,0
MOHR.US,D,20230807,000000,19.92,19.98,19.92,19.939,34609,0
MOHR.US,D,20230808,000000,19.63,19.7499,19.565,19.737,10782,0
MOHR.US,D,20230809,000000,19.71,19.71,19.4901,19.51,5895,0
MOHR.US,D,20230810,000000,19.53,19.53,19.34,19.36,5904,0
MOHR.US,D,20230811,000000,19.24,19.24,19.1709,19.1709,7375,0
MOHR.US,D,20230814,000000,19.1435,19.34,19.1435,19.34,9119,0
MOHR.US,D,20230815,000000,19.1301,19.145,19.0428,19.0428,14925,0
MOHR.US,D,20230816,000000,18.92,18.92,18.849,18.85,25714,0
MOHR.US,D,20230817,000000,18.87,18.88,18.745,18.7463,11995,0
MOHR.US,D,20230818,000000,18.66,18.7762,18.64,18.7434,335534,0
MOHR.US,D,20230821,000000,18.74,18.755,18.59,18.7352,73072,0
MOHR.US,D,20230822,000000,18.82,18.82,18.69,18.7116,14696,0
MOHR.US,D,20230823,000000,18.71,18.87,18.71,18.8406,11111,0
MOHR.US,D,20230824,000000,18.72,18.7301,18.57,18.57,32327,0
MOHR.US,D,20230825,000000,18.61,18.7427,18.55,18.7134,13316,0
MOHR.US,D,20230828,000000,18.819,18.87,18.81,18.86,6742,0
MOHR.US,D,20230829,000000,18.99,19.18,18.99,19.18,11630,0
MOHR.US,D,20230830,000000,19.1631,19.24,19.16,19.2198,8959,0
MOHR.US,D,20230831,000000,19.28,19.32,19.25,19.26,16291,0
MOHR.US,D,20230901,000000,19.49,19.59,19.47,19.49,10993,0
MOHR.US,D,20230905,000000,19.5,19.5118,19.4597,19.4597,17689,0
MOHR.US,D,20230906,000000,19.39,19.41,19.38,19.39,8894,0
MOHR.US,D,20230907,000000,19.37,19.39,19.35,19.36,6335,0
MOHR.US,D,20230908,000000,19.41,19.44,19.32,19.3797,19954,0
MOHR.US,D,20230911,000000,19.455,19.455,19.4225,19.4241,11177,0
MOHR.US,D,20230912,000000,19.21,19.44,19.21,19.38,7611,0
MOHR.US,D,20230913,000000,19.32,19.34,19.3001,19.3043,1863,0
MOHR.US,D,20230914,000000,19.3401,19.479,19.34,19.479,4256,0
MOHR.US,D,20230915,000000,19.3,19.32,19.14,19.15,9180,0
MOHR.US,D,20230918,000000,19.22,19.22,19.15,19.189,6928,0
MOHR.US,D,20230919,000000,19.12,19.12,18.94,19.02,43511,0
MOHR.US,D,20230920,000000,19.08,19.1199,18.87,18.88,18166,0
MOHR.US,D,20230921,000000,18.6449,18.66,18.5166,18.5166,11196,0
MOHR.US,D,20230922,000000,18.58,18.6112,18.52,18.5218,24329,0
MOHR.US,D,20230925,000000,18.49,18.6105,18.49,18.6105,17233,0
MOHR.US,D,20230926,000000,18.4,18.43,18.27,18.29,28103,0
MOHR.US,D,20230927,000000,18.45,18.47,18.281,18.41,13978,0
MOHR.US,D,20230928,000000,18.44,18.5401,18.44,18.5,19639,0
MOHR.US,D,20230929,000000,18.501,18.51,18.37,18.38,19060,0
MOHR.US,D,20231002,000000,18.34,18.3628,18.1818,18.26,16863,0
MOHR.US,D,20231003,000000,18.07,18.07,17.95,18.01,27335,0
MOHR.US,D,20231004,000000,17.99,18.09,17.9248,18.0893,18489,0
MOHR.US,D,20231005,000000,17.9776,18.0514,17.96,18.0514,7861,0
MOHR.US,D,20231006,000000,18.0706,18.32,18.07,18.27,22212,0
MOHR.US,D,20231009,000000,18.26,18.41,18.26,18.41,3438,0
MOHR.US,D,20231010,000000,18.565,18.65,18.5,18.51,27570,0
MOHR.US,D,20231011,000000,18.56,18.63,18.5,18.63,14815,0
MOHR.US,D,20231012,000000,18.6,18.61,18.3779,18.46,9219,0
MOHR.US,D,20231013,000000,18.43,18.445,18.34,18.3583,41573,0
MOHR.US,D,20231016,000000,18.55,18.5699,18.5397,18.5552,10507,0
MOHR.US,D,20231017,000000,18.673,18.673,18.605,18.6093,9572,0
MOHR.US,D,20231018,000000,18.46,18.5,18.36,18.39,8400,0
MOHR.US,D,20231019,000000,18.34,18.34,18.04,18.0869,9353,0
MOHR.US,D,20231020,000000,17.8303,17.91,17.81,17.84,3684,0
MOHR.US,D,20231023,000000,17.76,17.849,17.695,17.7393,4761,0
MOHR.US,D,20231024,000000,17.892,17.91,17.77,17.8953,34405,0
MOHR.US,D,20231025,000000,17.81,17.81,17.62,17.62,60609,0
MOHR.US,D,20231026,000000,17.55,17.59,17.46,17.48,25408,0
MOHR.US,D,20231027,000000,17.38,17.41,17.32,17.36,18181,0
MOHR.US,D,20231030,000000,17.41,17.4824,17.355,17.45,10359,0
MOHR.US,D,20231031,000000,17.51,17.61,17.51,17.61,33179,0
MOHR.US,D,20231101,000000,17.61,17.78,17.61,17.77,39633,0
MOHR.US,D,20231102,000000,18.07,18.12,18.07,18.12,13515,0
MOHR.US,D,20231103,000000,18.15,18.2701,18.15,18.22,18555,0
MOHR.US,D,20231106,000000,18.17,18.215,18.12,18.19,15130,0
MOHR.US,D,20231107,000000,18.19,18.1901,18.145,18.145,19036,0
MOHR.US,D,20231108,000000,18.19,18.19,18.1,18.19,12486,0
MOHR.US,D,20231109,000000,18.21,18.211,18.05,18.06,31308,0
MOHR.US,D,20231110,000000,18.155,18.3351,18.1299,18.3351,8056,0
MOHR.US,D,20231113,000000,18.27,18.391,18.27,18.36,11174,0
MOHR.US,D,20231114,000000,18.72,18.74,18.69,18.72,39737,0
MOHR.US,D,20231115,000000,18.79,18.81,18.67,18.67,86579,0
MOHR.US,D,20231116,000000,18.61,18.66,18.6,18.6559,260374,0
MOHR.US,D,20231117,000000,18.67,18.8001,18.67,18.7629,6876,0
MOHR.US,D,20231120,000000,18.82,18.939,18.8,18.8902,11924,0
MOHR.US,D,20231121,000000,18.8644,18.88,18.84,18.8509,16435,0
MOHR.US,D,20231122,000000,18.93,18.96,18.91,18.9524,29982,0
MOHR.US,D,20231124,000000,19.0165,19.02,19,19.0099,1687,0
MOHR.US,D,20231127,000000,18.99,19.0101,18.9752,18.9848,22942,0
MOHR.US,D,20231128,000000,18.945,19.041,18.93,18.971,31153,0
MOHR.US,D,20231129,000000,19.13,19.15,19.05,19.061,8473,0
MOHR.US,D,20231130,000000,19.085,19.1625,19.03,19.1625,8875,0
MOHR.US,D,20231201,000000,19.1055,19.279,19.09,19.2694,7394,0
MOHR.US,D,20231204,000000,19.086,19.19,19.086,19.1825,8897,0
MOHR.US,D,20231205,000000,19.0601,19.1,19.04,19.07,6758,0
MOHR.US,D,20231206,000000,19.15,19.1501,18.97,18.9708,28681,0
MOHR.US,D,20231207,000000,19.02,19.1336,19.01,19.12,29919,0
MOHR.US,D,20231208,000000,19.11,19.2,19.06,19.1726,53291,0
MOHR.US,D,20231211,000000,19.28,19.4,19.28,19.4,4900,0
MOHR.US,D,20231212,000000,19.36,19.46,19.36,19.46,10144,0
MOHR.US,D,20231213,000000,19.46,19.739,19.41,19.7099,17571,0
MOHR.US,D,20231214,000000,19.89,19.89,19.83,19.88,16215,0
MOHR.US,D,20231215,000000,19.84,19.915,19.8301,19.9006,13114,0
MOHR.US,D,20231218,000000,19.97,19.9879,19.9607,19.9879,4473,0
MOHR.US,D,20231219,000000,19.72,19.82,19.72,19.82,26143,0
MOHR.US,D,20231220,000000,19.84,19.899,19.55,19.55,4745,0
MOHR.US,D,20231221,000000,19.71,19.78,19.64,19.78,45763,0
MOHR.US,D,20231222,000000,19.87,19.87,19.78,19.8206,24227,0
MOHR.US,D,20231226,000000,19.87,19.9203,19.851,19.9203,5538,0
MOHR.US,D,20231227,000000,19.95,20,19.95,20,5744,0
MOHR.US,D,20231228,000000,20.0349,20.0349,20,20.01,6773,0
MOHR.US,D,20231229,000000,19.9303,19.9303,19.9,19.929,6781,0
MOHR.US,D,20240102,000000,19.75,19.765,19.58,19.6418,4863,0
MOHR.US,D,20240103,000000,19.47,19.47,19.37,19.3701,4226,0
MOHR.US,D,20240104,000000,19.47,19.47,19.39,19.3901,18405,0
MOHR.US,D,20240105,000000,19.5,19.5001,19.41,19.4415,3996,0
MOHR.US,D,20240108,000000,19.53,19.81,19.53,19.79,3182,0
MOHR.US,D,20240109,000000,19.78,19.85,19.76,19.8054,23524,0
MOHR.US,D,20240110,000000,19.76,19.89,19.76,19.826,3948,0
MOHR.US,D,20240111,000000,19.83,19.8501,19.66,19.8501,17195,0
MOHR.US,D,20240112,000000,19.945,19.945,19.8,19.88,22233,0
MOHR.US,D,20240116,000000,19.8601,19.8601,19.77,19.859,2621,0
MOHR.US,D,20240117,000000,19.66,19.68,19.62,19.68,6006,0
MOHR.US,D,20240118,000000,19.8141,19.89,19.68,19.885,4227,0
MOHR.US,D,20240119,000000,19.95,20.199,19.95,20.199,3905,0
MOHR.US,D,20240122,000000,20.2101,20.2625,20.21,20.2519,2011,0
MOHR.US,D,20240123,000000,20.18,20.2297,20.17,20.2231,1264,0
MOHR.US,D,20240124,000000,20.43,20.43,20.3203,20.3203,7861,0
MOHR.US,D,20240125,000000,20.5003,20.53,20.458,20.51,5561,0
MOHR.US,D,20240126,000000,20.58,20.58,20.48,20.495,5853,0
MOHR.US,D,20240129,000000,20.6,20.71,20.555,20.7,19729,0
MOHR.US,D,20240130,000000,20.675,20.69,20.62,20.66,11325,0
MOHR.US,D,20240131,000000,20.57,20.66,20.41,20.4185,2931,0
MOHR.US,D,20240201,000000,20.42,20.6953,20.42,20.67,20543,0
MOHR.US,D,20240202,000000,20.6828,20.9,20.6828,20.86,6968,0
MOHR.US,D,20240205,000000,20.72,20.7455,20.68,20.7455,3093,0
MOHR.US,D,20240206,000000,20.779,20.8197,20.76,20.8197,105460,0
MOHR.US,D,20240207,000000,20.9,21.0337,20.88,20.969,13192,0
MOHR.US,D,20240208,000000,21.155,21.2051,21.155,21.2,11037,0
MOHR.US,D,20240209,000000,21.249,21.25,21.2033,21.2434,8733,0
MOHR.US,D,20240212,000000,21.28,21.31,21.2102,21.23,6134,0
MOHR.US,D,20240213,000000,20.8,20.89,20.69,20.84,11986,0
MOHR.US,D,20240214,000000,21.0801,21.2752,21.08,21.2752,10179,0
MOHR.US,D,20240215,000000,21.4,21.5005,21.3999,21.4777,2045,0
MOHR.US,D,20240216,000000,21.4,21.485,21.33,21.33,5371,0
MOHR.US,D,20240220,000000,21.14,21.14,21.07,21.0922,6147,0
MOHR.US,D,20240221,000000,20.95,21.0171,20.8934,21.0171,4315,0
MOHR.US,D,20240222,000000,21.4409,21.57,21.4409,21.48,14022,0
MOHR.US,D,20240223,000000,21.4596,21.4904,21.4,21.4265,39765,0
MOHR.US,D,20240226,000000,21.47,21.53,21.4693,21.4693,2879,0
MOHR.US,D,20240227,000000,21.52,21.52,21.425,21.4847,7486,0
MOHR.US,D,20240228,000000,21.4004,21.412,21.4,21.412,476,0
MOHR.US,D,20240229,000000,21.45,21.4917,21.39,21.49,2475,0
MOHR.US,D,20240301,000000,21.63,21.7499,21.63,21.72,19340,0
MOHR.US,D,20240304,000000,21.865,21.865,21.7757,21.7757,896,0
MOHR.US,D,20240305,000000,21.705,21.705,21.43,21.5357,4414,0
MOHR.US,D,20240306,000000,21.72,21.7202,21.6499,21.6747,7991,0
MOHR.US,D,20240307,000000,21.79,21.925,21.78,21.9175,11858,0
MOHR.US,D,20240308,000000,22.01,22.01,21.65,21.695,40300,0
MOHR.US,D,20240311,000000,21.4,21.5158,21.4,21.5021,1068,0
MOHR.US,D,20240312,000000,21.46,21.73,21.46,21.73,2541,0
MOHR.US,D,20240313,000000,21.6701,21.73,21.62,21.63,5663,0
MOHR.US,D,20240314,000000,21.51,21.5101,21.5,21.5,1413,0
MOHR.US,D,20240315,000000,21.4,21.45,21.3884,21.3884,4852,0
MOHR.US,D,20240318,000000,21.51,21.56,21.4868,21.4868,8797,0
MOHR.US,D,20240319,000000,21.34,21.5257,21.33,21.5257,6840,0
MOHR.US,D,20240320,000000,21.515,21.77,21.47,21.75,18489,0
MOHR.US,D,20240321,000000,21.95,22.05,21.93,21.93,15555,0
MOHR.US,D,20240322,000000,21.88,21.9,21.78,21.8874,9539,0
MOHR.US,D,20240325,000000,21.84,21.88,21.8398,21.8398,2422,0
MOHR.US,D,20240326,000000,21.86,21.86,21.821,21.821,14052,0
MOHR.US,D,20240327,000000,21.84,21.9507,21.84,21.9507,3179,0
MOHR.US,D,20240328,000000,21.96,21.98,21.91,21.9638,18235,0
MOHR.US,D,20240401,000000,21.97,21.97,21.93,21.9457,6498,0
MOHR.US,D,20240402,000000,21.61,21.67,21.59,21.6551,4882,0
MOHR.US,D,20240403,000000,21.56,21.81,21.56,21.7367,15590,0
MOHR.US,D,20240404,000000,21.9692,22,21.53,21.53,15088,0
MOHR.US,D,20240405,000000,21.8459,21.8459,21.8,21.839,1663,0
MOHR.US,D,20240408,000000,21.86,21.879,21.86,21.86,1069,0
MOHR.US,D,20240409,000000,21.8187,21.85,21.69,21.85,9356,0
MOHR.US,D,20240410,000000,21.68,21.68,21.59,21.62,541856,0
MOHR.US,D,20240411,000000,21.58,21.7458,21.58,21.7239,739,0
MOHR.US,D,20240412,000000,21.44,21.45,21.25,21.3462,8863,0
MOHR.US,D,20240415,000000,21.5,21.6,21.062,21.071,3839,0
MOHR.US,D,20240416,000000,21.01,21.12,21.01,21.0942,11351,0
MOHR.US,D,20240417,000000,21.07,21.07,20.8851,20.9401,9228,0
MOHR.US,D,20240418,000000,20.98,20.98,20.751,20.751,22971,0
MOHR.US,D,20240419,000000,20.7,20.7142,20.53,20.57,4075,0
MOHR.US,D,20240422,000000,20.64,20.74,20.6,20.71,7728,0
MOHR.US,D,20240423,000000,20.81,21.08,20.81,21.03,9794,0
MOHR.US,D,20240424,000000,20.92,20.9935,20.86,20.9935,6569,0
MOHR.US,D,20240425,000000,20.89,21.13,20.8799,21.07,9079,0
MOHR.US,D,20240426,000000,21.11,21.17,21.1,21.1411,2451,0
MOHR.US,D,20240429,000000,21.14,21.24,21.14,21.24,3859,0
MOHR.US,D,20240430,000000,21.0246,21.0331,20.9374,20.9374,3730,0
MOHR.US,D,20240501,000000,20.7299,21.025,20.72,20.79,9414,0
MOHR.US,D,20240502,000000,20.814,20.9899,20.814,20.92,2972,0
MOHR.US,D,20240503,000000,21.17,21.1707,21.17,21.1707,376,0
MOHR.US,D,20240506,000000,21.38,21.43,21.38,21.41,8990,0
MOHR.US,D,20240507,000000,21.44,21.4542,21.401,21.401,5391,0
MOHR.US,D,20240508,000000,21.35,21.44,21.35,21.42,24833,0
MOHR.US,D,20240509,000000,21.46,21.59,21.46,21.5896,5472,0
MOHR.US,D,20240510,000000,21.709,21.709,21.63,21.63,8870,0
MOHR.US,D,20240513,000000,21.59,21.59,21.56,21.5734,3182,0
MOHR.US,D,20240514,000000,21.59,21.6756,21.59,21.6756,2905,0
MOHR.US,D,20240515,000000,21.84,21.91,21.83,21.9,10421,0
MOHR.US,D,20240516,000000,21.94,21.94,21.82,21.82,6669,0
MOHR.US,D,20240517,000000,21.8502,21.92,21.85,21.92,2674,0
MOHR.US,D,20240520,000000,22,22.05,21.97,21.97,2369,0
MOHR.US,D,20240521,000000,21.97,22,21.95,21.98,6462,0
MOHR.US,D,20240522,000000,21.91,21.92,21.81,21.85,4084,0
MOHR.US,D,20240523,000000,21.75,21.87,21.6383,21.6857,10615,0
MOHR.US,D,20240524,000000,21.8,21.89,21.79,21.83,12284,0
MOHR.US,D,20240528,000000,21.7583,21.8,21.65,21.72,10061,0
MOHR.US,D,20240529,000000,21.52,21.546,21.46,21.51,32215,0
MOHR.US,D,20240530,000000,21.44,21.48,21.37,21.419,16962,0
MOHR.US,D,20240531,000000,21.219,21.4907,21.18,21.4907,8256,0
MOHR.US,D,20240603,000000,21.3,21.3633,21.3,21.3633,3510,0
MOHR.US,D,20240604,000000,21.23,21.26,21.19,21.26,12014,0
MOHR.US,D,20240605,000000,21.43,21.57,21.33,21.57,10260,0
MOHR.US,D,20240606,000000,21.4,21.44,21.37,21.42,7567,0
MOHR.US,D,20240607,000000,21.36,21.4,21.2915,21.2915,1336,0
MOHR.US,D,20240610,000000,21.335,21.53,21.335,21.4907,3496,0
MOHR.US,D,20240611,000000,21.3283,21.3921,21.3283,21.3921,2257,0
MOHR.US,D,20240612,000000,21.63,21.63,21.49,21.56,12396,0
MOHR.US,D,20240613,000000,21.585,21.61,21.51,21.61,115423,0
MOHR.US,D,20240614,000000,21.46,21.4948,21.46,21.4948,2283,0
MOHR.US,D,20240617,000000,21.48,21.7983,21.48,21.7797,8267,0
MOHR.US,D,20240618,000000,21.965,22,21.94,21.9737,6490,0
MOHR.US,D,20240620,000000,21.8,22.0502,21.64,21.6411,23002,0
MOHR.US,D,20240621,000000,21.3806,21.54,21.3806,21.529,11145,0
MOHR.US,D,20240624,000000,21.43,21.4801,21.3664,21.3664,494,0
MOHR.US,D,20240625,000000,21.51,21.5824,21.46,21.5824,4653,0
MOHR.US,D,20240626,000000,21.48,21.51,21.41,21.474,7790,0
MOHR.US,D,20240627,000000,21.43,21.51,21.4161,21.4161,7474,0
MOHR.US,D,20240628,000000,21.6768,21.6768,21.3919,21.3919,2503,0
MOHR.US,D,20240701,000000,21.45,21.4501,21.3,21.4034,24431,0
MOHR.US,D,20240702,000000,21.37,21.5024,21.32,21.4984,11778,0
MOHR.US,D,20240703,000000,21.5304,21.64,21.5304,21.64,148325,0
MOHR.US,D,20240705,000000,21.56,21.72,21.56,21.68,34118,0
MOHR.US,D,20240708,000000,21.86,21.88,21.82,21.86,13821,0
MOHR.US,D,20240709,000000,21.94,21.98,21.85,21.85,21277,0
MOHR.US,D,20240710,000000,22.072,22.12,22.072,22.12,1555,0
MOHR.US,D,20240711,000000,22.09,22.09,21.76,21.76,19214,0
MOHR.US,D,20240712,000000,22.0376,22.05,21.86,21.87,13462,0
MOHR.US,D,20240715,000000,21.93,22.04,21.83,21.85,18627,0
MOHR.US,D,20240716,000000,21.9484,21.97,21.92,21.96,3431,0
MOHR.US,D,20240717,000000,21.45,21.45,21.2097,21.2097,30645,0
MOHR.US,D,20240718,000000,21.22,21.239,20.87,21.0139,13150,0
MOHR.US,D,20240719,000000,20.94,20.94,20.795,20.8,20497,0
MOHR.US,D,20240722,000000,21.04,21.11,20.92,21.11,23503,0
MOHR.US,D,20240723,000000,21.1319,21.2,21.12,21.13,12668,0
MOHR.US,D,20240724,000000,20.8301,20.87,20.555,20.555,25092,0
MOHR.US,D,20240725,000000,20.42,20.69,20.339,20.36,6796,0
MOHR.US,D,20240726,000000,20.51,20.6542,20.51,20.541,4601,0
MOHR.US,D,20240729,000000,20.66,20.66,20.58,20.58,2109,0
MOHR.US,D,20240730,000000,20.5401,20.5401,20.49,20.49,2042,0
MOHR.US,D,20240731,000000,20.77,20.85,20.7401,20.843,4848,0
MOHR.US,D,20240801,000000,20.605,20.605,20.33,20.4102,5869,0
MOHR.US,D,20240802,000000,19.89,19.939,19.8,19.939,4134,0
MOHR.US,D,20240805,000000,19.19,19.59,19.19,19.3754,5778,0
MOHR.US,D,20240806,000000,19.5,19.78,19.5,19.6092,3159,0
MOHR.US,D,20240807,000000,19.49,19.77,19.4052,19.4052,12565,0
MOHR.US,D,20240808,000000,19.84,19.87,19.81,19.82,26932,0
MOHR.US,D,20240809,000000,19.91,20.0101,19.91,20.01,124100,0
MOHR.US,D,20240812,000000,20.05,20.05,19.92,19.98,216557,0
MOHR.US,D,20240813,000000,20.0749,20.24,20.0749,20.24,8536,0
MOHR.US,D,20240814,000000,20.2,20.28,20.2,20.2383,6988,0
MOHR.US,D,20240815,000000,20.43,20.4715,20.43,20.4616,10381,0
MOHR.US,D,20240816,000000,20.48,20.57,20.48,20.5573,4823,0
MOHR.US,D,20240819,000000,20.58,20.68,20.58,20.68,92330,0
MOHR.US,D,20240820,000000,20.68,20.7,20.63,20.67,36709,0
MOHR.US,D,20240821,000000,20.84,20.92,20.84,20.92,336252,0
MOHR.US,D,20240822,000000,20.97,20.97,20.82,20.82,11980,0
MOHR.US,D,20240823,000000,21,21.07,20.98,21.05,4951,0
MOHR.US,D,20240826,000000,21.1192,21.1192,21.0314,21.0314,5714,0
MOHR.US,D,20240827,000000,20.98,21.112,20.98,21.09,21010,0
MOHR.US,D,20240828,000000,20.9752,20.98,20.89,20.961,4904,0
MOHR.US,D,20240829,000000,21.13,21.1901,21.021,21.021,2581,0
MOHR.US,D,20240830,000000,21.09,21.241,21,21.24,14099,0
MOHR.US,D,20240903,000000,21.13,21.13,20.885,20.885,12301,0
MOHR.US,D,20240904,000000,20.81,20.95,20.81,20.89,29358,0
MOHR.US,D,20240905,000000,20.79,20.84,20.65,20.7,10540,0
MOHR.US,D,20240906,000000,20.41,20.41,20.34,20.3565,3247,0
MOHR.US,D,20240909,000000,20.52,20.59,20.48,20.5355,15053,0
MOHR.US,D,20240910,000000,20.56,20.62,20.52,20.62,11923,0
MOHR.US,D,20240911,000000,20.37,20.8962,20.37,20.8962,10272,0
MOHR.US,D,20240912,000000,20.915,21.09,20.915,21.09,15859,0
MOHR.US,D,20240913,000000,21.3,21.315,21.2416,21.268,9878,0
MOHR.US,D,20240916,000000,21.22,21.291,21.22,21.291,19418,0
MOHR.US,D,20240917,000000,21.36,21.36,21.26,21.3278,468,0
MOHR.US,D,20240918,000000,21.29,21.43,21.23,21.23,20184,0
MOHR.US,D,20240919,000000,21.64,21.64,21.53,21.56,30672,0
MOHR.US,D,20240920,000000,21.54,21.6,21.49,21.54,46328,0
MOHR.US,D,20240923,000000,21.4,21.64,21.4,21.61,59429,0
MOHR.US,D,20240924,000000,21.16,21.66,21.16,21.63,627622,0
MOHR.US,D,20240925,000000,21.44,21.67,21.44,21.61,1020887,0
MOHR.US,D,20240926,000000,21.64,21.6617,21.64,21.6617,1163,0
MOHR.US,D,20240927,000000,21.67,21.67,21.6401,21.67,3058,0
