<TICKER>,<PER>,<DATE>,<TIME>,<OPEN>,<HIGH>,<LOW>,<CLOSE>,<VOL>,<OPENINT>
MSVX.US,D,20200515,000000,24.759,24.759,24.495,24.51,54021,0
MSVX.US,D,20200518,000000,24.51,24.584,24.476,24.515,126614,0
MSVX.US,D,20200519,000000,24.525,24.533,24.485,24.52,18309,0
MSVX.US,D,20200520,000000,24.476,24.574,24.476,24.564,34354,0
MSVX.US,D,20200521,000000,24.554,24.554,23.508,24.505,39627,0
MSVX.US,D,20200522,000000,24.485,24.515,24.485,24.5,7465,0
MSVX.US,D,20200526,000000,24.495,24.534,24.485,24.502,326803,0
MSVX.US,D,20200527,000000,24.505,24.505,24.38,24.473,70039,0
MSVX.US,D,20200528,000000,24.418,24.423,24.31,24.356,20611,0
MSVX.US,D,20200529,000000,24.408,24.456,23.382,24.456,17869,0
MSVX.US,D,20200601,000000,24.28,24.398,23.655,24.134,13009,0
MSVX.US,D,20200602,000000,24.408,24.408,24.163,24.378,8319,0
MSVX.US,D,20200603,000000,24.275,24.339,23.391,24.32,19879,0
MSVX.US,D,20200604,000000,24.32,24.544,24.172,24.377,9042,0
MSVX.US,D,20200605,000000,24.333,24.642,24.333,24.495,15610,0
MSVX.US,D,20200608,000000,24.466,24.466,24.378,24.386,1095,0
MSVX.US,D,20200609,000000,24.105,24.31,23.518,24.246,3516,0
MSVX.US,D,20200610,000000,24.105,24.163,23.723,24.067,2565,0
MSVX.US,D,20200611,000000,23.948,23.997,23.167,23.167,6214,0
MSVX.US,D,20200612,000000,23.225,23.254,22.599,22.599,14529,0
MSVX.US,D,20200615,000000,20.341,23.577,20.341,23.468,9665,0
MSVX.US,D,20200616,000000,23.351,23.499,22.971,23.342,6479,0
MSVX.US,D,20200617,000000,23.538,23.538,23.127,23.314,2161,0
MSVX.US,D,20200618,000000,22.976,23.44,22.961,23.2,4705,0
MSVX.US,D,20200619,000000,23.244,23.4,23.186,23.225,7226,0
MSVX.US,D,20200622,000000,22.717,23.186,22.668,22.892,6687,0
MSVX.US,D,20200623,000000,22.727,23.059,22.512,22.746,13120,0
MSVX.US,D,20200624,000000,22.746,22.746,22.315,22.619,4886,0
MSVX.US,D,20200625,000000,22.648,22.736,22.579,22.638,2078,0
MSVX.US,D,20200626,000000,22.785,23.146,22.579,23.078,4275,0
MSVX.US,D,20200629,000000,22.638,22.981,22.345,22.689,2589,0
MSVX.US,D,20200630,000000,22.717,22.717,22.598,22.598,5422,0
MSVX.US,D,20200701,000000,22.628,22.717,22.628,22.673,4236,0
MSVX.US,D,20200702,000000,22.971,22.971,22.482,22.524,5981,0
MSVX.US,D,20200706,000000,22.824,22.912,22.12,22.883,7464,0
MSVX.US,D,20200707,000000,22.853,23,22.658,23,11119,0
MSVX.US,D,20200708,000000,22.56,22.673,21.612,22.493,28347,0
MSVX.US,D,20200709,000000,22.463,22.482,21.553,22.299,81571,0
MSVX.US,D,20200710,000000,22.091,22.707,21.974,22.619,51515,0
MSVX.US,D,20200713,000000,22.941,23.035,21.974,23.01,15304,0
MSVX.US,D,20200714,000000,22.579,22.736,22.53,22.736,2593,0
MSVX.US,D,20200715,000000,23.371,23.371,22.887,23.083,9818,0
MSVX.US,D,20200716,000000,23.459,23.459,23.264,23.361,2274,0
MSVX.US,D,20200717,000000,23.528,23.528,22.365,23.313,168863,0
MSVX.US,D,20200720,000000,23.43,23.498,23.254,23.4,14193,0
MSVX.US,D,20200721,000000,23.733,23.753,23.381,23.575,11267,0
MSVX.US,D,20200722,000000,23.704,23.836,23.655,23.655,4467,0
MSVX.US,D,20200723,000000,23.449,23.684,22.747,23.615,6800,0
MSVX.US,D,20200724,000000,23.41,23.567,23.097,23.264,5544,0
MSVX.US,D,20200727,000000,23.4,23.4,22.843,23.059,16799,0
MSVX.US,D,20200728,000000,23.254,23.313,23.186,23.186,3309,0
MSVX.US,D,20200729,000000,23.235,23.489,23.186,23.386,18508,0
MSVX.US,D,20200730,000000,23.44,23.44,22.951,23.176,10194,0
MSVX.US,D,20200731,000000,23.303,23.351,22.902,23.351,12681,0
MSVX.US,D,20200803,000000,23.469,23.899,23.469,23.664,83223,0
MSVX.US,D,20200804,000000,23.645,24.749,23.548,23.899,121184,0
MSVX.US,D,20200805,000000,23.762,23.967,23.762,23.909,6724,0
MSVX.US,D,20200806,000000,23.851,23.997,23.851,23.87,457,0
MSVX.US,D,20200807,000000,24.085,24.682,24.046,24.623,18418,0
MSVX.US,D,20200810,000000,24.408,24.408,24.134,24.261,2936,0
MSVX.US,D,20200811,000000,24.413,24.754,23.686,23.686,18291,0
MSVX.US,D,20200812,000000,24.271,24.271,23.488,23.655,10653,0
MSVX.US,D,20200813,000000,24.349,24.349,23.821,23.846,2238,0
MSVX.US,D,20200814,000000,23.772,23.997,23.543,23.684,6814,0
MSVX.US,D,20200817,000000,23.205,23.635,22.384,23.498,18856,0
MSVX.US,D,20200818,000000,23.655,23.743,23.562,23.655,1770,0
MSVX.US,D,20200819,000000,23.577,23.753,23.489,23.635,2084,0
MSVX.US,D,20200820,000000,23.743,23.777,23.597,23.777,1699,0
MSVX.US,D,20200821,000000,23.567,23.821,23.43,23.821,29975,0
MSVX.US,D,20200824,000000,23.645,23.645,23.176,23.42,18636,0
MSVX.US,D,20200825,000000,23.41,23.597,23.166,23.597,10801,0
MSVX.US,D,20200826,000000,23.42,23.655,23.127,23.655,8293,0
MSVX.US,D,20200827,000000,23.538,23.704,23.41,23.41,4122,0
MSVX.US,D,20200828,000000,23.567,23.625,23.039,23.454,3897,0
MSVX.US,D,20200831,000000,23.503,23.762,23.284,23.762,10600,0
MSVX.US,D,20200901,000000,23.186,23.538,23.146,23.333,10863,0
MSVX.US,D,20200902,000000,23.459,23.694,23.361,23.536,68504,0
MSVX.US,D,20200903,000000,23.63,23.87,23.63,23.794,113511,0
MSVX.US,D,20200904,000000,23.723,23.733,23.03,23.582,19531,0
MSVX.US,D,20200908,000000,23.65,23.811,23.528,23.65,1076,0
MSVX.US,D,20200909,000000,23.548,23.548,23.508,23.508,417,0
MSVX.US,D,20200910,000000,23.557,23.811,23.557,23.615,2483,0
MSVX.US,D,20200911,000000,23.44,23.684,23.409,23.409,4120,0
MSVX.US,D,20200914,000000,23.391,23.391,23.337,23.337,203,0
MSVX.US,D,20200915,000000,23.459,23.508,23.449,23.508,2735,0
MSVX.US,D,20200916,000000,23.41,23.508,23.4,23.454,4128,0
MSVX.US,D,20200917,000000,23.499,23.513,23.499,23.513,6360,0
MSVX.US,D,20200918,000000,23.528,23.577,23.528,23.577,9623,0
MSVX.US,D,20200921,000000,23.567,23.632,23.459,23.572,7990,0
MSVX.US,D,20200922,000000,23.508,23.577,23.479,23.523,8713,0
MSVX.US,D,20200923,000000,23.694,23.694,23.548,23.615,2417,0
MSVX.US,D,20200924,000000,23.254,23.323,23.254,23.323,3107,0
MSVX.US,D,20200925,000000,23.381,23.454,23.381,23.449,2744,0
MSVX.US,D,20200928,000000,23.376,23.508,23.351,23.361,3454,0
MSVX.US,D,20200929,000000,23.733,23.733,23.225,23.615,3557,0
MSVX.US,D,20200930,000000,23.669,23.674,23.548,23.674,4937,0
MSVX.US,D,20201001,000000,23.538,23.606,23.528,23.606,788,0
MSVX.US,D,20201002,000000,23.62,23.684,23.597,23.674,2898,0
MSVX.US,D,20201005,000000,23.577,23.821,23.469,23.762,7411,0
MSVX.US,D,20201006,000000,23.821,23.851,23.743,23.851,3374,0
MSVX.US,D,20201007,000000,23.597,23.792,23.499,23.782,3149,0
MSVX.US,D,20201008,000000,23.489,23.811,23.469,23.784,7932,0
MSVX.US,D,20201009,000000,23.792,23.841,23.655,23.767,6881,0
MSVX.US,D,20201012,000000,23.557,23.753,23.548,23.65,4577,0
MSVX.US,D,20201013,000000,23.743,23.762,23.587,23.587,6447,0
MSVX.US,D,20201014,000000,23.553,23.674,23.469,23.572,4508,0
MSVX.US,D,20201015,000000,23.601,23.772,23.489,23.627,7825,0
MSVX.US,D,20201016,000000,23.802,23.802,23.645,23.645,6922,0
MSVX.US,D,20201019,000000,23.733,23.772,23.625,23.772,2095,0
MSVX.US,D,20201020,000000,23.733,23.851,23.733,23.851,634,0
MSVX.US,D,20201021,000000,23.625,23.918,23.606,23.611,8946,0
MSVX.US,D,20201022,000000,23.918,23.918,23.753,23.753,3918,0
MSVX.US,D,20201023,000000,23.861,23.918,23.811,23.821,12055,0
MSVX.US,D,20201026,000000,23.948,23.948,23.782,23.826,5198,0
MSVX.US,D,20201027,000000,23.918,23.928,23.811,23.872,7714,0
MSVX.US,D,20201028,000000,23.861,23.958,23.01,23.704,15873,0
MSVX.US,D,20201029,000000,23.782,23.782,23.704,23.728,601,0
MSVX.US,D,20201030,000000,23.889,24.085,23.655,23.83,10881,0
MSVX.US,D,20201102,000000,23.499,23.913,23.499,23.862,5828,0
MSVX.US,D,20201103,000000,23.899,23.918,23.894,23.894,852,0
MSVX.US,D,20201104,000000,23.728,23.787,23.704,23.705,8259,0
MSVX.US,D,20201105,000000,23.693,23.708,23.625,23.655,8505,0
MSVX.US,D,20201106,000000,23.548,23.557,23.459,23.516,3372,0
MSVX.US,D,20201109,000000,23.938,23.962,23.763,23.763,1545,0
MSVX.US,D,20201110,000000,23.684,23.762,23.587,23.669,1748,0
MSVX.US,D,20201111,000000,23.753,23.753,23.753,23.753,110,0
MSVX.US,D,20201112,000000,23.449,23.557,23.195,23.557,6557,0
MSVX.US,D,20201113,000000,23.577,23.733,23.508,23.704,10055,0
MSVX.US,D,20201116,000000,23.785,23.785,23.785,23.785,190,0
MSVX.US,D,20201117,000000,23.615,23.674,23.039,23.655,46974,0
MSVX.US,D,20201118,000000,23.75,23.75,23.589,23.589,1541,0
MSVX.US,D,20201119,000000,23.713,23.713,23.577,23.679,36434,0
MSVX.US,D,20201120,000000,23.597,23.684,23.597,23.684,10584,0
MSVX.US,D,20201123,000000,23.841,23.841,23.117,23.72,14963,0
MSVX.US,D,20201124,000000,23.655,23.733,22.756,23.527,13467,0
MSVX.US,D,20201125,000000,23.714,23.714,23.698,23.698,882,0
MSVX.US,D,20201127,000000,23.802,23.802,23.766,23.766,102,0
MSVX.US,D,20201130,000000,23.342,24.105,23.342,24.022,3312,0
MSVX.US,D,20201201,000000,23.851,23.923,23.723,23.839,159655,0
MSVX.US,D,20201202,000000,24.001,24.001,23.723,23.875,22481,0
MSVX.US,D,20201203,000000,23.802,23.899,23.42,23.831,5100,0
MSVX.US,D,20201204,000000,23.894,23.948,23.225,23.889,15782,0
MSVX.US,D,20201207,000000,23.606,23.861,23.606,23.812,53404,0
MSVX.US,D,20201208,000000,23.792,23.87,23.792,23.865,7195,0
MSVX.US,D,20201209,000000,23.958,23.958,23.723,23.786,2114,0
MSVX.US,D,20201210,000000,23.88,23.88,23.723,23.771,4263,0
MSVX.US,D,20201211,000000,23.625,23.708,23.615,23.656,905,0
MSVX.US,D,20201214,000000,24.046,24.046,23.625,23.635,1951,0
MSVX.US,D,20201215,000000,23.645,23.759,23.01,23.759,7232,0
MSVX.US,D,20201216,000000,23.655,23.802,23.655,23.782,2136,0
MSVX.US,D,20201217,000000,23.782,23.862,23.704,23.824,9711,0
MSVX.US,D,20201218,000000,23.713,23.729,23.02,23.729,5845,0
MSVX.US,D,20201221,000000,23.557,23.645,22.843,23.501,11066,0
MSVX.US,D,20201222,000000,23.548,23.577,23.469,23.503,6477,0
MSVX.US,D,20201223,000000,23.533,23.617,23.533,23.596,4171,0
MSVX.US,D,20201224,000000,23.606,23.612,23.567,23.612,391,0
MSVX.US,D,20201228,000000,23.557,23.635,23.557,23.615,2774,0
MSVX.US,D,20201229,000000,23.723,23.743,23.723,23.733,4449,0
MSVX.US,D,20201230,000000,23.599,23.602,23.599,23.602,341,0
MSVX.US,D,20201231,000000,23.155,23.574,23.155,23.542,2725,0
MSVX.US,D,20210104,000000,23.574,23.843,23.544,23.773,19604,0
MSVX.US,D,20210105,000000,23.773,23.783,23.066,23.653,19626,0
MSVX.US,D,20210106,000000,23.693,23.763,23.504,23.504,4327,0
MSVX.US,D,20210107,000000,23.663,23.703,23.606,23.606,3908,0
MSVX.US,D,20210108,000000,23.681,23.681,23.668,23.668,686,0
MSVX.US,D,20210111,000000,23.703,23.773,23.604,23.668,16740,0
MSVX.US,D,20210112,000000,23.723,23.803,23.623,23.708,1609,0
MSVX.US,D,20210113,000000,23.703,23.833,23.693,23.732,15270,0
MSVX.US,D,20210114,000000,23.494,23.733,23.494,23.681,11261,0
MSVX.US,D,20210115,000000,23.255,23.683,23.255,23.613,8183,0
MSVX.US,D,20210119,000000,23.713,23.803,23.703,23.744,25470,0
MSVX.US,D,20210120,000000,23.703,23.793,23.703,23.783,8170,0
MSVX.US,D,20210121,000000,23.683,23.783,23.673,23.701,3077,0
MSVX.US,D,20210122,000000,23.658,23.723,23.633,23.658,2247,0
MSVX.US,D,20210125,000000,23.887,24.211,23.773,24.038,2990,0
MSVX.US,D,20210126,000000,23.763,23.892,23.761,23.892,4578,0
MSVX.US,D,20210127,000000,24.022,25.078,24.022,25.024,2577,0
MSVX.US,D,20210128,000000,25.058,25.058,24.918,24.918,5363,0
MSVX.US,D,20210129,000000,24.49,25.407,24.49,24.55,45267,0
MSVX.US,D,20210201,000000,24.745,25.108,24.745,25.077,3763,0
MSVX.US,D,20210202,000000,24.68,25.088,24.68,24.944,15303,0
MSVX.US,D,20210203,000000,25.108,25.108,25.096,25.101,7956,0
MSVX.US,D,20210204,000000,25.138,25.34,25.108,25.34,4290,0
MSVX.US,D,20210205,000000,25.367,25.384,25.337,25.384,1291,0
MSVX.US,D,20210208,000000,25.397,25.433,25.388,25.433,472,0
MSVX.US,D,20210209,000000,25.437,25.437,25.178,25.347,19297,0
MSVX.US,D,20210210,000000,25.317,25.317,25.268,25.268,2630,0
MSVX.US,D,20210211,000000,25.307,25.324,25.178,25.324,984,0
MSVX.US,D,20210212,000000,25.297,25.497,25.297,25.472,2612,0
MSVX.US,D,20210216,000000,25.487,25.528,25.447,25.488,14166,0
MSVX.US,D,20210217,000000,25.427,25.564,25.427,25.564,1431,0
MSVX.US,D,20210218,000000,25.457,25.53,25.442,25.53,1045,0
MSVX.US,D,20210219,000000,25.601,25.696,25.586,25.675,2918,0
MSVX.US,D,20210222,000000,25.596,25.596,25.562,25.562,864,0
MSVX.US,D,20210223,000000,25.566,25.726,25.559,25.69,5652,0
MSVX.US,D,20210224,000000,25.656,25.815,25.417,25.756,8644,0
MSVX.US,D,20210225,000000,25.442,25.442,24.919,24.948,5730,0
MSVX.US,D,20210226,000000,25.377,25.397,25.364,25.397,2473,0
MSVX.US,D,20210301,000000,25.367,25.377,25.198,25.256,5171,0
MSVX.US,D,20210302,000000,25.297,25.297,25.198,25.262,11048,0
MSVX.US,D,20210303,000000,25.028,25.208,25.028,25.1,1842,0
MSVX.US,D,20210304,000000,25.088,25.118,24.849,24.878,1540,0
MSVX.US,D,20210305,000000,24.809,24.899,24.799,24.889,2468,0
MSVX.US,D,20210308,000000,24.919,24.969,24.919,24.969,1109,0
MSVX.US,D,20210309,000000,25.118,25.138,25.018,25.066,1830,0
MSVX.US,D,20210310,000000,25.128,25.128,25.038,25.09,4441,0
MSVX.US,D,20210311,000000,25.188,25.228,25.188,25.21,735,0
MSVX.US,D,20210312,000000,25.188,25.286,25.178,25.286,1120,0
MSVX.US,D,20210315,000000,25.316,25.655,25.316,25.655,3490,0
MSVX.US,D,20210316,000000,25.741,25.741,25.65,25.65,304,0
MSVX.US,D,20210317,000000,25.626,25.898,25.626,25.898,308,0
MSVX.US,D,20210318,000000,25.477,25.566,25.477,25.526,320,0
MSVX.US,D,20210319,000000,25.427,25.835,25.427,25.736,5321,0
MSVX.US,D,20210322,000000,25.915,25.915,25.895,25.895,409,0
MSVX.US,D,20210323,000000,25.756,25.756,25.498,25.569,1275,0
MSVX.US,D,20210324,000000,25.746,25.746,25.543,25.543,618,0
MSVX.US,D,20210325,000000,25.397,25.766,25.317,25.766,2220,0
MSVX.US,D,20210326,000000,25.828,25.925,25.776,25.844,3216,0
MSVX.US,D,20210329,000000,25.746,25.835,25.746,25.835,3171,0
MSVX.US,D,20210330,000000,25.815,26.622,25.815,25.889,2769,0
MSVX.US,D,20210331,000000,25.815,25.835,25.716,25.814,3355,0
MSVX.US,D,20210401,000000,25.892,26.015,25.875,26.002,4475,0
MSVX.US,D,20210405,000000,26.06,26.084,25.965,26.063,5276,0
MSVX.US,D,20210406,000000,26.194,26.194,25.945,25.966,4489,0
MSVX.US,D,20210407,000000,26.055,26.084,25.935,26.057,2876,0
MSVX.US,D,20210408,000000,26.204,26.204,26.154,26.186,753,0
MSVX.US,D,20210409,000000,26.124,26.276,26.124,26.276,7161,0
MSVX.US,D,20210412,000000,25.995,26.812,25.925,26.068,8562,0
MSVX.US,D,20210413,000000,26.111,26.111,26.111,26.111,267,0
MSVX.US,D,20210414,000000,26.065,26.065,25.925,25.939,861,0
MSVX.US,D,20210415,000000,26.174,26.772,26.157,26.157,4483,0
MSVX.US,D,20210416,000000,26.129,26.194,26.129,26.151,1886,0
MSVX.US,D,20210419,000000,25.945,26.035,25.945,26.035,2230,0
MSVX.US,D,20210420,000000,25.845,26.134,25.845,26.134,7180,0
MSVX.US,D,20210421,000000,25.935,26.074,25.935,26.052,6812,0
MSVX.US,D,20210422,000000,26.154,26.164,25.958,25.958,4738,0
MSVX.US,D,20210423,000000,26.244,26.353,25.997,26.01,5706,0
MSVX.US,D,20210426,000000,26.05,26.055,25.965,26.015,2787,0
MSVX.US,D,20210427,000000,25.845,26.124,25.845,26.074,2304,0
MSVX.US,D,20210428,000000,26.06,26.124,26.015,26.062,3910,0
MSVX.US,D,20210429,000000,26.097,26.097,26.097,26.097,1,0
MSVX.US,D,20210430,000000,26.314,26.314,25.988,25.988,1435,0
MSVX.US,D,20210503,000000,26.015,26.443,26.015,26.091,36113,0
MSVX.US,D,20210504,000000,26.094,26.094,25.955,26.064,23477,0
MSVX.US,D,20210505,000000,25.935,25.935,25.835,25.91,1214,0
MSVX.US,D,20210506,000000,25.845,25.845,25.796,25.796,22867,0
MSVX.US,D,20210507,000000,25.845,25.845,25.796,25.796,274,0
MSVX.US,D,20210510,000000,25.825,25.845,25.711,25.711,5153,0
MSVX.US,D,20210511,000000,25.517,25.616,25.477,25.554,37161,0
MSVX.US,D,20210512,000000,25.656,26.055,25.656,25.989,16807,0
MSVX.US,D,20210513,000000,25.925,26.015,25.865,25.931,13643,0
MSVX.US,D,20210514,000000,25.766,25.766,25.631,25.631,1651,0
MSVX.US,D,20210517,000000,25.576,26.344,25.507,25.507,15312,0
MSVX.US,D,20210518,000000,26.194,26.234,25.606,25.629,1948,0
MSVX.US,D,20210519,000000,25.477,25.536,25.417,25.525,3307,0
MSVX.US,D,20210520,000000,25.497,25.497,25.347,25.37,5038,0
MSVX.US,D,20210521,000000,25.168,25.168,25.058,25.168,5580,0
MSVX.US,D,20210524,000000,24.939,25.277,24.939,25.208,4023,0
MSVX.US,D,20210525,000000,25.248,25.337,25.222,25.336,5097,0
MSVX.US,D,20210526,000000,24.979,25.337,24.979,25.288,10165,0
MSVX.US,D,20210527,000000,25.457,25.477,25.442,25.449,9309,0
MSVX.US,D,20210528,000000,25.487,25.596,25.487,25.499,12222,0
MSVX.US,D,20210601,000000,25.397,25.467,25.327,25.376,16294,0
MSVX.US,D,20210602,000000,25.367,25.417,25.287,25.307,31683,0
MSVX.US,D,20210603,000000,25.287,25.327,25.158,25.294,4195,0
MSVX.US,D,20210604,000000,25.138,25.437,25.138,25.426,50460,0
MSVX.US,D,20210607,000000,25.447,25.517,25.447,25.507,2276,0
MSVX.US,D,20210608,000000,25.517,25.766,25.427,25.766,62284,0
MSVX.US,D,20210609,000000,25.517,25.517,25.387,25.407,30484,0
MSVX.US,D,20210610,000000,25.457,25.576,25.457,25.542,8777,0
MSVX.US,D,20210611,000000,25.756,25.995,25.716,25.716,3135,0
MSVX.US,D,20210614,000000,25.796,25.995,25.686,25.755,13832,0
MSVX.US,D,20210615,000000,25.646,25.736,25.407,25.727,7534,0
MSVX.US,D,20210616,000000,25.666,25.746,25.546,25.599,3219,0
MSVX.US,D,20210617,000000,25.566,25.596,25.544,25.544,581,0
MSVX.US,D,20210618,000000,25.417,25.417,25.138,25.203,4340,0
MSVX.US,D,20210621,000000,25.058,25.317,25.058,25.244,33209,0
MSVX.US,D,20210622,000000,25.287,25.327,25.27,25.27,2630,0
MSVX.US,D,20210623,000000,25.356,25.356,25.356,25.356,1425,0
MSVX.US,D,20210624,000000,25.387,25.417,25.382,25.417,9429,0
MSVX.US,D,20210625,000000,25.417,25.434,25.417,25.434,1201,0
MSVX.US,D,20210628,000000,25.546,25.546,25.437,25.5,4549,0
MSVX.US,D,20210629,000000,25.526,25.526,25.466,25.466,5585,0
MSVX.US,D,20210630,000000,25.477,25.517,25.458,25.482,1828,0
MSVX.US,D,20210701,000000,25.517,25.606,25.517,25.568,2620,0
MSVX.US,D,20210702,000000,25.795,25.795,25.596,25.621,4088,0
MSVX.US,D,20210706,000000,25.522,25.522,25.407,25.497,6416,0
MSVX.US,D,20210707,000000,25.576,25.666,25.576,25.613,4350,0
MSVX.US,D,20210708,000000,25.117,25.327,25.117,25.253,6086,0
MSVX.US,D,20210709,000000,25.566,25.776,25.546,25.696,8123,0
MSVX.US,D,20210712,000000,25.606,25.776,25.547,25.676,11896,0
MSVX.US,D,20210713,000000,25.606,25.616,25.477,25.616,3167,0
MSVX.US,D,20210714,000000,25.696,25.746,25.666,25.717,460,0
MSVX.US,D,20210715,000000,25.457,25.596,25.457,25.591,1992,0
MSVX.US,D,20210716,000000,25.497,25.497,25.305,25.308,1747,0
MSVX.US,D,20210719,000000,24.61,24.869,24.545,24.689,2534,0
MSVX.US,D,20210720,000000,25.098,25.098,25.062,25.062,813,0
MSVX.US,D,20210721,000000,25.188,25.225,25.128,25.223,19111,0
MSVX.US,D,20210722,000000,25.168,25.287,25.168,25.243,1000,0
MSVX.US,D,20210723,000000,25.367,25.517,25.238,25.486,9419,0
MSVX.US,D,20210726,000000,25.507,25.507,25.248,25.456,16208,0
MSVX.US,D,20210727,000000,25.317,25.905,25.208,25.529,38314,0
MSVX.US,D,20210728,000000,25.631,25.631,25.467,25.545,10295,0
MSVX.US,D,20210729,000000,25.676,25.676,25.666,25.666,277,0
MSVX.US,D,20210730,000000,25.685,25.685,25.636,25.636,545,0
MSVX.US,D,20210802,000000,25.716,25.905,25.556,25.791,18934,0
MSVX.US,D,20210803,000000,25.666,25.666,25.644,25.644,426,0
MSVX.US,D,20210804,000000,25.576,25.606,25.576,25.582,922,0
MSVX.US,D,20210805,000000,25.746,26.025,25.746,25.88,19493,0
MSVX.US,D,20210806,000000,25.875,25.875,25.791,25.839,2113,0
MSVX.US,D,20210809,000000,25.875,26.174,25.855,25.86,7017,0
MSVX.US,D,20210810,000000,25.849,26.055,25.836,25.896,5842,0
MSVX.US,D,20210811,000000,25.925,25.985,25.845,25.983,8810,0
MSVX.US,D,20210812,000000,25.985,26.061,25.905,26.061,6912,0
MSVX.US,D,20210813,000000,26.065,26.065,25.905,26.022,2850,0
MSVX.US,D,20210816,000000,25.975,26.084,25.975,26.074,720,0
MSVX.US,D,20210817,000000,25.855,25.895,25.855,25.895,1316,0
MSVX.US,D,20210818,000000,25.716,25.798,25.666,25.798,8261,0
MSVX.US,D,20210819,000000,26.005,26.304,25.905,26.045,18385,0
MSVX.US,D,20210820,000000,26.214,26.214,26.209,26.209,324,0
MSVX.US,D,20210823,000000,26.473,26.593,26.463,26.51,6804,0
MSVX.US,D,20210824,000000,26.573,26.642,26.383,26.507,12949,0
MSVX.US,D,20210825,000000,26.553,26.652,26.523,26.596,11142,0
MSVX.US,D,20210826,000000,26.523,26.588,26.363,26.47,2992,0
MSVX.US,D,20210827,000000,26.573,26.772,26.573,26.658,9649,0
MSVX.US,D,20210830,000000,26.682,26.682,26.622,26.622,3388,0
MSVX.US,D,20210831,000000,26.593,26.614,26.543,26.614,8677,0
MSVX.US,D,20210901,000000,26.613,26.712,26.363,26.543,28106,0
MSVX.US,D,20210902,000000,26.692,26.722,26.577,26.577,13262,0
MSVX.US,D,20210903,000000,26.632,26.632,26.534,26.534,1209,0
MSVX.US,D,20210907,000000,26.463,26.483,26.393,26.445,2090,0
MSVX.US,D,20210908,000000,26.433,26.453,26.294,26.422,4725,0
MSVX.US,D,20210909,000000,26.523,26.523,26.297,26.297,880,0
MSVX.US,D,20210910,000000,26.373,26.373,26.082,26.082,51669,0
MSVX.US,D,20210913,000000,26.204,26.223,26.154,26.211,2278,0
MSVX.US,D,20210914,000000,26.463,26.463,26.045,26.116,5445,0
MSVX.US,D,20210915,000000,26.134,26.224,26.045,26.144,21788,0
MSVX.US,D,20210916,000000,26.304,26.304,26.244,26.274,1268,0
MSVX.US,D,20210917,000000,26.015,26.015,25.895,25.942,5463,0
MSVX.US,D,20210920,000000,25.397,25.436,25.098,25.436,5613,0
MSVX.US,D,20210921,000000,25.526,25.576,25.457,25.472,12375,0
MSVX.US,D,20210922,000000,25.487,25.497,25.357,25.427,8531,0
MSVX.US,D,20210923,000000,25.257,25.347,25.257,25.307,10757,0
MSVX.US,D,20210924,000000,24.939,25.263,24.939,25.263,4166,0
MSVX.US,D,20210927,000000,25.198,25.238,25.068,25.158,58904,0
MSVX.US,D,20210928,000000,24.859,24.949,24.829,24.829,17927,0
MSVX.US,D,20210929,000000,24.998,24.998,24.909,24.954,17379,0
MSVX.US,D,20210930,000000,24.889,25.068,24.889,25.001,4492,0
MSVX.US,D,20211001,000000,25.068,25.076,24.959,25.019,10248,0
MSVX.US,D,20211004,000000,24.993,25.066,24.979,25.038,12640,0
MSVX.US,D,20211005,000000,25.058,25.078,24.879,24.954,17123,0
MSVX.US,D,20211006,000000,25.018,25.048,24.919,24.952,8580,0
MSVX.US,D,20211007,000000,25.178,25.307,25.1,25.252,11049,0
MSVX.US,D,20211008,000000,25.277,25.317,25.248,25.255,65226,0
MSVX.US,D,20211011,000000,25.337,25.337,25.145,25.145,662,0
MSVX.US,D,20211012,000000,25.158,25.168,25.088,25.098,5468,0
MSVX.US,D,20211013,000000,25.158,25.208,25.133,25.133,6925,0
MSVX.US,D,20211014,000000,25.017,25.017,25.017,25.017,156,0
MSVX.US,D,20211015,000000,25.053,25.078,25.008,25.053,5022,0
MSVX.US,D,20211018,000000,25.078,25.078,24.988,25.033,10568,0
MSVX.US,D,20211019,000000,25.048,25.138,25.048,25.093,4503,0
MSVX.US,D,20211020,000000,25.168,25.178,25.123,25.133,5175,0
MSVX.US,D,20211021,000000,25.178,25.257,25.163,25.225,2770,0
MSVX.US,D,20211022,000000,25.108,25.257,25.108,25.208,5011,0
MSVX.US,D,20211025,000000,25.158,25.208,25.158,25.195,12992,0
MSVX.US,D,20211026,000000,24.859,25.238,24.859,25.123,5700,0
MSVX.US,D,20211027,000000,25.158,25.178,25.088,25.128,25370,0
MSVX.US,D,20211028,000000,25.098,25.113,25.098,25.113,2790,0
MSVX.US,D,20211029,000000,25.113,25.113,25.088,25.113,1823,0
MSVX.US,D,20211101,000000,25.113,25.158,25.058,25.058,4333,0
MSVX.US,D,20211102,000000,25.238,25.238,24.998,25.043,4945,0
MSVX.US,D,20211103,000000,25.038,25.048,24.959,24.998,14898,0
MSVX.US,D,20211104,000000,24.919,24.986,24.819,24.899,3834,0
MSVX.US,D,20211105,000000,24.869,24.899,24.869,24.899,218,0
MSVX.US,D,20211108,000000,24.899,24.909,24.849,24.849,2014,0
MSVX.US,D,20211109,000000,24.859,24.889,24.819,24.854,2718,0
MSVX.US,D,20211110,000000,24.889,24.919,24.852,24.893,4384,0
MSVX.US,D,20211111,000000,24.874,24.874,24.829,24.874,6567,0
MSVX.US,D,20211112,000000,24.779,24.829,24.779,24.824,3128,0
MSVX.US,D,20211115,000000,24.819,24.827,24.66,24.813,8039,0
MSVX.US,D,20211116,000000,24.839,24.849,24.729,24.78,8964,0
MSVX.US,D,20211117,000000,24.849,24.849,24.779,24.809,888,0
MSVX.US,D,20211118,000000,24.814,24.829,24.8,24.8,412,0
MSVX.US,D,20211119,000000,24.739,24.794,24.739,24.775,5033,0
MSVX.US,D,20211122,000000,24.719,24.775,24.69,24.775,2542,0
MSVX.US,D,20211123,000000,24.759,24.799,24.739,24.772,5315,0
MSVX.US,D,20211124,000000,24.799,24.799,24.754,24.754,1763,0
MSVX.US,D,20211126,000000,24.909,24.929,24.839,24.893,5123,0
MSVX.US,D,20211129,000000,24.929,24.959,24.789,24.834,5370,0
MSVX.US,D,20211130,000000,24.908,24.95,24.889,24.95,1818,0
MSVX.US,D,20211201,000000,24.899,24.907,24.874,24.874,4053,0
MSVX.US,D,20211202,000000,24.929,24.998,24.829,24.893,5027,0
MSVX.US,D,20211203,000000,24.949,24.969,24.94,24.94,8101,0
MSVX.US,D,20211206,000000,24.998,25.018,24.929,24.974,3617,0
MSVX.US,D,20211207,000000,24.889,24.889,24.849,24.874,14338,0
MSVX.US,D,20211208,000000,24.849,24.849,24.804,24.804,3325,0
MSVX.US,D,20211209,000000,24.809,24.849,24.789,24.809,7168,0
MSVX.US,D,20211210,000000,24.809,24.849,24.779,24.784,10509,0
MSVX.US,D,20211213,000000,24.52,24.779,24.52,24.714,14716,0
MSVX.US,D,20211214,000000,24.58,24.66,24.47,24.57,9342,0
MSVX.US,D,20211215,000000,22.67,24.88,22.67,24.8725,6547,0
MSVX.US,D,20211216,000000,24.84,24.84,24.635,24.7194,2971,0
MSVX.US,D,20211217,000000,24.5,24.71,24.4977,24.4977,2351,0
MSVX.US,D,20211220,000000,24.4301,24.52,24.4301,24.475,2245,0
MSVX.US,D,20211221,000000,24.635,24.68,24.59,24.63,8399,0
MSVX.US,D,20211222,000000,24.68,24.8229,24.68,24.8229,9729,0
MSVX.US,D,20211223,000000,25,25,24.93,24.943,1336,0
MSVX.US,D,20211227,000000,24.81,25.106,24.81,25.106,3848,0
MSVX.US,D,20211228,000000,25.03,25.06,24.99,25.038,4968,0
MSVX.US,D,20211229,000000,25.04,25.155,24.98,25.0237,14290,0
MSVX.US,D,20211230,000000,25.01,25.04,24.97,25.0219,4490,0
MSVX.US,D,20211231,000000,25.03,25.0699,25,25,2333,0
MSVX.US,D,20220103,000000,25.035,25.035,24.96,25.028,4571,0
MSVX.US,D,20220104,000000,24.98,25.018,24.96,24.9968,2581,0
MSVX.US,D,20220105,000000,25.03,25.1205,25.03,25.1155,2216,0
MSVX.US,D,20220106,000000,25.12,25.12,25.1,25.1177,1174,0
MSVX.US,D,20220107,000000,25.1001,25.15,25.09,25.132,146951,0
MSVX.US,D,20220110,000000,25.18,25.265,25.1539,25.1539,12730,0
MSVX.US,D,20220111,000000,25.52,25.6,25.52,25.5917,222076,0
MSVX.US,D,20220112,000000,25.615,25.6699,25.56,25.6507,3800,0
MSVX.US,D,20220113,000000,25.67,25.7099,25.3701,25.3757,10824,0
MSVX.US,D,20220114,000000,25.304,26.11,25.25,25.4375,6195,0
MSVX.US,D,20220118,000000,25.56,25.64,25.525,25.601,4396,0
MSVX.US,D,20220119,000000,25.56,25.6,25.5,25.55,2074,0
MSVX.US,D,20220120,000000,25.5999,25.5999,25.55,25.55,177,0
MSVX.US,D,20220121,000000,25.55,25.55,25.41,25.41,9213,0
MSVX.US,D,20220124,000000,25.46,25.48,25.192,25.24,3116,0
MSVX.US,D,20220125,000000,25.22,25.275,25.2,25.23,6889,0
MSVX.US,D,20220126,000000,25.3,25.76,25.3,25.42,31615,0
MSVX.US,D,20220127,000000,25.34,25.47,25.3201,25.47,21389,0
MSVX.US,D,20220128,000000,25.39,25.46,25.39,25.45,1111,0
MSVX.US,D,20220131,000000,25.445,25.5,25.445,25.4499,20975,0
MSVX.US,D,20220201,000000,25.49,25.55,25.455,25.5012,4288,0
MSVX.US,D,20220202,000000,25.6228,25.66,25.55,25.6314,11721,0
MSVX.US,D,20220203,000000,25.52,25.54,25.4739,25.4739,2401,0
MSVX.US,D,20220204,000000,25.425,25.47,25.36,25.47,7278,0
MSVX.US,D,20220207,000000,25.39,25.4196,25.36,25.4196,2351,0
MSVX.US,D,20220208,000000,25.37,25.39,25.31,25.38,7614,0
MSVX.US,D,20220209,000000,25.31,25.32,25.21,25.2625,22532,0
MSVX.US,D,20220210,000000,25.21,25.26,25.21,25.2595,6220,0
MSVX.US,D,20220211,000000,25.399,25.52,25.33,25.504,8754,0
MSVX.US,D,20220214,000000,25.59,25.59,25.5699,25.5699,1136,0
MSVX.US,D,20220215,000000,25.48,25.5192,25.4701,25.4701,824,0
MSVX.US,D,20220216,000000,25.56,25.568,25.48,25.5297,2462,0
MSVX.US,D,20220217,000000,25.48,25.48,25.41,25.44,4039,0
MSVX.US,D,20220218,000000,25.42,25.43,25.35,25.39,5561,0
MSVX.US,D,20220222,000000,25.581,25.72,25.581,25.7082,6260,0
MSVX.US,D,20220223,000000,25.63,25.82,25.63,25.8175,4550,0
MSVX.US,D,20220224,000000,25.72,25.72,25.67,25.695,5521,0
MSVX.US,D,20220225,000000,27.73,27.73,25.43,25.54,7216,0
MSVX.US,D,20220228,000000,25.4799,25.4834,25.38,25.4834,3749,0
MSVX.US,D,20220301,000000,25.61,25.61,25.44,25.4826,23635,0
MSVX.US,D,20220302,000000,25.31,25.32,25.11,25.1639,6786,0
MSVX.US,D,20220303,000000,25.61,25.61,25.35,25.5359,871,0
MSVX.US,D,20220304,000000,25.51,25.51,25.505,25.505,640,0
MSVX.US,D,20220307,000000,25.3807,25.4,25.26,25.268,8108,0
MSVX.US,D,20220308,000000,25.28,25.28,25.2106,25.2106,677,0
MSVX.US,D,20220309,000000,25.24,25.265,24.9239,25.265,6744,0
MSVX.US,D,20220310,000000,25.27,25.3469,25.245,25.3469,5864,0
MSVX.US,D,20220311,000000,25.4093,25.43,25.2252,25.2252,4679,0
MSVX.US,D,20220314,000000,25.25,25.26,25.19,25.215,12901,0
MSVX.US,D,20220315,000000,25.42,25.42,25.36,25.395,3862,0
MSVX.US,D,20220316,000000,25.63,25.66,25.5,25.6316,8440,0
MSVX.US,D,20220317,000000,25.66,25.77,25.66,25.6947,8120,0
MSVX.US,D,20220318,000000,25.77,25.91,25.77,25.8712,12235,0
MSVX.US,D,20220321,000000,26.0199,26.04,25.9648,25.9648,971,0
MSVX.US,D,20220322,000000,25.99,26.01,25.94,25.975,9753,0
MSVX.US,D,20220323,000000,25.85,25.8599,25.79,25.8,5848,0
MSVX.US,D,20220324,000000,25.85,25.885,25.85,25.885,1763,0
MSVX.US,D,20220325,000000,25.87,25.92,25.8203,25.8912,77013,0
MSVX.US,D,20220328,000000,25.9,25.95,25.8586,25.8586,5768,0
MSVX.US,D,20220329,000000,25.73,25.73,25.63,25.6655,20254,0
MSVX.US,D,20220330,000000,25.67,25.77,25.67,25.72,13568,0
MSVX.US,D,20220331,000000,25.725,25.7917,25.69,25.7917,3085,0
MSVX.US,D,20220401,000000,25.82,25.85,25.7858,25.7858,9307,0
MSVX.US,D,20220404,000000,25.79,25.79,25.71,25.7332,12417,0
MSVX.US,D,20220405,000000,25.75,25.814,25.73,25.814,5397,0
MSVX.US,D,20220406,000000,25.875,25.89,25.8525,25.8525,2604,0
MSVX.US,D,20220407,000000,25.855,25.88,25.8289,25.8289,11976,0
MSVX.US,D,20220408,000000,25.83,25.9,25.791,25.826,6739,0
MSVX.US,D,20220411,000000,25.91,25.92,25.885,25.895,2621,0
MSVX.US,D,20220412,000000,25.92,25.96,25.86,25.9398,7285,0
MSVX.US,D,20220413,000000,25.91,25.93,25.86,25.8904,14406,0
MSVX.US,D,20220414,000000,25.89,25.9599,25.8701,25.9366,14794,0
MSVX.US,D,20220418,000000,25.89,25.96,25.89,25.935,13464,0
MSVX.US,D,20220419,000000,25.89,25.95,25.89,25.915,13790,0
MSVX.US,D,20220420,000000,25.93,25.94,25.88,25.925,2626,0
MSVX.US,D,20220421,000000,25.895,26.02,25.83,25.9907,18769,0
MSVX.US,D,20220422,000000,26.085,26.1934,26.085,26.1934,11888,0
MSVX.US,D,20220425,000000,26.26,26.2797,26.24,26.245,15496,0
MSVX.US,D,20220426,000000,26.02,26.02,25.9113,25.9113,28699,0
MSVX.US,D,20220427,000000,26.01,26.03,25.96,25.995,10984,0
MSVX.US,D,20220428,000000,26.035,26.04,26.035,26.035,54903,0
MSVX.US,D,20220429,000000,26,26.05,25.99,26.045,2483,0
MSVX.US,D,20220502,000000,26.07,26.2299,25.9569,25.9569,4548,0
MSVX.US,D,20220503,000000,26.07,26.08,26.045,26.065,52955,0
MSVX.US,D,20220504,000000,26.13,26.34,26.11,26.34,26012,0
MSVX.US,D,20220505,000000,26.355,26.41,26.32,26.395,14197,0
MSVX.US,D,20220506,000000,26.365,26.45,26.13,26.18,133556,0
MSVX.US,D,20220509,000000,26.89,26.89,26.3887,26.44,27094,0
MSVX.US,D,20220510,000000,26.5699,26.6,26.54,26.58,7788,0
MSVX.US,D,20220511,000000,26.38,26.52,26.32,26.4452,9665,0
MSVX.US,D,20220512,000000,26.3,26.32,26.25,26.285,34319,0
MSVX.US,D,20220513,000000,26.25,26.25,25.92,26.0461,36901,0
MSVX.US,D,20220516,000000,25.925,25.925,25.86,25.8765,26625,0
MSVX.US,D,20220517,000000,25.96,26.04,25.91,26.04,5267,0
MSVX.US,D,20220518,000000,25.9,25.9,25.7475,25.7475,4960,0
MSVX.US,D,20220519,000000,25.755,25.84,25.69,25.8311,17363,0
MSVX.US,D,20220520,000000,25.7,25.7,25.65,25.695,4639,0
MSVX.US,D,20220523,000000,25.5709,25.6084,25.45,25.528,16082,0
MSVX.US,D,20220524,000000,25.64,25.64,25.435,25.4793,2223,0
MSVX.US,D,20220525,000000,25.45,25.46,25.362,25.362,903,0
MSVX.US,D,20220526,000000,25.3699,25.37,25.35,25.35,3807,0
MSVX.US,D,20220527,000000,25.19,25.657,25.19,25.657,6193,0
MSVX.US,D,20220531,000000,25.58,25.69,25.58,25.61,7249,0
MSVX.US,D,20220601,000000,25.495,25.575,25.495,25.5243,1535,0
MSVX.US,D,20220602,000000,25.505,25.57,25.49,25.56,28318,0
MSVX.US,D,20220603,000000,25.65,25.65,25.621,25.635,1425,0
MSVX.US,D,20220606,000000,25.6399,25.6399,25.55,25.583,4453,0
MSVX.US,D,20220607,000000,25.52,25.585,25.52,25.585,3352,0
MSVX.US,D,20220608,000000,25.6193,25.67,25.57,25.6255,13072,0
MSVX.US,D,20220609,000000,25.51,25.567,25.43,25.567,10752,0
MSVX.US,D,20220610,000000,25.58,25.6,25.53,25.5648,4878,0
MSVX.US,D,20220613,000000,25.82,25.93,25.78,25.8919,5694,0
MSVX.US,D,20220614,000000,25.85,25.88,25.7998,25.7998,7093,0
MSVX.US,D,20220615,000000,25.71,25.73,25.635,25.678,8960,0
MSVX.US,D,20220616,000000,25.6,25.63,25.58,25.62,23950,0
MSVX.US,D,20220617,000000,25.56,25.56,25.47,25.4826,14648,0
MSVX.US,D,20220621,000000,25.34,25.39,25.3291,25.3834,2441,0
MSVX.US,D,20220622,000000,25.4,25.4,25.3046,25.3046,3536,0
MSVX.US,D,20220623,000000,25.41,25.44,25.34,25.4169,10431,0
MSVX.US,D,20220624,000000,25.81,25.8266,25.59,25.8266,17099,0
MSVX.US,D,20220627,000000,25.8,25.85,25.77,25.779,8008,0
MSVX.US,D,20220628,000000,25.7,25.7,25.5261,25.5261,1357,0
MSVX.US,D,20220629,000000,25.49,25.49,25.44,25.4708,14698,0
MSVX.US,D,20220630,000000,25.41,25.48,25.348,25.3927,14419,0
MSVX.US,D,20220701,000000,25.4,25.4559,25.35,25.4559,4554,0
MSVX.US,D,20220705,000000,25.365,25.39,25.29,25.3134,6980,0
MSVX.US,D,20220706,000000,25.24,25.29,25.2399,25.2478,33650,0
MSVX.US,D,20220707,000000,25.28,25.28,25.23,25.255,9772,0
MSVX.US,D,20220708,000000,25.29,25.29,25.23,25.2511,3692,0
MSVX.US,D,20220711,000000,25.22,25.26,25.1997,25.1997,2850,0
MSVX.US,D,20220712,000000,25.18,25.21,25.12,25.13,1790,0
MSVX.US,D,20220713,000000,25.06,25.15,25.06,25.1061,5097,0
MSVX.US,D,20220714,000000,25.09,25.15,25.084,25.095,24749,0
MSVX.US,D,20220715,000000,25.045,25.045,24.9206,24.9547,13171,0
MSVX.US,D,20220718,000000,23.86,24.655,23.83,24.655,3029,0
MSVX.US,D,20220719,000000,24.6314,24.68,24.5,24.5248,6068,0
MSVX.US,D,20220720,000000,24.5193,24.52,24.45,24.4502,9187,0
MSVX.US,D,20220721,000000,24.44,24.455,24.3662,24.3662,2558,0
MSVX.US,D,20220722,000000,24.38,24.47,24.35,24.4513,3193,0
MSVX.US,D,20220725,000000,24.4599,24.49,24.4599,24.46,2693,0
MSVX.US,D,20220726,000000,24.54,24.57,24.5066,24.5353,2219,0
MSVX.US,D,20220727,000000,24.45,24.45,24.271,24.271,2599,0
MSVX.US,D,20220728,000000,24.3799,24.38,24.14,24.1661,3172,0
MSVX.US,D,20220729,000000,24.05,24.24,24.05,24.225,23579,0
MSVX.US,D,20220801,000000,24.39,24.39,24.22,24.275,10482,0
MSVX.US,D,20220802,000000,24.31,24.33,24.29,24.33,7564,0
MSVX.US,D,20220803,000000,24.31,24.31,24.24,24.2802,4574,0
MSVX.US,D,20220804,000000,24.28,24.28,24.245,24.2568,991,0
MSVX.US,D,20220805,000000,24.28,24.38,24.28,24.3707,1940,0
MSVX.US,D,20220808,000000,24.44,24.44,24.3736,24.3736,346,0
MSVX.US,D,20220809,000000,24.395,24.4499,24.34,24.395,5693,0
MSVX.US,D,20220810,000000,24.33,24.37,24.33,24.37,1722,0
MSVX.US,D,20220811,000000,24.375,24.4399,24.375,24.375,4212,0
MSVX.US,D,20220812,000000,24.38,24.3941,23.8,24.35,30106,0
MSVX.US,D,20220815,000000,24.31,24.4099,24.31,24.3606,1506,0
MSVX.US,D,20220816,000000,24.26,24.31,24.2,24.3009,4560,0
MSVX.US,D,20220817,000000,24.38,24.41,24.3,24.3544,3953,0
MSVX.US,D,20220818,000000,24.4199,24.4199,24.294,24.3348,11345,0
MSVX.US,D,20220819,000000,24.3601,24.48,24.3601,24.4316,4069,0
MSVX.US,D,20220822,000000,24.4675,24.4939,24.38,24.435,986,0
MSVX.US,D,20220823,000000,24.4899,24.4899,24.44,24.45,6355,0
MSVX.US,D,20220824,000000,24.4,24.4599,24.4,24.4,1840,0
MSVX.US,D,20220825,000000,24.43,24.48,24.41,24.41,4547,0
MSVX.US,D,20220826,000000,24.69,24.69,24.465,24.465,2362,0
MSVX.US,D,20220829,000000,24.45,24.47,24.37,24.396,1880,0
MSVX.US,D,20220830,000000,24.75,24.78,24.74,24.7654,2261,0
MSVX.US,D,20220831,000000,24.78,24.78,24.69,24.7,18950,0
MSVX.US,D,20220901,000000,24.72,24.82,24.684,24.684,4264,0
MSVX.US,D,20220902,000000,24.67,24.67,24.65,24.65,197,0
MSVX.US,D,20220906,000000,24.59,24.6025,24.55,24.585,4000,0
MSVX.US,D,20220907,000000,24.73,24.73,24.36,24.4,4299,0
MSVX.US,D,20220908,000000,24.36,24.365,24.3,24.327,3620,0
MSVX.US,D,20220909,000000,24.25,24.25,24.25,24.25,1016,0
MSVX.US,D,20220912,000000,24.1609,24.18,24.13,24.1638,637,0
MSVX.US,D,20220913,000000,24.31,24.4283,24.31,24.4283,1514,0
MSVX.US,D,20220914,000000,24.35,24.42,24.35,24.399,1214,0
MSVX.US,D,20220915,000000,24.486,24.486,24.486,24.486,131,0
MSVX.US,D,20220916,000000,24.55,24.62,24.52,24.528,2797,0
MSVX.US,D,20220919,000000,24.52,24.52,24.43,24.44,7006,0
MSVX.US,D,20220920,000000,24.49,24.53,24.47,24.47,6501,0
MSVX.US,D,20220921,000000,24.6,24.65,24.47,24.5116,15244,0
MSVX.US,D,20220922,000000,24.52,24.52,24.4501,24.487,1832,0
MSVX.US,D,20220923,000000,24.65,24.75,24.6,24.678,27802,0
MSVX.US,D,20220926,000000,24.66,24.83,24.66,24.7625,12026,0
MSVX.US,D,20220927,000000,24.74,24.75,24.74,24.74,1455,0
MSVX.US,D,20220928,000000,24.608,24.608,24.56,24.565,3823,0
MSVX.US,D,20220929,000000,24.65,24.65,24.5716,24.5874,2259,0
MSVX.US,D,20220930,000000,24.59,24.6,24.505,24.5651,7315,0
MSVX.US,D,20221003,000000,24.5599,24.5826,24.5,24.5826,1461,0
MSVX.US,D,20221004,000000,24.71,24.73,24.66,24.7223,24874,0
MSVX.US,D,20221005,000000,24.79,24.87,24.79,24.8328,1911,0
MSVX.US,D,20221006,000000,24.7968,24.7968,24.7534,24.7534,997,0
MSVX.US,D,20221007,000000,24.69,24.6989,24.628,24.632,1304,0
MSVX.US,D,20221010,000000,24.73,24.73,24.6301,24.664,3626,0
MSVX.US,D,20221011,000000,24.7,24.8287,24.7,24.81,9587,0
MSVX.US,D,20221012,000000,24.78,24.78,24.71,24.7482,2878,0
MSVX.US,D,20221013,000000,24.82,24.83,24.63,24.6795,7329,0
MSVX.US,D,20221014,000000,24.5,24.755,24.5,24.7413,2974,0
MSVX.US,D,20221017,000000,24.88,24.88,24.8,24.8722,3232,0
MSVX.US,D,20221018,000000,27.14,27.14,24.6602,24.6602,4451,0
MSVX.US,D,20221019,000000,24.7292,24.7292,24.6698,24.6698,2028,0
MSVX.US,D,20221020,000000,24.38,24.64,24.37,24.55,3162,0
MSVX.US,D,20221021,000000,24.61,24.75,24.61,24.7352,7091,0
MSVX.US,D,20221024,000000,24.8,24.81,24.75,24.7902,4022,0
MSVX.US,D,20221025,000000,24.84,24.905,24.8201,24.8831,6237,0
MSVX.US,D,20221026,000000,24.872,24.88,24.82,24.84,2233,0
MSVX.US,D,20221027,000000,24.92,24.92,24.82,24.8401,5650,0
MSVX.US,D,20221028,000000,24.86,24.96,24.86,24.9549,9709,0
MSVX.US,D,20221031,000000,24.945,24.98,24.89,24.9256,1974,0
MSVX.US,D,20221101,000000,25.03,25.04,24.94,24.9784,6254,0
MSVX.US,D,20221102,000000,24.99,25.1313,24.98,25.1313,8551,0
MSVX.US,D,20221103,000000,25.12,25.18,24.94,25.13,44161,0
MSVX.US,D,20221104,000000,24.89,24.9,24.77,24.815,4545,0
MSVX.US,D,20221107,000000,24.82,24.8799,24.75,24.8,3116,0
MSVX.US,D,20221108,000000,24.77,24.77,24.69,24.7041,1950,0
MSVX.US,D,20221109,000000,24.8199,24.82,24.71,24.71,4087,0
MSVX.US,D,20221110,000000,24.73,24.7702,24.73,24.7702,563,0
MSVX.US,D,20221111,000000,24.7635,24.8201,24.7635,24.8201,963,0
MSVX.US,D,20221114,000000,24.93,24.94,24.93,24.9357,2397,0
MSVX.US,D,20221115,000000,24.93,24.98,24.93,24.945,3485,0
MSVX.US,D,20221116,000000,24.945,24.96,24.93,24.945,13313,0
MSVX.US,D,20221117,000000,24.93,24.9644,24.93,24.95,2553,0
MSVX.US,D,20221118,000000,25.12,25.12,24.9399,24.9532,9763,0
MSVX.US,D,20221121,000000,25,25,24.995,24.995,301,0
MSVX.US,D,20221122,000000,25.03,25.077,25.03,25.077,332,0
MSVX.US,D,20221123,000000,25.105,25.11,25.1,25.1068,1251,0
MSVX.US,D,20221125,000000,25.115,25.115,25.115,25.115,24,0
MSVX.US,D,20221128,000000,25.1099,25.11,25.03,25.0442,1888,0
MSVX.US,D,20221129,000000,25.03,25.05,25,25.035,1812,0
MSVX.US,D,20221130,000000,25.04,25.1843,25.04,25.1843,1036,0
MSVX.US,D,20221201,000000,25.2,25.21,25.16,25.1902,2672,0
MSVX.US,D,20221202,000000,25.19,25.23,25.14,25.2007,3913,0
MSVX.US,D,20221205,000000,25.18,25.18,25.1,25.1237,4001,0
MSVX.US,D,20221206,000000,25.09,25.09,25.01,25.0424,2472,0
MSVX.US,D,20221207,000000,25.08,25.11,25.06,25.085,18509,0
MSVX.US,D,20221208,000000,25.11,25.12,25.09,25.1042,722,0
MSVX.US,D,20221209,000000,25.09,25.13,25.0857,25.0857,3711,0
MSVX.US,D,20221212,000000,25.1,25.1,25.0441,25.065,4404,0
MSVX.US,D,20221213,000000,25.0901,25.1093,25.08,25.1093,7793,0
MSVX.US,D,20221214,000000,25.12,25.13,24.9301,25.0001,10632,0
MSVX.US,D,20221215,000000,24.93,24.94,24.75,24.7706,3957,0
MSVX.US,D,20221216,000000,24.77,24.77,24.73,24.755,1116,0
MSVX.US,D,20221219,000000,24.77,24.79,24.76,24.7703,3772,0
MSVX.US,D,20221220,000000,24.77,24.78,24.7,24.7404,14232,0
MSVX.US,D,20221221,000000,24.66,24.71,24.65,24.676,9622,0
MSVX.US,D,20221222,000000,24.7401,24.9201,24.74,24.8274,9255,0
MSVX.US,D,20221223,000000,24.83,24.83,24.747,24.7555,983,0
MSVX.US,D,20221227,000000,24.81,24.81,24.775,24.7833,5798,0
MSVX.US,D,20221228,000000,24.805,24.87,24.8,24.845,4878,0
MSVX.US,D,20221229,000000,24.815,24.84,24.78,24.83,16236,0
MSVX.US,D,20221230,000000,24.884,24.89,24.82,24.82,69153,0
MSVX.US,D,20230103,000000,24.79,24.8512,24.78,24.805,12556,0
MSVX.US,D,20230104,000000,24.82,24.82,24.71,24.7642,11783,0
MSVX.US,D,20230105,000000,24.84,24.84,24.8,24.8393,2713,0
MSVX.US,D,20230106,000000,24.74,24.742,24.6693,24.6693,3213,0
MSVX.US,D,20230109,000000,24.85,24.85,24.7,24.7151,7087,0
MSVX.US,D,20230110,000000,24.8161,24.8161,24.78,24.78,1770,0
MSVX.US,D,20230111,000000,24.79,24.7999,24.74,24.74,5838,0
MSVX.US,D,20230112,000000,24.7801,24.805,24.78,24.805,2600,0
MSVX.US,D,20230113,000000,24.77,24.8,24.75,24.75,8400,0
MSVX.US,D,20230117,000000,24.7899,24.7899,24.74,24.7548,727,0
MSVX.US,D,20230118,000000,24.7505,24.7505,24.7,24.7,2821,0
MSVX.US,D,20230119,000000,24.66,24.6907,24.66,24.6907,2209,0
MSVX.US,D,20230120,000000,24.7399,24.7974,24.7399,24.7974,973,0
MSVX.US,D,20230123,000000,24.83,24.895,24.83,24.85,4272,0
MSVX.US,D,20230124,000000,24.825,24.8302,24.825,24.8302,422,0
MSVX.US,D,20230125,000000,24.825,24.85,24.8,24.8,1771,0
MSVX.US,D,20230126,000000,24.8699,24.9,24.8625,24.8866,4675,0
MSVX.US,D,20230127,000000,24.9,24.9,24.77,24.8641,21799,0
MSVX.US,D,20230130,000000,24.72,24.8399,24.7,24.805,2709,0
MSVX.US,D,20230131,000000,24.716,24.79,24.6899,24.6899,7575,0
MSVX.US,D,20230201,000000,24.72,24.72,24.6153,24.6153,4357,0
MSVX.US,D,20230202,000000,23.8,24.62,23.8,24.595,12741,0
MSVX.US,D,20230203,000000,24.57,24.6,24.52,24.5852,8732,0
MSVX.US,D,20230206,000000,24.53,24.56,24.5216,24.5417,2259,0
MSVX.US,D,20230207,000000,24.545,24.5909,24.5,24.5909,4787,0
MSVX.US,D,20230208,000000,24.56,24.56,24.46,24.5076,3903,0
MSVX.US,D,20230209,000000,24.63,24.63,24.43,24.4624,4381,0
MSVX.US,D,20230210,000000,24.3801,24.46,24.3401,24.4575,7738,0
MSVX.US,D,20230213,000000,24.5,24.549,24.48,24.549,3834,0
MSVX.US,D,20230214,000000,24.51,24.66,24.51,24.637,2728,0
MSVX.US,D,20230215,000000,24.6,24.6499,24.6,24.635,3237,0
MSVX.US,D,20230216,000000,24.51,24.55,24.43,24.4601,20978,0
MSVX.US,D,20230217,000000,24.46,24.49,24.46,24.49,1653,0
MSVX.US,D,20230221,000000,24.39,24.41,24.38,24.3903,3639,0
MSVX.US,D,20230222,000000,24.4,24.4462,24.39,24.4462,6222,0
MSVX.US,D,20230223,000000,24.435,24.435,24.41,24.435,1671,0
MSVX.US,D,20230224,000000,24.36,24.38,24.3389,24.378,6048,0
MSVX.US,D,20230227,000000,24.26,24.26,24.2,24.2241,14082,0
MSVX.US,D,20230228,000000,24.1295,24.1295,24.08,24.0953,4856,0
MSVX.US,D,20230301,000000,24.12,24.189,24.12,24.1351,2980,0
MSVX.US,D,20230302,000000,24.1053,24.1699,24.0271,24.0271,6549,0
MSVX.US,D,20230303,000000,24.03,24.03,23.9417,23.9511,2816,0
MSVX.US,D,20230306,000000,23.85,23.96,23.83,23.955,2262,0
MSVX.US,D,20230307,000000,24.0052,24.0052,24.0052,24.0052,53,0
MSVX.US,D,20230308,000000,24.07,24.07,23.97,24.0133,4567,0
MSVX.US,D,20230309,000000,23.97,24.15,23.96,24.1188,7368,0
MSVX.US,D,20230310,000000,24.19,24.2391,24.115,24.2174,3008,0
MSVX.US,D,20230313,000000,24.36,24.36,24.269,24.3157,4226,0
MSVX.US,D,20230314,000000,24.275,24.275,24.1801,24.2357,3219,0
MSVX.US,D,20230315,000000,24.26,24.3,24.225,24.2598,5673,0
MSVX.US,D,20230316,000000,24.24,24.244,24.195,24.1966,3260,0
MSVX.US,D,20230317,000000,24.24,24.29,24.2319,24.2725,2300,0
MSVX.US,D,20230320,000000,24.31,24.31,24.25,24.2957,3685,0
MSVX.US,D,20230321,000000,24.285,24.285,24.2304,24.2304,1790,0
MSVX.US,D,20230322,000000,24.21,24.33,24.2,24.3127,7301,0
MSVX.US,D,20230323,000000,24.35,24.3814,24.25,24.3389,5122,0
MSVX.US,D,20230324,000000,24.39,24.4,24.31,24.3494,30759,0
MSVX.US,D,20230327,000000,24.3,24.3328,24.3,24.3328,654,0
MSVX.US,D,20230328,000000,24.0301,24.04,23.97,23.9901,5483,0
MSVX.US,D,20230329,000000,23.895,23.895,23.77,23.8093,8874,0
MSVX.US,D,20230330,000000,23.805,23.8599,23.7907,23.7907,1671,0
MSVX.US,D,20230331,000000,23.6501,23.725,23.58,23.6098,2559,0
MSVX.US,D,20230403,000000,23.615,23.615,23.51,23.5298,3682,0
MSVX.US,D,20230404,000000,23.28,23.73,23.28,23.6654,4563,0
MSVX.US,D,20230405,000000,23.69,23.7,23.6298,23.6298,1985,0
MSVX.US,D,20230406,000000,23.5699,23.5699,23.5518,23.5518,300,0
MSVX.US,D,20230410,000000,23.63,23.63,23.5,23.5616,4494,0
MSVX.US,D,20230411,000000,23.54,23.54,23.45,23.52,5656,0
MSVX.US,D,20230412,000000,23.47,23.5681,23.45,23.5681,3562,0
MSVX.US,D,20230413,000000,23.35,23.3726,23.34,23.3726,1023,0
MSVX.US,D,20230414,000000,23.39,23.455,23.38,23.4005,4353,0
MSVX.US,D,20230417,000000,23.3595,23.3595,23.3595,23.3595,7,0
MSVX.US,D,20230418,000000,22.84,23.38,22.76,23.37,7465,0
MSVX.US,D,20230419,000000,23.37,23.37,23.3,23.3502,9508,0
MSVX.US,D,20230420,000000,23.3518,23.37,23.3518,23.353,545,0
MSVX.US,D,20230421,000000,23.428,23.428,23.35,23.3506,2414,0
MSVX.US,D,20230424,000000,23.4442,23.4442,23.38,23.4053,14302,0
MSVX.US,D,20230425,000000,23.42,23.475,23.42,23.475,1009,0
MSVX.US,D,20230426,000000,23.5034,23.52,23.48,23.5,23688,0
MSVX.US,D,20230427,000000,23.48,23.499,23.42,23.4426,1130,0
MSVX.US,D,20230428,000000,23.41,23.41,23.34,23.3696,12483,0
MSVX.US,D,20230501,000000,23.34,23.34,23.31,23.3226,1867,0
MSVX.US,D,20230502,000000,23.42,23.46,23.41,23.4155,8967,0
MSVX.US,D,20230503,000000,23.495,23.528,23.41,23.528,3088,0
MSVX.US,D,20230504,000000,23.67,23.6889,23.63,23.6889,10977,0
MSVX.US,D,20230505,000000,23.54,23.5827,23.4509,23.521,10785,0
MSVX.US,D,20230508,000000,23.4801,23.4863,23.45,23.4863,4231,0
MSVX.US,D,20230509,000000,23.575,23.575,23.52,23.5402,1055,0
MSVX.US,D,20230510,000000,23.52,23.53,23.29,23.485,15636,0
MSVX.US,D,20230511,000000,23.3,23.585,23.3,23.5301,8951,0
MSVX.US,D,20230512,000000,23.5,23.58,23.5,23.5265,6615,0
MSVX.US,D,20230515,000000,23.47,23.56,23.47,23.5308,4503,0
MSVX.US,D,20230516,000000,23.5127,23.5127,23.485,23.485,1074,0
MSVX.US,D,20230517,000000,23.485,23.5299,23.4847,23.485,2583,0
MSVX.US,D,20230518,000000,23.54,23.54,23.4919,23.4919,2128,0
MSVX.US,D,20230519,000000,23.555,23.555,23.51,23.515,1219,0
MSVX.US,D,20230522,000000,23.5104,23.55,23.51,23.54,2731,0
MSVX.US,D,20230523,000000,23.55,23.67,23.51,23.6393,1590,0
MSVX.US,D,20230524,000000,23.6079,23.61,23.58,23.61,5299,0
MSVX.US,D,20230525,000000,23.67,23.725,23.64,23.6841,8644,0
MSVX.US,D,20230526,000000,23.66,23.71,23.66,23.71,5278,0
MSVX.US,D,20230530,000000,23.715,23.715,23.665,23.7147,1427,0
MSVX.US,D,20230531,000000,23.735,23.735,23.735,23.735,1010,0
MSVX.US,D,20230601,000000,23.7985,23.7985,23.6601,23.75,11043,0
MSVX.US,D,20230602,000000,23.6601,23.76,23.6601,23.75,3699,0
MSVX.US,D,20230605,000000,23.75,23.7604,23.7218,23.7604,218771,0
MSVX.US,D,20230606,000000,23.805,23.82,23.7847,23.7847,3229,0
MSVX.US,D,20230607,000000,23.83,23.83,23.8173,23.8173,799,0
MSVX.US,D,20230608,000000,23.71,23.73,23.7063,23.7266,6520,0
MSVX.US,D,20230609,000000,23.64,23.7,23.64,23.6825,2464,0
MSVX.US,D,20230612,000000,23.655,23.66,23.56,23.589,2677,0
MSVX.US,D,20230613,000000,23.5201,23.5201,23.5201,23.5201,241,0
MSVX.US,D,20230614,000000,23.31,23.5111,23.31,23.5111,1090,0
MSVX.US,D,20230615,000000,23.46,23.4914,23.46,23.4914,2318,0
MSVX.US,D,20230616,000000,23.37,23.5053,23.37,23.5053,4656,0
MSVX.US,D,20230620,000000,23.35,23.43,23.105,23.43,1089,0
MSVX.US,D,20230621,000000,23.505,23.505,23.45,23.4936,3773,0
MSVX.US,D,20230622,000000,23.465,23.5,23.465,23.5,2093,0
MSVX.US,D,20230623,000000,23.47,23.4799,23.47,23.4799,519,0
MSVX.US,D,20230626,000000,23.43,23.45,23.41,23.4375,35820,0
MSVX.US,D,20230627,000000,23.48,23.53,23.48,23.5207,3903,0
MSVX.US,D,20230628,000000,23.51,23.544,23.48,23.53,35578,0
MSVX.US,D,20230629,000000,23.49,23.5266,23.49,23.5266,5825,0
MSVX.US,D,20230630,000000,23.56,23.56,23.54,23.5557,3556,0
MSVX.US,D,20230703,000000,23.6409,23.6409,23.6409,23.6409,60,0
MSVX.US,D,20230705,000000,23.54,23.605,23.52,23.5794,11807,0
MSVX.US,D,20230706,000000,24.25,24.25,23.15,23.3819,5536,0
MSVX.US,D,20230707,000000,23.455,23.5,23.38,23.38,5170,0
MSVX.US,D,20230710,000000,23.4,23.45,23.4,23.4298,1582,0
MSVX.US,D,20230711,000000,23.48,23.4921,23.4001,23.4921,6493,0
MSVX.US,D,20230712,000000,23.6301,23.67,23.62,23.6451,79607,0
MSVX.US,D,20230713,000000,23.47,23.77,23.47,23.7605,6898,0
MSVX.US,D,20230714,000000,23.69,23.73,23.69,23.7093,5801,0
MSVX.US,D,20230717,000000,23.69,23.6986,23.66,23.6986,3412,0
MSVX.US,D,20230718,000000,23.6917,23.78,23.6917,23.745,2055,0
MSVX.US,D,20230719,000000,23.775,23.775,23.75,23.765,1091,0
MSVX.US,D,20230720,000000,23.73,23.795,23.71,23.7665,2218,0
MSVX.US,D,20230721,000000,23.73,23.8014,23.72,23.72,2073,0
MSVX.US,D,20230724,000000,23.72,23.77,23.71,23.77,4505,0
MSVX.US,D,20230725,000000,23.785,23.785,23.72,23.72,1600,0
MSVX.US,D,20230726,000000,23.72,23.77,23.72,23.77,535,0
MSVX.US,D,20230727,000000,23.71,23.73,23.62,23.6577,3087,0
MSVX.US,D,20230728,000000,23.75,23.8299,23.75,23.8087,1920,0
MSVX.US,D,20230731,000000,23.76,23.7701,23.76,23.7696,727,0
MSVX.US,D,20230801,000000,23.73,23.7422,23.71,23.7422,2934,0
MSVX.US,D,20230802,000000,23.57,23.57,23.5,23.5616,5656,0
MSVX.US,D,20230803,000000,23.57,23.6,23.552,23.552,10803,0
MSVX.US,D,20230804,000000,23.5311,23.73,23.52,23.71,7345,0
MSVX.US,D,20230807,000000,23.7,23.7,23.6636,23.6636,296,0
MSVX.US,D,20230808,000000,23.961,23.961,23.67,23.67,2955,0
MSVX.US,D,20230809,000000,23.78,23.82,23.76,23.76,9687,0
MSVX.US,D,20230810,000000,23.76,23.845,23.76,23.82,14941,0
MSVX.US,D,20230811,000000,23.855,23.855,23.82,23.82,604,0
MSVX.US,D,20230814,000000,23.55,24.11,23.55,24.11,20131,0
MSVX.US,D,20230815,000000,23.85,23.895,23.85,23.8808,801,0
MSVX.US,D,20230816,000000,23.905,23.905,23.74,23.7631,2702,0
MSVX.US,D,20230817,000000,23.6801,23.6801,23.53,23.5325,4448,0
MSVX.US,D,20230818,000000,23.36,23.5963,23.36,23.5963,879,0
MSVX.US,D,20230821,000000,23.575,23.7039,23.575,23.7039,686,0
MSVX.US,D,20230822,000000,23.62,23.6916,23.58,23.6916,5758,0
MSVX.US,D,20230823,000000,23.8,23.8546,23.8,23.836,19356,0
MSVX.US,D,20230824,000000,23.74,23.74,23.6628,23.6628,265,0
MSVX.US,D,20230825,000000,23.44,23.8802,23.44,23.8802,759,0
MSVX.US,D,20230828,000000,23.73,23.73,23.57,23.57,50811,0
MSVX.US,D,20230829,000000,23.395,23.49,23.32,23.383,3567,0
MSVX.US,D,20230830,000000,23.395,23.395,23.31,23.395,1261,0
MSVX.US,D,20230831,000000,23.39,23.4459,23.2901,23.4459,1955,0
MSVX.US,D,20230901,000000,23.425,23.425,23.3305,23.4181,2332,0
MSVX.US,D,20230905,000000,23.35,23.458,23.3201,23.37,3905,0
MSVX.US,D,20230906,000000,23.43,23.5057,23.4149,23.4149,3167,0
MSVX.US,D,20230907,000000,23.31,23.47,23.31,23.4096,5089,0
MSVX.US,D,20230908,000000,23.4447,23.4447,23.4447,23.4447,36,0
MSVX.US,D,20230911,000000,23.48,23.5453,23.47,23.5453,2880,0
MSVX.US,D,20230912,000000,23.4501,23.555,23.4501,23.5114,810,0
MSVX.US,D,20230913,000000,23.48,23.71,23.43,23.5584,2378,0
MSVX.US,D,20230914,000000,23.49,23.58,23.49,23.5,4190,0
MSVX.US,D,20230915,000000,23.56,23.56,23.56,23.56,735,0
MSVX.US,D,20230918,000000,23.55,23.55,23.55,23.55,476,0
MSVX.US,D,20230919,000000,23.54,23.6999,23.49,23.62,10468,0
MSVX.US,D,20230920,000000,23.61,23.62,23.61,23.61,4461,0
MSVX.US,D,20230921,000000,23.62,23.6203,23.62,23.62,1172,0
MSVX.US,D,20230922,000000,23.68,23.69,23.675,23.675,6903,0
MSVX.US,D,20230925,000000,23.66,23.7499,23.66,23.6933,853,0
MSVX.US,D,20230926,000000,23.76,23.82,23.74,23.77,4278,0
MSVX.US,D,20230927,000000,23.76,23.76,23.76,23.76,69,0
MSVX.US,D,20230928,000000,23.72,23.8,23.71,23.755,3422,0
MSVX.US,D,20230929,000000,23.6901,23.7751,23.69,23.7751,3039,0
MSVX.US,D,20231002,000000,23.78,23.78,23.78,23.78,331,0
MSVX.US,D,20231003,000000,23.85,23.86,23.8,23.8152,2199,0
MSVX.US,D,20231004,000000,23.71,23.73,23.71,23.7105,2063,0
MSVX.US,D,20231005,000000,23.75,23.7724,23.75,23.7724,617,0
MSVX.US,D,20231006,000000,23.62,23.6205,23.59,23.6205,1076,0
MSVX.US,D,20231009,000000,23.7,23.7,23.58,23.6057,54919,0
MSVX.US,D,20231010,000000,23.6599,23.6599,23.62,23.62,361,0
MSVX.US,D,20231011,000000,23.62,23.6292,23.54,23.58,5197,0
MSVX.US,D,20231012,000000,23.54,23.61,23.53,23.57,4661,0
MSVX.US,D,20231013,000000,23.65,23.69,23.6308,23.6397,6158,0
MSVX.US,D,20231016,000000,23.59,23.65,23.58,23.621,2962,0
MSVX.US,D,20231017,000000,23.55,23.64,23.55,23.64,6446,0
MSVX.US,D,20231018,000000,23.66,23.74,23.63,23.6998,4786,0
MSVX.US,D,20231019,000000,23.63,23.76,23.63,23.7345,2392,0
MSVX.US,D,20231020,000000,23.73,23.8399,23.73,23.8399,7646,0
MSVX.US,D,20231023,000000,23.72,23.7992,23.72,23.79,1343,0
MSVX.US,D,20231024,000000,23.71,23.7339,23.6836,23.6836,1124,0
MSVX.US,D,20231025,000000,23.8,24.02,23.8,23.9442,9857,0
MSVX.US,D,20231026,000000,24,24.0212,24,24.0212,676,0
MSVX.US,D,20231027,000000,23.9999,24.16,23.99,24.152,7504,0
MSVX.US,D,20231030,000000,23.8801,23.9,23.8801,23.8873,673,0
MSVX.US,D,20231031,000000,23.8403,23.8403,23.74,23.74,412,0
MSVX.US,D,20231101,000000,23.72,23.72,23.65,23.7078,434,0
MSVX.US,D,20231102,000000,23.76,23.76,23.76,23.76,796,0
MSVX.US,D,20231103,000000,23.86,23.89,23.86,23.8693,893,0
MSVX.US,D,20231106,000000,23.91,23.91,23.86,23.86,926,0
MSVX.US,D,20231107,000000,23.83,23.8999,23.83,23.8505,4522,0
MSVX.US,D,20231108,000000,23.89,23.94,23.88,23.9294,1746,0
MSVX.US,D,20231109,000000,23.87,23.9077,23.87,23.9077,5226,0
MSVX.US,D,20231110,000000,23.93,23.9775,23.93,23.9775,212,0
MSVX.US,D,20231113,000000,23.95,23.9599,23.92,23.9599,903,0
MSVX.US,D,20231114,000000,24.03,24.0323,24.03,24.0323,677,0
MSVX.US,D,20231115,000000,23.99,24.0382,23.97,24.0382,5313,0
MSVX.US,D,20231116,000000,24.085,24.106,24.085,24.106,173,0
MSVX.US,D,20231117,000000,24.11,24.21,24.09,24.1,8786,0
MSVX.US,D,20231120,000000,24.0812,24.0837,24.06,24.0766,3508,0
MSVX.US,D,20231121,000000,24.02,24.3,23.9902,24.1529,9799,0
MSVX.US,D,20231122,000000,24.0989,24.102,24.0989,24.102,378,0
MSVX.US,D,20231124,000000,24.22,24.298,24.22,24.298,113,0
MSVX.US,D,20231127,000000,24.27,24.35,24.24,24.2573,4280,0
MSVX.US,D,20231128,000000,24.29,24.3113,24.16,24.3113,2116,0
MSVX.US,D,20231129,000000,24.16,24.339,24.1401,24.2552,3499,0
MSVX.US,D,20231130,000000,24.25,24.37,24.16,24.2484,3797,0
MSVX.US,D,20231201,000000,24.3299,24.3299,24.07,24.1839,3513,0
MSVX.US,D,20231204,000000,24.32,24.35,24.2402,24.2402,715,0
MSVX.US,D,20231205,000000,24.305,24.39,24.305,24.3095,458,0
MSVX.US,D,20231206,000000,24.23,24.4999,24.23,24.3595,5224,0
MSVX.US,D,20231207,000000,24.3,24.38,24.2,24.2805,898,0
MSVX.US,D,20231208,000000,24.335,24.4,24.295,24.3124,2942,0
MSVX.US,D,20231211,000000,24.345,24.48,24.24,24.3797,6156,0
MSVX.US,D,20231212,000000,24.34,24.57,24.34,24.465,5075,0
MSVX.US,D,20231213,000000,24.4199,24.4199,24.29,24.3176,2124,0
MSVX.US,D,20231214,000000,23.405,23.52,23.3,23.4638,3204,0
MSVX.US,D,20231215,000000,23.21,23.43,23.21,23.3679,2239,0
MSVX.US,D,20231218,000000,23.36,23.36,23.21,23.2861,2629,0
MSVX.US,D,20231219,000000,23.2,23.31,23.18,23.2349,5407,0
MSVX.US,D,20231220,000000,23.16,23.5108,23.12,23.5108,6206,0
MSVX.US,D,20231221,000000,23.465,23.485,23.38,23.4302,4919,0
MSVX.US,D,20231222,000000,23.3,23.43,23.25,23.4076,6461,0
MSVX.US,D,20231226,000000,23.57,23.68,23.55,23.6184,4076,0
MSVX.US,D,20231227,000000,23.75,23.81,23.71,23.7994,1479,0
MSVX.US,D,20231228,000000,23.8276,23.8393,23.8276,23.8393,3116,0
MSVX.US,D,20231229,000000,23.8079,23.8278,23.77,23.8278,3787,0
MSVX.US,D,20240102,000000,23.71,23.793,23.71,23.793,911,0
MSVX.US,D,20240103,000000,23.7038,23.7038,23.594,23.594,617,0
MSVX.US,D,20240104,000000,23.57,23.71,23.57,23.6385,6892,0
MSVX.US,D,20240105,000000,23.7299,23.82,23.7299,23.7566,1141,0
MSVX.US,D,20240108,000000,23.84,23.8807,23.84,23.8807,1315,0
MSVX.US,D,20240109,000000,23.83,23.98,23.83,23.92,2586,0
MSVX.US,D,20240110,000000,24.022,24.09,23.96,24.0198,3560,0
MSVX.US,D,20240111,000000,23.9,24.083,23.9,23.95,1637,0
MSVX.US,D,20240112,000000,23.9001,23.9702,23.9,23.9702,917,0
MSVX.US,D,20240116,000000,23.74,23.74,23.63,23.68,3222,0
MSVX.US,D,20240117,000000,23.54,23.57,23.53,23.53,3058,0
MSVX.US,D,20240118,000000,23.66,23.79,23.64,23.7844,1914,0
MSVX.US,D,20240119,000000,23.94,23.9485,23.92,23.9485,6705,0
MSVX.US,D,20240122,000000,24.1,24.1,24.1,24.1,575,0
MSVX.US,D,20240123,000000,24.25,24.2948,24.25,24.2948,1891,0
MSVX.US,D,20240124,000000,24.2,24.2,24.1744,24.1744,1294,0
MSVX.US,D,20240125,000000,24.11,24.145,24.05,24.0678,4003,0
MSVX.US,D,20240126,000000,24.08,24.1201,24.07,24.07,929,0
MSVX.US,D,20240129,000000,24.0566,24.2,24.0566,24.12,1589,0
MSVX.US,D,20240130,000000,24.2,24.2599,24.18,24.18,784,0
MSVX.US,D,20240131,000000,23.96,23.98,23.88,23.88,2493,0
MSVX.US,D,20240201,000000,23.93,24.12,23.93,23.98,2676,0
MSVX.US,D,20240202,000000,23.95,23.9821,23.88,23.9821,1673,0
MSVX.US,D,20240205,000000,24.08,24.08,24.05,24.05,1035,0
MSVX.US,D,20240206,000000,24,24,23.85,23.8778,38159,0
MSVX.US,D,20240207,000000,23.77,23.84,23.77,23.805,13572,0
MSVX.US,D,20240208,000000,23.5843,23.7956,23.5843,23.795,1011,0
MSVX.US,D,20240209,000000,23.745,23.95,23.69,23.69,1578,0
MSVX.US,D,20240212,000000,23.57,23.7873,23.57,23.7809,822,0
MSVX.US,D,20240213,000000,23.66,23.66,23.62,23.62,560,0
MSVX.US,D,20240214,000000,23.74,23.76,23.74,23.75,2588,0
MSVX.US,D,20240215,000000,23.6,23.795,23.6,23.795,1873,0
MSVX.US,D,20240216,000000,23.31,23.85,23.31,23.795,3625,0
MSVX.US,D,20240220,000000,23.694,23.93,23.694,23.83,3977,0
MSVX.US,D,20240221,000000,23.84,23.9,23.77,23.84,3505,0
MSVX.US,D,20240222,000000,23.81,23.81,23.72,23.77,2666,0
MSVX.US,D,20240223,000000,23.76,23.79,23.71,23.72,12058,0
MSVX.US,D,20240226,000000,23.73,23.8,23.73,23.7898,31526,0
MSVX.US,D,20240227,000000,23.7988,23.7988,23.75,23.79,383,0
MSVX.US,D,20240228,000000,23.77,23.8002,23.77,23.8002,3923,0
MSVX.US,D,20240229,000000,23.741,23.7765,23.73,23.73,2962,0
MSVX.US,D,20240301,000000,23.7959,23.81,23.74,23.74,1345,0
MSVX.US,D,20240304,000000,23.7318,23.81,23.7318,23.7757,5667,0
MSVX.US,D,20240305,000000,23.6,23.6638,23.23,23.6638,9919,0
MSVX.US,D,20240306,000000,23.62,23.63,23.62,23.63,392,0
MSVX.US,D,20240307,000000,23.6579,23.6579,23.6579,23.6579,337,0
MSVX.US,D,20240308,000000,23.53,23.54,23.51,23.54,70161,0
MSVX.US,D,20240311,000000,23.6196,23.6196,23.6196,23.6196,138,0
MSVX.US,D,20240312,000000,23.67,23.82,23.67,23.7861,909,0
MSVX.US,D,20240313,000000,23.85,23.89,23.78,23.8402,26031,0
MSVX.US,D,20240314,000000,23.78,23.78,23.63,23.7289,1938,0
MSVX.US,D,20240315,000000,23.6743,23.6743,23.6743,23.6743,56,0
MSVX.US,D,20240318,000000,23.691,23.79,23.69,23.7611,2144,0
MSVX.US,D,20240319,000000,23.86,23.87,23.8294,23.8294,478,0
MSVX.US,D,20240320,000000,23.8999,23.93,23.8,23.9264,4437,0
MSVX.US,D,20240321,000000,23.9799,23.9799,23.9528,23.9528,233,0
MSVX.US,D,20240322,000000,23.96,24.01,23.96,24.01,670,0
MSVX.US,D,20240325,000000,23.92,23.9593,23.92,23.9593,7801,0
MSVX.US,D,20240326,000000,23.94,24.02,23.94,23.9791,6546,0
MSVX.US,D,20240327,000000,24.0441,24.0441,24.0441,24.0441,106,0
MSVX.US,D,20240328,000000,24.06,24.06,23.9977,23.9977,1039,0
MSVX.US,D,20240401,000000,23.9,23.9508,23.85,23.9508,63437,0
MSVX.US,D,20240402,000000,23.68,23.8599,23.68,23.827,831,0
MSVX.US,D,20240403,000000,23.87,23.87,23.8663,23.8663,1576,0
MSVX.US,D,20240404,000000,23.64,23.64,23.51,23.51,2132,0
MSVX.US,D,20240405,000000,23.59,23.64,23.55,23.55,1273,0
MSVX.US,D,20240408,000000,23.62,23.67,23.62,23.67,253,0
MSVX.US,D,20240409,000000,23.68,23.68,23.6296,23.68,1808,0
MSVX.US,D,20240410,000000,23.62,23.68,23.62,23.68,1146,0
MSVX.US,D,20240411,000000,23.65,23.65,23.6315,23.6315,671,0
MSVX.US,D,20240412,000000,23.68,23.7062,23.65,23.7062,964,0
MSVX.US,D,20240415,000000,23.6101,23.7621,23.6101,23.7621,1579,0
MSVX.US,D,20240416,000000,23.78,23.78,23.71,23.7193,842,0
MSVX.US,D,20240417,000000,23.81,23.81,23.78,23.7939,5469,0
MSVX.US,D,20240418,000000,23.761,23.8066,23.761,23.8066,165,0
MSVX.US,D,20240419,000000,23.8495,23.8495,23.8495,23.8495,1,0
MSVX.US,D,20240422,000000,23.6843,23.6843,23.6843,23.6843,105,0
MSVX.US,D,20240423,000000,23.59,23.64,23.582,23.6004,2631,0
MSVX.US,D,20240424,000000,23.59,23.61,23.59,23.59,3409,0
MSVX.US,D,20240425,000000,23.58,23.6194,23.58,23.6194,2130,0
MSVX.US,D,20240426,000000,23.55,23.57,23.46,23.5408,43084,0
MSVX.US,D,20240429,000000,23.45,23.485,23.45,23.485,2048,0
MSVX.US,D,20240430,000000,23.45,23.47,23.45,23.47,4796,0
MSVX.US,D,20240501,000000,23.45,23.53,23.45,23.465,2449,0
MSVX.US,D,20240502,000000,23.4848,23.4848,23.4848,23.4848,78,0
MSVX.US,D,20240503,000000,23.496,23.52,23.4849,23.4849,1331,0
MSVX.US,D,20240506,000000,23.44,23.505,23.44,23.44,4349,0
MSVX.US,D,20240507,000000,23.4913,23.555,23.4913,23.555,831,0
MSVX.US,D,20240508,000000,23.55,23.55,23.48,23.545,1885,0
MSVX.US,D,20240509,000000,23.555,23.5552,23.555,23.5552,779,0
MSVX.US,D,20240510,000000,23.61,23.6299,23.51,23.57,4122,0
MSVX.US,D,20240513,000000,23.6231,23.6231,23.54,23.605,1968,0
MSVX.US,D,20240514,000000,23.6348,23.6348,23.6348,23.6348,65,0
MSVX.US,D,20240515,000000,23.665,23.6983,23.61,23.6983,2778,0
MSVX.US,D,20240516,000000,23.74,23.78,23.724,23.724,2578,0
MSVX.US,D,20240517,000000,23.76,23.78,23.7201,23.7201,688,0
MSVX.US,D,20240520,000000,23.7444,23.7444,23.7444,23.7444,511,0
MSVX.US,D,20240521,000000,23.75,23.79,23.75,23.79,1233,0
MSVX.US,D,20240522,000000,23.75,23.8099,23.66,23.7449,3072,0
MSVX.US,D,20240523,000000,23.76,23.78,23.6658,23.6658,1060,0
MSVX.US,D,20240524,000000,23.71,23.8,23.7,23.7649,718,0
MSVX.US,D,20240528,000000,23.73,23.776,23.73,23.776,1095,0
MSVX.US,D,20240529,000000,23.85,23.85,23.825,23.825,167,0
MSVX.US,D,20240530,000000,23.758,23.758,23.715,23.732,450,0
MSVX.US,D,20240531,000000,23.6761,23.7873,23.63,23.7873,5801,0
MSVX.US,D,20240603,000000,23.77,23.8199,23.27,23.788,2354,0
MSVX.US,D,20240604,000000,23.81,23.82,23.8,23.8053,829,0
MSVX.US,D,20240605,000000,23.86,23.9153,23.86,23.9153,611,0
MSVX.US,D,20240606,000000,23.93,23.95,23.93,23.945,310,0
MSVX.US,D,20240607,000000,23.9447,23.9447,23.9447,23.9447,61,0
MSVX.US,D,20240610,000000,23.99,23.99,23.96,23.9617,794,0
MSVX.US,D,20240611,000000,23.965,23.9802,23.92,23.9802,4714,0
MSVX.US,D,20240612,000000,24,24.1095,24,24.1095,3175,0
MSVX.US,D,20240613,000000,24.08,24.0805,24.08,24.0805,403,0
MSVX.US,D,20240614,000000,23.94,24.01,23.94,23.9737,3137,0
MSVX.US,D,20240617,000000,23.97,24.18,23.97,24.1527,1654,0
MSVX.US,D,20240618,000000,24.12,24.1625,24.12,24.1625,2365,0
MSVX.US,D,20240620,000000,24.02,24.0422,24.02,24.0422,295,0
MSVX.US,D,20240621,000000,24,24.1,24,24.0986,818,0
MSVX.US,D,20240624,000000,24.0101,24.17,24.01,24.1085,2180,0
MSVX.US,D,20240625,000000,24.06,24.1811,24.06,24.1811,3985,0
MSVX.US,D,20240626,000000,24.145,24.1743,24.12,24.1743,18602,0
MSVX.US,D,20240627,000000,24.16,24.2039,24.14,24.2039,923,0
MSVX.US,D,20240628,000000,24.22,24.22,24.1591,24.1591,519,0
MSVX.US,D,20240701,000000,24.195,24.2789,24.1,24.2789,2629,0
MSVX.US,D,20240702,000000,24.29,24.36,24.24,24.3,1588,0
MSVX.US,D,20240703,000000,24.3981,24.3981,24.3981,24.3981,3,0
MSVX.US,D,20240705,000000,24.43,24.4799,24.43,24.4383,1362,0
MSVX.US,D,20240708,000000,24.61,24.61,24.53,24.53,4493,0
MSVX.US,D,20240709,000000,24.565,24.63,24.5573,24.5573,1761,0
MSVX.US,D,20240710,000000,24.6319,24.6319,24.59,24.61,1349,0
MSVX.US,D,20240711,000000,24.7,24.7,24.53,24.5662,1640,0
MSVX.US,D,20240712,000000,24.73,24.84,24.73,24.7837,8418,0
MSVX.US,D,20240715,000000,24.77,24.77,24.7,24.7661,2571,0
MSVX.US,D,20240716,000000,24.77,24.8199,24.77,24.8199,480,0
MSVX.US,D,20240717,000000,24.71,24.7589,24.71,24.7589,482,0
MSVX.US,D,20240718,000000,24.37,24.42,24.135,24.3223,13838,0
MSVX.US,D,20240719,000000,24.33,24.3861,24.33,24.3861,378,0
MSVX.US,D,20240722,000000,24.5107,24.5107,24.5107,24.5107,277,0
MSVX.US,D,20240723,000000,24.57,24.61,24.49,24.526,2198,0
MSVX.US,D,20240724,000000,24.38,24.38,24.27,24.2844,3275,0
MSVX.US,D,20240725,000000,24.1,24.36,24.1,24.2381,3494,0
MSVX.US,D,20240726,000000,24.08,24.27,23.5128,24.265,2634,0
MSVX.US,D,20240729,000000,24.31,24.43,24.29,24.385,1511,0
MSVX.US,D,20240730,000000,24.45,24.45,24.29,24.3843,1983,0
MSVX.US,D,20240731,000000,24.56,24.56,24.38,24.449,2569,0
MSVX.US,D,20240801,000000,24.4732,24.4732,24.17,24.224,1478,0
MSVX.US,D,20240802,000000,23.935,23.935,23.72,23.7529,2289,0
MSVX.US,D,20240805,000000,23.99,24.3661,23.99,24.3661,1157,0
MSVX.US,D,20240806,000000,24.37,24.37,24.3487,24.3487,538,0
MSVX.US,D,20240807,000000,24.05,24.6702,24.05,24.6702,29974,0
MSVX.US,D,20240808,000000,24.485,24.49,24.4293,24.4293,2149,0
MSVX.US,D,20240809,000000,24.3,24.3,24.19,24.19,1089,0
MSVX.US,D,20240812,000000,24.18,24.18,24.1257,24.1257,547,0
MSVX.US,D,20240813,000000,24.01,24.01,23.9,23.9316,4199,0
MSVX.US,D,20240814,000000,23.855,23.855,23.78,23.8086,2494,0
MSVX.US,D,20240815,000000,23.6201,23.692,23.62,23.6784,1921,0
MSVX.US,D,20240816,000000,23.68,23.72,23.67,23.6708,2292,0
MSVX.US,D,20240819,000000,23.71,23.71,23.5785,23.5785,1577,0
MSVX.US,D,20240820,000000,23.57,23.5711,23.53,23.5711,1106,0
MSVX.US,D,20240821,000000,23.42,23.478,23.42,23.478,4317,0
MSVX.US,D,20240822,000000,23.46,23.5966,23.46,23.5966,7388,0
MSVX.US,D,20240823,000000,23.5499,23.55,23.4436,23.4723,5987,0
MSVX.US,D,20240826,000000,23.49,23.5189,23.42,23.5189,464,0
MSVX.US,D,20240827,000000,23.47,23.4997,23.43,23.4997,1146,0
MSVX.US,D,20240828,000000,23.36,23.534,21.02,23.52,1157,0
MSVX.US,D,20240829,000000,23.48,23.55,23.48,23.52,5809,0
MSVX.US,D,20240830,000000,23.52,23.6095,23.52,23.6095,668,0
MSVX.US,D,20240903,000000,23.3813,23.4799,23.34,23.4,112184,0
MSVX.US,D,20240904,000000,23.56,23.56,23.2631,23.2631,781,0
MSVX.US,D,20240905,000000,22.93,22.94,22.81,22.8808,3499,0
MSVX.US,D,20240906,000000,22.34,22.4048,22.34,22.4048,466,0
MSVX.US,D,20240909,000000,22.3,22.36,22.29,22.36,1835,0
MSVX.US,D,20240910,000000,22.35,22.35,22.27,22.3252,2715,0
MSVX.US,D,20240911,000000,22.31,22.38,22.2984,22.2984,1337,0
MSVX.US,D,20240912,000000,22.28,22.31,22.2,22.272,135713,0
MSVX.US,D,20240913,000000,22.27,22.27,22.17,22.185,26019,0
MSVX.US,D,20240916,000000,22.26,22.26,22.19,22.26,2809,0
MSVX.US,D,20240917,000000,22.26,22.33,22.19,22.26,468,0
MSVX.US,D,20240918,000000,22.18,22.25,22.18,22.25,1023,0
MSVX.US,D,20240919,000000,22.05,22.0953,22.04,22.0953,1271,0
MSVX.US,D,20240920,000000,22.11,22.13,22.07,22.1226,739,0
MSVX.US,D,20240923,000000,22.05,22.2,22.05,22.1234,4201,0
MSVX.US,D,20240924,000000,22.09,22.16,22.09,22.1104,1121,0
MSVX.US,D,20240925,000000,22.05,22.12,22.04,22.1051,2613,0
MSVX.US,D,20240926,000000,22.095,22.13,22.031,22.0869,442,0
MSVX.US,D,20240927,000000,22.085,22.0897,22.085,22.0897,163,0
MSVX.US,D,20240930,000000,22.1,22.108,22.05,22.0788,11825,0
MSVX.US,D,20241001,000000,22.13,22.13,22.04,22.1105,7578,0
MSVX.US,D,20241002,000000,22.1021,22.15,22.08,22.1199,1981,0
MSVX.US,D,20241003,000000,22.13,22.13,22.12,22.1224,8773,0
MSVX.US,D,20241004,000000,22.09,22.09,22.09,22.09,88,0
MSVX.US,D,20241007,000000,22.11,22.139,22.11,22.139,152,0
MSVX.US,D,20241008,000000,22.0508,22.089,22.04,22.089,4050,0
MSVX.US,D,20241009,000000,22.1,22.13,22,22.05,1411,0
MSVX.US,D,20241010,000000,22.0587,22.0587,22.0503,22.0503,363,0
MSVX.US,D,20241011,000000,22.0154,22.0154,22.0154,22.0154,84,0
MSVX.US,D,20241014,000000,21.89,21.9451,21.89,21.9451,497,0
MSVX.US,D,20241015,000000,21.95,22.03,21.95,22.0235,551,0
MSVX.US,D,20241016,000000,22.02,22.02,22.02,22.02,435,0
MSVX.US,D,20241017,000000,22.02,22.02,22.02,22.02,220,0
MSVX.US,D,20241018,000000,21.93,21.99,21.93,21.99,145,0
MSVX.US,D,20241021,000000,21.9947,22,21.9947,22,456,0
MSVX.US,D,20241022,000000,22.0167,22.09,21.95,22.02,3021,0
MSVX.US,D,20241023,000000,22.0115,22.02,22.0115,22.02,388,0
MSVX.US,D,20241024,000000,22.01,22.02,22.01,22.02,594,0
MSVX.US,D,20241025,000000,22.03,22.03,22.03,22.03,215,0
MSVX.US,D,20241028,000000,22.035,22.035,22.035,22.035,156,0
MSVX.US,D,20241029,000000,21.97,22.03,21.96,22.03,1261,0
MSVX.US,D,20241030,000000,22.01,22.07,22,22.02,731,0
MSVX.US,D,20241031,000000,21.98,22.04,21.98,21.99,704,0
MSVX.US,D,20241101,000000,21.96,21.96,21.96,21.96,422,0
MSVX.US,D,20241104,000000,21.86,21.9,21.84,21.8693,3846,0
MSVX.US,D,20241105,000000,21.91,21.91,21.8855,21.8855,306,0
MSVX.US,D,20241106,000000,21.81,21.85,21.77,21.7939,3368,0
MSVX.US,D,20241107,000000,21.91,21.94,21.8604,21.8604,1025,0
MSVX.US,D,20241108,000000,21.89,21.89,21.86,21.8732,2126,0
MSVX.US,D,20241111,000000,21.92,21.99,21.9019,21.95,5352,0
MSVX.US,D,20241112,000000,21.86,21.9429,21.86,21.9429,608,0
MSVX.US,D,20241113,000000,21.97,22.017,21.97,22.017,1372,0
MSVX.US,D,20241114,000000,21.96,22,21.96,21.9966,1392,0
MSVX.US,D,20241115,000000,21.645,21.645,21.59,21.6438,504,0
MSVX.US,D,20241118,000000,21.835,21.8518,21.81,21.8518,2388,0
MSVX.US,D,20241119,000000,21.53,21.71,21.53,21.6584,1554,0
MSVX.US,D,20241120,000000,21.51,21.5642,21.38,21.5642,1283,0
MSVX.US,D,20241122,000000,21.8,21.888,21.78,21.888,843,0
MSVX.US,D,20241125,000000,21.94,22.0999,21.94,22.0725,1256,0
MSVX.US,D,20241126,000000,22.12,22.21,22.12,22.1866,4334,0
MSVX.US,D,20241127,000000,22.02,22.1737,22.02,22.1737,3559,0
MSVX.US,D,20241202,000000,22.282,22.3798,22.28,22.3798,4481,0
MSVX.US,D,20241203,000000,22.29,22.4107,22.29,22.4107,2218,0
MSVX.US,D,20241204,000000,22.54,22.54,22.39,22.4494,601,0
MSVX.US,D,20241205,000000,22.39,22.51,22.38,22.4009,1869,0
MSVX.US,D,20241206,000000,22.45,22.4996,22.45,22.4996,540,0
MSVX.US,D,20241210,000000,22.34,22.37,22.32,22.37,583,0
MSVX.US,D,20241211,000000,22.34,22.41,22.34,22.41,2634,0
MSVX.US,D,20241212,000000,22.34,22.4646,22.34,22.41,1054,0
MSVX.US,D,20241213,000000,22.34,22.4,22.34,22.36,428,0
MSVX.US,D,20241216,000000,22.32,22.4,22.32,22.37,1086,0
MSVX.US,D,20241217,000000,22.32,22.37,22.32,22.37,446,0
MSVX.US,D,20241218,000000,22.34,22.37,22.34,22.37,58616,0
MSVX.US,D,20241219,000000,22.33,22.47,22.33,22.38,4705,0
