<TICKER>,<PER>,<DATE>,<TIME>,<OPEN>,<HIGH>,<LOW>,<CLOSE>,<VOL>,<OPENINT>
NUSI.US,D,20191223,000000,23.2012,23.2012,23.1578,23.1578,1253.6786301133,0
NUSI.US,D,20191224,000000,23.1302,23.142,23.1182,23.1192,1959.0628876387,0
NUSI.US,D,20191226,000000,23.2604,23.29,23.2544,23.29,1246.5842482129,0
NUSI.US,D,20191227,000000,23.1636,23.214,23.138,23.138,2757.6875929978,0
NUSI.US,D,20191230,000000,22.9752,23.0848,22.9752,23.0018,1625.6269383199,0
NUSI.US,D,20191231,000000,23.1222,23.1736,23.066,23.1736,6608.9234817857,0
NUSI.US,D,20200102,000000,23.2604,23.3166,23.2564,23.3166,5626.8583301448,0
NUSI.US,D,20200103,000000,23.0374,23.1784,23.0374,23.1656,2208.3797372813,0
NUSI.US,D,20200106,000000,23.0572,23.1884,23.0562,23.1884,810.78650290271,0
NUSI.US,D,20200107,000000,23.1962,23.3078,23.1844,23.2969,6397.1055079024,0
NUSI.US,D,20200108,000000,23.2377,23.438,23.2377,23.3719,2069.5325486592,0
NUSI.US,D,20200109,000000,23.4084,23.5465,23.3906,23.5386,1675.2876116227,0
NUSI.US,D,20200110,000000,23.6087,23.6087,23.4814,23.4814,4249.5347583388,0
NUSI.US,D,20200113,000000,23.6215,23.7261,23.6018,23.7261,2244.8651299119,0
NUSI.US,D,20200114,000000,23.6679,23.7419,23.6462,23.6462,2714.1078184668,0
NUSI.US,D,20200115,000000,23.733,23.733,23.6215,23.6215,3910.0179102483,0
NUSI.US,D,20200116,000000,23.7143,23.8543,23.658,23.8543,4373.1797000315,0
NUSI.US,D,20200117,000000,23.9175,23.9274,23.8731,23.9057,9896.6627510562,0
NUSI.US,D,20200121,000000,24.0004,24.0004,23.88,23.8987,3527.9347707554,0
NUSI.US,D,20200122,000000,23.9254,23.9718,23.9254,23.9303,13906.00200791,0
NUSI.US,D,20200123,000000,23.8791,23.9393,23.8228,23.9333,14044.849196532,0
NUSI.US,D,20200124,000000,24.0843,24.0843,23.6916,23.7153,8081.5144676828,0
NUSI.US,D,20200127,000000,23.3847,23.7212,23.3847,23.6985,1543.534804901,0
NUSI.US,D,20200128,000000,23.8041,23.8504,23.7873,23.8267,3542.1235345562,0
NUSI.US,D,20200129,000000,24.2787,24.2787,23.8109,23.8405,3541.1100514276,0
NUSI.US,D,20200130,000000,23.8109,23.8879,23.8109,23.8741,3773.1976878835,0
NUSI.US,D,20200131,000000,23.8129,23.8791,23.8129,23.8721,3215.7819671379,0
NUSI.US,D,20200203,000000,23.9254,23.9343,23.8643,23.8701,22191.226584447,0
NUSI.US,D,20200204,000000,23.9619,24.0369,23.9619,24.0133,3323.2111787725,0
NUSI.US,D,20200205,000000,24.0439,24.0645,24.0181,24.0319,2745.5257954543,0
NUSI.US,D,20200206,000000,24.0753,24.0921,24.0753,24.0793,1144.2224522215,0
NUSI.US,D,20200207,000000,23.9531,24.0843,23.9531,23.9669,2614.7864718612,0
NUSI.US,D,20200210,000000,24.1671,24.2313,23.9441,24.2313,7312.2807730538,0
NUSI.US,D,20200211,000000,24.4079,24.4079,24.1909,24.2195,16787.334542601,0
NUSI.US,D,20200212,000000,24.3349,24.4553,24.3201,24.4513,6297.7841612968,0
NUSI.US,D,20200213,000000,24.3723,24.5579,24.3723,24.4089,4597.1594714584,0
NUSI.US,D,20200214,000000,24.474,24.474,24.4049,24.4592,973.95728661188,0
NUSI.US,D,20200218,000000,24.3991,24.5303,24.3991,24.4819,20601.071555629,0
NUSI.US,D,20200219,000000,24.5017,24.7621,24.5017,24.7157,10192.599824616,0
NUSI.US,D,20200220,000000,24.7009,24.7009,24.3141,24.4927,6213.6650616207,0
NUSI.US,D,20200221,000000,24.2511,24.2511,24.0744,24.1395,4212.0358825796,0
NUSI.US,D,20200224,000000,23.9254,24.1109,23.5554,23.5554,67958.097707048,0
NUSI.US,D,20200225,000000,23.6314,23.6541,23.145,23.1775,3648.5392630622,0
NUSI.US,D,20200226,000000,23.3294,23.3384,22.9712,23.0324,33014.21291507,0
NUSI.US,D,20200227,000000,22.6309,23.0236,22.5588,22.7068,22077.716474041,0
NUSI.US,D,20200228,000000,22.5105,22.6299,22.5105,22.6299,817.88088480311,0
NUSI.US,D,20200302,000000,22.6309,22.986,22.6131,22.986,7614.2987453851,0
NUSI.US,D,20200303,000000,22.8262,22.8262,22.693,22.693,798.62470535917,0
NUSI.US,D,20200304,000000,22.8509,23.07,22.7562,23.07,1926.6314275226,0
NUSI.US,D,20200305,000000,23.0582,23.0582,22.8075,22.8075,432.75729592432,0
NUSI.US,D,20200306,000000,22.7601,22.7601,22.4769,22.5944,2627.9617525334,0
NUSI.US,D,20200309,000000,22.4454,22.5944,22.3437,22.3852,5626.8583301448,0
NUSI.US,D,20200310,000000,22.3151,22.4187,22.3053,22.4167,588.83369773309,0
NUSI.US,D,20200311,000000,22.3615,22.3615,22.2431,22.2431,707.41122378262,0
NUSI.US,D,20200312,000000,22.6496,23.7853,22.2046,22.2381,3165.1078107065,0
NUSI.US,D,20200313,000000,22.324,22.3329,22.2747,22.2747,1667.1797465937,0
NUSI.US,D,20200316,000000,22.1661,22.1661,22.0369,22.0437,936.45841085263,0
NUSI.US,D,20200317,000000,22.0635,22.102,22.0635,22.0783,690.18201059593,0
NUSI.US,D,20200318,000000,22.0793,22.0793,22.0793,22.0793,16.215730058054,0
NUSI.US,D,20200319,000000,22.2411,22.3329,22.0881,22.1415,122496.66530793,0
NUSI.US,D,20200320,000000,22.0211,22.0685,21.9727,21.9727,285.80224227321,0
NUSI.US,D,20200323,000000,21.9797,22.0921,21.8643,22.0023,1131.0471715493,0
NUSI.US,D,20200324,000000,22.2214,22.2776,22.1355,22.2125,15848.849165491,0
NUSI.US,D,20200325,000000,22.0537,22.1661,22.0537,22.1099,8060.2313219816,0
NUSI.US,D,20200326,000000,23.9895,23.9895,22.1079,22.1957,9412.2178155719,0
NUSI.US,D,20200327,000000,22.1375,22.176,22.0971,22.1119,8206.1728925041,0
NUSI.US,D,20200330,000000,22.1839,22.2609,22.1454,22.2293,20784.512001911,0
NUSI.US,D,20200331,000000,22.2865,22.3329,22.2865,22.3053,54853.760853883,0
NUSI.US,D,20200401,000000,22.2825,22.2825,22.1207,22.1513,15765.743548943,0
NUSI.US,D,20200402,000000,22.1661,22.2263,22.1661,22.1908,1561.7775012163,0
NUSI.US,D,20200403,000000,22.2145,22.2411,22.1474,22.1721,32530.781462714,0
NUSI.US,D,20200406,000000,22.3901,22.4365,22.2786,22.4187,2071.5595149164,0
NUSI.US,D,20200407,000000,22.4454,22.8558,22.3664,22.3664,20976.060313222,0
NUSI.US,D,20200408,000000,22.3615,22.9564,22.3615,22.919,23743.882737506,0
NUSI.US,D,20200409,000000,23.0236,23.0236,22.7108,22.8351,68320.924667097,0
NUSI.US,D,20200413,000000,22.7296,23.073,22.6762,23.073,4558.6471125705,0
NUSI.US,D,20200414,000000,23.068,24.1761,23.068,24.1197,19054.496301342,0
NUSI.US,D,20200415,000000,24.0191,24.0191,23.6837,23.9501,15489.062654827,0
NUSI.US,D,20200416,000000,23.7301,24.2974,23.6955,24.2215,22876.3411794,0
NUSI.US,D,20200417,000000,24.3349,25.6837,24.3151,24.3961,69226.97858409,0
NUSI.US,D,20200420,000000,25.6186,25.6186,24.2185,24.2293,9670.6560133721,0
NUSI.US,D,20200421,000000,24.0547,24.1021,23.8327,24.0911,15681.624449267,0
NUSI.US,D,20200422,000000,24.0458,24.842,24.0458,24.0793,87207.182769087,0
NUSI.US,D,20200423,000000,24.1583,24.2047,24.1445,24.1445,6859.2538145569,0
NUSI.US,D,20200424,000000,24.1385,24.2797,24.0645,24.2797,24287.109694451,0
NUSI.US,D,20200427,000000,24.7572,24.7572,24.3507,24.3507,25055.329905951,0
NUSI.US,D,20200428,000000,24.4947,24.5243,24.1395,24.1395,31068.325308103,0
NUSI.US,D,20200429,000000,23.9333,24.5697,23.9333,24.5362,15677.570516753,0
NUSI.US,D,20200430,000000,24.9259,24.9259,24.4415,24.5313,17509.948013313,0
NUSI.US,D,20200501,000000,24.626,24.6595,24.2047,24.2057,59932.32481144,0
NUSI.US,D,20200504,000000,24.7394,25.0759,24.0921,24.3961,108201.48577862,0
NUSI.US,D,20200505,000000,24.8894,24.8894,24.5332,24.6497,67512.165130452,0
NUSI.US,D,20200506,000000,25.883,27.1746,24.7246,24.8697,87678.452423899,0
NUSI.US,D,20200507,000000,25.3848,25.3848,24.916,24.9881,38759.648771265,0
NUSI.US,D,20200508,000000,25.3946,25.3946,24.8825,25.0276,32466.93202561,0
NUSI.US,D,20200511,000000,25.1045,25.7133,24.9832,25.1588,269459.82682407,0
NUSI.US,D,20200512,000000,25.292,25.516,24.8588,25.0759,111693.94863988,0
NUSI.US,D,20200513,000000,25.292,25.292,23.7044,24.1681,135834.10328067,0
NUSI.US,D,20200514,000000,24.0271,24.6447,23.6797,24.4158,66907.115702661,0
NUSI.US,D,20200515,000000,24.5145,24.5519,24.2983,24.4977,67150.351653531,0
NUSI.US,D,20200518,000000,25.1982,25.291,24.3547,24.5895,51767.70472721,0
NUSI.US,D,20200519,000000,24.3833,24.7296,24.3833,24.6645,24124.952393871,0
NUSI.US,D,20200520,000000,25.292,25.292,24.4769,24.6171,41094.713899624,0
NUSI.US,D,20200521,000000,24.3833,24.6832,24.3547,24.6072,55289.558599194,0
NUSI.US,D,20200522,000000,24.5983,24.6733,24.5421,24.6733,30229.161277599,0
NUSI.US,D,20200526,000000,25.0394,25.0394,24.695,24.7197,56167.234988585,0
NUSI.US,D,20200527,000000,24.6921,24.7197,24.4987,24.6072,44436.167774712,0
NUSI.US,D,20200528,000000,24.5796,24.7197,24.5609,24.6447,32440.581464267,0
NUSI.US,D,20200529,000000,24.6072,24.7197,24.5451,24.7108,18029.864858299,0
NUSI.US,D,20200601,000000,24.8973,24.8973,24.6447,24.7394,22900.664774487,0
NUSI.US,D,20200602,000000,24.7089,24.8144,24.7089,24.8144,29256.217474116,0
NUSI.US,D,20200603,000000,25.0848,25.1598,24.8233,25.0098,56883.767560526,0
NUSI.US,D,20200604,000000,24.9832,25.1518,24.8164,24.9082,39110.31393377,0
NUSI.US,D,20200605,000000,25.2258,25.2446,25.0354,25.2258,23952.660262004,0
NUSI.US,D,20200608,000000,25.2348,25.4034,25.1232,25.4034,39025.181350964,0
NUSI.US,D,20200609,000000,25.6472,25.7774,25.3196,25.6008,65630.126960589,0
NUSI.US,D,20200610,000000,25.7597,26.7247,25.6936,25.8347,124440.52594864,0
NUSI.US,D,20200611,000000,25.666,25.666,24.6072,24.6072,57765.497882433,0
NUSI.US,D,20200612,000000,25.1045,25.2338,24.402,24.7947,47463.441879925,0
NUSI.US,D,20200615,000000,24.3547,25.1094,24.3447,25.0216,38536.682482966,0
NUSI.US,D,20200616,000000,25.583,25.7587,25.2258,25.4232,132728.79097456,0
NUSI.US,D,20200617,000000,25.516,25.9185,25.516,25.5534,33359.810661932,0
NUSI.US,D,20200618,000000,25.5534,25.7133,25.4794,25.6196,34511.127496054,0
NUSI.US,D,20200619,000000,25.7419,25.9471,25.6196,25.6847,78516.564941099,0
NUSI.US,D,20200622,000000,26.7434,26.7434,25.0562,25.7133,89549.342279347,0
NUSI.US,D,20200623,000000,25.8534,26.0419,25.7133,25.7419,85917.018746343,0
NUSI.US,D,20200624,000000,25.5258,25.6374,25.2446,25.4232,64225.439344309,0
NUSI.US,D,20200625,000000,25.4232,25.5534,25.4124,25.4696,38565.060010568,0
NUSI.US,D,20200626,000000,25.5258,25.5258,25.292,25.366,115851.25643351,0
NUSI.US,D,20200629,000000,25.4232,25.433,25.292,25.4182,55564.212527051,0
NUSI.US,D,20200630,000000,25.3384,25.5998,25.3384,25.5258,41110.929629682,0
NUSI.US,D,20200701,000000,25.6097,25.6748,25.5357,25.6264,68352.342644084,0
NUSI.US,D,20200702,000000,25.6847,25.7597,25.6472,25.6847,634352.26548918,0
NUSI.US,D,20200706,000000,25.7972,25.806,25.6847,25.7459,89964.870362085,0
NUSI.US,D,20200707,000000,25.8159,25.9097,25.4794,25.4972,109138.95767261,0
NUSI.US,D,20200708,000000,25.7419,25.8732,25.5258,25.8732,121376.76645079,0
NUSI.US,D,20200709,000000,26.107,26.1169,25.6847,26.0774,132212.92806209,0
NUSI.US,D,20200710,000000,26.1534,26.2373,25.8347,26.2373,70851.592039282,0
NUSI.US,D,20200713,000000,26.4631,26.7997,25.6502,25.7232,604590.31993388,0
NUSI.US,D,20200714,000000,25.507,25.8347,25.1894,25.8347,93066.128735688,0
NUSI.US,D,20200715,000000,26.0231,26.0587,25.583,25.9185,125315.16188864,0
NUSI.US,D,20200716,000000,25.9373,25.9373,25.3848,25.7774,153406.88724796,0
NUSI.US,D,20200717,000000,25.733,25.7686,25.657,25.7419,60650.884349638,0
NUSI.US,D,20200720,000000,25.666,26.1386,25.666,25.9008,112194.60930542,0
NUSI.US,D,20200721,000000,25.9471,25.957,25.7824,25.8436,107434.27905026,0
NUSI.US,D,20200722,000000,25.9284,25.9284,25.7774,25.8248,48595.502534603,0
NUSI.US,D,20200723,000000,25.8436,25.883,25.6364,25.6738,144153.78628359,0
NUSI.US,D,20200724,000000,25.4854,25.6561,25.4854,25.6078,72651.538075726,0
NUSI.US,D,20200727,000000,25.7686,25.7686,25.6462,25.7449,106393.43187715,0
NUSI.US,D,20200728,000000,25.8248,25.8248,25.5988,25.6245,656503.96623161,0
NUSI.US,D,20200729,000000,25.5712,25.7686,25.5712,25.7686,34627.678055846,0
NUSI.US,D,20200730,000000,25.7222,25.809,25.6176,25.7774,78630.075051505,0
NUSI.US,D,20200731,000000,26.1938,26.1938,25.7873,25.8633,80257.728956082,0
NUSI.US,D,20200803,000000,26.2303,26.2303,25.9481,25.9847,55215.574330803,0
NUSI.US,D,20200804,000000,26.0241,26.0695,25.9847,26.0241,76465.275088755,0
NUSI.US,D,20200805,000000,26.0143,26.1455,26.0143,26.0794,68126.3359064,0
NUSI.US,D,20200806,000000,26.0794,26.1553,26.034,26.1307,101811.47465263,0
NUSI.US,D,20200807,000000,26.0794,26.1267,25.6561,25.8436,86311.263683379,0
NUSI.US,D,20200810,000000,25.9284,26.0241,25.4568,25.7084,111398.01156632,0
NUSI.US,D,20200811,000000,25.7972,25.8021,25.287,25.3256,231727.84994524,0
NUSI.US,D,20200812,000000,25.2692,25.9432,25.2692,25.883,35977.63758318,0
NUSI.US,D,20200813,000000,25.9758,26.1267,25.883,25.9284,75742.661618043,0
NUSI.US,D,20200814,000000,25.9284,26.0241,25.7735,25.8633,55766.909152777,0
NUSI.US,D,20200817,000000,25.9195,26.6369,25.9195,26.1356,125231.04278897,0
NUSI.US,D,20200818,000000,26.2116,26.4277,26.1701,26.4011,97254.854506308,0
NUSI.US,D,20200819,000000,26.4011,26.4957,26.2155,26.2501,102656.7195819,0
NUSI.US,D,20200820,000000,26.2965,26.6733,26.1938,26.6269,61577.207929203,0
NUSI.US,D,20200821,000000,26.7306,26.7306,26.6269,26.6635,125695.21806188,0
NUSI.US,D,20200824,000000,26.7395,26.7493,26.6467,26.7029,66537.194360711,0
NUSI.US,D,20200825,000000,26.7306,26.7641,26.6635,26.7158,115548.22497805,0
NUSI.US,D,20200826,000000,26.5885,26.6546,26.552,26.6083,86164.308629728,0
NUSI.US,D,20200827,000000,26.6083,26.6546,26.552,26.5983,85879.519870584,0
NUSI.US,D,20200828,000000,26.552,26.6537,26.552,26.6083,73067.066158464,0
NUSI.US,D,20200831,000000,26.6635,26.6833,26.4109,26.6467,86287.953571421,0
NUSI.US,D,20200901,000000,26.6467,26.8904,26.6467,26.8747,107428.19815148,0
NUSI.US,D,20200902,000000,27.1262,27.1884,26.7029,27.1539,680061.36807345,0
NUSI.US,D,20200903,000000,26.9388,26.9388,25.7409,25.9758,224609.14444975,0
NUSI.US,D,20200904,000000,25.9383,26.0606,24.8075,25.7024,252131.29229078,0
NUSI.US,D,20200908,000000,25.4568,25.4854,24.7976,24.8549,84935.96707783,0
NUSI.US,D,20200909,000000,24.9871,25.3058,24.9151,25.1746,143300.43348928,0
NUSI.US,D,20200910,000000,25.4006,25.4202,24.7128,24.7878,113898.27444464,0
NUSI.US,D,20200911,000000,24.7592,24.8549,24.4296,24.5707,132982.16175671,0
NUSI.US,D,20200914,000000,24.6467,24.9003,24.6082,24.7592,66581.78761837,0
NUSI.US,D,20200915,000000,25.0058,25.1184,24.8924,25.0334,66959.816825349,0
NUSI.US,D,20200916,000000,25.1184,25.1184,24.5944,24.6082,143036.92787584,0
NUSI.US,D,20200917,000000,24.1001,24.3833,23.9541,24.2037,140714.02454502,0
NUSI.US,D,20200918,000000,24.2411,24.2549,24.0339,24.1188,167856.11621282,0
NUSI.US,D,20200921,000000,24.0439,24.1661,24.0053,24.1365,84123.153608671,0
NUSI.US,D,20200922,000000,24.2135,24.3497,24.1385,24.3359,49885.666557347,0
NUSI.US,D,20200923,000000,24.326,24.326,23.9215,23.9679,77404.773948993,0
NUSI.US,D,20200924,000000,23.9955,24.0823,23.8929,24.0241,34855.711759788,0
NUSI.US,D,20200925,000000,24.1188,24.1849,23.9727,24.1465,53708.524918533,0
NUSI.US,D,20200928,000000,24.2697,24.2697,24.1563,24.2233,59835.030431092,0
NUSI.US,D,20200929,000000,24.2233,24.2875,24.2037,24.2599,15843.781749847,0
NUSI.US,D,20200930,000000,24.2697,24.3833,24.2599,24.3447,29478.170279285,0
NUSI.US,D,20201001,000000,24.5529,24.5529,24.326,24.3645,58637.093373053,0
NUSI.US,D,20201002,000000,24.2511,24.3743,24.1661,24.2185,82010.041285481,0
NUSI.US,D,20201005,000000,24.326,24.3743,24.2233,24.3359,65986.873021866,0
NUSI.US,D,20201006,000000,24.4869,24.4869,24.2511,24.3073,32005.797202085,0
NUSI.US,D,20201007,000000,24.3743,24.5155,24.3359,24.4197,78681.762691065,0
NUSI.US,D,20201008,000000,24.6852,24.6852,24.3921,24.4671,176556.8688721,0
NUSI.US,D,20201009,000000,24.6279,24.8549,24.6181,24.8549,87099.753557452,0
NUSI.US,D,20201012,000000,25.0611,25.7686,25.0434,25.5811,123729.06079234,0
NUSI.US,D,20201013,000000,25.5988,25.7873,25.4794,25.6078,45783.086852659,0
NUSI.US,D,20201014,000000,25.732,25.732,25.2544,25.4202,43735.85093283,0
NUSI.US,D,20201015,000000,25.0138,25.217,24.8825,25.216,244282.87894269,0
NUSI.US,D,20201016,000000,25.212,25.2742,25.147,25.1558,76754.117780414,0
NUSI.US,D,20201019,000000,25.3542,25.3542,25.0996,25.1282,37813.055529125,0
NUSI.US,D,20201020,000000,25.2406,25.2406,25.0986,25.1558,44324.684630563,0
NUSI.US,D,20201021,000000,25.2516,25.2516,25.1282,25.138,48691.783431823,0
NUSI.US,D,20201022,000000,25.3354,25.3354,25.0798,25.1558,40080.217287867,0
NUSI.US,D,20201023,000000,25.2022,25.2022,25.0226,25.0798,62874.466333848,0
NUSI.US,D,20201026,000000,25.0424,25.1282,25.0048,25.0424,33755.069082097,0
NUSI.US,D,20201027,000000,25.0897,25.1282,25.0502,25.0996,89328.402957306,0
NUSI.US,D,20201028,000000,25.0502,25.0572,24.8707,24.8707,193138.46633958,0
NUSI.US,D,20201029,000000,24.9861,25.0502,24.9279,25.0048,41592.334115781,0
NUSI.US,D,20201030,000000,24.9082,24.9634,24.7759,24.8756,80977.301977408,0
NUSI.US,D,20201102,000000,25.0325,25.1084,24.8154,24.8983,61136.34276825,0
NUSI.US,D,20201103,000000,24.8707,24.995,24.8608,24.9664,36567.484764041,0
NUSI.US,D,20201104,000000,25.3936,25.3936,25.0798,25.1844,129365.04047064,0
NUSI.US,D,20201105,000000,25.7261,25.7261,25.2702,25.3354,74793.027926518,0
NUSI.US,D,20201106,000000,25.4686,25.4686,25.1686,25.3452,49086.028368859,0
NUSI.US,D,20201109,000000,26.0754,26.0754,25.1746,25.1746,657246.8493649,0
NUSI.US,D,20201110,000000,25.3552,25.3552,24.9575,25.0798,97014.659004824,0
NUSI.US,D,20201111,000000,25.2516,25.2702,25.1676,25.2702,49516.758698526,0
NUSI.US,D,20201112,000000,25.29,25.3452,25.1934,25.2516,28555.900632233,0
NUSI.US,D,20201113,000000,25.285,25.3502,25.2466,25.3068,43086.208247379,0
NUSI.US,D,20201116,000000,25.5643,25.584,25.3452,25.4321,50116.740710674,0
NUSI.US,D,20201117,000000,25.6018,25.6018,25.3936,25.4498,54805.113663708,0
NUSI.US,D,20201118,000000,25.4222,25.5258,25.3552,25.3552,69419.54037853,0
NUSI.US,D,20201119,000000,25.2988,25.5643,25.2988,25.5544,47498.913789427,0
NUSI.US,D,20201120,000000,25.6393,25.6393,25.4588,25.4588,106292.08356428,0
NUSI.US,D,20201123,000000,25.4498,25.5209,25.3552,25.4686,39247.134156134,0
NUSI.US,D,20201124,000000,25.4686,25.593,25.4498,25.584,102865.49710639,0
NUSI.US,D,20201125,000000,25.4874,25.507,25.4222,25.4874,83450.200811262,0
NUSI.US,D,20201127,000000,25.5544,25.589,25.5199,25.5456,43679.095877626,0
NUSI.US,D,20201130,000000,25.6107,25.6255,25.442,25.5742,112337.51042655,0
NUSI.US,D,20201201,000000,25.6206,25.6679,25.5742,25.584,87248.735577361,0
NUSI.US,D,20201202,000000,25.6206,25.6679,25.584,25.6679,38837.686972168,0
NUSI.US,D,20201203,000000,25.6679,25.6679,25.6018,25.659,94790.063537485,0
NUSI.US,D,20201204,000000,25.659,25.7439,25.6294,25.7261,121795.33498292,0
NUSI.US,D,20201207,000000,25.7725,25.8958,25.732,25.8958,76309.198686946,0
NUSI.US,D,20201208,000000,25.9057,25.9906,25.7064,25.9629,227333.3870995,0
NUSI.US,D,20201209,000000,25.9817,25.9817,25.3354,25.4321,166333.86455362,0
NUSI.US,D,20201210,000000,25.4321,25.593,25.1934,25.516,147609.76375221,0
NUSI.US,D,20201211,000000,25.5258,25.5258,25.222,25.3838,53391.304699272,0
NUSI.US,D,20201214,000000,25.4972,25.7538,25.4972,25.584,92841.135481132,0
NUSI.US,D,20201215,000000,25.7261,25.8682,25.6206,25.8584,106507.95547069,0
NUSI.US,D,20201216,000000,25.9333,26.0655,25.8011,26.0103,246282.48115547,0
NUSI.US,D,20201217,000000,26.1524,26.1909,26.0478,26.1909,192967.18769085,0
NUSI.US,D,20201218,000000,26.1997,26.1997,26.0685,26.1623,90795.92652756,0
NUSI.US,D,20201221,000000,26.0004,26.1721,25.9333,26.105,123829.39562207,0
NUSI.US,D,20201222,000000,26.1997,26.1997,26.0577,26.1238,74459.5919772,0
NUSI.US,D,20201223,000000,26.1425,26.1524,26.0754,26.0951,155440.94788713,0
NUSI.US,D,20201224,000000,26.3329,26.3329,26.0951,26.1524,44551.704851376,0
NUSI.US,D,20201228,000000,26.5215,26.5215,26.2175,26.2569,115383.02722808,0
NUSI.US,D,20201229,000000,26.4089,26.4089,26.03,26.0951,105662.71054141,0
NUSI.US,D,20201230,000000,26.1909,26.1909,26.0655,26.105,212577.07274668,0
NUSI.US,D,20201231,000000,26.2471,26.2471,26.0577,26.0951,79018.23908977,0
NUSI.US,D,20210104,000000,26.105,26.1721,25.8208,26.0202,147856.04015247,0
NUSI.US,D,20210105,000000,26.0478,26.0951,25.9787,26.0951,98207.528647219,0
NUSI.US,D,20210106,000000,25.9906,26.1327,25.887,25.9481,95599.836557259,0
NUSI.US,D,20210107,000000,26.5511,26.5511,26.1425,26.2373,95305.926449956,0
NUSI.US,D,20210108,000000,26.2669,26.5411,26.2323,26.3379,121691.9597038,0
NUSI.US,D,20210111,000000,26.3142,26.3517,26.1909,26.2333,100263.88591521,0
NUSI.US,D,20210112,000000,26.2175,26.2945,26.1425,26.2846,67181.769630518,0
NUSI.US,D,20210113,000000,26.3379,26.4059,26.2895,26.3695,105689.06110275,0
NUSI.US,D,20210114,000000,26.4563,26.4593,26.1909,26.1997,155821.00406036,0
NUSI.US,D,20210115,000000,26.2471,26.3191,26.1425,26.1425,156891.24224419,0
NUSI.US,D,20210119,000000,26.5609,26.5697,26.2087,26.2846,384750.62708745,0
NUSI.US,D,20210120,000000,26.6103,26.6103,26.3803,26.4099,198073.11569288,0
NUSI.US,D,20210121,000000,26.7247,26.7434,26.4573,26.4859,120236.59793109,0
NUSI.US,D,20210122,000000,26.4475,26.5333,26.4475,26.5333,163415.03314317,0
NUSI.US,D,20210125,000000,26.5233,26.5529,26.3803,26.5233,201746.99203415,0
NUSI.US,D,20210126,000000,26.5529,26.5529,26.4475,26.5047,106049.86109655,0
NUSI.US,D,20210127,000000,26.5047,26.5047,26.2945,26.3517,217757.99850022,0
NUSI.US,D,20210128,000000,26.2945,26.5047,26.2945,26.3705,112008.12840975,0
NUSI.US,D,20210129,000000,26.4573,26.4573,26.1899,26.2669,154532.86700387,0
NUSI.US,D,20210201,000000,26.5629,26.6389,26.3329,26.4375,170913.7948119,0
NUSI.US,D,20210202,000000,26.5807,26.6191,26.5233,26.5807,125820.88996983,0
NUSI.US,D,20210203,000000,26.6389,26.6487,26.5629,26.5717,125660.75963551,0
NUSI.US,D,20210204,000000,26.5717,26.6665,26.5717,26.6289,127868.12588966,0
NUSI.US,D,20210205,000000,26.7335,26.849,26.6211,26.7247,159575.95905193,0
NUSI.US,D,20210208,000000,26.9151,26.9447,26.7809,26.9062,126309.38883782,0
NUSI.US,D,20210209,000000,26.8776,27.0305,26.8776,26.9151,139125.89648246,0
NUSI.US,D,20210210,000000,27.0305,27.0878,26.6201,26.8293,300737.9431398,0
NUSI.US,D,20210211,000000,27.1065,27.1065,26.8391,26.9871,151192.42661191,0
NUSI.US,D,20210212,000000,26.8095,27.1026,26.8095,27.0779,126287.092209,0
NUSI.US,D,20210216,000000,27.2111,27.2782,27.0009,27.1253,225377.36466125,0
NUSI.US,D,20210217,000000,27.0592,27.0592,26.6487,26.9348,190743.60570664,0
NUSI.US,D,20210218,000000,26.6487,26.8993,26.5233,26.7721,142821.05596944,0
NUSI.US,D,20210219,000000,26.8865,26.9339,26.7721,26.8243,126532.35512613,0
NUSI.US,D,20210222,000000,26.7335,26.8165,26.5333,26.5807,201883.81225652,0
NUSI.US,D,20210223,000000,26.4187,26.5629,26.1899,26.4475,423382.57698451,0
NUSI.US,D,20210224,000000,26.2669,26.4187,26.1711,26.3803,287205.91640636,0
NUSI.US,D,20210225,000000,26.3803,26.3901,26.0468,26.0646,179895.2822978,0
NUSI.US,D,20210226,000000,26.1041,26.2925,26.0182,26.0744,138880.63356533,0
NUSI.US,D,20210301,000000,26.2669,26.3517,26.1534,26.3329,153433.2378093,0
NUSI.US,D,20210302,000000,26.4277,26.4573,26.1228,26.1317,213341.23902566,0
NUSI.US,D,20210303,000000,26.1317,26.1317,25.7982,25.7982,162849.5095574,0
NUSI.US,D,20210304,000000,25.7409,25.9333,25.589,25.6452,213015.91094137,0
NUSI.US,D,20210305,000000,25.8939,25.8939,25.5968,25.7686,180917.88677458,0
NUSI.US,D,20210308,000000,25.885,25.885,25.5594,25.6156,146855.73230451,0
NUSI.US,D,20210309,000000,25.7686,25.8939,25.6264,25.8939,91785.086061102,0
NUSI.US,D,20210310,000000,25.9028,25.9886,25.7409,25.7498,287587.99954585,0
NUSI.US,D,20210311,000000,25.9215,26.0843,25.8554,25.9886,153318.71421577,0
NUSI.US,D,20210312,000000,25.885,25.9274,25.6926,25.8366,112114.54413826,0
NUSI.US,D,20210315,000000,25.8366,25.884,25.7498,25.8751,147961.44239784,0
NUSI.US,D,20210316,000000,26.0468,26.2175,25.9116,25.961,89465.223179671,0
NUSI.US,D,20210317,000000,26.0468,26.109,25.7686,26.0646,120761.58219172,0
NUSI.US,D,20210318,000000,26.0843,26.0843,25.5209,25.5308,128657.62924686,0
NUSI.US,D,20210319,000000,25.5495,25.664,25.4626,25.5495,134600.69431313,0
NUSI.US,D,20210322,000000,25.732,25.7784,25.5495,25.7024,130330.88989222,0
NUSI.US,D,20210323,000000,25.7686,25.7784,25.6255,25.6758,124556.0630253,0
NUSI.US,D,20210324,000000,25.5791,25.6442,25.368,25.368,101652.35780143,0
NUSI.US,D,20210325,000000,25.368,25.4726,25.2348,25.3492,201998.33585005,0
NUSI.US,D,20210326,000000,25.4824,25.5594,25.3098,25.5209,83463.376091934,0
NUSI.US,D,20210329,000000,25.5209,25.5308,25.3876,25.5209,105351.57122092,0
NUSI.US,D,20210330,000000,25.5791,25.5791,25.3778,25.4726,67393.587604402,0
NUSI.US,D,20210331,000000,25.5308,25.6837,25.5308,25.6186,155027.44677064,0
NUSI.US,D,20210401,000000,25.6738,25.7784,25.6738,25.7222,110828.43404803,0
NUSI.US,D,20210405,000000,25.7982,25.8554,25.7883,25.8169,111182.13965992,0
NUSI.US,D,20210406,000000,25.8554,25.9689,25.7498,25.7498,114212.45421451,0
NUSI.US,D,20210407,000000,25.7587,25.9314,25.7024,25.8504,124162.83157139,0
NUSI.US,D,20210408,000000,25.9314,26.1228,25.9314,26.0843,177891.6261525,0
NUSI.US,D,20210409,000000,26.0281,26.2747,25.9314,26.2747,87303.463666307,0
NUSI.US,D,20210412,000000,26.2747,26.2856,26.1139,26.1987,144345.3345949,0
NUSI.US,D,20210413,000000,26.2945,26.5529,26.1711,26.5529,100607.45669581,0
NUSI.US,D,20210414,000000,26.6487,26.6487,26.1613,26.2569,116459.34631068,0
NUSI.US,D,20210415,000000,26.4475,26.6389,26.4475,26.5905,146355.07163897,0
NUSI.US,D,20210416,000000,26.7335,26.7335,26.5717,26.6763,121331.15971001,0
NUSI.US,D,20210419,000000,26.6201,26.6665,26.4099,26.4573,173223.52286204,0
NUSI.US,D,20210420,000000,26.5233,26.5717,26.2836,26.4001,121852.09003812,0
NUSI.US,D,20210421,000000,26.4277,26.5816,26.2659,26.5816,147497.26712493,0
NUSI.US,D,20210422,000000,26.5915,26.6121,26.2659,26.3033,115549.23846118,0
NUSI.US,D,20210423,000000,26.3605,26.6408,26.3429,26.5727,80814.1311937,0
NUSI.US,D,20210426,000000,26.6309,26.7099,26.5243,26.6981,122076.06980955,0
NUSI.US,D,20210427,000000,26.7267,26.7849,26.5639,26.5915,92707.355708154,0
NUSI.US,D,20210428,000000,26.6507,26.6685,26.5145,26.5293,128632.29216865,0
NUSI.US,D,20210429,000000,26.7267,26.7267,26.4099,26.6783,136282.06282353,0
NUSI.US,D,20210430,000000,26.7553,26.7553,26.4375,26.5243,148592.84238698,0
NUSI.US,D,20210503,000000,26.6783,26.6783,26.3429,26.4187,195472.51798482,0
NUSI.US,D,20210504,000000,26.4869,26.4869,25.737,25.958,297762.35667415,0
NUSI.US,D,20210505,000000,26.179,26.179,25.8613,25.9383,157980.73660746,0
NUSI.US,D,20210506,000000,25.9955,26.1297,25.737,26.0537,229884.32413426,0
NUSI.US,D,20210507,000000,26.3231,26.4335,26.1494,26.2836,173535.67566565,0
NUSI.US,D,20210510,000000,26.2836,26.2836,25.6107,25.6206,356162.29499511,0
NUSI.US,D,20210511,000000,25.2654,25.659,25.14,25.583,214604.03900393,0
NUSI.US,D,20210512,000000,25.6107,25.6107,25.0532,25.1312,312895.68675083,0
NUSI.US,D,20210513,000000,25.1499,25.371,25.073,25.1499,153368.37488907,0
NUSI.US,D,20210514,000000,25.361,25.6886,25.3128,25.6403,142595.04923176,0
NUSI.US,D,20210517,000000,25.6206,25.6847,25.285,25.4864,188665.96529295,0
NUSI.US,D,20210518,000000,25.5534,25.6364,25.285,25.3128,159407.72085258,0
NUSI.US,D,20210519,000000,25.1982,25.3038,24.8904,25.2554,315169.94289147,0
NUSI.US,D,20210520,000000,25.3038,25.8327,25.3038,25.7646,180358.44408757,0
NUSI.US,D,20210521,000000,25.9087,25.9087,25.66,25.737,126485.73490221,0
NUSI.US,D,20210524,000000,25.7172,26.0616,25.7172,25.9679,221294.04113601,0
NUSI.US,D,20210525,000000,26.1208,26.1977,25.958,26.0251,110673.37112935,0
NUSI.US,D,20210526,000000,25.958,25.9955,25.8327,25.9047,126933.69444506,0
NUSI.US,D,20210527,000000,25.8613,25.9481,25.8613,25.8712,105354.61167031,0
NUSI.US,D,20210528,000000,26.0448,26.0448,25.9087,25.9481,92751.948965813,0
NUSI.US,D,20210601,000000,26.0922,26.1465,25.814,25.9185,259727.34833986,0
NUSI.US,D,20210602,000000,25.9679,25.9679,25.8514,25.9383,134027.06286233,0
NUSI.US,D,20210603,000000,25.8228,25.8416,25.6206,25.7172,161947.50957291,0
NUSI.US,D,20210604,000000,25.8998,26.0922,25.8653,26.0823,130073.46517755,0
NUSI.US,D,20210607,000000,26.0823,26.1593,25.9955,26.1593,193908.71351734,0
NUSI.US,D,20210608,000000,26.256,26.2836,26.0537,26.1395,214006.08395804,0
NUSI.US,D,20210609,000000,26.2461,26.2461,26.1494,26.1494,256964.59333121,0
NUSI.US,D,20210610,000000,26.2264,26.3705,26.179,26.3705,168502.71844888,0
NUSI.US,D,20210611,000000,26.4001,26.4375,26.3329,26.4375,189447.36078512,0
NUSI.US,D,20210614,000000,26.4671,26.4869,26.3991,26.4771,235660.16448432,0
NUSI.US,D,20210615,000000,26.4573,26.4889,26.4187,26.4187,174609.967782,0
NUSI.US,D,20210616,000000,26.5441,26.552,26.0725,26.3705,249111.11256747,0
NUSI.US,D,20210617,000000,26.3429,26.7355,26.3132,26.6685,213729.40306393,0
NUSI.US,D,20210618,000000,26.6309,26.6497,26.4869,26.4967,182005.3541716,0
NUSI.US,D,20210621,000000,26.5915,26.6981,26.4099,26.6881,340952.95368378,0
NUSI.US,D,20210622,000000,26.6981,26.8895,26.6309,26.8608,195175.56742812,0
NUSI.US,D,20210623,000000,26.7267,26.7651,26.6408,26.6783,221696.39393807,0
NUSI.US,D,20210624,000000,26.8895,26.8895,26.7355,26.7947,190555.09784471,0
NUSI.US,D,20210625,000000,26.8421,26.8805,26.7661,26.8125,247125.69911849,0
NUSI.US,D,20210628,000000,26.9191,27.0148,26.8441,27.0148,280706.44910247,0
NUSI.US,D,20210629,000000,27.0927,27.0927,26.9575,27.0631,272735.4042958,0
NUSI.US,D,20210630,000000,27.0246,27.0828,26.9783,27.0631,185253.56759886,0
NUSI.US,D,20210701,000000,27.0927,27.1016,26.9575,27.0631,229463.72863588,0
NUSI.US,D,20210702,000000,27.2072,27.2555,27.1302,27.2555,211711.55815482,0
NUSI.US,D,20210706,000000,27.3029,27.3029,27.1223,27.2466,293766.19269797,0
NUSI.US,D,20210707,000000,27.2466,27.3029,27.1973,27.2841,274333.66718965,0
NUSI.US,D,20210708,000000,27.149,27.2368,27.0246,27.1588,239039.11723516,0
NUSI.US,D,20210709,000000,27.2555,27.3029,27.1973,27.3029,243777.1508615,0
NUSI.US,D,20210712,000000,27.3226,27.371,27.3029,27.371,512404.90803697,0
NUSI.US,D,20210713,000000,27.4006,27.5822,27.293,27.3424,358927.07697,0
NUSI.US,D,20210714,000000,27.5348,27.591,27.3424,27.4006,321078.54953138,0
NUSI.US,D,20210715,000000,27.4006,27.447,27.0434,27.2072,413321.72996662,0
NUSI.US,D,20210716,000000,27.371,27.371,27.0345,27.073,301228.46897406,0
NUSI.US,D,20210719,000000,27.0345,27.0345,26.7454,26.8993,498279.99367328,0
NUSI.US,D,20210720,000000,27.1203,27.2358,26.8608,27.1786,282964.48951305,0
NUSI.US,D,20210721,000000,27.3434,27.3434,27.1302,27.2851,235955.08807475,0
NUSI.US,D,20210722,000000,27.3522,27.4302,27.2752,27.4302,210340.31548179,0
NUSI.US,D,20210723,000000,27.5368,27.6236,27.4302,27.6236,257321.33939249,0
NUSI.US,D,20210726,000000,27.6236,27.667,27.5268,27.594,310656.90251969,0
NUSI.US,D,20210727,000000,27.6432,27.6432,27.1884,27.4489,332186.32462114,0
NUSI.US,D,20210728,000000,27.5752,27.584,27.362,27.5466,375183.3463532,0
NUSI.US,D,20210729,000000,27.5368,27.6432,27.4884,27.6136,288742.35682936,0
NUSI.US,D,20210730,000000,27.5268,27.5752,27.3818,27.4588,298073.49599464,0
NUSI.US,D,20210802,000000,27.6136,27.6236,27.4588,27.5072,308332.98570574,0
NUSI.US,D,20210803,000000,27.6236,27.6532,27.362,27.6532,284312.42207412,0
NUSI.US,D,20210804,000000,27.7104,27.7202,27.584,27.6718,246597.67440847,0
NUSI.US,D,20210805,000000,27.7488,27.7982,27.7104,27.7982,192291.19444405,0
NUSI.US,D,20210806,000000,27.7686,27.7972,27.664,27.7488,246844.96429186,0
NUSI.US,D,20210809,000000,27.817,27.817,27.7104,27.7884,401733.56387388,0
NUSI.US,D,20210810,000000,27.8653,27.8653,27.6236,27.7104,323013.28882393,0
NUSI.US,D,20210811,000000,27.817,27.8524,27.6038,27.7104,310455.2193771,0
NUSI.US,D,20210812,000000,27.7202,27.816,27.5752,27.807,285348.20183158,0
NUSI.US,D,20210813,000000,27.8366,27.8682,27.7784,27.8653,342773.16938279,0
NUSI.US,D,20210816,000000,27.8366,27.9038,27.5268,27.9038,565531.69363968,0
NUSI.US,D,20210817,000000,27.8466,27.8466,27.517,27.6818,419268.84896541,0
NUSI.US,D,20210818,000000,27.6718,27.817,27.3818,27.4588,311790.99014062,0
NUSI.US,D,20210819,000000,27.3334,27.6334,27.2466,27.5564,471666.94019862,0
NUSI.US,D,20210820,000000,27.6532,27.6916,27.584,27.6916,292542.91856171,0
NUSI.US,D,20210823,000000,27.7686,27.8366,27.6926,27.8366,399704.57065037,0
NUSI.US,D,20210824,000000,27.9136,27.9136,27.7686,27.8366,368941.30376398,0
NUSI.US,D,20210825,000000,27.6916,27.7982,27.6432,27.6718,400791.02456425,0
NUSI.US,D,20210826,000000,27.6718,27.7015,27.594,27.6236,270545.26725483,0
NUSI.US,D,20210827,000000,27.662,27.7202,27.594,27.7104,291168.63543929,0
NUSI.US,D,20210830,000000,27.7884,27.7982,27.7202,27.7686,331397.83474707,0
NUSI.US,D,20210831,000000,27.7982,27.7982,27.6136,27.7104,252375.54172479,0
NUSI.US,D,20210901,000000,27.7686,27.8998,27.7588,27.7982,512821.44960284,0
NUSI.US,D,20210902,000000,27.9916,27.9916,27.6718,27.7686,473495.26376267,0
NUSI.US,D,20210903,000000,27.7202,27.8564,27.665,27.8366,302001.7566012,0
NUSI.US,D,20210907,000000,27.8366,27.9038,27.7292,27.884,448173.38779389,0
NUSI.US,D,20210908,000000,27.8564,27.8653,27.6038,27.7588,379413.6249321,0
NUSI.US,D,20210909,000000,27.7202,27.8564,27.6334,27.6916,478212.01424331,0
NUSI.US,D,20210910,000000,27.817,27.8456,27.4489,27.4785,408394.17499522,0
NUSI.US,D,20210913,000000,27.7588,27.7588,27.294,27.4588,483638.20291398,0
NUSI.US,D,20210914,000000,27.5466,27.5752,27.2752,27.3434,368870.35994497,0
NUSI.US,D,20210915,000000,27.4104,27.5752,27.2269,27.5466,300444.0330325,0
NUSI.US,D,20210916,000000,27.5752,27.5752,27.294,27.5466,435119.72509715,0
NUSI.US,D,20210917,000000,27.5564,27.5564,27.362,27.4785,316573.61702462,0
NUSI.US,D,20210920,000000,27.2269,27.2851,27.0138,27.1687,813448.92308161,0
NUSI.US,D,20210921,000000,27.2466,27.2851,27.1016,27.1884,329391.13815238,0
NUSI.US,D,20210922,000000,27.1302,27.1687,26.9368,27.1105,565600.61049241,0
NUSI.US,D,20210923,000000,27.1786,27.2604,27.072,27.217,403407.83800238,0
NUSI.US,D,20210924,000000,27.1687,27.2368,27.0819,27.2072,359019.3039347,0
NUSI.US,D,20210927,000000,27.1588,27.1687,26.9575,27.0917,630012.53073239,0
NUSI.US,D,20210928,000000,26.8786,26.8786,26.6467,26.6852,605472.05025579,0
NUSI.US,D,20210929,000000,26.7721,26.8017,26.5973,26.6369,302456.81052596,0
NUSI.US,D,20210930,000000,26.7621,26.7621,26.5125,26.5687,485382.40737836,0
NUSI.US,D,20211001,000000,26.5105,26.6073,26.3892,26.6073,359895.96684097,0
NUSI.US,D,20211004,000000,26.5687,26.5973,26.2599,26.3171,601665.40762465,0
NUSI.US,D,20211005,000000,26.3853,26.4819,26.2875,26.4623,420103.9590634,0
NUSI.US,D,20211006,000000,26.3853,26.4623,26.2777,26.4623,283208.73894705,0
NUSI.US,D,20211007,000000,26.6269,26.7138,26.5205,26.6073,390971.38653098,0
NUSI.US,D,20211008,000000,26.7049,26.7049,26.4049,26.4721,293607.07584677,0
NUSI.US,D,20211011,000000,26.4819,26.5431,26.2777,26.3369,441785.40363415,0
NUSI.US,D,20211012,000000,26.4049,26.4049,26.1919,26.2402,309556.259842,0
NUSI.US,D,20211013,000000,26.3655,26.3655,26.182,26.2975,339484.4166304,0
NUSI.US,D,20211014,000000,26.4523,26.6852,26.3813,26.6852,355693.05230654,0
NUSI.US,D,20211015,000000,26.7523,26.7523,26.6073,26.7237,1053950.4964714,0
NUSI.US,D,20211018,000000,26.7049,26.9467,26.6467,26.9467,666074.28741525,0
NUSI.US,D,20211019,000000,27.0236,27.0424,26.9506,27.0335,468544.39867932,0
NUSI.US,D,20211020,000000,27.0424,27.1016,26.9555,26.9851,593160.25720921,0
NUSI.US,D,20211021,000000,27.0335,27.1036,26.9753,27.1016,244278.82501017,0
NUSI.US,D,20211022,000000,27.0917,27.1114,26.9161,27.0039,484866.54446588,0
NUSI.US,D,20211025,000000,27.1499,27.1598,26.9753,27.1499,527070.00890823,0
NUSI.US,D,20211026,000000,27.1983,27.2674,27.1164,27.1894,436909.53630231,0
NUSI.US,D,20211027,000000,27.218,27.2674,27.1697,27.2575,403455.47170942,0
NUSI.US,D,20211028,000000,27.2575,27.3256,27.1914,27.3256,353218.12650644,0
NUSI.US,D,20211029,000000,27.2279,27.3256,27.218,27.3256,391425.4269726,0
NUSI.US,D,20211101,000000,27.3453,27.3838,27.2772,27.3739,490699.13987114,0
NUSI.US,D,20211102,000000,27.4035,27.4134,27.3463,27.4134,355799.46803505,0
NUSI.US,D,20211103,000000,27.4134,27.7054,27.3542,27.7054,614992.71076612,0
NUSI.US,D,20211104,000000,27.666,28.0834,27.6562,28.0074,605193.34239541,0
NUSI.US,D,20211105,000000,28.0754,28.2018,27.9492,28.0557,549430.48717515,0
NUSI.US,D,20211108,000000,28.1722,28.1722,27.9492,28.0172,610468.52207992,0
NUSI.US,D,20211109,000000,28.1238,28.1238,27.7154,27.8614,855038.21674801,0
NUSI.US,D,20211110,000000,27.6858,27.812,27.2871,27.4134,679477.60179136,0
NUSI.US,D,20211111,000000,27.6078,27.6374,27.4666,27.4814,455457.29103934,0
NUSI.US,D,20211112,000000,27.6078,27.7982,27.443,27.7636,486771.8927477,0
NUSI.US,D,20211115,000000,27.9196,27.9196,27.6078,27.744,568879.22841353,0
NUSI.US,D,20211116,000000,27.744,27.9965,27.6758,27.9679,420256.99501582,0
NUSI.US,D,20211117,000000,28.0261,28.0952,27.9097,27.9876,365154.93079542,0
NUSI.US,D,20211118,000000,28.105,28.2896,27.9876,28.2511,509618.84291637,0
NUSI.US,D,20211119,000000,28.2797,28.4553,28.2748,28.407,569762.98570169,0
NUSI.US,D,20211122,000000,28.5135,28.6891,28.0952,28.2314,763429.4767513,0
NUSI.US,D,20211123,000000,28.1337,28.2304,27.8318,28.1238,586048.64609562,0
NUSI.US,D,20211124,000000,28.0172,28.0261,27.6758,28.0261,281919.58840743,0
NUSI.US,D,20211126,000000,27.9294,27.9294,27.5692,27.6758,377361.32159663,0
NUSI.US,D,20211129,000000,27.8032,28.0656,27.8032,28.0261,574138.19236798,0
NUSI.US,D,20211130,000000,27.8614,28.0952,27.52,27.6472,643556.71926338,0
NUSI.US,D,20211201,000000,27.9196,28.0656,27.2772,27.296,525895.38196214,0
NUSI.US,D,20211202,000000,27.4134,27.4992,27.1213,27.3838,478672.13558371,0
NUSI.US,D,20211203,000000,27.5298,27.5328,26.8579,27.0039,765914.53738269,0
NUSI.US,D,20211206,000000,26.9753,27.1983,26.7799,27.1795,585626.02363099,0
NUSI.US,D,20211207,000000,27.4134,27.9196,27.3739,27.7834,551824.33432497,0
NUSI.US,D,20211208,000000,27.8416,27.9393,27.734,27.9294,324473.71801228,0
NUSI.US,D,20211209,000000,27.89,27.9679,27.52,27.6472,502795.06101132,0
NUSI.US,D,20211210,000000,27.812,27.8801,27.5298,27.8514,327162.48875253,0
NUSI.US,D,20211213,000000,27.7736,27.8416,27.4134,27.4914,517964.87648063,0
NUSI.US,D,20211214,000000,27.2674,27.3256,26.8865,27.1499,630622.64757583,0
NUSI.US,D,20211215,000000,27.1697,27.734,26.8194,27.6858,1395906.7984525,0
NUSI.US,D,20211216,000000,27.7636,27.8032,26.9259,27.0523,429676.30721329,0
NUSI.US,D,20211217,000000,26.8776,27.1114,26.8776,27.0523,365451.88135211,0
NUSI.US,D,20211220,000000,26.9555,26.9753,26.7701,26.9259,636623.48118044,0
NUSI.US,D,20211221,000000,27.1795,27.2851,26.9259,27.1114,441818.84857739,0
NUSI.US,D,20211222,000000,26.9851,27.1114,26.9161,27.072,594021.71786854,0
NUSI.US,D,20211223,000000,27.141,27.2674,27.0621,27.1795,413316.66255097,0
NUSI.US,D,20211227,000000,27.2575,27.2575,27.1322,27.218,513273.4630782,0
NUSI.US,D,20211228,000000,27.2674,27.296,27.1598,27.218,527815.93249089,0
NUSI.US,D,20211229,000000,27.218,27.2575,27.1213,27.218,396624.59542246,0
NUSI.US,D,20211230,000000,27.2674,27.2674,27.1795,27.218,334658.20997187,0
NUSI.US,D,20211231,000000,27.218,27.3058,27.1598,27.1894,621144.55335689,0
NUSI.US,D,20220103,000000,27.1795,27.2624,27.1795,27.2279,553021.25789988,0
NUSI.US,D,20220104,000000,27.2772,27.3157,27.0917,27.1697,808164.62204895,0
NUSI.US,D,20220105,000000,27.0917,27.1213,26.4109,26.4385,1103354.7585426,0
NUSI.US,D,20220106,000000,26.3813,26.5757,26.2155,26.3615,649722.75061796,0
NUSI.US,D,20220107,000000,26.4197,26.4779,26.0961,26.1465,760195.45208784,0
NUSI.US,D,20220110,000000,25.8939,26.1189,25.667,26.109,1014126.690415,0
NUSI.US,D,20220111,000000,26.1465,26.4287,25.9718,26.4011,621056.3803247,0
NUSI.US,D,20220112,000000,26.5371,26.6833,26.3665,26.5075,538048.05815753,0
NUSI.US,D,20220113,000000,26.5757,26.5993,25.8939,25.9531,853189.6235214,0
NUSI.US,D,20220114,000000,25.8356,26.0498,25.807,26.0399,795540.67619876,0
NUSI.US,D,20220118,000000,25.807,25.807,25.4656,25.5338,1140153.31746,0
NUSI.US,D,20220119,000000,25.5624,25.661,25.2318,25.2702,653824.31683951,0
NUSI.US,D,20220120,000000,25.3876,25.5634,25.0858,25.1341,491811.94434637,0
NUSI.US,D,20220121,000000,24.9397,25.1144,24.8618,24.9299,825570.18130002,0
NUSI.US,D,20220124,000000,24.3941,24.9595,24.3655,24.92,1161979.6901181,0
NUSI.US,D,20220125,000000,24.7059,24.923,24.6763,24.7444,509295.54179834,0
NUSI.US,D,20220126,000000,25.0976,25.1104,24.6565,24.7542,431916.10492756,0
NUSI.US,D,20220127,000000,25.0196,25.0196,24.6072,24.6171,535884.27167791,0
NUSI.US,D,20220128,000000,24.7542,24.8924,24.5589,24.8924,362478.32185272,0
NUSI.US,D,20220131,000000,24.9999,25.1864,24.9012,25.1766,453893.48657187,0
NUSI.US,D,20220201,000000,25.3038,25.3136,25.0582,25.2052,384474.95967646,0
NUSI.US,D,20220202,000000,25.3532,25.362,25.1666,25.3334,424759.90055631,0
NUSI.US,D,20220203,000000,25.1568,25.1568,24.8628,24.921,402810.89643961,0
NUSI.US,D,20220204,000000,24.99,25.0976,24.7444,25.0098,329514.78309408,0
NUSI.US,D,20220207,000000,25.0976,25.0976,24.8134,24.8726,313254.45977837,0
NUSI.US,D,20220208,000000,24.8628,25.0482,24.7937,25.0098,279402.09631592,0
NUSI.US,D,20220209,000000,25.2348,25.294,25.1134,25.2544,406011.47615982,0
NUSI.US,D,20220210,000000,24.9703,25.3284,24.918,24.9999,327905.37188581,0
NUSI.US,D,20220211,000000,24.9999,25.0582,24.5095,24.6072,492913.60050719,0
NUSI.US,D,20220214,000000,24.549,24.6171,24.3921,24.4997,381043.30580293,0
NUSI.US,D,20220215,000000,24.7059,24.8036,24.5885,24.7838,278496.04239893,0
NUSI.US,D,20220216,000000,24.7355,24.7937,24.5194,24.7444,246765.91260783,0
NUSI.US,D,20220217,000000,24.6368,24.6467,24.1465,24.2353,326586.83033546,0
NUSI.US,D,20220218,000000,24.2353,24.3131,24.0587,24.1179,383982.40687596,0
NUSI.US,D,20220222,000000,24.0487,24.1513,23.9313,24.0587,519849.95509987,0
NUSI.US,D,20220223,000000,24.0883,24.1049,23.7843,23.8228,454974.87307012,0
NUSI.US,D,20220224,000000,23.2742,23.9797,23.2742,23.9797,799126.37950784,0
NUSI.US,D,20220225,000000,24.029,24.0685,23.8524,24.0191,383121.95969975,0
NUSI.US,D,20220228,000000,23.9313,24.1079,23.9313,24.0389,328280.36064341,0
NUSI.US,D,20220301,000000,24.0191,24.1079,23.8721,23.9116,412474.45807108,0
NUSI.US,D,20220302,000000,23.9797,24.1049,23.9215,24.0981,439288.1812052,0
NUSI.US,D,20220303,000000,24.1563,24.1563,23.9215,23.9797,340481.68402897,0
NUSI.US,D,20220304,000000,23.8623,23.9698,23.7745,23.8721,309167.08232061,0
NUSI.US,D,20220307,000000,23.8721,23.8839,23.4706,23.5189,582223.76076818,0
NUSI.US,D,20220308,000000,23.4311,23.6856,23.3403,23.3818,389099.4831924,0
NUSI.US,D,20220309,000000,23.7054,23.8277,23.5801,23.7547,284996.52318595,0
NUSI.US,D,20220310,000000,23.4706,23.6156,23.4114,23.5978,325450.71574828,0
NUSI.US,D,20220311,000000,23.7054,23.7054,23.294,23.3334,260798.60000681,0
NUSI.US,D,20220314,000000,23.2742,23.3334,23.0976,23.1173,429370.23530845,0
NUSI.US,D,20220315,000000,23.215,23.365,23.1084,23.284,378940.32831103,0
NUSI.US,D,20220316,000000,23.5288,23.8041,23.285,23.7745,423859.9275381,0
NUSI.US,D,20220317,000000,23.8228,24.0783,23.6324,24.0587,430392.83978523,0
NUSI.US,D,20220318,000000,24.0093,24.2253,23.9609,24.2253,389635.61576744,0
NUSI.US,D,20220321,000000,24.3033,24.3427,24.0685,24.2155,443953.24404628,0
NUSI.US,D,20220322,000000,24.2155,24.2935,24.1455,24.2747,569260.2980699,0
NUSI.US,D,20220323,000000,23.9609,24.1365,23.9609,24.0587,353041.78044205,0
NUSI.US,D,20220324,000000,24.1079,24.1957,23.9708,24.0783,268048.04482589,0
NUSI.US,D,20220325,000000,24.1465,24.1553,24.0487,24.1179,315314.87097887,0
NUSI.US,D,20220328,000000,24.1661,24.2155,24.0883,24.1661,404845.97056189,0
NUSI.US,D,20220329,000000,24.2835,24.6664,24.2835,24.5786,431909.01054566,0
NUSI.US,D,20220330,000000,24.5095,24.6072,24.2747,24.3921,259261.14610068,0
NUSI.US,D,20220331,000000,24.3823,24.3941,24.0191,24.0685,191277.71131542,0
NUSI.US,D,20220401,000000,24.0783,24.2353,23.8327,24.0389,264810.97971306,0
NUSI.US,D,20220404,000000,24.0389,24.4898,24.0191,24.4503,317207.04398002,0
NUSI.US,D,20220405,000000,24.3823,24.4602,23.9017,23.9994,295941.12749201,0
NUSI.US,D,20220406,000000,23.7153,23.7646,23.3136,23.5002,487268.49948073,0
NUSI.US,D,20220407,000000,23.4508,23.7054,23.1864,23.4607,317549.6012775,0
NUSI.US,D,20220408,000000,23.4706,23.4706,23.137,23.1864,758019.50381068,0
NUSI.US,D,20220411,000000,23.0098,23.0394,22.6082,22.6466,460525.72016561,0
NUSI.US,D,20220412,000000,22.8726,23.0582,22.4315,22.5687,331871.13136814,0
NUSI.US,D,20220413,000000,22.6861,23.0196,22.5194,22.9406,365969.77123084,0
NUSI.US,D,20220414,000000,22.921,23.0374,22.696,22.8332,224197.67029953,0
NUSI.US,D,20220418,000000,22.8036,22.9012,22.774,22.8824,250872.54624503,0
NUSI.US,D,20220419,000000,22.911,23.0196,22.843,22.9802,914471.90786017,0
NUSI.US,D,20220420,000000,23.0986,23.0986,22.8322,22.9012,300233.22854175,0
NUSI.US,D,20220421,000000,23.0098,23.0394,22.7335,22.7828,299884.59034549,0
NUSI.US,D,20220422,000000,22.7828,22.7918,22.5658,22.5855,305040.17902083,0
NUSI.US,D,20220425,000000,22.4671,22.694,22.4572,22.694,467376.86611513,0
NUSI.US,D,20220426,000000,22.694,22.694,22.398,22.4177,395687.12352849,0
NUSI.US,D,20220427,000000,22.398,22.5361,22.3355,22.3487,257707.4764645,0
NUSI.US,D,20220428,000000,22.4276,22.7138,22.3487,22.5954,343399.50195628,0
NUSI.US,D,20220429,000000,22.4177,22.5954,22.2697,22.2993,208303.21439325,0
NUSI.US,D,20220502,000000,22.25,22.3683,22.181,22.3092,231368.06343458,0
NUSI.US,D,20220503,000000,22.3388,22.3883,22.25,22.3487,166057.1836595,0
NUSI.US,D,20220504,000000,22.3092,22.5756,22.1839,22.5164,136192.87630821,0
NUSI.US,D,20220505,000000,22.4572,22.4572,22.1513,22.2401,175096.43968374,0
NUSI.US,D,20220506,000000,22.1809,22.1841,22.0428,22.0823,367024.80716774,0
NUSI.US,D,20220509,000000,21.8159,22.102,21.8059,22.0033,345565.31540217,0
NUSI.US,D,20220510,000000,21.9539,22.1119,21.9539,22.0231,252306.62487204,0
NUSI.US,D,20220511,000000,21.9935,22.0641,21.9539,22.0428,235321.66111936,0
NUSI.US,D,20220512,000000,21.8059,22.0515,21.8059,22.0033,265621.76621596,0
NUSI.US,D,20220513,000000,22.1612,22.1888,22.0033,22.0527,170952.30717078,0
NUSI.US,D,20220516,000000,22.0329,22.0724,21.9539,21.9836,195853.58764118,0
NUSI.US,D,20220517,000000,22.0132,22.0428,21.9928,22.0033,137428.31224201,0
NUSI.US,D,20220518,000000,21.9047,22.0357,21.8553,21.9935,305806.37226608,0
NUSI.US,D,20220519,000000,21.9343,22.0428,21.9343,21.9935,130675.47415596,0
NUSI.US,D,20220520,000000,22.0527,22.0712,21.7961,21.9639,264750.17072533,0
NUSI.US,D,20220523,000000,22.0033,22.0665,21.9344,22.0033,203559.09986814,0
NUSI.US,D,20220524,000000,21.9047,21.9717,21.8355,21.9145,196478.90673154,0
NUSI.US,D,20220525,000000,21.7271,21.8947,21.7171,21.8751,129735.97529572,0
NUSI.US,D,20220526,000000,21.9343,22.0449,21.8751,21.9836,285599.54564748,0
NUSI.US,D,20220527,000000,22.1217,22.1513,22.0642,22.1316,156714.89617981,0
NUSI.US,D,20220531,000000,22.0527,22.1908,22.0527,22.1415,213631.09520045,0
NUSI.US,D,20220601,000000,22.1809,22.2069,22.0823,22.102,124754.70571851,0
NUSI.US,D,20220602,000000,22.0724,22.2599,22.0724,22.2303,132949.7302966,0
NUSI.US,D,20220603,000000,22.1119,22.1119,21.6679,21.7467,222436.23662197,0
NUSI.US,D,20220606,000000,21.8751,22.1119,21.7073,21.7961,349083.11534164,0
NUSI.US,D,20220607,000000,21.7073,21.9737,21.5692,21.9145,181943.53170076,0
NUSI.US,D,20220608,000000,21.9539,22.0428,21.7467,21.7567,155631.4827153,0
NUSI.US,D,20220609,000000,21.7073,21.8553,21.2238,21.2436,177167.99919865,0
NUSI.US,D,20220610,000000,21.066,21.066,20.5528,20.5628,290946.68263412,0
NUSI.US,D,20220613,000000,19.9905,20.1977,19.8819,19.9115,372031.41382317,0
NUSI.US,D,20220614,000000,19.9411,20.0102,19.8049,19.9017,390740.31237764,0
NUSI.US,D,20220615,000000,19.9609,20.3161,19.8326,20.0694,192300.3157922,0
NUSI.US,D,20220616,000000,19.7537,19.7537,19.4971,19.5563,371803.38011923,0
NUSI.US,D,20220617,000000,19.6747,19.6944,19.5365,19.6353,226405.03655368,0
NUSI.US,D,20220621,000000,19.6649,19.7919,19.6649,19.7339,129659.96406107,0
NUSI.US,D,20220622,000000,19.5859,19.803,19.5859,19.7635,119836.27209527,0
NUSI.US,D,20220623,000000,19.6747,19.7241,19.5957,19.6549,160148.5770196,0
NUSI.US,D,20220624,000000,19.7537,19.7833,19.7048,19.7537,147809.41992855,0
NUSI.US,D,20220627,000000,19.8523,19.8869,19.6451,19.6747,196080.60786199,0
NUSI.US,D,20220628,000000,19.7339,19.8704,19.1123,19.1518,385098.25180058,0
NUSI.US,D,20220629,000000,19.2307,19.2307,18.9746,19.1518,104034.0431537,0
NUSI.US,D,20220630,000000,19.1222,19.1222,18.6783,18.9446,176682.54078004,0
NUSI.US,D,20220701,000000,18.8854,19.0038,18.6785,18.9643,183766.78784916,0
NUSI.US,D,20220705,000000,18.7966,19.2899,18.6486,19.2406,215413.81202371,0
NUSI.US,D,20220706,000000,19.2011,19.5267,19.2011,19.3689,108323.10375406,0
NUSI.US,D,20220707,000000,19.3393,19.8326,19.3393,19.7833,129755.23147516,0
NUSI.US,D,20220708,000000,19.6451,19.9214,19.5365,19.8326,70471.535866047,0
NUSI.US,D,20220711,000000,19.7833,19.7833,19.359,19.3985,123017.59563604,0
NUSI.US,D,20220712,000000,19.359,19.6057,19.0975,19.2307,128997.14609495,0
NUSI.US,D,20220713,000000,18.8952,19.3245,18.8163,19.2209,58348.250681394,0
NUSI.US,D,20220714,000000,19.1321,19.2801,18.8163,19.2505,115529.98228173,0
NUSI.US,D,20220715,000000,19.4083,19.4379,19.2505,19.2998,120398.75523166,0
NUSI.US,D,20220718,000000,19.2702,19.5069,19.2505,19.2603,142931.52563046,0
NUSI.US,D,20220719,000000,19.5069,19.5069,19.3294,19.4083,142353.84024714,0
NUSI.US,D,20220720,000000,19.4679,19.5076,19.4083,19.4878,82323.80010563,0
NUSI.US,D,20220721,000000,19.4977,19.5374,19.3984,19.5176,182713.34968961,0
NUSI.US,D,20220722,000000,19.607,19.607,19.4282,19.5076,108793.18371772,0
NUSI.US,D,20220725,000000,19.4679,19.5176,19.3984,19.4679,136759.65657827,0
NUSI.US,D,20220726,000000,19.3587,19.4381,19.2991,19.3686,166617.87839501,0
NUSI.US,D,20220727,000000,19.458,19.5671,19.4293,19.4977,254489.06367817,0
NUSI.US,D,20220728,000000,19.3785,19.6755,19.2295,19.6467,296071.29645542,0
NUSI.US,D,20220729,000000,19.746,20.044,19.6864,19.9745,215202.30062956,0
NUSI.US,D,20220801,000000,19.9447,20.1814,19.8453,20.0043,288015.00313588,0
NUSI.US,D,20220802,000000,19.9347,20.1731,19.8305,19.9447,83929.622130707,0
NUSI.US,D,20220803,000000,19.9844,20.481,19.9844,20.4612,246721.71764465,0
NUSI.US,D,20220804,000000,20.4612,20.5506,20.3122,20.5506,175712.16701727,0
NUSI.US,D,20220805,000000,20.3718,20.5094,20.1764,20.3718,163834.11795655,0
NUSI.US,D,20220808,000000,20.4512,20.64,20.2327,20.3221,141316.36534661,0
NUSI.US,D,20220809,000000,20.2228,20.2228,19.9745,20.0937,87994.013049349,0
NUSI.US,D,20220810,000000,20.332,20.64,20.332,20.6201,112468.95563845,0
NUSI.US,D,20220811,000000,20.8187,20.9063,20.4711,20.5307,162857.53653691,0
NUSI.US,D,20220812,000000,20.7393,20.9379,20.5671,20.9379,93562.540711228,0
NUSI.US,D,20220815,000000,20.8485,21.1167,20.8485,21.0969,128655.03758024,0
NUSI.US,D,20220816,000000,21.0571,21.1465,20.8486,21.0571,117189.77035668,0
NUSI.US,D,20220817,000000,20.9379,21.0174,20.6797,20.8287,117186.75000177,0
NUSI.US,D,20220818,000000,20.8287,20.9272,20.7095,20.8585,65814.540188888,0
NUSI.US,D,20220819,000000,20.6598,20.8211,20.5704,20.7393,108185.08559663,0
NUSI.US,D,20220822,000000,20.63,20.6896,20.4803,20.5506,113518.02557583,0
NUSI.US,D,20220823,000000,20.6102,20.6102,20.4711,20.5208,85626.054802966,0
NUSI.US,D,20220824,000000,20.3022,20.4413,20.3022,20.3519,70616.904489587,0
NUSI.US,D,20220825,000000,20.4016,20.5181,20.3963,20.491,132149.58820659,0
NUSI.US,D,20220826,000000,20.5108,20.5605,20.1831,20.1831,137733.217643,0
NUSI.US,D,20220829,000000,20.0937,20.2129,20.0663,20.1135,143821.24634873,0
NUSI.US,D,20220830,000000,20.1433,20.1489,19.9646,19.9943,134205.44311268,0
NUSI.US,D,20220831,000000,20.0341,20.0639,19.9448,20.0043,68611.388831936,0
NUSI.US,D,20220901,000000,19.8851,19.9931,19.8751,19.9844,125284.32150503,0
NUSI.US,D,20220902,000000,20.0738,20.0837,19.8653,19.9347,73388.583508418,0
NUSI.US,D,20220906,000000,19.9149,19.9347,19.8453,19.8751,106288.3027156,0
NUSI.US,D,20220907,000000,19.8354,19.9347,19.8056,19.8851,94418.307934623,0
NUSI.US,D,20220908,000000,19.7957,19.9435,19.7957,19.9049,104527.43580534,0
NUSI.US,D,20220909,000000,19.9149,19.9943,19.9149,19.9447,66605.873174286,0
NUSI.US,D,20220912,000000,19.9943,20.0539,19.9745,20.0142,87219.795408418,0
NUSI.US,D,20220913,000000,19.7361,19.9459,19.7361,19.8156,106990.03183878,0
NUSI.US,D,20220914,000000,19.8553,19.9049,19.8156,19.8652,73487.24843535,0
NUSI.US,D,20220915,000000,19.7758,19.8751,19.7758,19.8453,74209.113257908,0
NUSI.US,D,20220916,000000,19.7262,19.8553,19.6666,19.8553,140285.41753866,0
NUSI.US,D,20220919,000000,19.7162,19.8652,19.67,19.8255,115808.46137962,0
NUSI.US,D,20220920,000000,19.8056,19.8751,19.7758,19.8553,99752.254698796,0
NUSI.US,D,20220921,000000,19.7957,19.8055,19.6268,19.6268,71165.602297528,0
NUSI.US,D,20220922,000000,19.597,19.6268,19.4977,19.5772,120913.8679559,0
NUSI.US,D,20220923,000000,19.4878,19.5225,19.3785,19.5076,240687.04854227,0
NUSI.US,D,20220926,000000,19.4083,19.5672,19.4083,19.4381,147843.35229869,0
NUSI.US,D,20220927,000000,19.607,19.6226,19.3884,19.4182,147319.82411496,0
NUSI.US,D,20220928,000000,19.3487,19.5667,19.3487,19.5076,150661.34342608,0
NUSI.US,D,20220929,000000,19.3686,19.448,19.2991,19.3984,278066.96086016,0
NUSI.US,D,20220930,000000,19.4083,19.4334,19.2593,19.309,127767.05323784,0
NUSI.US,D,20221003,000000,19.2494,19.4282,19.2395,19.3686,119388.58872832,0
NUSI.US,D,20221004,000000,19.5176,19.6169,19.5176,19.597,156516.80480404,0
NUSI.US,D,20221005,000000,19.4381,19.6169,19.3736,19.6169,82887.599688102,0
NUSI.US,D,20221006,000000,19.6268,19.6666,19.5176,19.5176,76667.682151474,0
NUSI.US,D,20221007,000000,19.458,19.458,19.2394,19.2792,81685.498435474,0
NUSI.US,D,20221010,000000,19.16,19.2237,19.1103,19.1401,63054.942589681,0
NUSI.US,D,20221011,000000,19.0209,19.16,19.0011,19.1004,168000.19415703,0
NUSI.US,D,20221012,000000,19.1004,19.1203,19.0507,19.1004,63822.11273583,0
NUSI.US,D,20221013,000000,18.872,19.1787,18.872,19.1203,208087.35125576,0
NUSI.US,D,20221014,000000,19.1997,19.218,18.9812,19.0209,88410.82202639,0
NUSI.US,D,20221017,000000,19.2494,19.2494,19.0295,19.0706,63816.072026018,0
NUSI.US,D,20221018,000000,19.1898,19.2395,19.0209,19.0905,85857.615345767,0
NUSI.US,D,20221019,000000,19.0209,19.1134,18.9713,19.0309,51047.018267996,0
NUSI.US,D,20221020,000000,19.0607,19.1004,18.9321,18.9713,66298.803758832,0
NUSI.US,D,20221021,000000,18.9316,19.0706,18.8819,19.0309,116707.52035667,0
NUSI.US,D,20221024,000000,19.011,19.1203,18.9911,19.0706,145122.01252829,0
NUSI.US,D,20221025,000000,19.0805,19.2097,19.0408,19.16,90826.099166302,0
NUSI.US,D,20221026,000000,19.14,19.2,19.0769,19.08,116782,0
NUSI.US,D,20221027,000000,19.07,19.13,18.9907,19.05,166380,0
NUSI.US,D,20221028,000000,19.09,19.19,19.06,19.14,132334,0
NUSI.US,D,20221031,000000,19.19,19.25,19.1,19.18,168705,0
NUSI.US,D,20221101,000000,19.24,19.24,19.0701,19.12,104796,0
NUSI.US,D,20221102,000000,19.09,19.13,18.9,18.9,111738,0
NUSI.US,D,20221103,000000,18.94,18.94,18.7701,18.84,119458,0
NUSI.US,D,20221104,000000,18.89,18.92,18.72,18.86,80753,0
NUSI.US,D,20221107,000000,18.99,19,18.8501,18.96,141052,0
NUSI.US,D,20221108,000000,18.98,19.1181,18.93,19.02,103679,0
NUSI.US,D,20221109,000000,18.88,19.0107,18.83,18.83,137457,0
NUSI.US,D,20221110,000000,19.1,19.34,19.09,19.31,140384,0
NUSI.US,D,20221111,000000,19.31,19.4,19.27,19.35,85500,0
NUSI.US,D,20221114,000000,19.3,19.5,19.1801,19.24,121324,0
NUSI.US,D,20221115,000000,19.49,19.7,19.29,19.46,127965,0
NUSI.US,D,20221116,000000,19.46,19.46,19.16,19.17,238961,0
NUSI.US,D,20221117,000000,19.09,19.25,18.95,19.13,85604,0
NUSI.US,D,20221118,000000,19.16,19.1905,19.09,19.12,121092,0
NUSI.US,D,20221121,000000,19.12,19.17,19,19.09,105478,0
NUSI.US,D,20221122,000000,19.11,19.1723,19.0015,19.17,56159,0
NUSI.US,D,20221123,000000,19.05,19.11,19,19.06,90746,0
NUSI.US,D,20221125,000000,18.97,19.1,18.97,19.1,36592,0
NUSI.US,D,20221128,000000,19.02,19.0879,18.9,19,178523,0
NUSI.US,D,20221129,000000,18.99,19.05,18.9,18.9,127422,0
NUSI.US,D,20221130,000000,18.91,19.19,18.9001,19.15,158110,0
NUSI.US,D,20221201,000000,19.16,19.2499,19.1483,19.17,97737,0
NUSI.US,D,20221202,000000,19.08,19.2119,19.08,19.21,85426,0
NUSI.US,D,20221205,000000,19.11,19.2,19.05,19.08,353804,0
NUSI.US,D,20221206,000000,19.07,19.129,18.91,18.98,188877,0
NUSI.US,D,20221207,000000,18.93,19.01,18.9003,18.97,104383,0
NUSI.US,D,20221208,000000,18.95,19.0626,18.92,19.01,156443,0
NUSI.US,D,20221209,000000,18.96,19.1,18.96,19,193883,0
NUSI.US,D,20221212,000000,18.96,19.07,18.96,19.04,109602,0
NUSI.US,D,20221213,000000,19.22,19.3816,19.16,19.24,169083,0
NUSI.US,D,20221214,000000,19.16,19.3404,19.11,19.26,274995,0
NUSI.US,D,20221215,000000,19.17,19.17,18.77,18.86,280669,0
NUSI.US,D,20221216,000000,18.74,18.85,18.71,18.75,130471,0
NUSI.US,D,20221219,000000,18.72,18.769,18.65,18.69,90651,0
NUSI.US,D,20221220,000000,18.56,18.78,18.54,18.69,153229,0
NUSI.US,D,20221221,000000,18.71,18.8,18.67,18.75,177045,0
NUSI.US,D,20221222,000000,18.61,18.6741,18.53,18.6,159534,0
NUSI.US,D,20221223,000000,18.5,18.55,18.43,18.52,91269,0
NUSI.US,D,20221227,000000,18.44,18.47,18.38,18.41,418711,0
NUSI.US,D,20221228,000000,18.45,18.463,18.3,18.33,207501,0
NUSI.US,D,20221229,000000,18.38,18.52,18.34,18.47,277655,0
NUSI.US,D,20221230,000000,18.31,18.5,18.31,18.5,178062,0
NUSI.US,D,20230103,000000,18.51,18.5799,18.36,18.41,90950,0
NUSI.US,D,20230104,000000,18.43,18.4943,18.3601,18.47,71813,0
NUSI.US,D,20230105,000000,18.42,18.42,18.31,18.31,137219,0
NUSI.US,D,20230106,000000,18.34,18.59,18.32,18.51,129274,0
NUSI.US,D,20230109,000000,18.58,18.864,18.57,18.57,155660,0
NUSI.US,D,20230110,000000,18.57,18.73,18.54,18.72,136874,0
NUSI.US,D,20230111,000000,18.72,18.99,18.72,18.94,118381,0
NUSI.US,D,20230112,000000,18.99,19.09,18.77,19.09,63505,0
NUSI.US,D,20230113,000000,18.99,19.19,18.93,19.14,78466,0
NUSI.US,D,20230117,000000,19.14,19.27,19.09,19.23,94036,0
NUSI.US,D,20230118,000000,19.26,19.39,18.95,18.95,75090,0
NUSI.US,D,20230119,000000,18.92,18.9399,18.72,18.72,77212,0
NUSI.US,D,20230120,000000,18.78,18.96,18.78,18.9519,152463,0
NUSI.US,D,20230123,000000,18.95,19.07,18.9021,19,121945,0
NUSI.US,D,20230124,000000,18.93,19.07,18.93,19.01,53284,0
NUSI.US,D,20230125,000000,18.85,18.92,18.77,18.9,48236,0
NUSI.US,D,20230126,000000,18.99,18.99,18.92,18.97,45492,0
NUSI.US,D,20230127,000000,18.96,19.03,18.8823,19.03,125104,0
NUSI.US,D,20230130,000000,18.91,18.94,18.55,18.56,138982,0
NUSI.US,D,20230131,000000,18.54,18.81,18.515,18.77,102025,0
NUSI.US,D,20230201,000000,18.86,19.37,18.72,19.23,125786,0
NUSI.US,D,20230202,000000,19.49,19.99,19.42,19.89,228884,0
NUSI.US,D,20230203,000000,19.61,19.89,19.4701,19.52,72858,0
NUSI.US,D,20230206,000000,19.46,19.519,19.28,19.35,88296,0
NUSI.US,D,20230207,000000,19.3,19.84,19.3,19.74,108471,0
NUSI.US,D,20230208,000000,19.64,19.765,19.4,19.46,78644,0
NUSI.US,D,20230209,000000,19.6,19.76,19.16,19.28,140110,0
NUSI.US,D,20230210,000000,19.24,19.28,18.96,19.14,117988,0
NUSI.US,D,20230213,000000,19.14,19.44,19.085,19.37,87269,0
NUSI.US,D,20230214,000000,19.23,19.61,19.1998,19.52,107311,0
NUSI.US,D,20230215,000000,19.52,19.72,19.4,19.7,85062,0
NUSI.US,D,20230216,000000,19.54,19.66,19.31,19.31,116458,0
NUSI.US,D,20230217,000000,19.27,19.31,19.2,19.25,55761,0
NUSI.US,D,20230221,000000,19.13,19.24,19.09,19.1,73455,0
NUSI.US,D,20230222,000000,19.09,19.2032,19.05,19.1,40487,0
NUSI.US,D,20230223,000000,19.08,19.1895,18.95,19.07,102624,0
NUSI.US,D,20230224,000000,18.95,19.06,18.88,18.95,34244,0
NUSI.US,D,20230227,000000,19.12,19.125,18.93,18.93,76308,0
NUSI.US,D,20230228,000000,18.9,19.0299,18.88,18.99,79749,0
NUSI.US,D,20230301,000000,18.94,18.98,18.85,18.85,252900,0
NUSI.US,D,20230302,000000,18.8,18.98,18.77,18.96,132195,0
NUSI.US,D,20230303,000000,18.97,19.2,18.931,19.19,84421,0
NUSI.US,D,20230306,000000,19.02,19.4,19.02,19.19,204833,0
NUSI.US,D,20230307,000000,19.13,19.24,18.98,18.98,87008,0
NUSI.US,D,20230308,000000,19.07,19.08,18.96,19.08,50597,0
NUSI.US,D,20230309,000000,19.06,19.1939,18.83,18.89,61516,0
NUSI.US,D,20230310,000000,18.92,18.925,18.61,18.72,109610,0
NUSI.US,D,20230313,000000,18.52,18.88,18.5,18.73,193085,0
NUSI.US,D,20230314,000000,18.82,18.98,18.8,18.92,84361,0
NUSI.US,D,20230315,000000,18.76,19.04,18.76,18.97,146545,0
NUSI.US,D,20230316,000000,18.98,19.52,18.9507,19.48,134401,0
NUSI.US,D,20230317,000000,19.54,19.55,19.44,19.45,97283,0
NUSI.US,D,20230320,000000,19.4,19.5,19.4,19.46,119301,0
NUSI.US,D,20230321,000000,19.5,19.579,19.49,19.54,82346,0
NUSI.US,D,20230322,000000,19.48,19.56,19.36,19.39,112319,0
NUSI.US,D,20230323,000000,19.46,19.5,19.3744,19.46,62970,0
NUSI.US,D,20230324,000000,19.36,19.47,19.35,19.41,127527,0
NUSI.US,D,20230327,000000,19.42,19.5,19.42,19.45,192412,0
NUSI.US,D,20230328,000000,19.37,19.4412,19.3515,19.36,27558,0
NUSI.US,D,20230329,000000,19.5,19.54,19.4545,19.5,54541,0
NUSI.US,D,20230330,000000,19.68,19.68,19.5281,19.58,48559,0
NUSI.US,D,20230331,000000,19.6,19.65,19.5211,19.65,62048,0
NUSI.US,D,20230403,000000,19.54,19.65,19.54,19.62,48326,0
NUSI.US,D,20230404,000000,19.7,19.7,19.62,19.66,50528,0
NUSI.US,D,20230405,000000,19.66,19.66,19.58,19.63,38465,0
NUSI.US,D,20230406,000000,19.58,19.69,19.57,19.69,72653,0
NUSI.US,D,20230410,000000,19.56,19.71,19.56,19.66,122014,0
NUSI.US,D,20230411,000000,19.68,19.7046,19.65,19.7,132439,0
NUSI.US,D,20230412,000000,19.66,19.7399,19.6115,19.6299,98977,0
NUSI.US,D,20230413,000000,19.55,19.79,19.54,19.72,95247,0
NUSI.US,D,20230414,000000,19.66,19.8,19.549,19.66,48025,0
NUSI.US,D,20230417,000000,19.71,19.759,19.5773,19.74,60919,0
NUSI.US,D,20230418,000000,19.76,19.86,19.68,19.69,57368,0
NUSI.US,D,20230419,000000,19.65,19.76,19.5701,19.75,62214,0
NUSI.US,D,20230420,000000,19.67,19.74,19.5401,19.6,75530,0
NUSI.US,D,20230421,000000,19.59,19.65,19.5,19.59,50801,0
NUSI.US,D,20230424,000000,19.56,19.61,19.48,19.55,50854,0
NUSI.US,D,20230425,000000,19.5,19.525,19.29,19.35,80478,0
NUSI.US,D,20230426,000000,19.31,19.4,19.26,19.3,42449,0
NUSI.US,D,20230427,000000,19.32,19.62,19.32,19.59,67154,0
NUSI.US,D,20230428,000000,19.59,19.7,19.511,19.7,177586,0
NUSI.US,D,20230501,000000,19.7,19.74,19.66,19.71,66903,0
NUSI.US,D,20230502,000000,19.7,19.73,19.5201,19.62,76522,0
NUSI.US,D,20230503,000000,19.61,19.7,19.51,19.51,52619,0
NUSI.US,D,20230504,000000,19.46,19.5431,19.44,19.5,57100,0
NUSI.US,D,20230505,000000,19.54,19.81,19.51,19.77,87851,0
NUSI.US,D,20230508,000000,19.77,19.85,19.73,19.85,82362,0
NUSI.US,D,20230509,000000,19.7,19.8085,19.7,19.73,39342,0
NUSI.US,D,20230510,000000,19.73,19.9304,19.73,19.88,56918,0
NUSI.US,D,20230511,000000,19.86,20,19.83,19.95,85622,0
NUSI.US,D,20230512,000000,19.96,19.9917,19.88,19.92,40738,0
NUSI.US,D,20230515,000000,19.9,20.05,19.9,20.01,56716,0
NUSI.US,D,20230516,000000,19.94,20.08,19.94,20.04,33716,0
NUSI.US,D,20230517,000000,20.03,20.13,20.03,20.09,51988,0
NUSI.US,D,20230518,000000,20.08,20.4854,20.08,20.45,53397,0
NUSI.US,D,20230519,000000,20.45,20.4799,20.42,20.44,42832,0
NUSI.US,D,20230522,000000,20.36,20.5,20.36,20.45,75662,0
NUSI.US,D,20230523,000000,20.39,20.48,20.35,20.35,77505,0
NUSI.US,D,20230524,000000,20.19,20.25,20.14,20.21,42994,0
NUSI.US,D,20230525,000000,20.45,20.45,20.31,20.42,50248,0
NUSI.US,D,20230526,000000,20.45,20.54,20.38,20.48,105739,0
NUSI.US,D,20230530,000000,20.55,20.6,20.4921,20.5,58344,0
NUSI.US,D,20230531,000000,20.43,20.56,20.43,20.49,95062,0
NUSI.US,D,20230601,000000,20.47,20.61,20.46,20.56,60417,0
NUSI.US,D,20230602,000000,20.59,20.8054,20.59,20.69,62827,0
NUSI.US,D,20230605,000000,20.67,20.9041,20.67,20.75,56597,0
NUSI.US,D,20230606,000000,20.75,20.7961,20.675,20.73,63161,0
NUSI.US,D,20230607,000000,20.75,20.89,20.35,20.41,65331,0
NUSI.US,D,20230608,000000,20.32,20.65,20.32,20.58,136400,0
NUSI.US,D,20230609,000000,20.58,20.8999,20.58,20.76,56341,0
NUSI.US,D,20230612,000000,20.76,21.0212,20.74,20.98,99446,0
NUSI.US,D,20230613,000000,21.03,21.24,21.03,21.22,97554,0
NUSI.US,D,20230614,000000,21.2,21.38,21.13,21.33,116684,0
NUSI.US,D,20230615,000000,21.3,21.6997,21.21,21.64,108543,0
NUSI.US,D,20230616,000000,21.65,21.7,21.6,21.63,91926,0
NUSI.US,D,20230620,000000,21.53,21.63,21.47,21.57,67501,0
NUSI.US,D,20230621,000000,21.54,21.58,21.44,21.52,61313,0
NUSI.US,D,20230622,000000,21.31,21.5,21.28,21.46,61757,0
NUSI.US,D,20230623,000000,21.3,21.42,21.3,21.41,49895,0
NUSI.US,D,20230626,000000,21.42,21.48,21.22,21.26,76965,0
NUSI.US,D,20230627,000000,21.29,21.42,21.23,21.37,48714,0
NUSI.US,D,20230628,000000,21.4,21.4899,21.3098,21.44,50747,0
NUSI.US,D,20230629,000000,21.44,21.45,21.3201,21.42,38472,0
NUSI.US,D,20230630,000000,21.42,21.6051,21.42,21.55,78344,0
NUSI.US,D,20230703,000000,21.53,21.6248,21.53,21.58,35377,0
NUSI.US,D,20230705,000000,21.57,21.665,21.495,21.61,48507,0
NUSI.US,D,20230706,000000,21.54,21.55,21.465,21.55,26449,0
NUSI.US,D,20230707,000000,21.52,21.65,21.49,21.49,66884,0
NUSI.US,D,20230710,000000,21.45,21.55,21.4,21.47,71479,0
NUSI.US,D,20230711,000000,21.5,21.6,21.455,21.54,40994,0
NUSI.US,D,20230712,000000,21.53,21.8,21.53,21.76,61888,0
NUSI.US,D,20230713,000000,21.79,21.96,21.79,21.9,89486,0
NUSI.US,D,20230714,000000,21.94,21.97,21.91,21.97,63161,0
NUSI.US,D,20230717,000000,21.97,22.02,21.91,22.01,132947,0
NUSI.US,D,20230718,000000,21.94,22.21,21.77,22.14,81229,0
NUSI.US,D,20230719,000000,22.14,22.26,22.07,22.12,60158,0
NUSI.US,D,20230720,000000,22.03,22.0577,21.6,21.68,74745,0
NUSI.US,D,20230721,000000,21.67,21.75,21.61,21.63,70611,0
NUSI.US,D,20230724,000000,21.58,21.6999,21.58,21.64,120247,0
NUSI.US,D,20230725,000000,21.74,21.75,21.6605,21.69,73906,0
NUSI.US,D,20230726,000000,21.51,21.63,21.49,21.53,95574,0
NUSI.US,D,20230727,000000,21.75,21.7742,21.5,21.6,60403,0
NUSI.US,D,20230728,000000,21.78,21.7895,21.65,21.75,73278,0
NUSI.US,D,20230731,000000,21.73,21.8,21.7,21.7,73279,0
NUSI.US,D,20230801,000000,21.6,21.75,21.6,21.7,42601,0
NUSI.US,D,20230802,000000,21.6,21.63,21.495,21.51,64492,0
NUSI.US,D,20230803,000000,21.41,21.5899,21.4075,21.5,69286,0
NUSI.US,D,20230804,000000,21.5,21.6599,21.4401,21.51,42602,0
NUSI.US,D,20230807,000000,21.48,21.619,21.48,21.56,70429,0
NUSI.US,D,20230808,000000,21.46,21.5,21.3571,21.5,33292,0
NUSI.US,D,20230809,000000,21.46,21.5,21.27,21.35,47983,0
NUSI.US,D,20230810,000000,21.36,21.5886,21.29,21.36,34783,0
NUSI.US,D,20230811,000000,21.29,21.29,21.14,21.21,58365,0
NUSI.US,D,20230814,000000,21.12,21.4,21.11,21.38,92871,0
NUSI.US,D,20230815,000000,21.28,21.36,21.1347,21.21,46314,0
NUSI.US,D,20230816,000000,21.11,21.21,20.952,20.99,66477,0
NUSI.US,D,20230817,000000,20.96,21,20.74,20.78,71200,0
NUSI.US,D,20230818,000000,20.58,20.8,20.5,20.72,50705,0
NUSI.US,D,20230821,000000,20.77,20.9773,20.77,20.94,43843,0
NUSI.US,D,20230822,000000,20.98,21.0458,20.88,20.88,44558,0
NUSI.US,D,20230823,000000,20.83,20.98,20.73,20.92,32050,0
NUSI.US,D,20230824,000000,20.95,21.0355,20.725,20.76,49335,0
NUSI.US,D,20230825,000000,20.85,20.9194,20.655,20.9,51307,0
NUSI.US,D,20230828,000000,20.95,21.08,20.86,20.97,76878,0
NUSI.US,D,20230829,000000,20.93,21.17,20.93,21.13,65442,0
NUSI.US,D,20230830,000000,21.08,21.25,21.08,21.19,48027,0
NUSI.US,D,20230831,000000,21.16,21.3,21.16,21.24,25120,0
NUSI.US,D,20230901,000000,21.28,21.3,21.19,21.23,37037,0
NUSI.US,D,20230905,000000,21.18,21.31,21.1182,21.27,39943,0
NUSI.US,D,20230906,000000,21.27,21.27,20.9519,21.04,29307,0
NUSI.US,D,20230907,000000,20.86,20.93,20.75,20.93,28074,0
NUSI.US,D,20230908,000000,20.9,21.0779,20.89,20.98,114167,0
NUSI.US,D,20230911,000000,21.02,21.2218,20.9801,21.14,62811,0
NUSI.US,D,20230912,000000,21.07,21.15,20.91,20.92,24707,0
NUSI.US,D,20230913,000000,20.87,21.12,20.87,20.94,29308,0
NUSI.US,D,20230914,000000,21.03,21.25,21.03,21.25,63914,0
NUSI.US,D,20230915,000000,21.15,21.15,20.88,20.96,76892,0
NUSI.US,D,20230918,000000,20.89,21,20.89,20.98,38676,0
NUSI.US,D,20230919,000000,20.9,20.9384,20.77,20.87,37754,0
NUSI.US,D,20230920,000000,20.9,20.9,20.55,20.59,38977,0
NUSI.US,D,20230921,000000,20.36,20.4223,20.23,20.27,35303,0
NUSI.US,D,20230922,000000,20.41,20.43,20.2,20.21,70720,0
NUSI.US,D,20230925,000000,20.14,20.3,20.1,20.3,51954,0
NUSI.US,D,20230926,000000,20.21,20.21,20,20.08,37491,0
NUSI.US,D,20230927,000000,20.1,20.1548,19.92,20.11,34444,0
NUSI.US,D,20230928,000000,20.07,20.26,20.0001,20.2,51202,0
NUSI.US,D,20230929,000000,20.34,20.4047,20.14,20.15,19371,0
NUSI.US,D,20231002,000000,20.16,20.36,20.16,20.35,37828,0
NUSI.US,D,20231003,000000,20.27,20.285,19.95,20,23571,0
NUSI.US,D,20231004,000000,20.03,20.26,20.02,20.24,41086,0
NUSI.US,D,20231005,000000,20.15,20.24,20.04,20.18,19620,0
NUSI.US,D,20231006,000000,20.11,20.5536,20.0182,20.45,58901,0
NUSI.US,D,20231009,000000,20.28,20.65,20.26,20.59,46161,0
NUSI.US,D,20231010,000000,20.59,20.8383,20.59,20.69,39797,0
NUSI.US,D,20231011,000000,20.76,20.86,20.7058,20.86,36754,0
NUSI.US,D,20231012,000000,20.85,20.97,20.645,20.77,34488,0
NUSI.US,D,20231013,000000,20.78,20.835,20.48,20.52,31521,0
NUSI.US,D,20231016,000000,20.7084,20.8,20.54,20.73,32740,0
NUSI.US,D,20231017,000000,20.63,20.75,20.49,20.67,29282,0
NUSI.US,D,20231018,000000,20.52,20.6,20.32,20.38,26135,0
NUSI.US,D,20231019,000000,20.42,20.5201,20.16,20.24,23243,0
NUSI.US,D,20231020,000000,20.29,20.29,20.0004,20.05,29721,0
NUSI.US,D,20231023,000000,19.98,20.255,19.885,20.07,38424,0
NUSI.US,D,20231024,000000,20.04,20.2199,20.0201,20.2,38001,0
NUSI.US,D,20231025,000000,20.1,20.1,19.67,19.72,31602,0
NUSI.US,D,20231026,000000,19.62,19.67,19.34,19.45,44183,0
NUSI.US,D,20231027,000000,19.56,19.69,19.41,19.47,60312,0
NUSI.US,D,20231030,000000,19.47,19.76,19.47,19.61,83471,0
NUSI.US,D,20231031,000000,19.6,19.7544,19.5305,19.74,38579,0
NUSI.US,D,20231101,000000,19.75,20.1014,19.69,19.98,55035,0
NUSI.US,D,20231102,000000,20.14,20.4,20.14,20.371,43659,0
NUSI.US,D,20231103,000000,20.47,20.69,20.455,20.6,45437,0
NUSI.US,D,20231106,000000,20.63,20.76,20.6,20.6704,34448,0
NUSI.US,D,20231107,000000,20.7,20.9799,20.64,20.86,40619,0
NUSI.US,D,20231108,000000,20.85,20.97,20.85,20.91,35350,0
NUSI.US,D,20231109,000000,20.96,21.0099,20.69,20.8,34212,0
NUSI.US,D,20231110,000000,20.86,21.205,20.85,21.2,35178,0
NUSI.US,D,20231113,000000,21.09,21.23,21.01,21.11,58373,0
NUSI.US,D,20231114,000000,21.4,21.6395,21.33,21.63,81216,0
NUSI.US,D,20231115,000000,21.61,21.74,21.55,21.55,59182,0
NUSI.US,D,20231116,000000,21.55,21.66,21.4701,21.6519,66281,0
NUSI.US,D,20231117,000000,21.62,21.6799,21.3,21.6,52559,0
NUSI.US,D,20231120,000000,21.7,21.84,21.66,21.83,48056,0
NUSI.US,D,20231121,000000,21.78,21.79,21.59,21.75,41175,0
NUSI.US,D,20231122,000000,21.6,21.79,21.585,21.6919,29642,0
NUSI.US,D,20231124,000000,21.64,21.75,21.59,21.7,30939,0
NUSI.US,D,20231127,000000,21.7,21.79,21.65,21.75,41015,0
NUSI.US,D,20231128,000000,21.73,21.78,21.65,21.75,47403,0
NUSI.US,D,20231129,000000,21.76,21.9,21.69,21.69,51842,0
NUSI.US,D,20231130,000000,21.66,21.785,21.55,21.65,81781,0
NUSI.US,D,20231201,000000,21.58,21.7599,21.53,21.67,37397,0
NUSI.US,D,20231204,000000,21.55,21.59,21.37,21.58,40404,0
NUSI.US,D,20231205,000000,21.47,21.66,21.435,21.62,49735,0
NUSI.US,D,20231206,000000,21.67,21.7,21.5,21.58,51799,0
NUSI.US,D,20231207,000000,21.62,21.84,21.6001,21.8,50718,0
NUSI.US,D,20231208,000000,21.77,21.91,21.741,21.91,46739,0
NUSI.US,D,20231211,000000,21.86,22.06,21.86,22.02,81857,0
NUSI.US,D,20231212,000000,22.02,22.18,22.02,22.18,82954,0
NUSI.US,D,20231213,000000,22.15,22.25,22.15,22.21,42831,0
NUSI.US,D,20231214,000000,22.25,22.3999,22.13,22.34,161031,0
NUSI.US,D,20231215,000000,22.25,22.35,22.23,22.28,100920,0
NUSI.US,D,20231218,000000,22.29,22.49,22.29,22.4,64369,0
NUSI.US,D,20231219,000000,22.39,22.5,22.35,22.45,89972,0
NUSI.US,D,20231220,000000,22.31,22.42,22.16,22.16,98085,0
NUSI.US,D,20231221,000000,22.21,22.3,22.195,22.3,45260,0
NUSI.US,D,20231222,000000,22.42,22.42,22.3,22.3,49832,0
NUSI.US,D,20231226,000000,22.3,22.4,22.26,22.36,93734,0
NUSI.US,D,20231227,000000,22.39,22.4699,22.36,22.43,75565,0
NUSI.US,D,20231228,000000,22.44,22.52,22.44,22.47,92859,0
NUSI.US,D,20231229,000000,22.53,22.53,22.3502,22.4,75490,0
NUSI.US,D,20240102,000000,22.28,22.285,22.15,22.15,50842,0
NUSI.US,D,20240103,000000,22.05,22.1189,22,22.03,57196,0
NUSI.US,D,20240104,000000,21.9,22.025,21.86,21.93,48456,0
NUSI.US,D,20240105,000000,21.88,22.0898,21.88,21.97,39275,0
NUSI.US,D,20240108,000000,21.94,22.36,21.94,22.32,85513,0
NUSI.US,D,20240109,000000,22.28,22.47,22.2,22.47,65134,0
NUSI.US,D,20240110,000000,22.41,22.5999,22.395,22.54,37393,0
NUSI.US,D,20240111,000000,22.61,22.705,22.38,22.64,23898,0
NUSI.US,D,20240112,000000,22.64,22.67,22.5865,22.6448,28922,0
NUSI.US,D,20240116,000000,22.53,22.68,22.5139,22.67,62144,0
NUSI.US,D,20240117,000000,22.56,22.56,22.28,22.46,39684,0
NUSI.US,D,20240118,000000,22.59,22.8,22.5547,22.8,76349,0
NUSI.US,D,20240119,000000,22.82,23.06,22.82,23.02,67288,0
NUSI.US,D,20240122,000000,23.03,23.14,23,23.08,158961,0
NUSI.US,D,20240123,000000,23.08,23.15,23.065,23.13,44583,0
NUSI.US,D,20240124,000000,23.01,23.15,22.85,23.03,93725,0
NUSI.US,D,20240125,000000,23.15,23.15,23.0302,23.1,93911,0
NUSI.US,D,20240126,000000,23.02,23.1,23.01,23.01,84390,0
NUSI.US,D,20240129,000000,23.02,23.19,23.02,23.13,73668,0
NUSI.US,D,20240130,000000,23.06,23.145,23.06,23.07,42744,0
NUSI.US,D,20240131,000000,22.98,23.03,22.8028,22.81,82140,0
NUSI.US,D,20240201,000000,22.89,23.03,22.89,23,94481,0
NUSI.US,D,20240202,000000,23.07,23.25,23.02,23.25,60714,0
NUSI.US,D,20240205,000000,23.22,23.3,23.14,23.23,141020,0
NUSI.US,D,20240206,000000,23.21,23.2939,23.1803,23.22,39114,0
NUSI.US,D,20240207,000000,23.22,23.37,23.22,23.31,71211,0
NUSI.US,D,20240208,000000,23.29,23.3699,23.29,23.32,28162,0
NUSI.US,D,20240209,000000,23.28,23.4,23.28,23.38,39171,0
NUSI.US,D,20240212,000000,23.38,23.52,23.3,23.31,53050,0
NUSI.US,D,20240213,000000,23.02,23.13,22.85,22.9,142501,0
NUSI.US,D,20240214,000000,22.98,23.19,22.98,23.15,32928,0
NUSI.US,D,20240215,000000,23.15,23.29,23.1376,23.17,45388,0
NUSI.US,D,20240216,000000,23.19,23.2899,23.1126,23.13,93913,0
NUSI.US,D,20240220,000000,23,23.12,22.94,23.03,93977,0
NUSI.US,D,20240221,000000,23,23.08,22.98,23.08,134459,0
NUSI.US,D,20240222,000000,23.19,23.2599,23.12,23.2,45043,0
NUSI.US,D,20240223,000000,23.2,23.25,23.185,23.21,40907,0
NUSI.US,D,20240226,000000,23.25,23.3,23.21,23.27,104579,0
NUSI.US,D,20240227,000000,23.21,23.28,23.17,23.23,276108,0
NUSI.US,D,20240228,000000,23.15,23.29,23.11,23.22,95298,0
NUSI.US,D,20240229,000000,23.29,23.36,23.215,23.3,163559,0
NUSI.US,D,20240301,000000,23.4,23.47,23.31,23.44,108090,0
NUSI.US,D,20240304,000000,23.39,23.49,23.34,23.39,71609,0
NUSI.US,D,20240305,000000,23.34,23.365,23.18,23.22,56780,0
NUSI.US,D,20240306,000000,23.29,23.3999,23.2659,23.3,67971,0
NUSI.US,D,20240307,000000,23.35,23.49,23.35,23.46,50521,0
NUSI.US,D,20240308,000000,23.5,23.52,23.332,23.45,39335,0
NUSI.US,D,20240311,000000,23.38,23.382,23.31,23.38,35333,0
NUSI.US,D,20240312,000000,23.39,23.5685,23.39,23.5,47152,0
NUSI.US,D,20240313,000000,23.44,23.55,23.44,23.47,32344,0
NUSI.US,D,20240314,000000,23.47,23.5599,23.43,23.49,48441,0
NUSI.US,D,20240315,000000,23.36,23.4595,23.36,23.36,20235,0
NUSI.US,D,20240318,000000,23.48,23.58,23.39,23.52,72514,0
NUSI.US,D,20240319,000000,23.5,23.55,23.38,23.51,55832,0
NUSI.US,D,20240320,000000,23.38,23.53,23.3769,23.47,31935,0
NUSI.US,D,20240321,000000,23.53,23.6199,23.5,23.58,70648,0
NUSI.US,D,20240322,000000,23.6,23.62,23.55,23.59,62089,0
NUSI.US,D,20240325,000000,23.59,23.6,23.55,23.6,52764,0
NUSI.US,D,20240326,000000,23.56,23.62,23.55,23.55,49645,0
NUSI.US,D,20240327,000000,23.57,23.6099,23.5412,23.56,30230,0
NUSI.US,D,20240328,000000,23.59,23.6199,23.5601,23.61,26666,0
NUSI.US,D,20240401,000000,23.58,23.67,23.56,23.62,103444,0
NUSI.US,D,20240402,000000,23.51,23.59,23.48,23.53,26000,0
NUSI.US,D,20240403,000000,23.52,23.6299,23.4913,23.56,26315,0
NUSI.US,D,20240404,000000,23.58,23.7,23.38,23.38,73551,0
NUSI.US,D,20240405,000000,23.37,23.605,23.37,23.54,30842,0
NUSI.US,D,20240408,000000,23.6,23.62,23.5201,23.58,66003,0
NUSI.US,D,20240409,000000,23.54,23.64,23.52,23.58,26508,0
NUSI.US,D,20240410,000000,23.51,23.56,23.45,23.53,25523,0
NUSI.US,D,20240411,000000,23.57,23.75,23.53,23.75,53158,0
NUSI.US,D,20240412,000000,23.62,23.66,23.5001,23.52,58201,0
NUSI.US,D,20240415,000000,23.58,23.69,23.25,23.25,55841,0
NUSI.US,D,20240416,000000,23.24,23.42,23.24,23.25,105348,0
NUSI.US,D,20240417,000000,23.38,23.44,23,23.07,37289,0
NUSI.US,D,20240418,000000,23.07,23.1199,22.89,22.99,70235,0
NUSI.US,D,20240419,000000,22.86,22.87,22.5,22.58,86479,0
NUSI.US,D,20240422,000000,22.68,22.7818,22.52,22.71,72614,0
NUSI.US,D,20240423,000000,22.72,23.03,22.72,22.93,29952,0
NUSI.US,D,20240424,000000,22.85,23.0099,22.8201,22.86,29277,0
NUSI.US,D,20240425,000000,22.66,22.84,22.6,22.84,39350,0
NUSI.US,D,20240426,000000,23.07,23.13,22.96,23.13,48316,0
NUSI.US,D,20240429,000000,23.16,23.16,23.06,23.08,43989,0
NUSI.US,D,20240430,000000,23.07,23.15,22.9067,22.91,30972,0
NUSI.US,D,20240501,000000,22.82,23.0318,22.71,22.71,28468,0
NUSI.US,D,20240502,000000,22.83,22.96,22.7601,22.943,15392,0
NUSI.US,D,20240503,000000,23.17,23.31,23.16,23.31,42767,0
NUSI.US,D,20240506,000000,23.21,23.45,23.21,23.45,45132,0
NUSI.US,D,20240507,000000,23.45,23.48,23.3501,23.4417,18443,0
NUSI.US,D,20240508,000000,23.3,23.48,23.3,23.42,18196,0
NUSI.US,D,20240509,000000,23.4,23.5,23.34,23.45,46604,0
NUSI.US,D,20240510,000000,23.46,23.55,23.46,23.49,30912,0
NUSI.US,D,20240513,000000,23.48,23.5599,23.48,23.54,39828,0
NUSI.US,D,20240514,000000,23.47,23.6,23.47,23.59,57748,0
NUSI.US,D,20240515,000000,23.6,23.98,23.6,23.92,69028,0
NUSI.US,D,20240516,000000,23.92,24.03,23.91,23.91,177761,0
NUSI.US,D,20240517,000000,23.9,23.94,23.8415,23.86,53904,0
NUSI.US,D,20240520,000000,23.97,24.03,23.89,24.02,53030,0
NUSI.US,D,20240521,000000,23.9,24.06,23.9,24.02,27898,0
NUSI.US,D,20240522,000000,23.94,23.95,23.84,23.86,16123,0
NUSI.US,D,20240523,000000,24,24.06,23.77,23.89,94868,0
NUSI.US,D,20240524,000000,23.88,24.07,23.88,24,63570,0
NUSI.US,D,20240528,000000,24,24.06,24,24.03,93247,0
NUSI.US,D,20240529,000000,24,24.04,23.9284,23.95,29039,0
NUSI.US,D,20240530,000000,23.9,23.92,23.77,23.77,23701,0
NUSI.US,D,20240531,000000,23.77,23.83,23.45,23.77,55403,0
NUSI.US,D,20240603,000000,23.85,23.95,23.8,23.95,23315,0
NUSI.US,D,20240604,000000,23.7,24,23.6,23.93,148334,0
NUSI.US,D,20240605,000000,24,24.44,24,24.4,126350,0
NUSI.US,D,20240606,000000,24.4,24.4499,24.36,24.43,63199,0
NUSI.US,D,20240607,000000,24.37,24.5109,24.32,24.4,99509,0
NUSI.US,D,20240610,000000,24.37,24.51,24.35,24.48,79035,0
NUSI.US,D,20240611,000000,24.47,24.65,24.3312,24.65,78543,0
NUSI.US,D,20240612,000000,24.79,25.065,24.71,25.03,157993,0
NUSI.US,D,20240613,000000,25.07,25.17,25,25.15,95745,0
NUSI.US,D,20240614,000000,25.12,25.22,25.0601,25.22,78347,0
NUSI.US,D,20240617,000000,25.2,25.65,25.18,25.52,156751,0
NUSI.US,D,20240618,000000,25.47,25.57,25.43,25.52,31783,0
NUSI.US,D,20240620,000000,25.52,25.58,25.28,25.39,59855,0
NUSI.US,D,20240621,000000,25.31,25.39,25.19,25.33,46071,0
NUSI.US,D,20240624,000000,25.25,25.3,25.05,25.13,50049,0
NUSI.US,D,20240625,000000,25.1,25.33,24.99,25.33,42723,0
NUSI.US,D,20240626,000000,25.17,25.23,25.13,25.23,43090,0
NUSI.US,D,20240627,000000,25.18,25.32,25.18,25.25,29428,0
NUSI.US,D,20240628,000000,25.33,25.44,25.15,25.21,31840,0
NUSI.US,D,20240701,000000,25.21,25.31,25.1,25.31,59385,0
NUSI.US,D,20240702,000000,25.3,25.5,25.2417,25.5,62342,0
NUSI.US,D,20240703,000000,25.44,25.64,25.44,25.64,38495,0
NUSI.US,D,20240705,000000,25.65,25.85,25.62,25.84,194034,0
NUSI.US,D,20240708,000000,25.84,25.84,25.7101,25.78,59290,0
NUSI.US,D,20240709,000000,25.79,25.8499,25.78,25.83,58190,0
NUSI.US,D,20240710,000000,25.81,25.94,25.77,25.91,110317,0
NUSI.US,D,20240711,000000,25.83,25.9412,25.664,25.72,42744,0
NUSI.US,D,20240712,000000,25.87,25.9036,25.76,25.89,23213,0
NUSI.US,D,20240715,000000,25.85,25.94,25.83,25.83,54103,0
NUSI.US,D,20240716,000000,25.83,25.92,25.8001,25.92,33348,0
NUSI.US,D,20240717,000000,25.8,25.8,25.42,25.44,66029,0
NUSI.US,D,20240718,000000,25.44,25.5592,25.15,25.2622,52350,0
NUSI.US,D,20240719,000000,25.21,25.33,25.1,25.16,30048,0
NUSI.US,D,20240722,000000,25.41,25.43,25.2101,25.37,48416,0
NUSI.US,D,20240723,000000,25.26,25.45,25.26,25.29,37972,0
NUSI.US,D,20240724,000000,24.9,24.909,24.5005,24.57,38220,0
NUSI.US,D,20240725,000000,24.58,24.69,24.24,24.34,33582,0
NUSI.US,D,20240726,000000,24.58,24.6399,24.398,24.4549,32739,0
NUSI.US,D,20240729,000000,24.51,24.72,24.41,24.47,20392,0
NUSI.US,D,20240730,000000,24.69,24.69,24.13,24.23,31597,0
NUSI.US,D,20240731,000000,24.58,24.92,24.58,24.86,31665,0
NUSI.US,D,20240801,000000,24.87,25.05,24.21,24.3,59423,0
NUSI.US,D,20240802,000000,24,24.08,23.73,23.84,74599,0
NUSI.US,D,20240805,000000,22,23.56,22,23.49,1286709,0
NUSI.US,D,20240806,000000,23.55,23.76,23.37,23.49,48495,0
NUSI.US,D,20240807,000000,23.66,23.7701,23.3,23.36,18493,0
NUSI.US,D,20240808,000000,23.45,23.8014,23.355,23.76,23162,0
NUSI.US,D,20240809,000000,23.74,23.8783,23.685,23.85,45026,0
NUSI.US,D,20240812,000000,23.85,24,23.72,23.78,37350,0
NUSI.US,D,20240813,000000,23.93,24.43,23.93,24.43,23731,0
NUSI.US,D,20240814,000000,24.43,24.5,24.19,24.37,18931,0
NUSI.US,D,20240815,000000,24.67,25.01,24.62,25,41173,0
NUSI.US,D,20240816,000000,24.88,25.02,24.88,24.9802,31881,0
NUSI.US,D,20240819,000000,25,25.14,24.9501,25.14,30651,0
NUSI.US,D,20240820,000000,25.02,25.1399,25.02,25.05,32175,0
NUSI.US,D,20240821,000000,25.03,25.03,24.92,24.92,24346,0
NUSI.US,D,20240822,000000,25.05,25.05,24.83,24.88,24734,0
NUSI.US,D,20240823,000000,25.07,25.07,24.8701,24.99,52139,0
NUSI.US,D,20240826,000000,24.96,24.9787,24.82,24.83,20616,0
NUSI.US,D,20240827,000000,24.69,24.95,24.69,24.89,47621,0
NUSI.US,D,20240828,000000,24.88,24.92,24.8,24.855,15087,0
NUSI.US,D,20240829,000000,24.9,24.9799,24.7625,24.81,96821,0
NUSI.US,D,20240830,000000,24.9,25,24.86,25,18182,0
NUSI.US,D,20240903,000000,24.87,24.87,24.6,24.62,35350,0
NUSI.US,D,20240904,000000,24.48,24.67,24.41,24.65,16221,0
NUSI.US,D,20240905,000000,24.5,24.7154,24.5,24.53,18742,0
NUSI.US,D,20240906,000000,24.58,24.6,24.2301,24.31,37180,0
NUSI.US,D,20240909,000000,24.33,24.41,24.2501,24.4,23301,0
NUSI.US,D,20240910,000000,24.38,24.54,24.31,24.53,29510,0
NUSI.US,D,20240911,000000,24.5,24.9,24.3101,24.86,27642,0
NUSI.US,D,20240912,000000,24.88,25.11,24.8619,25.0675,20685,0
NUSI.US,D,20240913,000000,25.07,25.2019,25.07,25.16,41505,0
NUSI.US,D,20240916,000000,25.07,25.09,24.8877,25.09,21753,0
NUSI.US,D,20240917,000000,25.1,25.2616,25.02,25.07,104723,0
NUSI.US,D,20240918,000000,25.11,25.3,24.93,24.93,25035,0
NUSI.US,D,20240919,000000,25.39,25.72,25.39,25.58,109140,0
NUSI.US,D,20240920,000000,25.51,25.6,25.5,25.53,36394,0
NUSI.US,D,20240923,000000,25.57,25.67,25.55,25.6,42878,0
NUSI.US,D,20240924,000000,25.68,25.71,25.59,25.7,108736,0
NUSI.US,D,20240925,000000,25.49,25.65,25.46,25.49,24804,0
NUSI.US,D,20240926,000000,25.71,25.71,25.52,25.63,39711,0
NUSI.US,D,20240927,000000,25.76,25.76,25.52,25.56,67379,0
NUSI.US,D,20240930,000000,25.56,25.59,25.45,25.54,17291,0
NUSI.US,D,20241001,000000,25.57,25.57,25.37,25.47,18252,0
NUSI.US,D,20241002,000000,25.4,25.5099,25.38,25.47,18669,0
NUSI.US,D,20241003,000000,25.34,25.5085,25.34,25.42,16555,0
NUSI.US,D,20241004,000000,25.57,25.6,25.4901,25.52,24243,0
NUSI.US,D,20241007,000000,25.53,25.6,25.46,25.46,26365,0
NUSI.US,D,20241008,000000,25.48,25.67,25.42,25.63,31361,0
NUSI.US,D,20241009,000000,25.64,25.75,25.62,25.72,34342,0
NUSI.US,D,20241010,000000,25.63,25.79,25.63,25.74,16159,0
NUSI.US,D,20241011,000000,25.79,25.87,25.7,25.85,17524,0
NUSI.US,D,20241014,000000,25.85,25.95,25.768,25.95,72942,0
NUSI.US,D,20241015,000000,25.95,25.95,25.44,25.53,28257,0
NUSI.US,D,20241016,000000,25.55,25.59,25.46,25.58,13195,0
NUSI.US,D,20241017,000000,25.77,25.77,25.53,25.56,35618,0
NUSI.US,D,20241018,000000,25.69,25.7,25.6278,25.65,19074,0
NUSI.US,D,20241021,000000,25.65,25.75,25.6201,25.7,32474,0
NUSI.US,D,20241022,000000,25.61,25.75,25.6,25.7,16411,0
NUSI.US,D,20241023,000000,25.46,25.62,25.22,25.27,23279,0
NUSI.US,D,20241024,000000,25.36,25.47,25.33,25.42,89898,0
NUSI.US,D,20241025,000000,25.61,25.7,25.5,25.59,39243,0
NUSI.US,D,20241028,000000,25.59,25.6281,25.53,25.54,31615,0
NUSI.US,D,20241029,000000,25.55,25.76,25.48,25.75,31311,0
NUSI.US,D,20241030,000000,25.65,25.7383,25.55,25.55,28392,0
NUSI.US,D,20241031,000000,25.4,25.4,25.14,25.14,22894,0
NUSI.US,D,20241101,000000,25.19,25.43,25.19,25.31,15785,0
NUSI.US,D,20241104,000000,25.27,25.36,25.16,25.2766,23548,0
NUSI.US,D,20241105,000000,25.28,25.5114,25.28,25.47,17191,0
NUSI.US,D,20241106,000000,25.73,26.1,25.69,26.1,90185,0
NUSI.US,D,20241107,000000,26.1,26.25,26.1,26.23,46000,0
NUSI.US,D,20241108,000000,26.15,26.3399,26.13,26.25,67761,0
NUSI.US,D,20241111,000000,26.41,26.41,26.26,26.26,24939,0
NUSI.US,D,20241112,000000,26.28,26.35,26.25,26.25,32355,0
NUSI.US,D,20241113,000000,26.17,26.3599,26.16,26.2535,63247,0
NUSI.US,D,20241114,000000,26.26,26.289,26.13,26.164,29211,0
NUSI.US,D,20241115,000000,25.985,26.09,25.66,25.78,92563,0
NUSI.US,D,20241118,000000,25.8399,25.99,25.7401,25.84,52547,0
NUSI.US,D,20241119,000000,25.81,26.04,25.72,26.04,31291,0
NUSI.US,D,20241120,000000,25.7788,25.79,25.57,25.79,28914,0
NUSI.US,D,20241121,000000,25.835,25.93,25.6525,25.91,45437,0
NUSI.US,D,20241122,000000,25.91,25.94,25.785,25.94,44267,0
NUSI.US,D,20241125,000000,26.13,26.13,25.8479,25.98,51770,0
NUSI.US,D,20241126,000000,25.98,26.06,25.95,26.06,20003,0
NUSI.US,D,20241127,000000,26,26,25.7808,25.89,61525,0
NUSI.US,D,20241129,000000,25.74,26.05,25.74,26.01,14347,0
NUSI.US,D,20241202,000000,26.09,26.25,26,26.25,69771,0
NUSI.US,D,20241203,000000,26.16,26.31,26.1503,26.31,70662,0
NUSI.US,D,20241204,000000,26.38,26.45,26.3072,26.45,13171,0
NUSI.US,D,20241205,000000,26.36,26.46,26.34,26.45,30271,0
NUSI.US,D,20241206,000000,26.4284,26.5,26.4284,26.5,39998,0
NUSI.US,D,20241209,000000,26.42,26.5,26.4001,26.46,35640,0
NUSI.US,D,20241210,000000,26.43,26.49,26.33,26.33,33202,0
NUSI.US,D,20241211,000000,26.5,26.6299,26.5,26.5711,17819,0
NUSI.US,D,20241212,000000,26.5,26.5992,26.48,26.53,20749,0
NUSI.US,D,20241213,000000,26.6,26.69,26.5501,26.6795,34668,0
NUSI.US,D,20241216,000000,26.63,26.8,26.5801,26.8,74927,0
NUSI.US,D,20241217,000000,26.69,26.8,26.66,26.8,31579,0
NUSI.US,D,20241218,000000,26.74,26.7923,26.25,26.3,31218,0
NUSI.US,D,20241219,000000,26.45,26.45,26.16,26.2,41546,0
NUSI.US,D,20241220,000000,26.41,26.45,26.16,26.2,41546,0
NUSI.US,D,20241223,000000,26.34,26.5,26.28,26.5,19933,0
NUSI.US,D,20241224,000000,26.66,26.66,26.4623,26.59,9123,0
NUSI.US,D,20241226,000000,26.68,26.68,26.5,26.59,43551,0
NUSI.US,D,20241227,000000,26.39,26.415,26.224,26.33,26105,0
NUSI.US,D,20241230,000000,26.28,26.2965,26.05,26.16,29674,0
NUSI.US,D,20241231,000000,26.1,26.2682,26.0258,26.06,27582,0
NUSI.US,D,20250102,000000,26.06,26.195,25.915,26.09,80663,0
NUSI.US,D,20250103,000000,26.2,26.3799,26.1001,26.3,76737,0
NUSI.US,D,20250106,000000,26.33,26.5574,26.328,26.39,62516,0
NUSI.US,D,20250107,000000,26.44,26.486,26.19,26.19,33117,0
NUSI.US,D,20250108,000000,26.29,26.29,26.1,26.16,38597,0
NUSI.US,D,20250110,000000,26.15,26.15,25.8643,26.02,60982,0
NUSI.US,D,20250113,000000,25.82,25.95,25.5,25.92,38874,0
NUSI.US,D,20250114,000000,26.07,26.0899,25.85,25.94,33356,0
NUSI.US,D,20250115,000000,26.23,26.3228,26.142,26.24,43634,0
NUSI.US,D,20250116,000000,26.45,26.45,26.229,26.235,14958,0
NUSI.US,D,20250117,000000,26.55,26.55,26.3916,26.53,28106,0
NUSI.US,D,20250121,000000,26.7,26.7,26.48,26.57,31770,0
NUSI.US,D,20250122,000000,26.8,26.8,26.5,26.53,33676,0
NUSI.US,D,20250123,000000,26.61,26.61,26.5,26.6,20355,0
NUSI.US,D,20250124,000000,26.61,26.64,26.45,26.54,39485,0
NUSI.US,D,20250127,000000,25.73,26.22,25.71,26.02,42562,0
NUSI.US,D,20250128,000000,26.2,26.3691,26.05,26.26,76417,0
NUSI.US,D,20250129,000000,26.2,26.3199,26.136,26.21,30212,0
NUSI.US,D,20250130,000000,26.4,26.4032,26.2,26.39,25630,0
NUSI.US,D,20250131,000000,26.5,26.579,26.2711,26.34,42526,0
NUSI.US,D,20250203,000000,25.97,26.3188,25.97,26.29,44628,0
NUSI.US,D,20250204,000000,26.26,26.46,26.26,26.46,71207,0
NUSI.US,D,20250205,000000,26.33,26.455,26.33,26.43,42960,0
NUSI.US,D,20250206,000000,26.43,26.57,26.43,26.52,33012,0
NUSI.US,D,20250207,000000,26.51,26.575,26.37,26.37,14998,0
NUSI.US,D,20250210,000000,26.35,26.64,26.35,26.53,66872,0
NUSI.US,D,20250211,000000,26.32,26.63,26.32,26.55,14138,0
NUSI.US,D,20250212,000000,26.27,26.56,26.27,26.51,30545,0
NUSI.US,D,20250213,000000,26.72,26.72,26.5734,26.7,23301,0
NUSI.US,D,20250214,000000,26.74,26.84,26.7101,26.81,38251,0
NUSI.US,D,20250218,000000,26.8,26.86,26.7507,26.81,50428,0
NUSI.US,D,20250219,000000,26.806,26.9,26.74,26.86,52098,0
