<TICKER>,<PER>,<DATE>,<TIME>,<OPEN>,<HIGH>,<LOW>,<CLOSE>,<VOL>,<OPENINT>
QSWN.US,D,20211210,000000,24.7809,24.7809,24.764,24.764,4099.8818987423,0
QSWN.US,D,20211213,000000,24.8505,24.8604,24.7083,24.7083,7083.533994295,0
QSWN.US,D,20211214,000000,24.6417,24.6417,24.4826,24.5243,10633.345890925,0
QSWN.US,D,20211215,000000,24.8505,24.8505,24.4627,24.7869,6625.9803362308,0
QSWN.US,D,20211216,000000,24.6218,24.6218,24.4776,24.4776,645.60318346641,0
QSWN.US,D,20211217,000000,24.5174,24.6218,24.5075,24.5075,14745.295138891,0
QSWN.US,D,20211220,000000,24.3434,26.7787,24.3185,24.3215,1960.9442488466,0
QSWN.US,D,20211221,000000,24.3534,24.5085,24.234,24.5085,2382.2958592397,0
QSWN.US,D,20211222,000000,24.6119,24.6696,24.6119,24.6696,1012.6517223531,0
QSWN.US,D,20211223,000000,24.7411,24.7511,24.7153,24.7153,1379.7002612397,0
QSWN.US,D,20211227,000000,24.8704,24.949,24.8604,24.9261,2116.814176319,0
QSWN.US,D,20211228,000000,24.9997,24.9997,24.8495,24.8495,3774.0634697032,0
QSWN.US,D,20211229,000000,24.73,24.7909,24.73,24.7581,1968.989148329,0
QSWN.US,D,20211230,000000,24.8406,24.8406,24.7714,24.7714,4063.6798510713,0
QSWN.US,D,20211231,000000,24.7511,24.761,24.6815,24.6815,573.19908812438,0
QSWN.US,D,20220103,000000,24.5622,24.6616,24.5622,24.5881,18366.505518427,0
QSWN.US,D,20220104,000000,24.4329,24.4428,24.245,24.3796,7598.4075611716,0
QSWN.US,D,20220105,000000,24.3334,24.3334,23.9208,23.9208,1621.0472457132,0
QSWN.US,D,20220106,000000,23.8571,23.9158,23.7468,23.8475,5631.4296377132,0
QSWN.US,D,20220107,000000,23.8959,23.8959,23.6384,23.6494,892.98384255167,0
QSWN.US,D,20220110,000000,23.339,23.6247,23.339,23.6247,1179.5833866139,0
QSWN.US,D,20220111,000000,23.8352,23.8545,23.8263,23.8545,657.67053269008,0
QSWN.US,D,20220112,000000,23.9467,23.9953,23.8994,23.8994,1201.7068601906,0
QSWN.US,D,20220113,000000,23.7656,23.7666,23.6489,23.6489,821.58535964495,0
QSWN.US,D,20220114,000000,23.5877,23.5877,23.5717,23.5873,3009.7980188707,0
QSWN.US,D,20220118,000000,23.3018,23.3018,23.122,23.122,6564.6379776771,0
QSWN.US,D,20220119,000000,23.1709,23.1709,23.0632,23.0632,2715.153575326,0
QSWN.US,D,20220120,000000,23.1998,23.1998,22.9363,22.9363,2129.887137978,0
QSWN.US,D,20220121,000000,22.826,22.826,22.7949,22.7949,490.73886842929,0
QSWN.US,D,20220124,000000,22.5733,22.7775,22.5435,22.7775,2588.4464084775,0
QSWN.US,D,20220125,000000,22.7722,22.7722,22.5236,22.5243,6687.3226947844,0
QSWN.US,D,20220126,000000,22.6837,22.6926,22.3545,22.3944,7153.9268647664,0
QSWN.US,D,20220127,000000,22.613,22.613,22.372,22.372,1146.3981762488,0
QSWN.US,D,20220128,000000,22.4838,22.6707,22.4838,22.6707,2313.9142136389,0
QSWN.US,D,20220131,000000,22.9937,22.9937,22.9937,22.9937,14.078574094283,0
QSWN.US,D,20220201,000000,23.0308,23.0308,23.0265,23.0265,350.95873992177,0
QSWN.US,D,20220202,000000,23.1053,23.1699,23.1053,23.1661,2436.5989307463,0
QSWN.US,D,20220203,000000,22.7776,22.7821,22.6471,22.6471,2285.7570654504,0
QSWN.US,D,20220204,000000,22.5832,22.6078,22.5832,22.6078,302.68934302709,0
QSWN.US,D,20220207,000000,22.4907,22.4907,22.4907,22.4907,1.0056124353059,0
QSWN.US,D,20220208,000000,22.5533,22.5533,22.5533,22.5533,40.224497412237,0
QSWN.US,D,20220209,000000,22.6827,22.7628,22.6529,22.7628,381.12711298095,0
QSWN.US,D,20220210,000000,22.633,22.633,22.3458,22.3458,378.11027567503,0
QSWN.US,D,20220211,000000,22.2253,22.2255,22.2253,22.2255,201.12248706119,0
QSWN.US,D,20220214,000000,22.2253,22.2253,22.0789,22.0789,695.8838052317,0
QSWN.US,D,20220215,000000,22.1954,22.2115,22.1567,22.2115,299.67250572117,0
QSWN.US,D,20220216,000000,22.1557,22.2529,22.096,22.2529,3896.7481868105,0
QSWN.US,D,20220217,000000,22.0452,22.0452,22.0452,22.0452,1.0056124353059,0
QSWN.US,D,20220218,000000,22.0045,22.0045,21.9929,21.9929,171.95972643731,0
QSWN.US,D,20220222,000000,21.917,21.917,21.8886,21.8886,1858.3717804454,0
QSWN.US,D,20220223,000000,21.7579,21.7579,21.5757,21.5757,15714.705526526,0
QSWN.US,D,20220224,000000,21.877,21.877,21.877,21.877,55.308683941826,0
QSWN.US,D,20220225,000000,21.9951,21.9951,21.9951,21.9951,23.129086012036,0
QSWN.US,D,20220228,000000,22.263,22.263,22.263,22.263,8.0448994824474,0
QSWN.US,D,20220301,000000,22.3124,22.3124,22.3124,22.3124,7.0392870471415,0
QSWN.US,D,20220302,000000,22.2451,22.2451,22.1739,22.1739,3153.6005971194,0
QSWN.US,D,20220303,000000,22.0661,22.0661,22.0661,22.0661,2.0112248706119,0
QSWN.US,D,20220304,000000,22.129,22.129,22.1015,22.1015,437.44140935808,0
QSWN.US,D,20220307,000000,21.7582,21.7582,21.7582,21.7582,18.101023835507,0
QSWN.US,D,20220308,000000,21.5867,21.5867,21.5867,21.5867,15.084186529589,0
QSWN.US,D,20220309,000000,21.7579,21.7653,21.7299,21.7299,1006.6180477412,0
QSWN.US,D,20220310,000000,21.5225,21.5225,21.5225,21.5225,7.0392870471415,0
QSWN.US,D,20220311,000000,21.4197,21.4197,21.3344,21.3344,1040.8088705416,0
QSWN.US,D,20220314,000000,20.9723,20.9723,20.9524,20.9587,369.05976375728,0
QSWN.US,D,20220315,000000,21.177,21.177,21.177,21.177,1.0056124353059,0
QSWN.US,D,20220316,000000,21.2806,21.452,21.0916,21.452,204.1393243671,0
QSWN.US,D,20220317,000000,21.5134,21.5134,21.5134,21.5134,62.347970988968,0
QSWN.US,D,20220318,000000,21.7878,21.8192,21.7878,21.8192,101.5668559659,0
QSWN.US,D,20220321,000000,21.5403,21.5403,21.5403,21.5403,15.084186529589,0
QSWN.US,D,20220322,000000,21.6287,21.6287,21.5988,21.6013,5463.4923610171,0
QSWN.US,D,20220323,000000,21.5888,21.6384,21.5788,21.6384,792.42259902107,0
QSWN.US,D,20220324,000000,21.7195,21.7926,21.7195,21.7926,301.68373059178,0
QSWN.US,D,20220325,000000,21.5878,21.5878,21.5878,21.5878,9.0505119177534,0
QSWN.US,D,20220328,000000,21.8216,21.8216,21.8216,21.8216,11.061736788365,0
QSWN.US,D,20220329,000000,22.1007,22.1007,22.1007,22.1007,7.0264557405,0
QSWN.US,D,20220330,000000,22.1164,22.1164,22.0548,22.0548,106.400615499,0
QSWN.US,D,20220331,000000,22.0168,22.0168,21.9453,21.9453,571.1504737635,0
QSWN.US,D,20220401,000000,21.8439,21.8439,21.8439,21.8439,4.015117566,0
QSWN.US,D,20220404,000000,22.0566,22.0566,22.0432,22.0432,2516.4749344905,0
QSWN.US,D,20220405,000000,21.5784,21.5884,21.5672,21.5672,3613.6058094,0
QSWN.US,D,20220406,000000,21.1999,21.2772,21.1999,21.2772,101.3817185415,0
QSWN.US,D,20220407,000000,21.2282,21.2282,21.2282,21.2282,3.0113381745,0
QSWN.US,D,20220408,000000,20.9487,20.9487,20.9487,20.9487,10.037793915,0
QSWN.US,D,20220411,000000,20.6673,20.6673,20.5998,20.5998,113.4270712395,0
QSWN.US,D,20220412,000000,20.7914,20.7914,20.6289,20.6289,102.385497933,0
QSWN.US,D,20220413,000000,20.8258,20.8258,20.8258,20.8258,8.030235132,0
QSWN.US,D,20220414,000000,20.4106,20.4106,20.4106,20.4106,8.030235132,0
QSWN.US,D,20220418,000000,20.3467,20.3467,20.3467,20.3467,2.007558783,0
QSWN.US,D,20220419,000000,20.4407,20.4407,20.4407,20.4407,8.030235132,0
QSWN.US,D,20220420,000000,20.4228,20.4476,20.4228,20.4476,141.5328942015,0
QSWN.US,D,20220421,000000,20.1781,20.1781,20.1781,20.1781,5.0188969575,0
QSWN.US,D,20220422,000000,20.0099,20.0099,19.9365,19.9365,229.8654806535,0
QSWN.US,D,20220426,000000,20.1538,20.1538,19.9347,19.9347,593.2336203765,0
QSWN.US,D,20220427,000000,19.9347,19.9347,19.848,19.848,2308.69260045,0
QSWN.US,D,20220428,000000,20.0553,20.0553,20.0553,20.0553,1.0037793915,0
QSWN.US,D,20220429,000000,19.6205,19.6205,19.6205,19.6205,1.0037793915,0
QSWN.US,D,20220502,000000,19.6059,19.6059,19.5998,19.5998,197.7445401255,0
QSWN.US,D,20220503,000000,19.6108,19.6108,19.6108,19.6108,2.007558783,0
QSWN.US,D,20220504,000000,19.6059,19.9281,19.6059,19.9281,101.3817185415,0
QSWN.US,D,20220505,000000,19.363,19.363,19.363,19.363,1.0037793915,0
QSWN.US,D,20220506,000000,19.1799,19.1799,19.1799,19.1799,3.0113381745,0
QSWN.US,D,20220509,000000,18.9992,19.1068,18.9982,19.0665,723.7249412715,0
QSWN.US,D,20220510,000000,19.1839,19.1839,19.1839,19.1839,772.910131455,0
QSWN.US,D,20220511,000000,19.1388,19.1476,19.1388,19.1388,100.37793915,0
QSWN.US,D,20220512,000000,19.1606,19.1795,19.1606,19.1606,1304.91320895,0
QSWN.US,D,20220513,000000,19.1875,19.189,19.1875,19.189,100.37793915,0
QSWN.US,D,20220516,000000,19.1428,19.1428,19.1428,19.1428,3.0113381745,0
QSWN.US,D,20220517,000000,18.9783,19.1065,18.9783,19.1065,7077.6484894665,0
QSWN.US,D,20220518,000000,19.0109,19.0109,19.0109,19.0109,5.0188969575,0
QSWN.US,D,20220519,000000,19.018,19.018,19.018,19.018,1.0037793915,0
QSWN.US,D,20220520,000000,19.0839,19.0839,19.0839,19.0839,1.0037793915,0
QSWN.US,D,20220523,000000,19.0432,19.0432,19.0225,19.0225,105.3968361075,0
QSWN.US,D,20220524,000000,19.1154,19.1154,19.1154,19.1154,1.0037793915,0
QSWN.US,D,20220525,000000,19.1775,19.1981,19.1775,19.1981,103.3892773245,0
QSWN.US,D,20220526,000000,19.2572,19.297,19.2572,19.297,106.400615499,0
QSWN.US,D,20220527,000000,19.4365,19.4735,19.4365,19.4735,101.3817185415,0
QSWN.US,D,20220531,000000,19.2871,19.2871,19.2678,19.2678,111.4195124565,0
QSWN.US,D,20220601,000000,19.1377,19.1601,19.1377,19.1601,100.37793915,0
QSWN.US,D,20220602,000000,19.2273,19.3364,19.2273,19.3364,101.3817185415,0
QSWN.US,D,20220603,000000,19.0982,19.0982,19.0982,19.0982,5.0188969575,0
QSWN.US,D,20220606,000000,18.9875,18.9875,18.9875,18.9875,1.0037793915,0
QSWN.US,D,20220607,000000,19.0879,19.1113,19.0879,19.1113,105.3968361075,0
QSWN.US,D,20220608,000000,18.9931,18.9931,18.9931,18.9931,2.007558783,0
QSWN.US,D,20220609,000000,18.978,18.978,18.8787,18.8787,614.312987598,0
QSWN.US,D,20220610,000000,18.5897,18.5897,18.5848,18.5848,123.4648651545,0
QSWN.US,D,20220613,000000,18.2112,18.2112,18.1495,18.1495,117.4421888055,0
QSWN.US,D,20220614,000000,18.0169,18.0169,17.992,18.0048,305.148935016,0
QSWN.US,D,20220615,000000,18.0916,18.2909,17.5736,18.2909,19796.537159163,0
QSWN.US,D,20220616,000000,18.1215,18.2227,18.1215,18.2227,1306.920767733,0
QSWN.US,D,20220617,000000,18.2909,18.2909,18.286,18.286,242.914612743,0
QSWN.US,D,20220621,000000,18.241,18.241,18.241,18.241,2.007558783,0
QSWN.US,D,20220622,000000,18.4799,18.4799,18.4799,18.4799,1.0037793915,0
QSWN.US,D,20220623,000000,18.6296,18.6296,18.5982,18.5982,2677.0796371305,0
QSWN.US,D,20220624,000000,18.6263,18.6263,18.6263,18.6263,1.0037793915,0
QSWN.US,D,20220627,000000,18.5215,18.5215,18.5215,18.5215,9.0340145235,0
QSWN.US,D,20220628,000000,18.4249,18.4249,18.4249,18.4249,1,0
QSWN.US,D,20220629,000000,18.5514,18.5514,18.5514,18.5514,6,0
QSWN.US,D,20220630,000000,18.7098,18.7098,18.6446,18.6446,378,0
QSWN.US,D,20220701,000000,18.8101,18.8101,18.8101,18.8101,7,0
QSWN.US,D,20220705,000000,18.91,18.957,18.91,18.957,101,0
QSWN.US,D,20220706,000000,18.84,18.84,18.8151,18.8151,106,0
QSWN.US,D,20220707,000000,18.7922,18.7922,18.7922,18.7922,3,0
QSWN.US,D,20220708,000000,18.66,18.6923,18.66,18.6923,101,0
QSWN.US,D,20220711,000000,18.7633,18.7633,18.7201,18.7201,257,0
QSWN.US,D,20220712,000000,18.7599,18.7599,18.7599,18.7599,1,0
QSWN.US,D,20220713,000000,18.76,18.8228,18.76,18.8228,103,0
QSWN.US,D,20220714,000000,18.7,18.774,18.7,18.774,100,0
QSWN.US,D,20220715,000000,18.8399,18.8399,18.8399,18.8399,3,0
QSWN.US,D,20220718,000000,18.7549,18.7549,18.7549,18.7549,1,0
QSWN.US,D,20220719,000000,18.79,18.8,18.78,18.8,1870,0
QSWN.US,D,20220720,000000,18.8554,18.8554,18.8554,18.8554,1,0
QSWN.US,D,20220721,000000,19.02,19.1105,19.02,19.1105,313,0
QSWN.US,D,20220722,000000,19.21,19.21,19.2014,19.2014,143,0
QSWN.US,D,20220725,000000,19.0889,19.0889,19.0889,19.0889,27,0
QSWN.US,D,20220726,000000,19.04,19.04,19.04,19.04,1,0
QSWN.US,D,20220727,000000,19.2182,19.2182,19.2,19.2182,102,0
QSWN.US,D,20220728,000000,19.35,19.3748,19.35,19.3748,103,0
QSWN.US,D,20220729,000000,19.47,19.4721,19.47,19.4721,101,0
QSWN.US,D,20220801,000000,19.6057,19.6057,19.6057,19.6057,5,0
QSWN.US,D,20220802,000000,19.49,19.49,19.3667,19.3667,1700,0
QSWN.US,D,20220803,000000,19.47,19.6108,19.47,19.6108,101,0
QSWN.US,D,20220804,000000,19.59,19.6723,19.59,19.6723,113,0
QSWN.US,D,20220805,000000,19.31,19.3899,19.31,19.3899,126,0
QSWN.US,D,20220808,000000,19.4749,19.4749,19.4749,19.4749,13,0
QSWN.US,D,20220809,000000,19.3799,19.3799,19.3799,19.3799,20,0
QSWN.US,D,20220810,000000,19.5092,19.5092,19.5092,19.5092,13,0
QSWN.US,D,20220811,000000,19.26,19.303,19.26,19.303,100,0
QSWN.US,D,20220812,000000,19.381,19.4794,19.38,19.4794,5539,0
QSWN.US,D,20220815,000000,19.5736,19.5736,19.5736,19.5736,1,0
QSWN.US,D,20220816,000000,19.53,19.55,19.53,19.55,151,0
QSWN.US,D,20220817,000000,19.39,19.39,19.3599,19.3599,115,0
QSWN.US,D,20220818,000000,19.4099,19.4099,19.3925,19.3925,201,0
QSWN.US,D,20220819,000000,19.1349,19.1349,19.1349,19.1349,5,0
QSWN.US,D,20220822,000000,18.9299,18.9299,18.9299,18.9299,1,0
QSWN.US,D,20220823,000000,18.8913,18.8913,18.8913,18.8913,1,0
QSWN.US,D,20220824,000000,18.8899,18.9,18.825,18.825,1290,0
QSWN.US,D,20220825,000000,18.94,19.005,18.94,19.005,104,0
QSWN.US,D,20220826,000000,18.8399,18.8399,18.8399,18.8399,2,0
QSWN.US,D,20220829,000000,18.7049,18.7049,18.7049,18.7049,1,0
QSWN.US,D,20220830,000000,18.655,18.655,18.655,18.655,4,0
QSWN.US,D,20220831,000000,18.5602,18.5602,18.5602,18.5602,1,0
QSWN.US,D,20220901,000000,18.34,18.4249,18.32,18.4249,514,0
QSWN.US,D,20220902,000000,18.445,18.445,18.445,18.445,9,0
QSWN.US,D,20220906,000000,18.2199,18.2199,18.2199,18.2199,4,0
QSWN.US,D,20220907,000000,18.35,18.4186,18.35,18.4186,383,0
QSWN.US,D,20220908,000000,18.3399,18.3399,18.3399,18.3399,95,0
QSWN.US,D,20220909,000000,18.36,18.4199,18.35,18.4199,1741,0
QSWN.US,D,20220912,000000,18.4149,18.4149,18.4149,18.4149,82,0
QSWN.US,D,20220913,000000,18.36,18.36,18.1374,18.1439,102,0
QSWN.US,D,20220914,000000,18.2,18.2,18.1699,18.1851,711,0
QSWN.US,D,20220915,000000,18.09,18.09,18.09,18.09,1,0
QSWN.US,D,20220916,000000,18.0299,18.0299,18.0299,18.0299,1,0
QSWN.US,D,20220919,000000,18.0349,18.0349,18.0349,18.0349,9,0
QSWN.US,D,20220920,000000,17.9149,17.9149,17.9149,17.9149,18,0
QSWN.US,D,20220921,000000,17.9457,17.9457,17.9457,17.9457,18,0
QSWN.US,D,20220922,000000,17.6899,17.6899,17.6899,17.6899,18,0
QSWN.US,D,20220923,000000,17.6325,17.6325,17.6325,17.6325,3,0
QSWN.US,D,20220926,000000,17.415,17.4441,17.415,17.4441,106,0
QSWN.US,D,20220927,000000,17.74,17.74,17.2846,17.2846,166,0
QSWN.US,D,20220928,000000,17.45,17.5199,17.45,17.5199,3500,0
QSWN.US,D,20220929,000000,17.35,17.3735,17.35,17.3735,42989,0
QSWN.US,D,20220930,000000,17.4699,17.47,17.2383,17.2383,13281,0
QSWN.US,D,20221003,000000,17.51,17.51,17.45,17.4834,16085,0
QSWN.US,D,20221004,000000,17.6236,17.6236,17.6236,17.6236,6,0
QSWN.US,D,20221005,000000,17.48,17.49,17.47,17.49,2000,0
QSWN.US,D,20221006,000000,17.4088,17.4088,17.4088,17.4088,1,0
QSWN.US,D,20221007,000000,17.2149,17.2149,17.2149,17.2149,2,0
QSWN.US,D,20221010,000000,17.17,17.17,17.1147,17.1147,5003,0
QSWN.US,D,20221011,000000,17.108,17.108,17.108,17.108,1,0
QSWN.US,D,20221012,000000,17.1601,17.1601,17.1601,17.1601,4,0
QSWN.US,D,20221013,000000,17.02,17.1106,17.02,17.1106,15774,0
QSWN.US,D,20221014,000000,16.97,16.9723,16.95,16.9723,2176,0
QSWN.US,D,20221017,000000,17.0253,17.0253,17.0253,17.0253,14,0
QSWN.US,D,20221018,000000,17.04,17.0651,17.04,17.0651,2004,0
QSWN.US,D,20221019,000000,16.8951,16.8951,16.8951,16.8951,1,0
QSWN.US,D,20221020,000000,16.755,16.755,16.755,16.755,2,0
QSWN.US,D,20221021,000000,16.7979,16.7979,16.7979,16.7979,7,0
QSWN.US,D,20221024,000000,16.78,16.78,16.78,16.78,1,0
QSWN.US,D,20221025,000000,17.025,17.025,17.025,17.025,7,0
QSWN.US,D,20221026,000000,17.0312,17.0312,17.0312,17.0312,4,0
QSWN.US,D,20221027,000000,17.0999,17.0999,17.04,17.0838,1284,0
QSWN.US,D,20221028,000000,17.0951,17.0951,17.0951,17.0951,23,0
QSWN.US,D,20221031,000000,16.9618,16.9618,16.9618,16.9618,4,0
QSWN.US,D,20221101,000000,16.96,17,16.96,17,300,0
QSWN.US,D,20221102,000000,17,17,16.8885,16.8885,8094,0
QSWN.US,D,20221103,000000,16.7646,16.78,16.7646,16.7715,37857,0
QSWN.US,D,20221104,000000,16.73,16.7329,16.73,16.7329,203,0
QSWN.US,D,20221107,000000,16.6936,16.6936,16.6936,16.6936,53,0
QSWN.US,D,20221108,000000,16.8,16.8,16.794,16.794,501,0
QSWN.US,D,20221109,000000,16.7001,16.7749,16.69,16.7749,13751,0
QSWN.US,D,20221110,000000,17.1201,17.2228,17.12,17.2228,501,0
QSWN.US,D,20221111,000000,17.2626,17.2626,17.2599,17.2599,203,0
QSWN.US,D,20221114,000000,17.1919,17.1919,17.1919,17.1919,4,0
QSWN.US,D,20221115,000000,17.33,17.3534,17.33,17.3534,15773,0
QSWN.US,D,20221116,000000,17.4527,17.4527,17.4527,17.4527,4,0
QSWN.US,D,20221117,000000,17.35,17.35,17.35,17.35,4,0
QSWN.US,D,20221118,000000,17.29,17.29,17.29,17.29,4,0
QSWN.US,D,20221121,000000,17.2645,17.2645,17.2645,17.2645,1,0
QSWN.US,D,20221122,000000,17.39,17.39,17.39,17.39,2,0
QSWN.US,D,20221123,000000,17.4999,17.5096,17.4999,17.5096,200,0
QSWN.US,D,20221125,000000,17.4753,17.4753,17.4753,17.4753,4,0
QSWN.US,D,20221128,000000,17.4699,17.4699,17.4699,17.4699,4,0
QSWN.US,D,20221129,000000,17.355,17.355,17.355,17.355,4,0
QSWN.US,D,20221130,000000,17.5576,17.5576,17.5576,17.5576,4,0
QSWN.US,D,20221201,000000,17.8101,17.8101,17.8101,17.8101,4,0
QSWN.US,D,20221202,000000,17.7478,17.8476,17.7478,17.8476,100,0
QSWN.US,D,20221205,000000,17.662,17.662,17.662,17.662,1,0
QSWN.US,D,20221206,000000,17.6335,17.6335,17.6335,17.6335,1,0
QSWN.US,D,20221207,000000,17.7755,17.7755,17.7755,17.7755,1,0
QSWN.US,D,20221208,000000,17.76,17.7938,17.76,17.7938,12609,0
QSWN.US,D,20221209,000000,17.71,17.71,17.6247,17.6247,668,0
QSWN.US,D,20221212,000000,17.69,17.69,17.6613,17.6613,130,0
QSWN.US,D,20221213,000000,17.84,17.84,17.8255,17.8255,14195,0
QSWN.US,D,20221214,000000,17.8074,17.8074,17.8074,17.8074,9,0
QSWN.US,D,20221215,000000,17.625,17.625,17.625,17.625,9,0
QSWN.US,D,20221216,000000,17.5196,17.5196,17.5196,17.5196,5,0
QSWN.US,D,20221219,000000,17.3029,17.3029,17.3029,17.3029,9,0
QSWN.US,D,20221220,000000,17.1573,17.1573,17.1573,17.1573,1,0
QSWN.US,D,20221221,000000,17.2251,17.2251,17.2251,17.2251,1,0
QSWN.US,D,20221222,000000,17.0849,17.0849,17.0849,17.0849,50,0
QSWN.US,D,20221223,000000,16.985,16.985,16.985,16.985,2,0
QSWN.US,D,20221227,000000,16.7849,16.7849,16.7849,16.7849,9,0
QSWN.US,D,20221228,000000,16.531,16.531,16.5289,16.5289,250,0
QSWN.US,D,20221229,000000,16.7049,16.7049,16.7049,16.7049,9,0
QSWN.US,D,20221230,000000,16.55,16.6253,16.55,16.6253,1110,0
QSWN.US,D,20230103,000000,16.6986,16.6986,16.6986,16.6986,34,0
QSWN.US,D,20230104,000000,16.8024,16.8024,16.8024,16.8024,1,0
QSWN.US,D,20230105,000000,16.7214,16.7214,16.7214,16.7214,10,0
QSWN.US,D,20230106,000000,16.83,17.03,16.83,17.03,849,0
QSWN.US,D,20230109,000000,17.19,17.19,17.11,17.11,515,0
QSWN.US,D,20230110,000000,17.0351,17.0351,17.0351,17.0351,10,0
QSWN.US,D,20230111,000000,17.2274,17.2274,17.2274,17.2274,10,0
QSWN.US,D,20230112,000000,17.3926,17.3926,17.3926,17.3926,10,0
QSWN.US,D,20230113,000000,17.335,17.335,17.335,17.335,10,0
QSWN.US,D,20230117,000000,17.2929,17.2929,17.2929,17.2929,2,0
QSWN.US,D,20230118,000000,17.36,17.424,17.36,17.424,134,0
QSWN.US,D,20230119,000000,17.3124,17.3124,17.3124,17.3124,2,0
QSWN.US,D,20230120,000000,17.3449,17.3449,17.3449,17.3449,13,0
QSWN.US,D,20230123,000000,17.42,17.4251,17.42,17.4251,1197,0
QSWN.US,D,20230124,000000,17.67,17.67,17.5026,17.5026,570,0
QSWN.US,D,20230125,000000,17.4955,17.4955,17.4955,17.4955,2,0
QSWN.US,D,20230126,000000,17.55,17.6,17.55,17.5845,536,0
QSWN.US,D,20230127,000000,17.67,17.67,17.6527,17.6527,100,0
QSWN.US,D,20230130,000000,17.4589,17.4589,17.4589,17.4589,2,0
QSWN.US,D,20230131,000000,17.5592,17.62,17.5592,17.6154,1525,0
QSWN.US,D,20230201,000000,17.9088,17.9088,17.9088,17.9088,5,0
QSWN.US,D,20230202,000000,18.1785,18.1785,18.1785,18.1785,74,0
QSWN.US,D,20230203,000000,18.009,18.009,17.9294,17.9294,100,0
QSWN.US,D,20230206,000000,17.7476,17.7476,17.7476,17.7476,51,0
QSWN.US,D,20230207,000000,17.8843,17.8843,17.8843,17.8843,1,0
QSWN.US,D,20230208,000000,17.75,17.762,17.75,17.762,300,0
QSWN.US,D,20230209,000000,17.88,17.88,17.6,17.624,671,0
QSWN.US,D,20230210,000000,17.4851,17.4851,17.4851,17.4851,1,0
QSWN.US,D,20230213,000000,17.65,17.65,17.6409,17.6409,527,0
QSWN.US,D,20230214,000000,17.65,17.6638,17.65,17.6638,31,0
QSWN.US,D,20230215,000000,17.639,17.639,17.639,17.639,31,0
QSWN.US,D,20230216,000000,17.4152,17.4152,17.4152,17.4152,2,0
QSWN.US,D,20230217,000000,17.4147,17.4147,17.4147,17.4147,4,0
QSWN.US,D,20230221,000000,17.0949,17.0949,17.0949,17.0949,1,0
QSWN.US,D,20230222,000000,17.15,17.15,17.1319,17.1319,130,0
QSWN.US,D,20230223,000000,17.11,17.306,17.11,17.2601,566,0
QSWN.US,D,20230224,000000,17.05,17.05,17.0197,17.0197,3500,0
QSWN.US,D,20230227,000000,17.1035,17.1035,17.1035,17.1035,31,0
QSWN.US,D,20230228,000000,17.1166,17.1166,17.1166,17.1166,2,0
QSWN.US,D,20230301,000000,17.05,17.05,16.955,16.955,2,0
QSWN.US,D,20230302,000000,16.9252,16.9252,16.9252,16.9252,5,0
QSWN.US,D,20230303,000000,17.21,17.2148,17.21,17.2148,101,0
QSWN.US,D,20230306,000000,17.2049,17.2049,17.2049,17.2049,2,0
QSWN.US,D,20230307,000000,17.1168,17.1168,17.1168,17.1168,1,0
QSWN.US,D,20230308,000000,17.06,17.14,17.06,17.14,1015,0
QSWN.US,D,20230309,000000,17.09,17.0903,17.09,17.0903,103,0
QSWN.US,D,20230310,000000,17.27,17.2786,17.27,17.2701,2200,0
QSWN.US,D,20230313,000000,17.27,17.4726,17.27,17.4726,3,0
QSWN.US,D,20230314,000000,17.4433,17.4433,17.4433,17.4433,11,0
QSWN.US,D,20230315,000000,17.69,17.7176,17.69,17.7176,101,0
QSWN.US,D,20230316,000000,17.9,17.9,17.8289,17.8289,1810,0
QSWN.US,D,20230317,000000,18.02,18.04,18.0086,18.0086,1734,0
QSWN.US,D,20230320,000000,18,18,17.92,17.9294,3855,0
QSWN.US,D,20230321,000000,17.92,17.92,17.92,17.92,4,0
QSWN.US,D,20230322,000000,18.0051,18.0051,18.0051,18.0051,1,0
QSWN.US,D,20230323,000000,18.08,18.1429,18.06,18.1429,1480,0
QSWN.US,D,20230324,000000,18.14,18.1602,18.14,18.1602,2044,0
QSWN.US,D,20230327,000000,18.05,18.12,17.9092,17.9092,625,0
QSWN.US,D,20230328,000000,17.843,17.843,17.843,17.843,5,0
QSWN.US,D,20230329,000000,17.8361,17.8361,17.8361,17.8361,5,0
QSWN.US,D,20230330,000000,17.95,17.95,17.95,17.95,1,0
QSWN.US,D,20230331,000000,18,18.2044,18,18.2044,2132,0
QSWN.US,D,20230403,000000,18.2339,18.2339,18.2339,18.2339,31,0
QSWN.US,D,20230404,000000,18.2831,18.2831,18.2831,18.2831,1,0
QSWN.US,D,20230405,000000,18.2549,18.2549,18.2549,18.2549,5,0
QSWN.US,D,20230406,000000,18.33,18.33,18.33,18.33,14,0
QSWN.US,D,20230410,000000,18.1628,18.17,18.1628,18.17,584,0
QSWN.US,D,20230411,000000,18.11,18.11,18.11,18.11,1,0
QSWN.US,D,20230412,000000,18.0324,18.0324,18.0324,18.0324,50,0
QSWN.US,D,20230413,000000,18.155,18.155,18.155,18.155,1,0
QSWN.US,D,20230414,000000,18.01,18.0463,18.01,18.0463,108,0
QSWN.US,D,20230417,000000,17.91,17.9499,17.91,17.9499,102,0
QSWN.US,D,20230418,000000,17.9649,17.9649,17.9649,17.9649,1,0
QSWN.US,D,20230419,000000,17.9449,17.9449,17.9449,17.9449,1,0
QSWN.US,D,20230420,000000,17.9347,17.9347,17.9347,17.9347,1,0
QSWN.US,D,20230421,000000,17.915,17.915,17.915,17.915,1,0
QSWN.US,D,20230424,000000,17.97,17.97,17.97,17.97,1,0
QSWN.US,D,20230425,000000,17.9721,17.9721,17.9721,17.9721,1,0
QSWN.US,D,20230426,000000,17.9348,17.9348,17.9348,17.9348,1,0
QSWN.US,D,20230427,000000,18.0799,18.0799,18.0799,18.0799,50,0
QSWN.US,D,20230428,000000,18.2542,18.2542,18.2542,18.2542,4,0
QSWN.US,D,20230501,000000,18.0284,18.0284,18.0284,18.0284,5,0
QSWN.US,D,20230502,000000,18.12,18.157,18.12,18.157,1006,0
QSWN.US,D,20230503,000000,18.24,18.24,18.17,18.1793,3627,0
QSWN.US,D,20230504,000000,18.1196,18.1196,18.1196,18.1196,26,0
QSWN.US,D,20230505,000000,18.23,18.2373,18.23,18.2373,113,0
QSWN.US,D,20230508,000000,18.141,18.141,18.141,18.141,45,0
QSWN.US,D,20230509,000000,18.09,18.09,18.0698,18.0698,200,0
QSWN.US,D,20230510,000000,18.27,18.27,18.27,18.27,80,0
QSWN.US,D,20230511,000000,18.3483,18.3483,18.3483,18.3483,1,0
QSWN.US,D,20230512,000000,18.2199,18.2199,18.2199,18.2199,23,0
QSWN.US,D,20230515,000000,18.15,18.23,18.1301,18.23,1194,0
QSWN.US,D,20230516,000000,18.2047,18.2047,18.2047,18.2047,2,0
QSWN.US,D,20230517,000000,18.2697,18.2697,18.2697,18.2697,8,0
QSWN.US,D,20230518,000000,18.34,18.3899,18.34,18.3899,100,0
QSWN.US,D,20230519,000000,18.3099,18.3099,18.3099,18.3099,34,0
QSWN.US,D,20230522,000000,18.3101,18.3101,18.3101,18.3101,3,0
QSWN.US,D,20230523,000000,18.2099,18.2099,18.2099,18.2099,1,0
QSWN.US,D,20230524,000000,18.1199,18.1199,18.1199,18.1199,2,0
QSWN.US,D,20230525,000000,18.2999,18.2999,18.2999,18.2999,13,0
QSWN.US,D,20230526,000000,18.5846,18.5846,18.5846,18.5846,2,0
QSWN.US,D,20230530,000000,18.7474,18.7474,18.7474,18.7474,2,0
QSWN.US,D,20230531,000000,18.7724,18.7724,18.7724,18.7724,33,0
QSWN.US,D,20230601,000000,18.75,18.9106,18.75,18.9106,261,0
QSWN.US,D,20230602,000000,18.9,18.9,18.9,18.9,19,0
QSWN.US,D,20230605,000000,18.9,18.9,18.9,18.9,2,0
QSWN.US,D,20230606,000000,18.9238,18.9238,18.9238,18.9238,2,0
QSWN.US,D,20230607,000000,18.6112,18.6112,18.6112,18.6112,2,0
QSWN.US,D,20230608,000000,18.79,18.84,18.79,18.8231,227,0
QSWN.US,D,20230609,000000,18.8125,18.8125,18.8125,18.8125,3,0
QSWN.US,D,20230612,000000,19.0108,19.0108,19.0108,19.0108,22,0
QSWN.US,D,20230613,000000,18.9905,18.9905,18.9905,18.9905,2,0
QSWN.US,D,20230614,000000,19.0753,19.0753,19.0753,19.0753,2,0
QSWN.US,D,20230615,000000,19.3377,19.3377,19.3377,19.3377,21,0
QSWN.US,D,20230616,000000,19.1997,19.1997,19.1997,19.1997,2,0
QSWN.US,D,20230620,000000,19.2399,19.2399,19.2399,19.2399,2,0
QSWN.US,D,20230621,000000,19.0249,19.0899,19.0249,19.0899,254,0
QSWN.US,D,20230622,000000,19.1176,19.1176,19.1176,19.1176,1,0
QSWN.US,D,20230623,000000,19.0684,19.0684,19.0684,19.0684,25,0
QSWN.US,D,20230626,000000,18.9641,18.9641,18.9641,18.9641,2,0
QSWN.US,D,20230627,000000,19.02,19.0699,19.01,19.0699,752,0
QSWN.US,D,20230628,000000,19.0237,19.0237,18.9915,18.9915,1502,0
QSWN.US,D,20230629,000000,18.839,18.84,18.823,18.823,1500,0
QSWN.US,D,20230630,000000,19.02,19.042,19.02,19.042,376,0
QSWN.US,D,20230703,000000,18.9999,18.9999,18.9999,18.9999,23,0
QSWN.US,D,20230705,000000,18.93,18.93,18.93,18.93,2,0
QSWN.US,D,20230706,000000,18.7174,18.7174,18.7174,18.7174,1,0
QSWN.US,D,20230707,000000,18.6718,18.6718,18.6718,18.6718,265,0
QSWN.US,D,20230710,000000,18.745,18.745,18.745,18.745,3,0
QSWN.US,D,20230711,000000,18.8165,18.8165,18.8165,18.8165,1,0
QSWN.US,D,20230712,000000,19.0989,19.0989,19.0989,19.0989,1,0
QSWN.US,D,20230713,000000,19.4199,19.4199,19.4199,19.4199,1,0
QSWN.US,D,20230714,000000,19.32,19.32,19.32,19.32,3,0
QSWN.US,D,20230717,000000,19.4826,19.4826,19.4826,19.4826,2,0
QSWN.US,D,20230718,000000,19.5971,19.5971,19.5971,19.5971,1,0
QSWN.US,D,20230719,000000,19.63,19.63,19.63,19.63,1,0
QSWN.US,D,20230720,000000,19.32,19.32,19.2399,19.2399,1005,0
QSWN.US,D,20230721,000000,19.2099,19.2099,19.2099,19.2099,57,0
QSWN.US,D,20230724,000000,19.169,19.169,19.169,19.169,1,0
QSWN.US,D,20230725,000000,19.2454,19.2454,19.2454,19.2454,1,0
QSWN.US,D,20230726,000000,19.2215,19.2215,19.2215,19.2215,1,0
QSWN.US,D,20230727,000000,19.0486,19.0486,19.0486,19.0486,1,0
QSWN.US,D,20230728,000000,19.3296,19.3296,19.3296,19.3296,60,0
QSWN.US,D,20230731,000000,19.3218,19.3218,19.3218,19.3218,1,0
QSWN.US,D,20230801,000000,19.221,19.2427,19.221,19.2427,453,0
QSWN.US,D,20230802,000000,18.9622,18.9622,18.9622,18.9622,1,0
QSWN.US,D,20230803,000000,18.8522,18.8522,18.8522,18.8522,1,0
QSWN.US,D,20230804,000000,18.9418,18.9418,18.9418,18.9418,1,0
QSWN.US,D,20230807,000000,19.01,19.01,18.97,18.9985,2641,0
QSWN.US,D,20230808,000000,18.9701,18.9701,18.9701,18.9701,1,0
QSWN.US,D,20230809,000000,18.8452,18.8452,18.8452,18.8452,2,0
QSWN.US,D,20230810,000000,18.76,18.78,18.7499,18.7499,10900,0
QSWN.US,D,20230811,000000,18.68,18.7,18.5813,18.5813,5761,0
QSWN.US,D,20230814,000000,18.6754,18.6754,18.6754,18.6754,3,0
QSWN.US,D,20230815,000000,18.5481,18.5481,18.5481,18.5481,1,0
QSWN.US,D,20230816,000000,18.3894,18.3894,18.3894,18.3894,1,0
QSWN.US,D,20230817,000000,18.2676,18.2676,18.2676,18.2676,6,0
QSWN.US,D,20230818,000000,18.27,18.27,18.27,18.27,1,0
QSWN.US,D,20230821,000000,18.3586,18.3586,18.3586,18.3586,1,0
QSWN.US,D,20230822,000000,18.3,18.3345,18.3,18.3345,410,0
QSWN.US,D,20230823,000000,18.65,18.65,18.65,18.65,1,0
QSWN.US,D,20230824,000000,18.3761,18.3761,18.3761,18.3761,1,0
QSWN.US,D,20230825,000000,18.4345,18.4345,18.4345,18.4345,1,0
QSWN.US,D,20230828,000000,18.5435,18.5435,18.5435,18.5435,1,0
QSWN.US,D,20230829,000000,18.8901,18.8901,18.8901,18.8901,1,0
QSWN.US,D,20230830,000000,18.9359,18.9359,18.9359,18.9359,1,0
QSWN.US,D,20230831,000000,19.0119,19.0119,19.0119,19.0119,25,0
QSWN.US,D,20230901,000000,18.91,18.91,18.91,18.91,1,0
QSWN.US,D,20230905,000000,18.851,18.851,18.851,18.851,2,0
QSWN.US,D,20230906,000000,18.6923,18.6923,18.6923,18.6923,1,0
QSWN.US,D,20230907,000000,18.6602,18.6602,18.6602,18.6602,2,0
QSWN.US,D,20230908,000000,18.6633,18.6633,18.6633,18.6633,1,0
QSWN.US,D,20230911,000000,18.78,18.78,18.78,18.78,1,0
QSWN.US,D,20230912,000000,18.78,18.78,18.67,18.67,385,0
QSWN.US,D,20230913,000000,18.65,18.7179,18.65,18.7179,200,0
QSWN.US,D,20230914,000000,18.7841,18.7841,18.7841,18.7841,1,0
QSWN.US,D,20230915,000000,18.5348,18.5348,18.5348,18.5348,1,0
QSWN.US,D,20230918,000000,18.5508,18.5508,18.5508,18.5508,3,0
QSWN.US,D,20230919,000000,18.4701,18.4701,18.4701,18.4701,2,0
QSWN.US,D,20230920,000000,18.309,18.309,18.309,18.309,2,0
QSWN.US,D,20230921,000000,18.0044,18.0044,18.0044,18.0044,2,0
QSWN.US,D,20230922,000000,18.06,18.06,18.0548,18.0548,101,0
QSWN.US,D,20230925,000000,17.9918,17.9918,17.9918,17.9918,1,0
QSWN.US,D,20230926,000000,17.837,17.837,17.837,17.837,1,0
QSWN.US,D,20230927,000000,17.6708,17.6708,17.6708,17.6708,1,0
QSWN.US,D,20230928,000000,17.8036,17.8036,17.8036,17.8036,1,0
QSWN.US,D,20230929,000000,17.8118,17.8118,17.8118,17.8118,87,0
QSWN.US,D,20231002,000000,17.785,17.785,17.785,17.785,27,0
QSWN.US,D,20231003,000000,17.5046,17.5046,17.5046,17.5046,25,0
QSWN.US,D,20231004,000000,17.754,17.754,17.754,17.754,25,0
QSWN.US,D,20231005,000000,17.7151,17.7151,17.7151,17.7151,3,0
QSWN.US,D,20231006,000000,17.825,17.825,17.825,17.825,2,0
QSWN.US,D,20231009,000000,17.78,18.0251,17.78,18.0251,3300,0
QSWN.US,D,20231010,000000,18.0828,18.0828,18.0828,18.0828,25,0
QSWN.US,D,20231011,000000,18.2149,18.2149,18.2149,18.2149,25,0
QSWN.US,D,20231012,000000,18.0512,18.0512,18.0512,18.0512,51,0
QSWN.US,D,20231013,000000,17.995,17.995,17.995,17.995,25,0
QSWN.US,D,20231016,000000,18.0572,18.0572,18.0572,18.0572,2,0
QSWN.US,D,20231017,000000,17.79,17.79,17.74,17.77,1102,0
QSWN.US,D,20231018,000000,17.6508,17.6508,17.6508,17.6508,25,0
QSWN.US,D,20231019,000000,17.5043,17.5043,17.5043,17.5043,1,0
QSWN.US,D,20231020,000000,17.415,17.415,17.415,17.415,25,0
QSWN.US,D,20231023,000000,17.5007,17.5007,17.5007,17.5007,2,0
QSWN.US,D,20231024,000000,17.6136,17.6136,17.6136,17.6136,2,0
QSWN.US,D,20231025,000000,17.2351,17.2351,17.2351,17.2351,2,0
QSWN.US,D,20231026,000000,17.1449,17.1449,17.1449,17.1449,2,0
QSWN.US,D,20231027,000000,17.1953,17.1953,17.1953,17.1953,2,0
QSWN.US,D,20231030,000000,17.265,17.265,17.265,17.265,2,0
QSWN.US,D,20231031,000000,17.2875,17.2875,17.2875,17.2875,16,0
QSWN.US,D,20231101,000000,17.58,17.61,17.57,17.61,602,0
QSWN.US,D,20231102,000000,17.8633,17.8633,17.8633,17.8633,7,0
QSWN.US,D,20231103,000000,18.1149,18.1149,18.1149,18.1149,1,0
QSWN.US,D,20231106,000000,18.0544,18.0544,18.0544,18.0544,57,0
QSWN.US,D,20231107,000000,18.2429,18.2429,18.2429,18.2429,1,0
QSWN.US,D,20231108,000000,18.3022,18.3022,18.3022,18.3022,33,0
QSWN.US,D,20231109,000000,18.046,18.0694,18.046,18.0694,775,0
QSWN.US,D,20231110,000000,18.3351,18.3351,18.3351,18.3351,1,0
QSWN.US,D,20231113,000000,18.295,18.295,18.295,18.295,33,0
QSWN.US,D,20231114,000000,18.55,18.754,18.55,18.754,640,0
QSWN.US,D,20231115,000000,18.662,18.662,18.662,18.662,1,0
QSWN.US,D,20231116,000000,18.761,18.761,18.761,18.761,2,0
QSWN.US,D,20231117,000000,18.77,18.77,18.77,18.77,19,0
QSWN.US,D,20231120,000000,18.9402,18.9402,18.9402,18.9402,4,0
QSWN.US,D,20231121,000000,18.8788,18.8788,18.8788,18.8788,1,0
QSWN.US,D,20231122,000000,18.921,18.921,18.921,18.921,1,0
QSWN.US,D,20231124,000000,18.835,18.835,18.835,18.835,1,0
QSWN.US,D,20231127,000000,18.9239,18.9239,18.9239,18.9239,2,0
QSWN.US,D,20231128,000000,19.0218,19.0218,19.0218,19.0218,2,0
QSWN.US,D,20231129,000000,19.08,19.08,19.08,19.08,4,0
QSWN.US,D,20231130,000000,18.9569,18.9569,18.9569,18.9569,16,0
QSWN.US,D,20231201,000000,19.142,19.142,19.142,19.142,57,0
QSWN.US,D,20231204,000000,18.97,18.97,18.97,18.97,5,0
QSWN.US,D,20231205,000000,19.0805,19.0805,19.0805,19.0805,1,0
QSWN.US,D,20231206,000000,19.06,19.06,19.06,19.06,1,0
QSWN.US,D,20231207,000000,19.193,19.193,19.193,19.193,1,0
QSWN.US,D,20231208,000000,19.1199,19.1199,19.1199,19.1199,1,0
QSWN.US,D,20231211,000000,19.2102,19.2102,19.2102,19.2102,121,0
QSWN.US,D,20231212,000000,19.329,19.329,19.329,19.329,1,0
QSWN.US,D,20231213,000000,19.6799,19.6799,19.6799,19.6799,1,0
QSWN.US,D,20231214,000000,19.8012,19.8012,19.8012,19.8012,1,0
QSWN.US,D,20231215,000000,19.871,19.871,19.871,19.871,1,0
QSWN.US,D,20231218,000000,19.9168,19.9168,19.9168,19.9168,2,0
QSWN.US,D,20231219,000000,19.9901,19.9901,19.9901,19.9901,2,0
QSWN.US,D,20231220,000000,19.9182,19.9182,19.9182,19.9182,1,0
QSWN.US,D,20231221,000000,20.01,20.01,20.01,20.01,2,0
QSWN.US,D,20231222,000000,20.0099,20.0099,20.0099,20.0099,1,0
QSWN.US,D,20231226,000000,20.0901,20.0901,20.0901,20.0901,2,0
QSWN.US,D,20231227,000000,20.0815,20.0815,20.0815,20.0815,8,0
QSWN.US,D,20231228,000000,20.0202,20.0202,20.0202,20.0202,1,0
QSWN.US,D,20231229,000000,19.93,19.9443,19.89,19.9443,1112,0
QSWN.US,D,20240102,000000,19.6563,19.6563,19.6563,19.6563,25,0
QSWN.US,D,20240103,000000,19.5846,19.5846,19.5846,19.5846,5,0
QSWN.US,D,20240104,000000,19.4199,19.4199,19.4199,19.4199,1,0
QSWN.US,D,20240105,000000,19.3699,19.3699,19.3699,19.3699,49,0
QSWN.US,D,20240108,000000,19.6506,19.6506,19.6506,19.6506,45,0
QSWN.US,D,20240109,000000,19.6714,19.6714,19.6714,19.6714,2,0
QSWN.US,D,20240110,000000,19.7114,19.7114,19.7114,19.7114,1,0
QSWN.US,D,20240111,000000,19.67,19.81,19.67,19.81,200,0
QSWN.US,D,20240112,000000,19.8446,19.8446,19.8446,19.8446,10,0
QSWN.US,D,20240116,000000,19.7404,19.7404,19.7404,19.7404,4,0
QSWN.US,D,20240117,000000,19.6299,19.6299,19.6299,19.6299,3,0
QSWN.US,D,20240118,000000,19.7599,19.7599,19.7599,19.7599,45,0
QSWN.US,D,20240119,000000,19.9901,19.9901,19.9901,19.9901,96,0
QSWN.US,D,20240122,000000,20.0601,20.098,20.0601,20.0699,300,0
QSWN.US,D,20240123,000000,20.03,20.0799,20.03,20.0799,362,0
QSWN.US,D,20240124,000000,20.15,20.1597,20.1097,20.1097,750,0
QSWN.US,D,20240125,000000,20.1715,20.1715,20.1715,20.1715,73,0
QSWN.US,D,20240126,000000,20.0847,20.0847,20.0847,20.0847,7,0
QSWN.US,D,20240129,000000,20.2944,20.2944,20.2944,20.2944,45,0
QSWN.US,D,20240130,000000,20.2223,20.2223,20.2223,20.2223,45,0
QSWN.US,D,20240131,000000,20.0873,20.0873,20.0873,20.0873,45,0
QSWN.US,D,20240201,000000,20.3218,20.3218,20.3218,20.3218,45,0
QSWN.US,D,20240202,000000,20.3812,20.3812,20.3812,20.3812,2,0
QSWN.US,D,20240205,000000,20.1991,20.1991,20.1991,20.1991,7,0
QSWN.US,D,20240206,000000,20.2349,20.2349,20.2349,20.2349,1,0
QSWN.US,D,20240207,000000,20.35,20.35,20.35,20.35,1,0
QSWN.US,D,20240208,000000,20.3015,20.3015,20.3015,20.3015,1,0
QSWN.US,D,20240209,000000,20.41,20.43,20.41,20.43,401,0
QSWN.US,D,20240212,000000,20.3868,20.3868,20.3868,20.3868,39,0
QSWN.US,D,20240213,000000,20,20.02,19.9808,19.9983,1292,0
QSWN.US,D,20240214,000000,20.2064,20.2064,20.2064,20.2064,1,0
QSWN.US,D,20240215,000000,20.2199,20.27,20.2199,20.27,100,0
QSWN.US,D,20240216,000000,20.0899,20.0899,20.0899,20.0899,1,0
QSWN.US,D,20240220,000000,19.9925,19.9925,19.9925,19.9925,1,0
QSWN.US,D,20240221,000000,19.81,19.9,19.81,19.9,1920,0
QSWN.US,D,20240222,000000,20.2951,20.2951,20.2951,20.2951,1,0
QSWN.US,D,20240223,000000,20.3247,20.3247,20.3247,20.3247,1,0
QSWN.US,D,20240226,000000,20.2879,20.2879,20.2879,20.2879,1,0
QSWN.US,D,20240227,000000,20.2701,20.2701,20.2701,20.2701,1,0
QSWN.US,D,20240228,000000,20.2415,20.2415,20.2415,20.2415,1,0
QSWN.US,D,20240229,000000,20.3544,20.4113,20.3544,20.4113,100,0
QSWN.US,D,20240301,000000,20.685,20.685,20.685,20.685,2,0
QSWN.US,D,20240304,000000,20.5953,20.5953,20.5953,20.5953,1,0
QSWN.US,D,20240305,000000,20.4274,20.4274,20.4274,20.4274,50,0
QSWN.US,D,20240306,000000,20.5596,20.5596,20.5596,20.5596,38,0
QSWN.US,D,20240307,000000,20.7999,20.7999,20.7999,20.7999,1,0
QSWN.US,D,20240308,000000,20.6111,20.6111,20.6111,20.6111,1,0
QSWN.US,D,20240311,000000,20.5208,20.5208,20.5208,20.5208,1,0
QSWN.US,D,20240312,000000,20.6625,20.6625,20.6625,20.6625,1,0
QSWN.US,D,20240313,000000,20.5069,20.5069,20.5069,20.5069,1,0
QSWN.US,D,20240314,000000,20.3428,20.3428,20.3428,20.3428,1,0
QSWN.US,D,20240315,000000,20.172,20.172,20.172,20.172,1,0
QSWN.US,D,20240318,000000,20.2874,20.2874,20.2874,20.2874,1,0
QSWN.US,D,20240319,000000,20.3652,20.3652,20.3652,20.3652,50,0
QSWN.US,D,20240320,000000,20.5464,20.5464,20.5464,20.5464,1,0
QSWN.US,D,20240321,000000,20.6249,20.6249,20.6249,20.6249,145,0
QSWN.US,D,20240322,000000,20.7054,20.7054,20.7054,20.7054,1,0
QSWN.US,D,20240325,000000,20.6187,20.6187,20.6187,20.6187,1,0
QSWN.US,D,20240326,000000,20.4446,20.4446,20.4446,20.4446,1,0
QSWN.US,D,20240327,000000,20.5253,20.5253,20.5253,20.5253,1,0
QSWN.US,D,20240328,000000,20.4858,20.4858,20.4858,20.4858,135,0
QSWN.US,D,20240401,000000,20.46,20.46,20.3984,20.3984,10703,0
QSWN.US,D,20240402,000000,20.15,20.2448,20.15,20.2448,364,0
QSWN.US,D,20240403,000000,20.2704,20.2704,20.2704,20.2704,3,0
QSWN.US,D,20240404,000000,20.1331,20.1331,20.1331,20.1331,1,0
QSWN.US,D,20240405,000000,20.201,20.201,20.201,20.201,2,0
QSWN.US,D,20240408,000000,20.145,20.145,20.145,20.145,3,0
QSWN.US,D,20240409,000000,20.2333,20.2333,20.2333,20.2333,3,0
QSWN.US,D,20240410,000000,19.89,19.89,19.89,19.89,201,0
QSWN.US,D,20240411,000000,20.1367,20.1367,20.1367,20.1367,94,0
QSWN.US,D,20240412,000000,19.9699,19.9699,19.9699,19.9699,4,0
QSWN.US,D,20240415,000000,19.6597,19.6597,19.6597,19.6597,2,0
QSWN.US,D,20240416,000000,19.6083,19.6083,19.6083,19.6083,2,0
QSWN.US,D,20240417,000000,19.5323,19.5323,19.5323,19.5323,2,0
QSWN.US,D,20240418,000000,19.3699,19.3699,19.3699,19.3699,2,0
QSWN.US,D,20240419,000000,19.1303,19.1303,19.1303,19.1303,4,0
QSWN.US,D,20240422,000000,19.2321,19.2321,19.2321,19.2321,1,0
QSWN.US,D,20240423,000000,19.45,19.45,19.45,19.45,2,0
QSWN.US,D,20240424,000000,19.4593,19.4593,19.4593,19.4593,2,0
QSWN.US,D,20240425,000000,19.3035,19.3035,19.3035,19.3035,2,0
QSWN.US,D,20240426,000000,19.5573,19.5573,19.5573,19.5573,1,0
QSWN.US,D,20240429,000000,19.6503,19.6503,19.6503,19.6503,2,0
QSWN.US,D,20240430,000000,19.3544,19.3544,19.3544,19.3544,10,0
QSWN.US,D,20240501,000000,19.3134,19.3134,19.3134,19.3134,2,0
QSWN.US,D,20240502,000000,19.5079,19.5079,19.5079,19.5079,2,0
QSWN.US,D,20240503,000000,19.8701,19.8701,19.8701,19.8701,2,0
QSWN.US,D,20240506,000000,20.0225,20.0225,20.0225,20.0225,2,0
QSWN.US,D,20240507,000000,20.0665,20.0665,20.0665,20.0665,39,0
QSWN.US,D,20240508,000000,20.02,20.02,20.02,20.02,2,0
QSWN.US,D,20240509,000000,20.0613,20.0613,20.0613,20.0613,8,0
QSWN.US,D,20240510,000000,20.0695,20.0695,20.0695,20.0695,2,0
QSWN.US,D,20240513,000000,20.1066,20.1066,20.1066,20.1066,20,0
QSWN.US,D,20240514,000000,20.13,20.2496,20.13,20.2496,802,0
QSWN.US,D,20240515,000000,20.5655,20.5655,20.5655,20.5655,42,0
QSWN.US,D,20240516,000000,20.5107,20.5107,20.5107,20.5107,34,0
QSWN.US,D,20240517,000000,20.4401,20.4401,20.4401,20.4401,1,0
QSWN.US,D,20240520,000000,20.5203,20.5203,20.5203,20.5203,46,0
QSWN.US,D,20240521,000000,20.5848,20.5848,20.5848,20.5848,2,0
QSWN.US,D,20240522,000000,20.515,20.515,20.515,20.515,118,0
QSWN.US,D,20240523,000000,20.4296,20.4296,20.4296,20.4296,1,0
QSWN.US,D,20240524,000000,20.5853,20.5853,20.5853,20.5853,2,0
QSWN.US,D,20240528,000000,20.554,20.554,20.554,20.554,1,0
QSWN.US,D,20240529,000000,20.3904,20.3904,20.3904,20.3904,1,0
QSWN.US,D,20240530,000000,20.3204,20.3204,20.3204,20.3204,1,0
QSWN.US,D,20240531,000000,20.3402,20.3402,20.3402,20.3402,1,0
QSWN.US,D,20240603,000000,20.4897,20.4897,20.4897,20.4897,44,0
QSWN.US,D,20240604,000000,20.64,20.64,20.64,20.64,1,0
QSWN.US,D,20240605,000000,20.921,20.9781,20.921,20.9781,953,0
QSWN.US,D,20240606,000000,20.9797,20.9797,20.9797,20.9797,1,0
QSWN.US,D,20240607,000000,20.7998,20.7998,20.7998,20.7998,4,0
QSWN.US,D,20240610,000000,20.8152,20.8152,20.8152,20.8152,12,0
QSWN.US,D,20240611,000000,20.9805,20.9805,20.9805,20.9805,2,0
QSWN.US,D,20240612,000000,21.274,21.274,21.274,21.274,2,0
QSWN.US,D,20240613,000000,21.28,21.42,21.28,21.42,643,0
QSWN.US,D,20240614,000000,21.5348,21.5348,21.5348,21.5348,2,0
QSWN.US,D,20240617,000000,21.6651,21.6651,21.6651,21.6651,13,0
QSWN.US,D,20240618,000000,21.7318,21.7318,21.7318,21.7318,2,0
QSWN.US,D,20240620,000000,21.5864,21.5864,21.5864,21.5864,77,0
QSWN.US,D,20240621,000000,21.5454,21.5454,21.5454,21.5454,2,0
QSWN.US,D,20240624,000000,21.4637,21.4637,21.3988,21.3988,1001,0
QSWN.US,D,20240625,000000,21.5563,21.5563,21.5563,21.5563,2,0
QSWN.US,D,20240626,000000,21.4928,21.4928,21.4928,21.4928,52,0
QSWN.US,D,20240627,000000,21.3937,21.3937,21.3937,21.3937,2,0
QSWN.US,D,20240628,000000,21.2731,21.2731,21.2731,21.2731,197,0
QSWN.US,D,20240701,000000,21.2176,21.2176,21.2176,21.2176,5,0
QSWN.US,D,20240702,000000,21.4083,21.4083,21.4083,21.4083,2,0
QSWN.US,D,20240703,000000,21.62,21.6571,21.582,21.6571,1114,0
QSWN.US,D,20240705,000000,21.84,21.92,21.8072,21.9076,15737,0
QSWN.US,D,20240708,000000,21.9329,21.9329,21.9329,21.9329,1,0
QSWN.US,D,20240709,000000,21.925,21.925,21.925,21.925,6,0
QSWN.US,D,20240710,000000,22.1149,22.1149,22.1149,22.1149,83,0
QSWN.US,D,20240711,000000,21.97,21.97,21.872,21.872,113,0
QSWN.US,D,20240712,000000,21.93,21.9737,21.93,21.9737,200,0
QSWN.US,D,20240715,000000,21.9622,21.9622,21.9622,21.9622,10,0
QSWN.US,D,20240716,000000,22.0483,22.0483,22.0483,22.0483,17,0
QSWN.US,D,20240717,000000,21.61,21.64,21.61,21.638,3768,0
QSWN.US,D,20240718,000000,21.5108,21.5108,21.5108,21.5108,75,0
QSWN.US,D,20240719,000000,21.3261,21.3261,21.3261,21.3261,1,0
QSWN.US,D,20240722,000000,21.48,21.5154,21.48,21.5154,881,0
QSWN.US,D,20240723,000000,21.4673,21.4673,21.4673,21.4673,10,0
QSWN.US,D,20240724,000000,20.9541,20.9541,20.9541,20.9541,25,0
QSWN.US,D,20240725,000000,20.8472,20.8472,20.8472,20.8472,3,0
QSWN.US,D,20240726,000000,21.0013,21.0013,21.0013,21.0013,2,0
QSWN.US,D,20240729,000000,21.0771,21.0771,21.0771,21.0771,59,0
QSWN.US,D,20240730,000000,20.9537,20.9537,20.9537,20.9537,710,0
QSWN.US,D,20240731,000000,21.31,21.4131,21.31,21.4131,470,0
QSWN.US,D,20240801,000000,21.2004,21.2004,21.2004,21.2004,1,0
QSWN.US,D,20240802,000000,21.1962,21.1962,21.1962,21.1962,1,0
QSWN.US,D,20240805,000000,20.9652,20.9652,20.9652,20.9652,10,0
QSWN.US,D,20240806,000000,20.8506,20.8506,20.8506,20.8506,10,0
QSWN.US,D,20240807,000000,20.9008,20.9008,20.6383,20.6383,795,0
QSWN.US,D,20240808,000000,20.8896,20.8896,20.8896,20.8896,23,0
QSWN.US,D,20240809,000000,20.9991,20.9991,20.9991,20.9991,10,0
QSWN.US,D,20240812,000000,21.0508,21.0508,21.0508,21.0508,10,0
QSWN.US,D,20240813,000000,21.43,21.43,21.43,21.43,507,0
QSWN.US,D,20240814,000000,21.4641,21.4641,21.4641,21.4641,10,0
QSWN.US,D,20240815,000000,21.6524,21.6524,21.6524,21.6524,489,0
QSWN.US,D,20240816,000000,21.7039,21.7039,21.7039,21.7039,1,0
QSWN.US,D,20240819,000000,21.9027,21.9027,21.9027,21.9027,1,0
QSWN.US,D,20240820,000000,21.9638,21.9638,21.9638,21.9638,1,0
QSWN.US,D,20240821,000000,22.01,22.15,22.01,22.0749,2141,0
QSWN.US,D,20240822,000000,22.14,22.14,21.7452,21.7452,16989,0
QSWN.US,D,20240823,000000,21.9738,21.9738,21.9738,21.9738,2,0
QSWN.US,D,20240826,000000,21.805,21.8067,21.805,21.8067,101,0
QSWN.US,D,20240827,000000,21.8424,21.8424,21.8424,21.8424,27,0
QSWN.US,D,20240828,000000,21.6902,21.6902,21.6902,21.6902,29,0
QSWN.US,D,20240829,000000,21.617,21.617,21.617,21.617,27,0
QSWN.US,D,20240830,000000,21.7225,21.7225,21.7225,21.7225,2,0
QSWN.US,D,20240903,000000,21.4195,21.4195,21.4195,21.4195,3,0
QSWN.US,D,20240904,000000,21.5131,21.5131,21.5131,21.5131,1,0
QSWN.US,D,20240905,000000,21.5196,21.5196,21.5196,21.5196,2,0
QSWN.US,D,20240906,000000,21.2242,21.2242,21.2242,21.2242,1,0
QSWN.US,D,20240909,000000,21.38,21.43,21.37,21.43,21076,0
QSWN.US,D,20240910,000000,21.61,21.61,21.5799,21.5799,4000,0
QSWN.US,D,20240911,000000,21.63,21.8374,21.57,21.8374,2612,0
QSWN.US,D,20240912,000000,21.9328,21.9328,21.9328,21.9328,1,0
QSWN.US,D,20240913,000000,22.0442,22.0442,22.0442,22.0442,327,0
QSWN.US,D,20240916,000000,22.04,22.04,22.04,22.04,254,0
QSWN.US,D,20240917,000000,22.24,22.24,22.03,22.03,6280,0
QSWN.US,D,20240918,000000,21.8531,21.8531,21.8531,21.8531,11,0
QSWN.US,D,20240919,000000,22.1847,22.1847,22.1847,22.1847,16,0
QSWN.US,D,20240920,000000,22.1699,22.21,22.04,22.1484,6217,0
QSWN.US,D,20240923,000000,22.165,22.1655,22.165,22.1655,244,0
QSWN.US,D,20240924,000000,22.2412,22.2412,22.2412,22.2412,16,0
QSWN.US,D,20240925,000000,22.31,22.31,22.26,22.26,2644,0
QSWN.US,D,20240926,000000,22.2995,22.35,22.2975,22.2975,2638,0
QSWN.US,D,20240927,000000,22.142,22.142,22.142,22.142,16,0
QSWN.US,D,20240930,000000,22.16,22.16,22.1093,22.1093,347,0
QSWN.US,D,20241001,000000,22.01,22.01,21.9638,21.9638,161,0
QSWN.US,D,20241002,000000,22.03,22.03,21.9675,21.9675,101,0
QSWN.US,D,20241003,000000,22,22,21.86,21.8772,359,0
QSWN.US,D,20241004,000000,21.93,21.93,21.84,21.8679,7920,0
QSWN.US,D,20241007,000000,21.6631,21.69,21.6631,21.69,1992,0
QSWN.US,D,20241008,000000,21.8568,21.8843,21.8568,21.8843,1500,0
QSWN.US,D,20241009,000000,21.9349,21.9349,21.9349,21.9349,1,0
QSWN.US,D,20241010,000000,21.9199,21.9199,21.8699,21.9052,3777,0
QSWN.US,D,20241011,000000,21.9268,21.9268,21.9268,21.9268,2,0
QSWN.US,D,20241014,000000,22.06,22.06,21.9997,21.9997,102,0
QSWN.US,D,20241015,000000,21.8843,21.8843,21.8843,21.8843,1,0
QSWN.US,D,20241016,000000,21.905,21.905,21.905,21.905,68,0
QSWN.US,D,20241017,000000,21.9099,21.91,21.8464,21.8464,3171,0
QSWN.US,D,20241018,000000,21.9449,21.9449,21.9449,21.9449,2,0
QSWN.US,D,20241021,000000,21.8449,21.8449,21.8449,21.8449,18,0
QSWN.US,D,20241022,000000,21.864,21.864,21.864,21.864,1,0
QSWN.US,D,20241023,000000,21.75,21.75,21.5718,21.5718,7308,0
QSWN.US,D,20241024,000000,21.7338,21.7338,21.7338,21.7338,8,0
QSWN.US,D,20241025,000000,21.771,21.771,21.771,21.771,15,0
QSWN.US,D,20241028,000000,21.7561,21.7561,21.7561,21.7561,8,0
QSWN.US,D,20241029,000000,21.8932,21.8932,21.8932,21.8932,1,0
QSWN.US,D,20241030,000000,21.7452,21.7452,21.7452,21.7452,110,0
QSWN.US,D,20241031,000000,21.4599,21.4599,21.4084,21.4084,2800,0
QSWN.US,D,20241104,000000,21.4004,21.4004,21.4004,21.4004,28,0
QSWN.US,D,20241105,000000,21.58,21.58,21.54,21.5777,7100,0
QSWN.US,D,20241106,000000,21.8118,21.8118,21.8118,21.8118,50,0
QSWN.US,D,20241107,000000,22.1781,22.1781,22.1781,22.1781,18,0
QSWN.US,D,20241108,000000,22.207,22.207,22.207,22.207,5,0
QSWN.US,D,20241112,000000,22.08,22.09,22.0292,22.0304,2801,0
QSWN.US,D,20241113,000000,21.9874,21.9988,21.9874,21.9988,167,0
QSWN.US,D,20241118,000000,21.66,21.6669,21.62,21.6669,3620,0
QSWN.US,D,20241205,000000,22.66,22.67,22.595,22.595,1684,0
QSWN.US,D,20241213,000000,22.58,22.6249,22.58,22.6249,4425,0
QSWN.US,D,20241218,000000,22.67,22.67,22.17,22.23,633,0
QSWN.US,D,20241219,000000,22.1499,22.1499,22.0283,22.0283,474,0
QSWN.US,D,20241220,000000,22.21,22.21,22.12,22.21,2700,0
QSWN.US,D,20241224,000000,22.28,22.3462,22.28,22.3462,875,0
QSWN.US,D,20241231,000000,21.88,21.88,21.6679,21.6679,4265,0
QSWN.US,D,20250102,000000,21.81,21.81,21.6698,21.6698,181,0
QSWN.US,D,20250103,000000,21.803,21.8556,21.803,21.8556,1279,0
QSWN.US,D,20250107,000000,21.76,21.76,21.6755,21.6755,201,0
QSWN.US,D,20250110,000000,21.41,21.41,21.3607,21.3607,119,0
QSWN.US,D,20250116,000000,21.75,21.75,21.6969,21.6969,104,0
QSWN.US,D,20250122,000000,22.2,22.2,22.1546,22.1546,4152,0
QSWN.US,D,20250124,000000,22.11,22.11,22.0681,22.0681,100,0
QSWN.US,D,20250127,000000,21.83,21.83,21.8067,21.8067,102,0
QSWN.US,D,20250128,000000,21.921,22.0058,21.85,22.0058,500,0
QSWN.US,D,20250129,000000,21.96,22.08,21.96,21.96,700,0
QSWN.US,D,20250130,000000,21.99,22.12,21.99,22.0521,700,0
QSWN.US,D,20250131,000000,22.23,22.29,21.9818,21.9818,700,0
QSWN.US,D,20250203,000000,21.91,21.91,21.905,21.905,100,0
QSWN.US,D,20250204,000000,22.05,22.0963,22,22.0963,2105,0
QSWN.US,D,20250206,000000,22.23,22.2891,22.23,22.2891,105,0
QSWN.US,D,20250211,000000,22.13,22.13,22.1265,22.1265,100,0
QSWN.US,D,20250212,000000,21.93,22.0147,21.881,22.0147,3969,0
QSWN.US,D,20250214,000000,22.45,22.4551,22.45,22.4551,447,0
QSWN.US,D,20250218,000000,22.37,22.41,22.37,22.3727,1380,0
QSWN.US,D,20250219,000000,22.43,22.43,22.43,22.43,137,0
