<TICKER>,<PER>,<DATE>,<TIME>,<OPEN>,<HIGH>,<LOW>,<CLOSE>,<VOL>,<OPENINT>
RENW.US,D,20220715,000000,20,20,19.47,19.505,2441,0
RENW.US,D,20220718,000000,19.86,19.92,19.84,19.8709,7189,0
RENW.US,D,20220719,000000,19.764,19.78,19.69,19.69,2988,0
RENW.US,D,20220720,000000,19.79,19.8018,19.79,19.8018,920,0
RENW.US,D,20220721,000000,19.69,19.83,19.69,19.83,146,0
RENW.US,D,20220722,000000,19.985,19.985,19.985,19.985,402,0
RENW.US,D,20220725,000000,20.27,20.27,20.27,20.27,70,0
RENW.US,D,20220726,000000,20.95,21.145,20.949,21.145,2035,0
RENW.US,D,20220727,000000,21.19,21.19,21.02,21.0208,825,0
RENW.US,D,20220728,000000,21.33,21.33,21.22,21.2784,731,0
RENW.US,D,20220729,000000,21.395,21.395,21.395,21.395,25,0
RENW.US,D,20220801,000000,22.76,22.76,20.9599,21.121,491,0
RENW.US,D,20220802,000000,21.35,21.35,21.35,21.35,181,0
RENW.US,D,20220803,000000,21.19,21.19,21.19,21.19,6,0
RENW.US,D,20220804,000000,21.42,21.42,21.29,21.29,196,0
RENW.US,D,20220805,000000,21.315,21.315,21.315,21.315,114,0
RENW.US,D,20220808,000000,21.63,22.38,21.61,21.61,408,0
RENW.US,D,20220809,000000,21.54,21.5797,21.4468,21.5797,672,0
RENW.US,D,20220810,000000,21.53,21.7365,21.53,21.7365,424,0
RENW.US,D,20220811,000000,22.2918,22.2918,22.2918,22.2918,2,0
RENW.US,D,20220812,000000,22.5199,22.5472,22.5199,22.5472,138,0
RENW.US,D,20220815,000000,22.19,22.5031,22.188,22.5031,2761,0
RENW.US,D,20220816,000000,22.5817,22.5817,22.5817,22.5817,1,0
RENW.US,D,20220817,000000,22.785,22.785,22.785,22.785,51,0
RENW.US,D,20220818,000000,22.905,22.905,22.905,22.905,13,0
RENW.US,D,20220819,000000,23.04,23.19,23.04,23.1484,898,0
RENW.US,D,20220822,000000,23.2,23.505,23.1999,23.505,4062,0
RENW.US,D,20220823,000000,23.74,23.8,23.595,23.595,1721,0
RENW.US,D,20220824,000000,23.2313,23.2313,23.2313,23.2313,100,0
RENW.US,D,20220825,000000,23.24,23.68,23.22,23.68,995,0
RENW.US,D,20220826,000000,23.94,23.99,23.9254,23.93,3249,0
RENW.US,D,20220829,000000,23.85,25.915,23.702,23.84,10083,0
RENW.US,D,20220830,000000,22.975,23.22,22.8473,23.107,1058,0
RENW.US,D,20220831,000000,21.887,21.887,21.86,21.86,165,0
RENW.US,D,20220901,000000,21.5514,21.5731,21.49,21.5731,350,0
RENW.US,D,20220902,000000,21.55,21.7744,21.4501,21.53,1063,0
RENW.US,D,20220906,000000,21.04,21.04,20.5037,20.5037,570,0
RENW.US,D,20220907,000000,20.4,20.6178,20.4,20.6178,1844,0
RENW.US,D,20220908,000000,20.5,20.72,20.5,20.67,3835,0
RENW.US,D,20220909,000000,21,21.45,20.81,21.4008,2846,0
RENW.US,D,20220912,000000,21.29,21.31,20.8566,21.09,6243,0
RENW.US,D,20220913,000000,21.06,21.1177,20.8499,20.895,8413,0
RENW.US,D,20220914,000000,20.9,21.05,20.86,20.925,832,0
RENW.US,D,20220915,000000,21.035,21.035,21.035,21.035,150,0
RENW.US,D,20220916,000000,21.09,21.09,20.97,20.985,1750,0
RENW.US,D,20220919,000000,20.87,20.89,20.7899,20.82,4177,0
RENW.US,D,20220920,000000,20.75,20.89,20.66,20.7304,3377,0
RENW.US,D,20220921,000000,20.5205,20.54,20.26,20.54,2280,0
RENW.US,D,20220922,000000,20.5108,20.53,20.355,20.355,781,0
RENW.US,D,20220923,000000,19.98,19.98,19.81,19.8131,936,0
RENW.US,D,20220926,000000,19.48,19.6719,19.48,19.6719,1082,0
RENW.US,D,20220927,000000,19.63,19.63,19.48,19.4831,1021,0
RENW.US,D,20220928,000000,19.24,19.5248,19.24,19.5248,1069,0
RENW.US,D,20220929,000000,19.59,19.655,19.59,19.655,325,0
RENW.US,D,20220930,000000,19.49,19.53,19.4281,19.4281,887,0
RENW.US,D,20221003,000000,19.58,19.585,19.5,19.585,1725,0
RENW.US,D,20221004,000000,19.5,19.9942,19.5,19.9942,4166,0
RENW.US,D,20221005,000000,19.79,20.01,19.74,19.935,1943,0
RENW.US,D,20221006,000000,19.925,19.94,19.925,19.94,306,0
RENW.US,D,20221007,000000,20.03,20.4,20.0299,20.2316,2759,0
RENW.US,D,20221010,000000,19.58,19.58,19.4717,19.4717,169,0
RENW.US,D,20221011,000000,19.4049,19.4049,19.4049,19.4049,28,0
RENW.US,D,20221012,000000,19.4052,19.4052,19.4052,19.4052,114,0
RENW.US,D,20221013,000000,19.41,19.5549,19.4099,19.5549,630,0
RENW.US,D,20221014,000000,19.48,19.55,19.48,19.535,1419,0
RENW.US,D,20221017,000000,19.42,19.42,19.2475,19.3726,1057,0
RENW.US,D,20221018,000000,19.1,19.1,18.74,18.8558,1847,0
RENW.US,D,20221019,000000,18.79,18.79,18.6084,18.66,2511,0
RENW.US,D,20221020,000000,18.395,18.555,18.395,18.555,358,0
RENW.US,D,20221021,000000,18.65,18.72,18.65,18.6799,503,0
RENW.US,D,20221024,000000,18.69,18.6944,18.69,18.6944,202,0
RENW.US,D,20221025,000000,18.887,18.887,18.8522,18.8522,195,0
RENW.US,D,20221026,000000,19.17,19.17,19.12,19.17,584,0
RENW.US,D,20221027,000000,19.3499,19.3499,19.21,19.2358,402,0
RENW.US,D,20221028,000000,19.18,19.1826,19.09,19.1826,728,0
RENW.US,D,20221031,000000,19.14,19.14,19.0999,19.0999,864,0
RENW.US,D,20221101,000000,19.19,19.19,19.1889,19.1889,208,0
RENW.US,D,20221102,000000,19.08,19.08,19.045,19.045,121,0
RENW.US,D,20221103,000000,19.26,19.28,19.26,19.28,506,0
RENW.US,D,20221104,000000,19.39,19.475,19.39,19.475,750,0
RENW.US,D,20221107,000000,19.6649,19.6649,19.6649,19.6649,20,0
RENW.US,D,20221108,000000,19.535,19.535,19.535,19.535,15,0
RENW.US,D,20221109,000000,19.37,19.37,19.2362,19.2362,1314,0
RENW.US,D,20221110,000000,19.3037,19.3037,19.3037,19.3037,1,0
RENW.US,D,20221111,000000,19.56,19.7737,19.56,19.7737,910,0
RENW.US,D,20221114,000000,19.5763,19.5763,19.5763,19.5763,15,0
RENW.US,D,20221115,000000,20.215,20.215,20.215,20.215,50,0
RENW.US,D,20221116,000000,20.3,20.3,20.22,20.2378,577,0
RENW.US,D,20221117,000000,19.62,19.62,19.62,19.62,13,0
RENW.US,D,20221118,000000,19.21,19.4953,19.21,19.4953,1210,0
RENW.US,D,20221121,000000,19.2324,19.3677,19.21,19.3677,933,0
RENW.US,D,20221122,000000,19.5,19.5,19.5,19.5,10,0
RENW.US,D,20221123,000000,19.5386,19.5386,19.5386,19.5386,2,0
RENW.US,D,20221125,000000,19.99,19.99,19.915,19.915,600,0
RENW.US,D,20221128,000000,19.925,19.925,19.925,19.925,28,0
RENW.US,D,20221129,000000,19.97,19.97,19.97,19.97,28,0
RENW.US,D,20221130,000000,20.44,20.44,20.44,20.44,28,0
RENW.US,D,20221201,000000,20.8946,20.8946,20.8946,20.8946,11,0
RENW.US,D,20221202,000000,20.685,20.685,20.685,20.685,70,0
RENW.US,D,20221205,000000,20.745,20.745,20.745,20.745,32,0
RENW.US,D,20221206,000000,20.56,20.56,20.56,20.56,32,0
RENW.US,D,20221207,000000,20.5914,20.625,20.54,20.625,581,0
RENW.US,D,20221208,000000,21.23,22.53,21.105,21.105,5168,0
RENW.US,D,20221209,000000,20.91,20.91,20.91,20.91,52,0
RENW.US,D,20221212,000000,21.005,21.005,21.005,21.005,11,0
RENW.US,D,20221213,000000,21.105,21.105,21.105,21.105,38,0
RENW.US,D,20221214,000000,20.85,20.8824,20.76,20.8824,200,0
RENW.US,D,20221215,000000,20.62,20.62,20.62,20.62,5,0
RENW.US,D,20221216,000000,20.46,20.46,20.46,20.46,1,0
RENW.US,D,20221219,000000,20.155,20.155,20.155,20.155,10,0
RENW.US,D,20221220,000000,19.725,19.725,19.725,19.725,1,0
RENW.US,D,20221221,000000,19.865,19.865,19.865,19.865,5,0
RENW.US,D,20221222,000000,19.41,19.41,19.41,19.41,226,0
RENW.US,D,20221223,000000,19.285,19.285,19.285,19.285,82,0
RENW.US,D,20221227,000000,19.1772,19.1772,19.1772,19.1772,10,0
RENW.US,D,20221228,000000,19.03,19.03,19.03,19.03,61,0
RENW.US,D,20221229,000000,18.94,18.94,18.94,18.94,11,0
RENW.US,D,20221230,000000,19.1099,19.11,19.1,19.1,217,0
RENW.US,D,20230103,000000,18.41,18.41,18.41,18.41,104,0
RENW.US,D,20230104,000000,18.11,18.23,18.11,18.18,696,0
RENW.US,D,20230105,000000,17.9211,17.9211,17.905,17.905,162,0
RENW.US,D,20230106,000000,17.9,17.94,17.9,17.94,737,0
RENW.US,D,20230109,000000,17.985,17.985,17.985,17.985,96,0
RENW.US,D,20230110,000000,18.3901,18.495,18.39,18.495,1231,0
RENW.US,D,20230111,000000,18.36,18.36,18.36,18.36,76,0
RENW.US,D,20230112,000000,18.42,18.64,18.42,18.64,224696,0
RENW.US,D,20230113,000000,18.285,18.285,18.285,18.285,125,0
RENW.US,D,20230117,000000,18.355,18.355,18.355,18.355,2,0
RENW.US,D,20230118,000000,18.165,18.165,18.165,18.165,16,0
RENW.US,D,20230119,000000,18.415,18.415,18.415,18.415,3,0
RENW.US,D,20230120,000000,18.49,18.49,18.365,18.365,910,0
RENW.US,D,20230123,000000,18.575,18.575,18.575,18.575,5,0
RENW.US,D,20230124,000000,18.515,18.515,18.515,18.515,3,0
RENW.US,D,20230125,000000,18.245,18.245,18.245,18.245,4,0
RENW.US,D,20230126,000000,18.2837,18.2837,18.275,18.275,162,0
RENW.US,D,20230127,000000,18.285,18.285,18.285,18.285,3,0
RENW.US,D,20230130,000000,18.09,18.09,18.09,18.09,50,0
RENW.US,D,20230131,000000,18.53,18.53,18.09,18.225,1010,0
RENW.US,D,20230201,000000,18.38,18.38,18.38,18.38,10,0
RENW.US,D,20230202,000000,18.275,18.275,18.272,18.272,306,0
RENW.US,D,20230203,000000,18.14,18.16,18.05,18.05,1394,0
RENW.US,D,20230206,000000,17.57,17.985,17.57,17.985,236,0
RENW.US,D,20230207,000000,17.935,17.935,17.935,17.935,100,0
RENW.US,D,20230208,000000,17.545,17.685,17.545,17.685,520,0
RENW.US,D,20230209,000000,17.485,17.485,17.485,17.485,1,0
RENW.US,D,20230210,000000,17.5,17.5,17.5,17.5,11,0
RENW.US,D,20230213,000000,17.565,17.565,17.565,17.565,8,0
RENW.US,D,20230214,000000,17.545,17.545,17.465,17.465,4,0
RENW.US,D,20230215,000000,17.57,17.57,17.32,17.32,100,0
RENW.US,D,20230216,000000,17.5,17.5,17.5,17.5,17,0
RENW.US,D,20230217,000000,17.6001,17.655,17.41,17.4317,1306,0
RENW.US,D,20230221,000000,17.4461,17.4461,17.4461,17.4461,6,0
RENW.US,D,20230222,000000,17.325,17.325,17.325,17.325,26,0
RENW.US,D,20230223,000000,17.272,17.37,17.272,17.37,353,0
RENW.US,D,20230224,000000,17.17,17.17,17.17,17.17,91,0
RENW.US,D,20230227,000000,17.15,17.275,17.15,17.275,1416,0
RENW.US,D,20230228,000000,17.21,17.21,17.21,17.21,1,0
RENW.US,D,20230301,000000,17.15,17.235,17.15,17.235,26,0
RENW.US,D,20230302,000000,17.195,17.195,17.195,17.195,26,0
RENW.US,D,20230303,000000,17.19,17.19,17.19,17.19,60,0
RENW.US,D,20230306,000000,16.7227,16.87,16.7227,16.87,158,0
RENW.US,D,20230307,000000,16.6901,16.6901,16.525,16.525,629,0
RENW.US,D,20230308,000000,16.57,16.72,15.81,16.525,33406,0
RENW.US,D,20230309,000000,16.3,17.26,16.2895,16.55,39365,0
RENW.US,D,20230310,000000,17.3,17.3,16.965,16.965,141,0
RENW.US,D,20230313,000000,16.9,18,16.9,17.1351,1085,0
RENW.US,D,20230314,000000,16.69,16.711,16.6297,16.6297,1099,0
RENW.US,D,20230315,000000,16.38,16.39,16.38,16.39,202,0
RENW.US,D,20230316,000000,16.28,16.3664,16.2799,16.3664,627,0
RENW.US,D,20230317,000000,16.2833,16.2833,16.2833,16.2833,5,0
RENW.US,D,20230320,000000,15.95,16.03,15.91,16.03,601,0
RENW.US,D,20230321,000000,16.2,16.2,16.2,16.2,100,0
RENW.US,D,20230322,000000,16.13,16.13,16.11,16.1145,200,0
RENW.US,D,20230323,000000,16.3503,16.3503,16.3503,16.3503,5,0
RENW.US,D,20230324,000000,16.2446,16.2446,16.2446,16.2446,5,0
RENW.US,D,20230327,000000,16.2596,16.2596,16.2596,16.2596,2,0
RENW.US,D,20230328,000000,16.3801,16.3801,16.3801,16.3801,40,0
RENW.US,D,20230329,000000,16.461,16.461,16.461,16.461,2,0
RENW.US,D,20230330,000000,16.4864,16.4864,16.4864,16.4864,85,0
RENW.US,D,20230331,000000,16.82,16.82,16.7,16.7392,1786,0
RENW.US,D,20230403,000000,16.67,17.6,16.5984,16.813,22391,0
RENW.US,D,20230404,000000,15.93,17.19,15.93,16.695,13759,0
RENW.US,D,20230405,000000,16.5555,16.5555,16.5555,16.5555,42,0
RENW.US,D,20230406,000000,16.56,16.56,16.4447,16.4447,270,0
RENW.US,D,20230410,000000,16.15,16.5,15.07,16.3049,27311,0
RENW.US,D,20230411,000000,16.5,16.5146,16.5,16.5146,205,0
RENW.US,D,20230412,000000,16.43,16.43,16.4146,16.4146,325,0
RENW.US,D,20230413,000000,16.4741,16.4741,16.4741,16.4741,47,0
RENW.US,D,20230414,000000,16.0998,16.54,15.89,16.2316,10837,0
RENW.US,D,20230417,000000,16,16.57,15.9968,16.5553,21000,0
RENW.US,D,20230418,000000,16.8,16.83,16.8,16.83,3518,0
RENW.US,D,20230419,000000,16.3,17.27,16.15,16.4905,20463,0
RENW.US,D,20230420,000000,16.49,16.75,16.1,16.3736,14810,0
RENW.US,D,20230421,000000,16.1,16.42,16.0963,16.27,1783,0
RENW.US,D,20230424,000000,16.1,16.2141,16.1,16.2141,601,0
RENW.US,D,20230425,000000,15.94,15.94,15.94,15.94,1,0
RENW.US,D,20230426,000000,15.78,15.8047,15.78,15.8047,304,0
RENW.US,D,20230427,000000,15.7,15.7998,15.7,15.7998,2103,0
RENW.US,D,20230428,000000,15.7,15.89,15.63,15.875,2557,0
RENW.US,D,20230501,000000,15.6699,16.69,15.3784,15.795,34626,0
RENW.US,D,20230502,000000,15.8689,15.8689,15.865,15.865,205,0
RENW.US,D,20230503,000000,15.69,15.78,15.69,15.73,966,0
RENW.US,D,20230504,000000,15.27,15.8,14.925,15.53,19921,0
RENW.US,D,20230505,000000,15.56,15.7147,15.56,15.7147,1102,0
RENW.US,D,20230508,000000,15.5,16.23,15.5,15.805,4637,0
RENW.US,D,20230509,000000,15.78,15.8,15.77,15.79,624,0
RENW.US,D,20230510,000000,15.7,15.7,15.585,15.585,683,0
RENW.US,D,20230511,000000,15.5,15.5,15.375,15.375,122,0
RENW.US,D,20230512,000000,15.22,15.22,14.52,15.095,11882,0
RENW.US,D,20230515,000000,15.13,15.1353,15.13,15.1353,424,0
RENW.US,D,20230516,000000,15.1399,15.1399,15.02,15.02,221,0
RENW.US,D,20230517,000000,14.95,15.04,14.95,15,1070,0
RENW.US,D,20230518,000000,15.03,15.03,15.03,15.03,2,0
RENW.US,D,20230519,000000,15.0901,15.0901,15.085,15.085,139,0
RENW.US,D,20230522,000000,15.51,15.51,14.8713,14.8713,721,0
RENW.US,D,20230523,000000,14.67,14.69,14.49,14.5667,3740,0
RENW.US,D,20230524,000000,14.56,14.56,14.45,14.49,891,0
RENW.US,D,20230525,000000,14.25,14.25,14.25,14.25,32,0
RENW.US,D,20230526,000000,14.34,14.36,14.34,14.36,3776,0
RENW.US,D,20230530,000000,14.18,14.35,14.15,14.2,356910,0
RENW.US,D,20230531,000000,14.1302,14.1302,14.1302,14.1302,406,0
RENW.US,D,20230601,000000,14.05,14.05,14.05,14.05,15,0
RENW.US,D,20230602,000000,14.11,14.11,14.11,14.11,1,0
RENW.US,D,20230605,000000,14.35,14.5892,14.35,14.5892,54,0
RENW.US,D,20230606,000000,14.328,14.335,14.23,14.335,5231,0
RENW.US,D,20230607,000000,14.57,14.57,14.48,14.48,714,0
RENW.US,D,20230608,000000,14.502,14.56,14.502,14.56,4332,0
RENW.US,D,20230609,000000,15.08,15.08,15.08,15.08,102,0
RENW.US,D,20230612,000000,14.91,14.91,14.91,14.91,7,0
RENW.US,D,20230613,000000,15.53,15.53,15.53,15.53,228,0
RENW.US,D,20230614,000000,15.89,15.89,15.89,15.89,103,0
RENW.US,D,20230615,000000,16.1891,16.1891,16.1891,16.1891,106,0
RENW.US,D,20230616,000000,15.715,15.715,15.715,15.715,106,0
RENW.US,D,20230620,000000,15.9,16.11,15.89,15.8945,1302,0
RENW.US,D,20230621,000000,15.8,15.8,15.6605,15.6605,828,0
RENW.US,D,20230622,000000,15.3891,15.3891,15.3891,15.3891,43,0
RENW.US,D,20230623,000000,15.22,15.22,15.22,15.22,102,0
RENW.US,D,20230626,000000,15.1091,15.1091,15.1091,15.1091,33,0
RENW.US,D,20230627,000000,15.32,15.3991,15.32,15.3991,135,0
RENW.US,D,20230628,000000,15.104,15.104,15.104,15.104,2,0
RENW.US,D,20230629,000000,15.1392,15.1392,15.1392,15.1392,2,0
RENW.US,D,20230630,000000,14.98,15.4995,14.98,15.4995,1128,0
RENW.US,D,20230703,000000,15.27,15.27,15.27,15.27,19,0
RENW.US,D,20230705,000000,15.2,15.2,15.2,15.2,7,0
RENW.US,D,20230706,000000,15.03,15.03,15.03,15.03,2,0
RENW.US,D,20230707,000000,15.0491,15.0491,15.0491,15.0491,3,0
RENW.US,D,20230710,000000,14.905,14.905,14.905,14.905,2,0
RENW.US,D,20230711,000000,14.92,14.92,14.92,14.92,2,0
RENW.US,D,20230712,000000,14.855,14.855,14.855,14.855,2,0
RENW.US,D,20230713,000000,15.03,15.03,15.03,15.03,36,0
RENW.US,D,20230714,000000,14.9491,14.9491,14.9491,14.9491,7,0
RENW.US,D,20230717,000000,14.8597,14.8597,14.8597,14.8597,8,0
RENW.US,D,20230718,000000,14.9,14.985,14.9,14.985,305,0
RENW.US,D,20230719,000000,14.945,14.945,14.945,14.945,24,0
RENW.US,D,20230720,000000,15.1691,15.1691,15.1691,15.1691,14,0
RENW.US,D,20230721,000000,15.115,15.115,15.115,15.115,9,0
RENW.US,D,20230724,000000,14.8602,15.36,14.8602,15.36,619,0
RENW.US,D,20230725,000000,15.7,15.7,15.7,15.7,2,0
RENW.US,D,20230726,000000,15.31,15.31,15.31,15.31,49,0
RENW.US,D,20230727,000000,15.1492,15.1492,15.1492,15.1492,3,0
RENW.US,D,20230728,000000,15.035,15.035,15.035,15.035,29,0
RENW.US,D,20230731,000000,14.85,15.22,14.85,15.22,239,0
RENW.US,D,20230801,000000,14.95,14.95,14.95,14.95,2,0
RENW.US,D,20230802,000000,14.7991,14.7991,14.7991,14.7991,7,0
RENW.US,D,20230803,000000,15,15,15,15,7,0
RENW.US,D,20230804,000000,14.91,14.91,14.91,14.91,2,0
RENW.US,D,20230807,000000,14.9,14.9,14.9,14.9,37,0
RENW.US,D,20230808,000000,14.91,14.91,14.91,14.91,2,0
RENW.US,D,20230809,000000,15.505,15.505,15.4791,15.4791,176,0
RENW.US,D,20230810,000000,15.3364,15.3364,15.3364,15.3364,119,0
RENW.US,D,20230811,000000,15.305,15.305,15.305,15.305,1,0
RENW.US,D,20230814,000000,15.1951,15.1951,15.1951,15.1951,2,0
RENW.US,D,20230815,000000,15.37,15.4754,15.37,15.4754,1286,0
RENW.US,D,20230816,000000,15.355,15.355,15.355,15.355,186,0
RENW.US,D,20230817,000000,15.465,15.465,15.465,15.465,84,0
RENW.US,D,20230818,000000,15.465,15.465,15.465,15.465,28,0
RENW.US,D,20230821,000000,15.595,15.6091,15.595,15.6091,203,0
RENW.US,D,20230822,000000,15.86,15.86,15.86,15.86,89,0
RENW.US,D,20230823,000000,15.51,15.51,15.51,15.51,101,0
RENW.US,D,20230824,000000,14.97,14.97,14.97,14.97,109,0
RENW.US,D,20230825,000000,15.195,15.195,15.195,15.195,21,0
RENW.US,D,20230828,000000,15.24,15.365,15.24,15.365,100,0
RENW.US,D,20230829,000000,15.225,15.225,15.225,15.225,109,0
RENW.US,D,20230830,000000,15.34,15.34,15.34,15.34,109,0
RENW.US,D,20230831,000000,15.12,15.12,15.12,15.12,109,0
RENW.US,D,20230901,000000,15.25,15.25,15.25,15.25,33,0
RENW.US,D,20230905,000000,15.25,15.25,14.92,14.92,2034,0
RENW.US,D,20230906,000000,14.72,14.72,14.61,14.61,425,0
RENW.US,D,20230907,000000,14.65,14.65,14.5958,14.5958,1095,0
RENW.US,D,20230908,000000,14.66,14.66,14.66,14.66,90,0
RENW.US,D,20230911,000000,14.85,14.85,14.85,14.85,26,0
RENW.US,D,20230912,000000,14.79,14.8018,14.79,14.8018,400,0
RENW.US,D,20230913,000000,14.82,15.0749,14.82,15.0749,1611,0
RENW.US,D,20230914,000000,14.89,14.89,14.89,14.89,3,0
RENW.US,D,20230915,000000,14.83,14.83,14.83,14.83,2,0
RENW.US,D,20230918,000000,14.7231,14.7231,14.7231,14.7231,9,0
RENW.US,D,20230919,000000,14.77,14.77,14.77,14.77,9,0
RENW.US,D,20230920,000000,14.74,14.74,14.74,14.74,9,0
RENW.US,D,20230921,000000,14.69,14.69,14.69,14.69,9,0
RENW.US,D,20230922,000000,14.84,14.84,14.84,14.84,9,0
RENW.US,D,20230925,000000,14.808,14.808,14.808,14.808,9,0
RENW.US,D,20230926,000000,14.62,14.62,14.505,14.505,800,0
RENW.US,D,20230927,000000,14.52,14.52,14.52,14.52,9,0
RENW.US,D,20230928,000000,14.65,14.65,14.65,14.65,2,0
RENW.US,D,20230929,000000,14.59,14.59,14.59,14.59,9,0
RENW.US,D,20231002,000000,14.26,14.26,14.26,14.26,9,0
RENW.US,D,20231003,000000,14.16,14.16,14.0809,14.0809,865,0
RENW.US,D,20231004,000000,14.12,14.12,14.09,14.1,232,0
RENW.US,D,20231005,000000,14.04,14.04,14.04,14.04,1,0
RENW.US,D,20231006,000000,14.18,14.18,14.1551,14.1551,400,0
RENW.US,D,20231009,000000,14.515,14.515,14.42,14.4392,573,0
RENW.US,D,20231010,000000,14.68,14.7083,14.68,14.7083,400,0
RENW.US,D,20231011,000000,14.55,14.55,14.46,14.52,2045,0
RENW.US,D,20231012,000000,14.865,14.865,14.865,14.865,1,0
RENW.US,D,20231013,000000,15.01,15.01,15.01,15.01,7,0
RENW.US,D,20231016,000000,14.82,14.82,14.69,14.69,884,0
RENW.US,D,20231017,000000,14.7116,14.7116,14.7116,14.7116,2,0
RENW.US,D,20231018,000000,14.755,14.755,14.755,14.755,2,0
RENW.US,D,20231019,000000,14.7903,14.7903,14.7903,14.7903,7,0
RENW.US,D,20231020,000000,14.62,14.62,14.62,14.62,2,0
RENW.US,D,20231023,000000,14.6397,14.6397,14.6397,14.6397,7,0
RENW.US,D,20231024,000000,14.54,14.54,14.54,14.54,2,0
RENW.US,D,20231025,000000,14.585,14.585,14.585,14.585,10,0
RENW.US,D,20231026,000000,14.5147,14.5147,14.5147,14.5147,5,0
RENW.US,D,20231027,000000,14.665,14.665,14.665,14.665,3,0
RENW.US,D,20231030,000000,14.57,14.57,14.5588,14.5588,500,0
RENW.US,D,20231031,000000,14.58,14.58,14.4478,14.4478,500,0
RENW.US,D,20231101,000000,14.45,14.46,14.3709,14.3709,903,0
RENW.US,D,20231102,000000,14.3701,14.42,14.3701,14.42,262,0
RENW.US,D,20231103,000000,14.36,14.36,14.36,14.36,1,0
RENW.US,D,20231106,000000,14.38,14.38,14.2,14.2436,2299,0
RENW.US,D,20231107,000000,14.0743,14.0743,14.0743,14.0743,1,0
RENW.US,D,20231108,000000,14,14.0592,13.94,14.0592,603,0
RENW.US,D,20231109,000000,14.03,14.135,14.03,14.135,3540,0
RENW.US,D,20231110,000000,13.88,13.94,13.86,13.9207,4269,0
RENW.US,D,20231113,000000,14.05,14.05,14,14.004,448,0
RENW.US,D,20231114,000000,14.08,14.14,14.04,14.1075,4210,0
RENW.US,D,20231115,000000,14.16,14.245,14.02,14.245,3483,0
RENW.US,D,20231116,000000,14.13,14.13,14.01,14.035,2202,0
RENW.US,D,20231117,000000,13.91,13.935,13.79,13.935,2219,0
RENW.US,D,20231120,000000,13.91,13.97,13.77,13.955,1713,0
RENW.US,D,20231121,000000,13.83,13.92,13.83,13.9,2564,0
RENW.US,D,20231122,000000,13.76,13.91,13.62,13.91,15275,0
RENW.US,D,20231124,000000,13.9,13.9,13.83,13.86,1400,0
RENW.US,D,20231127,000000,13.71,13.72,13.6,13.665,3100,0
RENW.US,D,20231128,000000,13.67,13.775,13.52,13.775,1316,0
RENW.US,D,20231129,000000,13.57,13.58,13.5383,13.5383,1204,0
RENW.US,D,20231130,000000,13.52,13.565,13.49,13.565,1435,0
RENW.US,D,20231201,000000,13.6,13.7096,13.57,13.7096,2377,0
RENW.US,D,20231204,000000,13.41,13.41,13.3216,13.3216,609,0
RENW.US,D,20231205,000000,13.14,13.15,13.0859,13.0859,1201,0
RENW.US,D,20231206,000000,13.09,13.22,13.0625,13.0714,1370,0
RENW.US,D,20231207,000000,13.07,13.1,13.07,13.0775,800,0
RENW.US,D,20231208,000000,13.08,13.08,13.0513,13.0513,107,0
RENW.US,D,20231211,000000,12.63,12.88,12.63,12.7824,2186,0
RENW.US,D,20231212,000000,12.62,12.6506,12.52,12.6506,8672,0
RENW.US,D,20231213,000000,12.68,12.8558,12.63,12.8558,3646,0
RENW.US,D,20231214,000000,12.92,12.95,12.9,12.9,1200,0
RENW.US,D,20231215,000000,12.98,12.98,12.98,12.98,31,0
RENW.US,D,20231218,000000,13.02,13.13,13.02,13.065,1810,0
RENW.US,D,20231219,000000,12.87,13,12.86,12.9551,1846,0
RENW.US,D,20231220,000000,13.04,13.0899,13,13.01,2605,0
RENW.US,D,20231221,000000,12.76,12.83,12.73,12.775,2226,0
RENW.US,D,20231222,000000,12.83,12.8315,12.83,12.8315,810,0
RENW.US,D,20231226,000000,12.95,12.96,12.9177,12.9177,763,0
RENW.US,D,20231227,000000,12.96,13.095,12.96,13.095,884,0
RENW.US,D,20231228,000000,13.02,13.02,12.95,12.95,946,0
RENW.US,D,20231229,000000,12.73,12.79,12.73,12.79,1041,0
RENW.US,D,20240102,000000,12.54,12.565,12.54,12.565,1083,0
RENW.US,D,20240103,000000,12.64,12.6627,12.64,12.6627,421,0
RENW.US,D,20240104,000000,12.54,12.71,12.49,12.665,1983,0
RENW.US,D,20240105,000000,12.65,12.68,12.64,12.67,2217,0
RENW.US,D,20240108,000000,12.45,12.5054,12.425,12.5054,1840,0
RENW.US,D,20240109,000000,12.38,12.44,12.37,12.44,1100,0
RENW.US,D,20240110,000000,12.3758,12.3758,12.3758,12.3758,89,0
RENW.US,D,20240111,000000,12.26,12.26,12.18,12.195,2111,0
RENW.US,D,20240112,000000,12.23,12.27,12.2,12.27,2100,0
RENW.US,D,20240116,000000,12,12.06,11.88,11.975,1546,0
RENW.US,D,20240117,000000,11.92,11.93,11.73,11.8133,3366,0
RENW.US,D,20240118,000000,11.77,11.8249,11.7,11.8249,2727,0
RENW.US,D,20240119,000000,11.82,11.9,11.75,11.8753,3507,0
RENW.US,D,20240122,000000,11.51,11.67,11.45,11.6322,10346,0
RENW.US,D,20240123,000000,11.7,11.76,11.7,11.72,2721,0
RENW.US,D,20240124,000000,11.96,12.005,11.89,12.005,2740,0
RENW.US,D,20240125,000000,11.86,11.89,11.85,11.89,1318,0
RENW.US,D,20240126,000000,11.81,11.95,11.81,11.8977,2784,0
RENW.US,D,20240129,000000,11.87,11.92,11.86,11.92,1771,0
RENW.US,D,20240130,000000,11.86,11.99,11.85,11.99,3292,0
RENW.US,D,20240131,000000,11.97,12.05,11.96,12.0404,1512,0
RENW.US,D,20240201,000000,11.82,11.88,11.8,11.88,1246,0
RENW.US,D,20240202,000000,11.59,11.8254,11.59,11.8254,2064,0
RENW.US,D,20240205,000000,11.64,11.65,11.63,11.65,1150,0
RENW.US,D,20240206,000000,11.67,11.705,11.66,11.705,1838,0
RENW.US,D,20240207,000000,11.58,11.6,11.5,11.59,2677,0
RENW.US,D,20240208,000000,11.48,11.52,11.39,11.515,1750,0
RENW.US,D,20240209,000000,11.36,11.36,11.3,11.33,1579,0
RENW.US,D,20240212,000000,11.25,11.37,11.2304,11.2304,4603,0
RENW.US,D,20240213,000000,11.14,11.22,11.12,11.135,4093,0
RENW.US,D,20240214,000000,11.09,11.16,11.08,11.095,1708,0
RENW.US,D,20240215,000000,11.23,11.23,11.15,11.1703,1983,0
RENW.US,D,20240216,000000,11.225,11.225,11.225,11.225,71,0
RENW.US,D,20240220,000000,11.1,11.12,11.0399,11.0399,1605,0
RENW.US,D,20240221,000000,11.15,11.2669,11.15,11.2669,1083,0
RENW.US,D,20240222,000000,11.156,11.156,11.156,11.156,35,0
RENW.US,D,20240223,000000,10.99,11.1197,10.94,11.1197,4180,0
RENW.US,D,20240226,000000,11.1,11.135,11.1,11.135,252,0
RENW.US,D,20240227,000000,11.22,11.305,11.22,11.305,820,0
RENW.US,D,20240228,000000,11.38,11.48,11.37,11.4725,1573,0
RENW.US,D,20240229,000000,11.435,11.435,11.435,11.435,15,0
RENW.US,D,20240301,000000,11.4051,11.4051,11.4051,11.4051,3,0
RENW.US,D,20240304,000000,11.58,11.665,11.58,11.665,429,0
RENW.US,D,20240305,000000,11.7251,11.7251,11.7251,11.7251,8,0
RENW.US,D,20240306,000000,11.7149,11.7149,11.7149,11.7149,195,0
RENW.US,D,20240307,000000,11.7509,11.7509,11.7509,11.7509,8,0
RENW.US,D,20240308,000000,11.715,11.715,11.715,11.715,303,0
RENW.US,D,20240311,000000,11.67,11.67,11.595,11.595,431,0
RENW.US,D,20240312,000000,11.635,11.635,11.635,11.635,1,0
RENW.US,D,20240313,000000,11.67,11.67,11.67,11.67,1,0
RENW.US,D,20240314,000000,11.835,11.835,11.835,11.835,11,0
RENW.US,D,20240315,000000,11.965,11.965,11.965,11.965,1,0
RENW.US,D,20240318,000000,12.095,12.095,12.095,12.095,147,0
RENW.US,D,20240319,000000,12.035,12.035,12.035,12.035,16,0
RENW.US,D,20240320,000000,11.945,11.945,11.945,11.945,3,0
RENW.US,D,20240321,000000,11.865,11.865,11.865,11.865,109,0
RENW.US,D,20240322,000000,11.875,11.875,11.875,11.875,21,0
RENW.US,D,20240325,000000,12.075,12.075,12.075,12.075,94,0
RENW.US,D,20240326,000000,11.925,11.925,11.925,11.925,15,0
RENW.US,D,20240327,000000,11.85,11.85,11.85,11.85,76,0
RENW.US,D,20240328,000000,11.905,11.905,11.905,11.905,76,0
RENW.US,D,20240401,000000,11.92,11.955,11.92,11.955,415,0
RENW.US,D,20240402,000000,11.97,11.97,11.915,11.915,126,0
RENW.US,D,20240403,000000,11.9935,11.9935,11.9935,11.9935,15,0
RENW.US,D,20240404,000000,12.015,12.015,12.015,12.015,15,0
RENW.US,D,20240405,000000,12.1799,12.19,12.1799,12.19,119,0
RENW.US,D,20240408,000000,12.3637,12.3637,12.3637,12.3637,15,0
RENW.US,D,20240409,000000,12.4758,12.4758,12.4758,12.4758,48,0
RENW.US,D,20240410,000000,12.47,12.47,12.41,12.41,387,0
RENW.US,D,20240411,000000,12.6467,12.6467,12.6467,12.6467,151,0
RENW.US,D,20240412,000000,12.8269,12.8269,12.8269,12.8269,196,0
RENW.US,D,20240415,000000,12.75,12.8611,12.75,12.8611,286,0
RENW.US,D,20240416,000000,13.07,13.07,13.07,13.07,183,0
RENW.US,D,20240417,000000,12.96,12.96,12.8509,12.8509,655,0
RENW.US,D,20240418,000000,12.995,12.995,12.995,12.995,40,0
RENW.US,D,20240419,000000,13.035,13.06,12.95,12.95,506,0
RENW.US,D,20240422,000000,12.775,12.775,12.775,12.775,170,0
RENW.US,D,20240423,000000,12.68,12.68,12.68,12.68,153,0
RENW.US,D,20240424,000000,12.665,12.665,12.665,12.665,93,0
RENW.US,D,20240425,000000,12.8,12.8,12.8,12.8,46,0
RENW.US,D,20240426,000000,12.72,12.72,12.72,12.72,25,0
RENW.US,D,20240429,000000,12.7,12.7,12.7,12.7,16,0
RENW.US,D,20240430,000000,12.725,12.725,12.725,12.725,69,0
RENW.US,D,20240501,000000,12.615,12.615,12.615,12.615,6,0
RENW.US,D,20240502,000000,12.75,12.97,12.6,12.935,7747,0
RENW.US,D,20240503,000000,12.92,12.92,12.895,12.895,416,0
RENW.US,D,20240506,000000,13.165,13.165,13.165,13.165,11,0
RENW.US,D,20240507,000000,13.065,13.065,13.065,13.065,2,0
RENW.US,D,20240508,000000,13.035,13.035,13.035,13.035,22,0
RENW.US,D,20240509,000000,13.18,13.18,13.18,13.18,1,0
RENW.US,D,20240510,000000,13.12,13.13,13.06,13.06,1200,0
RENW.US,D,20240513,000000,13.06,13.1614,13.06,13.1614,808,0
RENW.US,D,20240514,000000,13.125,13.125,13.105,13.105,157,0
RENW.US,D,20240515,000000,13.23,13.23,13.23,13.23,137,0
RENW.US,D,20240516,000000,13.385,13.385,13.385,13.385,6,0
RENW.US,D,20240517,000000,13.4,13.635,13.4,13.635,200,0
RENW.US,D,20240520,000000,13.92,13.9282,13.92,13.9282,251,0
RENW.US,D,20240521,000000,14.06,14.06,14.06,14.06,9,0
RENW.US,D,20240522,000000,14.0603,14.0603,14.0603,14.0603,9,0
RENW.US,D,20240523,000000,14.21,14.21,13.99,13.99,299,0
RENW.US,D,20240524,000000,13.87,13.87,13.87,13.87,68,0
RENW.US,D,20240528,000000,14.02,14.02,14.02,14.02,2,0
RENW.US,D,20240529,000000,14.02,14.039,13.98,13.98,1535,0
RENW.US,D,20240530,000000,13.9599,13.9599,13.9066,13.9066,100,0
RENW.US,D,20240531,000000,13.81,13.81,13.7134,13.7134,405,0
RENW.US,D,20240603,000000,13.89,13.89,13.89,13.89,100,0
RENW.US,D,20240604,000000,13.5158,13.5158,13.5158,13.5158,40,0
RENW.US,D,20240605,000000,13.455,13.455,13.455,13.455,2,0
RENW.US,D,20240606,000000,13.52,13.575,13.52,13.575,507,0
RENW.US,D,20240607,000000,13.3617,13.3617,13.3617,13.3617,82,0
RENW.US,D,20240610,000000,13.48,13.48,13.48,13.48,2,0
RENW.US,D,20240611,000000,13.44,13.44,13.44,13.44,81,0
RENW.US,D,20240612,000000,13.4901,13.515,13.4901,13.515,327,0
RENW.US,D,20240613,000000,13.4793,13.4793,13.4793,13.4793,25,0
RENW.US,D,20240614,000000,13.45,13.45,13.32,13.3584,2712,0
RENW.US,D,20240617,000000,13.21,13.218,13.21,13.218,118,0
RENW.US,D,20240618,000000,13.28,13.34,13.28,13.34,143,0
RENW.US,D,20240620,000000,13.39,13.39,13.37,13.37,405,0
RENW.US,D,20240621,000000,13.23,13.23,13.23,13.23,42,0
RENW.US,D,20240624,000000,13.21,13.285,13.21,13.285,501,0
RENW.US,D,20240625,000000,13.38,13.38,13.2,13.2,103,0
RENW.US,D,20240626,000000,13.24,13.24,13.1583,13.1583,998,0
RENW.US,D,20240627,000000,13.12,13.12,13.12,13.12,38,0
RENW.US,D,20240628,000000,13.17,13.17,13.17,13.17,8,0
RENW.US,D,20240701,000000,13.155,13.155,13.155,13.155,32,0
RENW.US,D,20240702,000000,13.25,13.25,13.25,13.25,28,0
RENW.US,D,20240703,000000,13.41,13.41,13.339,13.339,100,0
RENW.US,D,20240705,000000,13.3906,13.3906,13.3906,13.3906,1,0
RENW.US,D,20240708,000000,13.23,13.24,13.23,13.24,138,0
RENW.US,D,20240709,000000,13.16,13.16,13.04,13.04,541,0
RENW.US,D,20240710,000000,13.02,13.02,12.9083,12.9083,934,0
RENW.US,D,20240711,000000,12.9825,12.9825,12.98,12.98,101,0
RENW.US,D,20240712,000000,13.0403,13.0403,13.0403,13.0403,38,0
RENW.US,D,20240715,000000,12.895,12.895,12.895,12.895,2,0
RENW.US,D,20240716,000000,12.74,12.9699,12.74,12.9458,1680,0
RENW.US,D,20240717,000000,12.72,12.76,12.65,12.65,1771,0
RENW.US,D,20240718,000000,12.635,12.635,12.635,12.635,1,0
RENW.US,D,20240719,000000,12.5458,12.5458,12.5458,12.5458,1,0
RENW.US,D,20240722,000000,12.52,12.52,12.49,12.49,502,0
RENW.US,D,20240723,000000,12.4759,12.4759,12.4759,12.4759,68,0
RENW.US,D,20240724,000000,12.5343,12.5343,12.5343,12.5343,2,0
RENW.US,D,20240725,000000,12.44,12.44,12.3475,12.3475,483,0
RENW.US,D,20240726,000000,12.3573,12.3573,12.3573,12.3573,405,0
RENW.US,D,20240729,000000,12.4459,12.4459,12.4459,12.4459,2,0
RENW.US,D,20240730,000000,12.444,12.475,12.444,12.475,173,0
RENW.US,D,20240731,000000,12.695,12.695,12.695,12.695,1,0
RENW.US,D,20240801,000000,12.6871,12.6871,12.6871,12.6871,21,0
RENW.US,D,20240802,000000,12.6556,12.6556,12.6556,12.6556,1,0
RENW.US,D,20240805,000000,12.42,12.42,12.26,12.3654,1587,0
RENW.US,D,20240806,000000,12.42,12.51,12.42,12.51,535,0
RENW.US,D,20240807,000000,12.6184,12.6184,12.6184,12.6184,5,0
RENW.US,D,20240808,000000,12.7958,12.7958,12.7958,12.7958,7,0
RENW.US,D,20240809,000000,12.795,12.795,12.795,12.795,40,0
RENW.US,D,20240812,000000,12.9152,12.9152,12.9152,12.9152,28,0
RENW.US,D,20240813,000000,12.94,12.94,12.8002,12.8002,236,0
RENW.US,D,20240814,000000,12.97,12.97,12.77,12.77,680,0
RENW.US,D,20240815,000000,12.9052,12.9052,12.9052,12.9052,1,0
RENW.US,D,20240816,000000,12.88,12.9299,12.88,12.9299,614,0
RENW.US,D,20240819,000000,13.05,13.09,13.05,13.09,1504,0
RENW.US,D,20240820,000000,13.055,13.055,13.015,13.015,417,0
RENW.US,D,20240821,000000,13.18,13.18,12.975,12.975,502,0
RENW.US,D,20240822,000000,12.78,12.84,12.78,12.8292,784903,0
RENW.US,D,20240823,000000,12.83,12.9691,12.83,12.9691,1656,0
RENW.US,D,20240826,000000,13.04,13.04,12.965,12.965,815,0
RENW.US,D,20240827,000000,13.04,13.1234,13.04,13.1234,129,0
RENW.US,D,20240828,000000,12.9142,12.9142,12.9142,12.9142,54,0
RENW.US,D,20240829,000000,12.9635,12.9635,12.9635,12.9635,8,0
RENW.US,D,20240830,000000,12.875,12.875,12.875,12.875,2,0
RENW.US,D,20240903,000000,12.68,12.68,12.5534,12.5534,221,0
RENW.US,D,20240904,000000,12.32,12.52,12.32,12.3991,1017,0
RENW.US,D,20240905,000000,12.464,12.464,12.464,12.464,10,0
RENW.US,D,20240906,000000,12.3722,12.3722,12.3722,12.3722,23,0
RENW.US,D,20240909,000000,12.4834,12.4834,12.4834,12.4834,38,0
RENW.US,D,20240910,000000,12.3141,12.3141,12.3141,12.3141,40,0
RENW.US,D,20240911,000000,12.463,12.463,12.463,12.463,10,0
RENW.US,D,20240912,000000,12.5238,12.5238,12.5238,12.5238,53,0
RENW.US,D,20240913,000000,12.5784,12.5784,12.5784,12.5784,10,0
RENW.US,D,20240916,000000,12.5539,12.5539,12.5539,12.5539,1,0
RENW.US,D,20240917,000000,12.6392,12.6392,12.6392,12.6392,109,0
RENW.US,D,20240918,000000,12.66,12.66,12.5989,12.5989,103,0
RENW.US,D,20240919,000000,12.64,12.64,12.51,12.5248,2457,0
RENW.US,D,20240920,000000,12.53,12.6396,12.53,12.6396,610,0
RENW.US,D,20240923,000000,12.79,12.79,12.7442,12.7442,633,0
RENW.US,D,20240924,000000,12.9692,12.9692,12.9692,12.9692,8,0
RENW.US,D,20240925,000000,13.0332,13.0332,13.0332,13.0332,3,0
RENW.US,D,20240926,000000,13.18,13.18,13.1592,13.1592,291,0
RENW.US,D,20240927,000000,13.2233,13.2233,13.2233,13.2233,1,0
RENW.US,D,20240930,000000,13.18,13.25,13.1491,13.1491,733,0
RENW.US,D,20241001,000000,13.1983,13.1983,13.1983,13.1983,2,0
RENW.US,D,20241002,000000,13.37,13.37,13.2942,13.2942,612,0
RENW.US,D,20241003,000000,13.43,13.43,13.245,13.245,615,0
RENW.US,D,20241004,000000,13.43,13.43,13.3091,13.3091,501,0
RENW.US,D,20241007,000000,13.17,13.3033,13.17,13.3033,530,0
RENW.US,D,20241008,000000,12.82,12.98,12.82,12.8973,625,0
RENW.US,D,20241009,000000,12.8,12.8642,12.8,12.8642,158,0
RENW.US,D,20241010,000000,13.1224,13.1224,13.1224,13.1224,13,0
RENW.US,D,20241011,000000,13.28,13.28,13.1741,13.1741,1016,0
RENW.US,D,20241014,000000,13.1014,13.1014,13.1014,13.1014,83,0
RENW.US,D,20241015,000000,12.99,13.0125,12.99,13.0125,177,0
RENW.US,D,20241016,000000,13,13,12.83,12.87,1406,0
RENW.US,D,20241017,000000,12.9,12.9,12.8441,12.8441,505,0
RENW.US,D,20241018,000000,12.69,12.9777,12.69,12.9777,1025,0
RENW.US,D,20241021,000000,13.09,13.09,12.9,12.9,1459,0
RENW.US,D,20241022,000000,13.1583,13.1583,13.1583,13.1583,51,0
RENW.US,D,20241023,000000,13.13,13.2242,13.13,13.2242,530,0
RENW.US,D,20241024,000000,13.41,13.41,13.3883,13.3883,800,0
RENW.US,D,20241025,000000,13.34,13.4434,13.34,13.4434,502,0
RENW.US,D,20241028,000000,13.25,13.2877,13.25,13.2877,582,0
RENW.US,D,20241029,000000,13.3142,13.3142,13.3142,13.3142,10,0
RENW.US,D,20241030,000000,13.23,13.23,13.1354,13.1354,801,0
RENW.US,D,20241031,000000,12.8492,12.8492,12.8492,12.8492,96,0
RENW.US,D,20241101,000000,13.09,13.09,13.09,13.09,589,0
RENW.US,D,20241104,000000,13.0533,13.0533,13.0533,13.0533,181,0
RENW.US,D,20241105,000000,13.0341,13.0341,13.0341,13.0341,3,0
RENW.US,D,20241106,000000,12.84,12.8964,12.76,12.8964,1500,0
RENW.US,D,20241107,000000,13.01,13.2482,13.01,13.2482,403,0
RENW.US,D,20241108,000000,13.1503,13.1503,13.1503,13.1503,100,0
RENW.US,D,20241114,000000,13.13,13.13,13.085,13.085,406,0
RENW.US,D,20241115,000000,13.17,13.1891,13.17,13.1891,107,0
RENW.US,D,20241118,000000,13.36,13.409,13.36,13.409,100,0
RENW.US,D,20241120,000000,13.38,13.4041,13.38,13.4041,314,0
RENW.US,D,20241125,000000,13.49,13.5073,13.49,13.5073,434,0
RENW.US,D,20241126,000000,13.38,13.51,13.38,13.405,1201,0
RENW.US,D,20241204,000000,13.28,13.3042,13.28,13.3042,297,0
RENW.US,D,20241206,000000,13.19,13.29,13.19,13.2782,4200,0
RENW.US,D,20241209,000000,13.29,13.29,13.17,13.1737,9097,0
RENW.US,D,20241212,000000,13.15,13.2297,13.13,13.2297,5621,0
