<TICKER>,<PER>,<DATE>,<TIME>,<OPEN>,<HIGH>,<LOW>,<CLOSE>,<VOL>,<OPENINT>
RHCB.US,D,20220330,000000,50.3074,50.3074,50.3074,50.3074,2.0069406338,0
RHCB.US,D,20220331,000000,50.3144,50.3144,50.3144,50.3144,2.0069406338,0
RHCB.US,D,20220401,000000,50.3164,50.3164,50.3164,50.3164,1.0034703169,0
RHCB.US,D,20220404,000000,50.3951,50.4051,50.3881,50.3881,501.73515845,0
RHCB.US,D,20220405,000000,49.8666,49.8666,49.8666,49.8666,2.0069406338,0
RHCB.US,D,20220406,000000,49.5853,49.5853,49.5853,49.5853,1.0034703169,0
RHCB.US,D,20220407,000000,49.4357,49.4357,49.4357,49.4357,1.0034703169,0
RHCB.US,D,20220408,000000,49.0672,49.0672,49.0672,49.0672,1.0034703169,0
RHCB.US,D,20220411,000000,48.6441,48.6441,48.6441,48.6441,1.0034703169,0
RHCB.US,D,20220412,000000,48.7448,48.7448,48.7448,48.7448,1.0034703169,0
RHCB.US,D,20220413,000000,48.8202,48.8202,48.8202,48.8202,1.0034703169,0
RHCB.US,D,20220414,000000,48.4459,48.4459,48.4459,48.4459,1.0034703169,0
RHCB.US,D,20220418,000000,48.23,48.23,48.23,48.23,1.0034703169,0
RHCB.US,D,20220419,000000,47.9209,47.9209,47.9209,47.9209,1.0034703169,0
RHCB.US,D,20220420,000000,48.257,48.257,48.257,48.257,2.0069406338,0
RHCB.US,D,20220421,000000,47.9495,47.9495,47.9495,47.9495,1.0034703169,0
RHCB.US,D,20220422,000000,47.7407,47.7407,47.7407,47.7407,2.0069406338,0
RHCB.US,D,20220426,000000,48.1613,48.1613,48.1613,48.1613,1.0034703169,0
RHCB.US,D,20220427,000000,47.8981,47.8981,47.8981,47.8981,1.0034703169,0
RHCB.US,D,20220428,000000,47.7965,47.7965,47.7965,47.7965,1.0034703169,0
RHCB.US,D,20220429,000000,47.4716,47.4716,47.4716,47.4716,1.0034703169,0
RHCB.US,D,20220502,000000,47.0655,47.0655,47.0655,47.0655,1.0034703169,0
RHCB.US,D,20220503,000000,47.1994,47.1994,47.1994,47.1994,1.0034703169,0
RHCB.US,D,20220504,000000,47.4893,47.4893,47.4893,47.4893,1.0034703169,0
RHCB.US,D,20220505,000000,47.0582,47.0582,47.0582,47.0582,1.0034703169,0
RHCB.US,D,20220506,000000,46.7836,46.7836,46.7836,46.7836,1.0034703169,0
RHCB.US,D,20220509,000000,46.7951,46.7951,46.7951,46.7951,2.0069406338,0
RHCB.US,D,20220510,000000,46.9889,46.9889,46.9889,46.9889,1.0034703169,0
RHCB.US,D,20220511,000000,47.2154,47.2154,47.2154,47.2154,14.0485844366,0
RHCB.US,D,20220512,000000,47.2763,47.2763,47.2763,47.2763,14.0485844366,0
RHCB.US,D,20220513,000000,46.9924,46.9924,46.9924,46.9924,14.0485844366,0
RHCB.US,D,20220516,000000,47.007,47.007,47.007,47.007,14.0485844366,0
RHCB.US,D,20220517,000000,46.7957,46.7957,46.7957,46.7957,14.0485844366,0
RHCB.US,D,20220518,000000,46.8244,46.8244,46.8244,46.8244,14.0485844366,0
RHCB.US,D,20220519,000000,47.0245,47.0245,47.0245,47.0245,14.0485844366,0
RHCB.US,D,20220520,000000,47.2054,47.2054,47.2054,47.2054,14.0485844366,0
RHCB.US,D,20220523,000000,46.9832,46.9832,46.9832,46.9832,14.0485844366,0
RHCB.US,D,20220524,000000,47.364,47.364,47.364,47.364,14.0485844366,0
RHCB.US,D,20220525,000000,47.6795,47.6795,47.6795,47.6795,14.0485844366,0
RHCB.US,D,20220526,000000,47.8141,47.8141,47.8141,47.8141,14.0485844366,0
RHCB.US,D,20220527,000000,48.0338,48.0383,48.0338,48.0383,115.3990864435,0
RHCB.US,D,20220531,000000,47.6002,47.6002,47.6002,47.6002,14.0485844366,0
RHCB.US,D,20220601,000000,47.476,47.476,47.476,47.476,123.4268489787,0
RHCB.US,D,20220602,000000,47.5655,47.5655,47.5655,47.5655,14.0485844366,0
RHCB.US,D,20220603,000000,47.3357,47.3672,47.3357,47.3672,215.7461181335,0
RHCB.US,D,20220606,000000,47.1686,47.1686,47.1686,47.1686,1.0034703169,0
RHCB.US,D,20220607,000000,47.3258,47.3258,47.3258,47.3258,14.0485844366,0
RHCB.US,D,20220608,000000,47.1155,47.1155,47.1155,47.1155,2.0069406338,0
RHCB.US,D,20220609,000000,46.9919,46.9919,46.9919,46.9919,20.069406338,0
RHCB.US,D,20220610,000000,46.6056,46.6056,46.6056,46.6056,5.0173515845,0
RHCB.US,D,20220613,000000,45.6554,45.6554,45.6554,45.6554,1.0034703169,0
RHCB.US,D,20220614,000000,45.4477,45.4477,45.4477,45.4477,1.0034703169,0
RHCB.US,D,20220615,000000,45.9793,45.9793,45.9793,45.9793,1.0034703169,0
RHCB.US,D,20220616,000000,45.9366,45.9366,45.9366,45.9366,1.0034703169,0
RHCB.US,D,20220617,000000,45.9854,45.9854,45.9854,45.9854,1.0034703169,0
RHCB.US,D,20220621,000000,45.7712,45.7712,45.7712,45.7712,1.0034703169,0
RHCB.US,D,20220622,000000,46.1026,46.1026,46.1026,46.1026,1.0034703169,0
RHCB.US,D,20220623,000000,46.2699,46.2699,46.2699,46.2699,1.0034703169,0
RHCB.US,D,20220624,000000,46.2047,46.2047,46.2047,46.2047,1.0034703169,0
RHCB.US,D,20220627,000000,45.8858,45.8858,45.8858,45.8858,1.0034703169,0
RHCB.US,D,20220628,000000,45.8909,45.8909,45.8909,45.8909,2.0069406338,0
RHCB.US,D,20220629,000000,46.1428,46.1428,46.1428,46.1428,2.0069406338,0
RHCB.US,D,20220630,000000,46.3033,46.3033,46.3033,46.3033,2.0069406338,0
RHCB.US,D,20220701,000000,46.4801,46.4801,46.4801,46.4801,2.0069406338,0
RHCB.US,D,20220705,000000,46.5202,46.5202,46.5202,46.5202,2.0069406338,0
RHCB.US,D,20220706,000000,46.2095,46.2095,46.2095,46.2095,2.0069406338,0
RHCB.US,D,20220707,000000,46.2445,46.2445,46.2445,46.2445,2.0069406338,0
RHCB.US,D,20220708,000000,46.1459,46.1459,46.1459,46.1459,6.0208219014,0
RHCB.US,D,20220711,000000,46.3387,46.3387,46.3387,46.3387,1.0034703169,0
RHCB.US,D,20220712,000000,46.493,46.493,46.493,46.493,1.0034703169,0
RHCB.US,D,20220713,000000,46.5744,46.5744,46.5744,46.5744,1.0034703169,0
RHCB.US,D,20220714,000000,46.4382,46.4382,46.4382,46.4382,1.0034703169,0
RHCB.US,D,20220715,000000,46.5634,46.5634,46.5634,46.5634,1.0034703169,0
RHCB.US,D,20220718,000000,46.4189,46.4189,46.4189,46.4189,1.0034703169,0
RHCB.US,D,20220719,000000,46.4969,46.4969,46.4969,46.4969,1.0034703169,0
RHCB.US,D,20220720,000000,46.4787,46.4787,46.4787,46.4787,1.0034703169,0
RHCB.US,D,20220721,000000,46.9233,46.9233,46.9233,46.9233,1.0034703169,0
RHCB.US,D,20220722,000000,47.2918,47.2918,47.2918,47.2918,1.0034703169,0
RHCB.US,D,20220725,000000,47.0731,47.0731,47.0731,47.0731,10.034703169,0
RHCB.US,D,20220726,000000,47.0298,47.0298,47.0298,47.0298,11.0381734859,0
RHCB.US,D,20220727,000000,47.1724,47.1724,47.1724,47.1724,1.0034703169,0
RHCB.US,D,20220728,000000,47.5121,47.5121,47.5121,47.5121,1.0034703169,0
RHCB.US,D,20220729,000000,47.6154,47.6154,47.6154,47.6154,10.034703169,0
RHCB.US,D,20220801,000000,47.8367,47.8367,47.8367,47.8367,1.0034703169,0
RHCB.US,D,20220802,000000,47.3656,47.3656,47.3656,47.3656,17.0589953873,0
RHCB.US,D,20220803,000000,47.6578,47.6578,47.6578,47.6578,6.0208219014,0
RHCB.US,D,20220804,000000,47.7484,47.7484,47.7484,47.7484,6.0208219014,0
RHCB.US,D,20220805,000000,47.226,47.226,47.226,47.226,6.0208219014,0
RHCB.US,D,20220808,000000,47.4225,47.4225,47.4225,47.4225,32.1110501408,0
RHCB.US,D,20220809,000000,47.3009,47.3009,47.3009,47.3009,1.0034703169,0
RHCB.US,D,20220810,000000,47.5364,47.5364,47.5364,47.5364,1.0034703169,0
RHCB.US,D,20220811,000000,47.1992,47.1992,47.1992,47.1992,1.0034703169,0
RHCB.US,D,20220812,000000,47.554,47.554,47.554,47.554,1.0034703169,0
RHCB.US,D,20220815,000000,47.6607,47.6607,47.6607,47.6607,1.0034703169,0
RHCB.US,D,20220816,000000,47.5651,47.5651,47.5651,47.5651,1.0034703169,0
RHCB.US,D,20220817,000000,47.2537,47.2537,47.2537,47.2537,1.0034703169,0
RHCB.US,D,20220818,000000,47.3443,47.3443,47.3443,47.3443,1.0034703169,0
RHCB.US,D,20220819,000000,46.9122,46.9122,46.9122,46.9122,1.0034703169,0
RHCB.US,D,20220822,000000,46.5692,46.5692,46.5692,46.5692,1.0034703169,0
RHCB.US,D,20220823,000000,46.5517,46.5517,46.5517,46.5517,1.0034703169,0
RHCB.US,D,20220824,000000,46.4556,46.4556,46.4556,46.4556,1.0034703169,0
RHCB.US,D,20220825,000000,46.8128,46.8128,46.8128,46.8128,1.0034703169,0
RHCB.US,D,20220826,000000,46.6859,46.6859,46.6859,46.6859,1.0034703169,0
RHCB.US,D,20220829,000000,46.4162,46.4162,46.4162,46.4162,1.0034703169,0
RHCB.US,D,20220830,000000,46.41,46.41,46.41,46.41,1.0034703169,0
RHCB.US,D,20220831,000000,46.1053,46.1053,46.1053,46.1053,1.0034703169,0
RHCB.US,D,20220901,000000,45.81,45.81,45.81,45.81,1,0
RHCB.US,D,20220902,000000,45.9931,45.9931,45.9931,45.9931,1,0
RHCB.US,D,20220906,000000,45.4809,45.4809,45.4809,45.4809,1,0
RHCB.US,D,20220907,000000,45.8379,45.8379,45.8379,45.8379,1,0
RHCB.US,D,20220908,000000,45.767,45.767,45.767,45.767,1,0
RHCB.US,D,20220909,000000,45.8632,45.8632,45.8632,45.8632,2,0
RHCB.US,D,20220912,000000,45.78,45.78,45.78,45.78,1,0
RHCB.US,D,20220913,000000,47.5,47.5,45.4758,45.4758,1,0
RHCB.US,D,20220914,000000,45.6182,45.6182,45.6182,45.6182,1,0
RHCB.US,D,20220915,000000,45.4964,45.4964,45.4964,45.4964,1,0
RHCB.US,D,20220916,000000,45.3724,45.3724,45.3724,45.3724,1,0
RHCB.US,D,20220919,000000,45.3338,45.3338,45.3338,45.3338,1,0
RHCB.US,D,20220920,000000,45.0652,45.0652,45.0652,45.0652,2,0
RHCB.US,D,20220921,000000,45.2222,45.2222,45.2222,45.2222,1,0
RHCB.US,D,20220922,000000,44.7102,44.7102,44.7102,44.7102,1,0
RHCB.US,D,20220923,000000,44.4601,44.5973,44.4601,44.5973,350,0
RHCB.US,D,20220926,000000,44.0021,44.0021,44.0021,44.0021,1,0
RHCB.US,D,20220927,000000,43.525,43.525,43.525,43.525,30,0
RHCB.US,D,20220928,000000,44.1005,44.1005,44.1005,44.1005,30,0
RHCB.US,D,20220929,000000,43.7644,43.7644,43.7644,43.7644,30,0
RHCB.US,D,20220930,000000,43.7225,43.7225,43.7225,43.7225,1,0
RHCB.US,D,20221003,000000,44.0806,44.0806,44.0806,44.0806,30,0
RHCB.US,D,20221004,000000,44.3532,44.3532,44.3532,44.3532,30,0
RHCB.US,D,20221005,000000,44.006,44.006,44.006,44.006,7,0
RHCB.US,D,20221006,000000,43.942,43.942,43.942,43.942,7,0
RHCB.US,D,20221007,000000,43.6832,43.6832,43.6832,43.6832,7,0
RHCB.US,D,20221010,000000,43.4795,43.4795,43.4795,43.4795,1,0
RHCB.US,D,20221011,000000,43.3192,43.3192,43.3192,43.3192,1,0
RHCB.US,D,20221012,000000,43.3094,43.3094,43.3094,43.3094,1,0
RHCB.US,D,20221013,000000,43.2346,43.2346,43.2346,43.2346,1,0
RHCB.US,D,20221014,000000,43.0218,43.0218,43.0218,43.0218,1,0
RHCB.US,D,20221017,000000,43.0871,43.0871,43.0871,43.0871,1,0
RHCB.US,D,20221018,000000,43.1488,43.1488,43.1488,43.1488,1,0
RHCB.US,D,20221019,000000,42.8127,42.8127,42.8127,42.8127,1,0
RHCB.US,D,20221020,000000,42.5404,42.5404,42.5404,42.5404,2,0
RHCB.US,D,20221021,000000,42.5828,42.5828,42.5828,42.5828,1,0
RHCB.US,D,20221024,000000,42.5305,42.5305,42.5305,42.5305,1,0
RHCB.US,D,20221025,000000,42.975,42.975,42.975,42.975,1,0
RHCB.US,D,20221026,000000,43.1165,43.1165,43.1165,43.1165,2,0
RHCB.US,D,20221027,000000,43.31,43.31,43.31,43.31,1,0
RHCB.US,D,20221028,000000,43.29,43.29,43.29,43.29,1,0
RHCB.US,D,20221031,000000,43.106,43.106,43.106,43.106,1,0
RHCB.US,D,20221101,000000,43.1804,43.1804,43.1804,43.1804,1,0
RHCB.US,D,20221102,000000,43.126,43.126,43.126,43.126,1,0
RHCB.US,D,20221103,000000,42.9536,42.9536,42.9536,42.9536,1,0
RHCB.US,D,20221104,000000,43.015,43.015,43.015,43.015,1,0
RHCB.US,D,20221107,000000,42.895,42.895,42.895,42.895,1,0
RHCB.US,D,20221108,000000,43.0942,43.0942,43.0942,43.0942,1,0
RHCB.US,D,20221109,000000,43.0502,43.0502,43.0502,43.0502,8,0
RHCB.US,D,20221110,000000,44.0767,44.0767,44.0767,44.0767,1,0
RHCB.US,D,20221111,000000,44.1405,44.1405,44.1405,44.1405,1,0
RHCB.US,D,20221114,000000,44.0286,44.0286,44.0286,44.0286,1,0
RHCB.US,D,20221115,000000,44.5,44.5,44.5,44.5,1,0
RHCB.US,D,20221116,000000,44.7968,44.7968,44.7968,44.7968,1,0
RHCB.US,D,20221117,000000,44.6171,44.6171,44.6171,44.6171,1,0
RHCB.US,D,20221118,000000,44.6077,44.6077,44.6077,44.6077,1,0
RHCB.US,D,20221121,000000,44.6323,44.6323,44.6323,44.6323,1,0
RHCB.US,D,20221122,000000,44.831,44.9254,44.831,44.9254,1000,0
RHCB.US,D,20221123,000000,45.2281,45.2281,45.2281,45.2281,1,0
RHCB.US,D,20221125,000000,45.2631,45.2631,45.2631,45.2631,1,0
RHCB.US,D,20221128,000000,45.1498,45.1498,45.1498,45.1498,1,0
RHCB.US,D,20221129,000000,45.05,45.06,44.9872,44.9872,901,0
RHCB.US,D,20221130,000000,45.2433,45.2433,45.2433,45.2433,1,0
RHCB.US,D,20221201,000000,45.6938,45.6938,45.6938,45.6938,1,0
RHCB.US,D,20221202,000000,45.8406,45.8406,45.8406,45.8406,1,0
RHCB.US,D,20221205,000000,45.5329,45.5329,45.5329,45.5329,1,0
RHCB.US,D,20221206,000000,45.7547,45.7547,45.7547,45.7547,1,0
RHCB.US,D,20221207,000000,46.0875,46.0875,46.0875,46.0875,6,0
RHCB.US,D,20221208,000000,46.05,46.05,46.05,46.05,1,0
RHCB.US,D,20221209,000000,45.7315,45.7315,45.7315,45.7315,1,0
RHCB.US,D,20221212,000000,45.7396,45.7396,45.7396,45.7396,1,0
RHCB.US,D,20221213,000000,46.0771,46.0771,46.0771,46.0771,2,0
RHCB.US,D,20221214,000000,46.0977,46.0977,46.0977,46.0977,1,0
RHCB.US,D,20221215,000000,46.131,46.131,46.131,46.131,1,0
RHCB.US,D,20221216,000000,46.0105,46.0105,46.0105,46.0105,1,0
RHCB.US,D,20221219,000000,45.6493,45.6493,45.6493,45.6493,1,0
RHCB.US,D,20221220,000000,45.287,45.287,45.287,45.287,1,0
RHCB.US,D,20221221,000000,45.4635,45.4635,45.4635,45.4635,1,0
RHCB.US,D,20221222,000000,45.4654,45.4654,45.4654,45.4654,1,0
RHCB.US,D,20221223,000000,45.3089,45.3089,45.3089,45.3089,1,0
RHCB.US,D,20221227,000000,45.01,45.01,44.9433,44.9433,250,0
RHCB.US,D,20221228,000000,44.4772,44.4772,44.4772,44.4772,1,0
RHCB.US,D,20221229,000000,44.685,44.685,44.685,44.685,1,0
RHCB.US,D,20221230,000000,44.5079,44.5079,44.5079,44.5079,5,0
RHCB.US,D,20230103,000000,44.7347,44.7347,44.7347,44.7347,1,0
RHCB.US,D,20230104,000000,44.9753,44.9753,44.9753,44.9753,1,0
RHCB.US,D,20230105,000000,44.945,44.945,44.945,44.945,3,0
RHCB.US,D,20230106,000000,45.4986,45.4986,45.4986,45.4986,1,0
RHCB.US,D,20230109,000000,45.6161,45.6161,45.6161,45.6161,1,0
RHCB.US,D,20230110,000000,45.47,45.47,45.47,45.47,1,0
RHCB.US,D,20230111,000000,45.8107,45.8107,45.8107,45.8107,3,0
RHCB.US,D,20230112,000000,46.1884,46.1884,46.1884,46.1884,1,0
RHCB.US,D,20230113,000000,46.0606,46.0606,46.0606,46.0606,1,0
RHCB.US,D,20230117,000000,45.9,46.022,45.9,46.022,1006,0
RHCB.US,D,20230118,000000,46.4992,46.4992,46.4992,46.4992,2,0
RHCB.US,D,20230119,000000,46.3421,46.3421,46.3421,46.3421,6,0
RHCB.US,D,20230120,000000,46.1304,46.1304,46.1304,46.1304,6,0
RHCB.US,D,20230123,000000,46.055,46.055,46.055,46.055,6,0
RHCB.US,D,20230124,000000,46.2821,46.2821,46.2821,46.2821,6,0
RHCB.US,D,20230125,000000,46.3055,46.3055,46.3055,46.3055,6,0
RHCB.US,D,20230126,000000,46.3083,46.3083,46.3083,46.3083,6,0
RHCB.US,D,20230127,000000,46.2377,46.2377,46.2377,46.2377,6,0
RHCB.US,D,20230130,000000,46.1191,46.1191,46.1191,46.1191,6,0
RHCB.US,D,20230131,000000,46.3288,46.3288,46.3288,46.3288,6,0
RHCB.US,D,20230201,000000,46.72,46.72,46.72,46.72,6,0
RHCB.US,D,20230202,000000,46.8519,46.8519,46.8519,46.8519,6,0
RHCB.US,D,20230203,000000,46.3972,46.3972,46.3972,46.3972,6,0
RHCB.US,D,20230206,000000,46.1375,46.1375,46.1375,46.1375,6,0
RHCB.US,D,20230207,000000,46.0434,46.0434,46.0434,46.0434,6,0
RHCB.US,D,20230208,000000,46.0564,46.0564,46.0564,46.0564,6,0
RHCB.US,D,20230209,000000,45.835,45.835,45.835,45.835,6,0
RHCB.US,D,20230210,000000,45.5581,45.5581,45.5581,45.5581,6,0
RHCB.US,D,20230213,000000,45.646,45.646,45.646,45.646,6,0
RHCB.US,D,20230214,000000,45.9,45.9,45.5608,45.5608,6,0
RHCB.US,D,20230215,000000,45.4281,45.4281,45.4281,45.4281,6,0
RHCB.US,D,20230216,000000,45.2108,45.2108,45.2108,45.2108,6,0
RHCB.US,D,20230217,000000,45.2909,45.2909,45.2909,45.2909,6,0
RHCB.US,D,20230221,000000,44.7938,44.7938,44.7938,44.7938,6,0
RHCB.US,D,20230222,000000,44.9399,44.9399,44.9399,44.9399,6,0
RHCB.US,D,20230223,000000,45.1314,45.1314,45.1314,45.1314,6,0
RHCB.US,D,20230224,000000,44.909,44.91,44.865,44.865,300,0
RHCB.US,D,20230227,000000,44.9119,44.9119,44.9119,44.9119,6,0
RHCB.US,D,20230228,000000,44.9123,44.9123,44.9123,44.9123,6,0
RHCB.US,D,20230301,000000,44.909,44.909,44.5943,44.5943,6,0
RHCB.US,D,20230302,000000,44.54,44.54,44.5031,44.5031,114,0
RHCB.US,D,20230303,000000,44.69,44.9277,44.69,44.9277,258,0
RHCB.US,D,20230306,000000,44.9034,44.9034,44.9034,44.9034,6,0
RHCB.US,D,20230307,000000,44.8239,44.8239,44.8239,44.8239,3,0
RHCB.US,D,20230308,000000,44.99,44.99,44.7567,44.7567,268,0
RHCB.US,D,20230309,000000,44.81,44.81,44.7961,44.7961,192,0
RHCB.US,D,20230310,000000,45.195,45.25,45.195,45.2465,421,0
RHCB.US,D,20230313,000000,45.195,45.2879,45.195,45.2879,6,0
RHCB.US,D,20230314,000000,45.22,45.22,45.0974,45.0974,115,0
RHCB.US,D,20230315,000000,45.2055,45.2055,45.2055,45.2055,2,0
RHCB.US,D,20230316,000000,45.0637,45.0637,45.0637,45.0637,61,0
RHCB.US,D,20230317,000000,45.4307,45.4307,45.4307,45.4307,102,0
RHCB.US,D,20230320,000000,45.3194,45.3194,45.3194,45.3194,14,0
RHCB.US,D,20230321,000000,45.3906,45.3906,45.3906,45.3906,61,0
RHCB.US,D,20230322,000000,45.803,45.803,45.803,45.803,61,0
RHCB.US,D,20230323,000000,45.8575,45.8575,45.8575,45.8575,1,0
RHCB.US,D,20230324,000000,45.8496,45.8496,45.8496,45.8496,1,0
RHCB.US,D,20230327,000000,45.4796,45.4796,45.4796,45.4796,2,0
RHCB.US,D,20230328,000000,45.4371,45.4371,45.4371,45.4371,1,0
RHCB.US,D,20230329,000000,45.5216,45.5216,45.5216,45.5216,1,0
RHCB.US,D,20230330,000000,45.7015,45.7015,45.7015,45.7015,1,0
RHCB.US,D,20230331,000000,46.0618,46.0618,46.0618,46.0618,1,0
RHCB.US,D,20230403,000000,46.0728,46.0728,46.0728,46.0728,1,0
RHCB.US,D,20230404,000000,46.2083,46.2083,46.2083,46.2083,20,0
RHCB.US,D,20230405,000000,46.325,46.325,46.325,46.325,1,0
RHCB.US,D,20230406,000000,46.3551,46.3551,46.3551,46.3551,1,0
RHCB.US,D,20230410,000000,46.0433,46.0433,46.0433,46.0433,1,0
RHCB.US,D,20230411,000000,46.0566,46.0566,46.0566,46.0566,28,0
RHCB.US,D,20230412,000000,46.0928,46.0928,46.0928,46.0928,1,0
RHCB.US,D,20230413,000000,46.1115,46.1115,46.1115,46.1115,1,0
RHCB.US,D,20230414,000000,45.954,45.954,45.954,45.954,1,0
RHCB.US,D,20230417,000000,45.7524,45.7524,45.7524,45.7524,1,0
RHCB.US,D,20230418,000000,45.8648,45.8648,45.8648,45.8648,4,0
RHCB.US,D,20230419,000000,45.74,45.74,45.74,45.74,1,0
RHCB.US,D,20230420,000000,45.8659,45.8659,45.8659,45.8659,1,0
RHCB.US,D,20230421,000000,45.8464,45.8464,45.8464,45.8464,1,0
RHCB.US,D,20230424,000000,46.0079,46.0079,46.0079,46.0079,1,0
RHCB.US,D,20230425,000000,46.2871,46.2871,46.2871,46.2871,1,0
RHCB.US,D,20230426,000000,46.086,46.086,46.086,46.086,12,0
RHCB.US,D,20230427,000000,45.9324,45.9324,45.9324,45.9324,5,0
RHCB.US,D,20230428,000000,46.2013,46.2013,46.2013,46.2013,10,0
RHCB.US,D,20230501,000000,45.4942,45.4942,45.4942,45.4942,16,0
RHCB.US,D,20230502,000000,45.8725,45.8725,45.8725,45.8725,1,0
RHCB.US,D,20230503,000000,45.9946,45.9946,45.9946,45.9946,17,0
RHCB.US,D,20230504,000000,45.9062,45.9062,45.9062,45.9062,17,0
RHCB.US,D,20230505,000000,45.78,45.78,45.78,45.78,1,0
RHCB.US,D,20230508,000000,45.5321,45.5321,45.5321,45.5321,2,0
RHCB.US,D,20230509,000000,45.4847,45.4847,45.4847,45.4847,1,0
RHCB.US,D,20230510,000000,45.7543,45.7543,45.7543,45.7543,1,0
RHCB.US,D,20230511,000000,45.8951,45.8951,45.8951,45.8951,1,0
RHCB.US,D,20230512,000000,45.7024,45.7024,45.7024,45.7024,1,0
RHCB.US,D,20230515,000000,45.5268,45.5268,45.5268,45.5268,1,0
RHCB.US,D,20230516,000000,45.3444,45.3444,45.3444,45.3444,1,0
RHCB.US,D,20230517,000000,45.327,45.327,45.327,45.327,1,0
RHCB.US,D,20230518,000000,45.1713,45.1713,45.1713,45.1713,1,0
RHCB.US,D,20230519,000000,45.1096,45.1096,45.1096,45.1096,1,0
RHCB.US,D,20230522,000000,45.1039,45.1039,45.1039,45.1039,2,0
RHCB.US,D,20230523,000000,45.1635,45.1635,45.1635,45.1635,1,0
RHCB.US,D,20230524,000000,45.0528,45.0528,45.0528,45.0528,1,0
RHCB.US,D,20230525,000000,44.9029,44.9029,44.9029,44.9029,1,0
RHCB.US,D,20230526,000000,45.0364,45.0364,45.0364,45.0364,1,0
RHCB.US,D,20230530,000000,45.3116,45.3116,45.3116,45.3116,1,0
RHCB.US,D,20230531,000000,45.4508,45.4508,45.4508,45.4508,1,0
RHCB.US,D,20230601,000000,45.4118,45.4118,45.4118,45.4118,6,0
RHCB.US,D,20230602,000000,45.2996,45.2996,45.2996,45.2996,6,0
RHCB.US,D,20230605,000000,45.2817,45.2817,45.2817,45.2817,6,0
RHCB.US,D,20230606,000000,45.2952,45.2952,45.2952,45.2952,6,0
RHCB.US,D,20230607,000000,45.0526,45.0526,45.0526,45.0526,1,0
RHCB.US,D,20230608,000000,45.22,45.22,45.22,45.22,1,0
RHCB.US,D,20230609,000000,45.1523,45.1523,45.1523,45.1523,1,0
RHCB.US,D,20230612,000000,45.2085,45.2085,45.2085,45.2085,1,0
RHCB.US,D,20230613,000000,45.0558,45.0558,45.0558,45.0558,1,0
RHCB.US,D,20230614,000000,45.1421,45.1421,45.1421,45.1421,1,0
RHCB.US,D,20230615,000000,45.4197,45.4197,45.4197,45.4197,1,0
RHCB.US,D,20230616,000000,45.3787,45.3787,45.3787,45.3787,1,0
RHCB.US,D,20230620,000000,45.5058,45.5058,45.5058,45.5058,1,0
RHCB.US,D,20230621,000000,45.5103,45.5103,45.5103,45.5103,2,0
RHCB.US,D,20230622,000000,45.3369,45.3369,45.3369,45.3369,1,0
RHCB.US,D,20230623,000000,45.44,45.44,45.4235,45.4235,570,0
RHCB.US,D,20230626,000000,45.4529,45.4529,45.4529,45.4529,1,0
RHCB.US,D,20230627,000000,45.4008,45.4008,45.4008,45.4008,39,0
RHCB.US,D,20230628,000000,45.5268,45.5268,45.5268,45.5268,1,0
RHCB.US,D,20230629,000000,45.2599,45.2599,45.2599,45.2599,1,0
RHCB.US,D,20230630,000000,45.4724,45.4724,45.4724,45.4724,1,0
RHCB.US,D,20230703,000000,45.2993,45.2993,45.2993,45.2993,1,0
RHCB.US,D,20230705,000000,45.0242,45.0242,45.0242,45.0242,7,0
RHCB.US,D,20230706,000000,44.712,44.712,44.712,44.712,3,0
RHCB.US,D,20230707,000000,44.6846,44.6846,44.6846,44.6846,7,0
RHCB.US,D,20230710,000000,44.8363,44.8363,44.8363,44.8363,1,0
RHCB.US,D,20230711,000000,44.9537,44.9537,44.9537,44.9537,2,0
RHCB.US,D,20230712,000000,45.3302,45.3302,45.3302,45.3302,3,0
RHCB.US,D,20230713,000000,45.6228,45.6228,45.6228,45.6228,3,0
RHCB.US,D,20230714,000000,45.398,45.398,45.398,45.398,13,0
RHCB.US,D,20230717,000000,45.4237,45.4237,45.4237,45.4237,3,0
RHCB.US,D,20230718,000000,45.5129,45.5129,45.5129,45.5129,3,0
RHCB.US,D,20230719,000000,45.6851,45.6851,45.6851,45.6851,3,0
RHCB.US,D,20230720,000000,45.4503,45.4503,45.4503,45.4503,12,0
RHCB.US,D,20230721,000000,45.5171,45.5171,45.5171,45.5171,12,0
RHCB.US,D,20230724,000000,45.4793,45.4793,45.4793,45.4793,50,0
RHCB.US,D,20230725,000000,45.4373,45.4373,45.4373,45.4373,12,0
RHCB.US,D,20230726,000000,45.5474,45.5474,45.5474,45.5474,12,0
RHCB.US,D,20230727,000000,45.2295,45.2295,45.2295,45.2295,31,0
RHCB.US,D,20230728,000000,45.3774,45.3774,45.3774,45.3774,24,0
RHCB.US,D,20230731,000000,45.4766,45.4766,45.4766,45.4766,24,0
RHCB.US,D,20230801,000000,44.9352,44.9352,44.9352,44.9352,12,0
RHCB.US,D,20230802,000000,44.8,44.8,44.66,44.68,420,0
RHCB.US,D,20230803,000000,44.3809,44.3809,44.3809,44.3809,12,0
RHCB.US,D,20230804,000000,44.7245,44.7245,44.7245,44.7245,12,0
RHCB.US,D,20230807,000000,44.6396,44.6396,44.6396,44.6396,1,0
RHCB.US,D,20230808,000000,44.77,44.77,44.77,44.77,34,0
RHCB.US,D,20230809,000000,44.8117,44.8117,44.8117,44.8117,1,0
RHCB.US,D,20230810,000000,44.5742,44.5742,44.5742,44.5742,1,0
RHCB.US,D,20230811,000000,44.4435,44.4435,44.4435,44.4435,3,0
RHCB.US,D,20230814,000000,44.4,44.4,44.4,44.4,30,0
RHCB.US,D,20230815,000000,44.2763,44.2763,44.2763,44.2763,30,0
RHCB.US,D,20230816,000000,44.1003,44.1003,44.1003,44.1003,3,0
RHCB.US,D,20230817,000000,44.005,44.005,44.005,44.005,1,0
RHCB.US,D,20230818,000000,44.1193,44.1193,44.1193,44.1193,30,0
RHCB.US,D,20230821,000000,43.9001,43.9001,43.9001,43.9001,30,0
RHCB.US,D,20230822,000000,43.9751,43.9751,43.9751,43.9751,30,0
RHCB.US,D,20230823,000000,44.416,44.416,44.416,44.416,5,0
RHCB.US,D,20230824,000000,44.3658,44.3658,44.3658,44.3658,1,0
RHCB.US,D,20230825,000000,44.372,44.372,44.372,44.372,5,0
RHCB.US,D,20230828,000000,44.4653,44.4653,44.4653,44.4653,5,0
RHCB.US,D,20230829,000000,44.72,44.72,44.72,44.72,1,0
RHCB.US,D,20230830,000000,44.7053,44.7053,44.7053,44.7053,5,0
RHCB.US,D,20230831,000000,44.8196,44.8196,44.8196,44.8196,5,0
RHCB.US,D,20230901,000000,44.4314,44.4314,44.4314,44.4314,7,0
RHCB.US,D,20230905,000000,44.1847,44.1847,44.1847,44.1847,1,0
RHCB.US,D,20230906,000000,44.0803,44.0803,44.0803,44.0803,1,0
RHCB.US,D,20230907,000000,44.2252,44.2252,44.2252,44.2252,1,0
RHCB.US,D,20230908,000000,44.285,44.285,44.285,44.285,8,0
RHCB.US,D,20230911,000000,44.2331,44.2331,44.2331,44.2331,3,0
RHCB.US,D,20230912,000000,44.22,44.22,44.22,44.22,1,0
RHCB.US,D,20230913,000000,44.285,44.285,44.285,44.285,1,0
RHCB.US,D,20230914,000000,44.2485,44.2485,44.2485,44.2485,1,0
RHCB.US,D,20230915,000000,44.16,44.16,44.16,44.16,1,0
RHCB.US,D,20230918,000000,44.2108,44.2108,44.2108,44.2108,1,0
RHCB.US,D,20230919,000000,44.1012,44.1012,44.1012,44.1012,1,0
RHCB.US,D,20230920,000000,44.1334,44.1334,44.1334,44.1334,1,0
RHCB.US,D,20230921,000000,43.8444,43.8444,43.8444,43.8444,1,0
RHCB.US,D,20230922,000000,44.02,44.02,43.9924,43.9924,300,0
RHCB.US,D,20230925,000000,43.7361,43.7361,43.7361,43.7361,1,0
RHCB.US,D,20230926,000000,43.7,43.7,43.5974,43.5974,190,0
RHCB.US,D,20230927,000000,43.4148,43.4148,43.4148,43.4148,1,0
RHCB.US,D,20230928,000000,43.4701,43.4701,43.4701,43.4701,1,0
RHCB.US,D,20230929,000000,43.4524,43.4524,43.4524,43.4524,1,0
RHCB.US,D,20231002,000000,42.9842,42.9842,42.9842,42.9842,7,0
RHCB.US,D,20231003,000000,42.595,42.595,42.595,42.595,1,0
RHCB.US,D,20231004,000000,42.82,42.8383,42.7952,42.8383,300,0
RHCB.US,D,20231005,000000,42.855,42.855,42.855,42.855,1,0
RHCB.US,D,20231006,000000,42.7249,42.7249,42.7249,42.7249,1,0
RHCB.US,D,20231009,000000,43.08,43.08,43.08,43.08,4,0
RHCB.US,D,20231010,000000,43.125,43.125,43.125,43.125,1,0
RHCB.US,D,20231011,000000,43.3199,43.3199,43.3199,43.3199,1,0
RHCB.US,D,20231012,000000,43.01,43.01,43.01,43.01,1,0
RHCB.US,D,20231013,000000,43.18,43.18,43.18,43.18,1,0
RHCB.US,D,20231016,000000,42.985,42.985,42.985,42.985,2,0
RHCB.US,D,20231017,000000,42.6656,42.6656,42.6656,42.6656,1,0
RHCB.US,D,20231018,000000,42.4444,42.4444,42.4444,42.4444,1,0
RHCB.US,D,20231019,000000,42.245,42.245,42.245,42.245,1,0
RHCB.US,D,20231020,000000,42.3383,42.3383,42.3383,42.3383,1,0
RHCB.US,D,20231023,000000,42.545,42.545,42.545,42.545,1,0
RHCB.US,D,20231024,000000,42.735,42.735,42.735,42.735,4,0
RHCB.US,D,20231025,000000,42.425,42.425,42.425,42.425,1,0
RHCB.US,D,20231026,000000,42.68,42.68,42.68,42.68,4,0
RHCB.US,D,20231027,000000,42.6552,42.6552,42.6552,42.6552,1,0
RHCB.US,D,20231030,000000,42.5491,42.5491,42.5491,42.5491,1,0
RHCB.US,D,20231031,000000,42.5486,42.5486,42.5486,42.5486,1,0
RHCB.US,D,20231101,000000,42.7442,42.7442,42.7442,42.7442,6,0
RHCB.US,D,20231102,000000,43.1399,43.1399,43.1399,43.1399,1,0
RHCB.US,D,20231103,000000,43.41,43.41,43.41,43.41,1,0
RHCB.US,D,20231106,000000,43.21,43.21,43.21,43.21,1,0
RHCB.US,D,20231107,000000,43.435,43.435,43.435,43.435,1,0
RHCB.US,D,20231108,000000,43.6316,43.6316,43.6316,43.6316,5,0
RHCB.US,D,20231109,000000,43.3,43.3,43.3,43.3,1,0
RHCB.US,D,20231110,000000,43.41,43.41,43.41,43.41,1,0
RHCB.US,D,20231113,000000,43.44,43.44,43.44,43.44,1,0
RHCB.US,D,20231114,000000,44.045,44.045,44.045,44.045,1,0
RHCB.US,D,20231115,000000,43.83,43.83,43.83,43.83,1,0
RHCB.US,D,20231116,000000,44.07,44.07,44.07,44.07,1,0
RHCB.US,D,20231117,000000,44.18,44.18,44.18,44.18,1,0
RHCB.US,D,20231120,000000,44.3068,44.3068,44.3068,44.3068,1,0
RHCB.US,D,20231121,000000,44.325,44.325,44.325,44.325,1,0
RHCB.US,D,20231122,000000,44.425,44.425,44.425,44.425,1,0
RHCB.US,D,20231124,000000,44.3247,44.3247,44.3247,44.3247,1,0
RHCB.US,D,20231127,000000,44.565,44.565,44.565,44.565,1,0
RHCB.US,D,20231128,000000,44.715,44.715,44.715,44.715,1,0
RHCB.US,D,20231129,000000,45.02,45.02,45.02,45.02,1,0
RHCB.US,D,20231130,000000,44.8762,44.8762,44.8762,44.8762,1,0
RHCB.US,D,20231201,000000,45.095,45.095,45.095,45.095,91,0
RHCB.US,D,20231204,000000,44.965,44.965,44.965,44.965,1,0
RHCB.US,D,20231205,000000,45.2352,45.2352,45.2352,45.2352,10,0
RHCB.US,D,20231206,000000,45.4036,45.4036,45.4036,45.4036,1,0
RHCB.US,D,20231207,000000,45.3896,45.3896,45.3896,45.3896,10,0
RHCB.US,D,20231208,000000,45.2114,45.2114,45.2114,45.2114,4,0
RHCB.US,D,20231211,000000,45.1872,45.1872,45.1872,45.1872,10,0
RHCB.US,D,20231212,000000,45.34,45.34,45.34,45.34,1,0
RHCB.US,D,20231213,000000,45.9526,45.9526,45.9526,45.9526,3,0
RHCB.US,D,20231214,000000,46.4687,46.4687,46.4687,46.4687,10,0
RHCB.US,D,20231215,000000,46.4167,46.4167,46.4167,46.4167,1,0
RHCB.US,D,20231218,000000,46.2763,46.2763,46.2763,46.2763,10,0
RHCB.US,D,20231219,000000,46.3315,46.3315,46.3315,46.3315,10,0
RHCB.US,D,20231220,000000,46.4591,46.4591,46.4591,46.4591,10,0
RHCB.US,D,20231221,000000,46.4222,46.4222,46.4222,46.4222,5,0
RHCB.US,D,20231222,000000,46.39,46.39,46.39,46.39,10,0
RHCB.US,D,20231226,000000,46.435,46.435,46.435,46.435,10,0
RHCB.US,D,20231227,000000,46.5848,46.5848,46.5848,46.5848,1,0
RHCB.US,D,20231228,000000,46.5,46.5,46.5,46.5,10,0
RHCB.US,D,20231229,000000,46.433,46.433,46.433,46.433,5,0
RHCB.US,D,20240102,000000,46.185,46.185,46.185,46.185,1,0
RHCB.US,D,20240103,000000,46.145,46.145,46.145,46.145,5,0
RHCB.US,D,20240104,000000,45.9,45.9,45.9,45.9,3,0
RHCB.US,D,20240105,000000,45.7789,45.7789,45.7789,45.7789,5,0
RHCB.US,D,20240108,000000,45.9949,45.9949,45.9949,45.9949,5,0
RHCB.US,D,20240109,000000,46.0518,46.0518,46.0518,46.0518,5,0
RHCB.US,D,20240110,000000,46.0173,46.0173,46.0173,46.0173,3,0
RHCB.US,D,20240111,000000,46.212,46.212,46.212,46.212,5,0
RHCB.US,D,20240112,000000,46.3066,46.3066,46.3066,46.3066,5,0
RHCB.US,D,20240116,000000,45.9932,45.9932,45.9932,45.9932,5,0
RHCB.US,D,20240117,000000,45.8944,45.8944,45.8944,45.8944,5,0
RHCB.US,D,20240118,000000,45.8398,45.8398,45.8398,45.8398,5,0
RHCB.US,D,20240119,000000,45.8575,45.8575,45.8575,45.8575,1,0
RHCB.US,D,20240122,000000,45.9796,45.9796,45.9796,45.9796,5,0
RHCB.US,D,20240123,000000,45.8495,45.8495,45.8495,45.8495,5,0
RHCB.US,D,20240124,000000,45.7767,45.7767,45.7767,45.7767,5,0
RHCB.US,D,20240125,000000,46.005,46.005,46.005,46.005,5,0
RHCB.US,D,20240126,000000,45.9752,45.9752,45.9752,45.9752,5,0
RHCB.US,D,20240129,000000,46.1469,46.1469,46.1469,46.1469,3,0
RHCB.US,D,20240130,000000,46.1767,46.1767,46.1767,46.1767,5,0
RHCB.US,D,20240131,000000,46.3085,46.3085,46.3085,46.3085,5,0
RHCB.US,D,20240201,000000,46.4412,46.4412,46.4412,46.4412,5,0
RHCB.US,D,20240202,000000,46.0478,46.0478,46.0478,46.0478,5,0
RHCB.US,D,20240205,000000,45.7251,45.7251,45.7251,45.7251,5,0
RHCB.US,D,20240206,000000,45.9731,45.9731,45.9731,45.9731,1,0
RHCB.US,D,20240207,000000,45.8803,45.8803,45.8803,45.8803,5,0
RHCB.US,D,20240208,000000,45.7127,45.7127,45.7127,45.7127,5,0
RHCB.US,D,20240209,000000,45.6426,45.6426,45.6426,45.6426,63,0
RHCB.US,D,20240212,000000,45.6853,45.6853,45.6853,45.6853,5,0
RHCB.US,D,20240213,000000,45.2926,45.2926,45.2926,45.2926,56,0
RHCB.US,D,20240214,000000,45.4554,45.4554,45.4554,45.4554,58,0
RHCB.US,D,20240215,000000,45.6003,45.6003,45.6003,45.6003,58,0
RHCB.US,D,20240216,000000,45.4694,45.4694,45.4694,45.4694,5,0
RHCB.US,D,20240220,000000,45.5687,45.5687,45.5687,45.5687,5,0
RHCB.US,D,20240221,000000,45.5015,45.5015,45.5015,45.5015,5,0
RHCB.US,D,20240222,000000,45.5409,45.5409,45.5409,45.5409,5,0
RHCB.US,D,20240223,000000,45.6694,45.6694,45.6694,45.6694,50,0
RHCB.US,D,20240226,000000,45.5367,45.5367,45.5367,45.5367,5,0
RHCB.US,D,20240227,000000,45.4857,45.4857,45.4857,45.4857,23,0
RHCB.US,D,20240228,000000,45.5169,45.5169,45.5169,45.5169,1,0
RHCB.US,D,20240229,000000,45.538,45.538,45.538,45.538,5,0
RHCB.US,D,20240301,000000,45.5701,45.5701,45.5701,45.5701,5,0
RHCB.US,D,20240304,000000,45.531,45.531,45.531,45.531,5,0
RHCB.US,D,20240305,000000,45.7338,45.7338,45.7338,45.7338,5,0
RHCB.US,D,20240306,000000,45.8504,45.8504,45.8504,45.8504,1,0
RHCB.US,D,20240307,000000,45.9341,45.9341,45.9341,45.9341,1,0
RHCB.US,D,20240308,000000,45.99,45.99,45.99,45.99,4,0
RHCB.US,D,20240311,000000,45.9704,45.9704,45.9704,45.9704,1,0
RHCB.US,D,20240312,000000,45.8816,45.8816,45.8816,45.8816,1,0
RHCB.US,D,20240313,000000,45.8512,45.8512,45.8512,45.8512,1,0
RHCB.US,D,20240314,000000,45.5706,45.5706,45.5706,45.5706,1,0
RHCB.US,D,20240315,000000,45.5628,45.5628,45.5628,45.5628,1,0
RHCB.US,D,20240318,000000,45.5645,45.5645,45.5645,45.5645,1,0
RHCB.US,D,20240319,000000,45.6719,45.6719,45.6719,45.6719,1,0
RHCB.US,D,20240320,000000,45.7072,45.7072,45.7072,45.7072,1,0
RHCB.US,D,20240321,000000,45.77,45.77,45.77,45.77,1,0
RHCB.US,D,20240322,000000,45.93,45.93,45.93,45.93,1,0
RHCB.US,D,20240325,000000,45.8195,45.8195,45.8195,45.8195,1,0
RHCB.US,D,20240326,000000,45.8212,45.8212,45.8212,45.8212,1,0
RHCB.US,D,20240327,000000,46.0056,46.0056,46.0056,46.0056,1,0
RHCB.US,D,20240328,000000,46.0293,46.0293,46.0293,46.0293,1,0
RHCB.US,D,20240401,000000,45.5129,45.5129,45.5129,45.5129,1,0
RHCB.US,D,20240402,000000,45.4545,45.4545,45.4545,45.4545,1,0
RHCB.US,D,20240403,000000,45.4915,45.4915,45.4915,45.4915,1,0
RHCB.US,D,20240404,000000,45.5683,45.5726,45.5683,45.5726,101,0
RHCB.US,D,20240405,000000,45.3611,45.3611,45.3611,45.3611,4,0
RHCB.US,D,20240408,000000,45.3755,45.3755,45.3755,45.3755,1,0
RHCB.US,D,20240409,000000,45.5542,45.5542,45.5542,45.5542,1,0
RHCB.US,D,20240410,000000,45,45.0296,45,45.0296,200,0
RHCB.US,D,20240411,000000,44.965,44.965,44.965,44.965,1,0
RHCB.US,D,20240412,000000,45.0509,45.0509,45.0509,45.0509,1,0
RHCB.US,D,20240415,000000,44.6935,44.6935,44.6935,44.6935,1,0
RHCB.US,D,20240416,000000,44.506,44.5074,44.506,44.5074,200,0
RHCB.US,D,20240417,000000,44.7506,44.7506,44.7506,44.7506,1,0
RHCB.US,D,20240418,000000,44.6223,44.6223,44.6223,44.6223,1,0
RHCB.US,D,20240419,000000,44.6831,44.6831,44.6831,44.6831,1,0
RHCB.US,D,20240422,000000,44.7469,44.8,44.7469,44.7571,357,0
RHCB.US,D,20240423,000000,44.8751,44.8751,44.8751,44.8751,20,0
RHCB.US,D,20240424,000000,44.7394,44.7394,44.7394,44.7394,20,0
RHCB.US,D,20240425,000000,44.5937,44.5937,44.5937,44.5937,20,0
RHCB.US,D,20240426,000000,44.7402,44.7402,44.7402,44.7402,20,0
RHCB.US,D,20240429,000000,44.9085,44.9085,44.9085,44.9085,20,0
RHCB.US,D,20240430,000000,44.6863,44.6863,44.6863,44.6863,20,0
RHCB.US,D,20240501,000000,44.6968,44.6968,44.6968,44.6968,20,0
RHCB.US,D,20240502,000000,44.9036,44.9036,44.9036,44.9036,20,0
RHCB.US,D,20240503,000000,45.1474,45.1474,45.1474,45.1474,20,0
RHCB.US,D,20240506,000000,45.2512,45.2512,45.2512,45.2512,1,0
RHCB.US,D,20240507,000000,45.305,45.305,45.305,45.305,5,0
RHCB.US,D,20240508,000000,45.2035,45.2035,45.2035,45.2035,2,0
RHCB.US,D,20240509,000000,45.2794,45.2794,45.2794,45.2794,2,0
RHCB.US,D,20240510,000000,45.15,45.15,45.15,45.15,1,0
RHCB.US,D,20240513,000000,45.1873,45.1873,45.1873,45.1873,1,0
RHCB.US,D,20240514,000000,45.295,45.295,45.295,45.295,1,0
RHCB.US,D,20240515,000000,45.6288,45.6288,45.6288,45.6288,3,0
RHCB.US,D,20240516,000000,45.5505,45.5505,45.5505,45.5505,1,0
RHCB.US,D,20240517,000000,45.47,45.47,45.47,45.47,1,0
RHCB.US,D,20240520,000000,45.4479,45.4479,45.4479,45.4479,1,0
RHCB.US,D,20240521,000000,45.5326,45.5326,45.5326,45.5326,1,0
RHCB.US,D,20240522,000000,45.4743,45.4743,45.4743,45.4743,1,0
RHCB.US,D,20240523,000000,45.3233,45.3233,45.3233,45.3233,1,0
RHCB.US,D,20240524,000000,45.3942,45.3942,45.3942,45.3942,1,0
RHCB.US,D,20240528,000000,45.2123,45.2123,45.2123,45.2123,1,0
RHCB.US,D,20240529,000000,44.9904,44.9904,44.9904,44.9904,1,0
RHCB.US,D,20240530,000000,45.1768,45.1768,45.1768,45.1768,1,0
RHCB.US,D,20240531,000000,45.4053,45.4053,45.4053,45.4053,1,0
RHCB.US,D,20240603,000000,45.4779,45.4779,45.4779,45.4779,1,0
RHCB.US,D,20240604,000000,45.6353,45.6353,45.6353,45.6353,1,0
RHCB.US,D,20240605,000000,45.7583,45.7583,45.7583,45.7583,2,0
RHCB.US,D,20240606,000000,45.7278,45.7278,45.7278,45.7278,6,0
RHCB.US,D,20240607,000000,45.3791,45.3791,45.3791,45.3791,2,0
RHCB.US,D,20240610,000000,45.305,45.305,45.305,45.305,1,0
RHCB.US,D,20240611,000000,45.485,45.485,45.485,45.485,1,0
RHCB.US,D,20240612,000000,45.6987,45.6987,45.6987,45.6987,1,0
RHCB.US,D,20240613,000000,45.9013,45.9013,45.9013,45.9013,1,0
RHCB.US,D,20240614,000000,45.8967,45.8967,45.8967,45.8967,1,0
RHCB.US,D,20240617,000000,45.7097,45.7097,45.7097,45.7097,1,0
RHCB.US,D,20240618,000000,45.8977,45.8977,45.8977,45.8977,1,0
RHCB.US,D,20240620,000000,45.7745,45.7745,45.7745,45.7745,1,0
RHCB.US,D,20240621,000000,45.7715,45.7715,45.7715,45.7715,1,0
RHCB.US,D,20240624,000000,45.8324,45.8324,45.8324,45.8324,1,0
RHCB.US,D,20240625,000000,45.8552,45.8552,45.8552,45.8552,1,0
RHCB.US,D,20240626,000000,45.6105,45.6105,45.6105,45.6105,1,0
RHCB.US,D,20240627,000000,45.6964,45.6964,45.6964,45.6964,1,0
RHCB.US,D,20240628,000000,45.4834,45.4834,45.4834,45.4834,2,0
RHCB.US,D,20240701,000000,45.1241,45.1241,45.1241,45.1241,1,0
RHCB.US,D,20240702,000000,45.3156,45.3156,45.3156,45.3156,1,0
RHCB.US,D,20240703,000000,45.5866,45.5866,45.5866,45.5866,81,0
RHCB.US,D,20240705,000000,45.7981,45.7981,45.7981,45.7981,19,0
RHCB.US,D,20240708,000000,45.8412,45.8412,45.8412,45.8412,2,0
RHCB.US,D,20240709,000000,45.7589,45.7589,45.7589,45.7589,1,0
RHCB.US,D,20240710,000000,45.8275,45.8275,45.8275,45.8275,16,0
RHCB.US,D,20240711,000000,46.0313,46.0313,46.0313,46.0313,1,0
RHCB.US,D,20240712,000000,46.1472,46.1472,46.1472,46.1472,1,0
RHCB.US,D,20240715,000000,46.0395,46.0395,46.0395,46.0395,1,0
RHCB.US,D,20240716,000000,46.2314,46.2314,46.2314,46.2314,1,0
RHCB.US,D,20240717,000000,46.2126,46.2126,46.2126,46.2126,2,0
RHCB.US,D,20240718,000000,46.0764,46.0764,46.0764,46.0764,1,0
RHCB.US,D,20240719,000000,45.935,45.935,45.935,45.935,1,0
RHCB.US,D,20240722,000000,45.9374,45.9374,45.9374,45.9374,1,0
RHCB.US,D,20240723,000000,45.9246,45.9246,45.9246,45.9246,1,0
RHCB.US,D,20240724,000000,45.7358,45.7358,45.7358,45.7358,1,0
RHCB.US,D,20240725,000000,45.8187,45.8187,45.8187,45.8187,1,0
RHCB.US,D,20240726,000000,46.0187,46.0187,46.0187,46.0187,1,0
RHCB.US,D,20240729,000000,46.0989,46.0989,46.0989,46.0989,1,0
RHCB.US,D,20240730,000000,46.1323,46.1323,46.1323,46.1323,4,0
RHCB.US,D,20240731,000000,46.3899,46.3899,46.3899,46.3899,10,0
RHCB.US,D,20240801,000000,46.3047,46.3047,46.3047,46.3047,2,0
RHCB.US,D,20240802,000000,46.7268,46.7268,46.7268,46.7268,1,0
RHCB.US,D,20240805,000000,46.5716,46.5716,46.5716,46.5716,35,0
RHCB.US,D,20240806,000000,46.3588,46.3588,46.3588,46.3588,6,0
RHCB.US,D,20240807,000000,46.2367,46.2367,46.2367,46.2367,109,0
RHCB.US,D,20240808,000000,46.2379,46.2379,46.2379,46.2379,35,0
RHCB.US,D,20240809,000000,46.4297,46.4297,46.4297,46.4297,35,0
RHCB.US,D,20240812,000000,46.5416,46.5416,46.5172,46.5172,1567,0
RHCB.US,D,20240813,000000,46.7394,46.7394,46.7394,46.7394,13,0
RHCB.US,D,20240814,000000,46.915,46.915,46.915,46.915,2,0
RHCB.US,D,20240815,000000,46.83,46.84,46.7894,46.7894,1502,0
RHCB.US,D,20240816,000000,46.8927,46.8927,46.8927,46.8927,3,0
RHCB.US,D,20240819,000000,47,47,47,47,2,0
RHCB.US,D,20240820,000000,47.1,47.1,47.1,47.1,3,0
RHCB.US,D,20240821,000000,47.13,47.19,47.13,47.19,102,0
RHCB.US,D,20240822,000000,47.0072,47.0072,47.0072,47.0072,12,0
RHCB.US,D,20240823,000000,47.25,47.25,47.25,47.25,1,0
RHCB.US,D,20240826,000000,47.2124,47.2124,47.2124,47.2124,2,0
RHCB.US,D,20240827,000000,47.1839,47.1839,47.1839,47.1839,4,0
RHCB.US,D,20240828,000000,47.1301,47.1301,47.1301,47.1301,2,0
RHCB.US,D,20240829,000000,47.058,47.058,47.058,47.058,2,0
RHCB.US,D,20240830,000000,46.971,46.971,46.971,46.971,4,0
RHCB.US,D,20240903,000000,46.9324,46.9324,46.9324,46.9324,1,0
RHCB.US,D,20240904,000000,47.1867,47.1867,47.1867,47.1867,2,0
RHCB.US,D,20240905,000000,47.3,47.3,47.3,47.3,3,0
RHCB.US,D,20240906,000000,47.3243,47.3243,47.3243,47.3243,7,0
RHCB.US,D,20240909,000000,47.4164,47.4164,47.4164,47.4164,3,0
RHCB.US,D,20240910,000000,47.525,47.525,47.525,47.525,2,0
RHCB.US,D,20240911,000000,47.547,47.547,47.547,47.547,3,0
RHCB.US,D,20240912,000000,47.4968,47.4968,47.4968,47.4968,11,0
RHCB.US,D,20240913,000000,47.6217,47.6217,47.6217,47.6217,2,0
RHCB.US,D,20240916,000000,47.8035,47.8035,47.8035,47.8035,2,0
RHCB.US,D,20240917,000000,47.77,47.77,47.77,47.77,2,0
RHCB.US,D,20240918,000000,47.6241,47.6241,47.6241,47.6241,1,0
RHCB.US,D,20240919,000000,47.6834,47.6834,47.6834,47.6834,2,0
RHCB.US,D,20240920,000000,47.6971,47.6971,47.6971,47.6971,1,0
RHCB.US,D,20240923,000000,47.6754,47.6754,47.6754,47.6754,1,0
RHCB.US,D,20240924,000000,47.75,47.75,47.75,47.75,2,0
RHCB.US,D,20240925,000000,47.5463,47.5463,47.5463,47.5463,8,0
RHCB.US,D,20240926,000000,47.5266,47.5266,47.5266,47.5266,2,0
RHCB.US,D,20240927,000000,47.6578,47.6578,47.6578,47.6578,1,0
RHCB.US,D,20241001,000000,47.55,47.55,47.55,47.55,1,0
RHCB.US,D,20241002,000000,47.4639,47.4639,47.4639,47.4639,1,0
RHCB.US,D,20241003,000000,47.3063,47.3063,47.3063,47.3063,1,0
RHCB.US,D,20241004,000000,47.0464,47.0464,47.0464,47.0464,7,0
RHCB.US,D,20241007,000000,46.8695,46.8695,46.8695,46.8695,3,0
RHCB.US,D,20241008,000000,46.9156,46.9156,46.9156,46.9156,4,0
RHCB.US,D,20241009,000000,46.8284,46.8284,46.8284,46.8284,3,0
RHCB.US,D,20241010,000000,46.835,46.835,46.835,46.835,4,0
RHCB.US,D,20241011,000000,46.8424,46.8424,46.8424,46.8424,1,0
RHCB.US,D,20241014,000000,46.8295,46.8295,46.8295,46.8295,2,0
RHCB.US,D,20241015,000000,47.0344,47.0344,47.0344,47.0344,1,0
RHCB.US,D,20241016,000000,47.1055,47.1055,47.1055,47.1055,2,0
RHCB.US,D,20241017,000000,46.8856,46.8856,46.8856,46.8856,2,0
RHCB.US,D,20241018,000000,46.8638,46.8638,46.8638,46.8638,2,0
RHCB.US,D,20241021,000000,46.4981,46.4981,46.4981,46.4981,1,0
RHCB.US,D,20241022,000000,46.475,46.475,46.475,46.475,5,0
RHCB.US,D,20241023,000000,46.356,46.356,46.356,46.356,1,0
RHCB.US,D,20241024,000000,46.4775,46.4775,46.4775,46.4775,2,0
RHCB.US,D,20241025,000000,46.365,46.365,46.365,46.365,4,0
RHCB.US,D,20241028,000000,46.3522,46.3522,46.3522,46.3522,1,0
RHCB.US,D,20241029,000000,46.365,46.365,46.365,46.365,1,0
RHCB.US,D,20241030,000000,46.3459,46.3459,46.3459,46.3459,2,0
RHCB.US,D,20241031,000000,46.2852,46.2852,46.2852,46.2852,2,0
RHCB.US,D,20241104,000000,46.1605,46.1605,46.1605,46.1605,4,0
RHCB.US,D,20241105,000000,46.282,46.282,46.282,46.282,1,0
RHCB.US,D,20241106,000000,45.9928,45.9928,45.9928,45.9928,7,0
RHCB.US,D,20241107,000000,46.28,46.28,46.28,46.28,109,0
RHCB.US,D,20241108,000000,46.4609,46.4609,46.4609,46.4609,1,0
RHCB.US,D,20241118,000000,46.02,46.03,46.0117,46.03,1048,0
RHCB.US,D,20241121,000000,45.75,45.8096,45.75,45.8096,703,0
