<TICKER>,<PER>,<DATE>,<TIME>,<OPEN>,<HIGH>,<LOW>,<CLOSE>,<VOL>,<OPENINT>
RUFF.US,D,20211018,000000,25.509,25.549,25.489,25.547,463519,0
RUFF.US,D,20211019,000000,25.579,25.688,25.579,25.612,335449,0
RUFF.US,D,20211020,000000,25.61,25.649,25.589,25.634,289059,0
RUFF.US,D,20211021,000000,25.579,25.597,25.579,25.597,109909,0
RUFF.US,D,20211022,000000,25.349,25.418,25.329,25.418,26849,0
RUFF.US,D,20211025,000000,25.775,25.929,24.45,25.929,21422,0
RUFF.US,D,20211026,000000,26.258,26.278,25.934,25.934,12661,0
RUFF.US,D,20211027,000000,25.769,25.769,25.364,25.364,15430,0
RUFF.US,D,20211028,000000,25.559,25.585,25.559,25.585,289,0
RUFF.US,D,20211029,000000,25.587,25.587,25.587,25.587,163,0
RUFF.US,D,20211101,000000,26.087,26.108,26.087,26.108,3587,0
RUFF.US,D,20211102,000000,26.118,26.118,26.058,26.079,20518,0
RUFF.US,D,20211103,000000,26.358,26.377,26.358,26.377,811,0
RUFF.US,D,20211104,000000,26.648,26.678,26.498,26.635,46611,0
RUFF.US,D,20211105,000000,26.758,26.758,26.513,26.535,11146,0
RUFF.US,D,20211108,000000,26.798,26.938,26.798,26.838,23009,0
RUFF.US,D,20211109,000000,26.898,26.978,26.308,26.396,26745,0
RUFF.US,D,20211110,000000,26.268,26.268,25.659,25.732,12720,0
RUFF.US,D,20211111,000000,26.158,26.228,26.066,26.073,22119,0
RUFF.US,D,20211112,000000,26.028,26.276,26.028,26.276,15655,0
RUFF.US,D,20211115,000000,26.398,26.398,26.168,26.168,24516,0
RUFF.US,D,20211116,000000,26.178,26.238,26.118,26.238,48277,0
RUFF.US,D,20211117,000000,26.084,26.088,26.037,26.037,922,0
RUFF.US,D,20211118,000000,26.118,26.118,25.897,25.897,2468,0
RUFF.US,D,20211119,000000,26.027,26.027,25.948,25.948,4394,0
RUFF.US,D,20211122,000000,25.929,25.929,25.428,25.428,261,0
RUFF.US,D,20211123,000000,25.319,25.469,25.137,25.433,143404,0
RUFF.US,D,20211124,000000,25.299,26.918,25.299,25.556,299479,0
RUFF.US,D,20211126,000000,25.419,25.419,24.787,24.941,57315,0
RUFF.US,D,20211129,000000,25.019,25.589,25.019,25.549,68595,0
RUFF.US,D,20211130,000000,25.649,25.66,24.971,24.971,27130,0
RUFF.US,D,20211201,000000,25.449,25.449,24.282,24.282,154049,0
RUFF.US,D,20211202,000000,24.35,24.62,24.13,24.51,30355,0
RUFF.US,D,20211203,000000,24.109,24.109,23.57,23.781,6057,0
RUFF.US,D,20211206,000000,23.68,23.91,23.61,23.882,12613,0
RUFF.US,D,20211207,000000,24.13,24.57,24.13,24.428,25860,0
RUFF.US,D,20211208,000000,24.54,24.69,24.51,24.677,28398,0
RUFF.US,D,20211209,000000,24.57,24.672,24.16,24.389,30024,0
RUFF.US,D,20211210,000000,24.19,24.33,24.02,24.147,4461,0
RUFF.US,D,20211213,000000,23.95,23.95,23.683,23.683,14506,0
RUFF.US,D,20211214,000000,23.521,23.551,23.411,23.551,4082,0
RUFF.US,D,20211215,000000,23.386,23.92,23.361,23.879,22993,0
RUFF.US,D,20211216,000000,24,24.008,23.715,23.733,2818,0
RUFF.US,D,20211217,000000,23.521,23.63,23.402,23.402,14364,0
RUFF.US,D,20211220,000000,23.261,23.261,23.153,23.153,508,0
RUFF.US,D,20211221,000000,23.231,23.62,23.231,23.606,2428,0
RUFF.US,D,20211222,000000,23.83,23.875,23.76,23.875,14887,0
RUFF.US,D,20211223,000000,24.055,24.17,24.022,24.161,3815,0
RUFF.US,D,20211227,000000,24.3025,24.3224,24.3025,24.3224,2057,0
RUFF.US,D,20211228,000000,24.3899,24.3899,24.2576,24.2576,2325,0
RUFF.US,D,20211229,000000,24.34,24.34,24.2984,24.2984,885,0
RUFF.US,D,20211230,000000,24.39,24.4,24.2076,24.2076,338641,0
RUFF.US,D,20211231,000000,24.2446,24.26,24.1282,24.1282,477,0
RUFF.US,D,20220103,000000,24.25,24.34,24.218,24.28,3581,0
RUFF.US,D,20220104,000000,24.43,24.43,24.311,24.3335,1337,0
RUFF.US,D,20220105,000000,24.3788,24.3788,23.8239,23.8239,1195,0
RUFF.US,D,20220106,000000,23.94,23.94,23.7359,23.7359,4050,0
RUFF.US,D,20220107,000000,23.76,23.76,23.6137,23.6137,390,0
RUFF.US,D,20220110,000000,23.0604,23.4544,23.0604,23.4544,137,0
RUFF.US,D,20220111,000000,23.62,23.7512,23.62,23.7512,1051,0
RUFF.US,D,20220112,000000,24.04,24.04,23.7224,23.8301,37112,0
RUFF.US,D,20220113,000000,23.99,24,23.5261,23.5261,41310,0
RUFF.US,D,20220114,000000,23.7599,23.7599,23.6667,23.6667,520,0
RUFF.US,D,20220118,000000,23.55,23.55,23.3066,23.3066,3697,0
RUFF.US,D,20220119,000000,23.31,23.31,23.0411,23.0411,5171,0
RUFF.US,D,20220120,000000,23.245,23.245,22.8743,22.8743,9502,0
RUFF.US,D,20220121,000000,22.52,22.52,22.4447,22.4447,411,0
RUFF.US,D,20220124,000000,22.447,22.447,22.447,22.447,95,0
RUFF.US,D,20220125,000000,22.41,22.7081,22.41,22.4428,7415,0
RUFF.US,D,20220126,000000,22.89,23.1,22.6331,22.6331,1063,0
RUFF.US,D,20220127,000000,22.58,22.66,22.4401,22.4401,1006,0
RUFF.US,D,20220128,000000,22.54,22.8505,22.45,22.8505,21044,0
RUFF.US,D,20220131,000000,23.21,23.3299,23.14,23.3083,6502,0
RUFF.US,D,20220201,000000,23.5,23.6705,23.5,23.6705,7816,0
RUFF.US,D,20220202,000000,23.3,23.4816,23.21,23.4816,2381,0
RUFF.US,D,20220203,000000,22.8768,22.8768,22.8768,22.8768,26,0
RUFF.US,D,20220204,000000,22.9012,23.17,22.9012,23.0987,5684,0
RUFF.US,D,20220207,000000,22.9,23.29,22.9,23.0445,21720,0
RUFF.US,D,20220208,000000,23.1,23.2483,23.0999,23.2483,2109,0
RUFF.US,D,20220209,000000,23.479,23.5943,23.479,23.5943,15275,0
RUFF.US,D,20220210,000000,23.39,23.68,23.2603,23.2603,3389,0
RUFF.US,D,20220211,000000,23.36,23.44,23.03,23.0338,10417,0
RUFF.US,D,20220214,000000,23.06,23.06,22.84,22.9127,4945,0
RUFF.US,D,20220215,000000,23.22,23.44,23.22,23.4038,6927,0
RUFF.US,D,20220216,000000,23.38,23.39,23.2833,23.2833,1297,0
RUFF.US,D,20220217,000000,22.848,22.848,22.848,22.848,4,0
RUFF.US,D,20220218,000000,22.73,22.76,22.638,22.638,1755,0
RUFF.US,D,20220222,000000,22.69,22.69,22.4584,22.4584,2340,0
RUFF.US,D,20220223,000000,22.65,22.65,22.2498,22.2498,4529,0
RUFF.US,D,20220224,000000,22.1199,22.4674,22.1,22.4674,6104,0
RUFF.US,D,20220225,000000,22.67,23.03,22.6264,23.0013,26172,0
RUFF.US,D,20220228,000000,23.14,23.2146,22.85,23.2146,9185,0
RUFF.US,D,20220301,000000,23.31,23.4,22.92,22.9672,8068,0
RUFF.US,D,20220302,000000,23.3499,23.5,23.255,23.4498,8637,0
RUFF.US,D,20220303,000000,23.3,23.3,23.12,23.1205,2635,0
RUFF.US,D,20220304,000000,23.01,23.04,22.86,23.0169,14809,0
RUFF.US,D,20220307,000000,22.87,22.95,22.3401,22.3452,8273,0
RUFF.US,D,20220308,000000,22.5399,22.72,22.4092,22.4092,1935,0
RUFF.US,D,20220309,000000,22.59,22.87,22.59,22.7716,10446,0
RUFF.US,D,20220310,000000,22.51,22.88,22.4832,22.86,7849,0
RUFF.US,D,20220311,000000,22.61,22.61,22.3901,22.3901,13381,0
RUFF.US,D,20220314,000000,22.3,22.38,21.98,22.027,2177,0
RUFF.US,D,20220315,000000,22.23,22.7,22.23,22.638,9842,0
RUFF.US,D,20220316,000000,23.095,23.3063,23.095,23.3063,10133,0
RUFF.US,D,20220317,000000,23.326,23.76,23.326,23.7324,6654,0
RUFF.US,D,20220318,000000,24.046,24.206,24.046,24.206,3677,0
RUFF.US,D,20220321,000000,23.95,24.09,23.89,24.09,5260,0
RUFF.US,D,20220322,000000,24.31,24.56,24.309,24.4959,6229,0
RUFF.US,D,20220323,000000,24.32,24.42,24.1758,24.1758,2524,0
RUFF.US,D,20220324,000000,24.53,24.6304,24.4999,24.6304,2704,0
RUFF.US,D,20220325,000000,24.6248,24.6598,24.404,24.5108,13515,0
RUFF.US,D,20220328,000000,24.76,24.8388,24.76,24.8388,184,0
RUFF.US,D,20220329,000000,25.1953,25.1953,25.1953,25.1953,45,0
RUFF.US,D,20220330,000000,25.085,25.1064,24.74,24.8258,14093,0
RUFF.US,D,20220331,000000,24.86,24.92,24.5348,24.5348,4174,0
RUFF.US,D,20220401,000000,24.643,24.643,24.4499,24.5882,6034,0
RUFF.US,D,20220404,000000,24.783,25.04,24.7724,24.9988,11958,0
RUFF.US,D,20220405,000000,24.67,24.67,24.42,24.4233,4408,0
RUFF.US,D,20220406,000000,24.26,24.26,23.82,23.9428,772,0
RUFF.US,D,20220407,000000,23.8901,23.94,23.69,23.9053,3216,0
RUFF.US,D,20220408,000000,23.82,24,23.7435,23.7435,2953,0
RUFF.US,D,20220411,000000,23.59,23.59,23.3508,23.3508,1790,0
RUFF.US,D,20220412,000000,23.6632,23.78,23.2914,23.2914,6173,0
RUFF.US,D,20220413,000000,23.59,23.98,23.59,23.9048,11732,0
RUFF.US,D,20220414,000000,23.835,23.835,23.5,23.5281,2363,0
RUFF.US,D,20220418,000000,23.401,23.401,23.316,23.316,4354,0
RUFF.US,D,20220419,000000,23.54,23.9,23.54,23.8099,6533,0
RUFF.US,D,20220420,000000,23.78,23.78,23.5355,23.5355,14969,0
RUFF.US,D,20220421,000000,23.9,23.97,22.97,23.034,9113,0
RUFF.US,D,20220422,000000,22.89,22.933,22.3956,22.3956,910,0
RUFF.US,D,20220425,000000,22.28,22.5788,22.28,22.5788,1534,0
RUFF.US,D,20220426,000000,22.06,22.06,21.8229,21.8229,112,0
RUFF.US,D,20220427,000000,22.17,22.17,21.8656,21.8656,3593,0
RUFF.US,D,20220428,000000,22.4624,22.48,22.2969,22.2969,981,0
RUFF.US,D,20220429,000000,22.57,22.57,21.5869,21.5869,4907,0
RUFF.US,D,20220502,000000,21.67,21.7851,21.629,21.7851,3051,0
RUFF.US,D,20220503,000000,21.759,21.81,21.6468,21.6468,2217,0
RUFF.US,D,20220504,000000,21.48,22.3637,21.48,22.3637,807,0
RUFF.US,D,20220505,000000,22.14,22.14,21.2488,21.2964,3486,0
RUFF.US,D,20220506,000000,20.99,21.07,20.89,21.0314,2947,0
RUFF.US,D,20220509,000000,20.8,20.8,19.9521,19.9521,1157,0
RUFF.US,D,20220510,000000,20.14,20.389,20.0806,20.0806,952,0
RUFF.US,D,20220511,000000,20.2599,20.2599,19.7521,19.7521,629,0
RUFF.US,D,20220512,000000,19.57,19.57,19.536,19.536,103,0
RUFF.US,D,20220513,000000,19.98,20.11,19.97,19.99,16130,0
RUFF.US,D,20220516,000000,19.99,20.159,19.99,19.9926,1247,0
RUFF.US,D,20220517,000000,20.21,20.5,20.21,20.4946,3632,0
RUFF.US,D,20220518,000000,19.7,19.7,19.6232,19.6232,226,0
RUFF.US,D,20220519,000000,19.68,19.68,19.4929,19.4929,212,0
RUFF.US,D,20220520,000000,19.32,19.3929,19.13,19.3929,4363,0
RUFF.US,D,20220523,000000,19.51,19.78,19.51,19.7088,3919,0
RUFF.US,D,20220524,000000,19.57,19.57,19.14,19.3291,1302,0
RUFF.US,D,20220525,000000,19.51,19.76,19.5098,19.6454,3162,0
RUFF.US,D,20220526,000000,19.926,20.1469,19.926,20.1469,8868,0
RUFF.US,D,20220527,000000,20.6,20.8105,20.5997,20.8105,828,0
RUFF.US,D,20220531,000000,20.65,20.65,20.618,20.618,115,0
RUFF.US,D,20220601,000000,20.47,20.47,20.4252,20.4252,135,0
RUFF.US,D,20220602,000000,20.71,20.9863,20.71,20.9863,2723,0
RUFF.US,D,20220603,000000,20.75,20.75,20.49,20.5068,1653,0
RUFF.US,D,20220606,000000,20.73,20.92,20.6071,20.6071,3554,0
RUFF.US,D,20220607,000000,20.78,20.9,20.7744,20.8605,3893,0
RUFF.US,D,20220608,000000,20.92,20.92,20.6727,20.6727,118,0
RUFF.US,D,20220609,000000,20.5799,20.5799,20.0324,20.0324,250,0
RUFF.US,D,20220610,000000,19.2586,19.2586,19.2586,19.2586,3,0
RUFF.US,D,20220613,000000,19.03,19.03,18.7,18.7437,5254,0
RUFF.US,D,20220614,000000,18.825,18.825,18.7925,18.7925,306,0
RUFF.US,D,20220615,000000,18.85,18.882,18.77,18.8748,1415,0
RUFF.US,D,20220616,000000,18.7,18.7,18.3815,18.3862,1881,0
RUFF.US,D,20220617,000000,18.25,18.29,18.18,18.2595,2333,0
RUFF.US,D,20220621,000000,18.74,18.74,18.6498,18.654,1634,0
RUFF.US,D,20220622,000000,18.44,18.81,18.44,18.58,3417,0
RUFF.US,D,20220623,000000,18.5232,18.65,18.37,18.592,4467,0
RUFF.US,D,20220624,000000,18.936,19.16,18.936,19.1286,4121,0
RUFF.US,D,20220627,000000,19.16,19.26,19.0587,19.0587,4410,0
RUFF.US,D,20220628,000000,19.305,19.37,18.63,18.69,3964,0
RUFF.US,D,20220629,000000,18.55,18.67,18.55,18.6446,852,0
RUFF.US,D,20220630,000000,18.555,18.555,18.355,18.3613,885,0
RUFF.US,D,20220701,000000,18.39,18.55,18.3899,18.5456,1224,0
RUFF.US,D,20220705,000000,18.48,18.58,18.4799,18.5358,1072,0
RUFF.US,D,20220706,000000,18.59,18.59,18.4999,18.535,1110,0
RUFF.US,D,20220707,000000,18.6815,18.81,18.6815,18.7613,2757,0
RUFF.US,D,20220708,000000,18.7199,18.8836,18.7199,18.7839,1705,0
RUFF.US,D,20220711,000000,18.4999,18.61,18.4138,18.4138,1516,0
RUFF.US,D,20220712,000000,18.46,18.46,18.27,18.3385,3519,0
RUFF.US,D,20220713,000000,18.285,18.41,18.285,18.327,3183,0
RUFF.US,D,20220714,000000,18.25,18.25,18.2003,18.2003,920,0
RUFF.US,D,20220715,000000,18.33,18.37,18.2862,18.3498,1708,0
RUFF.US,D,20220718,000000,18.23,18.23,18.1961,18.1961,202,0
RUFF.US,D,20220719,000000,18.421,18.421,18.421,18.421,5,0
RUFF.US,D,20220720,000000,18.47,18.5,18.461,18.461,400,0
RUFF.US,D,20220721,000000,18.5524,18.5524,18.5506,18.5506,202,0
RUFF.US,D,20220722,000000,18.675,18.71,18.364,18.4312,1006,0
RUFF.US,D,20220725,000000,18.43,18.44,18.39,18.4129,856,0
RUFF.US,D,20220726,000000,18.43,18.43,18.156,18.156,115,0
RUFF.US,D,20220727,000000,18.28,18.48,18.2799,18.451,1677,0
RUFF.US,D,20220728,000000,18.455,18.57,18.4504,18.5273,1302,0
RUFF.US,D,20220729,000000,18.4701,18.7,18.44,18.6377,2907,0
RUFF.US,D,20220801,000000,18.63,18.7,18.6048,18.6394,1402,0
RUFF.US,D,20220802,000000,18.57,18.66,18.5323,18.5323,761,0
RUFF.US,D,20220803,000000,18.5904,18.69,18.51,18.6179,2148,0
RUFF.US,D,20220804,000000,18.62,18.62,18.5636,18.5636,751,0
RUFF.US,D,20220805,000000,18.5,18.6203,18.5,18.6203,600,0
RUFF.US,D,20220808,000000,18.7668,18.85,18.6947,18.6947,2271,0
RUFF.US,D,20220809,000000,18.71,18.76,18.665,18.7142,1124,0
RUFF.US,D,20220810,000000,18.81,18.98,18.81,18.97,2750,0
RUFF.US,D,20220811,000000,19.045,19.22,19.045,19.0884,1660,0
RUFF.US,D,20220812,000000,19.2032,19.43,19.18,19.389,2206,0
RUFF.US,D,20220815,000000,19.16,19.43,19.16,19.4079,4309,0
RUFF.US,D,20220816,000000,19.4099,19.47,19.385,19.3928,1309,0
RUFF.US,D,20220817,000000,19.3499,19.35,19.3085,19.3155,308,0
RUFF.US,D,20220818,000000,19.28,19.45,19.28,19.3856,3504,0
RUFF.US,D,20220819,000000,19.3099,19.38,19.245,19.2669,1808,0
RUFF.US,D,20220822,000000,19.06,19.07,19.028,19.0307,1853,0
RUFF.US,D,20220823,000000,19.07,19.15,19.01,19.0913,4096,0
RUFF.US,D,20220824,000000,19.17,19.24,19.1401,19.1827,1600,0
RUFF.US,D,20220825,000000,19.14,19.35,19.14,19.3064,4733,0
RUFF.US,D,20220826,000000,19.29,19.41,18.8647,18.8647,2773,0
RUFF.US,D,20220829,000000,18.7886,18.9999,18.7886,18.8823,3530,0
RUFF.US,D,20220830,000000,18.86,18.86,18.5101,18.5794,474,0
RUFF.US,D,20220831,000000,18.61,18.61,18.4812,18.4812,1888,0
RUFF.US,D,20220901,000000,18.3965,18.3965,18.3965,18.3965,1,0
RUFF.US,D,20220902,000000,18.6556,18.6656,18.3447,18.3447,3905,0
RUFF.US,D,20220906,000000,18.38,18.38,18.242,18.242,105,0
RUFF.US,D,20220907,000000,18.212,18.51,18.212,18.4948,2050,0
RUFF.US,D,20220908,000000,18.5399,18.54,18.4499,18.5086,593,0
RUFF.US,D,20220909,000000,18.615,18.73,18.615,18.6968,1904,0
RUFF.US,D,20220912,000000,18.745,18.88,18.745,18.8582,1719,0
RUFF.US,D,20220913,000000,18.5699,18.57,18.2371,18.2371,1521,0
RUFF.US,D,20220914,000000,18.33,18.43,18.24,18.3581,9975,0
RUFF.US,D,20220915,000000,18.2099,18.2099,18.2099,18.2099,42,0
RUFF.US,D,20220916,000000,17.95,18.0891,17.9428,18.0891,6405,0
RUFF.US,D,20220919,000000,18.06,18.14,18.04,18.1374,904,0
RUFF.US,D,20220920,000000,18.0091,18.0091,18.0091,18.0091,10,0
RUFF.US,D,20220921,000000,18.16,18.29,17.8425,17.8425,18300,0
RUFF.US,D,20220922,000000,17.8074,17.82,17.69,17.6976,25867,0
RUFF.US,D,20220923,000000,17.52,17.52,17.07,17.212,2969,0
RUFF.US,D,20220926,000000,17.17,17.24,17.01,17.062,10929,0
RUFF.US,D,20220927,000000,17.15,17.255,17.04,17.0866,5271,0
RUFF.US,D,20220928,000000,17.1815,17.4989,17.1815,17.4754,10803,0
RUFF.US,D,20220929,000000,17.27,17.27,17.11,17.2305,3423,0
RUFF.US,D,20220930,000000,17.14,17.32,17.0944,17.0944,6762,0
RUFF.US,D,20221003,000000,17.405,17.59,17.405,17.5098,1794,0
RUFF.US,D,20221004,000000,17.69,17.8776,17.69,17.8776,4103,0
RUFF.US,D,20221005,000000,17.7125,17.92,17.7125,17.8125,2196,0
RUFF.US,D,20221006,000000,17.7199,17.73,17.7098,17.7098,1236,0
RUFF.US,D,20221007,000000,17.58,17.58,17.36,17.3889,520,0
RUFF.US,D,20221010,000000,17.28,17.3279,17.28,17.3279,307,0
RUFF.US,D,20221011,000000,17.3799,17.38,17.2923,17.2923,434,0
RUFF.US,D,20221012,000000,17.3399,17.38,17.3079,17.3079,982,0
RUFF.US,D,20221013,000000,17.13,17.69,17.13,17.685,4772,0
RUFF.US,D,20221014,000000,17.6202,17.636,17.1921,17.1921,554,0
RUFF.US,D,20221017,000000,17.536,17.57,17.5136,17.5141,5402,0
RUFF.US,D,20221018,000000,17.78,17.78,17.6756,17.6756,4107,0
RUFF.US,D,20221019,000000,17.7399,17.84,17.635,17.6486,1404,0
RUFF.US,D,20221020,000000,17.79,17.792,17.5652,17.6078,1321,0
RUFF.US,D,20221021,000000,17.8,18.0162,17.78,18.0162,4385,0
RUFF.US,D,20221024,000000,18.1899,18.2,18.1352,18.18,3244,0
RUFF.US,D,20221025,000000,18.324,18.345,18.2168,18.324,1967,0
RUFF.US,D,20221026,000000,18.5552,18.58,18.3356,18.374,4900,0
RUFF.US,D,20221027,000000,18.584,18.67,18.4607,18.4607,5402,0
RUFF.US,D,20221028,000000,18.665,18.7713,18.665,18.7713,545,0
RUFF.US,D,20221031,000000,18.725,18.828,18.725,18.7372,1440,0
RUFF.US,D,20221101,000000,18.85,18.85,18.7389,18.7389,1480,0
RUFF.US,D,20221102,000000,18.66,18.82,18.3756,18.3756,1097,0
RUFF.US,D,20221103,000000,18.2401,18.57,18.24,18.4538,12020,0
RUFF.US,D,20221104,000000,18.401,18.4902,18.401,18.4902,703,0
RUFF.US,D,20221107,000000,18.575,18.67,18.51,18.6067,5856,0
RUFF.US,D,20221108,000000,18.604,18.785,18.595,18.7216,2590,0
RUFF.US,D,20221109,000000,18.6699,18.67,18.21,18.2431,11040,0
RUFF.US,D,20221110,000000,18.42,18.6099,18.42,18.5539,6602,0
RUFF.US,D,20221111,000000,18.57,18.57,18.3197,18.3197,1477,0
RUFF.US,D,20221114,000000,18.4599,18.5999,18.3778,18.3778,15877,0
RUFF.US,D,20221115,000000,18.4768,18.5737,18.398,18.5232,15183,0
RUFF.US,D,20221116,000000,18.478,18.478,18.34,18.3569,1651,0
RUFF.US,D,20221117,000000,18.1649,18.2876,18.1649,18.2876,403,0
RUFF.US,D,20221118,000000,18.38,18.4005,18.25,18.3646,9677,0
RUFF.US,D,20221121,000000,18.3132,18.395,18.275,18.3478,5505,0
RUFF.US,D,20221122,000000,18.48,18.6282,18.4718,18.5967,8837,0
RUFF.US,D,20221123,000000,18.5601,18.6527,18.48,18.592,17981,0
RUFF.US,D,20221125,000000,18.6999,18.6999,18.645,18.6605,2391,0
RUFF.US,D,20221128,000000,18.535,18.535,18.3964,18.3964,203,0
RUFF.US,D,20221129,000000,18.482,18.482,18.36,18.4495,8680,0
RUFF.US,D,20221130,000000,18.445,18.7514,18.39,18.7514,4805,0
RUFF.US,D,20221201,000000,18.8199,18.82,18.68,18.7318,12216,0
RUFF.US,D,20221202,000000,18.8499,18.892,18.77,18.8569,8458,0
RUFF.US,D,20221205,000000,18.73,18.73,18.5142,18.5142,1718,0
RUFF.US,D,20221206,000000,18.457,18.52,18.17,18.2653,6281,0
RUFF.US,D,20221207,000000,18.348,18.39,18.2401,18.3018,3890,0
RUFF.US,D,20221208,000000,18.3985,18.4699,18.285,18.2991,35161,0
RUFF.US,D,20221209,000000,18.1716,18.1716,18.0705,18.0705,89378,0
RUFF.US,D,20221212,000000,18.138,18.27,18.07,18.2464,104167,0
RUFF.US,D,20221213,000000,18.46,18.49,18.18,18.2444,88889,0
RUFF.US,D,20221214,000000,18.32,18.45,18.2551,18.2551,106643,0
RUFF.US,D,20221215,000000,17.838,17.8775,17.838,17.8775,203,0
RUFF.US,D,20221216,000000,17.746,17.8033,17.7416,17.8033,2940,0
RUFF.US,D,20221219,000000,17.77,17.77,17.7477,17.7477,43311,0
RUFF.US,D,20221220,000000,17.77,17.818,17.76,17.7604,16970,0
RUFF.US,D,20221221,000000,17.88,17.98,17.88,17.9545,83309,0
RUFF.US,D,20221222,000000,17.7,17.796,17.6101,17.7946,20005,0
RUFF.US,D,20221223,000000,17.88,17.89,17.84,17.8878,13786,0
RUFF.US,D,20221227,000000,17.86,17.87,17.63,17.6399,62994,0
RUFF.US,D,20221228,000000,17.49,17.56,17.49,17.5034,21683,0
RUFF.US,D,20221229,000000,17.555,17.555,17.48,17.5388,46612,0
RUFF.US,D,20221230,000000,17.49,17.5199,17.4013,17.4013,7126,0
RUFF.US,D,20230103,000000,17.41,17.425,17.37,17.425,13406,0
RUFF.US,D,20230104,000000,17.4801,17.525,17.45,17.5049,20816,0
RUFF.US,D,20230105,000000,17.57,17.57,17.54,17.5682,26169,0
RUFF.US,D,20230106,000000,17.6701,17.8665,17.6701,17.8665,34495,0
RUFF.US,D,20230109,000000,17.853,18,17.73,17.7795,29400,0
RUFF.US,D,20230110,000000,17.8588,17.93,17.84,17.9004,16999,0
RUFF.US,D,20230111,000000,17.965,17.975,17.95,17.975,3151,0
RUFF.US,D,20230112,000000,18.0404,18.15,18.03,18.0721,45116,0
RUFF.US,D,20230113,000000,18.11,18.11,18.04,18.0719,3246,0
RUFF.US,D,20230117,000000,18.13,18.13,17.976,17.976,34026,0
RUFF.US,D,20230118,000000,18.0162,18.0162,17.6998,17.6998,4093,0
RUFF.US,D,20230119,000000,17.62,17.62,17.505,17.5483,1102,0
RUFF.US,D,20230120,000000,17.69,17.7903,17.64,17.7903,5189,0
RUFF.US,D,20230123,000000,17.91,18.0651,17.88,18.0651,19112,0
RUFF.US,D,20230124,000000,18,18.09,18,18.0733,7814,0
RUFF.US,D,20230125,000000,17.85,18.1182,17.82,18.1109,5240,0
RUFF.US,D,20230126,000000,18.23,18.3034,18.23,18.3034,4962,0
RUFF.US,D,20230127,000000,18.416,18.416,18.3683,18.3683,815,0
RUFF.US,D,20230130,000000,18.21,18.21,18.0552,18.0552,415,0
RUFF.US,D,20230131,000000,18.19,18.255,18.17,18.2546,8466,0
RUFF.US,D,20230201,000000,18.27,18.65,18.22,18.5188,8466,0
RUFF.US,D,20230202,000000,18.66,18.6998,18.57,18.6,13636,0
RUFF.US,D,20230203,000000,18.5302,18.615,18.4511,18.4511,1309,0
RUFF.US,D,20230206,000000,18.286,18.37,18.286,18.3263,22829,0
RUFF.US,D,20230207,000000,18.34,18.67,18.34,18.6552,1070,0
RUFF.US,D,20230208,000000,18.47,18.48,18.41,18.4335,3550,0
RUFF.US,D,20230209,000000,18.5,18.52,18.18,18.2223,3652,0
RUFF.US,D,20230210,000000,18.18,18.1836,18.13,18.1836,26998,0
RUFF.US,D,20230213,000000,18.16,18.41,18.13,18.3533,9692,0
RUFF.US,D,20230214,000000,18.46,18.47,18.4401,18.462,15794,0
RUFF.US,D,20230215,000000,18.4,18.5195,18.4,18.5195,529,0
RUFF.US,D,20230216,000000,18.43,18.495,18.2525,18.2525,2107,0
RUFF.US,D,20230217,000000,18.0499,18.1235,18.0499,18.1235,146,0
RUFF.US,D,20230221,000000,17.9238,17.9238,17.7611,17.7611,2959,0
RUFF.US,D,20230222,000000,17.76,17.76,17.68,17.6903,2068,0
RUFF.US,D,20230223,000000,17.8,17.8428,17.8,17.8428,209,0
RUFF.US,D,20230224,000000,17.6198,17.6198,17.6198,17.6198,6,0
RUFF.US,D,20230227,000000,18,18,17.6989,17.6989,5024,0
RUFF.US,D,20230228,000000,17.78,17.78,17.6736,17.6736,309,0
RUFF.US,D,20230301,000000,17.48,17.7,17.48,17.6235,1731,0
RUFF.US,D,20230302,000000,17.56,17.7082,17.54,17.7082,15878,0
RUFF.US,D,20230303,000000,17.89,18.0399,17.89,18.0201,26998,0
RUFF.US,D,20230306,000000,18.06,18.1699,18.0304,18.0304,3187,0
RUFF.US,D,20230307,000000,17.9,17.9,17.7546,17.7546,21004,0
RUFF.US,D,20230308,000000,17.71,17.7545,17.64,17.7545,986,0
RUFF.US,D,20230309,000000,17.77,17.77,17.3259,17.3259,155,0
RUFF.US,D,20230310,000000,17.24,17.24,16.9706,16.9706,4482,0
RUFF.US,D,20230313,000000,16.86,17.05,16.86,16.8811,229,0
RUFF.US,D,20230314,000000,17.21,17.3,17.1,17.2636,13956,0
RUFF.US,D,20230315,000000,16.91,17.08,16.84,17.012,2969,0
RUFF.US,D,20230316,000000,17.07,17.4185,17.07,17.4185,623,0
RUFF.US,D,20230317,000000,17.17,17.1999,17.1541,17.1541,353,0
RUFF.US,D,20230320,000000,17.238,17.2876,17.238,17.2876,201,0
RUFF.US,D,20230321,000000,17.53,17.53,17.52,17.5264,206,0
RUFF.US,D,20230322,000000,17.58,17.58,17.3506,17.3506,1298,0
RUFF.US,D,20230323,000000,17.636,17.6804,17.38,17.4926,5143,0
RUFF.US,D,20230324,000000,17.34,17.528,17.34,17.4951,21966,0
RUFF.US,D,20230327,000000,17.624,17.624,17.48,17.481,17199,0
RUFF.US,D,20230328,000000,17.3917,17.3917,17.3917,17.3917,4,0
RUFF.US,D,20230329,000000,17.53,17.61,17.53,17.6094,1471,0
RUFF.US,D,20230330,000000,17.7196,17.745,17.7196,17.745,202,0
RUFF.US,D,20230331,000000,17.8499,17.9914,17.8499,17.9914,336,0
RUFF.US,D,20230403,000000,17.974,18.08,17.974,18.0785,3632,0
RUFF.US,D,20230404,000000,18.114,18.114,17.9789,17.9789,587,0
RUFF.US,D,20230405,000000,17.9586,17.9586,17.9586,17.9586,3,0
RUFF.US,D,20230406,000000,17.9742,17.9742,17.9742,17.9742,102,0
RUFF.US,D,20230410,000000,17.95,17.95,17.9221,17.9221,867,0
RUFF.US,D,20230411,000000,17.9198,17.955,17.8882,17.8882,714,0
RUFF.US,D,20230412,000000,17.81,17.81,17.8063,17.8063,111,0
RUFF.US,D,20230413,000000,18.04,18.0816,18.0399,18.0806,357,0
RUFF.US,D,20230414,000000,18.1,18.1,18.03,18.0783,1102,0
RUFF.US,D,20230417,000000,17.98,18.06,17.98,18.0596,349,0
RUFF.US,D,20230418,000000,18.0698,18.09,18.0698,18.0824,407,0
RUFF.US,D,20230419,000000,17.9952,18.07,17.9952,18.0426,1008,0
RUFF.US,D,20230420,000000,18.0374,18.0374,17.925,17.9339,5205,0
RUFF.US,D,20230421,000000,17.9376,17.9748,17.925,17.9748,1255,0
RUFF.US,D,20230424,000000,17.97,17.99,17.97,17.9814,1220,0
RUFF.US,D,20230425,000000,17.86,17.8601,17.73,17.745,10537,0
RUFF.US,D,20230426,000000,17.765,17.8302,17.7248,17.7248,4607,0
RUFF.US,D,20230427,000000,17.885,18.0774,17.885,18.0735,411,0
RUFF.US,D,20230428,000000,18.17,18.195,18.1699,18.195,308,0
RUFF.US,D,20230501,000000,18.2,18.23,18.1797,18.1878,2501,0
RUFF.US,D,20230502,000000,17.976,18.025,17.976,18.003,917,0
RUFF.US,D,20230503,000000,18.0399,18.04,17.8337,17.8337,304,0
RUFF.US,D,20230504,000000,17.7058,17.735,17.7058,17.7225,302,0
RUFF.US,D,20230505,000000,17.9199,18.0281,17.9199,18.0281,4740,0
RUFF.US,D,20230508,000000,18.025,18.09,18.025,18.0812,342,0
RUFF.US,D,20230509,000000,18.06,18.08,18.0273,18.0273,1093,0
RUFF.US,D,20230510,000000,18.035,18.1153,18.02,18.1153,1444,0
RUFF.US,D,20230511,000000,18.0597,18.1569,18.0597,18.1569,203,0
RUFF.US,D,20230512,000000,18.12,18.15,18.06,18.1182,528,0
RUFF.US,D,20230515,000000,18.15,18.15,18.144,18.144,202,0
RUFF.US,D,20230516,000000,18.1397,18.1416,18.0951,18.0951,204,0
RUFF.US,D,20230517,000000,18.1999,18.36,18.1999,18.3323,4904,0
RUFF.US,D,20230518,000000,18.4,18.6275,18.4,18.6275,3553,0
RUFF.US,D,20230519,000000,18.6598,18.6598,18.5645,18.5645,209,0
RUFF.US,D,20230522,000000,18.64,18.6401,18.5552,18.5552,607,0
RUFF.US,D,20230523,000000,18.5,18.5,18.3452,18.3452,2023,0
RUFF.US,D,20230524,000000,18.255,18.3274,18.255,18.3274,102,0
RUFF.US,D,20230525,000000,18.6298,18.65,18.6298,18.6387,5102,0
RUFF.US,D,20230526,000000,18.9074,19.04,18.9074,19.0184,5481,0
RUFF.US,D,20230530,000000,19.2501,19.2696,19.0579,19.0579,7895,0
RUFF.US,D,20230531,000000,18.945,19.0398,18.945,19.0199,402,0
RUFF.US,D,20230601,000000,19.1,19.2499,19.0989,19.1483,509,0
RUFF.US,D,20230602,000000,19.49,19.49,19.3099,19.3924,707,0
RUFF.US,D,20230605,000000,19.4357,19.4357,19.4357,19.4357,109,0
RUFF.US,D,20230606,000000,19.36,19.44,19.36,19.4097,3861,0
RUFF.US,D,20230607,000000,19.5,19.5,19.1204,19.1204,2653,0
RUFF.US,D,20230608,000000,19.4,19.4,19.3921,19.3921,355,0
RUFF.US,D,20230609,000000,19.4832,19.4832,19.4832,19.4832,17,0
RUFF.US,D,20230612,000000,19.6297,19.7465,19.5974,19.7465,420,0
RUFF.US,D,20230613,000000,19.88,19.98,19.88,19.9419,3057,0
RUFF.US,D,20230614,000000,20,20.08,19.93,20.0187,2829,0
RUFF.US,D,20230615,000000,20.2396,20.3137,20.2396,20.3137,18116,0
RUFF.US,D,20230616,000000,20.405,20.405,20.2235,20.2235,1968,0
RUFF.US,D,20230620,000000,20.06,20.1616,20.06,20.1616,708,0
RUFF.US,D,20230621,000000,19.87,19.88,19.8557,19.8729,506,0
RUFF.US,D,20230622,000000,19.94,20.002,19.94,20.002,3271,0
RUFF.US,D,20230623,000000,19.59,19.8241,19.59,19.8241,441,0
RUFF.US,D,20230626,000000,19.8574,19.8574,19.6275,19.6275,631,0
RUFF.US,D,20230627,000000,19.83,19.95,19.8299,19.9144,2091,0
RUFF.US,D,20230628,000000,20.0174,20.0174,19.8757,19.8757,205,0
RUFF.US,D,20230629,000000,19.85,19.91,19.85,19.877,3376,0
RUFF.US,D,20230630,000000,20.1999,20.22,20.17,20.1796,7842,0
RUFF.US,D,20230703,000000,20.2454,20.2454,20.2454,20.2454,30,0
RUFF.US,D,20230705,000000,20.25,20.27,20.2194,20.2194,4648,0
RUFF.US,D,20230706,000000,19.9,19.9585,19.9,19.9585,431,0
RUFF.US,D,20230707,000000,20.02,20.16,19.9466,19.9466,33060,0
RUFF.US,D,20230710,000000,20.02,20.0999,19.94,20.0999,13771,0
RUFF.US,D,20230711,000000,20.1597,20.31,20.12,20.2924,16162,0
RUFF.US,D,20230712,000000,20.51,20.51,20.36,20.3988,8793,0
RUFF.US,D,20230713,000000,20.62,20.664,20.62,20.664,1210,0
RUFF.US,D,20230714,000000,20.75,20.75,20.5306,20.5306,920,0
RUFF.US,D,20230717,000000,20.7,20.79,20.7,20.7765,5855,0
RUFF.US,D,20230718,000000,20.76,20.9974,20.76,20.9682,4672,0
RUFF.US,D,20230719,000000,21.02,21.02,20.9274,20.9434,1684,0
RUFF.US,D,20230720,000000,20.8,20.8,20.4477,20.4477,1096,0
RUFF.US,D,20230721,000000,20.48,20.48,20.3991,20.3991,4449,0
RUFF.US,D,20230724,000000,20.63,20.63,20.4399,20.4454,2479,0
RUFF.US,D,20230725,000000,20.5452,20.64,20.5452,20.5861,2111,0
RUFF.US,D,20230726,000000,20.5548,20.5548,20.52,20.5483,1019,0
RUFF.US,D,20230727,000000,20.83,20.83,20.4453,20.4453,3966,0
RUFF.US,D,20230728,000000,20.63,20.7097,20.63,20.6813,842,0
RUFF.US,D,20230731,000000,20.79,20.8,20.7634,20.7634,612,0
RUFF.US,D,20230801,000000,20.78,20.85,20.7654,20.8171,1202,0
RUFF.US,D,20230802,000000,20.44,20.4655,20.23,20.23,4816,0
RUFF.US,D,20230803,000000,20.17,20.17,20.09,20.09,484,0
RUFF.US,D,20230804,000000,20.2398,20.2398,19.99,19.99,204,0
RUFF.US,D,20230807,000000,20.055,20.18,20.04,20.18,1989,0
RUFF.US,D,20230808,000000,19.9426,20.0461,19.9426,20.0461,157,0
RUFF.US,D,20230809,000000,19.9996,19.9996,19.8462,19.8462,101,0
RUFF.US,D,20230810,000000,19.9571,19.9571,19.9571,19.9571,17,0
RUFF.US,D,20230811,000000,19.9,19.9,19.8365,19.8365,649,0
RUFF.US,D,20230814,000000,19.9174,19.9532,19.9174,19.9532,217,0
RUFF.US,D,20230815,000000,19.83,19.83,19.7335,19.7335,1212,0
RUFF.US,D,20230816,000000,19.5572,19.5572,19.5572,19.5572,134,0
RUFF.US,D,20230817,000000,19.58,19.58,19.3888,19.3888,263,0
RUFF.US,D,20230818,000000,19.355,19.355,19.3261,19.3261,116,0
RUFF.US,D,20230821,000000,19.58,19.6423,19.5654,19.6423,506,0
RUFF.US,D,20230822,000000,19.5002,19.5271,19.5,19.5271,329,0
RUFF.US,D,20230823,000000,19.6668,19.725,19.6668,19.6949,303,0
RUFF.US,D,20230824,000000,19.3392,19.3392,19.3392,19.3392,2,0
RUFF.US,D,20230825,000000,19.3701,19.5097,19.27,19.464,14686,0
RUFF.US,D,20230828,000000,19.58,19.6066,19.58,19.6066,792,0
RUFF.US,D,20230829,000000,19.8896,19.98,19.8896,19.98,1455,0
RUFF.US,D,20230830,000000,19.9601,20.085,19.96,20.0763,2887,0
RUFF.US,D,20230831,000000,20.2798,20.2798,20.201,20.201,1026,0
RUFF.US,D,20230901,000000,20.2297,20.2297,20.2071,20.2071,329,0
RUFF.US,D,20230905,000000,20.2305,20.28,20.21,20.2157,12949,0
RUFF.US,D,20230906,000000,20.12,20.12,20.08,20.0981,519,0
RUFF.US,D,20230907,000000,19.95,20.0605,19.95,20.0605,343,0
RUFF.US,D,20230908,000000,20.11,20.2497,20.11,20.117,934,0
RUFF.US,D,20230911,000000,20.31,20.31,20.2791,20.2791,900,0
RUFF.US,D,20230912,000000,20.113,20.117,20.0718,20.0718,303,0
RUFF.US,D,20230913,000000,20.12,20.12,20.0738,20.0738,210,0
RUFF.US,D,20230914,000000,20.2616,20.31,20.2616,20.2714,303,0
RUFF.US,D,20230915,000000,19.9705,19.9705,19.9705,19.9705,7,0
RUFF.US,D,20230918,000000,20.03,20.11,19.96,19.9857,17403,0
RUFF.US,D,20230919,000000,19.93,19.95,19.89,19.9169,1159,0
RUFF.US,D,20230920,000000,20.0196,20.0196,19.7676,19.7676,101,0
RUFF.US,D,20230921,000000,19.44,19.44,19.3525,19.3525,10921,0
RUFF.US,D,20230922,000000,19.4,19.4,19.3192,19.3192,731,0
RUFF.US,D,20230925,000000,19.3999,19.3999,19.3704,19.3704,196,0
RUFF.US,D,20230926,000000,19.1777,19.1777,19.1777,19.1777,9,0
RUFF.US,D,20230927,000000,19.2899,19.2899,19.2899,19.2899,165,0
RUFF.US,D,20230928,000000,19.38,19.487,19.3617,19.4457,657,0
RUFF.US,D,20230929,000000,19.6136,19.63,19.3904,19.3904,1507,0
RUFF.US,D,20231002,000000,19.4,19.4266,19.4,19.4266,1222,0
RUFF.US,D,20231003,000000,19.01,19.0361,19.0099,19.0361,203,0
RUFF.US,D,20231004,000000,19,19.18,19,19.1763,2907,0
RUFF.US,D,20231005,000000,19.0002,19.18,19,19.1297,3163,0
RUFF.US,D,20231006,000000,19.197,19.53,19.197,19.505,33228,0
RUFF.US,D,20231009,000000,19.435,19.7,19.435,19.6514,11574,0
RUFF.US,D,20231010,000000,19.93,19.98,19.8178,19.8178,2429,0
RUFF.US,D,20231011,000000,19.85,19.9249,19.85,19.9249,45543,0
RUFF.US,D,20231012,000000,19.92,19.9201,19.7205,19.7657,2840,0
RUFF.US,D,20231013,000000,19.83,19.83,19.541,19.541,1499,0
RUFF.US,D,20231016,000000,19.64,19.84,19.64,19.8122,22038,0
RUFF.US,D,20231017,000000,19.92,19.92,19.8299,19.8643,1991,0
RUFF.US,D,20231018,000000,19.45,19.4938,19.44,19.4938,1803,0
RUFF.US,D,20231019,000000,19.46,19.46,19.26,19.26,495,0
RUFF.US,D,20231020,000000,19.055,19.055,18.9452,18.9452,102,0
RUFF.US,D,20231023,000000,19.17,19.17,19.0379,19.0379,769,0
RUFF.US,D,20231024,000000,19.12,19.26,19.11,19.2079,7514,0
RUFF.US,D,20231025,000000,18.95,18.95,18.7184,18.7184,1579,0
RUFF.US,D,20231026,000000,18.7214,18.7214,18.34,18.4044,6063,0
RUFF.US,D,20231027,000000,18.557,18.56,18.4496,18.4496,5560,0
RUFF.US,D,20231030,000000,18.7299,18.73,18.635,18.6397,848,0
RUFF.US,D,20231031,000000,18.72,18.76,18.72,18.7338,815,0
RUFF.US,D,20231101,000000,18.79,19.0599,18.79,19.0552,1458,0
RUFF.US,D,20231102,000000,19.445,19.49,19.445,19.4681,434,0
RUFF.US,D,20231103,000000,19.75,19.915,19.7002,19.8518,9686,0
RUFF.US,D,20231106,000000,19.85,19.85,19.799,19.799,215,0
RUFF.US,D,20231107,000000,19.91,20.0197,19.91,19.9679,5904,0
RUFF.US,D,20231108,000000,19.977,19.9833,19.977,19.9833,203,0
RUFF.US,D,20231109,000000,19.965,19.995,19.8309,19.8309,402,0
RUFF.US,D,20231110,000000,19.97,20.24,19.97,20.2127,1689,0
RUFF.US,D,20231113,000000,20.19,20.3,20.1899,20.2481,2357,0
RUFF.US,D,20231114,000000,20.6999,20.8,20.69,20.7141,5606,0
RUFF.US,D,20231115,000000,20.84,20.97,20.7556,20.7556,2676,0
RUFF.US,D,20231116,000000,20.62,20.6277,20.61,20.6277,4565,0
RUFF.US,D,20231117,000000,20.655,20.72,20.655,20.7107,2056,0
RUFF.US,D,20231120,000000,20.75,20.9072,20.74,20.9072,3954,0
RUFF.US,D,20231121,000000,20.865,20.865,20.8586,20.8586,155,0
RUFF.US,D,20231122,000000,21,21,20.9196,20.9196,480,0
RUFF.US,D,20231124,000000,20.88,20.93,20.88,20.895,2178,0
RUFF.US,D,20231127,000000,21,21,20.84,20.8724,3565,0
RUFF.US,D,20231128,000000,20.63,20.915,20.63,20.91,2839,0
RUFF.US,D,20231129,000000,20.94,21.1,20.8737,20.8737,3418,0
RUFF.US,D,20231130,000000,20.825,20.8602,20.8,20.8602,1206,0
RUFF.US,D,20231201,000000,21.019,21.24,21.019,21.232,3370,0
RUFF.US,D,20231204,000000,21.077,21.1323,21.077,21.1323,116,0
RUFF.US,D,20231205,000000,21.14,21.14,21.0267,21.0267,129,0
RUFF.US,D,20231206,000000,21.25,21.25,20.9797,20.9797,758,0
RUFF.US,D,20231207,000000,21.19,21.24,21.1424,21.2291,3762,0
RUFF.US,D,20231208,000000,21.25,21.36,21.2285,21.3292,3545,0
RUFF.US,D,20231211,000000,21.44,21.4615,21.43,21.4615,3048,0
RUFF.US,D,20231212,000000,21.37,21.44,21.3699,21.4219,3981,0
RUFF.US,D,20231213,000000,21.6,21.81,21.6,21.7935,578,0
RUFF.US,D,20231214,000000,22.35,23.14,22.04,22.0769,2175,0
RUFF.US,D,20231215,000000,21.92,22.21,21.92,22.1592,12704,0
RUFF.US,D,20231218,000000,22.255,22.32,22.205,22.2556,1668,0
RUFF.US,D,20231219,000000,22.47,22.47,22.426,22.4533,729,0
RUFF.US,D,20231220,000000,22.455,22.54,22.1109,22.1109,1922,0
RUFF.US,D,20231221,000000,22.4,22.4,22.2317,22.3591,1235,0
RUFF.US,D,20231222,000000,22.465,22.465,22.3396,22.3396,229,0
RUFF.US,D,20231226,000000,22.3616,22.45,22.3616,22.4064,760,0
RUFF.US,D,20231227,000000,22.47,22.47,22.4271,22.4271,255,0
RUFF.US,D,20231228,000000,22.4899,22.49,22.4081,22.4081,2956,0
RUFF.US,D,20231229,000000,22.46,22.46,22.262,22.3006,1718,0
RUFF.US,D,20240102,000000,22.11,22.115,22.0713,22.0713,1036,0
RUFF.US,D,20240103,000000,21.73,21.73,21.7181,21.7181,295,0
RUFF.US,D,20240104,000000,21.7,21.75,21.679,21.679,303,0
RUFF.US,D,20240105,000000,21.81,21.81,21.7225,21.7225,4710,0
RUFF.US,D,20240108,000000,21.855,22.0385,21.83,22.0385,3519,0
RUFF.US,D,20240109,000000,21.945,22.05,21.945,22.0418,1218,0
RUFF.US,D,20240110,000000,22.09,22.1448,22.09,22.1448,819,0
RUFF.US,D,20240111,000000,22.02,22.22,22.02,22.2042,1099,0
RUFF.US,D,20240112,000000,22.33,22.33,22.13,22.1682,1916,0
RUFF.US,D,20240116,000000,22.1399,22.1399,22.1283,22.1283,488,0
RUFF.US,D,20240117,000000,22.0098,22.0098,22.0098,22.0098,6,0
RUFF.US,D,20240118,000000,22.0265,22.19,22.0265,22.1768,5243,0
RUFF.US,D,20240119,000000,22.28,22.51,22.28,22.4718,9931,0
RUFF.US,D,20240122,000000,22.58,22.64,22.58,22.6108,5746,0
RUFF.US,D,20240123,000000,22.52,22.57,22.51,22.5526,2829,0
RUFF.US,D,20240124,000000,22.6315,22.7799,22.57,22.6012,2146,0
RUFF.US,D,20240125,000000,22.48,22.547,22.48,22.547,676,0
RUFF.US,D,20240126,000000,22.62,22.62,22.51,22.552,2508,0
RUFF.US,D,20240129,000000,22.63,22.79,22.584,22.7897,1804,0
RUFF.US,D,20240130,000000,22.87,22.91,22.83,22.8761,15567,0
RUFF.US,D,20240131,000000,22.7544,22.7544,22.5457,22.5457,405,0
RUFF.US,D,20240201,000000,22.5799,22.76,22.52,22.7472,2352,0
RUFF.US,D,20240202,000000,23.06,23.235,23.0027,23.2072,4041,0
RUFF.US,D,20240205,000000,23.21,23.24,23.1681,23.1826,1073,0
RUFF.US,D,20240206,000000,23.1597,23.16,23.1,23.1389,1164,0
RUFF.US,D,20240207,000000,23.4386,23.4386,23.4386,23.4386,27,0
RUFF.US,D,20240208,000000,23.4328,23.4328,23.425,23.4304,318,0
RUFF.US,D,20240209,000000,23.516,23.61,23.516,23.5749,33074,0
RUFF.US,D,20240212,000000,23.63,23.63,23.5113,23.5113,882,0
RUFF.US,D,20240213,000000,23.25,23.31,23.2,23.2216,4225,0
RUFF.US,D,20240214,000000,23.3997,23.442,23.395,23.442,1085,0
RUFF.US,D,20240215,000000,23.4898,23.59,23.4898,23.5785,2651,0
RUFF.US,D,20240216,000000,23.56,23.6698,23.4711,23.4711,6514,0
RUFF.US,D,20240220,000000,23.3098,23.3098,23.2255,23.2255,388,0
RUFF.US,D,20240221,000000,23.22,23.3054,23.2036,23.3054,4711,0
RUFF.US,D,20240222,000000,23.7,23.9098,23.58,23.8319,3767,0
RUFF.US,D,20240223,000000,23.888,23.91,23.85,23.8538,3750,0
RUFF.US,D,20240226,000000,23.96,23.99,23.86,23.8861,46698,0
RUFF.US,D,20240227,000000,23.89,23.89,23.83,23.8719,849,0
RUFF.US,D,20240228,000000,23.8299,23.8299,23.77,23.7874,6811,0
RUFF.US,D,20240229,000000,23.89,23.9749,23.84,23.9749,2533,0
RUFF.US,D,20240301,000000,24.04,24.18,24.04,24.1271,14279,0
RUFF.US,D,20240304,000000,24.08,24.1699,24.0523,24.0523,4706,0
RUFF.US,D,20240305,000000,23.8,23.8,23.775,23.7844,998,0
RUFF.US,D,20240306,000000,23.89,23.9728,23.82,23.9037,19382,0
RUFF.US,D,20240307,000000,24,24.22,24,24.1812,16208,0
RUFF.US,D,20240308,000000,24.32,24.32,23.94,23.94,823,0
RUFF.US,D,20240311,000000,23.78,23.97,23.78,23.8829,2628,0
RUFF.US,D,20240312,000000,24.1498,24.23,24.06,24.19,1863,0
RUFF.US,D,20240313,000000,24.18,24.195,24.14,24.14,641,0
RUFF.US,D,20240314,000000,24.17,24.17,24.08,24.16,2026,0
RUFF.US,D,20240315,000000,23.99,24.02,23.9869,23.9869,15453,0
RUFF.US,D,20240318,000000,24.2142,24.26,24.19,24.19,4801,0
RUFF.US,D,20240319,000000,24.19,24.3599,24.17,24.3457,1656,0
RUFF.US,D,20240320,000000,24.416,24.62,24.416,24.6191,2920,0
RUFF.US,D,20240321,000000,24.75,24.7785,24.6957,24.6957,6317,0
RUFF.US,D,20240322,000000,24.705,24.705,24.67,24.682,2461,0
RUFF.US,D,20240325,000000,24.71,24.75,24.66,24.75,1375,0
RUFF.US,D,20240326,000000,24.75,24.77,24.67,24.6701,1525,0
RUFF.US,D,20240327,000000,24.67,24.71,24.58,24.7095,25535,0
RUFF.US,D,20240328,000000,24.754,24.81,24.721,24.7617,8932,0
RUFF.US,D,20240401,000000,24.69,24.79,24.63,24.63,1119,0
RUFF.US,D,20240402,000000,24.54,24.65,24.54,24.6369,1907,0
RUFF.US,D,20240403,000000,24.725,24.795,24.72,24.72,709,0
RUFF.US,D,20240404,000000,24.879,24.93,24.35,24.35,2043,0
RUFF.US,D,20240405,000000,24.59,24.78,24.5899,24.6872,10645,0
RUFF.US,D,20240408,000000,24.695,24.77,24.67,24.6733,7082,0
RUFF.US,D,20240409,000000,24.7141,24.7141,24.49,24.5287,14263,0
RUFF.US,D,20240410,000000,24.45,24.5206,24.45,24.52,1331,0
RUFF.US,D,20240411,000000,24.47,24.7206,24.47,24.6989,2960,0
RUFF.US,D,20240412,000000,24.47,24.51,24.3406,24.3617,4517,0
RUFF.US,D,20240415,000000,24.43,24.4399,24.0264,24.0264,5636,0
RUFF.US,D,20240416,000000,23.96,24.0985,23.9348,24.0134,5147,0
RUFF.US,D,20240417,000000,24.08,24.08,23.8602,23.8602,753,0
RUFF.US,D,20240418,000000,23.92,23.9499,23.7599,23.7599,432,0
RUFF.US,D,20240419,000000,23.7402,23.7402,23.5,23.5,3325,0
RUFF.US,D,20240422,000000,23.6248,23.7,23.46,23.6398,1585,0
RUFF.US,D,20240423,000000,23.8,23.98,23.8,23.9235,2717,0
RUFF.US,D,20240424,000000,24.08,24.08,23.8515,23.8515,409,0
RUFF.US,D,20240425,000000,23.5532,23.83,23.5532,23.7736,1700,0
RUFF.US,D,20240426,000000,23.835,23.9,23.835,23.8756,1103,0
RUFF.US,D,20240429,000000,23.97,24.02,23.9699,23.9991,2519,0
RUFF.US,D,20240430,000000,23.9599,23.9599,23.5261,23.5261,2030,0
RUFF.US,D,20240501,000000,23.3735,23.3735,23.3735,23.3735,138,0
RUFF.US,D,20240502,000000,23.43,23.6,23.43,23.5785,716,0
RUFF.US,D,20240503,000000,23.8654,23.97,23.85,23.9313,535,0
RUFF.US,D,20240506,000000,24.26,24.26,24.2503,24.2503,479,0
RUFF.US,D,20240507,000000,24.2964,24.33,24.25,24.2559,4406,0
RUFF.US,D,20240508,000000,24.196,24.196,24.196,24.196,140,0
RUFF.US,D,20240509,000000,24.3242,24.4091,24.27,24.3118,14940,0
RUFF.US,D,20240510,000000,24.33,24.41,24.33,24.41,2489,0
RUFF.US,D,20240513,000000,24.39,24.39,24.27,24.2828,2199,0
RUFF.US,D,20240514,000000,24.28,24.4,24.245,24.3953,1024,0
RUFF.US,D,20240515,000000,24.51,24.6385,24.5,24.6385,3816,0
RUFF.US,D,20240516,000000,24.68,24.75,24.5489,24.5489,6645,0
RUFF.US,D,20240517,000000,24.65,24.71,24.6,24.6867,851,0
RUFF.US,D,20240520,000000,24.8,24.8,24.72,24.7754,4123,0
RUFF.US,D,20240521,000000,24.79,24.8,24.7,24.7877,35978,0
RUFF.US,D,20240522,000000,24.66,24.67,24.52,24.5918,6492,0
RUFF.US,D,20240523,000000,24.705,24.705,24.45,24.4715,2185,0
RUFF.US,D,20240524,000000,24.57,24.72,24.57,24.6865,2542,0
RUFF.US,D,20240528,000000,24.7897,24.81,24.74,24.8033,10294,0
RUFF.US,D,20240529,000000,24.7,24.7,24.62,24.62,1024,0
RUFF.US,D,20240530,000000,24.5499,24.5499,24.42,24.4443,2391,0
RUFF.US,D,20240531,000000,24.575,24.575,24.21,24.5319,924,0
RUFF.US,D,20240603,000000,24.58,24.58,24.305,24.4515,4887,0
RUFF.US,D,20240604,000000,24.43,24.51,24.4292,24.475,1191,0
RUFF.US,D,20240605,000000,24.6128,24.8347,24.6128,24.8347,1728,0
RUFF.US,D,20240606,000000,24.88,24.88,24.8,24.859,824,0
RUFF.US,D,20240607,000000,24.91,24.98,24.798,24.798,2428,0
RUFF.US,D,20240610,000000,24.8259,24.96,24.8259,24.893,5253,0
RUFF.US,D,20240611,000000,24.89,24.9219,24.74,24.9219,476,0
RUFF.US,D,20240612,000000,25.03,25.22,25.03,25.1504,1476,0
RUFF.US,D,20240613,000000,25.33,25.33,25.1999,25.2389,2572,0
RUFF.US,D,20240614,000000,25.1,25.1813,25.1,25.1813,829,0
RUFF.US,D,20240617,000000,25.2601,25.61,25.1,25.5095,6432,0
RUFF.US,D,20240618,000000,25.57,25.62,25.5299,25.5745,5509,0
RUFF.US,D,20240620,000000,25.58,25.58,25.4201,25.5,1407,0
RUFF.US,D,20240621,000000,25.35,25.3866,25.35,25.3866,4065,0
RUFF.US,D,20240624,000000,25.405,25.4599,25.2987,25.2987,3709,0
RUFF.US,D,20240625,000000,25.39,25.4954,25.38,25.4954,8161,0
RUFF.US,D,20240626,000000,25.5199,25.5221,25.455,25.5221,840,0
RUFF.US,D,20240627,000000,25.5,25.51,25.4891,25.4891,453,0
RUFF.US,D,20240628,000000,25.67,25.67,25.4261,25.4261,614,0
RUFF.US,D,20240701,000000,25.42,25.55,25.4,25.5373,623,0
RUFF.US,D,20240702,000000,25.58,25.69,25.58,25.6725,955,0
RUFF.US,D,20240703,000000,25.83,25.8465,25.82,25.8465,325,0
RUFF.US,D,20240705,000000,25.91,25.91,25.81,25.8577,898,0
RUFF.US,D,20240708,000000,25.8999,25.8999,25.7903,25.7903,641,0
RUFF.US,D,20240709,000000,25.8,25.84,25.7142,25.7143,12824,0
RUFF.US,D,20240710,000000,25.7299,25.7923,25.7299,25.7923,124,0
RUFF.US,D,20240711,000000,25.492,25.492,25.492,25.492,6,0
RUFF.US,D,20240712,000000,25.656,25.6893,25.5491,25.5491,1308,0
RUFF.US,D,20240715,000000,25.8399,25.92,25.7734,25.7734,1754,0
RUFF.US,D,20240716,000000,25.83,25.89,25.83,25.8884,285,0
RUFF.US,D,20240717,000000,25.3665,25.3665,25.3665,25.3665,101,0
RUFF.US,D,20240718,000000,25.1605,25.1605,25.1605,25.1605,248,0
RUFF.US,D,20240719,000000,24.9989,24.9989,24.9989,24.9989,16,0
RUFF.US,D,20240722,000000,25.22,25.2419,25.1002,25.2419,760,0
RUFF.US,D,20240723,000000,25.3292,25.3292,25.1594,25.1594,150,0
RUFF.US,D,20240724,000000,24.52,24.53,24.4911,24.4911,1817,0
RUFF.US,D,20240725,000000,24.506,24.7996,24.461,24.461,2781,0
RUFF.US,D,20240726,000000,24.72,24.88,24.7,24.733,2916,0
RUFF.US,D,20240729,000000,24.88,24.8894,24.7582,24.7582,1497,0
RUFF.US,D,20240730,000000,24.835,24.835,24.6099,24.7324,309,0
RUFF.US,D,20240731,000000,25.255,25.28,25.21,25.2368,1479,0
RUFF.US,D,20240801,000000,25.374,25.374,24.6671,24.6671,1746,0
RUFF.US,D,20240802,000000,24.06,24.1758,23.9,23.9508,5819,0
RUFF.US,D,20240805,000000,23.2011,23.2011,23.2011,23.2011,328,0
RUFF.US,D,20240806,000000,23.5699,23.83,23.5699,23.5962,677,0
RUFF.US,D,20240807,000000,23.6824,23.6824,23.3575,23.3575,5420,0
RUFF.US,D,20240808,000000,23.71,23.9892,23.71,23.9595,613,0
RUFF.US,D,20240809,000000,23.99,24.1545,23.99,24.1545,329,0
RUFF.US,D,20240812,000000,24.21,24.21,24.14,24.1808,3582,0
RUFF.US,D,20240813,000000,24.28,24.5716,24.28,24.5716,2216,0
RUFF.US,D,20240814,000000,24.51,24.6925,24.51,24.6925,3826,0
RUFF.US,D,20240815,000000,25.01,25.14,25.01,25.1023,439,0
RUFF.US,D,20240816,000000,25.09,25.235,25.03,25.1973,12026,0
RUFF.US,D,20240819,000000,25.2792,25.4,25.237,25.4,5379,0
RUFF.US,D,20240820,000000,25.305,25.305,25.24,25.2552,1181,0
RUFF.US,D,20240821,000000,25.27,25.3745,25.27,25.3745,348,0
RUFF.US,D,20240822,000000,25.405,25.405,25.13,25.1341,4664,0
RUFF.US,D,20240823,000000,25.54,25.6364,25.38,25.6364,398,0
RUFF.US,D,20240826,000000,25.67,25.67,25.5259,25.5259,1056,0
RUFF.US,D,20240827,000000,25.41,25.5351,25.39,25.5351,3823,0
RUFF.US,D,20240828,000000,25.427,25.427,25.06,25.3344,25084,0
RUFF.US,D,20240829,000000,25.43,25.49,25.03,25.2382,229211,0
RUFF.US,D,20240830,000000,25.35,25.5189,25.3077,25.5189,4103,0
