<TICKER>,<PER>,<DATE>,<TIME>,<OPEN>,<HIGH>,<LOW>,<CLOSE>,<VOL>,<OPENINT>
RVRB.US,D,20221107,000000,19.57,19.685,19.56,19.667,5505,0
RVRB.US,D,20221108,000000,19.84,19.84,19.7984,19.7984,200,0
RVRB.US,D,20221109,000000,19.2722,19.2722,19.2722,19.2722,55,0
RVRB.US,D,20221110,000000,20.41,20.41,20.4,20.4,1000,0
RVRB.US,D,20221111,000000,20.4245,20.6434,20.4245,20.6434,194,0
RVRB.US,D,20221114,000000,20.4728,20.4728,20.4728,20.4728,63,0
RVRB.US,D,20221115,000000,20.6376,20.6376,20.6376,20.6376,114,0
RVRB.US,D,20221116,000000,20.4989,20.4989,20.4989,20.4989,48,0
RVRB.US,D,20221117,000000,20.42,20.42,20.3901,20.3901,249,0
RVRB.US,D,20221118,000000,20.4808,20.4808,20.4808,20.4808,49,0
RVRB.US,D,20221121,000000,20.42,20.43,20.4104,20.4104,4724,0
RVRB.US,D,20221122,000000,20.6828,20.6828,20.6828,20.6828,49,0
RVRB.US,D,20221123,000000,20.8026,20.8026,20.8026,20.8026,48,0
RVRB.US,D,20221125,000000,20.8007,20.8007,20.8007,20.8007,48,0
RVRB.US,D,20221128,000000,20.4903,20.4903,20.4903,20.4903,48,0
RVRB.US,D,20221129,000000,20.4466,20.4466,20.4466,20.4466,49,0
RVRB.US,D,20221130,000000,21.0416,21.0416,21.0416,21.0416,49,0
RVRB.US,D,20221201,000000,21.0815,21.0815,21.0815,21.0815,48,0
RVRB.US,D,20221202,000000,21.0448,21.0448,21.0448,21.0448,47,0
RVRB.US,D,20221205,000000,20.6606,20.6606,20.6606,20.6606,48,0
RVRB.US,D,20221206,000000,20.3484,20.3484,20.3484,20.3484,48,0
RVRB.US,D,20221207,000000,20.3172,20.3172,20.3172,20.3172,49,0
RVRB.US,D,20221208,000000,20.4597,20.4597,20.4597,20.4597,49,0
RVRB.US,D,20221209,000000,20.325,20.325,20.325,20.325,53,0
RVRB.US,D,20221212,000000,20.588,20.588,20.588,20.588,49,0
RVRB.US,D,20221213,000000,20.7474,20.7474,20.7474,20.7474,49,0
RVRB.US,D,20221214,000000,20.6407,20.6407,20.6407,20.6407,48,0
RVRB.US,D,20221215,000000,20.1002,20.1002,20.1002,20.1002,70,0
RVRB.US,D,20221216,000000,19.9147,19.9147,19.9147,19.9147,50,0
RVRB.US,D,20221219,000000,19.7137,19.7137,19.7137,19.7137,50,0
RVRB.US,D,20221220,000000,19.7473,19.7473,19.7473,19.7473,51,0
RVRB.US,D,20221221,000000,20.0184,20.0184,20.0184,20.0184,73,0
RVRB.US,D,20221222,000000,19.7269,19.7269,19.7269,19.7269,50,0
RVRB.US,D,20221223,000000,19.8446,19.8446,19.8446,19.8446,51,0
RVRB.US,D,20221227,000000,19.7707,19.7707,19.7707,19.7707,50,0
RVRB.US,D,20221228,000000,19.64,19.64,19.5392,19.5392,327,0
RVRB.US,D,20221229,000000,19.8823,19.8823,19.8823,19.8823,51,0
RVRB.US,D,20221230,000000,19.7658,19.7658,19.7658,19.7658,50,0
RVRB.US,D,20230103,000000,19.6929,19.6929,19.6929,19.6929,50,0
RVRB.US,D,20230104,000000,19.8223,19.8223,19.8223,19.8223,51,0
RVRB.US,D,20230105,000000,19.6151,19.6151,19.6151,19.6151,51,0
RVRB.US,D,20230106,000000,20.057,20.057,20.057,20.057,50,0
RVRB.US,D,20230109,000000,20.0684,20.0684,20.0684,20.0684,50,0
RVRB.US,D,20230110,000000,20.1939,20.1939,20.1939,20.1939,50,0
RVRB.US,D,20230111,000000,20.4446,20.4446,20.4446,20.4446,25,0
RVRB.US,D,20230112,000000,20.5369,20.5369,20.5369,20.5369,30,0
RVRB.US,D,20230113,000000,20.6335,20.6335,20.6335,20.6335,25,0
RVRB.US,D,20230117,000000,20.5973,20.5973,20.5973,20.5973,25,0
RVRB.US,D,20230118,000000,20.2894,20.2894,20.2894,20.2894,25,0
RVRB.US,D,20230119,000000,20.1535,20.1535,20.1535,20.1535,25,0
RVRB.US,D,20230120,000000,20.5136,20.5136,20.5136,20.5136,25,0
RVRB.US,D,20230123,000000,20.763,20.763,20.763,20.763,25,0
RVRB.US,D,20230124,000000,20.7471,20.7471,20.7471,20.7471,25,0
RVRB.US,D,20230125,000000,20.7215,20.7215,20.7215,20.7215,73,0
RVRB.US,D,20230126,000000,20.9587,20.9587,20.9587,20.9587,25,0
RVRB.US,D,20230127,000000,21.0426,21.0426,21.0426,21.0426,24,0
RVRB.US,D,20230130,000000,20.7495,20.7495,20.7495,20.7495,26,0
RVRB.US,D,20230131,000000,20.96,21.0472,20.96,21.0472,147,0
RVRB.US,D,20230201,000000,21.2759,21.2759,21.2759,21.2759,24,0
RVRB.US,D,20230202,000000,21.5702,21.5702,21.5702,21.5702,37,0
RVRB.US,D,20230203,000000,21.3763,21.3763,21.3763,21.3763,24,0
RVRB.US,D,20230206,000000,21.2321,21.2321,21.2321,21.2321,24,0
RVRB.US,D,20230207,000000,21.5168,21.5168,21.5168,21.5168,24,0
RVRB.US,D,20230208,000000,21.2739,21.2739,21.2739,21.2739,25,0
RVRB.US,D,20230209,000000,21.099,21.099,21.099,21.099,24,0
RVRB.US,D,20230210,000000,21.1402,21.1402,21.1402,21.1402,52,0
RVRB.US,D,20230213,000000,21.35,21.3575,21.35,21.3575,162,0
RVRB.US,D,20230214,000000,21.35,21.4136,21.35,21.4136,24,0
RVRB.US,D,20230215,000000,21.4561,21.4561,21.4561,21.4561,24,0
RVRB.US,D,20230216,000000,21.1627,21.1627,21.1627,21.1627,24,0
RVRB.US,D,20230217,000000,21.1097,21.1097,21.1097,21.1097,24,0
RVRB.US,D,20230221,000000,20.7086,20.7086,20.7086,20.7086,34,0
RVRB.US,D,20230222,000000,20.6531,20.6531,20.6531,20.6531,35,0
RVRB.US,D,20230223,000000,20.7739,20.7739,20.7739,20.7739,25,0
RVRB.US,D,20230224,000000,20.5506,20.5506,20.5506,20.5506,25,0
RVRB.US,D,20230227,000000,20.6242,20.6242,20.6242,20.6242,25,0
RVRB.US,D,20230228,000000,20.5957,20.5957,20.5957,20.5957,35,0
RVRB.US,D,20230301,000000,21.35,21.35,20.4753,20.4753,25,0
RVRB.US,D,20230302,000000,20.6202,20.6202,20.6202,20.6202,25,0
RVRB.US,D,20230303,000000,20.9593,20.9593,20.9593,20.9593,25,0
RVRB.US,D,20230306,000000,20.9804,20.9804,20.9804,20.9804,25,0
RVRB.US,D,20230307,000000,20.6582,20.6582,20.6582,20.6582,25,0
RVRB.US,D,20230308,000000,20.6849,20.6849,20.6849,20.6849,25,0
RVRB.US,D,20230309,000000,20.56,20.56,20.3154,20.3154,150,0
RVRB.US,D,20230310,000000,20.29,20.29,19.9924,19.9924,125,0
RVRB.US,D,20230313,000000,20.29,20.29,19.9795,19.9795,25,0
RVRB.US,D,20230314,000000,20.2911,20.2911,20.2911,20.2911,26,0
RVRB.US,D,20230315,000000,20.1139,20.1139,20.1139,20.1139,25,0
RVRB.US,D,20230316,000000,20.5083,20.5083,20.5083,20.5083,25,0
RVRB.US,D,20230317,000000,20.2943,20.2943,20.2943,20.2943,25,0
RVRB.US,D,20230320,000000,20.4661,20.4661,20.4661,20.4661,25,0
RVRB.US,D,20230321,000000,20.7453,20.7453,20.7453,20.7453,25,0
RVRB.US,D,20230322,000000,20.4654,20.4654,20.4654,20.4654,25,0
RVRB.US,D,20230323,000000,20.4929,20.4929,20.4929,20.4929,25,0
RVRB.US,D,20230324,000000,20.5409,20.5409,20.5409,20.5409,25,0
RVRB.US,D,20230327,000000,20.6082,20.6082,20.6082,20.6082,25,0
RVRB.US,D,20230328,000000,20.5616,20.5616,20.5616,20.5616,25,0
RVRB.US,D,20230329,000000,20.8612,20.8612,20.8612,20.8612,25,0
RVRB.US,D,20230330,000000,20.9929,20.9929,20.9929,20.9929,25,0
RVRB.US,D,20230331,000000,21.2948,21.2948,21.2948,21.2948,25,0
RVRB.US,D,20230403,000000,21.3844,21.3844,21.3844,21.3844,24,0
RVRB.US,D,20230404,000000,21.262,21.262,21.262,21.262,35,0
RVRB.US,D,20230405,000000,21.2053,21.2053,21.2053,21.2053,24,0
RVRB.US,D,20230406,000000,21.2731,21.2731,21.2731,21.2731,24,0
RVRB.US,D,20230410,000000,21.2737,21.2737,21.2737,21.2737,26,0
RVRB.US,D,20230411,000000,21.2889,21.2889,21.2889,21.2889,24,0
RVRB.US,D,20230412,000000,21.2039,21.2039,21.2039,21.2039,24,0
RVRB.US,D,20230413,000000,21.5091,21.5091,21.5091,21.5091,24,0
RVRB.US,D,20230414,000000,21.4669,21.4669,21.4669,21.4669,25,0
RVRB.US,D,20230417,000000,21.47,21.81,21.4662,21.5458,25630,0
RVRB.US,D,20230418,000000,21.59,21.6,21.5848,21.5848,1186,0
RVRB.US,D,20230419,000000,21.5191,21.58,21.5191,21.56,1848,0
RVRB.US,D,20230420,000000,21.55,21.55,21.4328,21.4328,129,0
RVRB.US,D,20230421,000000,21.43,21.49,21.43,21.4768,3824,0
RVRB.US,D,20230424,000000,21.47,21.4736,21.4618,21.4618,224,0
RVRB.US,D,20230425,000000,21.19,21.2,21.18,21.18,1448,0
RVRB.US,D,20230426,000000,21.0625,21.0625,21.0625,21.0625,24,0
RVRB.US,D,20230427,000000,21.4454,21.4454,21.4454,21.4454,24,0
RVRB.US,D,20230428,000000,21.58,21.6047,21.58,21.6047,225,0
RVRB.US,D,20230501,000000,21.629,21.629,21.629,21.629,24,0
RVRB.US,D,20230502,000000,21.3733,21.3733,21.3733,21.3733,24,0
RVRB.US,D,20230503,000000,21.2209,21.2209,21.2209,21.2209,24,0
RVRB.US,D,20230504,000000,21.0927,21.0927,21.0927,21.0927,34,0
RVRB.US,D,20230505,000000,21.4844,21.4844,21.4844,21.4844,24,0
RVRB.US,D,20230508,000000,21.51,21.51,21.51,21.51,24,0
RVRB.US,D,20230509,000000,21.4252,21.4252,21.4252,21.4252,24,0
RVRB.US,D,20230510,000000,21.5167,21.5167,21.5167,21.5167,24,0
RVRB.US,D,20230511,000000,21.4854,21.4854,21.4854,21.4854,24,0
RVRB.US,D,20230512,000000,21.35,21.4453,21.35,21.4453,2302,0
RVRB.US,D,20230515,000000,21.5061,21.5061,21.5061,21.5061,24,0
RVRB.US,D,20230516,000000,21.406,21.406,21.406,21.406,24,0
RVRB.US,D,20230517,000000,21.6297,21.6297,21.6297,21.6297,24,0
RVRB.US,D,20230518,000000,21.8316,21.8316,21.8316,21.8316,25,0
RVRB.US,D,20230519,000000,21.813,21.813,21.813,21.813,24,0
RVRB.US,D,20230522,000000,21.8086,21.8086,21.8086,21.8086,24,0
RVRB.US,D,20230523,000000,21.573,21.573,21.573,21.573,24,0
RVRB.US,D,20230524,000000,21.4,21.4061,21.4,21.4061,2423,0
RVRB.US,D,20230525,000000,21.567,21.567,21.567,21.567,24,0
RVRB.US,D,20230526,000000,21.8654,21.8654,21.8654,21.8654,25,0
RVRB.US,D,20230530,000000,21.8425,21.8425,21.8425,21.8425,24,0
RVRB.US,D,20230531,000000,21.7538,21.7538,21.7538,21.7538,24,0
RVRB.US,D,20230601,000000,21.9595,21.9595,21.9595,21.9595,24,0
RVRB.US,D,20230602,000000,22.2884,22.2884,22.2884,22.2884,24,0
RVRB.US,D,20230605,000000,22.2457,22.2457,22.2457,22.2457,54,0
RVRB.US,D,20230606,000000,22.3055,22.3055,22.3055,22.3055,24,0
RVRB.US,D,20230607,000000,22.1874,22.1874,22.1874,22.1874,24,0
RVRB.US,D,20230608,000000,22.3388,22.3388,22.3388,22.3388,24,0
RVRB.US,D,20230609,000000,22.3641,22.3641,22.3641,22.3641,34,0
RVRB.US,D,20230612,000000,22.5611,22.5611,22.5611,22.5611,34,0
RVRB.US,D,20230613,000000,22.67,22.7188,22.67,22.7188,3937,0
RVRB.US,D,20230614,000000,22.7367,22.7367,22.7367,22.7367,24,0
RVRB.US,D,20230615,000000,23.0352,23.0352,23.0352,23.0352,24,0
RVRB.US,D,20230616,000000,22.9632,22.9632,22.9632,22.9632,30,0
RVRB.US,D,20230620,000000,22.8536,22.8536,22.8536,22.8536,25,0
RVRB.US,D,20230621,000000,22.7304,22.7304,22.7304,22.7304,24,0
RVRB.US,D,20230622,000000,22.8091,22.8091,22.8091,22.8091,25,0
RVRB.US,D,20230623,000000,22.7299,22.7299,22.6527,22.6527,244,0
RVRB.US,D,20230626,000000,22.6401,22.6401,22.547,22.547,245,0
RVRB.US,D,20230627,000000,22.7985,22.7985,22.7985,22.7985,24,0
RVRB.US,D,20230628,000000,22.7742,22.7742,22.7742,22.7742,26,0
RVRB.US,D,20230629,000000,22.8789,22.8789,22.8789,22.8789,24,0
RVRB.US,D,20230630,000000,23.1884,23.1884,23.1884,23.1884,24,0
RVRB.US,D,20230703,000000,23.199,23.2061,23.199,23.2061,246,0
RVRB.US,D,20230705,000000,23.1659,23.1659,23.1659,23.1659,24,0
RVRB.US,D,20230706,000000,22.9652,22.9652,22.9652,22.9652,26,0
RVRB.US,D,20230707,000000,22.9043,22.9043,22.9043,22.9043,24,0
RVRB.US,D,20230710,000000,22.58,22.96,22.58,22.9333,452,0
RVRB.US,D,20230711,000000,23.1098,23.1098,23.1098,23.1098,24,0
RVRB.US,D,20230712,000000,23.2859,23.2859,23.2859,23.2859,24,0
RVRB.US,D,20230713,000000,23.5232,23.5232,23.5232,23.5232,34,0
RVRB.US,D,20230714,000000,23.482,23.482,23.482,23.482,10,0
RVRB.US,D,20230717,000000,23.56,23.59,23.56,23.5892,2995,0
RVRB.US,D,20230718,000000,23.7596,23.7596,23.7596,23.7596,34,0
RVRB.US,D,20230719,000000,23.8124,23.8124,23.8124,23.8124,29,0
RVRB.US,D,20230720,000000,23.6268,23.6268,23.6268,23.6268,24,0
RVRB.US,D,20230721,000000,23.6427,23.6427,23.6427,23.6427,24,0
RVRB.US,D,20230724,000000,23.7187,23.7187,23.7187,23.7187,24,0
RVRB.US,D,20230725,000000,23.7954,23.7954,23.7954,23.7954,56,0
RVRB.US,D,20230726,000000,23.7607,23.7607,23.7607,23.7607,24,0
RVRB.US,D,20230727,000000,23.62,23.62,23.62,23.62,24,0
RVRB.US,D,20230728,000000,23.8684,23.8684,23.8684,23.8684,24,0
RVRB.US,D,20230731,000000,23.89,23.911,23.89,23.911,219,0
RVRB.US,D,20230801,000000,23.87,23.87,23.8483,23.8483,3640,0
RVRB.US,D,20230802,000000,23.55,23.58,23.5041,23.5041,4324,0
RVRB.US,D,20230803,000000,23.4618,23.4618,23.4618,23.4618,28,0
RVRB.US,D,20230804,000000,23.61,23.61,23.3266,23.3266,454,0
RVRB.US,D,20230807,000000,23.5265,23.5265,23.5265,23.5265,20,0
RVRB.US,D,20230808,000000,23.3652,23.4277,23.3652,23.4277,150,0
RVRB.US,D,20230809,000000,23.2605,23.2605,23.2605,23.2605,20,0
RVRB.US,D,20230810,000000,23.2748,23.2748,23.2748,23.2748,20,0
RVRB.US,D,20230811,000000,23.2343,23.2343,23.2343,23.2343,20,0
RVRB.US,D,20230814,000000,23.32,23.3516,23.32,23.3516,150,0
RVRB.US,D,20230815,000000,23.1088,23.1088,23.1088,23.1088,20,0
RVRB.US,D,20230816,000000,22.9411,22.9411,22.9411,22.9411,40,0
RVRB.US,D,20230817,000000,22.7737,22.7737,22.7737,22.7737,20,0
RVRB.US,D,20230818,000000,22.7408,22.7408,22.7408,22.7408,20,0
RVRB.US,D,20230821,000000,22.89,22.9011,22.89,22.9011,121,0
RVRB.US,D,20230822,000000,22.848,22.848,22.848,22.848,20,0
RVRB.US,D,20230823,000000,23.0806,23.0806,23.0806,23.0806,20,0
RVRB.US,D,20230824,000000,22.8034,22.8034,22.8034,22.8034,20,0
RVRB.US,D,20230825,000000,23.01,23.01,22.9493,22.9493,121,0
RVRB.US,D,20230828,000000,23.0938,23.0938,23.0938,23.0938,20,0
RVRB.US,D,20230829,000000,23.4239,23.4239,23.4239,23.4239,20,0
RVRB.US,D,20230830,000000,23.5176,23.5176,23.5176,23.5176,20,0
RVRB.US,D,20230831,000000,23.5239,23.5239,23.5239,23.5239,20,0
RVRB.US,D,20230901,000000,23.5587,23.5587,23.5587,23.5587,20,0
RVRB.US,D,20230905,000000,23.4738,23.4738,23.4738,23.4738,20,0
RVRB.US,D,20230906,000000,23.28,23.3018,23.28,23.3018,220,0
RVRB.US,D,20230907,000000,23.25,23.25,23.2365,23.2428,626,0
RVRB.US,D,20230908,000000,23.2689,23.2689,23.2689,23.2689,41,0
RVRB.US,D,20230911,000000,23.4445,23.4445,23.4445,23.4445,21,0
RVRB.US,D,20230912,000000,23.3183,23.3183,23.3183,23.3183,20,0
RVRB.US,D,20230913,000000,23.3559,23.3559,23.3559,23.3559,30,0
RVRB.US,D,20230914,000000,23.5442,23.5442,23.5442,23.5442,20,0
RVRB.US,D,20230915,000000,23.276,23.276,23.276,23.276,20,0
RVRB.US,D,20230918,000000,23.2793,23.2793,23.2793,23.2793,30,0
RVRB.US,D,20230919,000000,23.2334,23.2334,23.2334,23.2334,20,0
RVRB.US,D,20230920,000000,23.0316,23.0316,23.0316,23.0316,20,0
RVRB.US,D,20230921,000000,22.8199,22.82,22.6316,22.6316,460,0
RVRB.US,D,20230922,000000,22.6404,22.6404,22.5781,22.5781,339,0
RVRB.US,D,20230925,000000,22.6456,22.6456,22.6456,22.6456,20,0
RVRB.US,D,20230926,000000,22.3289,22.3289,22.3289,22.3289,20,0
RVRB.US,D,20230927,000000,22.42,22.42,22.21,22.324,934,0
RVRB.US,D,20230928,000000,22.4735,22.4735,22.4735,22.4735,20,0
RVRB.US,D,20230929,000000,22.4,22.4202,22.4,22.4202,120,0
RVRB.US,D,20231002,000000,22.3902,22.3902,22.3902,22.3902,33,0
RVRB.US,D,20231003,000000,22.17,22.17,22.05,22.0647,930,0
RVRB.US,D,20231004,000000,22.2691,22.2691,22.2691,22.2691,70,0
RVRB.US,D,20231005,000000,22.13,22.2375,22.1297,22.2375,1150,0
RVRB.US,D,20231006,000000,22.516,22.516,22.516,22.516,82,0
RVRB.US,D,20231009,000000,22.74,22.74,22.484,22.6414,1250,0
RVRB.US,D,20231010,000000,22.9099,22.9099,22.77,22.7775,806,0
RVRB.US,D,20231011,000000,22.8795,22.8795,22.8795,22.8795,28,0
RVRB.US,D,20231012,000000,22.734,22.734,22.734,22.734,20,0
RVRB.US,D,20231013,000000,22.604,22.604,22.604,22.604,20,0
RVRB.US,D,20231016,000000,22.8732,22.8732,22.8732,22.8732,40,0
RVRB.US,D,20231017,000000,22.8376,22.8376,22.8376,22.8376,94,0
RVRB.US,D,20231018,000000,22.533,22.533,22.533,22.533,20,0
RVRB.US,D,20231019,000000,22.4799,22.6699,22.3614,22.3614,925,0
RVRB.US,D,20231020,000000,22.17,22.17,22.0724,22.0724,472,0
RVRB.US,D,20231023,000000,22.0336,22.0336,22.0336,22.0336,20,0
RVRB.US,D,20231024,000000,22.2086,22.2086,22.2086,22.2086,20,0
RVRB.US,D,20231025,000000,21.8676,21.8676,21.8676,21.8676,20,0
RVRB.US,D,20231026,000000,21.6161,21.6161,21.6161,21.6161,20,0
RVRB.US,D,20231027,000000,21.5012,21.5012,21.5012,21.5012,20,0
RVRB.US,D,20231030,000000,21.65,21.7786,21.65,21.7786,3682,0
RVRB.US,D,20231031,000000,21.9116,21.9116,21.9116,21.9116,32,0
RVRB.US,D,20231101,000000,22.1479,22.1479,22.1479,22.1479,137,0
RVRB.US,D,20231102,000000,22.5824,22.5824,22.5824,22.5824,37,0
RVRB.US,D,20231103,000000,22.8082,22.8082,22.8082,22.8082,68,0
RVRB.US,D,20231106,000000,22.8228,22.8228,22.8228,22.8228,120,0
RVRB.US,D,20231107,000000,22.95,22.95,22.9007,22.9007,292,0
RVRB.US,D,20231108,000000,22.9313,22.9313,22.9313,22.9313,52,0
RVRB.US,D,20231109,000000,22.7472,22.7472,22.7472,22.7472,45,0
RVRB.US,D,20231110,000000,23.1006,23.1006,23.1006,23.1006,41,0
RVRB.US,D,20231113,000000,23.05,23.0868,23.05,23.0868,168,0
RVRB.US,D,20231114,000000,23.543,23.543,23.543,23.543,42,0
RVRB.US,D,20231115,000000,23.5785,23.5785,23.5785,23.5785,42,0
RVRB.US,D,20231116,000000,23.5875,23.5875,23.5875,23.5875,40,0
RVRB.US,D,20231117,000000,23.6406,23.6406,23.6406,23.6406,42,0
RVRB.US,D,20231120,000000,23.8112,23.8112,23.8112,23.8112,91,0
RVRB.US,D,20231121,000000,23.7628,23.7628,23.7628,23.7628,29,0
RVRB.US,D,20231122,000000,23.8658,23.8658,23.8658,23.8658,54,0
RVRB.US,D,20231124,000000,23.891,23.891,23.891,23.891,40,0
RVRB.US,D,20231127,000000,23.8545,23.8545,23.8545,23.8545,42,0
RVRB.US,D,20231128,000000,23.8825,23.8825,23.8825,23.8825,24,0
RVRB.US,D,20231129,000000,23.8802,23.8802,23.8802,23.8802,42,0
RVRB.US,D,20231130,000000,23.9763,23.9763,23.9763,23.9763,52,0
RVRB.US,D,20231201,000000,24.1252,24.1252,24.1252,24.1252,21,0
RVRB.US,D,20231204,000000,23.9907,23.9907,23.9907,23.9907,37,0
RVRB.US,D,20231205,000000,23.9656,23.9656,23.9656,23.9656,22,0
RVRB.US,D,20231206,000000,23.8648,23.8648,23.8648,23.8648,25,0
RVRB.US,D,20231207,000000,24.0627,24.0627,24.0627,24.0627,45,0
RVRB.US,D,20231208,000000,24.1666,24.1666,24.1666,24.1666,21,0
RVRB.US,D,20231211,000000,24.23,24.2558,24.14,24.2558,3077,0
RVRB.US,D,20231212,000000,24.3464,24.3464,24.3464,24.3464,20,0
RVRB.US,D,20231213,000000,24.6715,24.6715,24.6715,24.6715,21,0
RVRB.US,D,20231214,000000,24.82,24.82,24.7619,24.7619,230,0
RVRB.US,D,20231215,000000,24.75,24.7851,24.7499,24.7851,448,0
RVRB.US,D,20231218,000000,24.8963,24.8963,24.8963,24.8963,34,0
RVRB.US,D,20231219,000000,24.8801,25.037,24.88,25.037,474,0
RVRB.US,D,20231220,000000,24.7155,24.7155,24.7155,24.7155,75,0
RVRB.US,D,20231221,000000,24.9493,24.9493,24.9493,24.9493,20,0
RVRB.US,D,20231222,000000,24.9858,24.9858,24.9858,24.9858,40,0
RVRB.US,D,20231226,000000,25.0939,25.0939,25.0939,25.0939,20,0
RVRB.US,D,20231227,000000,24.8766,24.8766,24.8766,24.8766,20,0
RVRB.US,D,20231228,000000,24.8984,24.8984,24.8984,24.8984,20,0
RVRB.US,D,20231229,000000,24.74,24.8226,24.74,24.8226,243,0
RVRB.US,D,20240102,000000,24.6426,24.6426,24.6426,24.6426,23,0
RVRB.US,D,20240103,000000,24.4605,24.4605,24.4605,24.4605,3,0
RVRB.US,D,20240104,000000,24.3795,24.3795,24.3795,24.3795,3,0
RVRB.US,D,20240105,000000,24.4211,24.4211,24.4211,24.4211,10,0
RVRB.US,D,20240108,000000,24.7687,24.7687,24.7687,24.7687,20,0
RVRB.US,D,20240109,000000,24.7354,24.7354,24.7354,24.7354,12,0
RVRB.US,D,20240110,000000,24.8399,24.8623,24.8116,24.8623,414,0
RVRB.US,D,20240111,000000,24.8565,24.8565,24.8565,24.8565,33,0
RVRB.US,D,20240112,000000,24.89,24.89,24.8789,24.8789,436,0
RVRB.US,D,20240116,000000,24.757,24.757,24.757,24.757,10,0
RVRB.US,D,20240117,000000,24.6314,24.6314,24.6314,24.6314,74,0
RVRB.US,D,20240118,000000,24.72,24.86,24.72,24.838,4155,0
RVRB.US,D,20240119,000000,25.03,25.1442,25.03,25.1442,1220,0
RVRB.US,D,20240122,000000,25.2088,25.2088,25.2088,25.2088,10,0
RVRB.US,D,20240123,000000,25.2843,25.2843,25.2843,25.2843,28,0
RVRB.US,D,20240124,000000,25.3017,25.3017,25.3017,25.3017,20,0
RVRB.US,D,20240125,000000,25.4101,25.4101,25.4101,25.4101,10,0
RVRB.US,D,20240126,000000,25.4185,25.4185,25.4185,25.4185,85,0
RVRB.US,D,20240129,000000,25.6123,25.6123,25.6123,25.6123,12,0
RVRB.US,D,20240130,000000,25.6047,25.6047,25.6047,25.6047,10,0
RVRB.US,D,20240131,000000,25.2191,25.2191,25.2191,25.2191,10,0
RVRB.US,D,20240201,000000,25.47,25.4961,25.47,25.4961,122,0
RVRB.US,D,20240202,000000,25.8134,25.8134,25.8134,25.8134,10,0
RVRB.US,D,20240205,000000,25.7193,25.7193,25.7193,25.7193,71,0
RVRB.US,D,20240206,000000,25.7593,25.7593,25.7593,25.7593,15,0
RVRB.US,D,20240207,000000,25.9698,25.9698,25.9698,25.9698,26,0
RVRB.US,D,20240208,000000,26.0007,26.0007,26.0007,26.0007,50,0
RVRB.US,D,20240209,000000,26.17,26.17,26.17,26.17,34,0
RVRB.US,D,20240212,000000,26.1385,26.1385,26.1385,26.1385,21,0
RVRB.US,D,20240213,000000,25.7573,25.7573,25.7573,25.7573,20,0
RVRB.US,D,20240214,000000,25.98,26.031,25.98,26.031,123,0
RVRB.US,D,20240215,000000,26.2036,26.2036,26.2036,26.2036,28,0
RVRB.US,D,20240216,000000,26.0827,26.0827,26.0827,26.0827,20,0
RVRB.US,D,20240220,000000,25.9013,25.9013,25.9013,25.9013,25,0
RVRB.US,D,20240221,000000,25.9378,25.9378,25.9378,25.9378,70,0
RVRB.US,D,20240222,000000,26.4973,26.4973,26.4973,26.4973,41,0
RVRB.US,D,20240223,000000,26.5162,26.5162,26.5162,26.5162,23,0
RVRB.US,D,20240226,000000,26.4159,26.4159,26.4159,26.4159,21,0
RVRB.US,D,20240227,000000,26.4491,26.4491,26.4491,26.4491,32,0
RVRB.US,D,20240228,000000,26.3905,26.3905,26.3905,26.3905,37,0
RVRB.US,D,20240229,000000,26.5714,26.5714,26.5714,26.5714,21,0
RVRB.US,D,20240301,000000,26.7664,26.7664,26.7664,26.7664,36,0
RVRB.US,D,20240304,000000,26.7246,26.7246,26.7246,26.7246,32,0
RVRB.US,D,20240305,000000,26.4453,26.4453,26.4453,26.4453,20,0
RVRB.US,D,20240306,000000,26.6005,26.6005,26.6005,26.6005,103,0
RVRB.US,D,20240307,000000,26.8787,26.8787,26.8787,26.8787,28,0
RVRB.US,D,20240308,000000,26.711,26.711,26.711,26.711,31,0
RVRB.US,D,20240311,000000,26.6608,26.6608,26.6608,26.6608,21,0
RVRB.US,D,20240312,000000,26.9863,26.9863,26.9863,26.9863,28,0
RVRB.US,D,20240313,000000,26.9411,26.9411,26.9411,26.9411,13,0
RVRB.US,D,20240314,000000,26.8544,26.8544,26.8544,26.8544,11,0
RVRB.US,D,20240315,000000,26.6836,26.6836,26.6836,26.6836,10,0
RVRB.US,D,20240318,000000,26.8491,26.8491,26.8491,26.8491,30,0
RVRB.US,D,20240319,000000,26.9908,26.9908,26.9908,26.9908,52,0
RVRB.US,D,20240320,000000,27.2266,27.2266,27.2266,27.2266,14,0
RVRB.US,D,20240321,000000,27.3418,27.3418,27.3418,27.3418,10,0
RVRB.US,D,20240322,000000,27.3043,27.3043,27.3043,27.3043,25,0
RVRB.US,D,20240325,000000,27.2062,27.2062,27.2062,27.2062,48,0
RVRB.US,D,20240326,000000,27.1563,27.1563,27.1563,27.1563,12,0
RVRB.US,D,20240327,000000,27.3443,27.3443,27.3443,27.3443,20,0
RVRB.US,D,20240328,000000,27.4007,27.4007,27.4007,27.4007,21,0
RVRB.US,D,20240401,000000,27.3363,27.3363,27.3363,27.3363,11,0
RVRB.US,D,20240402,000000,27.145,27.145,27.145,27.145,46,0
RVRB.US,D,20240403,000000,27.1891,27.1891,27.1891,27.1891,21,0
RVRB.US,D,20240404,000000,26.8909,26.8909,26.8909,26.8909,18,0
RVRB.US,D,20240405,000000,27.1817,27.1817,27.1817,27.1817,10,0
RVRB.US,D,20240408,000000,27.1616,27.1616,27.1616,27.1616,27,0
RVRB.US,D,20240409,000000,27.172,27.172,27.172,27.172,13,0
RVRB.US,D,20240410,000000,26.972,26.972,26.972,26.972,20,0
RVRB.US,D,20240411,000000,27.1633,27.1633,27.1633,27.1633,18,0
RVRB.US,D,20240412,000000,26.7439,26.7439,26.7439,26.7439,19,0
RVRB.US,D,20240415,000000,26.4345,26.4345,26.4345,26.4345,21,0
RVRB.US,D,20240416,000000,26.385,26.385,26.385,26.385,11,0
RVRB.US,D,20240417,000000,26.248,26.248,26.248,26.248,19,0
RVRB.US,D,20240418,000000,26.1604,26.1604,26.1604,26.1604,32,0
RVRB.US,D,20240419,000000,25.9391,25.9391,25.9391,25.9391,21,0
RVRB.US,D,20240422,000000,26.1542,26.1542,26.1542,26.1542,13,0
RVRB.US,D,20240423,000000,26.4741,26.4741,26.4741,26.4741,38,0
RVRB.US,D,20240424,000000,26.4892,26.4892,26.4892,26.4892,14,0
RVRB.US,D,20240425,000000,26.3603,26.3603,26.3603,26.3603,12,0
RVRB.US,D,20240426,000000,26.6516,26.6516,26.6516,26.6516,10,0
RVRB.US,D,20240429,000000,26.7041,26.7041,26.7041,26.7041,11,0
RVRB.US,D,20240430,000000,26.3145,26.3145,26.3145,26.3145,117,0
RVRB.US,D,20240501,000000,26.2275,26.2275,26.2275,26.2275,10,0
RVRB.US,D,20240502,000000,26.4434,26.4434,26.4434,26.4434,12,0
RVRB.US,D,20240503,000000,26.7762,26.7762,26.7762,26.7762,10,0
RVRB.US,D,20240506,000000,27.0522,27.0522,27.0522,27.0522,17,0
RVRB.US,D,20240507,000000,27.103,27.103,27.103,27.103,10,0
RVRB.US,D,20240508,000000,27.0857,27.0857,27.0857,27.0857,10,0
RVRB.US,D,20240509,000000,27.2148,27.2148,27.2148,27.2148,14,0
RVRB.US,D,20240510,000000,27.23,27.2775,27.23,27.2775,13569,0
RVRB.US,D,20240513,000000,27.2407,27.2407,27.2407,27.2407,22,0
RVRB.US,D,20240514,000000,27.29,27.3994,27.29,27.3994,115,0
RVRB.US,D,20240515,000000,27.53,27.7195,27.53,27.7195,110,0
RVRB.US,D,20240516,000000,27.73,27.73,27.6911,27.6911,112,0
RVRB.US,D,20240517,000000,27.68,27.7015,27.68,27.7015,114,0
RVRB.US,D,20240520,000000,27.81,27.81,27.7357,27.7357,111,0
RVRB.US,D,20240521,000000,27.75,27.8128,27.75,27.8128,110,0
RVRB.US,D,20240522,000000,27.67,27.6971,27.67,27.6971,128,0
RVRB.US,D,20240523,000000,27.74,27.74,27.4979,27.4979,100,0
RVRB.US,D,20240524,000000,27.62,27.678,27.62,27.678,100,0
RVRB.US,D,20240528,000000,27.68,27.68,27.6677,27.6677,111,0
RVRB.US,D,20240529,000000,27.53,27.53,27.4789,27.4789,110,0
RVRB.US,D,20240530,000000,27.38,27.3946,27.3216,27.3216,3124,0
RVRB.US,D,20240531,000000,27.18,27.4841,27.18,27.4841,110,0
RVRB.US,D,20240603,000000,27.52,27.52,27.3599,27.5012,213,0
RVRB.US,D,20240604,000000,27.44,27.5544,27.44,27.5544,126,0
RVRB.US,D,20240605,000000,27.61,27.8711,27.61,27.8711,152,0
RVRB.US,D,20240606,000000,27.9,27.9,27.88,27.88,110,0
RVRB.US,D,20240607,000000,27.87,27.87,27.8481,27.8481,110,0
RVRB.US,D,20240610,000000,27.82,27.9151,27.82,27.9151,195,0
RVRB.US,D,20240611,000000,27.8,27.9625,27.8,27.9625,115,0
RVRB.US,D,20240612,000000,28.29,28.29,28.24,28.24,176,0
RVRB.US,D,20240613,000000,28.2516,28.2516,28.2516,28.2516,34,0
RVRB.US,D,20240614,000000,28.11,28.212,28.11,28.212,110,0
RVRB.US,D,20240617,000000,28.4499,28.4499,28.4499,28.4499,14,0
RVRB.US,D,20240618,000000,28.5128,28.5128,28.5128,28.5128,112,0
RVRB.US,D,20240620,000000,28.4632,28.4632,28.4632,28.4632,20,0
RVRB.US,D,20240621,000000,28.4299,28.4299,28.4299,28.4299,12,0
RVRB.US,D,20240624,000000,28.3719,28.3719,28.3719,28.3719,66,0
RVRB.US,D,20240625,000000,28.45,28.462,28.45,28.462,128,0
RVRB.US,D,20240626,000000,28.5238,28.5238,28.5238,28.5238,12,0
RVRB.US,D,20240627,000000,28.5349,28.5349,28.5349,28.5349,13,0
RVRB.US,D,20240628,000000,28.4494,28.4494,28.4494,28.4494,20,0
RVRB.US,D,20240701,000000,28.5219,28.5219,28.5219,28.5219,25,0
RVRB.US,D,20240702,000000,28.6857,28.6857,28.6857,28.6857,19,0
RVRB.US,D,20240703,000000,28.8421,28.8421,28.8421,28.8421,20,0
RVRB.US,D,20240705,000000,29.0215,29.0215,29.0215,29.0215,54,0
RVRB.US,D,20240708,000000,29.0236,29.0236,29.0236,29.0236,11,0
RVRB.US,D,20240709,000000,29.0353,29.0353,29.0353,29.0353,19,0
RVRB.US,D,20240710,000000,29.3178,29.3178,29.3178,29.3178,10,0
RVRB.US,D,20240711,000000,29.0992,29.0992,29.0992,29.0992,10,0
RVRB.US,D,20240712,000000,29.2366,29.2366,29.2366,29.2366,10,0
RVRB.US,D,20240715,000000,29.2988,29.2988,29.2988,29.2988,16,0
RVRB.US,D,20240716,000000,29.4939,29.4939,29.4939,29.4939,20,0
RVRB.US,D,20240717,000000,29.0883,29.0883,29.0883,29.0883,60,0
RVRB.US,D,20240718,000000,28.905,28.9301,28.8412,28.8412,3269,0
RVRB.US,D,20240719,000000,28.86,28.86,28.6413,28.6413,148,0
RVRB.US,D,20240722,000000,28.9508,28.9508,28.9508,28.9508,12,0
RVRB.US,D,20240723,000000,29.02,29.02,28.9052,28.9052,153,0
RVRB.US,D,20240724,000000,28.5,28.5,28.2351,28.2351,129,0
RVRB.US,D,20240725,000000,28.05,28.1166,28.05,28.1166,115,0
RVRB.US,D,20240726,000000,28.3,28.3476,28.3,28.3476,110,0
RVRB.US,D,20240729,000000,28.43,28.43,28.4085,28.4085,126,0
RVRB.US,D,20240730,000000,28.45,28.45,28.302,28.302,144,0
RVRB.US,D,20240731,000000,28.64,28.7143,28.64,28.7143,143,0
RVRB.US,D,20240801,000000,28.78,28.78,28.2852,28.2852,152,0
RVRB.US,D,20240802,000000,27.66,27.7343,27.66,27.7343,238,0
RVRB.US,D,20240805,000000,26.903,26.903,26.903,26.903,22,0
RVRB.US,D,20240806,000000,27.21,27.2349,27.21,27.2349,120,0
RVRB.US,D,20240807,000000,27.62,27.62,27.0218,27.0218,120,0
RVRB.US,D,20240808,000000,27.39,27.612,27.39,27.612,154,0
RVRB.US,D,20240809,000000,27.64,27.778,27.64,27.778,120,0
RVRB.US,D,20240812,000000,27.74,27.7563,27.74,27.7563,320,0
RVRB.US,D,20240813,000000,27.99,28.26,27.99,28.26,323,0
RVRB.US,D,20240814,000000,28.2,28.3704,28.2,28.3704,122,0
RVRB.US,D,20240815,000000,28.7954,28.7954,28.7954,28.7954,12,0
RVRB.US,D,20240816,000000,28.81,28.8815,28.81,28.8815,209,0
RVRB.US,D,20240819,000000,29,29.1434,29,29.1434,514,0
RVRB.US,D,20240820,000000,29.1,29.1152,29.1,29.1152,113,0
RVRB.US,D,20240821,000000,29.16,29.2394,29.16,29.2394,131,0
RVRB.US,D,20240822,000000,29.24,29.24,28.9511,28.9511,118,0
RVRB.US,D,20240823,000000,29.25,29.3121,29.25,29.3121,190,0
RVRB.US,D,20240826,000000,29.2063,29.2063,29.2063,29.2063,12,0
RVRB.US,D,20240827,000000,29.2,29.2677,29.2,29.2677,110,0
RVRB.US,D,20240828,000000,29.21,29.21,29.1,29.1,325,0
RVRB.US,D,20240829,000000,29.25,29.25,29.1011,29.1011,131,0
RVRB.US,D,20240830,000000,29.29,29.44,29.29,29.44,327,0
RVRB.US,D,20240903,000000,28.7621,28.7621,28.7621,28.7621,26,0
RVRB.US,D,20240904,000000,28.72,28.7629,28.72,28.7629,121,0
RVRB.US,D,20240905,000000,28.6461,28.6461,28.6461,28.6461,21,0
RVRB.US,D,20240906,000000,28.1785,28.1785,28.1785,28.1785,13,0
RVRB.US,D,20240909,000000,28.4947,28.4947,28.4947,28.4947,21,0
RVRB.US,D,20240910,000000,28.6478,28.6478,28.6478,28.6478,12,0
RVRB.US,D,20240911,000000,28.25,28.9737,28.25,28.9737,206,0
RVRB.US,D,20240912,000000,29.12,29.1881,29.12,29.1881,204,0
RVRB.US,D,20240913,000000,29.35,29.3685,29.35,29.3685,152,0
RVRB.US,D,20240916,000000,29.28,29.4264,29.28,29.4264,150,0
RVRB.US,D,20240917,000000,29.417,29.417,29.417,29.417,1,0
RVRB.US,D,20240918,000000,29.4,29.4,29.3572,29.3572,153,0
RVRB.US,D,20240919,000000,29.79,29.8346,29.79,29.8346,150,0
RVRB.US,D,20240920,000000,29.8,29.8,29.7961,29.7961,150,0
RVRB.US,D,20240923,000000,29.795,29.88,29.795,29.88,156,0
RVRB.US,D,20240924,000000,29.81,29.941,29.81,29.941,150,0
RVRB.US,D,20240925,000000,29.95,29.95,29.8912,29.8912,151,0
RVRB.US,D,20240926,000000,30.04,30.04,30.0229,30.0229,201,0
RVRB.US,D,20240927,000000,29.982,29.982,29.982,29.982,16,0
RVRB.US,D,20240930,000000,29.91,30.0793,29.91,30.0793,186,0
RVRB.US,D,20241001,000000,29.8253,29.8253,29.8253,29.8253,56,0
RVRB.US,D,20241002,000000,29.77,29.8255,29.77,29.8255,150,0
RVRB.US,D,20241003,000000,29.68,29.7483,29.68,29.7483,152,0
RVRB.US,D,20241004,000000,29.84,30.0411,29.84,30.0411,150,0
RVRB.US,D,20241007,000000,29.95,29.95,29.7525,29.7525,159,0
RVRB.US,D,20241008,000000,30.0425,30.0425,30.0425,30.0425,50,0
RVRB.US,D,20241009,000000,30.2498,30.2498,30.2498,30.2498,101,0
RVRB.US,D,20241010,000000,30.22,30.22,30.16,30.2022,1233,0
RVRB.US,D,20241011,000000,30.33,30.3896,30.33,30.3896,218,0
RVRB.US,D,20241014,000000,30.621,30.621,30.621,30.621,1,0
RVRB.US,D,20241015,000000,30.47,30.47,30.3744,30.3744,1166,0
RVRB.US,D,20241016,000000,30.4,30.5199,30.4,30.5199,205,0
RVRB.US,D,20241017,000000,30.57,30.57,30.5193,30.5193,188,0
RVRB.US,D,20241018,000000,30.59,30.6416,30.59,30.6416,156,0
RVRB.US,D,20241021,000000,30.46,30.556,30.46,30.556,254,0
RVRB.US,D,20241022,000000,30.49,30.5929,30.49,30.5929,204,0
RVRB.US,D,20241023,000000,30.43,30.43,30.2897,30.2897,151,0
RVRB.US,D,20241024,000000,30.36,30.3787,30.36,30.3787,150,0
RVRB.US,D,20241025,000000,30.51,30.51,30.3458,30.3458,170,0
RVRB.US,D,20241028,000000,30.5,30.5,30.4482,30.4482,176,0
RVRB.US,D,20241029,000000,30.45,30.5063,30.45,30.5063,150,0
RVRB.US,D,20241030,000000,30.57,30.57,30.4132,30.4132,150,0
RVRB.US,D,20241031,000000,30.03,30.05,29.8975,29.8975,1314,0
RVRB.US,D,20241101,000000,30.09,30.13,30.09,30.13,205,0
RVRB.US,D,20241104,000000,30.04,30.04,29.8988,29.8988,105,0
RVRB.US,D,20241105,000000,30.14,30.2598,30.14,30.2598,101,0
RVRB.US,D,20241106,000000,31.037,31.037,31.037,31.037,11,0
RVRB.US,D,20241107,000000,31.22,31.2922,31.22,31.2922,102,0
RVRB.US,D,20241108,000000,31.34,31.4041,31.34,31.4041,201,0
RVRB.US,D,20241111,000000,31.47,31.47,31.45,31.45,211,0
RVRB.US,D,20241118,000000,30.93,30.93,30.9107,30.9107,203,0
RVRB.US,D,20241119,000000,30.76,31.09,30.76,31.09,1139,0
RVRB.US,D,20241121,000000,31,31.2566,31,31.2566,106,0
RVRB.US,D,20241125,000000,31.5,31.5,31.4758,31.4758,119,0
RVRB.US,D,20241126,000000,31.53,31.6525,31.53,31.6525,112,0
RVRB.US,D,20241127,000000,31.54,31.54,31.5273,31.5273,100,0
RVRB.US,D,20241129,000000,31.67,31.7239,31.67,31.7239,114,0
RVRB.US,D,20241202,000000,31.76,31.7903,31.76,31.7903,169,0
RVRB.US,D,20241203,000000,31.74,31.8198,31.74,31.8198,173,0
RVRB.US,D,20241204,000000,31.93,32.0437,31.93,32.0437,100,0
RVRB.US,D,20241205,000000,32.04,32.04,31.9932,31.9932,100,0
RVRB.US,D,20241206,000000,32.12,32.12,32.1065,32.1065,122,0
RVRB.US,D,20241209,000000,31.97,31.97,31.8685,31.8685,109,0
RVRB.US,D,20241210,000000,31.92,31.92,31.763,31.763,120,0
RVRB.US,D,20241212,000000,31.95,31.95,31.8884,31.8884,105,0
RVRB.US,D,20241213,000000,31.92,31.92,31.8582,31.8582,101,0
RVRB.US,D,20241216,000000,31.92,31.9786,31.92,31.9786,103,0
RVRB.US,D,20241217,000000,31.8,31.8656,31.8,31.8656,112,0
RVRB.US,D,20241223,000000,31.04,31.4067,31.04,31.4067,118,0
RVRB.US,D,20241224,000000,31.56,31.7102,31.56,31.7102,100,0
RVRB.US,D,20241226,000000,31.65,31.7384,31.65,31.7384,101,0
RVRB.US,D,20241227,000000,31.37,31.37,31.3663,31.3663,106,0
RVRB.US,D,20241230,000000,30.38,30.5792,30.38,30.5792,228,0
RVRB.US,D,20241231,000000,30.55,30.55,30.396,30.396,259,0
RVRB.US,D,20250102,000000,30.67,30.67,30.3598,30.3598,193,0
RVRB.US,D,20250106,000000,31.09,31.09,30.9291,30.9291,178,0
RVRB.US,D,20250108,000000,30.58,30.64,30.58,30.64,364,0
RVRB.US,D,20250110,000000,30.14,30.2027,30.14,30.2027,202,0
RVRB.US,D,20250113,000000,30.04,30.23,30.04,30.23,302,0
RVRB.US,D,20250114,000000,30.31,30.31,30.16,30.16,200,0
RVRB.US,D,20250115,000000,30.76,30.8211,30.76,30.8211,111,0
