<TICKER>,<PER>,<DATE>,<TIME>,<OPEN>,<HIGH>,<LOW>,<CLOSE>,<VOL>,<OPENINT>
SSLY.US,D,20200603,000000,29.44,29.44,29.44,29.44,23,0
SSLY.US,D,20200604,000000,29.843,29.843,29.843,29.843,112,0
SSLY.US,D,20200605,000000,29.842,31.353,29.842,31.353,322,0
SSLY.US,D,20200608,000000,32.471,32.471,32.471,32.471,8,0
SSLY.US,D,20200609,000000,31.391,31.391,31.15,31.15,132,0
SSLY.US,D,20200610,000000,29.987,29.987,29.987,29.987,107,0
SSLY.US,D,20200611,000000,29.991,29.991,27.473,27.473,221,0
SSLY.US,D,20200612,000000,27.718,28.435,27.718,28.435,222,0
SSLY.US,D,20200615,000000,28.855,28.855,28.855,28.855,107,0
SSLY.US,D,20200616,000000,29.026,29.576,29.026,29.576,216,0
SSLY.US,D,20200617,000000,28.929,28.929,28.929,28.929,21,0
SSLY.US,D,20200618,000000,28.871,28.871,28.871,28.871,8,0
SSLY.US,D,20200619,000000,29.026,29.286,28.618,28.618,647,0
SSLY.US,D,20200622,000000,28.811,28.811,28.811,28.811,107,0
SSLY.US,D,20200623,000000,28.886,28.969,28.886,28.969,540,0
SSLY.US,D,20200624,000000,28.163,28.163,27.925,27.925,464,0
SSLY.US,D,20200625,000000,27.858,28.163,27.858,28.113,681,0
SSLY.US,D,20200626,000000,27.562,27.562,27.562,27.562,3,0
SSLY.US,D,20200629,000000,28.583,28.583,28.583,28.583,3,0
SSLY.US,D,20200630,000000,29.055,29.055,29.055,29.055,107,0
SSLY.US,D,20200701,000000,28.676,28.676,28.676,28.676,107,0
SSLY.US,D,20200702,000000,28.735,28.735,28.735,28.735,3,0
SSLY.US,D,20200706,000000,29.114,29.114,29.114,29.114,107,0
SSLY.US,D,20200707,000000,28.569,28.569,28.569,28.569,107,0
SSLY.US,D,20200708,000000,28.681,28.681,28.681,28.681,107,0
SSLY.US,D,20200709,000000,28.163,28.163,28.087,28.087,414,0
SSLY.US,D,20200710,000000,28.644,28.644,28.644,28.644,17,0
SSLY.US,D,20200713,000000,28.372,28.372,28.372,28.372,11,0
SSLY.US,D,20200714,000000,28.826,28.826,28.826,28.826,107,0
SSLY.US,D,20200715,000000,29.935,30.036,29.935,30.036,107,0
SSLY.US,D,20200716,000000,29.846,29.846,29.846,29.846,107,0
SSLY.US,D,20200717,000000,29.851,29.851,29.851,29.851,1,0
SSLY.US,D,20200720,000000,29.65,29.65,29.65,29.65,5,0
SSLY.US,D,20200721,000000,30.265,30.265,30.265,30.265,1,0
SSLY.US,D,20200722,000000,30.298,30.298,30.298,30.298,1,0
SSLY.US,D,20200723,000000,30.491,30.491,30.491,30.491,1,0
SSLY.US,D,20200724,000000,29.961,29.961,29.961,29.961,1,0
SSLY.US,D,20200727,000000,30.303,30.303,30.303,30.303,1,0
SSLY.US,D,20200728,000000,30.101,30.101,30.101,30.101,1,0
SSLY.US,D,20200729,000000,30.648,30.886,30.556,30.886,885,0
SSLY.US,D,20200730,000000,30.794,30.794,30.794,30.794,1,0
SSLY.US,D,20200731,000000,30.515,30.515,30.515,30.515,1,0
SSLY.US,D,20200803,000000,30.852,31.274,29.583,30.973,1321,0
SSLY.US,D,20200804,000000,31.206,31.206,31.206,31.206,32,0
SSLY.US,D,20200805,000000,31.843,31.843,31.843,31.843,5,0
SSLY.US,D,20200806,000000,31.728,31.728,31.728,31.728,1,0
SSLY.US,D,20200807,000000,31.965,32.278,31.965,32.278,107,0
SSLY.US,D,20200810,000000,32.686,32.686,32.686,32.686,27,0
SSLY.US,D,20200811,000000,32.644,32.644,32.644,32.644,1,0
SSLY.US,D,20200812,000000,32.712,32.712,32.712,32.712,1,0
SSLY.US,D,20200813,000000,32.531,32.531,32.531,32.531,1,0
SSLY.US,D,20200814,000000,32.53,32.53,32.53,32.53,1,0
SSLY.US,D,20200817,000000,32.571,32.571,32.571,32.571,1,0
SSLY.US,D,20200818,000000,32.161,32.161,32.161,32.161,1,0
SSLY.US,D,20200819,000000,32.238,32.238,32.238,32.238,1,0
SSLY.US,D,20200820,000000,32.005,32.005,32.005,32.005,1,0
SSLY.US,D,20200821,000000,31.715,31.715,31.715,31.715,1,0
SSLY.US,D,20200824,000000,32.237,32.237,32.237,32.237,1,0
SSLY.US,D,20200825,000000,32.329,32.329,32.329,32.329,1,0
SSLY.US,D,20200826,000000,32.061,32.061,32.061,32.061,1,0
SSLY.US,D,20200827,000000,32.088,32.088,32.088,32.088,1,0
SSLY.US,D,20200828,000000,32.371,32.371,32.371,32.371,1,0
SSLY.US,D,20200831,000000,31.961,31.961,31.961,31.961,1,0
SSLY.US,D,20200901,000000,32.263,32.263,32.263,32.263,1,0
SSLY.US,D,20200902,000000,32.758,32.758,32.758,32.758,5,0
SSLY.US,D,20200903,000000,31.856,31.856,31.856,31.856,1,0
SSLY.US,D,20200904,000000,31.697,31.697,31.697,31.697,1,0
SSLY.US,D,20200908,000000,31.044,31.044,31.044,31.044,1,0
SSLY.US,D,20200909,000000,31.334,31.334,31.334,31.334,11,0
SSLY.US,D,20200910,000000,31.055,31.055,31.055,31.055,17,0
SSLY.US,D,20200911,000000,30.771,30.771,30.771,30.771,107,0
SSLY.US,D,20200914,000000,31.362,31.362,31.362,31.362,1,0
SSLY.US,D,20200915,000000,31.358,31.358,31.358,31.358,1,0
SSLY.US,D,20200916,000000,31.625,31.625,31.625,31.625,1,0
SSLY.US,D,20200917,000000,31.365,31.365,31.365,31.365,3,0
SSLY.US,D,20200918,000000,31.314,31.314,31.314,31.314,6,0
SSLY.US,D,20200921,000000,30.235,30.235,30.235,30.235,1,0
SSLY.US,D,20200922,000000,30.381,30.381,30.381,30.381,64,0
SSLY.US,D,20200923,000000,29.492,29.492,29.492,29.492,1,0
SSLY.US,D,20200924,000000,29.485,29.485,29.485,29.485,1,0
SSLY.US,D,20200925,000000,29.771,29.771,29.771,29.771,1,0
SSLY.US,D,20200928,000000,30.612,30.612,30.612,30.612,1,0
SSLY.US,D,20200929,000000,30.493,30.493,30.493,30.493,1,0
SSLY.US,D,20200930,000000,30.788,30.788,30.371,30.572,647,0
SSLY.US,D,20201001,000000,31.002,31.002,31.002,31.002,1,0
SSLY.US,D,20201002,000000,31.404,31.404,31.404,31.404,1,0
SSLY.US,D,20201005,000000,31.789,32.044,30.613,32.044,2308,0
SSLY.US,D,20201006,000000,32.042,32.042,32.042,32.042,2,0
SSLY.US,D,20201007,000000,32.491,32.491,32.491,32.491,2,0
SSLY.US,D,20201008,000000,32.643,33.069,32.633,33.069,1186,0
SSLY.US,D,20201009,000000,33.283,33.283,33.283,33.283,3,0
SSLY.US,D,20201012,000000,33.431,33.431,33.431,33.431,2,0
SSLY.US,D,20201013,000000,33.166,33.166,33.166,33.166,2,0
SSLY.US,D,20201014,000000,32.967,32.967,32.967,32.967,3,0
SSLY.US,D,20201015,000000,33.291,33.291,33.291,33.291,64,0
SSLY.US,D,20201016,000000,33.1,33.1,33.1,33.1,3,0
SSLY.US,D,20201019,000000,32.708,32.708,32.708,32.708,4,0
SSLY.US,D,20201020,000000,32.896,32.896,32.896,32.896,26,0
SSLY.US,D,20201021,000000,32.709,32.709,32.709,32.709,1,0
SSLY.US,D,20201023,000000,33.354,33.354,33.354,33.354,1,0
SSLY.US,D,20201026,000000,32.543,32.543,32.543,32.543,1,0
SSLY.US,D,20201027,000000,32.207,32.207,32.207,32.207,1,0
SSLY.US,D,20201028,000000,31.224,31.224,31.224,31.224,1,0
SSLY.US,D,20201029,000000,31.72,31.72,31.72,31.72,1,0
SSLY.US,D,20201030,000000,31.082,31.082,31.082,31.082,2,0
SSLY.US,D,20201102,000000,31.382,31.779,31.382,31.779,919,0
SSLY.US,D,20201103,000000,32.713,32.713,32.713,32.713,2,0
SSLY.US,D,20201104,000000,32.365,32.365,32.365,32.365,86,0
SSLY.US,D,20201105,000000,33.281,33.281,33.281,33.281,3,0
SSLY.US,D,20201106,000000,32.926,32.926,32.926,32.926,17,0
SSLY.US,D,20201109,000000,31.864,35.109,31.864,33.943,1534,0
SSLY.US,D,20201110,000000,35.276,35.276,35.27,35.27,160,0
SSLY.US,D,20201111,000000,34.67,34.67,34.67,34.67,1,0
SSLY.US,D,20201112,000000,34.23,34.23,34.23,34.23,1,0
SSLY.US,D,20201113,000000,35.05,35.05,35.05,35.05,1,0
SSLY.US,D,20201116,000000,36.124,36.124,36.124,36.124,34,0
SSLY.US,D,20201117,000000,36.018,36.546,35.962,36.068,1473,0
SSLY.US,D,20201118,000000,36.166,36.166,36.166,36.166,238,0
SSLY.US,D,20201119,000000,36.458,36.458,36.458,36.458,1,0
SSLY.US,D,20201120,000000,36.436,36.436,36.436,36.436,1,0
SSLY.US,D,20201123,000000,37.34,37.34,37.34,37.34,2,0
SSLY.US,D,20201124,000000,38.356,38.356,38.356,38.356,2,0
SSLY.US,D,20201125,000000,38.032,38.032,38.032,38.032,1,0
SSLY.US,D,20201127,000000,38.018,38.018,38.018,38.018,1,0
SSLY.US,D,20201130,000000,37.1,37.1,37.1,37.1,1,0
SSLY.US,D,20201201,000000,37.523,37.523,37.523,37.523,10,0
SSLY.US,D,20201202,000000,37.784,37.784,37.784,37.784,1,0
SSLY.US,D,20201203,000000,38.137,38.137,38.137,38.137,2,0
SSLY.US,D,20201204,000000,39.188,39.188,39.188,39.188,2,0
SSLY.US,D,20201207,000000,39.152,39.523,39.152,39.523,432,0
SSLY.US,D,20201208,000000,39.097,39.598,39.097,39.575,539,0
SSLY.US,D,20201209,000000,39.429,39.429,39.429,39.429,38,0
SSLY.US,D,20201210,000000,39.606,39.606,39.578,39.606,4,0
SSLY.US,D,20201211,000000,39.14,39.14,39.14,39.14,1,0
SSLY.US,D,20201214,000000,39.143,39.143,39.135,39.135,434,0
SSLY.US,D,20201215,000000,39.984,39.984,39.984,39.984,245,0
SSLY.US,D,20201216,000000,39.836,39.836,39.836,39.836,77,0
SSLY.US,D,20201217,000000,40.205,40.205,40.205,40.205,17,0
SSLY.US,D,20201218,000000,40.009,40.009,40.009,40.009,17,0
SSLY.US,D,20201221,000000,39.451,39.451,39.451,39.451,12,0
SSLY.US,D,20201222,000000,39.722,39.722,39.722,39.722,1,0
SSLY.US,D,20201223,000000,40.112,40.112,40.112,40.112,2,0
SSLY.US,D,20201224,000000,40.332,40.468,40.183,40.468,7248,0
SSLY.US,D,20201228,000000,40.49,40.49,40.462,40.462,112,0
SSLY.US,D,20201229,000000,40.173,40.173,40.173,40.173,108,0
SSLY.US,D,20201230,000000,40.325,40.325,40.325,40.325,77,0
SSLY.US,D,20201231,000000,40.195,40.195,40.195,40.195,6,0
SSLY.US,D,20210104,000000,39.931,40.141,39.931,40.141,283,0
SSLY.US,D,20210105,000000,41.072,41.072,41.072,41.072,1,0
SSLY.US,D,20210106,000000,42.771,42.771,42.771,42.771,108,0
SSLY.US,D,20210107,000000,43.037,43.037,43.037,43.037,3,0
SSLY.US,D,20210108,000000,42.608,42.608,42.608,42.608,6,0
SSLY.US,D,20210111,000000,42.725,42.725,42.725,42.725,98,0
SSLY.US,D,20210112,000000,43.511,43.511,43.511,43.511,1,0
SSLY.US,D,20210113,000000,43.294,43.294,43.239,43.239,443,0
SSLY.US,D,20210114,000000,44.331,44.331,44.331,44.331,216,0
SSLY.US,D,20210115,000000,43.576,43.576,43.576,43.576,21,0
SSLY.US,D,20210119,000000,44.062,44.062,44.062,44.062,215,0
SSLY.US,D,20210120,000000,44.265,44.265,44.265,44.265,3,0
SSLY.US,D,20210121,000000,43.958,43.958,43.958,43.958,8,0
SSLY.US,D,20210122,000000,44.457,44.457,44.457,44.457,56,0
SSLY.US,D,20210125,000000,44.716,44.716,44.716,44.716,33,0
SSLY.US,D,20210126,000000,45.143,45.143,45.143,45.143,1,0
SSLY.US,D,20210127,000000,45.955,45.955,45.955,45.955,2,0
SSLY.US,D,20210128,000000,44.635,44.821,44.384,44.413,17826,0
SSLY.US,D,20210129,000000,44.396,44.396,44.396,44.396,33,0
SSLY.US,D,20210201,000000,44.698,44.698,44.698,44.698,11,0
SSLY.US,D,20210202,000000,44.439,44.477,44.323,44.323,1266,0
SSLY.US,D,20210203,000000,44.478,44.478,44.478,44.478,2,0
SSLY.US,D,20210204,000000,45.002,45.002,45.002,45.002,2,0
SSLY.US,D,20210205,000000,45.75,45.75,45.75,45.75,304,0
SSLY.US,D,20210208,000000,46.74,47.085,46.74,47.062,609,0
SSLY.US,D,20210209,000000,47.399,47.399,47.399,47.399,2,0
SSLY.US,D,20210210,000000,47.62,47.62,47.157,47.157,216,0
SSLY.US,D,20210211,000000,47.316,47.316,47.316,47.316,67,0
SSLY.US,D,20210212,000000,47.397,47.397,47.397,47.397,1,0
SSLY.US,D,20210216,000000,47.283,47.283,47.283,47.283,3,0
SSLY.US,D,20210217,000000,46.964,47.079,46.964,47.079,231,0
SSLY.US,D,20210218,000000,46.405,46.405,46.405,46.405,1,0
SSLY.US,D,20210219,000000,47.067,47.067,47.067,47.067,8,0
SSLY.US,D,20210222,000000,47.504,47.504,47.305,47.305,966,0
SSLY.US,D,20210223,000000,46.883,46.883,46.883,46.883,3,0
SSLY.US,D,20210224,000000,47.709,48.01,47.672,48.01,1084,0
SSLY.US,D,20210225,000000,46.715,46.715,46.715,46.715,43,0
SSLY.US,D,20210226,000000,46.917,46.917,46.605,46.605,1091,0
SSLY.US,D,20210301,000000,46.917,48.622,46.917,48.411,495,0
SSLY.US,D,20210302,000000,47.168,47.168,47.168,47.168,4,0
SSLY.US,D,20210303,000000,47.256,47.256,47.256,47.256,25,0
SSLY.US,D,20210304,000000,47.057,47.057,46.138,46.138,593,0
SSLY.US,D,20210305,000000,47.25,47.25,47.25,47.25,6,0
SSLY.US,D,20210308,000000,48.435,48.575,48.435,48.466,1608,0
SSLY.US,D,20210309,000000,49.153,49.19,48.912,48.912,564,0
SSLY.US,D,20210310,000000,49.765,49.765,49.765,49.765,2,0
SSLY.US,D,20210311,000000,50.299,50.299,50.299,50.299,4,0
SSLY.US,D,20210312,000000,50.906,50.906,50.906,50.906,110,0
SSLY.US,D,20210315,000000,50.88,50.88,50.88,50.88,1,0
SSLY.US,D,20210316,000000,50.016,50.016,50.016,50.016,1,0
SSLY.US,D,20210317,000000,50.206,50.206,50.206,50.206,21,0
SSLY.US,D,20210318,000000,49.18,49.18,49.18,49.18,20800,0
SSLY.US,D,20210319,000000,48.985,49.628,48.985,49.433,776,0
SSLY.US,D,20210322,000000,48.79,48.79,48.79,48.79,10,0
SSLY.US,D,20210323,000000,47.188,47.188,47.188,47.188,1,0
SSLY.US,D,20210324,000000,46.426,46.426,46.426,46.426,8,0
SSLY.US,D,20210325,000000,47.423,47.423,47.423,47.423,13,0
SSLY.US,D,20210326,000000,48.231,48.231,48.231,48.231,108,0
SSLY.US,D,20210329,000000,48.808,48.808,47.328,47.328,324,0
SSLY.US,D,20210330,000000,47.799,47.799,47.799,47.799,2,0
SSLY.US,D,20210331,000000,48.249,48.249,48.249,48.249,1,0
SSLY.US,D,20210401,000000,48.737,48.737,48.737,48.737,78,0
SSLY.US,D,20210405,000000,49.373,49.373,49.373,49.373,302,0
SSLY.US,D,20210406,000000,49.011,49.011,49.011,49.011,75,0
SSLY.US,D,20210407,000000,48.333,48.333,48.333,48.333,234,0
SSLY.US,D,20210408,000000,48.619,48.619,48.619,48.619,65,0
SSLY.US,D,20210409,000000,48.491,48.734,48.417,48.734,1229,0
SSLY.US,D,20210412,000000,48.738,48.738,48.738,48.738,1,0
SSLY.US,D,20210413,000000,48.544,48.544,48.544,48.544,5,0
SSLY.US,D,20210414,000000,48.908,48.908,48.908,48.908,1,0
SSLY.US,D,20210415,000000,49.151,49.151,49.151,49.151,105,0
SSLY.US,D,20210416,000000,49.338,49.338,49.338,49.338,12,0
SSLY.US,D,20210419,000000,48.657,48.657,48.657,48.657,1,0
SSLY.US,D,20210420,000000,47.707,47.707,47.707,47.707,13,0
SSLY.US,D,20210421,000000,48.703,48.703,48.703,48.703,3,0
SSLY.US,D,20210422,000000,48.53,48.53,48.53,48.53,1,0
SSLY.US,D,20210423,000000,49.261,49.261,49.261,49.261,3,0
SSLY.US,D,20210426,000000,49.365,49.365,49.365,49.365,4,0
SSLY.US,D,20210427,000000,49.329,49.329,49.329,49.329,1,0
SSLY.US,D,20210428,000000,49.395,49.395,49.395,49.395,105,0
SSLY.US,D,20210429,000000,49.46,49.46,49.46,49.46,41,0
SSLY.US,D,20210430,000000,49.134,49.162,48.856,48.856,1645,0
SSLY.US,D,20210503,000000,49.528,49.528,49.528,49.528,2,0
SSLY.US,D,20210504,000000,49.171,49.171,49.135,49.135,411,0
SSLY.US,D,20210505,000000,49.134,49.134,49.134,49.134,1,0
SSLY.US,D,20210506,000000,48.957,49.404,48.957,49.395,348,0
SSLY.US,D,20210507,000000,49.888,49.919,49.888,49.919,1023,0
SSLY.US,D,20210510,000000,48.996,48.996,48.996,48.996,106,0
SSLY.US,D,20210511,000000,48.625,48.625,48.625,48.625,64,0
SSLY.US,D,20210512,000000,48.081,48.091,47.169,47.192,2363,0
SSLY.US,D,20210513,000000,48.282,48.282,48.282,48.282,64,0
SSLY.US,D,20210514,000000,49.316,49.316,49.316,49.316,16,0
SSLY.US,D,20210517,000000,49.432,49.432,49.432,49.432,2,0
SSLY.US,D,20210518,000000,49.058,49.058,49.058,49.058,64,0
SSLY.US,D,20210519,000000,48.741,48.741,48.741,48.741,64,0
SSLY.US,D,20210520,000000,48.977,48.977,48.977,48.977,93,0
SSLY.US,D,20210521,000000,49.188,49.188,49.188,49.188,104,0
SSLY.US,D,20210524,000000,49.365,49.365,49.365,49.365,1,0
SSLY.US,D,20210525,000000,48.733,48.733,48.733,48.733,1,0
SSLY.US,D,20210526,000000,49.553,49.562,49.553,49.562,254,0
SSLY.US,D,20210527,000000,50.182,50.182,50.182,50.182,1,0
SSLY.US,D,20210528,000000,50.019,50.075,50.019,50.075,1974,0
SSLY.US,D,20210601,000000,50.419,50.736,50.419,50.72,6445,0
SSLY.US,D,20210602,000000,50.638,50.638,50.638,50.638,1,0
SSLY.US,D,20210603,000000,50.308,50.308,50.308,50.308,1,0
SSLY.US,D,20210604,000000,50.388,50.388,50.388,50.388,55,0
SSLY.US,D,20210607,000000,50.861,50.861,50.861,50.861,107,0
SSLY.US,D,20210608,000000,51.471,51.471,51.471,51.471,1,0
SSLY.US,D,20210609,000000,51.035,51.035,51.035,51.035,4,0
SSLY.US,D,20210610,000000,50.727,50.727,50.591,50.591,2206,0
SSLY.US,D,20210611,000000,50.941,50.988,50.941,50.988,3988,0
SSLY.US,D,20210614,000000,50.742,50.742,50.742,50.742,1,0
SSLY.US,D,20210615,000000,50.798,50.798,50.798,50.798,6571,0
SSLY.US,D,20210616,000000,50.771,50.771,50.771,50.771,73,0
SSLY.US,D,20210617,000000,50.08,50.08,50.08,50.08,3,0
SSLY.US,D,20210618,000000,49.017,49.017,49.017,49.017,25036,0
SSLY.US,D,20210621,000000,49.985,49.985,49.985,49.985,1,0
SSLY.US,D,20210622,000000,50.145,50.145,50.145,50.145,158,0
SSLY.US,D,20210623,000000,50.24,50.24,50.24,50.24,2,0
SSLY.US,D,20210624,000000,50.923,50.923,50.923,50.923,849,0
SSLY.US,D,20210625,000000,51.009,51.009,51.009,51.009,110,0
SSLY.US,D,20210628,000000,50.727,50.783,50.524,50.524,972,0
SSLY.US,D,20210629,000000,50.391,50.392,50.293,50.293,2220,0
SSLY.US,D,20210630,000000,50.441,50.441,50.441,50.441,2,0
SSLY.US,D,20210701,000000,50.796,50.796,50.796,50.796,4,0
SSLY.US,D,20210702,000000,50.308,50.308,50.308,50.308,1,0
SSLY.US,D,20210706,000000,49.654,49.654,49.654,49.654,103,0
SSLY.US,D,20210707,000000,49.296,49.296,49.296,49.296,3,0
SSLY.US,D,20210708,000000,48.633,48.633,48.633,48.633,1,0
SSLY.US,D,20210709,000000,49.739,49.739,49.739,49.739,215,0
SSLY.US,D,20210712,000000,49.967,49.967,49.967,49.967,107,0
SSLY.US,D,20210713,000000,49.046,49.046,49.046,49.046,107,0
SSLY.US,D,20210714,000000,48.486,48.486,48.486,48.486,5,0
SSLY.US,D,20210715,000000,48.173,48.173,48.173,48.173,1,0
SSLY.US,D,20210716,000000,47.614,47.614,47.614,47.614,1,0
SSLY.US,D,20210719,000000,47.057,47.057,46.442,46.717,966,0
SSLY.US,D,20210720,000000,48.075,48.075,48.075,48.075,6,0
SSLY.US,D,20210721,000000,48.842,48.842,48.842,48.842,1,0
SSLY.US,D,20210722,000000,48.015,48.015,48.015,48.015,5,0
SSLY.US,D,20210723,000000,48.353,48.353,48.353,48.353,4,0
SSLY.US,D,20210726,000000,48.756,48.756,48.756,48.756,1,0
SSLY.US,D,20210727,000000,48.27,48.27,48.27,48.27,6,0
SSLY.US,D,20210728,000000,48.723,48.723,48.723,48.723,2,0
SSLY.US,D,20210729,000000,49.289,49.289,49.289,49.289,111,0
SSLY.US,D,20210730,000000,49.032,49.032,49.032,49.032,2,0
SSLY.US,D,20210802,000000,48.874,48.874,48.874,48.874,3,0
SSLY.US,D,20210803,000000,49.226,49.226,49.226,49.226,107,0
SSLY.US,D,20210804,000000,48.506,48.506,48.506,48.506,107,0
SSLY.US,D,20210805,000000,49.155,49.155,49.155,49.155,6,0
SSLY.US,D,20210806,000000,49.571,49.571,49.571,49.571,1,0
SSLY.US,D,20210809,000000,49.234,49.234,49.234,49.234,1,0
SSLY.US,D,20210810,000000,49.567,49.567,49.567,49.567,2,0
SSLY.US,D,20210811,000000,49.792,49.792,49.792,49.792,1,0
SSLY.US,D,20210812,000000,49.598,49.598,49.598,49.598,1,0
SSLY.US,D,20210813,000000,49.216,49.216,49.216,49.216,2,0
SSLY.US,D,20210816,000000,48.957,48.957,48.957,48.957,1,0
SSLY.US,D,20210817,000000,48.257,48.257,48.257,48.257,1,0
SSLY.US,D,20210818,000000,47.889,47.889,47.889,47.889,1,0
SSLY.US,D,20210819,000000,47.341,47.341,47.341,47.341,2,0
SSLY.US,D,20210820,000000,48.088,48.088,48.088,48.088,2,0
SSLY.US,D,20210823,000000,48.768,48.768,48.768,48.768,2,0
SSLY.US,D,20210824,000000,49.069,49.069,49.069,49.069,1,0
SSLY.US,D,20210825,000000,49.237,49.237,49.237,49.237,1,0
SSLY.US,D,20210826,000000,48.666,48.666,48.666,48.666,1,0
SSLY.US,D,20210827,000000,49.998,49.998,49.998,49.998,2,0
SSLY.US,D,20210830,000000,49.758,49.758,49.758,49.758,195,0
SSLY.US,D,20210831,000000,49.79,49.79,49.79,49.79,1,0
SSLY.US,D,20210901,000000,49.982,49.982,49.982,49.982,9,0
SSLY.US,D,20210902,000000,50.213,50.213,50.213,50.213,1,0
SSLY.US,D,20210903,000000,49.839,49.839,49.839,49.839,1,0
SSLY.US,D,20210907,000000,49.4,49.4,49.4,49.4,5,0
SSLY.US,D,20210908,000000,48.987,48.987,48.987,48.987,3,0
SSLY.US,D,20210909,000000,48.915,48.915,48.915,48.915,1,0
SSLY.US,D,20210910,000000,48.335,48.335,48.335,48.335,1,0
SSLY.US,D,20210913,000000,48.463,48.678,48.137,48.678,1805,0
SSLY.US,D,20210914,000000,47.942,48.023,47.942,48.023,268,0
SSLY.US,D,20210915,000000,48.417,48.417,48.417,48.417,27,0
SSLY.US,D,20210916,000000,48.378,48.378,48.378,48.378,1,0
SSLY.US,D,20210917,000000,48.612,48.612,48.612,48.612,4069,0
SSLY.US,D,20210920,000000,47.623,47.623,47.623,47.623,1,0
SSLY.US,D,20210921,000000,47.528,47.528,47.528,47.528,1,0
SSLY.US,D,20210922,000000,48.227,48.227,48.227,48.227,2,0
SSLY.US,D,20210923,000000,48.978,48.978,48.978,48.978,6,0
SSLY.US,D,20210924,000000,48.986,48.986,48.986,48.986,1,0
SSLY.US,D,20210927,000000,49.143,49.861,49.143,49.772,2469,0
SSLY.US,D,20210928,000000,49.087,49.087,48.972,48.972,217,0
SSLY.US,D,20210929,000000,49.073,49.073,49.073,49.073,1,0
SSLY.US,D,20210930,000000,48.64,48.64,48.365,48.365,1290,0
SSLY.US,D,20211001,000000,49.251,49.251,49.251,49.251,1,0
SSLY.US,D,20211004,000000,49.041,49.041,48.959,48.959,217,0
SSLY.US,D,20211005,000000,49.141,49.141,49.141,49.141,2,0
SSLY.US,D,20211006,000000,48.718,48.718,48.718,48.718,1,0
SSLY.US,D,20211007,000000,49.507,49.507,49.507,49.507,1,0
SSLY.US,D,20211008,000000,49.346,49.346,49.346,49.346,93,0
SSLY.US,D,20211011,000000,49.028,49.028,49.028,49.028,1,0
SSLY.US,D,20211012,000000,49.125,49.125,49.125,49.125,1,0
SSLY.US,D,20211013,000000,49.187,49.187,49.187,49.187,1,0
SSLY.US,D,20211014,000000,49.797,49.797,49.797,49.797,151,0
SSLY.US,D,20211015,000000,49.664,49.664,49.664,49.664,215,0
SSLY.US,D,20211018,000000,49.582,49.582,49.582,49.582,232,0
SSLY.US,D,20211019,000000,49.603,49.603,49.603,49.603,2,0
SSLY.US,D,20211020,000000,49.847,49.847,49.847,49.847,2,0
SSLY.US,D,20211021,000000,49.795,49.973,49.795,49.973,207,0
SSLY.US,D,20211022,000000,49.862,49.862,49.862,49.862,1,0
SSLY.US,D,20211025,000000,50.28,50.28,50.28,50.28,2,0
SSLY.US,D,20211026,000000,49.749,49.749,49.749,49.749,32,0
SSLY.US,D,20211027,000000,48.855,48.855,48.855,48.855,1,0
SSLY.US,D,20211028,000000,49.516,49.623,49.516,49.623,110,0
SSLY.US,D,20211029,000000,49.661,49.661,49.661,49.661,2,0
SSLY.US,D,20211101,000000,50.989,50.989,50.989,50.989,4,0
SSLY.US,D,20211102,000000,50.832,50.832,50.832,50.832,1,0
SSLY.US,D,20211103,000000,52.039,52.039,52.039,52.039,2,0
SSLY.US,D,20211104,000000,51.793,51.793,51.793,51.793,2,0
SSLY.US,D,20211105,000000,52.87,52.87,52.87,52.87,2,0
SSLY.US,D,20211108,000000,52.85,52.879,52.774,52.774,1076,0
SSLY.US,D,20211109,000000,52.692,52.757,52.685,52.685,1085,0
SSLY.US,D,20211110,000000,52.156,52.156,52.156,52.156,55,0
SSLY.US,D,20211111,000000,52.518,52.518,52.518,52.518,3,0
SSLY.US,D,20211112,000000,52.48,52.48,52.48,52.48,1,0
SSLY.US,D,20211115,000000,52.451,52.451,52.451,52.451,2,0
SSLY.US,D,20211116,000000,52.673,52.673,52.608,52.608,324,0
SSLY.US,D,20211117,000000,52.115,52.115,52.115,52.115,6,0
SSLY.US,D,20211118,000000,51.718,51.718,51.718,51.718,1,0
SSLY.US,D,20211119,000000,51.092,51.092,51.092,51.092,1,0
SSLY.US,D,20211122,000000,51.568,51.568,51.568,51.568,110,0
SSLY.US,D,20211123,000000,51.505,51.505,51.505,51.505,9,0
SSLY.US,D,20211124,000000,51.38,51.38,51.38,51.38,1,0
SSLY.US,D,20211126,000000,49.514,49.514,49.514,49.514,5,0
SSLY.US,D,20211129,000000,49.33,49.33,49.33,49.33,108,0
SSLY.US,D,20211130,000000,48.323,48.323,48.323,48.323,107,0
SSLY.US,D,20211201,000000,47.671,47.671,47.671,47.671,1,0
SSLY.US,D,20211202,000000,48.802,48.802,48.802,48.802,5,0
SSLY.US,D,20211203,000000,48.179,48.179,48.179,48.179,1,0
SSLY.US,D,20211206,000000,49.297,49.297,49.297,49.297,1,0
SSLY.US,D,20211207,000000,50.065,50.065,50.065,50.065,1,0
SSLY.US,D,20211208,000000,50.373,50.373,50.373,50.373,1,0
SSLY.US,D,20211209,000000,49.544,49.544,49.544,49.544,4,0
SSLY.US,D,20211210,000000,49.369,49.369,49.369,49.369,1,0
SSLY.US,D,20211213,000000,48.77,48.77,48.77,48.77,1,0
SSLY.US,D,20211214,000000,48.377,48.377,48.377,48.377,1,0
SSLY.US,D,20211215,000000,49.203,49.203,49.203,49.203,1,0
SSLY.US,D,20211216,000000,48.372,48.372,48.372,48.372,32,0
SSLY.US,D,20211217,000000,48.631,48.631,48.631,48.631,2421,0
SSLY.US,D,20211220,000000,47.9606,47.9606,47.9606,47.9606,72,0
SSLY.US,D,20211221,000000,49.1998,49.1998,49.1998,49.1998,111,0
SSLY.US,D,20211222,000000,49.6901,49.6901,49.6901,49.6901,4,0
SSLY.US,D,20211223,000000,50.1294,50.1294,50.1294,50.1294,5,0
SSLY.US,D,20211227,000000,50.6511,50.6511,50.6511,50.6511,15,0
SSLY.US,D,20211228,000000,50.4277,50.4277,50.4277,50.4277,4,0
SSLY.US,D,20211229,000000,50.495,50.5379,50.495,50.5379,103,0
SSLY.US,D,20211230,000000,50.4195,50.4195,50.4195,50.4195,6,0
SSLY.US,D,20211231,000000,50.3805,50.3805,50.3805,50.3805,47,0
SSLY.US,D,20220103,000000,50.9967,50.9967,50.9967,50.9967,3,0
SSLY.US,D,20220104,000000,51.2819,51.2819,51.2819,51.2819,64,0
SSLY.US,D,20220105,000000,50.0566,50.0566,50.0566,50.0566,1,0
SSLY.US,D,20220106,000000,50.1064,50.1064,50.1064,50.1064,1,0
SSLY.US,D,20220107,000000,49.7073,49.7073,49.7073,49.7073,50,0
SSLY.US,D,20220110,000000,49.5209,49.5209,49.5209,49.5209,61,0
SSLY.US,D,20220111,000000,49.8441,49.8441,49.8441,49.8441,1,0
SSLY.US,D,20220112,000000,49.5868,49.5868,49.5868,49.5868,1,0
SSLY.US,D,20220113,000000,49.4493,49.4493,49.4493,49.4493,2,0
SSLY.US,D,20220114,000000,49.5656,49.5656,49.5656,49.5656,8,0
SSLY.US,D,20220118,000000,48.2379,48.2379,48.2379,48.2379,10,0
SSLY.US,D,20220119,000000,47.4639,47.4639,47.4639,47.4639,2,0
SSLY.US,D,20220120,000000,46.4984,46.4984,46.4984,46.4984,1,0
SSLY.US,D,20220121,000000,46.08,46.1274,45.89,45.89,605,0
SSLY.US,D,20220124,000000,45.76,46.9873,45.76,46.9873,271,0
SSLY.US,D,20220125,000000,47,47,46.74,46.74,350,0
SSLY.US,D,20220126,000000,45.7776,45.7776,45.7776,45.7776,5,0
SSLY.US,D,20220127,000000,44.9067,44.9067,44.9067,44.9067,101,0
SSLY.US,D,20220128,000000,44.5001,45.76,44.19,45.76,5906,0
SSLY.US,D,20220131,000000,46.5706,46.5706,46.5706,46.5706,4,0
SSLY.US,D,20220201,000000,46.9478,46.9478,46.9478,46.9478,1,0
SSLY.US,D,20220202,000000,46.63,46.82,46.63,46.82,2355,0
SSLY.US,D,20220203,000000,46.1535,46.1535,45.8992,45.8992,100,0
SSLY.US,D,20220204,000000,45.8882,45.8882,45.8882,45.8882,2,0
SSLY.US,D,20220207,000000,45.9468,45.9468,45.9468,45.9468,4,0
SSLY.US,D,20220208,000000,46.7,46.8886,46.7,46.8886,200,0
SSLY.US,D,20220209,000000,47.3986,47.3986,47.3986,47.3986,2,0
SSLY.US,D,20220210,000000,46.97,46.97,46.7632,46.7632,222,0
SSLY.US,D,20220211,000000,46.72,46.77,46.72,46.77,621,0
SSLY.US,D,20220214,000000,46.39,46.61,46.39,46.5328,558,0
SSLY.US,D,20220215,000000,47.6494,47.6494,47.6494,47.6494,1,0
SSLY.US,D,20220216,000000,47.6937,47.6937,47.6937,47.6937,1,0
SSLY.US,D,20220217,000000,46.8083,46.8083,46.8083,46.8083,4,0
SSLY.US,D,20220218,000000,46.3468,46.3468,46.3468,46.3468,1,0
SSLY.US,D,20220222,000000,45.63,45.63,45.6274,45.6274,301,0
SSLY.US,D,20220223,000000,44.9781,44.9781,44.9781,44.9781,1,0
SSLY.US,D,20220224,000000,45.928,45.928,45.928,45.928,1,0
SSLY.US,D,20220225,000000,46.6871,46.6871,46.6871,46.6871,1,0
SSLY.US,D,20220228,000000,47.0074,47.0074,47.0074,47.0074,3,0
SSLY.US,D,20220301,000000,46.0179,46.0179,46.0179,46.0179,7,0
SSLY.US,D,20220302,000000,47.3528,47.3528,47.3528,47.3528,14,0
SSLY.US,D,20220303,000000,46.9698,46.9698,46.9698,46.9698,135,0
SSLY.US,D,20220304,000000,46.414,46.414,46.414,46.414,1,0
SSLY.US,D,20220307,000000,45.4713,45.4713,45.4713,45.4713,1,0
SSLY.US,D,20220308,000000,45.637,45.637,45.637,45.637,2,0
SSLY.US,D,20220309,000000,46.5003,46.5003,46.5003,46.5003,1,0
SSLY.US,D,20220310,000000,45.91,46.44,45.91,46.4363,215,0
SSLY.US,D,20220311,000000,45.6949,45.6949,45.6949,45.6949,2,0
SSLY.US,D,20220314,000000,44.98,45.0098,44.96,45.0098,1277,0
SSLY.US,D,20220315,000000,45.5762,45.5762,45.5762,45.5762,47,0
SSLY.US,D,20220316,000000,46.7816,46.7816,46.7816,46.7816,101,0
SSLY.US,D,20220317,000000,47.3,47.4422,47.3,47.4422,103,0
SSLY.US,D,20220318,000000,47.79,47.83,47.75,47.83,6262,0
SSLY.US,D,20220321,000000,47.2512,47.2512,47.2512,47.2512,4,0
SSLY.US,D,20220322,000000,47.5205,47.5205,47.5205,47.5205,2,0
SSLY.US,D,20220323,000000,46.7091,46.7091,46.7091,46.7091,2,0
SSLY.US,D,20220324,000000,47.0857,47.0857,47.0857,47.0857,4,0
SSLY.US,D,20220325,000000,47.2247,47.2247,47.2247,47.2247,2,0
SSLY.US,D,20220328,000000,47.0609,47.0609,47.0609,47.0609,2,0
SSLY.US,D,20220329,000000,48.344,48.344,48.344,48.344,104,0
SSLY.US,D,20220330,000000,48.53,48.53,47.39,47.4115,392,0
SSLY.US,D,20220331,000000,47.0564,47.0564,47.0564,47.0564,1,0
SSLY.US,D,20220401,000000,47.564,47.564,47.564,47.564,1,0
SSLY.US,D,20220404,000000,47.4254,47.4254,47.4254,47.4254,7,0
SSLY.US,D,20220405,000000,46.3743,46.3743,46.3743,46.3743,11,0
SSLY.US,D,20220406,000000,45.84,45.84,45.7752,45.7752,11598,0
SSLY.US,D,20220407,000000,45.7566,45.7566,45.7566,45.7566,1,0
SSLY.US,D,20220408,000000,45.471,45.471,45.471,45.471,1,0
SSLY.US,D,20220411,000000,45.48,45.48,45.12,45.1364,4059,0
SSLY.US,D,20220412,000000,45.5145,45.5145,45.5145,45.5145,1,0
SSLY.US,D,20220413,000000,46.2789,46.2789,46.2789,46.2789,1,0
SSLY.US,D,20220414,000000,45.8904,45.8904,45.8904,45.8904,2,0
SSLY.US,D,20220418,000000,45.79,45.79,45.54,45.5542,230,0
SSLY.US,D,20220419,000000,46.4565,46.4565,46.4565,46.4565,1,0
SSLY.US,D,20220420,000000,46.7061,46.7061,46.7061,46.7061,2,0
SSLY.US,D,20220421,000000,46.0215,46.0215,46.0215,46.0215,1,0
SSLY.US,D,20220422,000000,44.8099,44.8099,44.8099,44.8099,1,0
SSLY.US,D,20220426,000000,43.7162,43.7162,43.7162,43.7162,1,0
SSLY.US,D,20220427,000000,43.4133,43.4133,43.4133,43.4133,1,0
SSLY.US,D,20220428,000000,43.19,44.2485,43.19,44.2485,301,0
SSLY.US,D,20220429,000000,43.0644,43.0644,43.0644,43.0644,100,0
SSLY.US,D,20220502,000000,43.5772,43.5772,43.5772,43.5772,100,0
SSLY.US,D,20220503,000000,43.9539,43.9539,43.9539,43.9539,36,0
SSLY.US,D,20220504,000000,44.8605,44.8605,44.8605,44.8605,100,0
SSLY.US,D,20220505,000000,43.1581,43.1581,43.1581,43.1581,19,0
SSLY.US,D,20220506,000000,42.624,42.624,42.624,42.624,3,0
SSLY.US,D,20220509,000000,41.5029,41.5029,41.5029,41.5029,100,0
SSLY.US,D,20220510,000000,41.211,41.211,41.211,41.211,4,0
SSLY.US,D,20220511,000000,40.9,40.98,40.41,40.4152,603,0
SSLY.US,D,20220512,000000,41.0214,41.0214,41.0214,41.0214,1,0
SSLY.US,D,20220513,000000,42.1349,42.1349,42.1349,42.1349,202,0
SSLY.US,D,20220516,000000,41.9928,41.9928,41.9928,41.9928,77,0
SSLY.US,D,20220517,000000,43.2421,43.2421,43.2421,43.2421,32,0
SSLY.US,D,20220518,000000,41.8788,41.8788,41.8788,41.8788,30,0
SSLY.US,D,20220519,000000,41.8299,41.8299,41.8299,41.8299,3,0
SSLY.US,D,20220520,000000,41.5266,41.5266,41.5266,41.5266,101,0
SSLY.US,D,20220523,000000,41.8409,41.8409,41.8409,41.8409,7,0
SSLY.US,D,20220524,000000,41.2922,41.2922,41.2922,41.2922,3,0
SSLY.US,D,20220525,000000,42.2434,42.2434,42.2434,42.2434,2,0
SSLY.US,D,20220526,000000,43.1409,43.1409,43.1409,43.1409,3,0
SSLY.US,D,20220527,000000,44.0015,44.0015,44.0015,44.0015,11,0
SSLY.US,D,20220531,000000,43.6167,43.6167,43.6167,43.6167,11,0
SSLY.US,D,20220601,000000,43.5906,43.5906,43.5906,43.5906,1,0
SSLY.US,D,20220602,000000,44.23,44.31,44.22,44.3,4869,0
SSLY.US,D,20220603,000000,43.895,43.895,43.895,43.895,6,0
SSLY.US,D,20220606,000000,44.0664,44.0664,44.0664,44.0664,3,0
SSLY.US,D,20220607,000000,44.5804,44.5804,44.5804,44.5804,2,0
SSLY.US,D,20220608,000000,43.8851,43.8851,43.8851,43.8851,195,0
SSLY.US,D,20220609,000000,43.1631,43.1631,43.1631,43.1631,1,0
SSLY.US,D,20220610,000000,42.1279,42.1279,42.1279,42.1279,2,0
SSLY.US,D,20220613,000000,41.87,41.87,40.0685,40.0685,101,0
SSLY.US,D,20220614,000000,40.0383,40.0383,40.0383,40.0383,2,0
SSLY.US,D,20220615,000000,40.5671,40.5671,40.5671,40.5671,3,0
SSLY.US,D,20220616,000000,40.34,40.34,38.4925,38.4925,103,0
SSLY.US,D,20220617,000000,39.19,39.19,39.16,39.16,15296,0
SSLY.US,D,20220621,000000,39.62,39.62,39.62,39.62,6195,0
SSLY.US,D,20220622,000000,39.6796,39.6796,39.6796,39.6796,1,0
SSLY.US,D,20220623,000000,40.1007,40.1007,40.1007,40.1007,1,0
SSLY.US,D,20220624,000000,41.14,41.183,41.14,41.183,282,0
SSLY.US,D,20220627,000000,41.4017,41.4017,41.4017,41.4017,1,0
SSLY.US,D,20220628,000000,40.6415,40.6415,40.6415,40.6415,1,0
SSLY.US,D,20220629,000000,40.1536,40.1536,40.1536,40.1536,13,0
SSLY.US,D,20220630,000000,39.9271,39.9271,39.9271,39.9271,3,0
SSLY.US,D,20220701,000000,40.4941,40.4941,40.4941,40.4941,4,0
SSLY.US,D,20220705,000000,40.7972,40.7972,40.7972,40.7972,1,0
SSLY.US,D,20220706,000000,40.248,40.248,40.248,40.248,5,0
SSLY.US,D,20220707,000000,41.0219,41.0219,41.0219,41.0219,7,0
SSLY.US,D,20220708,000000,40.9653,40.9653,40.9653,40.9653,2,0
SSLY.US,D,20220711,000000,40.1852,40.1852,40.1852,40.1852,4,0
SSLY.US,D,20220712,000000,40.2858,40.2858,40.2858,40.2858,1,0
SSLY.US,D,20220713,000000,40.2713,40.2713,40.2713,40.2713,11,0
SSLY.US,D,20220714,000000,39.8715,39.8715,39.8715,39.8715,2,0
SSLY.US,D,20220715,000000,40.7404,40.7404,40.7404,40.7404,101,0
SSLY.US,D,20220718,000000,40.6778,40.6778,40.6778,40.6778,3,0
SSLY.US,D,20220719,000000,42.1103,42.1103,42.1103,42.1103,200,0
SSLY.US,D,20220720,000000,42.8037,42.8037,42.8037,42.8037,2,0
SSLY.US,D,20220721,000000,42.8432,42.8432,42.8432,42.8432,2,0
SSLY.US,D,20220722,000000,42.3341,42.3341,42.3341,42.3341,2,0
SSLY.US,D,20220725,000000,42.5505,42.5505,42.5505,42.5505,2,0
SSLY.US,D,20220726,000000,42.2701,42.2701,42.2701,42.2701,2,0
SSLY.US,D,20220727,000000,43.2983,43.2983,43.2983,43.2983,2,0
SSLY.US,D,20220728,000000,43.7682,43.7682,43.7682,43.7682,9,0
SSLY.US,D,20220729,000000,44.0286,44.0286,44.0286,44.0286,4,0
SSLY.US,D,20220801,000000,44.2439,44.2439,44.2439,44.2439,3,0
SSLY.US,D,20220802,000000,44.1074,44.1074,44.1074,44.1074,8,0
SSLY.US,D,20220803,000000,44.849,44.849,44.849,44.849,2,0
SSLY.US,D,20220804,000000,44.4791,44.4791,44.4791,44.4791,1,0
SSLY.US,D,20220805,000000,44.599,44.599,44.599,44.599,4,0
SSLY.US,D,20220808,000000,44.9938,44.9938,44.9938,44.9938,2,0
SSLY.US,D,20220809,000000,43.9316,43.9316,43.9316,43.9316,1,0
SSLY.US,D,20220810,000000,45.0371,45.0371,45.0371,45.0371,101,0
SSLY.US,D,20220811,000000,45.2391,45.2391,45.2391,45.2391,2,0
SSLY.US,D,20220812,000000,46.0957,46.0957,46.0957,46.0957,6,0
SSLY.US,D,20220815,000000,46.3312,46.3312,46.3312,46.3312,1,0
SSLY.US,D,20220816,000000,46.5809,46.5809,46.5809,46.5809,2,0
SSLY.US,D,20220817,000000,45.8471,45.8471,45.8471,45.8471,1,0
SSLY.US,D,20220818,000000,46.2159,46.2159,46.2159,46.2159,1,0
SSLY.US,D,20220819,000000,45.269,45.269,45.269,45.269,1,0
SSLY.US,D,20220822,000000,44.1757,44.1757,44.1757,44.1757,1,0
SSLY.US,D,20220823,000000,44.1158,44.1158,44.1158,44.1158,1,0
SSLY.US,D,20220824,000000,44.2464,44.2464,44.2464,44.2464,2,0
SSLY.US,D,20220825,000000,45.1117,45.1117,45.1117,45.1117,3,0
SSLY.US,D,20220826,000000,43.688,43.688,43.688,43.688,1,0
SSLY.US,D,20220829,000000,43.2883,43.2883,43.2883,43.2883,1,0
SSLY.US,D,20220830,000000,42.6555,42.6555,42.6555,42.6555,2,0
SSLY.US,D,20220831,000000,42.2361,42.2361,42.2361,42.2361,1,0
SSLY.US,D,20220901,000000,41.7046,41.7046,41.7046,41.7046,1,0
SSLY.US,D,20220902,000000,42.08,42.08,41.3008,41.3008,152,0
SSLY.US,D,20220906,000000,40.6406,40.6406,40.6406,40.6406,1,0
SSLY.US,D,20220907,000000,41.3975,41.3975,41.3975,41.3975,2,0
SSLY.US,D,20220908,000000,41.2,41.4318,41.2,41.4318,102,0
SSLY.US,D,20220909,000000,42.2311,42.2311,42.2311,42.2311,2,0
SSLY.US,D,20220912,000000,42.7557,42.7557,42.7557,42.7557,2,0
SSLY.US,D,20220913,000000,42.56,42.56,41.0602,41.0602,100,0
SSLY.US,D,20220914,000000,40.9899,40.9899,40.9899,40.9899,1,0
SSLY.US,D,20220915,000000,41.16,41.1601,40.7994,40.7994,400,0
SSLY.US,D,20220916,000000,40.59,40.59,40.5,40.5,4142,0
SSLY.US,D,20220919,000000,40.25,40.758,40.25,40.758,100,0
SSLY.US,D,20220920,000000,40.54,40.54,40.12,40.12,301,0
SSLY.US,D,20220921,000000,40.3,40.3,39.6923,39.6923,100,0
SSLY.US,D,20220922,000000,38.8466,38.8466,38.8466,38.8466,1,0
SSLY.US,D,20220923,000000,38.44,38.44,37.9212,37.9212,196,0
SSLY.US,D,20220926,000000,38.17,38.17,37.4657,37.4657,1245,0
SSLY.US,D,20220927,000000,37.6,37.6,37.5126,37.5126,100,0
SSLY.US,D,20220928,000000,37.67,38.6359,37.67,38.6359,105,0
SSLY.US,D,20220929,000000,38.38,38.38,37.7092,37.7092,100,0
SSLY.US,D,20220930,000000,37.5134,37.5134,37.5134,37.5134,2,0
SSLY.US,D,20221003,000000,37.92,38.39,37.92,38.3859,303,0
SSLY.US,D,20221004,000000,38.97,39.7894,38.97,39.7894,103,0
SSLY.US,D,20221005,000000,39.64,39.64,39.5601,39.5601,100,0
SSLY.US,D,20221006,000000,39.3449,39.3449,39.3449,39.3449,2,0
SSLY.US,D,20221007,000000,39.13,39.13,38.3009,38.3009,100,0
SSLY.US,D,20221010,000000,38.3098,38.3098,38.3098,38.3098,2,0
SSLY.US,D,20221011,000000,38.3445,38.3445,38.3445,38.3445,1,0
SSLY.US,D,20221012,000000,38.149,38.149,38.149,38.149,1,0
SSLY.US,D,20221013,000000,37.9,39.17,37.9,39.17,4645,0
SSLY.US,D,20221014,000000,39.28,39.28,38.2115,38.2115,100,0
SSLY.US,D,20221017,000000,39.3344,39.3344,39.3344,39.3344,103,0
SSLY.US,D,20221018,000000,39.6705,39.6705,39.6705,39.6705,104,0
SSLY.US,D,20221019,000000,39.02,39.0735,39.02,39.0735,100,0
SSLY.US,D,20221020,000000,38.7427,38.7427,38.7427,38.7427,103,0
SSLY.US,D,20221021,000000,39.5754,39.5754,39.5754,39.5754,84,0
SSLY.US,D,20221024,000000,39.8804,39.8804,39.8804,39.8804,2,0
SSLY.US,D,20221025,000000,40.9942,40.9942,40.9942,40.9942,2,0
SSLY.US,D,20221026,000000,41.2029,41.2029,41.2029,41.2029,3,0
SSLY.US,D,20221027,000000,41.2157,41.2157,41.2157,41.2157,3,0
SSLY.US,D,20221028,000000,42.05,42.23,42.05,42.2264,6102,0
SSLY.US,D,20221031,000000,42.36,42.43,42.27,42.27,6303,0
SSLY.US,D,20221101,000000,42.4556,42.4556,42.4556,42.4556,1,0
SSLY.US,D,20221102,000000,41.2204,41.2204,41.2204,41.2204,1,0
SSLY.US,D,20221103,000000,40.7915,40.7915,40.7915,40.7915,2,0
SSLY.US,D,20221104,000000,41.3643,41.3643,41.3643,41.3643,2,0
SSLY.US,D,20221107,000000,41.8286,41.8286,41.8286,41.8286,4,0
SSLY.US,D,20221108,000000,41.8019,41.8019,41.8019,41.8019,2,0
SSLY.US,D,20221109,000000,40.6872,40.6872,40.6872,40.6872,1,0
SSLY.US,D,20221110,000000,40.9,43.2255,40.9,43.2255,102,0
SSLY.US,D,20221111,000000,43.6419,43.6419,43.6419,43.6419,2,0
SSLY.US,D,20221114,000000,43.36,43.36,43.1272,43.1272,1095,0
SSLY.US,D,20221115,000000,43.7564,43.7564,43.7564,43.7564,2,0
SSLY.US,D,20221116,000000,42.909,42.909,42.909,42.909,3,0
SSLY.US,D,20221117,000000,42.7861,42.7861,42.7861,42.7861,2,0
SSLY.US,D,20221118,000000,43.0521,43.0521,43.0521,43.0521,2,0
SSLY.US,D,20221121,000000,42.7845,42.7845,42.7845,42.7845,2,0
SSLY.US,D,20221122,000000,43.2974,43.2974,43.2974,43.2974,2,0
SSLY.US,D,20221123,000000,43.4398,43.4398,43.4398,43.4398,3,0
SSLY.US,D,20221125,000000,43.5561,43.5561,43.5561,43.5561,1,0
SSLY.US,D,20221128,000000,42.6829,42.6829,42.6829,42.6829,1,0
SSLY.US,D,20221129,000000,42.8508,42.8508,42.8508,42.8508,1,0
SSLY.US,D,20221130,000000,43.9159,43.9159,43.9159,43.9159,5,0
SSLY.US,D,20221201,000000,43.99,44.04,43.97,43.97,3102,0
SSLY.US,D,20221202,000000,44.0475,44.0475,44.0475,44.0475,1,0
SSLY.US,D,20221205,000000,42.9817,42.9817,42.9817,42.9817,2,0
SSLY.US,D,20221206,000000,42.6402,42.6402,42.6402,42.6402,1,0
SSLY.US,D,20221207,000000,42.34,42.34,42.3012,42.3012,300,0
SSLY.US,D,20221208,000000,42.5149,42.5149,42.5149,42.5149,1,0
SSLY.US,D,20221209,000000,42.0005,42.0005,42.0005,42.0005,1,0
SSLY.US,D,20221212,000000,42.3952,42.3952,42.3952,42.3952,1,0
SSLY.US,D,20221213,000000,42.6449,42.6449,42.6449,42.6449,1,0
SSLY.US,D,20221214,000000,42.5015,42.5015,42.5015,42.5015,10,0
SSLY.US,D,20221215,000000,41.3353,41.3353,41.3353,41.3353,1,0
SSLY.US,D,20221216,000000,41.0289,41.0289,41.0289,41.0289,911,0
SSLY.US,D,20221219,000000,40.1332,40.1332,40.1332,40.1332,1,0
SSLY.US,D,20221220,000000,40.2702,40.2702,40.2702,40.2702,30,0
SSLY.US,D,20221221,000000,40.8208,40.8208,40.8208,40.8208,51,0
SSLY.US,D,20221222,000000,40.2568,40.2568,40.2568,40.2568,986,0
SSLY.US,D,20221223,000000,40.4,40.4779,40.4,40.4779,124,0
SSLY.US,D,20221227,000000,40.3408,40.3408,40.3408,40.3408,1,0
SSLY.US,D,20221228,000000,39.63,39.63,39.63,39.63,1,0
SSLY.US,D,20221229,000000,40.6752,40.6752,40.6752,40.6752,1,0
SSLY.US,D,20221230,000000,40.5655,40.5655,40.5655,40.5655,1,0
SSLY.US,D,20230103,000000,40.6621,40.6621,40.6621,40.6621,20,0
SSLY.US,D,20230104,000000,41.2917,41.2917,41.2917,41.2917,60,0
SSLY.US,D,20230105,000000,40.9384,40.9384,40.9384,40.9384,1,0
SSLY.US,D,20230106,000000,41.8503,41.8503,41.8503,41.8503,1,0
SSLY.US,D,20230109,000000,41.9345,41.9345,41.9345,41.9345,1,0
SSLY.US,D,20230110,000000,42.595,42.595,42.595,42.595,20,0
SSLY.US,D,20230111,000000,43.0634,43.0634,43.0634,43.0634,20,0
SSLY.US,D,20230112,000000,43.36,43.6772,43.36,43.6772,857,0
SSLY.US,D,20230113,000000,43.955,43.955,43.955,43.955,2,0
SSLY.US,D,20230117,000000,43.8482,43.8482,43.8482,43.8482,50,0
SSLY.US,D,20230118,000000,43.2535,43.2535,43.2535,43.2535,20,0
SSLY.US,D,20230119,000000,42.965,42.965,42.965,42.965,32,0
SSLY.US,D,20230120,000000,43.5991,43.5991,43.5991,43.5991,21,0
SSLY.US,D,20230123,000000,44.08,44.1437,44.07,44.1437,420,0
SSLY.US,D,20230124,000000,44.0411,44.0411,44.0411,44.0411,20,0
SSLY.US,D,20230125,000000,44.191,44.191,44.191,44.191,20,0
SSLY.US,D,20230126,000000,44.4161,44.4161,44.4161,44.4161,20,0
SSLY.US,D,20230127,000000,44.7,44.7,44.6643,44.6643,20313,0
SSLY.US,D,20230130,000000,44.1514,44.1514,44.1514,44.1514,20,0
SSLY.US,D,20230131,000000,45.2766,45.2766,45.2766,45.2766,20,0
SSLY.US,D,20230201,000000,46.0323,46.0323,46.0323,46.0323,61,0
SSLY.US,D,20230202,000000,47.2183,47.2183,47.2183,47.2183,4,0
SSLY.US,D,20230203,000000,46.9856,46.9856,46.9856,46.9856,1,0
SSLY.US,D,20230206,000000,46.1785,46.1785,46.1785,46.1785,1,0
SSLY.US,D,20230207,000000,46.3824,46.3824,46.3824,46.3824,1,0
SSLY.US,D,20230208,000000,45.6294,45.6294,45.6294,45.6294,1,0
SSLY.US,D,20230209,000000,45.0177,45.0177,45.0177,45.0177,2,0
SSLY.US,D,20230210,000000,45.098,45.098,45.098,45.098,1,0
SSLY.US,D,20230213,000000,45.6198,45.6198,45.6198,45.6198,1,0
SSLY.US,D,20230214,000000,44.7,45.6126,44.7,45.6126,1,0
SSLY.US,D,20230215,000000,46.0732,46.0732,46.0732,46.0732,3,0
SSLY.US,D,20230216,000000,45.7235,45.7235,45.7235,45.7235,1,0
SSLY.US,D,20230217,000000,45.8448,45.8448,45.8448,45.8448,1,0
SSLY.US,D,20230221,000000,44.865,44.865,44.372,44.372,300,0
SSLY.US,D,20230222,000000,44.5727,44.5727,44.5727,44.5727,1,0
SSLY.US,D,20230223,000000,44.8488,44.8488,44.8488,44.8488,1,0
SSLY.US,D,20230224,000000,44.3404,44.3404,44.3404,44.3404,1,0
SSLY.US,D,20230227,000000,44.3973,44.3973,44.3973,44.3973,1,0
SSLY.US,D,20230228,000000,44.4204,44.4204,44.4204,44.4204,1,0
SSLY.US,D,20230301,000000,44.865,44.865,44.4324,44.4324,4,0
SSLY.US,D,20230302,000000,44.5759,44.5759,44.5759,44.5759,2,0
SSLY.US,D,20230303,000000,45.0995,45.0995,45.0995,45.0995,2,0
SSLY.US,D,20230306,000000,43.862,43.862,43.862,43.862,50,0
SSLY.US,D,20230307,000000,43.8701,43.8701,43.5758,43.5758,3000,0
SSLY.US,D,20230308,000000,43.6126,43.6126,43.6126,43.6126,2,0
SSLY.US,D,20230309,000000,42.82,42.82,42.718,42.718,12700,0
SSLY.US,D,20230310,000000,41.5286,41.5286,41.5286,41.5286,2,0
SSLY.US,D,20230313,000000,42.82,42.82,40.681,40.681,12,0
SSLY.US,D,20230314,000000,41.4708,41.4708,41.4708,41.4708,4,0
SSLY.US,D,20230315,000000,40.7253,40.7253,40.7253,40.7253,12,0
SSLY.US,D,20230316,000000,41.341,41.341,41.341,41.341,12,0
SSLY.US,D,20230317,000000,40.2464,40.2464,40.2464,40.2464,1700,0
SSLY.US,D,20230320,000000,40.7629,40.7629,40.7629,40.7629,1,0
SSLY.US,D,20230321,000000,41.4254,41.4254,41.4254,41.4254,2,0
SSLY.US,D,20230322,000000,40.4676,40.4676,40.4676,40.4676,8,0
SSLY.US,D,20230323,000000,40.1221,40.1221,40.1221,40.1221,1,0
SSLY.US,D,20230324,000000,40.3578,40.3578,40.3578,40.3578,25,0
SSLY.US,D,20230327,000000,40.68,40.8738,40.63,40.8738,592,0
SSLY.US,D,20230328,000000,40.8515,40.8515,40.8515,40.8515,1,0
SSLY.US,D,20230329,000000,41.1255,41.1255,41.1255,41.1255,2,0
SSLY.US,D,20230330,000000,41.1758,41.1758,41.1758,41.1758,1,0
SSLY.US,D,20230331,000000,42.0693,42.0693,42.0693,42.0693,2,0
SSLY.US,D,20230403,000000,42.0584,42.0584,42.0584,42.0584,1,0
SSLY.US,D,20230404,000000,41.3659,41.3659,41.3659,41.3659,1,0
SSLY.US,D,20230405,000000,41.1518,41.1518,41.1518,41.1518,1,0
SSLY.US,D,20230406,000000,41.2523,41.2523,41.2523,41.2523,3,0
SSLY.US,D,20230410,000000,41.7891,41.7891,41.7891,41.7891,1,0
SSLY.US,D,20230411,000000,42.1514,42.1514,42.1514,42.1514,1,0
SSLY.US,D,20230412,000000,41.7161,41.7161,41.7161,41.7161,9,0
SSLY.US,D,20230413,000000,42.1837,42.1837,42.1837,42.1837,2,0
SSLY.US,D,20230414,000000,41.7958,41.7958,41.7958,41.7958,1,0
SSLY.US,D,20230417,000000,42.023,42.023,42.023,42.023,42,0
SSLY.US,D,20230418,000000,41.7517,41.7517,41.7517,41.7517,2,0
SSLY.US,D,20230419,000000,41.7376,41.7376,41.7376,41.7376,10,0
SSLY.US,D,20230420,000000,41.665,41.665,41.613,41.613,300,0
SSLY.US,D,20230421,000000,41.5738,41.5738,41.5738,41.5738,1,0
SSLY.US,D,20230424,000000,41.4968,41.4968,41.4968,41.4968,1,0
SSLY.US,D,20230425,000000,40.5178,40.5178,40.5178,40.5178,20,0
SSLY.US,D,20230426,000000,40.1408,40.1408,40.1408,40.1408,1,0
SSLY.US,D,20230427,000000,40.5364,40.5364,40.5364,40.5364,1,0
SSLY.US,D,20230428,000000,40.9267,40.9267,40.9267,40.9267,10,0
SSLY.US,D,20230501,000000,41.041,41.041,41.041,41.041,2,0
SSLY.US,D,20230502,000000,40.02,40.3199,40.01,40.3199,984,0
SSLY.US,D,20230503,000000,40.3128,40.3128,40.3128,40.3128,2,0
SSLY.US,D,20230504,000000,39.789,39.789,39.789,39.789,1,0
SSLY.US,D,20230505,000000,40.6759,40.6759,40.6759,40.6759,1,0
SSLY.US,D,20230508,000000,40.5541,40.5541,40.5541,40.5541,2,0
SSLY.US,D,20230509,000000,40.2982,40.2982,40.2982,40.2982,2,0
SSLY.US,D,20230510,000000,40.4368,40.4368,40.4368,40.4368,1,0
SSLY.US,D,20230511,000000,40.2028,40.2028,40.2028,40.2028,1,0
SSLY.US,D,20230512,000000,39.96,40.09,39.84,40.05,6500,0
SSLY.US,D,20230515,000000,40.4493,40.4493,40.4493,40.4493,1,0
SSLY.US,D,20230516,000000,40.1,40.1,40.0149,40.0149,260,0
SSLY.US,D,20230517,000000,40.8642,40.8642,40.8642,40.8642,1,0
SSLY.US,D,20230518,000000,41.2401,41.2401,41.2401,41.2401,1,0
SSLY.US,D,20230519,000000,40.9723,40.9723,40.9723,40.9723,1,0
SSLY.US,D,20230522,000000,41.2767,41.2767,41.2767,41.2767,2,0
SSLY.US,D,20230523,000000,41.2901,41.2901,41.2901,41.2901,1,0
SSLY.US,D,20230524,000000,40.7625,40.7625,40.7625,40.7625,1,0
SSLY.US,D,20230525,000000,40.5035,40.5035,40.5035,40.5035,1,0
SSLY.US,D,20230526,000000,41.0324,41.0324,41.0324,41.0324,43,0
SSLY.US,D,20230530,000000,40.7588,40.7588,40.7588,40.7588,1,0
SSLY.US,D,20230531,000000,40.4036,40.4036,40.4036,40.4036,1,0
SSLY.US,D,20230601,000000,40.5758,40.5758,40.5758,40.5758,2,0
SSLY.US,D,20230602,000000,42.0997,42.0997,42.0997,42.0997,1,0
SSLY.US,D,20230605,000000,41.2979,41.2979,41.2979,41.2979,1,0
SSLY.US,D,20230606,000000,42.4276,42.4276,42.4276,42.4276,1,0
SSLY.US,D,20230607,000000,43.25,43.3888,43.25,43.3888,510,0
SSLY.US,D,20230608,000000,43.0085,43.0085,43.0085,43.0085,2,0
SSLY.US,D,20230609,000000,42.71,42.71,42.6374,42.6374,142,0
SSLY.US,D,20230612,000000,42.846,42.846,42.846,42.846,1,0
SSLY.US,D,20230613,000000,43.28,43.28,43.2391,43.2391,102,0
SSLY.US,D,20230614,000000,42.6395,42.6395,42.6395,42.6395,1,0
SSLY.US,D,20230615,000000,42.9811,42.9811,42.9811,42.9811,1,0
SSLY.US,D,20230616,000000,42.89,42.97,42.89,42.97,3726,0
SSLY.US,D,20230620,000000,42.7343,42.7343,42.7343,42.7343,3,0
SSLY.US,D,20230621,000000,42.5984,42.5984,42.5984,42.5984,20,0
SSLY.US,D,20230622,000000,42.1372,42.1372,42.1372,42.1372,20,0
SSLY.US,D,20230623,000000,41.49,41.49,41.4433,41.4433,108,0
SSLY.US,D,20230626,000000,41.6555,41.6555,41.6555,41.6555,20,0
SSLY.US,D,20230627,000000,42.2599,42.3876,42.2599,42.3876,1520,0
SSLY.US,D,20230628,000000,42.37,42.4303,42.37,42.4303,1500,0
SSLY.US,D,20230629,000000,43.106,43.106,43.106,43.106,20,0
SSLY.US,D,20230630,000000,43.1837,43.1837,43.1837,43.1837,20,0
SSLY.US,D,20230703,000000,43.4307,43.4307,43.4307,43.4307,10,0
SSLY.US,D,20230705,000000,42.7849,42.7849,42.7849,42.7849,4,0
SSLY.US,D,20230706,000000,42.2106,42.2106,42.2106,42.2106,10,0
SSLY.US,D,20230707,000000,42.6498,42.6498,42.6498,42.6498,13,0
SSLY.US,D,20230710,000000,43.1222,43.1222,43.1222,43.1222,2,0
SSLY.US,D,20230711,000000,43.5831,43.5831,43.5831,43.5831,17,0
SSLY.US,D,20230712,000000,44.0616,44.0616,44.0616,44.0616,16,0
SSLY.US,D,20230713,000000,44.3115,44.3115,44.3115,44.3115,16,0
SSLY.US,D,20230714,000000,43.8396,43.8396,43.8396,43.8396,25,0
SSLY.US,D,20230717,000000,44.01,44.1091,43.975,44.1091,916,0
SSLY.US,D,20230718,000000,44.6125,44.6125,44.6125,44.6125,16,0
SSLY.US,D,20230719,000000,44.8362,44.8362,44.8362,44.8362,2,0
SSLY.US,D,20230720,000000,44.56,44.56,44.5261,44.5261,143,0
SSLY.US,D,20230721,000000,44.4047,44.4047,44.4047,44.4047,1,0
SSLY.US,D,20230724,000000,44.6851,44.6851,44.6851,44.6851,12,0
SSLY.US,D,20230725,000000,44.6734,44.6734,44.6734,44.6734,4,0
SSLY.US,D,20230726,000000,44.9089,44.9089,44.9089,44.9089,48,0
SSLY.US,D,20230727,000000,44.345,44.345,44.345,44.345,11,0
SSLY.US,D,20230728,000000,44.6955,44.6955,44.6955,44.6955,11,0
SSLY.US,D,20230731,000000,44.95,45.16,44.95,45.0811,1115,0
SSLY.US,D,20230801,000000,44.8723,44.8723,44.8723,44.8723,4,0
SSLY.US,D,20230802,000000,44.55,44.55,44.4383,44.4383,1000,0
SSLY.US,D,20230803,000000,44.24,44.51,44.14,44.4291,23050,0
SSLY.US,D,20230804,000000,44.4661,44.4661,44.4661,44.4661,1,0
SSLY.US,D,20230807,000000,44.5695,44.5695,44.5695,44.5695,4,0
SSLY.US,D,20230808,000000,44.4133,44.4133,44.4133,44.4133,4,0
SSLY.US,D,20230809,000000,44.19,44.19,43.9588,43.9588,289,0
SSLY.US,D,20230810,000000,43.6475,43.6475,43.6475,43.6475,4,0
SSLY.US,D,20230811,000000,43.6283,43.6283,43.6283,43.6283,1,0
SSLY.US,D,20230814,000000,43.397,43.397,43.397,43.397,4,0
SSLY.US,D,20230815,000000,42.9765,42.9765,42.9765,42.9765,2,0
SSLY.US,D,20230816,000000,42.4892,42.4892,42.4892,42.4892,30,0
SSLY.US,D,20230817,000000,42.152,42.152,42.152,42.152,55,0
SSLY.US,D,20230818,000000,42.2452,42.2452,42.2452,42.2452,17,0
SSLY.US,D,20230821,000000,41.9916,41.9916,41.9916,41.9916,1,0
SSLY.US,D,20230822,000000,41.9404,41.9404,41.9404,41.9404,1,0
SSLY.US,D,20230823,000000,42.2717,42.2717,42.2717,42.2717,1,0
SSLY.US,D,20230824,000000,41.8073,41.8073,41.8073,41.8073,1,0
SSLY.US,D,20230825,000000,41.892,41.892,41.892,41.892,2,0
SSLY.US,D,20230828,000000,42.32,42.32,42.2221,42.2221,1326,0
SSLY.US,D,20230829,000000,42.6836,42.6836,42.6836,42.6836,1,0
SSLY.US,D,20230830,000000,42.8832,42.8832,42.8832,42.8832,11,0
SSLY.US,D,20230831,000000,42.8108,42.8108,42.8108,42.8108,1,0
SSLY.US,D,20230901,000000,43.1774,43.1774,43.1774,43.1774,1,0
SSLY.US,D,20230905,000000,41.8005,41.8005,41.8005,41.8005,1,0
SSLY.US,D,20230906,000000,41.6479,41.6479,41.6479,41.6479,1,0
SSLY.US,D,20230907,000000,41.2249,41.2249,41.2249,41.2249,1,0
SSLY.US,D,20230908,000000,41.0586,41.0586,41.0586,41.0586,1,0
SSLY.US,D,20230911,000000,41.1319,41.1319,41.1319,41.1319,9,0
SSLY.US,D,20230912,000000,41.038,41.038,41.038,41.038,370,0
SSLY.US,D,20230913,000000,40.8455,40.8455,40.8455,40.8455,20,0
SSLY.US,D,20230914,000000,41.5281,41.5281,41.5281,41.5281,10,0
SSLY.US,D,20230915,000000,41.2,41.2,41.2,41.2,2860,0
SSLY.US,D,20230918,000000,40.8999,40.8999,40.8999,40.8999,20,0
SSLY.US,D,20230919,000000,40.8681,40.8681,40.8681,40.8681,44,0
SSLY.US,D,20230920,000000,40.6022,40.6022,40.6022,40.6022,44,0
SSLY.US,D,20230921,000000,40.31,40.31,40.2029,40.2029,513,0
SSLY.US,D,20230922,000000,39.94,39.95,39.94,39.95,288,0
SSLY.US,D,20230925,000000,40.04,40.04,40.04,40.04,100,0
SSLY.US,D,20230926,000000,39.515,39.515,39.4,39.4,364,0
SSLY.US,D,20230927,000000,39.72,39.72,39.72,39.72,169,0
SSLY.US,D,20230928,000000,40.27,40.27,40.188,40.188,140,0
SSLY.US,D,20230929,000000,40.0193,40.0193,40.0193,40.0193,44,0
SSLY.US,D,20231002,000000,39.5754,39.5754,39.5754,39.5754,44,0
SSLY.US,D,20231003,000000,38.9027,38.9027,38.9027,38.9027,44,0
SSLY.US,D,20231004,000000,38.9607,38.9607,38.9607,38.9607,2,0
SSLY.US,D,20231005,000000,38.8849,38.8849,38.8849,38.8849,7,0
SSLY.US,D,20231006,000000,39.0961,39.0961,39.0961,39.0961,44,0
SSLY.US,D,20231009,000000,39.3118,39.3118,39.3118,39.3118,2,0
SSLY.US,D,20231010,000000,39.7613,39.7613,39.7613,39.7613,1,0
SSLY.US,D,20231011,000000,39.6807,39.6807,39.6807,39.6807,1,0
SSLY.US,D,20231012,000000,38.9197,38.9197,38.9197,38.9197,1,0
SSLY.US,D,20231013,000000,38.4541,38.4541,38.4541,38.4541,1,0
SSLY.US,D,20231016,000000,39.264,39.264,39.264,39.264,2,0
SSLY.US,D,20231017,000000,39.7172,39.7172,39.7172,39.7172,2,0
SSLY.US,D,20231018,000000,39.012,39.012,39.012,39.012,3,0
SSLY.US,D,20231019,000000,38.4481,38.4481,38.4481,38.4481,1,0
SSLY.US,D,20231020,000000,38.0362,38.0362,38.0362,38.0362,1,0
SSLY.US,D,20231023,000000,37.5942,37.5942,37.5942,37.5942,166,0
SSLY.US,D,20231024,000000,37.865,37.865,37.865,37.865,1,0
SSLY.US,D,20231025,000000,37.2849,37.2849,37.2849,37.2849,1,0
SSLY.US,D,20231026,000000,37.286,37.286,37.286,37.286,1,0
SSLY.US,D,20231027,000000,36.7994,36.7994,36.7994,36.7994,1,0
SSLY.US,D,20231030,000000,37.0948,37.0948,37.0948,37.0948,20,0
SSLY.US,D,20231031,000000,37.4437,37.4437,37.4437,37.4437,1,0
SSLY.US,D,20231101,000000,37.4992,37.4992,37.4992,37.4992,24,0
SSLY.US,D,20231102,000000,38.4462,38.4462,38.4462,38.4462,1,0
SSLY.US,D,20231103,000000,39.6537,39.6537,39.6537,39.6537,7,0
SSLY.US,D,20231106,000000,39.2089,39.2089,39.2089,39.2089,32,0
SSLY.US,D,20231107,000000,38.93,38.93,38.93,38.93,2,0
SSLY.US,D,20231108,000000,38.5215,38.5215,38.5215,38.5215,1,0
SSLY.US,D,20231109,000000,37.91,37.9364,37.91,37.9364,2270,0
SSLY.US,D,20231110,000000,38.3148,38.3148,38.3148,38.3148,1,0
SSLY.US,D,20231113,000000,38.334,38.334,38.334,38.334,1,0
SSLY.US,D,20231114,000000,40.3267,40.3267,40.3267,40.3267,1,0
SSLY.US,D,20231115,000000,40.4768,40.4768,40.4768,40.4768,1,0
SSLY.US,D,20231116,000000,39.8425,39.8425,39.8425,39.8425,1,0
SSLY.US,D,20231117,000000,40.3352,40.3352,40.3352,40.3352,1,0
SSLY.US,D,20231120,000000,40.5464,40.5464,40.5464,40.5464,1,0
SSLY.US,D,20231121,000000,40.147,40.147,40.147,40.147,1,0
SSLY.US,D,20231122,000000,40.3408,40.3408,40.3408,40.3408,1,0
SSLY.US,D,20231124,000000,40.6051,40.6051,40.6051,40.6051,7,0
SSLY.US,D,20231127,000000,40.4545,40.4545,40.4545,40.4545,3,0
SSLY.US,D,20231128,000000,40.206,40.206,40.206,40.206,1,0
SSLY.US,D,20231129,000000,40.3262,40.3262,40.3262,40.3262,1,0
SSLY.US,D,20231130,000000,40.321,40.321,40.321,40.321,1,0
SSLY.US,D,20231201,000000,41.39,41.4924,41.38,41.4924,1802,0
SSLY.US,D,20231204,000000,42.03,42.1372,42.03,42.1372,400,0
SSLY.US,D,20231205,000000,41.4326,41.4326,41.4326,41.4326,65,0
SSLY.US,D,20231206,000000,41.3625,41.3625,41.3625,41.3625,1,0
SSLY.US,D,20231207,000000,41.7533,41.7533,41.7533,41.7533,1,0
SSLY.US,D,20231208,000000,42.0202,42.0202,42.0202,42.0202,1,0
SSLY.US,D,20231211,000000,42.1813,42.1813,42.1813,42.1813,1,0
SSLY.US,D,20231212,000000,41.96,42.0468,41.96,42.0468,700,0
SSLY.US,D,20231213,000000,43.4116,43.4116,43.4116,43.4116,1,0
SSLY.US,D,20231214,000000,44.5806,44.5806,44.5806,44.5806,27,0
SSLY.US,D,20231215,000000,44.12,44.12,44.12,44.12,235,0
SSLY.US,D,20231218,000000,43.5359,43.5359,43.5359,43.5359,27,0
SSLY.US,D,20231219,000000,44.4447,44.4447,44.4447,44.4447,2,0
SSLY.US,D,20231220,000000,44.62,44.62,43.6742,43.6742,1203,0
SSLY.US,D,20231221,000000,44.4508,44.4508,44.4508,44.4508,3,0
SSLY.US,D,20231222,000000,44.69,44.69,44.63,44.6519,2554,0
SSLY.US,D,20231226,000000,45.2079,45.2079,45.2079,45.2079,10,0
SSLY.US,D,20231227,000000,45.23,45.2639,45.23,45.2639,942,0
SSLY.US,D,20231228,000000,45.2665,45.2665,45.2665,45.2665,2,0
SSLY.US,D,20231229,000000,44.7204,44.7204,44.7204,44.7204,3,0
SSLY.US,D,20240102,000000,44.5604,44.5604,44.5604,44.5604,5,0
SSLY.US,D,20240103,000000,43.3445,43.3445,43.3445,43.3445,15,0
SSLY.US,D,20240104,000000,43.3122,43.3122,43.3122,43.3122,5,0
SSLY.US,D,20240105,000000,43.0596,43.0596,43.0596,43.0596,2,0
SSLY.US,D,20240108,000000,43.7785,43.7785,43.7785,43.7785,5,0
SSLY.US,D,20240109,000000,43.2217,43.2217,43.2217,43.2217,10,0
SSLY.US,D,20240110,000000,43.3145,43.3145,43.3145,43.3145,20,0
SSLY.US,D,20240111,000000,42.891,42.891,42.891,42.891,51,0
SSLY.US,D,20240112,000000,42.8347,42.8347,42.8347,42.8347,1,0
SSLY.US,D,20240116,000000,42.3301,42.4542,42.29,42.4542,1405,0
SSLY.US,D,20240117,000000,41.9144,41.9144,41.9144,41.9144,1,0
SSLY.US,D,20240118,000000,42.2379,42.2379,42.2379,42.2379,1,0
SSLY.US,D,20240119,000000,42.6351,42.6351,42.6351,42.6351,1,0
SSLY.US,D,20240122,000000,43.5422,43.5422,43.5422,43.5422,1,0
SSLY.US,D,20240123,000000,43.4591,43.4591,43.4591,43.4591,6,0
SSLY.US,D,20240124,000000,43.1146,43.1146,43.1146,43.1146,2,0
SSLY.US,D,20240125,000000,43.5151,43.5151,43.5151,43.5151,1,0
SSLY.US,D,20240126,000000,43.49,43.49,43.49,43.49,1,0
SSLY.US,D,20240129,000000,43.9095,43.9095,43.9095,43.9095,1,0
SSLY.US,D,20240130,000000,43.6494,43.6494,43.6494,43.6494,8,0
SSLY.US,D,20240131,000000,42.7091,42.7091,42.7091,42.7091,52,0
SSLY.US,D,20240201,000000,43.3887,43.3887,43.3887,43.3887,1,0
SSLY.US,D,20240202,000000,43.0643,43.0643,43.0643,43.0643,1,0
SSLY.US,D,20240205,000000,42.3965,42.3965,42.3965,42.3965,15,0
SSLY.US,D,20240206,000000,42.7496,42.7496,42.7496,42.7496,21,0
SSLY.US,D,20240207,000000,42.4439,42.4439,42.4439,42.4439,1,0
SSLY.US,D,20240208,000000,43.082,43.082,43.082,43.082,1,0
SSLY.US,D,20240209,000000,43.5952,43.5952,43.5952,43.5952,1,0
SSLY.US,D,20240212,000000,44.5372,44.5372,44.5372,44.5372,1,0
SSLY.US,D,20240213,000000,42.7095,42.7095,42.7095,42.7095,2,0
SSLY.US,D,20240214,000000,43.7506,43.7506,43.7506,43.7506,200,0
SSLY.US,D,20240215,000000,44.6728,44.6728,44.6728,44.6728,1,0
SSLY.US,D,20240216,000000,44.1774,44.1774,44.1774,44.1774,1,0
SSLY.US,D,20240220,000000,43.6899,43.6899,43.6899,43.6899,2,0
SSLY.US,D,20240221,000000,43.4815,43.4815,43.4815,43.4815,1,0
SSLY.US,D,20240222,000000,43.46,43.4659,43.46,43.4659,697,0
SSLY.US,D,20240223,000000,43.88,43.88,43.7358,43.7358,1150,0
SSLY.US,D,20240226,000000,43.8847,43.8847,43.8847,43.8847,1,0
SSLY.US,D,20240227,000000,44.2786,44.2786,44.2786,44.2786,1,0
SSLY.US,D,20240228,000000,43.9306,43.9306,43.9306,43.9306,4,0
SSLY.US,D,20240229,000000,44.2121,44.2121,44.2121,44.2121,1,0
SSLY.US,D,20240301,000000,44.4883,44.4883,44.4883,44.4883,1,0
SSLY.US,D,20240304,000000,44.1916,44.1916,44.1916,44.1916,1,0
SSLY.US,D,20240305,000000,43.8203,43.8203,43.8203,43.8203,4,0
SSLY.US,D,20240306,000000,43.8707,43.8707,43.8707,43.8707,16,0
SSLY.US,D,20240307,000000,44.2718,44.2718,44.2718,44.2718,25,0
SSLY.US,D,20240308,000000,44.3365,44.3365,44.3365,44.3365,6,0
SSLY.US,D,20240311,000000,44.1374,44.1374,44.1374,44.1374,1,0
SSLY.US,D,20240312,000000,44.0483,44.0483,44.0483,44.0483,1,0
SSLY.US,D,20240313,000000,44.0276,44.0276,44.0276,44.0276,98,0
SSLY.US,D,20240314,000000,43.3126,43.3126,43.3126,43.3126,1,0
SSLY.US,D,20240315,000000,43.68,43.68,43.68,43.68,4057,0
SSLY.US,D,20240318,000000,43.2567,43.2567,43.2567,43.2567,3,0
SSLY.US,D,20240319,000000,43.5307,43.5307,43.5307,43.5307,1,0
SSLY.US,D,20240320,000000,44.248,44.248,44.248,44.248,1,0
SSLY.US,D,20240321,000000,44.6879,44.6879,44.6879,44.6879,7,0
SSLY.US,D,20240322,000000,44.0769,44.0769,44.0769,44.0769,2,0
SSLY.US,D,20240325,000000,43.9632,43.9632,43.9632,43.9632,5,0
SSLY.US,D,20240326,000000,43.9191,43.9191,43.9191,43.9191,1,0
SSLY.US,D,20240327,000000,45.0204,45.0204,45.0204,45.0204,2,0
SSLY.US,D,20240328,000000,45.3595,45.3595,45.3595,45.3595,3,0
SSLY.US,D,20240401,000000,44.8776,44.8776,44.8776,44.8776,26,0
SSLY.US,D,20240402,000000,44.0598,44.0598,44.0598,44.0598,25,0
SSLY.US,D,20240403,000000,44.2882,44.2882,44.2882,44.2882,25,0
SSLY.US,D,20240404,000000,43.9754,43.9754,43.9754,43.9754,110,0
SSLY.US,D,20240405,000000,44.0146,44.0146,44.0146,44.0146,25,0
SSLY.US,D,20240408,000000,44.2595,44.2595,44.2595,44.2595,25,0
SSLY.US,D,20240409,000000,44.3,44.4623,44.26,44.4623,5599,0
SSLY.US,D,20240410,000000,43.26,43.26,43.2055,43.2055,1691,0
SSLY.US,D,20240411,000000,43.3694,43.3694,43.3694,43.3694,2,0
SSLY.US,D,20240412,000000,42.81,42.81,42.5614,42.5614,5005,0
SSLY.US,D,20240415,000000,42.192,42.192,42.192,42.192,25,0
SSLY.US,D,20240416,000000,41.9572,41.9572,41.9572,41.9572,1,0
SSLY.US,D,20240417,000000,41.6672,41.6672,41.6672,41.6672,3,0
SSLY.US,D,20240418,000000,41.6401,41.6401,41.6401,41.6401,1,0
SSLY.US,D,20240419,000000,42.0074,42.0074,42.0074,42.0074,1,0
SSLY.US,D,20240422,000000,42.31,42.31,42.31,42.31,1,0
SSLY.US,D,20240423,000000,43.1433,43.1433,43.1433,43.1433,1,0
SSLY.US,D,20240424,000000,43.0517,43.0517,43.0517,43.0517,20,0
SSLY.US,D,20240425,000000,42.5947,42.5947,42.5947,42.5947,20,0
SSLY.US,D,20240426,000000,42.8865,42.8865,42.8865,42.8865,20,0
SSLY.US,D,20240429,000000,43.22,43.2817,43.22,43.2817,221,0
SSLY.US,D,20240430,000000,42.5339,42.5339,42.5339,42.5339,20,0
SSLY.US,D,20240501,000000,42.7609,42.7609,42.7609,42.7609,4,0
SSLY.US,D,20240502,000000,43.3044,43.3044,43.3044,43.3044,1,0
SSLY.US,D,20240503,000000,43.6186,43.6186,43.6186,43.6186,1,0
SSLY.US,D,20240506,000000,44.0644,44.0644,44.0644,44.0644,1,0
SSLY.US,D,20240507,000000,44.2175,44.2175,44.2175,44.2175,1,0
SSLY.US,D,20240508,000000,44.131,44.131,44.131,44.131,2,0
SSLY.US,D,20240509,000000,44.7149,44.7149,44.7149,44.7149,1,0
SSLY.US,D,20240510,000000,44.5426,44.5426,44.5426,44.5426,1,0
SSLY.US,D,20240513,000000,44.8068,44.8068,44.8068,44.8068,12,0
SSLY.US,D,20240514,000000,45.3412,45.3524,45.3412,45.3524,8174,0
SSLY.US,D,20240515,000000,45.3616,45.3616,45.3616,45.3616,2,0
SSLY.US,D,20240516,000000,45.3132,45.3132,45.3132,45.3132,1,0
SSLY.US,D,20240517,000000,45.1482,45.1482,45.1482,45.1482,1,0
SSLY.US,D,20240520,000000,45.0796,45.0796,45.0796,45.0796,20,0
SSLY.US,D,20240521,000000,45.0031,45.0031,45.0031,45.0031,2,0
SSLY.US,D,20240522,000000,44.7958,44.7958,44.7958,44.7958,1,0
SSLY.US,D,20240523,000000,44.0495,44.0495,44.0495,44.0495,1,0
SSLY.US,D,20240524,000000,44.4578,44.4578,44.4578,44.4578,11,0
SSLY.US,D,20240528,000000,44.441,44.441,44.441,44.441,1,0
SSLY.US,D,20240529,000000,43.8757,43.8757,43.8757,43.8757,9,0
SSLY.US,D,20240530,000000,44.4054,44.4054,44.4054,44.4054,9,0
SSLY.US,D,20240531,000000,44.7191,44.7191,44.7191,44.7191,9,0
SSLY.US,D,20240603,000000,44.688,44.688,44.688,44.688,36,0
SSLY.US,D,20240604,000000,44.1172,44.1172,44.1172,44.1172,1,0
SSLY.US,D,20240605,000000,44.5373,44.5373,44.5373,44.5373,1,0
SSLY.US,D,20240606,000000,44.2335,44.2335,44.2335,44.2335,34,0
SSLY.US,D,20240607,000000,43.6935,43.6935,43.6935,43.6935,5,0
SSLY.US,D,20240610,000000,43.4026,43.4026,43.4026,43.4026,99,0
SSLY.US,D,20240611,000000,43.32,43.32,43.32,43.32,2,0
SSLY.US,D,20240612,000000,43.8671,43.8671,43.8671,43.8671,18,0
SSLY.US,D,20240613,000000,43.2824,43.2824,43.2824,43.2824,14,0
SSLY.US,D,20240614,000000,42.6037,42.6037,42.6037,42.6037,5,0
SSLY.US,D,20240617,000000,42.8326,42.8326,42.8326,42.8326,7,0
SSLY.US,D,20240618,000000,42.76,42.8388,42.76,42.8388,951,0
SSLY.US,D,20240620,000000,42.8034,42.8034,42.8034,42.8034,3,0
SSLY.US,D,20240621,000000,42.85,43.14,42.85,43.14,3758,0
SSLY.US,D,20240624,000000,43.27,43.27,43.1636,43.1636,152,0
SSLY.US,D,20240625,000000,42.6965,42.6965,42.6965,42.6965,2,0
SSLY.US,D,20240626,000000,42.7041,42.7041,42.7041,42.7041,6,0
SSLY.US,D,20240627,000000,42.75,42.8473,42.75,42.8473,356,0
SSLY.US,D,20240628,000000,43.2,43.23,43.1868,43.1868,488,0
SSLY.US,D,20240701,000000,42.7231,42.7231,42.7231,42.7231,100,0
SSLY.US,D,20240702,000000,42.8209,42.8209,42.8209,42.8209,2,0
SSLY.US,D,20240703,000000,42.8356,42.8356,42.8356,42.8356,1,0
SSLY.US,D,20240705,000000,42.591,42.591,42.591,42.591,32,0
SSLY.US,D,20240708,000000,42.8376,42.8376,42.8376,42.8376,16,0
SSLY.US,D,20240709,000000,42.4475,42.4475,42.4475,42.4475,1,0
SSLY.US,D,20240710,000000,42.9014,42.9014,42.9014,42.9014,9,0
SSLY.US,D,20240711,000000,44.4653,44.4653,44.4653,44.4653,3,0
SSLY.US,D,20240712,000000,44.9019,44.9019,44.9019,44.9019,72,0
SSLY.US,D,20240715,000000,45.28,45.3413,45.28,45.3413,297,0
SSLY.US,D,20240716,000000,46.9803,46.9803,46.9803,46.9803,2,0
SSLY.US,D,20240717,000000,46.8851,46.8851,46.8851,46.8851,2,0
SSLY.US,D,20240718,000000,46.0512,46.0512,46.0512,46.0512,4,0
SSLY.US,D,20240719,000000,45.5569,45.5569,45.5569,45.5569,6,0
SSLY.US,D,20240722,000000,46.3221,46.3221,46.3221,46.3221,17,0
SSLY.US,D,20240723,000000,46.6696,46.6696,46.6696,46.6696,1,0
SSLY.US,D,20240724,000000,45.9155,45.9155,45.9155,45.9155,21,0
SSLY.US,D,20240725,000000,46.51,46.51,46.51,46.51,6,0
SSLY.US,D,20240726,000000,47.2287,47.2287,47.2287,47.2287,5,0
SSLY.US,D,20240729,000000,47.0025,47.0025,47.0025,47.0025,3,0
SSLY.US,D,20240730,000000,47.4331,47.4331,47.4331,47.4331,5,0
SSLY.US,D,20240731,000000,47.6976,47.6976,47.6976,47.6976,12,0
SSLY.US,D,20240801,000000,46.3558,46.3558,46.3558,46.3558,4,0
SSLY.US,D,20240802,000000,44.9,44.9839,44.9,44.9839,104,0
SSLY.US,D,20240805,000000,43.3762,43.3762,43.3762,43.3762,5,0
SSLY.US,D,20240806,000000,43.9194,43.9194,43.9194,43.9194,4,0
SSLY.US,D,20240807,000000,43.5416,43.5416,43.5416,43.5416,1,0
SSLY.US,D,20240808,000000,44.3166,44.3166,44.3166,44.3166,6,0
SSLY.US,D,20240809,000000,44.3589,44.3589,44.3589,44.3589,4,0
SSLY.US,D,20240812,000000,43.6801,43.6937,43.6801,43.6937,244,0
SSLY.US,D,20240813,000000,44.5945,44.5945,44.5945,44.5945,2,0
SSLY.US,D,20240814,000000,44.4254,44.4254,44.4254,44.4254,7,0
SSLY.US,D,20240815,000000,45.4673,45.4673,45.4673,45.4673,3,0
SSLY.US,D,20240816,000000,45.44,45.5749,45.44,45.5749,828,0
SSLY.US,D,20240819,000000,45.92,45.9589,45.92,45.9589,450,0
SSLY.US,D,20240820,000000,45.4965,45.4965,45.4965,45.4965,1,0
SSLY.US,D,20240821,000000,45.9705,45.9705,45.9705,45.9705,1,0
SSLY.US,D,20240822,000000,45.4775,45.4775,45.4775,45.4775,5,0
SSLY.US,D,20240823,000000,46.8487,46.8487,46.8487,46.8487,5,0
SSLY.US,D,20240826,000000,46.8426,46.8426,46.8426,46.8426,1,0
SSLY.US,D,20240827,000000,46.59,46.62,46.59,46.6161,6814,0
SSLY.US,D,20240828,000000,46.36,46.4434,46.36,46.4434,117742,0
SSLY.US,D,20240829,000000,46.7334,46.7334,46.7334,46.7334,8,0
SSLY.US,D,20240830,000000,46.9215,46.9215,46.9215,46.9215,5,0
SSLY.US,D,20240903,000000,45.6673,45.6673,45.6673,45.6673,1,0
SSLY.US,D,20240904,000000,45.51,45.6326,45.5,45.6326,1403,0
SSLY.US,D,20240905,000000,45.56,45.56,45.3,45.3864,4104,0
SSLY.US,D,20240906,000000,44.73,44.73,44.6831,44.6831,2004,0
SSLY.US,D,20240909,000000,44.4757,44.4757,44.4757,44.4757,1,0
SSLY.US,D,20240910,000000,44.2682,44.2682,44.2682,44.2682,2,0
SSLY.US,D,20240911,000000,44.4058,44.4058,44.4058,44.4058,1,0
SSLY.US,D,20240912,000000,44.87,44.9521,44.87,44.9521,903,0
SSLY.US,D,20240913,000000,46.1088,46.1088,46.1088,46.1088,4,0
SSLY.US,D,20240916,000000,46.2357,46.2357,46.2357,46.2357,1,0
SSLY.US,D,20240917,000000,46.6044,46.6044,46.6044,46.6044,1,0
SSLY.US,D,20240918,000000,46.58,46.6275,46.58,46.6275,2000,0
SSLY.US,D,20240919,000000,47.3518,47.3518,47.3518,47.3518,5,0
SSLY.US,D,20240920,000000,46.4,46.4,46.4,46.4,1125,0
SSLY.US,D,20240923,000000,46.7681,46.7681,46.7681,46.7681,52,0
SSLY.US,D,20240924,000000,46.8337,46.8337,46.8337,46.8337,4,0
SSLY.US,D,20240925,000000,46.805,46.805,46.805,46.805,1,0
SSLY.US,D,20240926,000000,45.825,45.825,45.825,45.825,23,0
SSLY.US,D,20240927,000000,45.945,45.945,45.945,45.945,11,0
