<TICKER>,<PER>,<DATE>,<TIME>,<OPEN>,<HIGH>,<LOW>,<CLOSE>,<VOL>,<OPENINT>
TSLY.US,D,20221125,000000,17.5152,17.5152,17.5152,17.5152,8.1683370384224,0
TSLY.US,D,20221128,000000,17.5507,17.5999,17.5507,17.5999,156.36530902122,0
TSLY.US,D,20221129,000000,17.6107,17.6107,17.4653,17.4653,1814.5377278209,0
TSLY.US,D,20221130,000000,17.6881,18.4089,17.6881,18.4089,533.27571807987,0
TSLY.US,D,20221201,000000,18.4762,18.5107,18.4762,18.4781,514.60523342061,0
TSLY.US,D,20221202,000000,18.6502,18.6502,18.6502,18.6502,5.8345264560159,0
TSLY.US,D,20221205,000000,18.1421,18.1421,18.012,18.012,126.02577144995,0
TSLY.US,D,20221206,000000,17.6243,17.6243,17.6243,17.6243,7.0014317472192,0
TSLY.US,D,20221207,000000,17.0529,17.1255,17.0529,17.1255,2909.0948909696,0
TSLY.US,D,20221208,000000,16.9681,17.0323,16.9681,17.0323,116.69052912032,0
TSLY.US,D,20221209,000000,17.5373,17.5373,17.5373,17.5373,7.0014317472192,0
TSLY.US,D,20221212,000000,16.6492,16.6492,16.6492,16.6492,3.5007158736096,0
TSLY.US,D,20221213,000000,16.1109,16.1109,16.0323,16.0323,141.19554023559,0
TSLY.US,D,20221214,000000,15.6665,15.6665,15.6665,15.6665,15.169768785642,0
TSLY.US,D,20221215,000000,15.7231,15.7231,15.7231,15.7231,56.011453977753,0
TSLY.US,D,20221216,000000,15.3397,15.3397,15.0372,15.0372,888.01492660564,0
TSLY.US,D,20221219,000000,14.9709,14.9709,14.9709,14.9709,2.3338105824064,0
TSLY.US,D,20221220,000000,13.9897,13.9897,13.9897,13.9897,2.3338105824064,0
TSLY.US,D,20221221,000000,13.9317,13.9317,13.9317,13.9317,26.838821697674,0
TSLY.US,D,20221222,000000,12.798,12.798,12.798,12.798,152.86459314762,0
TSLY.US,D,20221223,000000,12.5921,12.5921,12.5921,12.5921,91.01861271385,0
TSLY.US,D,20221227,000000,11.4113,11.4113,11.4113,11.4113,9.3352423296256,0
TSLY.US,D,20221228,000000,11.7107,11.7107,11.7107,11.7107,165.70055135085,0
TSLY.US,D,20221229,000000,12.419,12.419,12.419,12.419,24.505011115267,0
TSLY.US,D,20221230,000000,12.5338,12.5338,12.5338,12.5338,24.505011115267,0
TSLY.US,D,20230103,000000,11.4786,11.4786,11.4786,11.4786,47.843116939331,0
TSLY.US,D,20230104,000000,11.9573,11.9805,11.899,11.9777,1431.7927923063,0
TSLY.US,D,20230105,000000,11.4576,11.8004,11.4576,11.7447,1807.5362960738,0
TSLY.US,D,20230106,000000,11.4652,12.0318,11.4652,12.0164,2438.8320586147,0
TSLY.US,D,20230109,000000,12.6403,12.8201,12.5614,12.5614,3045.6228100403,0
TSLY.US,D,20230110,000000,12.755,12.755,12.2309,12.4672,3895.0953755083,0
TSLY.US,D,20230111,000000,12.8655,12.8796,12.7737,12.8796,1067.8346339333,0
TSLY.US,D,20230112,000000,12.6265,12.9973,12.6265,12.9973,1645.2482700011,0
TSLY.US,D,20230113,000000,12.5251,12.8813,12.4149,12.8813,2733.7436555076,0
TSLY.US,D,20230117,000000,13.123,13.3253,13.123,13.2931,4057.1191641602,0
TSLY.US,D,20230118,000000,13.3897,13.4081,13.2656,13.2656,5692.5807623637,0
TSLY.US,D,20230119,000000,13.3161,13.3435,13.2068,13.2667,5509.8962221387,0
TSLY.US,D,20230120,000000,13.4358,13.4632,13.4279,13.4493,3788.5293937106,0
TSLY.US,D,20230123,000000,13.932,14.3278,13.932,14.2622,3802.6656974185,0
TSLY.US,D,20230124,000000,14.3,14.3092,14.2449,14.2709,4047.3324923624,0
TSLY.US,D,20230125,000000,14.2257,14.3828,14.2257,14.3357,1621.3252944956,0
TSLY.US,D,20230126,000000,14.9437,14.9804,14.9437,14.9525,5174.9745650599,0
TSLY.US,D,20230127,000000,14.9993,15.045,14.9993,15.0257,5388.1065286555,0
TSLY.US,D,20230130,000000,15.0264,15.0264,14.0707,14.0707,7055.1029582072,0
TSLY.US,D,20230131,000000,13.9413,14.4012,13.7713,14.3748,10468.47659967,0
TSLY.US,D,20230201,000000,14.5022,15.3024,14.4384,15.188,6542.9338007911,0
TSLY.US,D,20230202,000000,15.4128,15.4675,15.3668,15.3824,2660.8873210132,0
TSLY.US,D,20230203,000000,15.2935,15.6517,15.2935,15.5097,13045.633506413,0
TSLY.US,D,20230206,000000,15.7245,15.753,15.6922,15.6922,14015.601422369,0
TSLY.US,D,20230207,000000,15.707,15.707,15.3207,15.6356,4910.7344265204,0
TSLY.US,D,20230208,000000,15.7225,16.1024,15.7225,16.011,13250.711192835,0
TSLY.US,D,20230209,000000,16.52,16.8306,16.4324,16.5493,12312.689753977,0
TSLY.US,D,20230210,000000,16.3646,16.4423,15.8403,16.0151,10074.206100762,0
TSLY.US,D,20230213,000000,15.9469,15.9469,15.3934,15.8682,26822.676709407,0
TSLY.US,D,20230214,000000,15.7237,16.9667,15.7237,16.9648,36579.747131609,0
TSLY.US,D,20230215,000000,17.2774,17.3066,16.8794,17.2979,9306.0787754175,0
TSLY.US,D,20230216,000000,17.1805,17.5591,16.7434,16.7445,25166.981348612,0
TSLY.US,D,20230217,000000,16.4132,16.8589,16.3646,16.8413,35987.691887543,0
TSLY.US,D,20230221,000000,17.0154,17.2288,16.52,16.52,43193.261623145,0
TSLY.US,D,20230222,000000,16.5102,16.5102,16.0344,16.3161,83260.471557624,0
TSLY.US,D,20230223,000000,16.6122,16.8891,16.1899,16.8601,37273.738843783,0
TSLY.US,D,20230224,000000,16.6077,16.6077,16.2189,16.4614,34007.653219129,0
TSLY.US,D,20230227,000000,16.9181,17.433,16.9181,17.3316,50000.352437958,0
TSLY.US,D,20230228,000000,17.5978,17.5978,17.1326,17.2066,53445.599127774,0
TSLY.US,D,20230301,000000,17.4037,17.423,17.0347,17.2147,38809.993494472,0
TSLY.US,D,20230302,000000,16.4523,16.4617,15.9082,16.2306,67188.488419154,0
TSLY.US,D,20230303,000000,16.4715,17.1123,16.4715,16.8711,37991.41276572,0
TSLY.US,D,20230306,000000,17.3649,17.3649,16.5225,16.656,59685.346569578,0
TSLY.US,D,20230307,000000,16.5588,16.6903,16.0248,16.1575,52088.505542246,0
TSLY.US,D,20230308,000000,16.0605,16.1016,15.7319,15.8339,54086.774608313,0
TSLY.US,D,20230309,000000,15.8038,15.9989,14.9721,14.9993,62719.663049334,0
TSLY.US,D,20230310,000000,15.3005,15.4187,14.5715,15.0439,56860.205660769,0
TSLY.US,D,20230313,000000,14.89,15.4853,14.4792,15.198,70389.446395242,0
TSLY.US,D,20230314,000000,15.5573,15.9064,15.465,15.7834,54067.298266652,0
TSLY.US,D,20230315,000000,16.0093,16.0093,15.4823,15.691,54865.828274733,0
TSLY.US,D,20230316,000000,15.8756,16.2043,15.6343,16.0503,67808.831125224,0
TSLY.US,D,20230317,000000,16.2043,16.2351,15.6005,15.7731,69864.558987491,0
TSLY.US,D,20230320,000000,15.7834,16.2557,15.6088,16.0913,133443.12870405,0
TSLY.US,D,20230321,000000,16.4919,16.7487,16.2763,16.6868,94265.493636857,0
TSLY.US,D,20230322,000000,16.882,16.9435,16.5841,16.5943,88970.850156449,0
TSLY.US,D,20230323,000000,16.8717,16.8717,16.5023,16.5943,76937.392461504,0
TSLY.US,D,20230324,000000,16.7384,16.7894,16.4817,16.6048,69663.952668387,0
TSLY.US,D,20230327,000000,17.0256,17.1747,16.7384,16.7894,124241.53108654,0
TSLY.US,D,20230328,000000,16.9027,16.942,16.4199,16.6354,107669.11196762,0
TSLY.US,D,20230329,000000,16.9332,17.1375,16.7384,16.9437,134262.10887088,0
TSLY.US,D,20230330,000000,17.1489,17.3238,17.0876,17.1081,118794.97214118,0
TSLY.US,D,20230331,000000,17.1386,17.8575,17.1386,17.714,128991.81081755,0
TSLY.US,D,20230403,000000,17.457,17.457,16.7178,16.8922,303284.61852035,0
TSLY.US,D,20230404,000000,17.2518,17.2825,16.6047,16.7894,150245.36865457,0
TSLY.US,D,20230405,000000,16.7178,16.7178,16.0398,16.1735,351587.89347257,0
TSLY.US,D,20230406,000000,16.1179,16.2369,15.7167,16.1071,225440.03069388,0
TSLY.US,D,20230410,000000,15.9441,16.1663,15.5756,16.1284,183720.75034596,0
TSLY.US,D,20230411,000000,16.4103,16.4211,16.2586,16.2696,102751.02631997,0
TSLY.US,D,20230412,000000,16.6165,16.6165,15.7601,15.9441,143890.00088862,0
TSLY.US,D,20230413,000000,16.0852,16.3779,15.8576,16.3779,123595.90513865,0
TSLY.US,D,20230414,000000,16.2696,16.3018,16.031,16.2154,112073.74476127,0
TSLY.US,D,20230417,000000,16.3999,16.5296,16.1179,16.4323,237797.13022904,0
TSLY.US,D,20230418,000000,16.4323,16.4428,16.1613,16.2586,181187.33274677,0
TSLY.US,D,20230419,000000,15.9227,16.0852,15.7277,15.9118,214758.34498251,0
TSLY.US,D,20230420,000000,14.8603,15.0662,14.1775,14.3834,675669.66986481,0
TSLY.US,D,20230421,000000,14.5566,14.6654,14.2861,14.6003,209476.54754793,0
TSLY.US,D,20230424,000000,14.7628,14.8712,13.9933,14.1775,366167.41121469,0
TSLY.US,D,20230425,000000,14.3076,14.5155,14.1666,14.3727,211624.32474053,0
TSLY.US,D,20230426,000000,14.3943,14.3943,13.6572,13.7222,257430.65533042,0
TSLY.US,D,20230427,000000,13.6572,14.2535,13.5816,14.2535,86984.976300831,0
TSLY.US,D,20230428,000000,14.2751,14.5135,13.9933,14.492,180801.69234019,0
TSLY.US,D,20230501,000000,14.6003,14.6003,14.3076,14.5027,469278.24556951,0
TSLY.US,D,20230502,000000,14.4703,14.7738,14.3076,14.4377,365709.80920114,0
TSLY.US,D,20230503,000000,14.4052,14.7304,14.3943,14.492,408004.78240482,0
TSLY.US,D,20230504,000000,14.427,14.611,14.3943,14.5354,297113.791235,0
TSLY.US,D,20230505,000000,14.7261,15.0174,14.6813,14.9949,241589.25402432,0
TSLY.US,D,20230508,000000,15.1294,15.1294,14.9727,15.0736,169409.34593035,0
TSLY.US,D,20230509,000000,15.0062,15.0062,14.7932,14.9278,181438.43831297,0
TSLY.US,D,20230510,000000,15.1294,15.2751,14.883,14.9389,170422.99840024,0
TSLY.US,D,20230511,000000,14.9614,15.2527,14.9614,15.2078,229359.39420708,0
TSLY.US,D,20230512,000000,15.4431,15.4533,14.9949,15.0623,128677.64879498,0
TSLY.US,D,20230515,000000,15.0174,15.1855,14.8378,14.9054,173688.8153367,0
TSLY.US,D,20230516,000000,14.9949,15.1294,14.7932,15.0508,136427.27177126,0
TSLY.US,D,20230517,000000,15.1071,15.5778,15.0383,15.5778,174233.11815945,0
TSLY.US,D,20230518,000000,15.7121,15.757,15.4768,15.7345,131158.24198715,0
TSLY.US,D,20230519,000000,15.9474,15.9811,15.8233,15.97,157233.91639538,0
TSLY.US,D,20230522,000000,16.1493,16.4631,16.0821,16.452,261833.74983152,0
TSLY.US,D,20230523,000000,16.452,16.5079,16.3062,16.3062,163869.94933431,0
TSLY.US,D,20230524,000000,16.2278,16.2559,15.9138,16.194,188786.52642,0
TSLY.US,D,20230525,000000,16.452,16.452,16.1381,16.3959,128972.9999988,0
TSLY.US,D,20230526,000000,16.4744,16.5978,16.4184,16.5864,279607.46774335,0
TSLY.US,D,20230530,000000,17.0346,17.2028,16.8675,17.1692,493776.35169736,0
TSLY.US,D,20230531,000000,17.1692,17.3262,16.8553,17.3148,230336.4623889,0
TSLY.US,D,20230601,000000,17.4718,17.6286,17.1805,17.5836,334376.82390723,0
TSLY.US,D,20230602,000000,17.7072,17.8079,17.6175,17.6621,441111.03824829,0
TSLY.US,D,20230605,000000,17.8191,17.976,17.6621,17.8302,366446.07546359,0
TSLY.US,D,20230606,000000,17.9088,18.1104,17.5671,18.1104,653991.4414219,0
TSLY.US,D,20230607,000000,18.5624,18.5735,18.2434,18.35,456060.02691575,0
TSLY.US,D,20230608,000000,18.4092,18.6389,18.3385,18.5779,272102.76337137,0
TSLY.US,D,20230609,000000,18.8692,18.9288,18.6099,18.6688,338931.79290293,0
TSLY.US,D,20230612,000000,18.7394,18.8101,18.4918,18.763,472384.64945952,0
TSLY.US,D,20230613,000000,18.9282,19.3997,18.9282,19.3882,444599.21254314,0
TSLY.US,D,20230614,000000,19.6002,19.6002,18.8928,19.341,400874.11976881,0
TSLY.US,D,20230615,000000,18.9046,19.4589,18.9046,19.3394,369087.23397522,0
TSLY.US,D,20230616,000000,19.5295,19.9069,19.4194,19.7419,478979.95977249,0
TSLY.US,D,20230620,000000,19.9306,20.6853,19.8715,20.6853,680327.71177262,0
TSLY.US,D,20230621,000000,20.7208,20.7561,19.7351,19.848,768295.99125306,0
TSLY.US,D,20230622,000000,19.1995,20.2136,19.0579,20.2136,455669.97256451,0
TSLY.US,D,20230623,000000,19.8715,20.0235,19.3528,19.6358,421985.38755771,0
TSLY.US,D,20230626,000000,19.3997,19.7536,18.5624,18.6099,761048.61181812,0
TSLY.US,D,20230627,000000,18.6688,19.2702,18.6347,19.2347,444792.54383028,0
TSLY.US,D,20230628,000000,19.3645,19.9306,19.2463,19.7775,413976.5541936,0
TSLY.US,D,20230629,000000,19.8715,20.013,19.565,19.8715,446561.35551875,0
TSLY.US,D,20230630,000000,20.1901,20.3551,20.0601,20.2255,658082.74253239,0
TSLY.US,D,20230703,000000,21.2158,21.57,21.1806,21.4519,1032721.4674589,0
TSLY.US,D,20230705,000000,21.5346,21.7703,21.3691,21.6638,1070221.8015539,0
TSLY.US,D,20230706,000000,21.5936,21.605,21.1923,21.5226,1611685.0766186,0
TSLY.US,D,20230707,000000,21.6431,21.8031,21.3047,21.4051,995732.68909762,0
TSLY.US,D,20230710,000000,21.48,21.7306,20.7915,21.1169,816237.26576866,0
TSLY.US,D,20230711,000000,21.1671,21.2421,20.8914,21.0669,584414.8259037,0
TSLY.US,D,20230712,000000,21.5427,21.5427,21.2421,21.2671,528827.89987082,0
TSLY.US,D,20230713,000000,21.6179,21.8562,21.2297,21.7931,596801.36421737,0
TSLY.US,D,20230714,000000,21.7931,22.2945,21.668,22.0563,591936.64989836,0
TSLY.US,D,20230717,000000,22.4194,22.6325,22.2315,22.5948,1239869.8103439,0
TSLY.US,D,20230718,000000,22.6325,22.8329,22.3696,22.8329,897188.09209473,0
TSLY.US,D,20230719,000000,22.9581,23.146,22.5574,22.6827,814394.53465948,0
TSLY.US,D,20230720,000000,22.0688,22.2315,20.7789,21.0416,2178508.1746504,0
TSLY.US,D,20230721,000000,21.2799,21.2922,20.4157,20.6912,1338044.7433504,0
TSLY.US,D,20230724,000000,20.4784,21.4176,20.353,21.3927,1051598.2603459,0
TSLY.US,D,20230725,000000,21.6431,21.668,21.142,21.1922,692988.25542934,0
TSLY.US,D,20230726,000000,21.0793,21.358,20.9292,21.1671,790070.16465404,0
TSLY.US,D,20230727,000000,21.4427,21.4609,20.4157,20.5535,1309111.150341,0
TSLY.US,D,20230728,000000,20.7915,21.2922,20.6535,21.2421,764901.07648852,0
TSLY.US,D,20230731,000000,21.3799,21.4051,21.1043,21.3551,1272553.5368108,0
TSLY.US,D,20230801,000000,21.3551,21.3551,20.879,20.979,1395899.1548036,0
TSLY.US,D,20230802,000000,20.5781,20.8289,20.1148,20.4406,1870949.3265157,0
TSLY.US,D,20230803,000000,20.3026,20.9165,20.3026,20.8539,2147054.798547,0
TSLY.US,D,20230804,000000,21.0519,21.2499,20.3796,20.5379,2104831.2415735,0
TSLY.US,D,20230807,000000,20.3403,20.4589,19.6509,20.3667,1705964.0891775,0
TSLY.US,D,20230808,000000,19.9844,20.2611,19.8525,20.2348,1006964.7604695,0
TSLY.US,D,20230809,000000,20.3403,20.3403,19.6153,19.6546,1363929.382237,0
TSLY.US,D,20230810,000000,19.8788,20.3533,19.7205,19.8788,1201158.3393774,0
TSLY.US,D,20230811,000000,19.6942,19.813,19.4044,19.7339,1230798.9349791,0
TSLY.US,D,20230814,000000,19.1934,19.6022,19.0737,19.5229,2008022.3390499,0
TSLY.US,D,20230815,000000,19.4966,19.6022,19.0089,19.0616,1944126.6124118,0
TSLY.US,D,20230816,000000,18.7189,19.1143,18.4257,18.455,2218363.3783007,0
TSLY.US,D,20230817,000000,18.4818,18.5474,17.8882,17.9279,2060501.2058666,0
TSLY.US,D,20230818,000000,17.5192,17.7434,17.3544,17.6246,2162853.1645175,0
TSLY.US,D,20230821,000000,17.9938,18.5608,17.9801,18.5474,2637381.8572282,0
TSLY.US,D,20230822,000000,18.7318,18.9296,18.455,18.587,1724272.0290401,0
TSLY.US,D,20230823,000000,18.521,18.8111,18.4946,18.7713,1288628.9333027,0
TSLY.US,D,20230824,000000,18.9098,18.9165,18.5193,18.6265,1250806.1283964,0
TSLY.US,D,20230825,000000,18.6397,18.9296,18.6397,18.8902,1364263.9227807,0
TSLY.US,D,20230828,000000,19.0749,19.0749,18.8902,18.9824,2075293.0563424,0
TSLY.US,D,20230829,000000,19.0089,19.1934,18.9466,19.1801,2390540.2447435,0
TSLY.US,D,20230830,000000,19.1801,19.2725,19.0616,19.1934,1910469.2545008,0
TSLY.US,D,20230831,000000,19.2459,19.3119,19.1801,19.2725,1730949.1851961,0
TSLY.US,D,20230901,000000,19.3384,19.3514,18.8769,18.9956,2884865.9999633,0
TSLY.US,D,20230905,000000,19.0351,19.4042,19.0221,19.3781,2900906.4983636,0
TSLY.US,D,20230906,000000,19.3655,19.3912,19.0749,19.3251,2187202.5576438,0
TSLY.US,D,20230907,000000,19.1801,19.3648,19.0484,19.3648,2363394.6692051,0
TSLY.US,D,20230908,000000,19.4125,19.4677,19.1655,19.2892,3378977.9483366,0
TSLY.US,D,20230911,000000,19.9342,20.0993,19.7147,20.0716,2624473.4521233,0
TSLY.US,D,20230912,000000,19.9753,20.2365,19.8392,19.9069,1770832.7621447,0
TSLY.US,D,20230913,000000,20.0578,20.1539,19.9753,20.1267,1143500.9558374,0
TSLY.US,D,20230914,000000,20.1951,20.3053,20.1402,20.2913,990846.96525107,0
TSLY.US,D,20230915,000000,20.3188,20.3601,20.0168,20.2365,1124533.6554425,0
TSLY.US,D,20230918,000000,20.0993,20.1127,19.5498,19.6734,2198141.8574629,0
TSLY.US,D,20230919,000000,19.6322,19.8381,19.3853,19.7558,1996860.4869085,0
TSLY.US,D,20230920,000000,19.7971,20.2499,19.4812,19.495,2000948.9453232,0
TSLY.US,D,20230921,000000,19.1932,19.3921,18.9527,19.0693,2817183.8463433,0
TSLY.US,D,20230922,000000,19.2481,19.2481,18.2456,18.2869,3229384.6565312,0
TSLY.US,D,20230925,000000,18.1494,18.4518,17.8546,18.4518,2115146.078807,0
TSLY.US,D,20230926,000000,18.2321,18.6023,18.1223,18.2594,1585838.9416722,0
TSLY.US,D,20230927,000000,18.3556,18.361,17.6485,18.0945,2791497.8678053,0
TSLY.US,D,20230928,000000,18.0672,18.5614,17.9576,18.5202,1731109.9615671,0
TSLY.US,D,20230929,000000,18.7263,19.0144,18.5614,18.7811,1724876.3917984,0
TSLY.US,D,20231002,000000,18.6165,19.1519,18.4105,19.0144,2491124.0069427,0
TSLY.US,D,20231003,000000,18.8911,18.9324,18.5616,18.7263,1992495.9683231,0
TSLY.US,D,20231004,000000,18.8773,19.6598,18.8497,19.6598,2824444.4473547,0
TSLY.US,D,20231005,000000,19.6598,19.7423,19.3992,19.6598,2878752.5483587,0
TSLY.US,D,20231006,000000,19.2977,19.8197,19.0469,19.8127,2895910.2810753,0
TSLY.US,D,20231009,000000,19.4408,19.8085,19.2261,19.7267,2862811.8147801,0
TSLY.US,D,20231010,000000,19.6839,20.1273,19.641,19.9702,1642981.4988467,0
TSLY.US,D,20231011,000000,20.0273,20.1703,19.8413,19.9844,1541288.3695525,0
TSLY.US,D,20231012,000000,20.0128,20.1416,19.6553,19.8271,1749354.0471951,0
TSLY.US,D,20231013,000000,19.87,19.884,19.1976,19.2547,2149851.9205964,0
TSLY.US,D,20231016,000000,19.3119,19.6267,19.1832,19.5695,1691375.1083904,0
TSLY.US,D,20231017,000000,19.3406,19.7267,19.0689,19.5839,1853086.2959067,0
TSLY.US,D,20231018,000000,19.4694,19.5694,18.7112,18.754,3080004.9460515,0
TSLY.US,D,20231019,000000,17.6955,17.8529,16.8085,17.0803,7143942.6824368,0
TSLY.US,D,20231020,000000,16.8802,16.9516,16.3797,16.4941,3333900.1296987,0
TSLY.US,D,20231023,000000,16.3365,16.8371,15.8214,16.5225,3336975.9354708,0
TSLY.US,D,20231024,000000,16.8658,17.152,16.6871,16.8802,1903534.4038969,0
TSLY.US,D,20231025,000000,16.8515,17.1233,16.6083,16.6083,1944638.3537608,0
TSLY.US,D,20231026,000000,16.5796,16.7944,16.0432,16.1077,2070520.5983124,0
TSLY.US,D,20231027,000000,16.4509,16.5796,16.1791,16.2652,1606165.5018478,0
TSLY.US,D,20231030,000000,16.4652,16.5225,15.4067,15.6356,2960718.2077407,0
TSLY.US,D,20231031,000000,15.4782,16.0017,15.3638,15.8931,1949063.3197921,0
TSLY.US,D,20231101,000000,16.1649,16.2794,15.6785,16.2794,2221312.6753376,0
TSLY.US,D,20231102,000000,16.8658,17.1805,16.7228,17.1662,2424831.0537648,0
TSLY.US,D,20231103,000000,17.3809,17.4236,17.2665,17.3809,1995351.4004755,0
TSLY.US,D,20231106,000000,17.6525,17.6815,17.0947,17.3952,2563467.4065692,0
TSLY.US,D,20231107,000000,17.4382,17.5953,17.1805,17.581,2960406.4328829,0
TSLY.US,D,20231108,000000,17.6631,17.693,17.3327,17.6482,2320126.2138055,0
TSLY.US,D,20231109,000000,17.528,17.5578,16.5066,16.777,2848752.8912193,0
TSLY.US,D,20231110,000000,16.807,17.0924,16.439,16.9572,3909843.2233211,0
TSLY.US,D,20231113,000000,17.0772,17.3627,16.852,17.3025,1650913.5679272,0
TSLY.US,D,20231114,000000,17.5505,17.633,17.4376,17.528,1623554.7148755,0
TSLY.US,D,20231115,000000,17.4828,17.5578,17.4228,17.468,2641566.1053583,0
TSLY.US,D,20231116,000000,17.2728,17.3025,16.7318,16.8971,4015506.2403807,0
TSLY.US,D,20231117,000000,16.8369,17.1375,16.4616,16.9721,4659174.324908,0
TSLY.US,D,20231120,000000,16.9721,17.1674,16.7469,17.0472,3274808.5041088,0
TSLY.US,D,20231121,000000,17.0022,17.573,16.9423,17.4528,3318018.6073663,0
TSLY.US,D,20231122,000000,17.543,17.6182,16.8369,17.0323,2745907.5191056,0
TSLY.US,D,20231124,000000,17.0472,17.2576,16.9482,17.1073,2379653.6238524,0
TSLY.US,D,20231127,000000,17.2125,17.3025,16.9271,17.1973,3408703.2316218,0
TSLY.US,D,20231128,000000,17.2576,17.693,17.1073,17.6631,2567612.9124566,0
TSLY.US,D,20231129,000000,17.7983,17.8435,17.588,17.6182,2331470.031052,0
TSLY.US,D,20231130,000000,17.7233,17.7381,17.3327,17.528,3488090.6442892,0
TSLY.US,D,20231201,000000,17.1823,17.6298,17.0472,17.468,3499349.2397605,0
TSLY.US,D,20231204,000000,17.4077,17.5662,17.2275,17.3927,4228478.1200354,0
TSLY.US,D,20231205,000000,17.3176,17.9316,17.3025,17.6182,3034771.3870501,0
TSLY.US,D,20231206,000000,17.855,17.9785,17.6631,17.6781,4493212.9070529,0
TSLY.US,D,20231207,000000,17.811,17.9376,17.5416,17.906,3152888.1601898,0
TSLY.US,D,20231208,000000,17.811,18.1274,17.7483,18.0959,3493315.0079391,0
TSLY.US,D,20231211,000000,18.0326,18.0483,17.7318,17.8743,6780010.4582677,0
TSLY.US,D,20231212,000000,17.811,17.826,17.5101,17.7632,2643970.9867446,0
TSLY.US,D,20231213,000000,17.6051,17.9762,17.1143,17.906,4137724.6716482,0
TSLY.US,D,20231214,000000,18.0483,18.6657,18.0326,18.5868,3879817.0462138,0
TSLY.US,D,20231215,000000,18.6342,18.84,18.5234,18.7926,2199805.796365,0
TSLY.US,D,20231218,000000,18.8242,19.1247,18.7609,18.8082,3044429.6149604,0
TSLY.US,D,20231219,000000,18.8875,19.1883,18.8875,19.1249,1973351.660671,0
TSLY.US,D,20231220,000000,19.1407,19.3149,18.5234,18.5551,2684725.2905183,0
TSLY.US,D,20231221,000000,18.9035,19.0933,18.6501,19.0776,2445203.9058786,0
TSLY.US,D,20231222,000000,19.2199,19.3467,18.9512,19.046,2312518.3981319,0
TSLY.US,D,20231226,000000,19.1249,19.3783,19.046,19.3307,2347791.3800596,0
TSLY.US,D,20231227,000000,19.4258,19.6791,19.4258,19.6316,2016931.2643545,0
TSLY.US,D,20231228,000000,19.79,19.7992,19.1407,19.1883,2679511.7815857,0
TSLY.US,D,20231229,000000,19.3545,19.3625,18.7609,18.8875,3759836.8609992,0
TSLY.US,D,20240102,000000,19.0776,19.1249,18.6659,18.9667,3667520.360146,0
TSLY.US,D,20240103,000000,18.7388,18.7926,18.0968,18.2542,4843845.6312407,0
TSLY.US,D,20240104,000000,18.3017,18.5629,18.2067,18.2067,4159267.1886889,0
TSLY.US,D,20240105,000000,18.2009,18.3841,18.0347,18.2342,3987362.4362288,0
TSLY.US,D,20240108,000000,18.1676,18.492,18.1178,18.4672,2112015.1010923,0
TSLY.US,D,20240109,000000,18.3175,18.3841,17.885,18.1178,2830696.6277755,0
TSLY.US,D,20240110,000000,18.1178,18.1674,17.8515,18.0512,2642158.8309395,0
TSLY.US,D,20240111,000000,17.8182,17.8515,17.4024,17.5522,3462353.034581,0
TSLY.US,D,20240112,000000,17.1195,17.3857,16.8367,16.9698,3996167.4905241,0
TSLY.US,D,20240116,000000,16.7368,17.2526,16.5372,17.0529,3019227.8128564,0
TSLY.US,D,20240117,000000,16.7368,16.7867,16.5372,16.7701,2699945.5685971,0
TSLY.US,D,20240118,000000,16.9199,16.9365,16.271,16.5039,3196516.6103657,0
TSLY.US,D,20240119,000000,16.3874,16.5538,16.2377,16.5372,2092538.6744196,0
TSLY.US,D,20240122,000000,16.6038,16.8366,16.1545,16.3375,2860324.5024646,0
TSLY.US,D,20240123,000000,16.4374,16.7202,16.2544,16.3375,1851451.2508603,0
TSLY.US,D,20240124,000000,16.4873,16.5525,16.1545,16.2211,2217276.6430682,0
TSLY.US,D,20240125,000000,14.9734,15.1896,14.208,14.4243,4999302.9410292,0
TSLY.US,D,20240126,000000,14.6406,14.6739,14.4409,14.5241,1760882.2303667,0
TSLY.US,D,20240129,000000,14.624,14.8735,14.5408,14.8569,2138135.7403517,0
TSLY.US,D,20240130,000000,15.0066,15.0233,14.8569,14.9234,1576652.8934385,0
TSLY.US,D,20240131,000000,14.8069,14.9983,14.7404,14.8402,1828075.0909451,0
TSLY.US,D,20240201,000000,14.9567,14.9734,14.7237,14.9734,1434877.6345995,0
TSLY.US,D,20240202,000000,14.8402,15.0233,14.624,14.99,2093567.7039065,0
TSLY.US,D,20240205,000000,14.8569,14.8569,14.1581,14.6073,2924311.2629945,0
TSLY.US,D,20240206,000000,14.391,14.9354,14.3495,14.8901,2197063.9073292,0
TSLY.US,D,20240207,000000,15.1247,15.1944,14.7413,15.1073,1943985.8903064,0
TSLY.US,D,20240208,000000,15.0899,15.3164,14.9505,15.2466,1616627.409574,0
TSLY.US,D,20240209,000000,15.3512,15.508,15.2815,15.508,1995241.1422333,0
TSLY.US,D,20240212,000000,15.4557,15.5951,15.1421,15.1944,2604406.8070386,0
TSLY.US,D,20240213,000000,14.8982,15.177,14.7936,14.9505,2775617.8623692,0
TSLY.US,D,20240214,000000,14.9853,15.2989,14.8982,15.2641,2012721.4494569,0
TSLY.US,D,20240215,000000,15.3686,15.9087,15.3337,15.8914,2140362.8720319,0
TSLY.US,D,20240216,000000,15.9087,16.0134,15.8391,15.9611,1923758.915419,0
TSLY.US,D,20240220,000000,15.8566,15.9349,15.4036,15.7172,1894460.3618099,0
TSLY.US,D,20240221,000000,15.6474,16.0134,15.6263,15.8216,1467009.202311,0
TSLY.US,D,20240222,000000,15.8216,16.083,15.6169,16.0482,1669284.1162513,0
TSLY.US,D,20240223,000000,15.9262,16.0829,15.7172,15.752,1654968.8470901,0
TSLY.US,D,20240226,000000,15.752,16.2355,15.752,16.144,2861655.8208922,0
TSLY.US,D,20240227,000000,16.327,16.3793,16.1484,16.1963,1465045.9030886,0
TSLY.US,D,20240228,000000,16.2922,16.4402,16.1963,16.3618,1283648.7624331,0
TSLY.US,D,20240229,000000,16.4664,16.4838,16.266,16.4054,857319.5701891,0
TSLY.US,D,20240301,000000,16.5099,16.5536,16.3358,16.5536,1000121.0372703,0
TSLY.US,D,20240304,000000,16.3706,16.388,15.4671,15.569,3875549.2214296,0
TSLY.US,D,20240305,000000,15.1683,15.2901,14.7239,14.994,2296568.8348556,0
TSLY.US,D,20240306,000000,14.94,15.0589,14.3822,14.62,2641341.4722691,0
TSLY.US,D,20240307,000000,14.3731,14.9122,14.3731,14.7662,2212937.080929,0
TSLY.US,D,20240308,000000,14.9948,15.0954,14.5148,14.5468,2107750.5241104,0
TSLY.US,D,20240311,000000,14.556,15.0331,14.556,14.7662,1717459.7719245,0
TSLY.US,D,20240312,000000,14.8485,14.94,14.4096,14.8211,1311752.0702002,0
TSLY.US,D,20240313,000000,14.5103,14.7106,14.172,14.1811,2170631.2477069,0
TSLY.US,D,20240314,000000,14.0805,14.2999,13.4313,13.5777,3018650.9692002,0
TSLY.US,D,20240315,000000,13.5777,13.7841,13.4588,13.6508,1254816.7593229,0
TSLY.US,D,20240318,000000,14.0622,14.2177,13.8245,14.1902,1231743.8331407,0
TSLY.US,D,20240319,000000,14.172,14.236,13.9707,14.2085,841865.40998263,0
TSLY.US,D,20240320,000000,14.2634,14.3914,14.1902,14.3822,561097.77852854,0
TSLY.US,D,20240321,000000,14.4371,14.4371,14.3274,14.3731,742431.77275627,0
TSLY.US,D,20240322,000000,14.1171,14.4006,14.0622,14.3731,1197383.8099639,0
TSLY.US,D,20240325,000000,14.3274,14.6017,14.3182,14.5011,730548.6032943,0
TSLY.US,D,20240326,000000,14.7022,14.8028,14.7022,14.7479,1383753.2494012,0
TSLY.US,D,20240327,000000,14.8394,14.8394,14.7022,14.8119,666774.31785236,0
TSLY.US,D,20240328,000000,14.8119,14.8303,14.7217,14.7297,831188.60369753,0
TSLY.US,D,20240401,000000,14.7388,14.7846,14.3365,14.6748,1204782.7645345,0
TSLY.US,D,20240402,000000,13.9434,14.1628,13.8609,14.0896,1675031.4430761,0
TSLY.US,D,20240403,000000,13.852,14.2724,13.8245,14.2085,1406231.1968271,0
TSLY.US,D,20240404,000000,14.375,14.7877,14.2124,14.4228,1366684.5921607,0
TSLY.US,D,20240405,000000,14.3463,14.4324,13.6673,14.0116,1566560.8296992,0
TSLY.US,D,20240408,000000,14.3559,14.6706,14.2411,14.6237,1327485.3620594,0
TSLY.US,D,20240409,000000,14.6237,14.9106,14.5668,14.8437,909189.81408892,0
TSLY.US,D,20240410,000000,14.6333,14.7519,14.4929,14.6333,710559.88852611,0
TSLY.US,D,20240411,000000,14.6428,14.8915,14.3941,14.8054,867335.89765678,0
TSLY.US,D,20240412,000000,14.7289,14.7863,14.595,14.6619,636539.2036944,0
TSLY.US,D,20240415,000000,14.6141,14.6333,13.9351,13.9351,1230781.1719317,0
TSLY.US,D,20240416,000000,13.6099,13.6625,13.3134,13.6003,1357321.5688869,0
TSLY.US,D,20240417,000000,13.6194,13.6959,13.3134,13.476,812886.07487296,0
TSLY.US,D,20240418,000000,13.1508,13.1891,12.9117,13.0169,1436824.144397,0
TSLY.US,D,20240419,000000,12.8447,13.069,12.7204,12.7587,1178571.9922385,0
TSLY.US,D,20240422,000000,12.29,12.5673,12.1634,12.4144,1644397.8221746,0
TSLY.US,D,20240423,000000,12.4622,12.8065,12.3378,12.6056,1288790.0936797,0
TSLY.US,D,20240424,000000,13.8203,14.3272,13.7438,14.069,1494229.7758681,0
TSLY.US,D,20240425,000000,13.8968,14.5472,13.849,14.5376,593716.04967713,0
TSLY.US,D,20240426,000000,14.528,14.6524,14.2698,14.3941,671175.59364313,0
TSLY.US,D,20240429,000000,15.2741,15.3793,15.1593,15.3506,1459940.5130804,0
TSLY.US,D,20240430,000000,15.2262,15.3314,15.1115,15.1497,681492.17104597,0
TSLY.US,D,20240501,000000,15.0923,15.274,14.9843,15.0636,592845.09508338,0
TSLY.US,D,20240502,000000,15.2358,15.2415,14.8389,15.1115,650694.04557944,0
TSLY.US,D,20240503,000000,15.2454,15.2932,15.0732,15.2358,758165.45108099,0
TSLY.US,D,20240506,000000,15.46,15.585,15.3301,15.48,783052,0
TSLY.US,D,20240507,000000,15.35,15.4001,15.07,15.09,555819,0
TSLY.US,D,20240508,000000,14.64,14.97,14.48,14.89,844477,0
TSLY.US,D,20240509,000000,14.92,14.93,14.61,14.66,1114340,0
TSLY.US,D,20240510,000000,14.78,14.78,14.3,14.37,658600,0
TSLY.US,D,20240513,000000,14.41,14.71,14.41,14.58,556932,0
TSLY.US,D,20240514,000000,14.7,14.879,14.7,14.86,597495,0
TSLY.US,D,20240515,000000,14.95,14.95,14.7,14.78,532423,0
TSLY.US,D,20240516,000000,14.81,14.89,14.67,14.87,759971,0
TSLY.US,D,20240517,000000,14.88,15.05,14.79,15.04,541434,0
TSLY.US,D,20240520,000000,15.05,15.09,14.7999,14.88,712084,0
TSLY.US,D,20240521,000000,14.9,15.575,14.9,15.55,1386576,0
TSLY.US,D,20240522,000000,15.44,15.45,15.17,15.31,1800496,0
TSLY.US,D,20240523,000000,15.46,15.46,14.81,14.86,823033,0
TSLY.US,D,20240524,000000,14.97,15.36,14.87,15.32,959807,0
TSLY.US,D,20240528,000000,15.21,15.29,14.9101,15.17,722059,0
TSLY.US,D,20240529,000000,15.02,15.296,15.01,15.15,490901,0
TSLY.US,D,20240530,000000,15.4,15.63,15.1,15.35,1121104,0
TSLY.US,D,20240531,000000,15.36,15.52,14.995,15.3,647843,0
TSLY.US,D,20240603,000000,15.36,15.53,15.105,15.2,758701,0
TSLY.US,D,20240604,000000,15.19,15.349,15.08,15.15,579352,0
TSLY.US,D,20240605,000000,15.25,15.3,14.98,15.22,1028944,0
TSLY.US,D,20240606,000000,14.57,14.9,14.4002,14.83,937953,0
TSLY.US,D,20240607,000000,14.75,14.95,14.66,14.78,1020453,0
TSLY.US,D,20240610,000000,14.67,14.84,14.51,14.54,1085641,0
TSLY.US,D,20240611,000000,14.53,14.61,14.07,14.3,1559032,0
TSLY.US,D,20240612,000000,14.36,15,14.2801,14.84,1847759,0
TSLY.US,D,20240613,000000,15.24,15.4699,15.134,15.24,1864653,0
TSLY.US,D,20240614,000000,15.38,15.42,14.98,15.08,1545485,0
TSLY.US,D,20240617,000000,15.1,15.65,15.06,15.63,1352710,0
TSLY.US,D,20240618,000000,15.6,15.6,15.42,15.56,1387571,0
TSLY.US,D,20240620,000000,15.56,15.6,15.34,15.44,1728833,0
TSLY.US,D,20240621,000000,15.5,15.66,15.45,15.59,621600,0
TSLY.US,D,20240624,000000,15.66,15.815,15.59,15.63,641040,0
TSLY.US,D,20240625,000000,15.68,15.88,15.6029,15.88,556786,0
TSLY.US,D,20240626,000000,15.88,16.1199,15.87,16.03,1242164,0
TSLY.US,D,20240627,000000,16.05,16.185,15.9162,16.1,591514,0
TSLY.US,D,20240628,000000,16.28,16.43,16.02,16.16,553785,0
TSLY.US,D,20240701,000000,16.39,16.78,16.35,16.72,1043576,0
TSLY.US,D,20240702,000000,17,17.11,16.915,17.11,1665542,0
TSLY.US,D,20240703,000000,17.35,17.75,17.26,17.72,1841051,0
TSLY.US,D,20240705,000000,16.91,16.99,16.57,16.94,1438631,0
TSLY.US,D,20240708,000000,16.92,17.15,16.82,17.05,2100996,0
TSLY.US,D,20240709,000000,17.06,17.25,17.03,17.17,1532094,0
TSLY.US,D,20240710,000000,17.28,17.425,17.01,17.27,1480500,0
TSLY.US,D,20240711,000000,17.32,17.5812,16.0601,16.1,2193319,0
TSLY.US,D,20240712,000000,15.84,16.76,15.6503,16.55,1249403,0
TSLY.US,D,20240715,000000,17.08,17.45,16.83,16.84,1149564,0
TSLY.US,D,20240716,000000,17.04,17.19,16.475,17.11,983665,0
TSLY.US,D,20240717,000000,16.93,17.25,16.53,16.64,942409,0
TSLY.US,D,20240718,000000,16.9,17.22,16.61,16.71,731501,0
TSLY.US,D,20240719,000000,16.67,16.69,15.95,16.1,1874954,0
TSLY.US,D,20240722,000000,16.39,16.8,16.38,16.7,988704,0
TSLY.US,D,20240723,000000,16.8,16.93,16.43,16.48,1042691,0
TSLY.US,D,20240724,000000,15.35,15.438,14.7171,14.75,2731156,0
TSLY.US,D,20240725,000000,14.86,15.43,14.85,15.1,1131834,0
TSLY.US,D,20240726,000000,15.21,15.25,14.845,15.11,762167,0
TSLY.US,D,20240729,000000,15.35,15.8199,15.35,15.74,831182,0
TSLY.US,D,20240730,000000,15.82,15.82,15.1864,15.3,668854,0
TSLY.US,D,20240731,000000,15.61,15.9205,15.6027,15.85,658990,0
TSLY.US,D,20240801,000000,15.7,15.9,14.86,15.04,1044369,0
TSLY.US,D,20240802,000000,14.88,14.9696,14.3,14.37,1481408,0
TSLY.US,D,20240805,000000,13.05,14.19,12.9,13.89,1562284,0
TSLY.US,D,20240806,000000,14.17,14.2,13.615,14.1,1477557,0
TSLY.US,D,20240807,000000,13.13,13.2864,12.45,12.45,1626153,0
TSLY.US,D,20240808,000000,12.79,13.0794,12.5033,13.01,1595399,0
TSLY.US,D,20240809,000000,12.96,13.1398,12.83,13.12,1239468,0
TSLY.US,D,20240812,000000,13.13,13.13,12.84,12.99,955132,0
TSLY.US,D,20240813,000000,13.05,13.54,13.01,13.54,929466,0
TSLY.US,D,20240814,000000,13.56,13.57,13.1512,13.3,842502,0
TSLY.US,D,20240815,000000,13.49,13.75,13.49,13.72,727382,0
TSLY.US,D,20240816,000000,13.7,13.7783,13.69,13.73,839808,0
TSLY.US,D,20240819,000000,13.83,14.09,13.637,14.09,1014195,0
TSLY.US,D,20240820,000000,14.2,14.2789,13.96,14.02,737026,0
TSLY.US,D,20240821,000000,14.12,14.2074,13.97,14.2,578874,0
TSLY.US,D,20240822,000000,14.24,14.252,13.525,13.53,858204,0
TSLY.US,D,20240823,000000,13.77,14.05,13.74,14.02,765100,0
TSLY.US,D,20240826,000000,14.02,14.02,13.63,13.74,947490,0
TSLY.US,D,20240827,000000,13.75,13.8617,13.4,13.52,745936,0
TSLY.US,D,20240828,000000,13.58,13.6818,13.15,13.3,685820,0
TSLY.US,D,20240829,000000,13.48,13.685,13.36,13.36,707707,0
TSLY.US,D,20240830,000000,13.52,13.75,13.4128,13.74,535436,0
TSLY.US,D,20240903,000000,13.81,13.92,13.58,13.65,1081041,0
TSLY.US,D,20240904,000000,13.62,13.99,13.62,13.96,1284913,0
TSLY.US,D,20240905,000000,14.07,14.09,13.975,14.04,1962084,0
TSLY.US,D,20240906,000000,13.39,13.39,12.17,12.17,2111043,0
TSLY.US,D,20240909,000000,12.46,12.71,12.36,12.51,1875860,0
TSLY.US,D,20240910,000000,12.73,12.93,12.64,12.91,1775992,0
TSLY.US,D,20240911,000000,12.89,13.02,12.5701,12.99,867759,0
TSLY.US,D,20240912,000000,12.96,13.12,12.88,13.1,1087198,0
TSLY.US,D,20240913,000000,13.07,13.195,13.0499,13.14,771902,0
TSLY.US,D,20240916,000000,13.18,13.21,12.98,13.1,822585,0
TSLY.US,D,20240917,000000,13.21,13.36,13.15,13.18,691840,0
TSLY.US,D,20240918,000000,13.3,13.445,13.17,13.23,815456,0
TSLY.US,D,20240919,000000,13.45,13.59,13.395,13.56,1125499,0
TSLY.US,D,20240920,000000,13.51,13.57,13.205,13.31,659254,0
TSLY.US,D,20240923,000000,13.56,13.87,13.53,13.86,1082859,0
TSLY.US,D,20240924,000000,14.02,14.18,13.8501,14.05,1047717,0
TSLY.US,D,20240925,000000,14,14.155,14,14.15,543141,0
TSLY.US,D,20240926,000000,14.29,14.31,13.98,14.05,915230,0
TSLY.US,D,20240927,000000,14.13,14.2,14.0723,14.2,694029,0
TSLY.US,D,20240930,000000,14.15,14.4,14.03,14.27,2311199,0
TSLY.US,D,20241001,000000,14.39,14.4,13.675,14.17,1880270,0
TSLY.US,D,20241002,000000,13.7,13.7999,13.31,13.69,4582438,0
TSLY.US,D,20241003,000000,12.44,12.625,12.1501,12.28,3323854,0
TSLY.US,D,20241004,000000,12.53,12.73,12.435,12.72,2223256,0
TSLY.US,D,20241007,000000,12.69,12.71,12.32,12.34,2144514,0
TSLY.US,D,20241008,000000,12.48,12.56,12.3288,12.51,1569620,0
TSLY.US,D,20241009,000000,12.5,12.64,12.29,12.35,1419175,0
TSLY.US,D,20241010,000000,12.43,12.43,11.95,12.24,1552596,0
TSLY.US,D,20241011,000000,11.38,11.49,11.07,11.22,4754374,0
TSLY.US,D,20241014,000000,11.35,11.4,11.0712,11.32,2628259,0
TSLY.US,D,20241015,000000,11.37,11.51,11.24,11.33,1683508,0
TSLY.US,D,20241016,000000,11.41,11.47,11.3352,11.45,1298554,0
TSLY.US,D,20241017,000000,11.49,11.495,11.32,11.45,1299275,0
TSLY.US,D,20241018,000000,11.46,11.55,11.4154,11.5,1209328,0
TSLY.US,D,20241021,000000,11.43,11.505,11.3,11.44,2605997,0
TSLY.US,D,20241022,000000,11.4,11.4,11.285,11.4,1402868,0
TSLY.US,D,20241023,000000,11.38,11.415,11.11,11.19,2036965,0
TSLY.US,D,20241024,000000,12.25,12.85,12.195,12.79,5482820,0
TSLY.US,D,20241025,000000,12.66,13.1,12.64,13.07,2630901,0
TSLY.US,D,20241028,000000,13.16,13.22,12.9,12.91,4008088,0
TSLY.US,D,20241029,000000,13,13,12.7001,12.85,2789490,0
TSLY.US,D,20241030,000000,12.83,12.97,12.74,12.82,3136297,0
TSLY.US,D,20241031,000000,12.21,12.28,11.9223,11.94,2714834,0
TSLY.US,D,20241101,000000,12.01,12.1,11.82,11.91,2282931,0
TSLY.US,D,20241104,000000,11.71,11.9051,11.495,11.67,2545175,0
TSLY.US,D,20241105,000000,11.84,12.14,11.82,12,1769834,0
TSLY.US,D,20241106,000000,13.06,13.34,12.821,13.28,7072916,0
TSLY.US,D,20241107,000000,13.29,13.7,13.195,13.61,2965682,0
TSLY.US,D,20241108,000000,13.68,14.65,13.6402,14.39,5297575,0
TSLY.US,D,20241111,000000,15.23,15.65,14.91,15.36,4688511,0
TSLY.US,D,20241112,000000,15.095,15.25,14.52,14.72,4577700,0
TSLY.US,D,20241113,000000,15.02,15.275,14.545,14.87,2441847,0
TSLY.US,D,20241114,000000,14.79,14.88,14.12,14.15,2068490,0
TSLY.US,D,20241115,000000,14.17,14.73,14.08,14.6,2828310,0
TSLY.US,D,20241118,000000,15.24,15.46,14.76,15.09,4380161,0
TSLY.US,D,20241119,000000,15.01,15.45,14.915,15.45,1920754,0
TSLY.US,D,20241120,000000,15.43,15.4512,15.0112,15.32,2024925,0
TSLY.US,D,20241121,000000,15.39,15.51,15.1,15.28,2136946,0
TSLY.US,D,20241122,000000,15.33,15.76,15.22,15.67,2543701,0
TSLY.US,D,20241125,000000,15.92,15.93,15.305,15.33,4207965,0
TSLY.US,D,20241126,000000,15.39,15.61,15.265,15.36,2696629,0
TSLY.US,D,20241127,000000,15.51,15.51,14.94,15.22,4494987,0
TSLY.US,D,20241129,000000,14.12,14.445,14.0701,14.44,2734882,0
TSLY.US,D,20241202,000000,14.64,14.895,14.64,14.79,3751507,0
TSLY.US,D,20241203,000000,14.69,14.8,14.62,14.73,2167637,0
TSLY.US,D,20241204,000000,14.81,14.97,14.68,14.97,2059451,0
TSLY.US,D,20241205,000000,14.99,15.22,14.98,15.2,2863881,0
TSLY.US,D,20241206,000000,15.29,15.73,15.185,15.73,4647067,0
TSLY.US,D,20241209,000000,15.93,16.11,15.41,15.74,4450527,0
TSLY.US,D,20241210,000000,15.82,16.24,15.79,15.97,3056360,0
TSLY.US,D,20241211,000000,16.24,16.74,16.0314,16.74,3170794,0
TSLY.US,D,20241212,000000,16.73,16.89,16.49,16.59,4098163,0
TSLY.US,D,20241213,000000,16.69,17.12,16.5443,17.12,2853094,0
TSLY.US,D,20241216,000000,17.285,17.7,17.1745,17.7,4423581,0
TSLY.US,D,20241217,000000,17.92,18.055,17.24,17.98,10287373,0
TSLY.US,D,20241218,000000,17.53,18.223022,16.15,16.65,6250974,0
TSLY.US,D,20241219,000000,17.16,17.17,15.89,16.47,5455360,0
TSLY.US,D,20241220,000000,16.07,16.87,15.82,15.94,6537550,0
TSLY.US,D,20241223,000000,16.3,16.4499,15.735,16.28,5617983,0
TSLY.US,D,20241224,000000,16.49,17.3,16.465,17.3,3447983,0
TSLY.US,D,20241226,000000,17.36,17.37,16.95,17.05,6214158,0
TSLY.US,D,20241227,000000,15.62,15.63,14.97,15.14,6240431,0
TSLY.US,D,20241230,000000,14.755,14.9987,14.66,14.73,4513479,0
TSLY.US,D,20241231,000000,14.94,15.05,14.24,14.27,3692761,0
TSLY.US,D,20250102,000000,13.83,13.9099,13.26,13.46,9393313,0
TSLY.US,D,20250103,000000,13.55,14.28,13.49,14.26,3014582,0
TSLY.US,D,20250106,000000,14.579,14.64,13.98,14.26,7827107,0
TSLY.US,D,20250107,000000,14.1,14.35,13.61,13.76,3883465,0
TSLY.US,D,20250108,000000,13.6945,14.0079,13.54,13.8,3220410,0
TSLY.US,D,20250110,000000,13.69,13.94,13.4314,13.74,4130925,0
TSLY.US,D,20250113,000000,13.44,13.94,13.34,13.94,2422717,0
TSLY.US,D,20250114,000000,14.18,14.325,13.695,13.74,3870556,0
TSLY.US,D,20250115,000000,14.115,14.555,14,14.53,4101014,0
TSLY.US,D,20250116,000000,14.44,14.48,14.04,14.18,2697787,0
TSLY.US,D,20250117,000000,14.44,14.8399,14.36,14.49,5363366,0
TSLY.US,D,20250121,000000,14.705,14.71,13.935,14.46,9000110,0
TSLY.US,D,20250122,000000,14.25,14.5506,14.21,14.23,7556013,0
TSLY.US,D,20250123,000000,13.55,13.68,13.35,13.45,5544796,0
TSLY.US,D,20250124,000000,13.525,13.598,13.29,13.31,4571812,0
TSLY.US,D,20250127,000000,12.975,13.32,12.85,13.07,5906953,0
TSLY.US,D,20250128,000000,13.08,13.15,12.7808,13.09,3532590,0
TSLY.US,D,20250129,000000,13.01,13.1,12.6949,12.81,4898698,0
TSLY.US,D,20250130,000000,13.52,13.56,12.78,13.27,7292629,0
TSLY.US,D,20250131,000000,13.32,13.78,13.31,13.41,3680519,0
TSLY.US,D,20250203,000000,12.92,12.9698,12.5166,12.81,3352936,0
TSLY.US,D,20250204,000000,12.79,13.135,12.7519,13.09,2136560,0
TSLY.US,D,20250205,000000,12.96,12.99,12.5901,12.67,2510967,0
TSLY.US,D,20250206,000000,12.5198,12.58,12.2,12.54,3642783,0
TSLY.US,D,20250207,000000,12.43,12.6998,12.1517,12.19,2945218,0
TSLY.US,D,20250210,000000,12.05,12.24,11.85,11.86,4611919,0
TSLY.US,D,20250211,000000,11.72,11.81,11.03,11.13,5160242,0
TSLY.US,D,20250212,000000,11.18,11.71,11.15,11.42,4327883,0
TSLY.US,D,20250213,000000,11.69,12.0299,11.62,11.98,3324016,0
TSLY.US,D,20250214,000000,12.12,12.14,11.78,12.01,3680918,0
TSLY.US,D,20250218,000000,12.03,12.0999,11.9035,12,5703561,0
TSLY.US,D,20250219,000000,12.0199,12.27,12.0199,12.17,6046746,0
