<TICKER>,<PER>,<DATE>,<TIME>,<OPEN>,<HIGH>,<LOW>,<CLOSE>,<VOL>,<OPENINT>
USE.US,D,20230505,000000,30.9295,30.9295,30.785,30.8434,3368,0
USE.US,D,20230508,000000,31.42,31.54,31.4078,31.4078,894,0
USE.US,D,20230509,000000,31.23,31.595,31.1,31.595,500,0
USE.US,D,20230510,000000,31.13,31.24,31.04,31.2079,1500,0
USE.US,D,20230511,000000,30.64,30.7579,30.62,30.7579,508,0
USE.US,D,20230512,000000,30.5647,30.5647,30.5647,30.5647,89,0
USE.US,D,20230515,000000,31.0917,31.1,31.02,31.0703,1623,0
USE.US,D,20230516,000000,31.17,31.17,30.9299,30.9299,400,0
USE.US,D,20230517,000000,31.11,31.7146,31.09,31.7146,805,0
USE.US,D,20230518,000000,31.69,31.71,31.69,31.71,300,0
USE.US,D,20230519,000000,31.6,31.6191,31.6,31.6191,136,0
USE.US,D,20230522,000000,31.5144,31.5144,31.5144,31.5144,7,0
USE.US,D,20230523,000000,31.8154,31.8154,31.8154,31.8154,7,0
USE.US,D,20230524,000000,32.2883,32.2883,32.2883,32.2883,5,0
USE.US,D,20230525,000000,31.5663,31.5663,31.5663,31.5663,2,0
USE.US,D,20230526,000000,31.81,31.8987,31.81,31.8987,100,0
USE.US,D,20230530,000000,30.5943,30.5943,30.5943,30.5943,107,0
USE.US,D,20230531,000000,29.7933,29.7933,29.7933,29.7933,119,0
USE.US,D,20230601,000000,30.36,30.36,30.36,30.36,22,0
USE.US,D,20230602,000000,31.221,31.2249,31.221,31.2249,150,0
USE.US,D,20230605,000000,31.3249,31.3249,31.3249,31.3249,7,0
USE.US,D,20230606,000000,31.2755,31.2755,31.2755,31.2755,105,0
USE.US,D,20230607,000000,31.7565,31.7565,31.7565,31.7565,107,0
USE.US,D,20230608,000000,31.2401,31.2401,31.2401,31.2401,45,0
USE.US,D,20230609,000000,30.858,30.858,30.858,30.858,45,0
USE.US,D,20230612,000000,29.6698,29.6698,29.6698,29.6698,101,0
USE.US,D,20230613,000000,30.44,30.44,30.4076,30.4076,317,0
USE.US,D,20230614,000000,30.3138,30.3138,30.3138,30.3138,2,0
USE.US,D,20230615,000000,31,31.2134,30.9787,31.2134,400,0
USE.US,D,20230616,000000,31.6105,31.6105,31.6105,31.6105,2,0
USE.US,D,20230620,000000,31.8664,31.8664,31.8664,31.8664,2,0
USE.US,D,20230621,000000,31.9823,31.9823,31.9823,31.9823,2,0
USE.US,D,20230622,000000,30.7316,30.7316,30.7316,30.7316,100,0
USE.US,D,20230623,000000,30.2657,30.2657,30.2657,30.2657,100,0
USE.US,D,20230626,000000,30.1679,30.1679,30.1679,30.1679,100,0
USE.US,D,20230627,000000,29.8,29.8,29.6231,29.6231,517,0
USE.US,D,20230628,000000,29.77,30.6653,29.77,30.6653,100,0
USE.US,D,20230629,000000,30.82,30.82,30.81,30.81,100,0
USE.US,D,20230630,000000,30.89,30.96,30.89,30.96,400,0
USE.US,D,20230703,000000,31.0446,31.0446,31.0446,31.0446,1,0
USE.US,D,20230705,000000,31.52,31.86,31.52,31.86,334,0
USE.US,D,20230706,000000,31.76,31.9502,31.76,31.9502,120,0
USE.US,D,20230707,000000,32.8563,32.8563,32.8563,32.8563,100,0
USE.US,D,20230710,000000,32.42,32.43,32.4102,32.4102,389,0
USE.US,D,20230711,000000,32.73,32.8741,32.73,32.8741,405,0
USE.US,D,20230712,000000,33.35,33.5307,33.35,33.5307,104,0
USE.US,D,20230713,000000,34.206,34.206,34.206,34.206,100,0
USE.US,D,20230714,000000,33.65,33.6719,33.5435,33.5435,838,0
USE.US,D,20230717,000000,33.1184,33.1184,33.1184,33.1184,100,0
USE.US,D,20230718,000000,33.5143,33.5143,33.5143,33.5143,100,0
USE.US,D,20230719,000000,33.67,33.67,33.3694,33.3694,2336,0
USE.US,D,20230720,000000,33.319,33.319,33.319,33.319,41,0
USE.US,D,20230721,000000,33.7386,33.7386,33.7386,33.7386,11,0
USE.US,D,20230724,000000,34.4686,34.4686,34.4686,34.4686,41,0
USE.US,D,20230725,000000,34.35,34.54,34.35,34.4502,2104,0
USE.US,D,20230726,000000,34.4248,34.4248,34.4248,34.4248,41,0
USE.US,D,20230727,000000,34.9726,34.9726,34.9726,34.9726,3,0
USE.US,D,20230728,000000,35.093,35.093,35.093,35.093,2,0
USE.US,D,20230731,000000,35.57,35.59,35.57,35.59,1005,0
USE.US,D,20230801,000000,35.67,35.67,35.67,35.67,446,0
USE.US,D,20230802,000000,35.3574,35.3574,35.3574,35.3574,29,0
USE.US,D,20230803,000000,35.6779,35.6779,35.6779,35.6779,20,0
USE.US,D,20230804,000000,35.835,35.835,35.835,35.835,41,0
USE.US,D,20230807,000000,35.4053,35.4053,35.4053,35.4053,30,0
USE.US,D,20230808,000000,35.3823,35.3823,35.3823,35.3823,11,0
USE.US,D,20230809,000000,35.3118,35.3118,35.3118,35.3118,68,0
USE.US,D,20230810,000000,35.3003,35.3003,35.3003,35.3003,66,0
USE.US,D,20230811,000000,35.2352,35.2352,35.2352,35.2352,18,0
USE.US,D,20230814,000000,35.0417,35.0417,35.0417,35.0417,12,0
USE.US,D,20230815,000000,34.8266,34.8266,34.8266,34.8266,10,0
USE.US,D,20230816,000000,34.551,34.551,34.551,34.551,88,0
USE.US,D,20230817,000000,34.7145,34.7145,34.7145,34.7145,10,0
USE.US,D,20230818,000000,35.1684,35.1684,35.1684,35.1684,77,0
USE.US,D,20230821,000000,35.04,35.04,35,35.0327,1912,0
USE.US,D,20230822,000000,35.1692,35.1692,35.1692,35.1692,80,0
USE.US,D,20230823,000000,34.8,35.0091,34.8,35.0091,805,0
USE.US,D,20230824,000000,34.9705,34.9705,34.9705,34.9705,77,0
USE.US,D,20230825,000000,35.2002,35.2002,35.2002,35.2002,77,0
USE.US,D,20230828,000000,34.93,34.9926,34.89,34.9926,600,0
USE.US,D,20230829,000000,34.945,34.945,34.945,34.945,1,0
USE.US,D,20230830,000000,34.7479,34.7479,34.7479,34.7479,1,0
USE.US,D,20230831,000000,35.3918,35.3918,35.3918,35.3918,7,0
USE.US,D,20230901,000000,36.2997,36.2997,36.2997,36.2997,10,0
USE.US,D,20230905,000000,36.6454,36.6454,36.6454,36.6454,2,0
USE.US,D,20230906,000000,36.8484,36.8484,36.8484,36.8484,7,0
USE.US,D,20230907,000000,36.68,36.68,36.6659,36.6659,206,0
USE.US,D,20230908,000000,36.8263,36.8263,36.8263,36.8263,1,0
USE.US,D,20230911,000000,37.02,37.02,36.82,36.8798,364,0
USE.US,D,20230912,000000,37.4246,37.4246,37.4246,37.4246,8,0
USE.US,D,20230913,000000,37.3719,37.3719,37.3719,37.3719,5,0
USE.US,D,20230914,000000,37.8796,37.8796,37.8796,37.8796,5,0
USE.US,D,20230915,000000,37.8015,37.8015,37.8015,37.8015,5,0
USE.US,D,20230918,000000,37.88,38.0126,37.88,38.0126,358,0
USE.US,D,20230919,000000,38.0227,38.0227,38.0227,38.0227,5,0
USE.US,D,20230920,000000,37.4151,37.4151,37.4151,37.4151,60,0
USE.US,D,20230921,000000,37.4731,37.4731,37.4731,37.4731,50,0
USE.US,D,20230922,000000,37.5534,37.5534,37.5534,37.5534,25,0
USE.US,D,20230925,000000,37.4852,37.4852,37.4852,37.4852,20,0
USE.US,D,20230926,000000,37.6044,37.6044,37.6044,37.6044,10,0
USE.US,D,20230927,000000,38.3181,38.3181,38.3181,38.3181,1,0
USE.US,D,20230928,000000,37.9058,37.9058,37.9058,37.9058,22,0
USE.US,D,20230929,000000,37.601,37.601,37.601,37.601,2,0
USE.US,D,20231002,000000,37.0116,37.0116,37.0116,37.0116,2,0
USE.US,D,20231003,000000,37.2585,37.2585,37.2585,37.2585,160,0
USE.US,D,20231004,000000,35.7092,35.7092,35.7092,35.7092,15,0
USE.US,D,20231005,000000,35.29,35.29,35.28,35.2895,940,0
USE.US,D,20231006,000000,35.587,35.587,35.587,35.587,10,0
USE.US,D,20231009,000000,36.81,36.81,36.699,36.699,1360,0
USE.US,D,20231010,000000,36.6026,36.6026,36.6026,36.6026,10,0
USE.US,D,20231011,000000,36.3217,36.3217,36.3217,36.3217,10,0
USE.US,D,20231012,000000,36.2208,36.2208,36.2208,36.2208,103,0
USE.US,D,20231013,000000,37.47,37.47,37.4496,37.4496,160,0
USE.US,D,20231016,000000,37.1176,37.1176,37.1176,37.1176,4,0
USE.US,D,20231017,000000,37.3436,37.3436,37.3436,37.3436,4,0
USE.US,D,20231018,000000,37.782,37.782,37.782,37.782,28,0
USE.US,D,20231019,000000,38.19,38.7012,38.19,38.7012,361,0
USE.US,D,20231020,000000,38.88,38.88,38.5878,38.5878,100,0
USE.US,D,20231023,000000,37.88,37.9209,37.8701,37.9209,477,0
USE.US,D,20231024,000000,37.0844,37.0844,37.0844,37.0844,50,0
USE.US,D,20231025,000000,37.3804,37.3804,37.3804,37.3804,50,0
USE.US,D,20231026,000000,36.75,36.75,36.6027,36.6027,1000,0
USE.US,D,20231027,000000,37,37.2939,36.85,37.2939,325,0
USE.US,D,20231030,000000,37.13,37.13,36.7653,36.7653,279,0
USE.US,D,20231031,000000,35.7893,35.7893,35.7893,35.7893,3,0
USE.US,D,20231101,000000,36.39,36.4012,35.9374,35.9374,234,0
USE.US,D,20231102,000000,36.301,36.301,36.301,36.301,50,0
USE.US,D,20231103,000000,36,36,35.8589,35.8589,123,0
USE.US,D,20231106,000000,36.2744,36.2744,36.2744,36.2744,5,0
USE.US,D,20231107,000000,35.2695,35.2695,35.2695,35.2695,4,0
USE.US,D,20231108,000000,34.8683,34.8683,34.8683,34.8683,4,0
USE.US,D,20231109,000000,35.0413,35.0413,35.0413,35.0413,6,0
USE.US,D,20231110,000000,35.7392,35.7642,35.7392,35.7642,366,0
USE.US,D,20231113,000000,35.9293,35.9293,35.9293,35.9293,1,0
USE.US,D,20231114,000000,36.1908,36.1908,36.1908,36.1908,1,0
USE.US,D,20231115,000000,35.6,35.6,35.4777,35.4777,101,0
USE.US,D,20231116,000000,34.3694,34.3694,34.3694,34.3694,1,0
USE.US,D,20231117,000000,35.7171,35.7171,35.7171,35.7171,99,0
USE.US,D,20231120,000000,36.6095,36.6095,36.6095,36.6095,1,0
USE.US,D,20231121,000000,36.8978,36.8978,36.8978,36.8978,1,0
USE.US,D,20231122,000000,35.5599,36.4,35.409,36.4,250,0
USE.US,D,20231124,000000,36.1471,36.1471,36.1471,36.1471,1,0
USE.US,D,20231127,000000,35.949,35.949,35.9387,35.9406,647,0
USE.US,D,20231128,000000,36.891,36.891,36.891,36.891,1,0
USE.US,D,20231129,000000,37.48,37.48,37.4435,37.4435,490,0
USE.US,D,20231130,000000,36.5823,36.5823,36.5823,36.5823,1,0
USE.US,D,20231201,000000,36.0732,36.0732,36.0732,36.0732,1,0
USE.US,D,20231204,000000,36.02,36.02,35.7,35.786,226,0
USE.US,D,20231205,000000,35.485,35.52,35.485,35.52,889,0
USE.US,D,20231206,000000,34.79,34.8273,34.78,34.8273,2329,0
USE.US,D,20231207,000000,34.9393,34.9393,34.9393,34.9393,1,0
USE.US,D,20231208,000000,34.68,34.7206,34.68,34.7206,561,0
USE.US,D,20231211,000000,35.53,35.53,35.3142,35.3142,100,0
USE.US,D,20231212,000000,34.92,34.92,34.7527,34.7527,126,0
USE.US,D,20231213,000000,34.8,34.8183,34.8,34.8183,178,0
USE.US,D,20231214,000000,33.9649,33.9649,33.9649,33.9649,5,0
USE.US,D,20231215,000000,33.9432,33.9432,33.9432,33.9432,1,0
USE.US,D,20231218,000000,33.8477,33.8477,33.8477,33.8477,1,0
USE.US,D,20231219,000000,34.04,34.04,33.8375,33.8375,338,0
USE.US,D,20231220,000000,34.0514,34.0514,34.0514,34.0514,32,0
USE.US,D,20231221,000000,33.3555,33.3555,33.3555,33.3555,100,0
USE.US,D,20231222,000000,33.3111,33.3111,33.3111,33.3111,1,0
USE.US,D,20231226,000000,34.1138,34.1138,34.1138,34.1138,44,0
USE.US,D,20231227,000000,32.635,32.635,32.4982,32.4982,615,0
USE.US,D,20231228,000000,31.4686,31.4686,31.4686,31.4686,151,0
USE.US,D,20231229,000000,31.78,31.78,31.535,31.535,156,0
USE.US,D,20240102,000000,30.9678,30.9678,30.9678,30.9678,4,0
USE.US,D,20240103,000000,31.6301,31.6301,31.6301,31.6301,2,0
USE.US,D,20240104,000000,31.0511,31.0511,31.0511,31.0511,5,0
USE.US,D,20240105,000000,31.46,31.4606,31.46,31.4606,459,0
USE.US,D,20240108,000000,30.4117,30.4117,30.4117,30.4117,5,0
USE.US,D,20240109,000000,30.4943,30.4943,30.4943,30.4943,5,0
USE.US,D,20240110,000000,30.4969,30.4969,30.4969,30.4969,5,0
USE.US,D,20240111,000000,31.0089,31.0089,31.0089,31.0089,5,0
USE.US,D,20240112,000000,30.8543,30.8543,30.8543,30.8543,5,0
USE.US,D,20240116,000000,31.1374,31.1374,31.1374,31.1374,59,0
USE.US,D,20240117,000000,31.2918,31.2918,31.2918,31.2918,5,0
USE.US,D,20240118,000000,31.9526,31.9526,31.9526,31.9526,20,0
USE.US,D,20240119,000000,32.2793,32.2793,32.2793,32.2793,1,0
USE.US,D,20240122,000000,32.9978,32.9978,32.9978,32.9978,5,0
USE.US,D,20240123,000000,32.7549,32.7549,32.7549,32.7549,20,0
USE.US,D,20240124,000000,32.8572,32.8572,32.8572,32.8572,40,0
USE.US,D,20240125,000000,33.8965,33.8965,33.8965,33.8965,20,0
USE.US,D,20240126,000000,34.2518,34.2518,34.2518,34.2518,29,0
USE.US,D,20240129,000000,34.0713,34.0713,34.0713,34.0713,102,0
USE.US,D,20240130,000000,34.3153,34.3153,34.3153,34.3153,3,0
USE.US,D,20240131,000000,33.5007,33.5007,33.5007,33.5007,3,0
USE.US,D,20240201,000000,33.1481,33.1481,33.1481,33.1481,3,0
USE.US,D,20240202,000000,32.3644,32.3644,32.3644,32.3644,3,0
USE.US,D,20240205,000000,32.7625,32.7625,32.7625,32.7625,6,0
USE.US,D,20240206,000000,33.2614,33.2614,33.2614,33.2614,1,0
USE.US,D,20240207,000000,33.5624,33.5624,33.5624,33.5624,1,0
USE.US,D,20240208,000000,34.4635,34.4635,34.4635,34.4635,1,0
USE.US,D,20240209,000000,34.6053,34.6053,34.6053,34.6053,1,0
USE.US,D,20240212,000000,35.1357,35.1357,35.1357,35.1357,1,0
USE.US,D,20240213,000000,35.491,35.491,35.491,35.491,1,0
USE.US,D,20240214,000000,35.3798,35.3798,35.3798,35.3798,1,0
USE.US,D,20240215,000000,35.7417,35.7417,35.7417,35.7417,1,0
USE.US,D,20240216,000000,35.8095,35.8095,35.8095,35.8095,8,0
USE.US,D,20240220,000000,35.6262,35.6262,35.6262,35.6262,3,0
USE.US,D,20240221,000000,35.0881,35.0881,35.0881,35.0881,2,0
USE.US,D,20240222,000000,35.4423,35.4423,35.4423,35.4423,8,0
USE.US,D,20240223,000000,35.3014,35.3014,35.3014,35.3014,8,0
USE.US,D,20240226,000000,35.5259,35.5259,35.5259,35.5259,1,0
USE.US,D,20240227,000000,35.6108,35.6108,35.6108,35.6108,3,0
USE.US,D,20240228,000000,35.1425,35.1425,35.1425,35.1425,126,0
USE.US,D,20240229,000000,35.3277,35.3277,35.3277,35.3277,3,0
USE.US,D,20240301,000000,35.8901,35.8901,35.8901,35.8901,3,0
USE.US,D,20240304,000000,35.8085,35.8085,35.8085,35.8085,3,0
USE.US,D,20240305,000000,35.5348,35.5348,35.5348,35.5348,1,0
USE.US,D,20240306,000000,35.7599,35.7599,35.7599,35.7599,43,0
USE.US,D,20240307,000000,35.6282,35.6282,35.6282,35.6282,1,0
USE.US,D,20240308,000000,35.3804,35.3804,35.3804,35.3804,1,0
USE.US,D,20240311,000000,35.6804,35.6804,35.6804,35.6804,1,0
USE.US,D,20240312,000000,35.7713,35.7713,35.7713,35.7713,9,0
USE.US,D,20240313,000000,36.5222,36.5222,36.5222,36.5222,1,0
USE.US,D,20240314,000000,36.7436,36.7436,36.7436,36.7436,3,0
USE.US,D,20240315,000000,36.9755,36.9755,36.9755,36.9755,2,0
USE.US,D,20240318,000000,37.4615,37.4615,37.4615,37.4615,41,0
USE.US,D,20240319,000000,37.592,37.592,37.592,37.592,2,0
USE.US,D,20240320,000000,37.2473,37.2473,37.2473,37.2473,35,0
USE.US,D,20240321,000000,37.0818,37.0818,37.0818,37.0818,5,0
USE.US,D,20240322,000000,37.0751,37.0751,37.0751,37.0751,5,0
USE.US,D,20240325,000000,37.4828,37.4828,37.4828,37.4828,5,0
USE.US,D,20240326,000000,37.3905,37.3905,37.3905,37.3905,14,0
USE.US,D,20240327,000000,37.5999,37.5999,37.5999,37.5999,5,0
USE.US,D,20240328,000000,37.9642,37.9642,37.9642,37.9642,3,0
USE.US,D,20240401,000000,37.9613,37.9613,37.9613,37.9613,4,0
USE.US,D,20240402,000000,38.3179,38.3179,38.3179,38.3179,2,0
USE.US,D,20240403,000000,38.539,38.54,38.5274,38.5274,2040,0
USE.US,D,20240404,000000,39.0733,39.0733,39.0733,39.0733,86,0
USE.US,D,20240405,000000,39.0469,39.0469,39.0469,39.0469,5,0
USE.US,D,20240408,000000,39.125,39.125,38.8823,38.8823,235,0
USE.US,D,20240409,000000,38.5845,38.5845,38.5845,38.5845,26,0
USE.US,D,20240410,000000,39.0325,39.0325,39.0325,39.0325,22,0
USE.US,D,20240411,000000,39.1802,39.1802,39.1802,39.1802,26,0
USE.US,D,20240412,000000,39.11,39.11,39.11,39.11,16,0
USE.US,D,20240415,000000,39.43,39.43,39.43,39.43,150,0
USE.US,D,20240416,000000,39.2146,39.2146,39.2146,39.2146,54,0
USE.US,D,20240417,000000,38.3973,38.3973,38.3973,38.3973,59,0
USE.US,D,20240418,000000,38.3016,38.3016,38.3016,38.3016,5,0
USE.US,D,20240419,000000,38.2297,38.2297,38.2297,38.2297,9,0
USE.US,D,20240422,000000,38.2756,38.2756,38.2756,38.2756,11,0
USE.US,D,20240423,000000,38.8407,38.8407,38.8407,38.8407,3,0
USE.US,D,20240424,000000,38.6505,38.6505,38.6505,38.6505,6,0
USE.US,D,20240425,000000,38.8973,38.8973,38.8973,38.8973,50,0
USE.US,D,20240426,000000,38.85,38.85,38.85,38.85,6,0
USE.US,D,20240429,000000,38.6896,38.6896,38.6896,38.6896,4,0
USE.US,D,20240430,000000,38.1497,38.1497,38.1497,38.1497,3,0
USE.US,D,20240501,000000,37.1445,37.1445,37.1445,37.1445,4,0
USE.US,D,20240502,000000,37.2256,37.2256,37.2256,37.2256,41,0
USE.US,D,20240503,000000,37.15,37.15,36.9894,36.9894,1301,0
USE.US,D,20240506,000000,37.2564,37.2564,37.2564,37.2564,1,0
USE.US,D,20240507,000000,37.0921,37.0921,37.0921,37.0921,1,0
USE.US,D,20240508,000000,37.1503,37.1503,37.1503,37.1503,7,0
USE.US,D,20240509,000000,37.1275,37.1275,37.1275,37.1275,30,0
USE.US,D,20240510,000000,36.7168,36.7168,36.7168,36.7168,534,0
USE.US,D,20240513,000000,37.0532,37.0532,37.0532,37.0532,30,0
USE.US,D,20240514,000000,36.7439,36.7439,36.7439,36.7439,30,0
USE.US,D,20240515,000000,37.1085,37.1085,37.1085,37.1085,30,0
USE.US,D,20240516,000000,37.4276,37.4276,37.4276,37.4276,51,0
USE.US,D,20240517,000000,37.7632,37.7632,37.7632,37.7632,20,0
USE.US,D,20240520,000000,37.6556,37.768,37.6556,37.768,101,0
USE.US,D,20240521,000000,37.3903,37.3903,37.3903,37.3903,5,0
USE.US,D,20240522,000000,37.1823,37.1823,37.1823,37.1823,10,0
USE.US,D,20240523,000000,37.034,37.034,37.034,37.034,10,0
USE.US,D,20240524,000000,37.0823,37.0823,37.0823,37.0823,3,0
USE.US,D,20240528,000000,37.9301,37.9301,37.9301,37.9301,1,0
USE.US,D,20240529,000000,37.354,37.354,37.354,37.354,1,0
USE.US,D,20240530,000000,36.8937,36.8937,36.8937,36.8937,40,0
USE.US,D,20240531,000000,36.6952,36.6952,36.6952,36.6952,1,0
USE.US,D,20240603,000000,35.8612,35.8612,35.8612,35.8612,1,0
USE.US,D,20240604,000000,35.471,35.532,35.471,35.532,2195,0
USE.US,D,20240605,000000,35.75,36.1906,35.75,36.1906,406,0
USE.US,D,20240606,000000,36.8171,36.8171,36.8171,36.8171,1,0
USE.US,D,20240607,000000,36.8108,36.8108,36.8108,36.8108,1,0
USE.US,D,20240610,000000,37.8129,37.8129,37.8129,37.8129,1,0
USE.US,D,20240611,000000,38.0744,38.0744,38.0744,38.0744,1,0
USE.US,D,20240612,000000,38.1086,38.1086,38.1086,38.1086,1,0
USE.US,D,20240613,000000,38.1,38.1,37.8347,37.8347,273,0
USE.US,D,20240614,000000,38.0145,38.0145,38.0145,38.0145,1,0
USE.US,D,20240617,000000,38.8455,38.8455,38.8455,38.8455,2,0
USE.US,D,20240618,000000,38.8525,38.8525,38.8525,38.8525,2,0
USE.US,D,20240620,000000,39.31,39.56,39.29,39.5248,6218,0
USE.US,D,20240621,000000,39.34,39.34,39.145,39.2073,3338,0
USE.US,D,20240624,000000,39.3096,39.3096,39.3096,39.3096,125,0
USE.US,D,20240625,000000,39.1703,39.1703,39.1703,39.1703,25,0
USE.US,D,20240626,000000,39.14,39.3539,39.08,39.3539,266,0
USE.US,D,20240627,000000,39.9741,39.9741,39.9741,39.9741,61,0
USE.US,D,20240628,000000,40.0288,40.0288,40.0288,40.0288,105,0
USE.US,D,20240701,000000,40.496,41.2881,40.496,41.2881,677,0
USE.US,D,20240702,000000,41.1404,41.1404,41.1404,41.1404,155,0
USE.US,D,20240703,000000,41.12,41.1918,41.12,41.1918,1559,0
USE.US,D,20240705,000000,41.4753,41.4753,41.4753,41.4753,64,0
USE.US,D,20240708,000000,41.0406,41.0406,41.0406,41.0406,20,0
USE.US,D,20240709,000000,40.88,40.88,40.8501,40.8501,396,0
USE.US,D,20240710,000000,41.15,41.15,41.0728,41.0728,124,0
USE.US,D,20240711,000000,41.395,41.395,41.395,41.395,49,0
USE.US,D,20240712,000000,41.1,41.1,40.9237,40.9237,276,0
USE.US,D,20240715,000000,41.2057,41.2057,41.2057,41.2057,6,0
USE.US,D,20240716,000000,40.694,40.694,40.694,40.694,31,0
USE.US,D,20240717,000000,41.4501,41.4501,41.4501,41.4501,1,0
USE.US,D,20240718,000000,41.1611,41.1611,41.1611,41.1611,12,0
USE.US,D,20240719,000000,41.0515,41.0515,40.4831,40.4831,148,0
USE.US,D,20240722,000000,40.0654,40.0654,40.0654,40.0654,19,0
USE.US,D,20240723,000000,39.7204,39.7204,39.7204,39.7204,229,0
USE.US,D,20240724,000000,40.1086,40.1086,40.1086,40.1086,8,0
USE.US,D,20240725,000000,40.4895,40.4895,40.4895,40.4895,18,0
USE.US,D,20240726,000000,40.0456,40.0456,40.0456,40.0456,49,0
USE.US,D,20240729,000000,39.6904,39.6904,39.6904,39.6904,3,0
USE.US,D,20240730,000000,39.219,39.219,39.219,39.219,9,0
USE.US,D,20240731,000000,40.49,40.7552,40.49,40.7552,353,0
USE.US,D,20240801,000000,40.4346,40.4346,40.4346,40.4346,4,0
USE.US,D,20240802,000000,39.3056,39.3056,39.3056,39.3056,28,0
USE.US,D,20240805,000000,39.3589,39.3589,39.3589,39.3589,59,0
USE.US,D,20240806,000000,38.7547,38.7547,38.7547,38.7547,2,0
USE.US,D,20240807,000000,39.5118,39.5118,39.5118,39.5118,11,0
USE.US,D,20240808,000000,39.6956,39.6956,39.6956,39.6956,2,0
USE.US,D,20240809,000000,40.0393,40.0393,40.0393,40.0393,1,0
USE.US,D,20240812,000000,41.0631,41.0631,41.0631,41.0631,1,0
USE.US,D,20240813,000000,40.628,40.628,40.628,40.628,2,0
USE.US,D,20240814,000000,40.44,40.44,39.9992,39.9992,224,0
USE.US,D,20240815,000000,40.4749,40.4749,40.4749,40.4749,7,0
USE.US,D,20240816,000000,40.0121,40.0121,40.0121,40.0121,27,0
USE.US,D,20240819,000000,38.9548,38.9548,38.9548,38.9548,1,0
USE.US,D,20240820,000000,39.137,39.137,38.8811,38.8811,450,0
USE.US,D,20240821,000000,38.405,38.405,38.405,38.405,49,0
USE.US,D,20240822,000000,39.1391,39.1391,39.1391,39.1391,40,0
USE.US,D,20240823,000000,39.9958,39.9958,39.9958,39.9958,41,0
USE.US,D,20240826,000000,41.2797,41.2797,41.061,41.061,449,0
USE.US,D,20240827,000000,40.5,40.5,40.401,40.4782,397,0
USE.US,D,20240828,000000,39.9639,39.9639,39.9639,39.9639,3,0
USE.US,D,20240829,000000,40.451,40.451,40.451,40.451,2,0
USE.US,D,20240830,000000,39.5337,39.5337,39.5337,39.5337,16,0
USE.US,D,20240903,000000,37.815,37.815,37.815,37.815,22,0
USE.US,D,20240904,000000,37.0789,37.0789,37.0789,37.0789,44,0
USE.US,D,20240905,000000,37.1697,37.1697,37.1697,37.1697,28,0
USE.US,D,20240906,000000,36.7969,36.7969,36.7969,36.7969,18,0
USE.US,D,20240909,000000,36.9108,36.9108,36.9108,36.9108,2,0
USE.US,D,20240910,000000,36.087,36.087,36.087,36.087,1,0
USE.US,D,20240911,000000,36.3918,36.3918,36.3918,36.3918,1,0
USE.US,D,20240912,000000,37.1822,37.1822,37.1822,37.1822,6,0
USE.US,D,20240913,000000,37.063,37.063,37.063,37.063,2,0
USE.US,D,20240916,000000,37.5,37.5,37.5,37.5,250,0
USE.US,D,20240917,000000,37.54,37.8007,37.54,37.8007,252,0
USE.US,D,20240918,000000,37.3879,37.3879,37.3879,37.3879,2,0
USE.US,D,20240919,000000,38.3973,38.3973,38.3973,38.3973,29,0
USE.US,D,20240920,000000,38.6209,38.6209,38.6209,38.6209,22,0
USE.US,D,20240923,000000,38.3664,38.3664,38.3664,38.3664,11,0
USE.US,D,20240924,000000,38.65,38.8009,38.65,38.8009,269,0
USE.US,D,20240925,000000,38.38,38.39,38.1149,38.1149,2147,0
USE.US,D,20240926,000000,37.3612,37.3612,37.0683,37.0683,236,0
USE.US,D,20240927,000000,37.801,37.801,37.801,37.801,22,0
USE.US,D,20241001,000000,38.45,38.5817,38.369,38.5817,500,0
USE.US,D,20241002,000000,38.9021,38.9021,38.9021,38.9021,78,0
USE.US,D,20241003,000000,40.2923,40.2923,40.2923,40.2923,5,0
USE.US,D,20241004,000000,40.6672,40.6672,40.6672,40.6672,3,0
USE.US,D,20241007,000000,41.86,41.9268,41.84,41.9268,410,0
USE.US,D,20241008,000000,40.47,40.47,39.9563,39.9563,150,0
USE.US,D,20241009,000000,39,39.6579,39,39.6579,256,0
USE.US,D,20241010,000000,40.7047,40.7047,40.7047,40.7047,3,0
USE.US,D,20241011,000000,40.3911,40.3911,40.3911,40.3911,13,0
USE.US,D,20241014,000000,39.4283,39.4283,39.4283,39.4283,101,0
USE.US,D,20241015,000000,37.9,38.2031,37.9,38.2031,863,0
USE.US,D,20241016,000000,37.978,37.978,37.978,37.978,9,0
USE.US,D,20241017,000000,38.05,38.05,38.05,38.05,7,0
USE.US,D,20241018,000000,37.27,37.4217,37.24,37.4217,301,0
USE.US,D,20241021,000000,38,38,37.8087,37.8087,361,0
USE.US,D,20241022,000000,38.439,38.689,38.439,38.5532,3322,0
USE.US,D,20241023,000000,38.57,38.57,38.2341,38.2341,601,0
USE.US,D,20241024,000000,37.8411,37.8411,37.8411,37.8411,256,0
USE.US,D,20241025,000000,38.2,38.251,38.2,38.251,1502,0
USE.US,D,20241028,000000,36.63,36.9579,36.63,36.8472,1238,0
USE.US,D,20241029,000000,36.4549,36.5263,36.3539,36.5263,1122,0
USE.US,D,20241030,000000,37.39,37.4774,37.39,37.4774,489,0
USE.US,D,20241031,000000,37.85,38.4012,37.85,38.4012,891,0
USE.US,D,20241101,000000,38.55,38.55,38.55,38.55,270,0
USE.US,D,20241104,000000,38.7858,38.7858,38.7858,38.7858,6,0
USE.US,D,20241105,000000,39.2971,39.2971,39.2971,39.2971,61,0
USE.US,D,20241106,000000,39.0864,39.0864,39.0864,39.0864,262,0
USE.US,D,20241107,000000,39.49,39.49,39.2321,39.2321,120,0
USE.US,D,20241108,000000,38.614,38.614,38.614,38.614,100,0
USE.US,D,20241111,000000,36.79,36.8812,36.79,36.8812,110,0
USE.US,D,20241113,000000,36.57,36.6441,36.57,36.6441,112,0
USE.US,D,20241114,000000,37.4,37.5577,37.4,37.5577,349,0
USE.US,D,20241115,000000,37.38,37.38,36.7272,36.7272,254,0
USE.US,D,20241119,000000,37.6209,37.6209,37.4851,37.4851,250,0
USE.US,D,20241122,000000,38,38.0091,38,38.0091,154,0
USE.US,D,20241213,000000,38.35,38.5844,38.35,38.5844,212,0
USE.US,D,20241219,000000,38.21,38.21,37.5901,37.5901,102,0
USE.US,D,20241220,000000,37.44,37.7112,37.44,37.7112,303,0
USE.US,D,20241227,000000,27.43,27.59,27.3795,27.3795,2173,0
USE.US,D,20241230,000000,27.1215,27.355,27.1215,27.2278,1318,0
USE.US,D,20241231,000000,27.4999,27.7466,27.4999,27.7466,632,0
USE.US,D,20250103,000000,28.71,28.745,28.7,28.745,902,0
USE.US,D,20250106,000000,28.1996,28.2,28.1979,28.1979,484,0
USE.US,D,20250108,000000,28.45,28.45,28.1384,28.1384,639,0
USE.US,D,20250114,000000,29.2,29.2819,29.2,29.2819,175,0
USE.US,D,20250116,000000,29.27,29.27,28.8944,28.8944,238,0
USE.US,D,20250121,000000,29.02,29.22,29.02,29.1874,357,0
USE.US,D,20250122,000000,28.9199,28.9199,28.885,28.885,325,0
USE.US,D,20250123,000000,29.03,29.03,28.715,28.715,383,0
USE.US,D,20250129,000000,28.72,28.72,28.6894,28.6894,234,0
USE.US,D,20250130,000000,29.05,29.05,28.9928,28.9928,190,0
USE.US,D,20250131,000000,28.95,29.0008,28.95,29.0008,171,0
USE.US,D,20250204,000000,28.85,28.9,28.68,28.7636,1408,0
USE.US,D,20250205,000000,28.57,28.57,28.2195,28.2195,272,0
USE.US,D,20250207,000000,28.12,28.2557,28.12,28.2557,202,0
USE.US,D,20250210,000000,28.42,28.4946,28.42,28.4946,373,0
USE.US,D,20250213,000000,28.06,28.125,27.83,28.125,730,0
USE.US,D,20250218,000000,27.85,27.95,27.85,27.8561,466,0
USE.US,D,20250219,000000,28.22,28.24,28.061,28.061,910,0
