<TICKER>,<PER>,<DATE>,<TIME>,<OPEN>,<HIGH>,<LOW>,<CLOSE>,<VOL>,<OPENINT>
XDJA.US,D,20220104,000000,24.91,24.91,24.8379,24.8379,319,0
XDJA.US,D,20220105,000000,24.82,24.82,24.4123,24.4123,1020,0
XDJA.US,D,20220106,000000,24.42,24.468,24.3517,24.3517,4891,0
XDJA.US,D,20220107,000000,24.39,24.39,24.3122,24.3122,3912,0
XDJA.US,D,20220110,000000,24.14,24.26,23.93,24.26,8084,0
XDJA.US,D,20220111,000000,24.46,24.46,24.4559,24.4559,430,0
XDJA.US,D,20220112,000000,24.53,24.57,24.53,24.57,854,0
XDJA.US,D,20220113,000000,24.5846,24.5846,24.1921,24.1921,1500,0
XDJA.US,D,20220114,000000,24.2,24.2427,24.17,24.2427,2196,0
XDJA.US,D,20220118,000000,24.04,24.04,23.7808,23.7808,854,0
XDJA.US,D,20220119,000000,23.9,23.9,23.595,23.595,1312,0
XDJA.US,D,20220120,000000,23.55,23.55,23.3002,23.3002,605,0
XDJA.US,D,20220121,000000,23.31,23.31,22.88,22.88,1952,0
XDJA.US,D,20220124,000000,22.28,22.883,22.2086,22.883,533,0
XDJA.US,D,20220125,000000,22.65,22.845,22.385,22.635,759,0
XDJA.US,D,20220126,000000,23.03,23.03,22.54,22.562,7646,0
XDJA.US,D,20220127,000000,22.4513,22.4513,22.4513,22.4513,23,0
XDJA.US,D,20220128,000000,22.9889,22.9889,22.9889,22.9889,23,0
XDJA.US,D,20220131,000000,23.4761,23.4761,23.4761,23.4761,25,0
XDJA.US,D,20220201,000000,23.53,23.6642,23.53,23.6642,890,0
XDJA.US,D,20220202,000000,23.8927,23.8927,23.8927,23.8927,23,0
XDJA.US,D,20220203,000000,23.2885,23.2885,23.2885,23.2885,23,0
XDJA.US,D,20220204,000000,23.4298,23.4298,23.4298,23.4298,23,0
XDJA.US,D,20220207,000000,23.2681,23.2681,23.2681,23.2681,23,0
XDJA.US,D,20220208,000000,23.5345,23.5345,23.5345,23.5345,23,0
XDJA.US,D,20220209,000000,23.8812,23.8812,23.8502,23.8502,697,0
XDJA.US,D,20220210,000000,23.77,23.77,23.42,23.47,27603,0
XDJA.US,D,20220211,000000,23.4737,23.4737,22.9461,23.01,2880,0
XDJA.US,D,20220214,000000,22.96,22.98,22.75,22.8691,117516,0
XDJA.US,D,20220215,000000,23.21,23.24,23.16,23.2316,2294,0
XDJA.US,D,20220216,000000,23.14,23.2834,23.06,23.2834,2080,0
XDJA.US,D,20220217,000000,22.8801,22.89,22.7,22.75,4753,0
XDJA.US,D,20220218,000000,22.7048,22.7048,22.5605,22.5605,941,0
XDJA.US,D,20220222,000000,22.2794,22.2794,22.2794,22.2794,65,0
XDJA.US,D,20220223,000000,21.8381,21.8381,21.8381,21.8381,23,0
XDJA.US,D,20220224,000000,21.4117,22.191,21.4117,22.191,237,0
XDJA.US,D,20220225,000000,22.67,22.7402,22.67,22.7402,994,0
XDJA.US,D,20220228,000000,22.4834,22.6643,22.4834,22.6643,945,0
XDJA.US,D,20220301,000000,22.2902,22.2902,22.2902,22.2902,3,0
XDJA.US,D,20220302,000000,22.74,22.7979,22.74,22.7979,289,0
XDJA.US,D,20220303,000000,22.6478,22.6478,22.6478,22.6478,148,0
XDJA.US,D,20220304,000000,22.56,22.56,22.42,22.4854,449,0
XDJA.US,D,20220307,000000,21.85,21.85,21.73,21.73,208,0
XDJA.US,D,20220308,000000,21.5843,21.5843,21.5843,21.5843,23,0
XDJA.US,D,20220309,000000,22.26,22.26,22.1555,22.1555,1498,0
XDJA.US,D,20220310,000000,22.0736,22.0736,22.0736,22.0736,20,0
XDJA.US,D,20220311,000000,21.7609,21.7609,21.7609,21.7609,23,0
XDJA.US,D,20220314,000000,21.7992,21.7992,21.53,21.5784,1299,0
XDJA.US,D,20220315,000000,21.91,22.0886,21.91,22.0886,180,0
XDJA.US,D,20220316,000000,22.5972,22.5972,22.5972,22.5972,23,0
XDJA.US,D,20220317,000000,22.82,22.97,22.82,22.9052,436,0
XDJA.US,D,20220318,000000,23.2299,23.2482,23.2299,23.2482,590,0
XDJA.US,D,20220321,000000,23.2218,23.2218,23.2218,23.2218,24,0
XDJA.US,D,20220322,000000,23.4,23.5113,23.4,23.5113,468,0
XDJA.US,D,20220323,000000,23.2276,23.2276,23.2276,23.2276,3,0
XDJA.US,D,20220324,000000,23.5567,23.5567,23.5567,23.5567,3,0
XDJA.US,D,20220325,000000,23.6835,23.6835,23.6835,23.6835,23,0
XDJA.US,D,20220328,000000,23.68,23.8581,23.68,23.8581,401,0
XDJA.US,D,20220329,000000,24.0701,24.173,24.07,24.173,316,0
XDJA.US,D,20220330,000000,24.0106,24.0106,24.0106,24.0106,43,0
XDJA.US,D,20220331,000000,23.79,23.8168,23.7074,23.7074,3623,0
XDJA.US,D,20220401,000000,23.7148,23.7148,23.7148,23.7148,23,0
XDJA.US,D,20220404,000000,23.916,23.916,23.916,23.916,23,0
XDJA.US,D,20220405,000000,23.6041,23.6041,23.6041,23.6041,121,0
XDJA.US,D,20220406,000000,23.31,23.3841,23.2501,23.3841,1958,0
XDJA.US,D,20220407,000000,23.4902,23.4902,23.4902,23.4902,56,0
XDJA.US,D,20220408,000000,23.5499,23.55,23.4052,23.4052,2737,0
XDJA.US,D,20220411,000000,23.129,23.129,22.9687,22.9687,465,0
XDJA.US,D,20220412,000000,22.8821,22.8821,22.8821,22.8821,26,0
XDJA.US,D,20220413,000000,23.1502,23.1502,23.1502,23.1502,23,0
XDJA.US,D,20220414,000000,23.08,23.08,22.8415,22.8415,894,0
XDJA.US,D,20220418,000000,22.7787,22.7787,22.7787,22.7787,64,0
XDJA.US,D,20220419,000000,23.2169,23.2169,23.2169,23.2169,23,0
XDJA.US,D,20220420,000000,23.255,23.255,23.2194,23.2194,356,0
XDJA.US,D,20220421,000000,22.8699,22.87,22.8383,22.8383,336,0
XDJA.US,D,20220422,000000,22.1419,22.1419,22.1419,22.1419,23,0
XDJA.US,D,20220425,000000,22.2573,22.2573,22.2573,22.2573,64,0
XDJA.US,D,20220426,000000,21.6019,21.6019,21.6019,21.6019,4,0
XDJA.US,D,20220427,000000,21.72,21.72,21.6183,21.6183,147,0
XDJA.US,D,20220428,000000,22.1811,22.1811,22.1811,22.1811,23,0
XDJA.US,D,20220429,000000,21.2848,21.2848,21.2848,21.2848,23,0
XDJA.US,D,20220502,000000,21.432,21.432,21.33,21.432,222,0
XDJA.US,D,20220503,000000,21.5526,21.5526,21.5526,21.5526,10,0
XDJA.US,D,20220504,000000,21.67,22.2655,21.54,22.2655,1206,0
XDJA.US,D,20220505,000000,21.3601,21.3601,21.3601,21.3601,10,0
XDJA.US,D,20220506,000000,21.28,21.28,21.262,21.262,450,0
XDJA.US,D,20220509,000000,20.5263,20.5263,20.5263,20.5263,25,0
XDJA.US,D,20220510,000000,20.5632,20.5632,20.5632,20.5632,61,0
XDJA.US,D,20220511,000000,20.7,20.7,20.1886,20.1886,159,0
XDJA.US,D,20220512,000000,20.01,20.176,20.01,20.125,627,0
XDJA.US,D,20220513,000000,20.6766,20.6766,20.6766,20.6766,10,0
XDJA.US,D,20220516,000000,20.6766,20.6766,20.5984,20.5984,134,0
XDJA.US,D,20220517,000000,21.0337,21.0337,21.0337,21.0337,50,0
XDJA.US,D,20220518,000000,20.1365,20.1365,20.1365,20.1365,10,0
XDJA.US,D,20220519,000000,20.025,20.18,20.02,20.0284,300,0
XDJA.US,D,20220520,000000,20.19,20.19,19.97,19.9986,400,0
XDJA.US,D,20220523,000000,20.2,20.4258,20.17,20.3991,981,0
XDJA.US,D,20220524,000000,20.2172,20.2172,20.2172,20.2172,10,0
XDJA.US,D,20220525,000000,20.6,20.6,20.4398,20.4398,2315,0
XDJA.US,D,20220526,000000,20.8895,20.8895,20.8895,20.8895,10,0
XDJA.US,D,20220527,000000,21.3795,21.4205,21.3795,21.4205,333,0
XDJA.US,D,20220531,000000,21.4356,21.4356,21.3008,21.3008,200,0
XDJA.US,D,20220601,000000,21.24,21.24,21.1368,21.1368,119,0
XDJA.US,D,20220602,000000,21.5407,21.5407,21.5407,21.5407,33,0
XDJA.US,D,20220603,000000,21.25,21.27,21.175,21.175,4100,0
XDJA.US,D,20220606,000000,21.2366,21.2366,21.2366,21.2366,10,0
XDJA.US,D,20220607,000000,21.4592,21.4592,21.4592,21.4592,6,0
XDJA.US,D,20220608,000000,21.1914,21.1914,21.1914,21.1914,47,0
XDJA.US,D,20220609,000000,20.6853,20.6853,20.6853,20.6853,45,0
XDJA.US,D,20220610,000000,20.12,20.12,20.0571,20.0571,150,0
XDJA.US,D,20220613,000000,19.2091,19.32,19.2091,19.2091,100,0
XDJA.US,D,20220614,000000,19.06,19.138,19.06,19.138,1205,0
XDJA.US,D,20220615,000000,19.18,19.48,19.18,19.4337,500,0
XDJA.US,D,20220616,000000,18.7039,18.747,18.7039,18.747,574,0
XDJA.US,D,20220617,000000,18.905,18.905,18.828,18.828,5148,0
XDJA.US,D,20220621,000000,19.2788,19.2788,19.2788,19.2788,242,0
XDJA.US,D,20220622,000000,19.2909,19.2909,19.2909,19.2909,95,0
XDJA.US,D,20220623,000000,19.4335,19.4335,19.4335,19.4335,36,0
XDJA.US,D,20220624,000000,19.95,20.0335,19.9001,20.0335,409,0
XDJA.US,D,20220627,000000,19.9689,19.9689,19.9689,19.9689,12,0
XDJA.US,D,20220628,000000,19.5768,19.5794,19.568,19.5794,541,0
XDJA.US,D,20220629,000000,19.566,19.566,19.566,19.566,2,0
XDJA.US,D,20220630,000000,19.2889,19.3321,19.2889,19.3321,211,0
XDJA.US,D,20220701,000000,19.5001,19.5704,19.5001,19.5704,103,0
XDJA.US,D,20220705,000000,19.5993,19.5993,19.5993,19.5993,132,0
XDJA.US,D,20220706,000000,19.6809,19.6809,19.6809,19.6809,2,0
XDJA.US,D,20220707,000000,20.002,20.002,20.002,20.002,59,0
XDJA.US,D,20220708,000000,20.05,20.05,19.9972,19.9972,2186,0
XDJA.US,D,20220711,000000,19.7185,19.7185,19.7185,19.7185,14,0
XDJA.US,D,20220712,000000,19.6828,19.6828,19.5555,19.5555,117,0
XDJA.US,D,20220713,000000,19.4852,19.4852,19.4852,19.4852,69,0
XDJA.US,D,20220714,000000,19.407,19.407,19.407,19.407,100,0
XDJA.US,D,20220715,000000,19.7999,19.8,19.767,19.767,1836,0
XDJA.US,D,20220718,000000,19.6127,19.6127,19.6127,19.6127,2,0
XDJA.US,D,20220719,000000,20.191,20.191,20.173,20.173,2001,0
XDJA.US,D,20220720,000000,20.2959,20.2959,20.2959,20.2959,2,0
XDJA.US,D,20220721,000000,20.4961,20.4961,20.4961,20.4961,2,0
XDJA.US,D,20220722,000000,20.3099,20.31,20.2936,20.2936,882,0
XDJA.US,D,20220725,000000,20.31,20.3272,20.28,20.3272,609,0
XDJA.US,D,20220726,000000,20.0999,20.0999,20.0999,20.0999,637,0
XDJA.US,D,20220727,000000,20.6589,20.6589,20.6589,20.6589,7,0
XDJA.US,D,20220728,000000,20.8915,20.9204,20.8915,20.898,854,0
XDJA.US,D,20220729,000000,21.045,21.2307,21.045,21.2307,1004,0
XDJA.US,D,20220801,000000,21.16,21.19,21.1561,21.1561,570,0
XDJA.US,D,20220802,000000,21.024,21.2,21.024,21.07,3610,0
XDJA.US,D,20220803,000000,21.3819,21.3819,21.3819,21.3819,84,0
XDJA.US,D,20220804,000000,21.385,21.385,21.3294,21.3294,382,0
XDJA.US,D,20220805,000000,21.2929,21.2929,21.2929,21.2929,84,0
XDJA.US,D,20220808,000000,21.2711,21.2711,21.2711,21.2711,140,0
XDJA.US,D,20220809,000000,21.1552,21.1552,21.1552,21.1552,22,0
XDJA.US,D,20220810,000000,21.6418,21.6418,21.6418,21.6418,84,0
XDJA.US,D,20220811,000000,21.6378,21.6378,21.6378,21.6378,84,0
XDJA.US,D,20220812,000000,22.0413,22.0413,22.0413,22.0413,84,0
XDJA.US,D,20220815,000000,22.1541,22.1541,22.1541,22.1541,9,0
XDJA.US,D,20220816,000000,22.208,22.208,22.208,22.208,153,0
XDJA.US,D,20220817,000000,22.0236,22.0236,22.0236,22.0236,61,0
XDJA.US,D,20220818,000000,22.0614,22.0614,22.0614,22.0614,36,0
XDJA.US,D,20220819,000000,21.7774,21.7774,21.7774,21.7774,312,0
XDJA.US,D,20220822,000000,21.3,21.3,21.2534,21.2534,3121,0
XDJA.US,D,20220823,000000,21.2148,21.2148,21.2148,21.2148,95,0
XDJA.US,D,20220824,000000,21.29,21.29,21.273,21.273,283,0
XDJA.US,D,20220825,000000,21.42,21.5599,21.42,21.5599,5219,0
XDJA.US,D,20220826,000000,20.8429,20.8429,20.8429,20.8429,95,0
XDJA.US,D,20220829,000000,20.81,20.81,20.6994,20.6994,232,0
XDJA.US,D,20220830,000000,20.4221,20.4221,20.4221,20.4221,75,0
XDJA.US,D,20220831,000000,20.35,20.35,20.3152,20.3152,181454,0
XDJA.US,D,20220901,000000,20.101,20.3143,20.101,20.3143,363,0
XDJA.US,D,20220902,000000,20.561,20.561,20.0977,20.0977,2692,0
XDJA.US,D,20220906,000000,20.015,20.015,20.015,20.015,12,0
XDJA.US,D,20220907,000000,20.4079,20.4079,20.4079,20.4079,51,0
XDJA.US,D,20220908,000000,20.4099,20.5305,20.335,20.5305,2180,0
XDJA.US,D,20220909,000000,20.9165,20.9165,20.8898,20.8898,760,0
XDJA.US,D,20220912,000000,21.104,21.104,21.104,21.104,189,0
XDJA.US,D,20220913,000000,20.9165,20.9165,20.1752,20.1752,51,0
XDJA.US,D,20220914,000000,20.2143,20.2143,20.2143,20.2143,18,0
XDJA.US,D,20220915,000000,20.01,20.01,20.01,20.01,31,0
XDJA.US,D,20220916,000000,19.675,19.8543,19.675,19.8543,348,0
XDJA.US,D,20220919,000000,19.9835,19.9835,19.9835,19.9835,87,0
XDJA.US,D,20220920,000000,19.7657,19.7657,19.7657,19.7657,51,0
XDJA.US,D,20220921,000000,19.57,19.57,19.4543,19.4543,3011,0
XDJA.US,D,20220922,000000,19.2834,19.2834,19.2834,19.2834,51,0
XDJA.US,D,20220923,000000,18.8843,18.8843,18.8843,18.8843,94,0
XDJA.US,D,20220926,000000,18.7492,18.7492,18.7492,18.7492,78,0
XDJA.US,D,20220927,000000,18.678,18.678,18.678,18.678,114,0
XDJA.US,D,20220928,000000,19.0845,19.0845,19.0845,19.0845,164,0
XDJA.US,D,20220929,000000,18.6446,18.6446,18.6446,18.6446,3,0
XDJA.US,D,20220930,000000,18.3802,18.3802,18.3802,18.3802,5,0
XDJA.US,D,20221003,000000,18.71,18.8331,18.71,18.8331,104331,0
XDJA.US,D,20221004,000000,19.3672,19.4138,19.355,19.4138,1819,0
XDJA.US,D,20221005,000000,19.415,19.415,19.365,19.3768,7516,0
XDJA.US,D,20221006,000000,19.1966,19.1966,19.1966,19.1966,3,0
XDJA.US,D,20221007,000000,18.6462,18.6462,18.6462,18.6462,78,0
XDJA.US,D,20221010,000000,18.5272,18.5272,18.5272,18.5272,78,0
XDJA.US,D,20221011,000000,18.3842,18.3842,18.3842,18.3842,74,0
XDJA.US,D,20221012,000000,18.3415,18.3415,18.3415,18.3415,14,0
XDJA.US,D,20221013,000000,18.8176,18.8176,18.8176,18.8176,78,0
XDJA.US,D,20221014,000000,18.362,18.362,18.362,18.362,78,0
XDJA.US,D,20221017,000000,18.8899,18.8899,18.8459,18.8459,290,0
XDJA.US,D,20221018,000000,18.97,19.09,18.951,19.0407,2824,0
XDJA.US,D,20221019,000000,18.9221,18.9221,18.9221,18.9221,78,0
XDJA.US,D,20221020,000000,18.7989,18.7989,18.7989,18.7989,78,0
XDJA.US,D,20221021,000000,19.2348,19.2348,19.2348,19.2348,78,0
XDJA.US,D,20221024,000000,19.49,19.49,19.455,19.455,288,0
XDJA.US,D,20221025,000000,19.778,19.778,19.778,19.778,78,0
XDJA.US,D,20221026,000000,19.82,19.82,19.6486,19.6486,948,0
XDJA.US,D,20221027,000000,19.5071,19.5071,19.5071,19.5071,7,0
XDJA.US,D,20221028,000000,20.04,20.04,20.0061,20.0061,1000,0
XDJA.US,D,20221031,000000,19.94,19.94,19.8557,19.8557,200,0
XDJA.US,D,20221101,000000,19.7883,19.7883,19.7883,19.7883,13,0
XDJA.US,D,20221102,000000,19.8999,19.9,19.2957,19.2957,1452,0
XDJA.US,D,20221103,000000,19.14,19.14,19.065,19.065,283,0
XDJA.US,D,20221104,000000,19.2998,19.2998,19.2998,19.2998,112,0
XDJA.US,D,20221107,000000,19.37,19.5089,19.37,19.5089,1000,0
XDJA.US,D,20221108,000000,19.6637,19.6637,19.6357,19.6357,169,0
XDJA.US,D,20221109,000000,19.2129,19.2129,19.2129,19.2129,600,0
XDJA.US,D,20221110,000000,20.2855,20.2855,20.2855,20.2855,600,0
XDJA.US,D,20221111,000000,20.4831,20.4831,20.4831,20.4831,600,0
XDJA.US,D,20221114,000000,20.47,20.47,20.3155,20.3155,636,0
XDJA.US,D,20221115,000000,20.4582,20.4582,20.4582,20.4582,600,0
XDJA.US,D,20221116,000000,20.3248,20.3248,20.3248,20.3248,600,0
XDJA.US,D,20221117,000000,20.2179,20.2179,20.2179,20.2179,600,0
XDJA.US,D,20221118,000000,20.3237,20.3237,20.3237,20.3237,600,0
XDJA.US,D,20221121,000000,20.277,20.277,20.277,20.277,600,0
XDJA.US,D,20221122,000000,20.5457,20.5457,20.5457,20.5457,600,0
XDJA.US,D,20221123,000000,20.6549,20.6549,20.6549,20.6549,600,0
XDJA.US,D,20221125,000000,20.658,20.658,20.658,20.658,600,0
XDJA.US,D,20221128,000000,20.3369,20.3369,20.3369,20.3369,4,0
XDJA.US,D,20221129,000000,20.3037,20.3037,20.3037,20.3037,600,0
XDJA.US,D,20221130,000000,20.9036,20.9036,20.9036,20.9036,600,0
XDJA.US,D,20221201,000000,20.9331,20.9331,20.9331,20.9331,600,0
XDJA.US,D,20221202,000000,20.9299,20.9299,20.896,20.896,105,0
XDJA.US,D,20221205,000000,20.62,20.62,20.48,20.5313,4485,0
XDJA.US,D,20221206,000000,20.2299,20.2299,20.2299,20.2299,600,0
XDJA.US,D,20221207,000000,20.2027,20.2027,20.2027,20.2027,600,0
XDJA.US,D,20221208,000000,20.36,20.36,20.3404,20.3404,151,0
XDJA.US,D,20221209,000000,20.335,20.335,20.2106,20.2106,213,0
XDJA.US,D,20221212,000000,20.4814,20.4814,20.4814,20.4814,600,0
XDJA.US,D,20221213,000000,20.654,20.654,20.5445,20.6462,396,0
XDJA.US,D,20221214,000000,20.5379,20.5379,20.5379,20.5379,600,0
XDJA.US,D,20221215,000000,19.9937,19.9937,19.9937,19.9937,600,0
XDJA.US,D,20221216,000000,19.8058,19.8058,19.8058,19.8058,600,0
XDJA.US,D,20221219,000000,19.65,19.65,19.602,19.602,1000,0
XDJA.US,D,20221220,000000,19.6292,19.6292,19.6292,19.6292,1,0
XDJA.US,D,20221221,000000,19.93,19.93,19.903,19.903,474,0
XDJA.US,D,20221222,000000,19.37,19.6129,19.37,19.6129,449,0
XDJA.US,D,20221223,000000,19.7355,19.7355,19.7355,19.7355,1,0
XDJA.US,D,20221227,000000,19.705,19.705,19.668,19.668,338,0
XDJA.US,D,20221228,000000,19.4336,19.4336,19.4336,19.4336,65,0
XDJA.US,D,20221229,000000,19.77,19.77,19.77,19.77,261,0
XDJA.US,D,20221230,000000,19.6699,19.6989,19.64,19.6989,2885,0
XDJA.US,D,20230103,000000,19.649,19.6682,19.649,19.6682,164,0
XDJA.US,D,20230104,000000,19.83,19.83,19.7902,19.7902,1086,0
XDJA.US,D,20230105,000000,19.6223,19.6223,19.6223,19.6223,37,0
XDJA.US,D,20230106,000000,19.95,20.0221,19.95,20.0221,108,0
XDJA.US,D,20230109,000000,20.19,20.19,20.0244,20.0244,510,0
XDJA.US,D,20230110,000000,20.1726,20.1726,20.1726,20.1726,129,0
XDJA.US,D,20230111,000000,20.382,20.382,20.382,20.382,372,0
XDJA.US,D,20230112,000000,20.39,20.5,20.39,20.4803,1044,0
XDJA.US,D,20230113,000000,20.4661,20.6007,20.4661,20.6007,4165,0
XDJA.US,D,20230117,000000,20.5831,20.5831,20.5831,20.5831,22,0
XDJA.US,D,20230118,000000,20.49,20.5,20.38,20.3988,277474,0
XDJA.US,D,20230119,000000,20.2799,20.2799,20.2799,20.2799,96,0
XDJA.US,D,20230120,000000,20.56,20.5998,20.56,20.5998,375,0
XDJA.US,D,20230123,000000,20.7516,20.9,20.7516,20.8046,4620,0
XDJA.US,D,20230124,000000,20.78,20.83,20.78,20.8286,1158,0
XDJA.US,D,20230125,000000,20.585,20.8437,20.585,20.8437,468,0
XDJA.US,D,20230126,000000,21.02,21.04,21.02,21.027,7713,0
XDJA.US,D,20230127,000000,21.05,21.0922,21.05,21.0922,434,0
XDJA.US,D,20230130,000000,21.01,21.01,20.8757,20.8907,526,0
XDJA.US,D,20230131,000000,21.05,21.1042,21.05,21.1042,837,0
XDJA.US,D,20230201,000000,21.32,21.4,21.25,21.2692,1717,0
XDJA.US,D,20230202,000000,21.52,21.52,21.38,21.4551,3178,0
XDJA.US,D,20230203,000000,21.359,21.359,21.3149,21.3149,682,0
XDJA.US,D,20230206,000000,21.2141,21.2141,21.2141,21.2141,42,0
XDJA.US,D,20230207,000000,21.4069,21.4069,21.4069,21.4069,10,0
XDJA.US,D,20230208,000000,21.195,21.2177,21.195,21.2177,255,0
XDJA.US,D,20230209,000000,21.09,21.09,21.0682,21.0682,186,0
XDJA.US,D,20230210,000000,21.09,21.1012,21.09,21.1012,246,0
XDJA.US,D,20230213,000000,21.2596,21.2596,21.2596,21.2596,30,0
XDJA.US,D,20230214,000000,21.22,21.3111,21.19,21.3111,1219,0
XDJA.US,D,20230215,000000,21.2601,21.3359,21.2601,21.3359,535,0
XDJA.US,D,20230216,000000,21.1439,21.1439,21.1439,21.1439,91,0
XDJA.US,D,20230217,000000,21.0154,21.0928,20.98,21.0928,4526,0
XDJA.US,D,20230221,000000,20.83,20.83,20.7701,20.7701,2038,0
XDJA.US,D,20230222,000000,20.785,20.8,20.7419,20.7419,1274,0
XDJA.US,D,20230223,000000,20.8502,20.8757,20.8502,20.8757,375,0
XDJA.US,D,20230224,000000,20.6446,20.6798,20.6446,20.6798,219,0
XDJA.US,D,20230227,000000,20.7522,20.7522,20.7522,20.7522,72,0
XDJA.US,D,20230228,000000,20.78,20.8275,20.7684,20.7684,411,0
XDJA.US,D,20230301,000000,20.6653,20.6653,20.6501,20.6501,1883,0
XDJA.US,D,20230302,000000,20.7769,20.7769,20.7769,20.7769,30,0
XDJA.US,D,20230303,000000,21.0452,21.0452,21.0452,21.0452,91,0
XDJA.US,D,20230306,000000,21.1,21.1,21.07,21.07,218,0
XDJA.US,D,20230307,000000,20.8143,20.8143,20.8143,20.8143,185,0
XDJA.US,D,20230308,000000,20.81,20.83,20.81,20.82,10771,0
XDJA.US,D,20230309,000000,20.89,20.89,20.5046,20.5046,1831,0
XDJA.US,D,20230310,000000,20.29,20.2999,20.2288,20.2288,3294,0
XDJA.US,D,20230313,000000,20.02,20.44,20.02,20.227,2372,0
XDJA.US,D,20230314,000000,20.65,20.65,20.5207,20.5207,273,0
XDJA.US,D,20230315,000000,20.42,20.42,20.3474,20.3474,586,0
XDJA.US,D,20230316,000000,20.6984,20.6984,20.6984,20.6984,42,0
XDJA.US,D,20230317,000000,20.58,20.58,20.48,20.48,1420,0
XDJA.US,D,20230320,000000,20.63,20.6759,20.63,20.6759,344,0
XDJA.US,D,20230321,000000,20.81,20.9228,20.77,20.9228,831,0
XDJA.US,D,20230322,000000,21.0041,21.0041,20.691,20.691,1913,0
XDJA.US,D,20230323,000000,20.6956,20.6956,20.6956,20.6956,16,0
XDJA.US,D,20230324,000000,20.6801,20.81,20.6801,20.7633,1062,0
XDJA.US,D,20230327,000000,20.91,20.91,20.8489,20.8489,259,0
XDJA.US,D,20230328,000000,20.8168,20.8168,20.8168,20.8168,27,0
XDJA.US,D,20230329,000000,21.0646,21.0646,21.0646,21.0646,13,0
XDJA.US,D,20230330,000000,21.08,21.1349,21.08,21.1349,678,0
XDJA.US,D,20230331,000000,21.2503,21.3777,21.2503,21.3777,227,0
XDJA.US,D,20230403,000000,21.4617,21.4617,21.4617,21.4617,91,0
XDJA.US,D,20230404,000000,21.33,21.3725,21.33,21.3725,191,0
XDJA.US,D,20230405,000000,21.37,21.37,21.3106,21.3422,1722,0
XDJA.US,D,20230406,000000,21.38,21.4103,21.38,21.4103,282,0
XDJA.US,D,20230410,000000,21.46,21.46,21.4162,21.4162,1371,0
XDJA.US,D,20230411,000000,21.53,21.53,21.4394,21.4394,214,0
XDJA.US,D,20230412,000000,21.48,21.48,21.3787,21.3787,803,0
XDJA.US,D,20230413,000000,21.56,21.5994,21.56,21.5994,139,0
XDJA.US,D,20230414,000000,21.5448,21.5902,21.5448,21.5902,324,0
XDJA.US,D,20230417,000000,21.6711,21.6711,21.6711,21.6711,158,0
XDJA.US,D,20230418,000000,21.67,21.7091,21.67,21.7091,291,0
XDJA.US,D,20230419,000000,21.7047,21.7048,21.7047,21.7048,169,0
XDJA.US,D,20230420,000000,21.6186,21.6186,21.6186,21.6186,134,0
XDJA.US,D,20230421,000000,21.6448,21.6448,21.6448,21.6448,70,0
XDJA.US,D,20230424,000000,21.6616,21.6616,21.6616,21.6616,53,0
XDJA.US,D,20230425,000000,21.4069,21.4069,21.386,21.386,213,0
XDJA.US,D,20230426,000000,21.3466,21.3466,21.3466,21.3466,99,0
XDJA.US,D,20230427,000000,21.4,21.6525,21.4,21.6525,13154,0
XDJA.US,D,20230428,000000,21.7529,21.82,21.73,21.7911,51354,0
XDJA.US,D,20230501,000000,21.8418,21.9,21.8217,21.8217,59094,0
XDJA.US,D,20230502,000000,21.74,21.74,21.61,21.633,2326,0
XDJA.US,D,20230503,000000,21.57,21.57,21.508,21.508,300,0
XDJA.US,D,20230504,000000,21.36,21.36,21.3585,21.3585,120,0
XDJA.US,D,20230505,000000,21.64,21.79,21.64,21.6932,3019,0
XDJA.US,D,20230508,000000,21.6899,21.74,21.685,21.7202,1733,0
XDJA.US,D,20230509,000000,21.6569,21.6569,21.6569,21.6569,61,0
XDJA.US,D,20230510,000000,21.7452,21.7452,21.7452,21.7452,77,0
XDJA.US,D,20230511,000000,21.68,21.7389,21.68,21.7389,1772,0
XDJA.US,D,20230512,000000,21.645,21.73,21.645,21.7252,175509,0
XDJA.US,D,20230515,000000,21.79,21.8,21.75,21.7932,14123,0
XDJA.US,D,20230516,000000,21.7051,21.7051,21.7051,21.7051,116,0
XDJA.US,D,20230517,000000,21.83,21.98,21.82,21.978,2669,0
XDJA.US,D,20230518,000000,22.03,22.0698,21.98,22.0698,874,0
XDJA.US,D,20230519,000000,22.0354,22.09,22.0354,22.0533,368,0
XDJA.US,D,20230522,000000,22.0764,22.0764,22.055,22.055,342,0
XDJA.US,D,20230523,000000,22.03,22.03,21.86,21.895,4688,0
XDJA.US,D,20230524,000000,21.8,21.8,21.765,21.765,959,0
XDJA.US,D,20230525,000000,21.9107,21.9107,21.9107,21.9107,47,0
XDJA.US,D,20230526,000000,22.1345,22.1345,22.1345,22.1345,87,0
XDJA.US,D,20230530,000000,22.13,22.13,22.13,22.13,1341,0
XDJA.US,D,20230531,000000,22,22.0733,22,22.0733,732,0
XDJA.US,D,20230601,000000,22.16,22.24,22.16,22.2317,9427,0
XDJA.US,D,20230602,000000,22.41,22.469,22.39,22.469,24404,0
XDJA.US,D,20230605,000000,22.4518,22.51,22.4415,22.4415,3071,0
XDJA.US,D,20230606,000000,22.47,22.5177,22.42,22.5177,4383,0
XDJA.US,D,20230607,000000,22.45,22.4805,22.45,22.4805,100,0
XDJA.US,D,20230608,000000,22.56,22.5735,22.54,22.5735,1272,0
XDJA.US,D,20230609,000000,22.6097,22.6097,22.6024,22.6024,104,0
XDJA.US,D,20230612,000000,22.7022,22.7022,22.7022,22.7022,757,0
XDJA.US,D,20230613,000000,22.7595,22.82,22.71,22.7753,26235,0
XDJA.US,D,20230614,000000,22.76,22.7983,22.74,22.7803,42270,0
XDJA.US,D,20230615,000000,22.83,22.8979,22.83,22.8979,354,0
XDJA.US,D,20230616,000000,22.9399,22.9399,22.8766,22.8766,358,0
XDJA.US,D,20230620,000000,22.8001,22.84,22.79,22.8247,4748,0
XDJA.US,D,20230621,000000,22.8,22.87,22.7997,22.7997,5833,0
XDJA.US,D,20230622,000000,22.79,22.8495,22.79,22.8474,2039,0
XDJA.US,D,20230623,000000,22.79,22.7902,22.79,22.7902,169,0
XDJA.US,D,20230626,000000,22.8004,22.84,22.7589,22.7589,1598,0
XDJA.US,D,20230627,000000,22.9,22.94,22.9,22.9046,3732,0
XDJA.US,D,20230628,000000,22.9194,22.9194,22.9194,22.9194,160,0
XDJA.US,D,20230629,000000,23,23.0099,22.96,22.9663,1456,0
XDJA.US,D,20230630,000000,23.1166,23.1166,23.1112,23.1112,298,0
XDJA.US,D,20230703,000000,23.1087,23.1087,23.1087,23.1087,25,0
XDJA.US,D,20230705,000000,23.1005,23.12,23.067,23.0797,1927,0
XDJA.US,D,20230706,000000,22.92,23.02,22.92,22.9779,5234,0
XDJA.US,D,20230707,000000,23.08,23.08,22.9716,22.9716,181,0
XDJA.US,D,20230710,000000,23.0009,23.0009,23.0009,23.0009,71,0
XDJA.US,D,20230711,000000,23.13,23.13,23.085,23.0956,3563,0
XDJA.US,D,20230712,000000,23.22,23.22,23.17,23.2005,625,0
XDJA.US,D,20230713,000000,23.3,23.32,23.2766,23.2766,847,0
XDJA.US,D,20230714,000000,23.275,23.275,23.2716,23.2716,562,0
XDJA.US,D,20230717,000000,23.32,23.32,23.3098,23.3098,124,0
XDJA.US,D,20230718,000000,23.38,23.38,23.32,23.3623,820,0
XDJA.US,D,20230719,000000,23.3646,23.3646,23.3646,23.3646,22,0
XDJA.US,D,20230720,000000,23.31,23.36,23.31,23.3162,3576,0
XDJA.US,D,20230721,000000,23.35,23.35,23.35,23.35,1801,0
XDJA.US,D,20230724,000000,23.37,23.3841,23.37,23.3841,1109,0
XDJA.US,D,20230725,000000,23.4,23.4,23.4,23.4,311,0
XDJA.US,D,20230726,000000,23.4098,23.4098,23.4098,23.4098,35,0
XDJA.US,D,20230727,000000,23.3644,23.3644,23.346,23.346,232,0
XDJA.US,D,20230728,000000,23.4513,23.4513,23.45,23.45,769,0
XDJA.US,D,20230731,000000,23.4706,23.4706,23.4,23.4474,1679,0
XDJA.US,D,20230801,000000,23.398,23.398,23.398,23.398,164,0
XDJA.US,D,20230802,000000,23.23,23.27,23.23,23.252,1781,0
XDJA.US,D,20230803,000000,23.26,23.2659,23.26,23.2659,1268,0
XDJA.US,D,20230804,000000,23.32,23.32,23.2019,23.2019,613,0
XDJA.US,D,20230807,000000,23.285,23.2982,23.285,23.2982,229,0
XDJA.US,D,20230808,000000,23.2,23.2799,23.2,23.2727,608,0
XDJA.US,D,20230809,000000,23.26,23.26,23.2399,23.2399,240648,0
XDJA.US,D,20230810,000000,23.31,23.33,23.2301,23.2301,15300,0
XDJA.US,D,20230811,000000,23.2301,23.2594,23.2301,23.2594,350,0
XDJA.US,D,20230814,000000,23.3029,23.3333,23.3029,23.3333,448,0
XDJA.US,D,20230815,000000,23.24,23.25,23.175,23.183,8785,0
XDJA.US,D,20230816,000000,23.21,23.21,23.1003,23.1003,839,0
XDJA.US,D,20230817,000000,23.11,23.12,22.9837,22.9837,1353,0
XDJA.US,D,20230818,000000,22.94,22.9793,22.94,22.9793,912,0
XDJA.US,D,20230821,000000,22.98,23.0924,22.98,23.0924,336,0
XDJA.US,D,20230822,000000,23.13,23.1487,23.0757,23.0757,7153,0
XDJA.US,D,20230823,000000,23.23,23.2421,23.23,23.232,1276,0
XDJA.US,D,20230824,000000,23.15,23.16,23.0607,23.0607,607,0
XDJA.US,D,20230825,000000,23.19,23.208,23.19,23.208,223,0
XDJA.US,D,20230828,000000,23.255,23.2987,23.255,23.2987,200,0
XDJA.US,D,20230829,000000,23.29,23.49,23.29,23.4507,342,0
XDJA.US,D,20230830,000000,23.49,23.5094,23.46,23.5094,870,0
XDJA.US,D,20230831,000000,23.523,23.523,23.523,23.523,88,0
XDJA.US,D,20230901,000000,23.55,23.59,23.52,23.5603,5580,0
XDJA.US,D,20230905,000000,23.48,23.58,23.48,23.5369,2017,0
XDJA.US,D,20230906,000000,23.495,23.495,23.4559,23.4559,426,0
XDJA.US,D,20230907,000000,23.438,23.438,23.438,23.438,57,0
XDJA.US,D,20230908,000000,23.44,23.53,23.44,23.4757,6228,0
XDJA.US,D,20230911,000000,23.49,23.58,23.48,23.5611,6163,0
XDJA.US,D,20230912,000000,23.5568,23.5568,23.52,23.52,635,0
XDJA.US,D,20230913,000000,23.5498,23.5498,23.5498,23.5498,57,0
XDJA.US,D,20230914,000000,23.69,23.69,23.69,23.69,558,0
XDJA.US,D,20230915,000000,23.5371,23.5371,23.5371,23.5371,76,0
XDJA.US,D,20230918,000000,23.5501,23.5501,23.5501,23.5501,57,0
XDJA.US,D,20230919,000000,23.5398,23.5398,23.5398,23.5398,2,0
XDJA.US,D,20230920,000000,23.5704,23.5704,23.4376,23.4376,302,0
XDJA.US,D,20230921,000000,23.196,23.196,23.196,23.196,57,0
XDJA.US,D,20230922,000000,23.1576,23.1576,23.1576,23.1576,30,0
XDJA.US,D,20230925,000000,23.1987,23.1987,23.1987,23.1987,57,0
XDJA.US,D,20230926,000000,22.926,22.926,22.926,22.926,57,0
XDJA.US,D,20230927,000000,22.95,22.96,22.95,22.9586,179845,0
XDJA.US,D,20230928,000000,23.09,23.0976,23.09,23.0976,1186,0
XDJA.US,D,20230929,000000,23.0684,23.0684,23.0684,23.0684,32,0
XDJA.US,D,20231002,000000,22.9616,23.0557,22.9616,23.0557,987,0
XDJA.US,D,20231003,000000,22.87,22.975,22.7581,22.7581,5039,0
XDJA.US,D,20231004,000000,22.82,22.9585,22.82,22.9585,893,0
XDJA.US,D,20231005,000000,22.9353,22.9353,22.9353,22.9353,1,0
XDJA.US,D,20231006,000000,23.1786,23.1786,23.1786,23.1786,19,0
XDJA.US,D,20231009,000000,23.265,23.265,23.265,23.265,6,0
XDJA.US,D,20231010,000000,23.39,23.39,23.39,23.39,25,0
XDJA.US,D,20231011,000000,23.34,23.4649,23.34,23.4649,328,0
XDJA.US,D,20231012,000000,23.44,23.44,23.3902,23.3902,5004,0
XDJA.US,D,20231013,000000,23.2528,23.2528,23.2528,23.2528,23,0
XDJA.US,D,20231016,000000,23.4842,23.4842,23.4842,23.4842,31,0
XDJA.US,D,20231017,000000,23.4549,23.4549,23.4549,23.4549,57,0
XDJA.US,D,20231018,000000,23.2316,23.2316,23.2316,23.2316,2,0
XDJA.US,D,20231019,000000,23.1136,23.1136,23.0791,23.0791,563,0
XDJA.US,D,20231020,000000,22.9699,23.04,22.8425,22.8425,1706,0
XDJA.US,D,20231023,000000,23.0136,23.0136,22.8621,22.8621,2510,0
XDJA.US,D,20231024,000000,22.985,23.04,22.8953,23.0234,750,0
XDJA.US,D,20231025,000000,22.7142,22.7142,22.7142,22.7142,57,0
XDJA.US,D,20231026,000000,22.55,22.61,22.428,22.428,1533,0
XDJA.US,D,20231027,000000,22.52,22.52,22.2442,22.2442,545,0
XDJA.US,D,20231030,000000,22.6203,22.6203,22.6203,22.6203,72,0
XDJA.US,D,20231031,000000,22.6417,22.8302,22.6417,22.8302,1012,0
XDJA.US,D,20231101,000000,22.905,23.1084,22.905,23.1084,539,0
XDJA.US,D,20231102,000000,23.54,23.54,23.5264,23.5264,215,0
XDJA.US,D,20231103,000000,23.7039,23.7039,23.7039,23.7039,21,0
XDJA.US,D,20231106,000000,23.75,23.75,23.735,23.747,605,0
XDJA.US,D,20231107,000000,23.81,23.81,23.7988,23.7988,451,0
XDJA.US,D,20231108,000000,23.88,23.88,23.81,23.8131,805,0
XDJA.US,D,20231109,000000,23.75,23.75,23.7093,23.7093,1700,0
XDJA.US,D,20231110,000000,23.7741,23.9569,23.7741,23.9569,322,0
XDJA.US,D,20231113,000000,23.955,23.955,23.955,23.955,64,0
XDJA.US,D,20231114,000000,24.145,24.145,24.135,24.137,314,0
XDJA.US,D,20231115,000000,24.15,24.15,24.15,24.15,181,0
XDJA.US,D,20231116,000000,24.19,24.19,24.175,24.1869,774,0
XDJA.US,D,20231117,000000,24.22,24.23,24.15,24.215,3361,0
XDJA.US,D,20231120,000000,24.22,24.2654,24.22,24.2654,1194,0
XDJA.US,D,20231121,000000,24.2461,24.2461,24.2461,24.2461,38,0
XDJA.US,D,20231122,000000,24.31,24.31,24.2568,24.2568,845,0
XDJA.US,D,20231124,000000,24.2752,24.2752,24.2752,24.2752,1,0
XDJA.US,D,20231127,000000,24.34,24.34,24.2838,24.2838,1371,0
XDJA.US,D,20231128,000000,24.2851,24.295,24.2851,24.295,700,0
XDJA.US,D,20231129,000000,24.3,24.31,24.28,24.305,6223,0
XDJA.US,D,20231130,000000,24.3106,24.3106,24.3106,24.3106,17,0
XDJA.US,D,20231201,000000,24.32,24.3405,24.31,24.3405,2317,0
XDJA.US,D,20231204,000000,24.315,24.315,24.315,24.315,18,0
XDJA.US,D,20231205,000000,24.4,24.4,24.3451,24.3451,286,0
XDJA.US,D,20231206,000000,24.3101,24.3752,24.3101,24.3752,346,0
XDJA.US,D,20231207,000000,24.42,24.42,24.37,24.395,2714,0
XDJA.US,D,20231208,000000,24.38,24.44,24.36,24.3898,2590,0
XDJA.US,D,20231211,000000,24.4,24.4,24.4,24.4,78,0
XDJA.US,D,20231212,000000,24.41,24.41,24.4098,24.4098,243,0
XDJA.US,D,20231213,000000,24.45,24.45,24.4434,24.4434,349,0
XDJA.US,D,20231214,000000,24.415,24.415,24.415,24.415,9,0
XDJA.US,D,20231215,000000,24.4298,24.4298,24.4298,24.4298,45,0
XDJA.US,D,20231218,000000,24.4,24.435,24.4,24.435,343,0
XDJA.US,D,20231219,000000,24.51,24.51,24.435,24.435,110,0
XDJA.US,D,20231220,000000,24.4399,24.4399,24.4399,24.4399,36,0
XDJA.US,D,20231221,000000,24.445,24.445,24.445,24.445,36,0
XDJA.US,D,20231222,000000,24.46,24.46,24.46,24.46,36,0
XDJA.US,D,20231226,000000,24.465,24.465,24.465,24.465,193,0
XDJA.US,D,20231227,000000,24.4201,24.47,24.4201,24.47,194,0
XDJA.US,D,20231228,000000,24.5187,24.5187,24.475,24.475,2250,0
XDJA.US,D,20231229,000000,24.53,24.53,24.49,24.49,1793,0
XDJA.US,D,20240102,000000,24.3726,24.42,24.3726,24.3991,2956,0
XDJA.US,D,20240103,000000,24.27,24.34,24.25,24.27,17867,0
XDJA.US,D,20240104,000000,24.177,24.177,24.177,24.177,166,0
XDJA.US,D,20240105,000000,24.19,24.29,24.1211,24.2318,21075,0
XDJA.US,D,20240108,000000,24.25,24.5314,24.25,24.5314,924,0
XDJA.US,D,20240109,000000,24.34,24.5124,24.34,24.5124,1875,0
XDJA.US,D,20240110,000000,24.48,24.6374,24.48,24.6374,680,0
XDJA.US,D,20240111,000000,24.63,24.634,24.5178,24.634,3017,0
XDJA.US,D,20240112,000000,24.661,24.7,24.6094,24.663,4603,0
XDJA.US,D,20240116,000000,24.6574,24.6574,24.54,24.54,1233,0
XDJA.US,D,20240117,000000,24.4,24.44,24.4,24.44,604,0
XDJA.US,D,20240118,000000,24.63,24.63,24.63,24.63,393,0
XDJA.US,D,20240119,000000,24.85,24.9584,24.85,24.88,5270,0
XDJA.US,D,20240122,000000,24.9752,24.9851,24.9752,24.9851,402,0
XDJA.US,D,20240123,000000,24.95,25.0489,24.95,25.0489,1914,0
XDJA.US,D,20240124,000000,25.1089,25.1089,25.0569,25.0569,385,0
XDJA.US,D,20240125,000000,25.123,25.123,25.123,25.123,2,0
XDJA.US,D,20240126,000000,25.17,25.2099,25.1217,25.1217,817,0
XDJA.US,D,20240129,000000,25.18,25.2299,25.18,25.2299,557,0
XDJA.US,D,20240130,000000,25.2107,25.2107,25.2107,25.2107,39,0
XDJA.US,D,20240131,000000,24.9473,24.9473,24.9473,24.9473,34,0
XDJA.US,D,20240201,000000,25.13,25.15,25.13,25.1413,510,0
XDJA.US,D,20240202,000000,25.28,25.37,25.25,25.3318,13998,0
XDJA.US,D,20240205,000000,25.31,25.31,25.26,25.2938,1020,0
XDJA.US,D,20240206,000000,25.2881,25.3275,25.2881,25.3275,714,0
XDJA.US,D,20240207,000000,25.36,25.4585,25.36,25.4585,253,0
XDJA.US,D,20240208,000000,25.4881,25.4881,25.4619,25.4619,656,0
XDJA.US,D,20240209,000000,25.49,25.5492,25.49,25.5492,500,0
XDJA.US,D,20240212,000000,25.5318,25.5318,25.5318,25.5318,43,0
XDJA.US,D,20240213,000000,25.267,25.2761,25.165,25.2761,1809,0
XDJA.US,D,20240214,000000,25.4192,25.4599,25.4192,25.4599,364,0
XDJA.US,D,20240215,000000,25.5464,25.5464,25.5464,25.5464,111,0
XDJA.US,D,20240216,000000,25.44,25.4738,25.44,25.4738,192,0
XDJA.US,D,20240220,000000,25.3728,25.3728,25.3728,25.3728,95,0
XDJA.US,D,20240221,000000,25.4237,25.4237,25.4237,25.4237,42,0
XDJA.US,D,20240222,000000,25.7321,25.7321,25.7321,25.7321,20,0
XDJA.US,D,20240223,000000,25.7893,25.7893,25.7593,25.7593,270,0
XDJA.US,D,20240226,000000,25.78,25.78,25.7093,25.7093,6393,0
XDJA.US,D,20240227,000000,25.7319,25.7425,25.7319,25.7425,250,0
XDJA.US,D,20240228,000000,25.703,25.703,25.703,25.703,20,0
XDJA.US,D,20240229,000000,25.8,25.8,25.7999,25.7999,6602,0
XDJA.US,D,20240301,000000,25.73,25.9192,25.73,25.8857,2131,0
XDJA.US,D,20240304,000000,25.9,25.91,25.8561,25.8561,6999,0
XDJA.US,D,20240305,000000,25.7048,25.7048,25.7048,25.7048,20,0
XDJA.US,D,20240306,000000,25.7802,25.7802,25.7802,25.7802,81,0
XDJA.US,D,20240307,000000,25.8665,25.9072,25.8665,25.9072,229,0
XDJA.US,D,20240308,000000,25.99,25.99,25.8202,25.8202,13863,0
XDJA.US,D,20240311,000000,25.795,25.8133,25.7916,25.7916,856,0
XDJA.US,D,20240312,000000,25.9692,25.99,25.93,25.9687,2187,0
XDJA.US,D,20240313,000000,26.05,26.05,25.9433,25.9433,1717,0
XDJA.US,D,20240314,000000,25.92,25.92,25.92,25.92,399,0
XDJA.US,D,20240315,000000,25.84,25.84,25.78,25.78,1625,0
XDJA.US,D,20240318,000000,25.905,25.905,25.905,25.905,245,0
XDJA.US,D,20240319,000000,25.9984,25.9984,25.9984,25.9984,100,0
XDJA.US,D,20240320,000000,26.1143,26.1143,26.1143,26.1143,28,0
XDJA.US,D,20240321,000000,26.1712,26.1712,26.1659,26.1659,178,0
XDJA.US,D,20240322,000000,26.1416,26.2,26.14,26.1725,9390,0
XDJA.US,D,20240325,000000,26.164,26.164,26.1157,26.1157,840,0
XDJA.US,D,20240326,000000,26.1107,26.1107,26.1107,26.1107,5,0
XDJA.US,D,20240327,000000,26.2241,26.2241,26.2241,26.2241,90,0
XDJA.US,D,20240328,000000,26.1901,26.28,26.1901,26.2418,1553,0
XDJA.US,D,20240401,000000,26.16,26.2021,26.16,26.2021,2075,0
XDJA.US,D,20240402,000000,26.1043,26.1043,26.1043,26.1043,90,0
XDJA.US,D,20240403,000000,26.123,26.123,26.123,26.123,2,0
XDJA.US,D,20240404,000000,25.9481,25.9481,25.9481,25.9481,4,0
XDJA.US,D,20240405,000000,26.0946,26.0946,26.0946,26.0946,936,0
XDJA.US,D,20240408,000000,26.1057,26.1057,26.1057,26.1057,25,0
XDJA.US,D,20240409,000000,26.09,26.119,26.09,26.119,178,0
XDJA.US,D,20240410,000000,26.0258,26.04,25.91,25.9985,80085,0
XDJA.US,D,20240411,000000,25.9442,26.1042,25.9442,26.1042,186,0
XDJA.US,D,20240412,000000,25.93,25.93,25.8616,25.8616,1573,0
XDJA.US,D,20240415,000000,25.68,25.68,25.6734,25.6734,2100,0
XDJA.US,D,20240416,000000,25.6594,25.7,25.6594,25.6684,1225,0
XDJA.US,D,20240417,000000,25.5889,25.5922,25.5889,25.5922,632,0
XDJA.US,D,20240418,000000,25.68,25.68,25.5432,25.5432,7309,0
XDJA.US,D,20240419,000000,25.4401,25.4401,25.4401,25.4401,400,0
XDJA.US,D,20240422,000000,25.5972,25.5972,25.5972,25.5972,24,0
XDJA.US,D,20240423,000000,25.8223,25.8223,25.8223,25.8223,24,0
XDJA.US,D,20240424,000000,25.7701,25.8584,25.7701,25.8584,241,0
XDJA.US,D,20240425,000000,25.56,25.79,25.56,25.766,4262,0
XDJA.US,D,20240426,000000,25.9497,25.9497,25.9497,25.9497,80,0
XDJA.US,D,20240429,000000,25.9975,25.9975,25.9975,25.9975,67,0
XDJA.US,D,20240430,000000,25.76,25.76,25.76,25.76,142,0
XDJA.US,D,20240501,000000,25.7079,25.7079,25.7079,25.7079,4,0
XDJA.US,D,20240502,000000,25.73,25.8367,25.73,25.8367,1198,0
XDJA.US,D,20240503,000000,26.0878,26.0878,26.0878,26.0878,3,0
XDJA.US,D,20240506,000000,26.2459,26.2459,26.2459,26.2459,1,0
XDJA.US,D,20240507,000000,26.275,26.275,26.27,26.27,1266,0
XDJA.US,D,20240508,000000,26.307,26.307,26.307,26.307,1,0
XDJA.US,D,20240509,000000,26.386,26.386,26.386,26.386,1,0
XDJA.US,D,20240510,000000,26.4,26.4367,26.4,26.4367,196,0
XDJA.US,D,20240513,000000,26.44,26.44,26.4259,26.4259,171,0
XDJA.US,D,20240514,000000,26.41,26.5156,26.41,26.5156,336,0
XDJA.US,D,20240515,000000,26.6855,26.6855,26.6855,26.6855,26,0
XDJA.US,D,20240516,000000,26.6701,26.6701,26.67,26.67,261,0
XDJA.US,D,20240517,000000,26.6788,26.6873,26.6788,26.6873,151,0
XDJA.US,D,20240520,000000,26.7,26.7105,26.7,26.7105,598,0
XDJA.US,D,20240521,000000,26.76,26.7625,26.76,26.7625,281,0
XDJA.US,D,20240522,000000,26.7184,26.7184,26.7184,26.7184,80,0
XDJA.US,D,20240523,000000,26.6352,26.6352,26.6352,26.6352,80,0
XDJA.US,D,20240524,000000,26.7461,26.7461,26.7461,26.7461,85,0
XDJA.US,D,20240528,000000,26.75,26.75,26.7434,26.7434,141,0
XDJA.US,D,20240529,000000,26.6555,26.6555,26.6555,26.6555,80,0
XDJA.US,D,20240530,000000,26.5858,26.5858,26.5858,26.5858,80,0
XDJA.US,D,20240531,000000,26.5542,26.7111,26.5542,26.7111,1493,0
XDJA.US,D,20240603,000000,26.72,26.75,26.72,26.7249,2092,0
XDJA.US,D,20240604,000000,26.7454,26.7454,26.7454,26.7454,98,0
XDJA.US,D,20240605,000000,26.8766,26.8766,26.8766,26.8766,150,0
XDJA.US,D,20240606,000000,26.8811,26.8811,26.8811,26.8811,42,0
XDJA.US,D,20240607,000000,26.8873,26.8873,26.8873,26.8873,1,0
XDJA.US,D,20240610,000000,26.9106,26.9106,26.9106,26.9106,27,0
XDJA.US,D,20240611,000000,26.938,26.938,26.938,26.938,80,0
XDJA.US,D,20240612,000000,27.1,27.1,27.0569,27.0569,164,0
XDJA.US,D,20240613,000000,27.08,27.08,27.06,27.072,530,0
XDJA.US,D,20240614,000000,27.04,27.04,27.04,27.04,85,0
XDJA.US,D,20240617,000000,27.08,27.1281,27.08,27.1059,263,0
XDJA.US,D,20240618,000000,27.17,27.17,27.15,27.17,3241,0
XDJA.US,D,20240620,000000,27.0893,27.0893,27.0893,27.0893,41,0
XDJA.US,D,20240621,000000,27.05,27.0911,27.05,27.0911,855,0
XDJA.US,D,20240624,000000,27.15,27.16,27.06,27.0671,3519,0
XDJA.US,D,20240625,000000,27.07,27.1178,27.07,27.1178,10102,0
XDJA.US,D,20240626,000000,27.1217,27.1656,27.12,27.1476,2166,0
XDJA.US,D,20240627,000000,27.1547,27.1547,27.1547,27.1547,21,0
XDJA.US,D,20240628,000000,27.148,27.148,27.148,27.148,9,0
XDJA.US,D,20240701,000000,27.1347,27.1889,27.1347,27.1889,472,0
XDJA.US,D,20240702,000000,27.21,27.239,27.19,27.239,301,0
XDJA.US,D,20240703,000000,27.2793,27.2793,27.2793,27.2793,3,0
XDJA.US,D,20240705,000000,27.32,27.33,27.28,27.3203,14691,0
XDJA.US,D,20240708,000000,27.3368,27.3368,27.3368,27.3368,1,0
XDJA.US,D,20240709,000000,27.3709,27.3709,27.34,27.34,728,0
XDJA.US,D,20240710,000000,27.4,27.4,27.4,27.4,1,0
XDJA.US,D,20240711,000000,27.35,27.3596,27.33,27.3596,1256,0
XDJA.US,D,20240712,000000,27.39,27.4109,27.39,27.4109,100,0
XDJA.US,D,20240715,000000,27.4203,27.4203,27.4203,27.4203,84,0
XDJA.US,D,20240716,000000,27.4308,27.4598,27.4308,27.4598,397,0
XDJA.US,D,20240717,000000,27.3573,27.3573,27.3573,27.3573,8,0
XDJA.US,D,20240718,000000,27.29,27.29,27.2897,27.2897,678,0
XDJA.US,D,20240719,000000,27.21,27.25,27.21,27.2324,2077,0
XDJA.US,D,20240722,000000,27.3551,27.3551,27.3551,27.3551,2,0
XDJA.US,D,20240723,000000,27.3453,27.3453,27.3453,27.3453,14,0
XDJA.US,D,20240724,000000,27.215,27.215,27.0878,27.0878,1439,0
XDJA.US,D,20240725,000000,27.0587,27.0587,27.0587,27.0587,2,0
XDJA.US,D,20240726,000000,27.1489,27.186,27.1489,27.186,712,0
XDJA.US,D,20240729,000000,27.228,27.228,27.228,27.228,2,0
XDJA.US,D,20240730,000000,27.14,27.183,27.14,27.183,3341,0
XDJA.US,D,20240731,000000,27.3299,27.3299,27.3299,27.3299,2,0
XDJA.US,D,20240801,000000,27.18,27.22,27.1461,27.1461,1915,0
XDJA.US,D,20240802,000000,26.8112,26.8112,26.8112,26.8112,9,0
XDJA.US,D,20240805,000000,25.75,26.16,25.72,26.1562,9703,0
XDJA.US,D,20240806,000000,26.43,26.675,26.23,26.5579,2256,0
XDJA.US,D,20240807,000000,26.78,26.805,26.4214,26.4214,900,0
XDJA.US,D,20240808,000000,26.66,26.8,26.66,26.7633,1352,0
XDJA.US,D,20240809,000000,26.9369,26.9369,26.9369,26.9369,2,0
XDJA.US,D,20240812,000000,26.97,27.01,26.9457,26.9457,6234,0
XDJA.US,D,20240813,000000,27.1,27.2065,27.1,27.2065,1006,0
XDJA.US,D,20240814,000000,27.29,27.3122,27.2808,27.3122,475,0
XDJA.US,D,20240815,000000,27.4531,27.4531,27.4531,27.4531,175,0
XDJA.US,D,20240816,000000,27.4764,27.4764,27.4764,27.4764,187,0
XDJA.US,D,20240819,000000,27.556,27.556,27.556,27.556,2,0
XDJA.US,D,20240820,000000,27.5307,27.5307,27.5307,27.5307,1,0
XDJA.US,D,20240821,000000,27.5,27.5402,27.5,27.5402,390,0
XDJA.US,D,20240822,000000,27.5028,27.52,27.465,27.4728,8535,0
XDJA.US,D,20240823,000000,27.54,27.5896,27.54,27.5896,810,0
XDJA.US,D,20240826,000000,27.595,27.595,27.595,27.595,10,0
XDJA.US,D,20240827,000000,27.6189,27.65,27.59,27.6199,9290,0
XDJA.US,D,20240828,000000,27.63,27.6499,27.53,27.569,7490,0
XDJA.US,D,20240829,000000,27.61,27.61,27.585,27.585,310,0
XDJA.US,D,20240830,000000,27.63,27.6826,27.63,27.6826,5680,0
XDJA.US,D,20240903,000000,27.53,27.53,27.4134,27.4134,766,0
XDJA.US,D,20240904,000000,27.51,27.54,27.42,27.4234,8161,0
XDJA.US,D,20240905,000000,27.4151,27.4151,27.4151,27.4151,21,0
XDJA.US,D,20240906,000000,27.33,27.33,27.216,27.216,335,0
XDJA.US,D,20240909,000000,27.3766,27.3766,27.3766,27.3766,21,0
XDJA.US,D,20240910,000000,27.45,27.45,27.4459,27.4459,1000,0
XDJA.US,D,20240911,000000,27.4717,27.5596,27.4717,27.5596,1450,0
XDJA.US,D,20240912,000000,27.616,27.616,27.616,27.616,61,0
XDJA.US,D,20240913,000000,27.6899,27.6899,27.6899,27.6899,21,0
XDJA.US,D,20240916,000000,27.6773,27.7046,27.6773,27.7046,1427,0
XDJA.US,D,20240917,000000,27.7001,27.7001,27.7001,27.7001,16,0
XDJA.US,D,20240918,000000,27.72,27.72,27.685,27.6984,347,0
XDJA.US,D,20240919,000000,27.815,27.8255,27.815,27.8255,698,0
XDJA.US,D,20240920,000000,27.78,27.8302,27.78,27.8302,2327,0
XDJA.US,D,20240923,000000,27.857,27.857,27.857,27.857,2,0
XDJA.US,D,20240924,000000,27.8593,27.8803,27.84,27.8803,2152,0
XDJA.US,D,20240925,000000,27.84,27.862,27.83,27.862,5492,0
XDJA.US,D,20240926,000000,27.91,27.91,27.84,27.8835,11026,0
XDJA.US,D,20240927,000000,27.8512,27.8551,27.84,27.8551,9236,0
XDJA.US,D,20240930,000000,27.88,27.88,27.88,27.88,701,0
XDJA.US,D,20241001,000000,27.78,27.81,27.78,27.78,8830,0
XDJA.US,D,20241002,000000,27.7855,27.83,27.77,27.83,1670,0
XDJA.US,D,20241003,000000,27.76,27.797,27.7401,27.797,2188,0
XDJA.US,D,20241004,000000,27.89,27.89,27.84,27.8893,1191,0
XDJA.US,D,20241007,000000,27.75,27.8069,27.75,27.8069,200,0
XDJA.US,D,20241008,000000,27.8802,27.8802,27.8802,27.8802,4,0
XDJA.US,D,20241009,000000,27.9,27.9352,27.9,27.9352,118,0
XDJA.US,D,20241010,000000,27.89,27.9351,27.89,27.9351,1033,0
XDJA.US,D,20241011,000000,27.94,27.9801,27.93,27.9801,990,0
XDJA.US,D,20241014,000000,28.035,28.035,28.035,28.035,4,0
XDJA.US,D,20241015,000000,27.98,27.9902,27.97,27.9902,786,0
XDJA.US,D,20241016,000000,27.97,28.05,27.97,28.025,2812,0
XDJA.US,D,20241017,000000,27.99,28.045,27.99,28.045,6296,0
XDJA.US,D,20241018,000000,28.08,28.08,28.08,28.08,300,0
XDJA.US,D,20241021,000000,28.03,28.0821,28.03,28.0821,280,0
XDJA.US,D,20241022,000000,28.09,28.09,28.09,28.09,4,0
XDJA.US,D,20241023,000000,28.0229,28.0451,27.99,28.0451,3724,0
XDJA.US,D,20241024,000000,28.04,28.06,28.02,28.06,221,0
XDJA.US,D,20241025,000000,28.02,28.0455,28.02,28.0455,107,0
XDJA.US,D,20241028,000000,28.07,28.0902,28.07,28.085,826,0
XDJA.US,D,20241029,000000,28.11,28.11,28.0601,28.0996,1201,0
XDJA.US,D,20241030,000000,28.08,28.09,28.07,28.09,1231,0
XDJA.US,D,20241031,000000,27.9998,27.9998,27.9998,27.9998,14,0
XDJA.US,D,20241101,000000,28.03,28.03,28.03,28.03,515,0
XDJA.US,D,20241104,000000,28.0555,28.0555,28.0555,28.0555,14,0
XDJA.US,D,20241105,000000,28.1178,28.1252,28.095,28.1252,2751,0
XDJA.US,D,20241106,000000,28.235,28.235,28.235,28.235,101,0
XDJA.US,D,20241107,000000,28.27,28.2744,28.22,28.2649,15070,0
XDJA.US,D,20241108,000000,28.2899,28.2899,28.2899,28.2899,14,0
XDJA.US,D,20241111,000000,28.2811,28.2953,28.27,28.2953,998,0
XDJA.US,D,20241112,000000,28.26,28.3057,28.26,28.2947,1629,0
XDJA.US,D,20241115,000000,28.24,28.2847,28.23,28.2847,247,0
XDJA.US,D,20241119,000000,28.3141,28.3141,28.31,28.31,141,0
XDJA.US,D,20241121,000000,28.28,28.3102,28.28,28.3102,1061,0
XDJA.US,D,20241122,000000,28.2937,28.3174,28.2937,28.3174,326,0
XDJA.US,D,20241125,000000,28.33,28.3579,28.33,28.335,899,0
XDJA.US,D,20241126,000000,28.3663,28.3699,28.3663,28.3699,359,0
XDJA.US,D,20241202,000000,28.3895,28.4,28.3895,28.4,1193,0
XDJA.US,D,20241203,000000,28.4034,28.4034,28.4,28.4,316,0
XDJA.US,D,20241204,000000,28.37,28.4001,28.37,28.4001,600,0
XDJA.US,D,20241205,000000,28.405,28.45,28.38,28.385,1009,0
XDJA.US,D,20241206,000000,28.4,28.425,28.4,28.425,987,0
XDJA.US,D,20241209,000000,28.4,28.425,28.4,28.425,2453,0
XDJA.US,D,20241210,000000,28.478,28.48,28.4299,28.4299,3009,0
XDJA.US,D,20241211,000000,28.382,28.488,28.382,28.45,7216,0
XDJA.US,D,20241212,000000,28.49,28.49,28.445,28.4454,1101,0
XDJA.US,D,20241213,000000,28.41,28.4602,28.41,28.4602,861,0
XDJA.US,D,20241217,000000,28.4457,28.47,28.42,28.4691,2554,0
XDJA.US,D,20241218,000000,28.4112,28.51,28.39,28.39,14622,0
XDJA.US,D,20241220,000000,28.4,28.5099,28.4,28.47,3085,0
XDJA.US,D,20241223,000000,28.51,28.51,28.48,28.48,476,0
XDJA.US,D,20241226,000000,28.52,28.52,28.49,28.49,264,0
XDJA.US,D,20241227,000000,28.4969,28.5,28.4969,28.5,1491,0
XDJA.US,D,20241231,000000,28.48,28.505,28.48,28.505,2190,0
XDJA.US,D,20250102,000000,28.526,28.526,28.47,28.47,710,0
