<TICKER>,<PER>,<DATE>,<TIME>,<OPEN>,<HIGH>,<LOW>,<CLOSE>,<VOL>,<OPENINT>
XYLE.US,D,20230224,000000,24.56,24.599,24.55,24.599,1411,0
XYLE.US,D,20230227,000000,24.73,24.77,24.6802,24.6802,2701,0
XYLE.US,D,20230228,000000,24.6881,24.6881,24.6881,24.6881,1,0
XYLE.US,D,20230301,000000,24.73,24.73,24.5618,24.5618,102,0
XYLE.US,D,20230302,000000,24.737,24.737,24.737,24.737,98,0
XYLE.US,D,20230303,000000,25.0007,25.0007,25.0007,25.0007,6,0
XYLE.US,D,20230306,000000,25.09,25.09,25.0525,25.0525,123,0
XYLE.US,D,20230307,000000,24.81,24.81,24.81,24.81,14,0
XYLE.US,D,20230308,000000,24.8685,24.8685,24.8685,24.8685,3,0
XYLE.US,D,20230309,000000,24.5284,24.5284,24.5284,24.5284,71,0
XYLE.US,D,20230310,000000,24.1581,24.1581,24.1581,24.1581,2,0
XYLE.US,D,20230313,000000,25.09,25.09,24.1563,24.1563,3,0
XYLE.US,D,20230314,000000,24.37,24.5277,24.37,24.5277,101,0
XYLE.US,D,20230315,000000,24.3583,24.3583,24.3583,24.3583,3,0
XYLE.US,D,20230316,000000,24.8937,24.8937,24.8937,24.8937,2,0
XYLE.US,D,20230317,000000,24.6994,24.6994,24.6994,24.6994,3,0
XYLE.US,D,20230320,000000,24.36,24.488,24.36,24.488,2022,0
XYLE.US,D,20230321,000000,24.59,24.65,24.59,24.62,424,0
XYLE.US,D,20230322,000000,24.34,25.05,24.34,24.5214,10704,0
XYLE.US,D,20230323,000000,24.5416,24.5416,24.5416,24.5416,1,0
XYLE.US,D,20230324,000000,24.5961,24.5961,24.5961,24.5961,2,0
XYLE.US,D,20230327,000000,24.76,24.78,24.6708,24.6708,4501,0
XYLE.US,D,20230328,000000,24.76,24.76,24.6837,24.6837,206,0
XYLE.US,D,20230329,000000,24.85,24.85,24.8048,24.8048,258,0
XYLE.US,D,20230330,000000,24.8634,24.8634,24.8634,24.8634,35,0
XYLE.US,D,20230331,000000,24.9579,24.9579,24.9579,24.9579,123,0
XYLE.US,D,20230403,000000,24.9741,24.9741,24.9741,24.9741,71,0
XYLE.US,D,20230404,000000,25,25,24.934,24.934,181,0
XYLE.US,D,20230405,000000,24.976,24.976,24.976,24.976,3,0
XYLE.US,D,20230406,000000,25.15,25.15,25.0186,25.0186,345,0
XYLE.US,D,20230410,000000,24.9836,24.9836,24.9836,24.9836,186,0
XYLE.US,D,20230411,000000,25.0115,25.0115,25.0115,25.0115,86,0
XYLE.US,D,20230412,000000,25.0179,25.0179,25.0179,25.0179,30,0
XYLE.US,D,20230413,000000,25.0531,25.0531,25.0531,25.0531,85,0
XYLE.US,D,20230414,000000,25.17,25.17,25.0546,25.0546,158,0
XYLE.US,D,20230417,000000,25.0732,25.0732,25.0732,25.0732,39,0
XYLE.US,D,20230418,000000,25.07,25.0972,25.07,25.0972,202,0
XYLE.US,D,20230419,000000,25.24,25.24,25.0473,25.0473,259,0
XYLE.US,D,20230420,000000,25.1021,25.1021,25.1021,25.1021,38,0
XYLE.US,D,20230421,000000,25.05,25.05,25.05,25.05,34,0
XYLE.US,D,20230424,000000,24.8786,24.8786,24.8786,24.8786,4,0
XYLE.US,D,20230425,000000,24.6474,24.6474,24.6474,24.6474,1,0
XYLE.US,D,20230426,000000,24.6761,24.6761,24.6761,24.6761,15,0
XYLE.US,D,20230427,000000,24.9581,24.9581,24.9581,24.9581,59,0
XYLE.US,D,20230428,000000,25.0682,25.0682,25.0682,25.0682,45,0
XYLE.US,D,20230501,000000,25.0948,25.0948,25.0948,25.0948,39,0
XYLE.US,D,20230502,000000,24.9608,24.9608,24.9608,24.9608,87,0
XYLE.US,D,20230503,000000,24.8629,24.8629,24.8629,24.8629,27,0
XYLE.US,D,20230504,000000,24.7639,24.7639,24.7639,24.7639,65,0
XYLE.US,D,20230505,000000,25.0896,25.0896,25.0896,25.0896,12,0
XYLE.US,D,20230508,000000,25.1225,25.1225,25.1225,25.1225,7,0
XYLE.US,D,20230509,000000,25.0851,25.0851,25.0851,25.0851,42,0
XYLE.US,D,20230510,000000,25.1752,25.1752,25.1752,25.1752,180,0
XYLE.US,D,20230511,000000,25.1932,25.1932,25.1932,25.1932,113,0
XYLE.US,D,20230512,000000,25.1919,25.1919,25.1919,25.1919,22,0
XYLE.US,D,20230515,000000,25.2479,25.2479,25.2479,25.2479,87,0
XYLE.US,D,20230516,000000,25.2066,25.2066,25.2066,25.2066,61,0
XYLE.US,D,20230517,000000,25.3215,25.3215,25.3215,25.3215,25,0
XYLE.US,D,20230518,000000,25.3501,25.3501,25.3501,25.3501,21,0
XYLE.US,D,20230519,000000,25.51,25.51,25.4,25.4,302,0
XYLE.US,D,20230522,000000,25.06,25.18,25.06,25.1235,2675,0
XYLE.US,D,20230523,000000,25.075,25.075,24.9462,24.9462,104,0
XYLE.US,D,20230524,000000,24.755,24.8072,24.72,24.8072,2118,0
XYLE.US,D,20230525,000000,24.93,25.0063,24.93,25.0063,1303,0
XYLE.US,D,20230526,000000,25.17,25.201,25.17,25.201,165,0
XYLE.US,D,20230530,000000,25.2122,25.2122,25.2122,25.2122,23,0
XYLE.US,D,20230531,000000,25.1792,25.1792,25.1792,25.1792,116,0
XYLE.US,D,20230601,000000,25.26,25.3425,25.26,25.3425,254,0
XYLE.US,D,20230602,000000,25.59,25.59,25.31,25.5372,9211,0
XYLE.US,D,20230605,000000,25.43,25.77,25.32,25.5076,8200,0
XYLE.US,D,20230606,000000,25.58,25.58,25.5092,25.5092,244,0
XYLE.US,D,20230607,000000,25.4595,25.4595,25.4595,25.4595,117,0
XYLE.US,D,20230608,000000,25.6222,25.6222,25.6222,25.6222,5,0
XYLE.US,D,20230609,000000,25.59,25.59,25.58,25.58,154,0
XYLE.US,D,20230612,000000,25.5943,25.5943,25.5943,25.5943,3,0
XYLE.US,D,20230613,000000,25.56,25.56,25.56,25.56,3,0
XYLE.US,D,20230614,000000,25.52,25.6249,25.5,25.6249,2032,0
XYLE.US,D,20230615,000000,25.6377,25.6377,25.6377,25.6377,173,0
XYLE.US,D,20230616,000000,25.7,25.7,25.4693,25.4693,220,0
XYLE.US,D,20230620,000000,25.2312,25.2312,25.2312,25.2312,25,0
XYLE.US,D,20230621,000000,25.23,25.23,25.1446,25.1446,2503,0
XYLE.US,D,20230622,000000,25.2489,25.2489,25.2489,25.2489,99,0
XYLE.US,D,20230623,000000,25.18,25.19,25.1277,25.1277,1003,0
XYLE.US,D,20230626,000000,25.1,25.12,25.0157,25.0157,799,0
XYLE.US,D,20230627,000000,25.2318,25.2318,25.2318,25.2318,15,0
XYLE.US,D,20230628,000000,25.26,25.26,25.2159,25.2159,242,0
XYLE.US,D,20230629,000000,25.32,25.32,25.19,25.3077,450,0
XYLE.US,D,20230630,000000,25.51,25.5182,25.51,25.5182,201,0
XYLE.US,D,20230703,000000,25.5654,25.5654,25.5654,25.5654,35,0
XYLE.US,D,20230705,000000,25.53,25.53,25.5125,25.5125,163,0
XYLE.US,D,20230706,000000,25.4156,25.4156,25.4156,25.4156,96,0
XYLE.US,D,20230707,000000,25.3769,25.3769,25.3769,25.3769,5,0
XYLE.US,D,20230710,000000,25.3781,25.3781,25.3781,25.3781,12,0
XYLE.US,D,20230711,000000,25.4902,25.4902,25.4902,25.4902,8,0
XYLE.US,D,20230712,000000,25.6257,25.6257,25.6257,25.6257,1,0
XYLE.US,D,20230713,000000,25.7191,25.7191,25.7191,25.7191,40,0
XYLE.US,D,20230714,000000,25.7382,25.7382,25.7382,25.7382,7,0
XYLE.US,D,20230717,000000,25.81,25.81,25.71,25.7661,303,0
XYLE.US,D,20230718,000000,25.8447,25.8447,25.8447,25.8447,17,0
XYLE.US,D,20230719,000000,25.7684,25.7684,25.7684,25.7684,3,0
XYLE.US,D,20230720,000000,25.7955,25.7955,25.7955,25.7955,98,0
XYLE.US,D,20230721,000000,25.74,25.8276,25.74,25.8276,148,0
XYLE.US,D,20230724,000000,25.6471,25.6471,25.6471,25.6471,67,0
XYLE.US,D,20230725,000000,25.7125,25.7125,25.7125,25.7125,5,0
XYLE.US,D,20230726,000000,25.7081,25.7081,25.7081,25.7081,135,0
XYLE.US,D,20230727,000000,25.6069,25.6069,25.6069,25.6069,104,0
XYLE.US,D,20230728,000000,25.81,25.81,25.7892,25.7892,186,0
XYLE.US,D,20230731,000000,25.818,25.818,25.818,25.818,23,0
XYLE.US,D,20230801,000000,25.8007,25.8007,25.8007,25.8007,7,0
XYLE.US,D,20230802,000000,25.5971,25.5971,25.5971,25.5971,60,0
XYLE.US,D,20230803,000000,25.5752,25.5752,25.5752,25.5752,16,0
XYLE.US,D,20230804,000000,25.471,25.471,25.471,25.471,57,0
XYLE.US,D,20230807,000000,25.6515,25.6515,25.6515,25.6515,77,0
XYLE.US,D,20230808,000000,25.5864,25.5864,25.5864,25.5864,10,0
XYLE.US,D,20230809,000000,25.4219,25.4219,25.4219,25.4219,5,0
XYLE.US,D,20230810,000000,25.4442,25.4442,25.4442,25.4442,62,0
XYLE.US,D,20230811,000000,25.4416,25.4416,25.4416,25.4416,503,0
XYLE.US,D,20230814,000000,25.5409,25.5409,25.5409,25.5409,66,0
XYLE.US,D,20230815,000000,25.2976,25.2976,25.2976,25.2976,1,0
XYLE.US,D,20230816,000000,25.28,25.28,25.18,25.18,465,0
XYLE.US,D,20230817,000000,25.12,25.12,24.9537,24.9537,500,0
XYLE.US,D,20230818,000000,24.8625,24.8625,24.8625,24.8625,2,0
XYLE.US,D,20230821,000000,24.856,24.856,24.856,24.856,148,0
XYLE.US,D,20230822,000000,24.8354,24.8354,24.8354,24.8354,1,0
XYLE.US,D,20230823,000000,24.931,24.931,24.931,24.931,98,0
XYLE.US,D,20230824,000000,24.8348,24.8348,24.8348,24.8348,52,0
XYLE.US,D,20230825,000000,24.9385,24.9385,24.9385,24.9385,31,0
XYLE.US,D,20230828,000000,25.013,25.013,25.013,25.013,2,0
XYLE.US,D,20230829,000000,25.1237,25.1237,25.1237,25.1237,2,0
XYLE.US,D,20230830,000000,25.1543,25.1543,25.1543,25.1543,22,0
XYLE.US,D,20230831,000000,25.169,25.169,25.169,25.169,1,0
XYLE.US,D,20230901,000000,25.1962,25.1962,25.1962,25.1962,9,0
XYLE.US,D,20230905,000000,25.11,25.165,25.11,25.165,285,0
XYLE.US,D,20230906,000000,25.1448,25.1448,25.1448,25.1448,12,0
XYLE.US,D,20230907,000000,25.1456,25.1456,25.1456,25.1456,12,0
XYLE.US,D,20230908,000000,25.13,25.13,25.13,25.13,1,0
XYLE.US,D,20230911,000000,25.1703,25.1703,25.1703,25.1703,56,0
XYLE.US,D,20230912,000000,25.1726,25.1726,25.1726,25.1726,7,0
XYLE.US,D,20230913,000000,25.15,25.15,25.15,25.15,12,0
XYLE.US,D,20230914,000000,25.1845,25.1845,25.1845,25.1845,12,0
XYLE.US,D,20230915,000000,24.9313,24.9313,24.9313,24.9313,12,0
XYLE.US,D,20230918,000000,24.8952,24.8952,24.8952,24.8952,2,0
XYLE.US,D,20230919,000000,24.8689,24.8689,24.8689,24.8689,12,0
XYLE.US,D,20230920,000000,24.7366,24.7366,24.7366,24.7366,12,0
XYLE.US,D,20230921,000000,24.41,24.41,24.41,24.41,559,0
XYLE.US,D,20230922,000000,24.3608,24.3608,24.3608,24.3608,16,0
XYLE.US,D,20230925,000000,24.3786,24.3786,24.3786,24.3786,12,0
XYLE.US,D,20230926,000000,24.21,24.21,24.1779,24.1779,109,0
XYLE.US,D,20230927,000000,24.0329,24.0329,24.0329,24.0329,14,0
XYLE.US,D,20230928,000000,24.1918,24.1918,24.1918,24.1918,1,0
XYLE.US,D,20230929,000000,24.1441,24.1441,24.1441,24.1441,106,0
XYLE.US,D,20231002,000000,24.1086,24.1086,24.1086,24.1086,7,0
XYLE.US,D,20231003,000000,23.8315,23.8315,23.8315,23.8315,58,0
XYLE.US,D,20231004,000000,23.9092,23.9092,23.9092,23.9092,1,0
XYLE.US,D,20231005,000000,24.0415,24.0415,24.0415,24.0415,1,0
XYLE.US,D,20231006,000000,24.35,24.35,24.35,24.35,1,0
XYLE.US,D,20231009,000000,24.4592,24.4592,24.4592,24.4592,1,0
XYLE.US,D,20231010,000000,24.5999,24.6,24.548,24.548,200,0
XYLE.US,D,20231011,000000,24.65,24.7252,24.65,24.7252,1500,0
XYLE.US,D,20231012,000000,24.63,24.63,24.5667,24.5667,100,0
XYLE.US,D,20231013,000000,24.4213,24.4213,24.4213,24.4213,58,0
XYLE.US,D,20231016,000000,24.6456,24.6456,24.6456,24.6456,2,0
XYLE.US,D,20231017,000000,24.13,24.6762,24.13,24.6762,1825,0
XYLE.US,D,20231018,000000,24.03,24.3522,24.03,24.3522,3300,0
XYLE.US,D,20231019,000000,24.33,24.33,24.1548,24.1548,205,0
XYLE.US,D,20231020,000000,23.975,23.975,23.975,23.975,2,0
XYLE.US,D,20231023,000000,23.7484,23.7484,23.7484,23.7484,2,0
XYLE.US,D,20231024,000000,23.8213,23.8213,23.8213,23.8213,15,0
XYLE.US,D,20231025,000000,23.6791,23.6791,23.6276,23.6276,1003,0
XYLE.US,D,20231026,000000,23.46,23.46,23.46,23.46,1,0
XYLE.US,D,20231027,000000,23.3299,23.3299,23.3299,23.3299,24,0
XYLE.US,D,20231030,000000,23.5192,23.5192,23.5192,23.5192,1,0
XYLE.US,D,20231031,000000,23.61,23.665,23.03,23.665,22612,0
XYLE.US,D,20231101,000000,23.7,23.8236,23.7,23.8236,2607,0
XYLE.US,D,20231102,000000,23.998,23.998,23.998,23.998,130,0
XYLE.US,D,20231103,000000,24.15,24.15,24.15,24.15,226,0
XYLE.US,D,20231106,000000,24.1654,24.2054,24.1654,24.2054,367,0
XYLE.US,D,20231107,000000,24.255,24.255,24.255,24.255,1,0
XYLE.US,D,20231108,000000,24.275,24.275,24.275,24.275,2,0
XYLE.US,D,20231109,000000,24.235,24.235,24.235,24.235,1,0
XYLE.US,D,20231110,000000,24.3252,24.3252,24.3252,24.3252,10,0
XYLE.US,D,20231113,000000,24.36,24.36,24.36,24.36,1,0
XYLE.US,D,20231114,000000,24.45,24.45,24.3716,24.3716,102,0
XYLE.US,D,20231115,000000,24.4,24.4,24.4,24.4,4,0
XYLE.US,D,20231116,000000,24.39,24.39,24.39,24.39,3,0
XYLE.US,D,20231117,000000,24.4141,24.4141,24.4141,24.4141,49,0
XYLE.US,D,20231120,000000,24.3208,24.3208,24.3208,24.3208,4,0
XYLE.US,D,20231121,000000,24.3198,24.3198,24.3198,24.3198,2,0
XYLE.US,D,20231122,000000,24.41,24.41,24.41,24.41,5,0
XYLE.US,D,20231124,000000,24.38,24.38,24.37,24.375,1057,0
XYLE.US,D,20231127,000000,24.4216,24.4216,24.4216,24.4216,9,0
XYLE.US,D,20231128,000000,24.4434,24.4434,24.4434,24.4434,13,0
XYLE.US,D,20231129,000000,24.4414,24.4414,24.4414,24.4414,2,0
XYLE.US,D,20231130,000000,24.4846,24.4846,24.4846,24.4846,20,0
XYLE.US,D,20231201,000000,24.5439,24.5439,24.5439,24.5439,9,0
XYLE.US,D,20231204,000000,24.4949,24.4949,24.4949,24.4949,3,0
XYLE.US,D,20231205,000000,24.4917,24.4917,24.4917,24.4917,6,0
XYLE.US,D,20231206,000000,24.4722,24.4722,24.4722,24.4722,1,0
XYLE.US,D,20231207,000000,24.56,24.56,24.56,24.56,2,0
XYLE.US,D,20231208,000000,24.6198,24.6198,24.6198,24.6198,2,0
XYLE.US,D,20231211,000000,24.66,24.66,24.66,24.66,4,0
XYLE.US,D,20231212,000000,24.6751,24.6751,24.6751,24.6751,3,0
XYLE.US,D,20231213,000000,24.78,24.78,24.72,24.72,407,0
XYLE.US,D,20231214,000000,24.73,24.73,24.73,24.73,2,0
XYLE.US,D,20231215,000000,24.69,24.76,24.69,24.76,606,0
XYLE.US,D,20231218,000000,24.9257,24.9257,24.9257,24.9257,3,0
XYLE.US,D,20231219,000000,24.9539,24.9539,24.9539,24.9539,3,0
XYLE.US,D,20231220,000000,24.8168,24.8168,24.8168,24.8168,26,0
XYLE.US,D,20231221,000000,24.9144,24.9144,24.9144,24.9144,4,0
XYLE.US,D,20231222,000000,24.9595,24.9595,24.9595,24.9595,13,0
XYLE.US,D,20231226,000000,24.995,24.995,24.995,24.995,11,0
XYLE.US,D,20231227,000000,25.0239,25.0239,25.0239,25.0239,5,0
XYLE.US,D,20231228,000000,24.9218,24.9218,24.9218,24.9218,2,0
XYLE.US,D,20231229,000000,24.9015,24.9015,24.9015,24.9015,2,0
XYLE.US,D,20240102,000000,24.8508,24.8508,24.8508,24.8508,1,0
XYLE.US,D,20240103,000000,24.7654,24.7654,24.7654,24.7654,74,0
XYLE.US,D,20240104,000000,24.7372,24.7372,24.7372,24.7372,20,0
XYLE.US,D,20240105,000000,24.7666,24.7666,24.7666,24.7666,3,0
XYLE.US,D,20240108,000000,24.9101,24.9101,24.9101,24.9101,13,0
XYLE.US,D,20240109,000000,24.9881,24.9881,24.9881,24.9881,4,0
XYLE.US,D,20240110,000000,25.0503,25.0503,25.0503,25.0503,66,0
XYLE.US,D,20240111,000000,24.96,25.0675,24.96,25.0675,530,0
XYLE.US,D,20240112,000000,25.075,25.075,25.075,25.075,3,0
XYLE.US,D,20240116,000000,25.0728,25.0728,25.0728,25.0728,64,0
XYLE.US,D,20240117,000000,25.0542,25.0542,25.0542,25.0542,3,0
XYLE.US,D,20240118,000000,25.066,25.066,25.066,25.066,24,0
XYLE.US,D,20240119,000000,25.28,25.28,25.28,25.28,126,0
XYLE.US,D,20240122,000000,25.19,25.19,25.18,25.18,692,0
XYLE.US,D,20240123,000000,25.16,25.2,25.16,25.195,1327,0
XYLE.US,D,20240124,000000,25.301,25.301,25.301,25.301,36,0
XYLE.US,D,20240125,000000,25.28,25.3394,25.28,25.3394,276,0
XYLE.US,D,20240126,000000,25.34,25.34,25.34,25.34,195,0
XYLE.US,D,20240129,000000,25.3,25.34,25.3,25.34,448,0
XYLE.US,D,20240130,000000,25.4159,25.4159,25.4159,25.4159,5,0
XYLE.US,D,20240131,000000,25.2187,25.2187,25.2187,25.2187,10,0
XYLE.US,D,20240201,000000,25.3382,25.3382,25.3382,25.3382,13,0
XYLE.US,D,20240202,000000,25.4703,25.4703,25.4703,25.4703,12,0
XYLE.US,D,20240205,000000,25.45,25.45,25.4398,25.4398,658,0
XYLE.US,D,20240206,000000,25.47,25.47,25.47,25.47,39,0
XYLE.US,D,20240207,000000,25.52,25.52,25.52,25.52,11,0
XYLE.US,D,20240208,000000,25.54,25.54,25.54,25.54,11,0
XYLE.US,D,20240209,000000,25.5667,25.5667,25.5667,25.5667,5,0
XYLE.US,D,20240212,000000,25.62,25.62,25.56,25.56,302,0
XYLE.US,D,20240213,000000,25.5483,25.5483,25.5483,25.5483,43,0
XYLE.US,D,20240214,000000,25.5657,25.5657,25.5657,25.5657,1,0
XYLE.US,D,20240215,000000,25.6,25.6,25.6,25.6,1,0
XYLE.US,D,20240216,000000,25.5174,25.5174,25.5174,25.5174,30,0
XYLE.US,D,20240220,000000,25.2549,25.2549,25.2549,25.2549,4,0
XYLE.US,D,20240221,000000,25.2339,25.2339,25.2339,25.2339,107,0
XYLE.US,D,20240222,000000,25.45,25.5928,25.45,25.5928,362,0
XYLE.US,D,20240223,000000,25.6,25.6,25.6,25.6,27,0
XYLE.US,D,20240226,000000,25.5711,25.5711,25.5711,25.5711,12,0
XYLE.US,D,20240227,000000,25.5589,25.5589,25.5589,25.5589,29,0
XYLE.US,D,20240228,000000,25.5577,25.5577,25.5577,25.5577,6,0
XYLE.US,D,20240229,000000,25.6233,25.6233,25.6233,25.6233,15,0
XYLE.US,D,20240301,000000,25.71,25.71,25.71,25.71,8,0
XYLE.US,D,20240304,000000,25.68,25.68,25.68,25.68,77,0
XYLE.US,D,20240305,000000,25.76,25.76,25.6038,25.6038,126,0
XYLE.US,D,20240306,000000,25.78,25.78,25.6546,25.6546,445,0
XYLE.US,D,20240307,000000,25.7608,25.7608,25.7608,25.7608,80,0
XYLE.US,D,20240308,000000,25.71,25.71,25.71,25.71,5,0
XYLE.US,D,20240311,000000,25.6906,25.6906,25.6906,25.6906,2,0
XYLE.US,D,20240312,000000,25.7427,25.7427,25.7427,25.7427,33,0
XYLE.US,D,20240313,000000,25.77,25.77,25.77,25.77,14,0
XYLE.US,D,20240314,000000,25.7899,25.7899,25.7899,25.7899,3,0
XYLE.US,D,20240315,000000,25.6753,25.6753,25.6753,25.6753,22,0
XYLE.US,D,20240318,000000,25.7609,25.7609,25.7609,25.7609,3,0
XYLE.US,D,20240319,000000,25.89,25.89,25.8485,25.8485,104,0
XYLE.US,D,20240320,000000,25.9276,25.9276,25.9276,25.9276,18,0
XYLE.US,D,20240321,000000,26.0564,26.15,26.0048,26.0048,3357,0
XYLE.US,D,20240322,000000,26.1,26.11,25.9858,25.9858,906,0
XYLE.US,D,20240325,000000,25.9388,25.9388,25.915,25.915,320,0
XYLE.US,D,20240326,000000,25.9927,25.9927,25.9927,25.9927,158,0
XYLE.US,D,20240327,000000,26.0303,26.0303,26.0303,26.0303,6,0
XYLE.US,D,20240328,000000,26.0897,26.0897,26.0897,26.0897,18,0
XYLE.US,D,20240401,000000,26.19,26.19,26.0854,26.0854,505,0
XYLE.US,D,20240402,000000,26.071,26.071,26.071,26.071,21,0
XYLE.US,D,20240403,000000,26.0771,26.0771,26.0771,26.0771,4,0
XYLE.US,D,20240404,000000,26.105,26.105,25.925,25.925,486,0
XYLE.US,D,20240405,000000,25.9813,25.9813,25.9813,25.9813,3,0
XYLE.US,D,20240408,000000,26.01,26.01,26.01,26.01,21,0
XYLE.US,D,20240409,000000,25.94,26.0604,25.93,26.0604,391,0
XYLE.US,D,20240410,000000,25.91,25.9931,25.91,25.9931,141,0
XYLE.US,D,20240411,000000,26.0713,26.0713,26.0713,26.0713,13,0
XYLE.US,D,20240412,000000,25.9083,25.9083,25.9083,25.9083,113,0
XYLE.US,D,20240415,000000,25.89,25.89,25.721,25.721,207,0
XYLE.US,D,20240416,000000,25.6815,25.7365,25.6815,25.7365,441,0
XYLE.US,D,20240417,000000,25.5712,25.6384,25.5712,25.6384,112,0
XYLE.US,D,20240418,000000,25.5001,25.5001,25.5001,25.5001,5,0
XYLE.US,D,20240419,000000,25.3624,25.3624,25.3624,25.3624,7,0
XYLE.US,D,20240422,000000,25.11,25.3102,25.11,25.3102,129,0
XYLE.US,D,20240423,000000,25.4491,25.4491,25.4491,25.4491,3,0
XYLE.US,D,20240424,000000,25.4955,25.4955,25.4955,25.4955,4,0
XYLE.US,D,20240425,000000,25.453,25.453,25.453,25.453,3,0
XYLE.US,D,20240426,000000,25.5753,25.5753,25.5753,25.5753,54,0
XYLE.US,D,20240429,000000,25.647,25.647,25.647,25.647,5,0
XYLE.US,D,20240430,000000,25.55,25.55,25.55,25.55,13,0
XYLE.US,D,20240501,000000,25.57,25.5704,25.4871,25.4871,401,0
XYLE.US,D,20240502,000000,25.5685,25.5685,25.5685,25.5685,37,0
XYLE.US,D,20240503,000000,25.6908,25.6908,25.6908,25.6908,15,0
XYLE.US,D,20240506,000000,25.7857,25.7857,25.7857,25.7857,23,0
XYLE.US,D,20240507,000000,25.82,25.82,25.82,25.82,5,0
XYLE.US,D,20240508,000000,25.81,25.81,25.81,25.81,3,0
XYLE.US,D,20240509,000000,25.9399,25.94,25.9399,25.94,304,0
XYLE.US,D,20240510,000000,25.8761,25.8761,25.85,25.85,232,0
XYLE.US,D,20240513,000000,25.84,25.84,25.84,25.84,8,0
XYLE.US,D,20240514,000000,25.85,25.85,25.85,25.85,68,0
XYLE.US,D,20240515,000000,25.85,25.85,25.85,25.85,18,0
XYLE.US,D,20240516,000000,25.86,25.86,25.86,25.86,2,0
XYLE.US,D,20240517,000000,25.8605,25.8605,25.8605,25.8605,31,0
XYLE.US,D,20240520,000000,26.19,26.19,26.19,26.19,101,0
XYLE.US,D,20240521,000000,25.81,25.81,25.6973,25.6973,222,0
XYLE.US,D,20240522,000000,25.6572,25.6572,25.6572,25.6572,25,0
XYLE.US,D,20240523,000000,25.6092,25.6092,25.6092,25.6092,5,0
XYLE.US,D,20240524,000000,25.7184,25.7184,25.7184,25.7184,8,0
XYLE.US,D,20240528,000000,25.721,25.721,25.721,25.721,19,0
XYLE.US,D,20240529,000000,25.6654,25.6654,25.6654,25.6654,107,0
XYLE.US,D,20240530,000000,25.5688,25.5688,25.5688,25.5688,11,0
XYLE.US,D,20240531,000000,25.6245,25.6245,25.6245,25.6245,7,0
XYLE.US,D,20240603,000000,25.7148,25.7148,25.7148,25.7148,11,0
XYLE.US,D,20240604,000000,25.75,25.75,25.75,25.75,2,0
XYLE.US,D,20240605,000000,25.97,25.97,25.8547,25.8547,101,0
XYLE.US,D,20240606,000000,25.8803,25.8803,25.8803,25.8803,7,0
XYLE.US,D,20240607,000000,25.9103,25.9103,25.9103,25.9103,3,0
XYLE.US,D,20240610,000000,25.76,26.0177,25.76,25.9117,680,0
XYLE.US,D,20240611,000000,26,26.0265,26,26.0265,112,0
XYLE.US,D,20240612,000000,25.99,26.0126,25.99,26.0126,827,0
XYLE.US,D,20240613,000000,25.9425,26.13,25.9425,26.0197,229,0
XYLE.US,D,20240614,000000,26.13,26.13,26.0292,26.0292,636,0
XYLE.US,D,20240617,000000,26.03,26.03,26.03,26.03,10,0
XYLE.US,D,20240618,000000,26.045,26.045,26.045,26.045,2,0
XYLE.US,D,20240620,000000,26.045,26.045,26.045,26.045,92,0
XYLE.US,D,20240621,000000,25.9676,25.9676,25.9676,25.9676,10,0
XYLE.US,D,20240624,000000,25.8996,25.8996,25.8996,25.8996,73,0
XYLE.US,D,20240625,000000,26.07,26.07,25.9598,25.9598,114,0
XYLE.US,D,20240626,000000,25.9752,25.9752,25.9752,25.9752,10,0
XYLE.US,D,20240627,000000,25.9448,25.9448,25.9448,25.9448,2,0
XYLE.US,D,20240628,000000,25.9452,25.9452,25.9452,25.9452,30,0
XYLE.US,D,20240701,000000,25.87,25.9999,25.7928,25.9999,2100,0
XYLE.US,D,20240702,000000,26.075,26.075,26.075,26.075,97,0
XYLE.US,D,20240703,000000,26.1465,26.1465,26.1465,26.1465,12,0
XYLE.US,D,20240705,000000,26.2048,26.2048,26.2048,26.2048,7,0
XYLE.US,D,20240708,000000,26.2296,26.2296,26.2296,26.2296,29,0
XYLE.US,D,20240709,000000,26.2457,26.2457,26.2457,26.2457,111,0
XYLE.US,D,20240710,000000,26.2548,26.2548,26.2548,26.2548,103,0
XYLE.US,D,20240711,000000,26.35,26.35,26.35,26.35,109,0
XYLE.US,D,20240712,000000,26.4,26.4,26.3685,26.3685,180,0
XYLE.US,D,20240715,000000,26.2957,26.2957,26.2957,26.2957,96,0
XYLE.US,D,20240716,000000,26.3152,26.3152,26.3152,26.3152,910,0
XYLE.US,D,20240717,000000,26.3142,26.3142,26.3142,26.3142,2,0
XYLE.US,D,20240718,000000,26.2021,26.2021,26.2021,26.2021,617,0
XYLE.US,D,20240719,000000,26.1002,26.1002,26.1002,26.1002,6,0
XYLE.US,D,20240722,000000,26.0986,26.0986,26.0986,26.0986,378,0
XYLE.US,D,20240723,000000,26.2,26.2,26.075,26.075,178,0
XYLE.US,D,20240724,000000,25.805,25.805,25.6936,25.6936,113,0
XYLE.US,D,20240725,000000,25.75,25.77,25.5739,25.5739,480,0
XYLE.US,D,20240726,000000,25.66,25.7749,25.66,25.7749,157,0
XYLE.US,D,20240729,000000,25.74,25.7759,25.74,25.7759,803,0
XYLE.US,D,20240730,000000,25.7372,25.7372,25.7372,25.7372,75,0
XYLE.US,D,20240731,000000,25.88,26.0043,25.88,26.0043,621,0
XYLE.US,D,20240801,000000,25.87,25.87,25.58,25.6879,208,0
XYLE.US,D,20240802,000000,25.33,25.3434,25.33,25.3434,306,0
XYLE.US,D,20240805,000000,26.81,29.17,24.5657,24.5657,968,0
XYLE.US,D,20240806,000000,25.02,25.05,24.8337,24.8337,307,0
XYLE.US,D,20240807,000000,24.6253,24.6253,24.6253,24.6253,61,0
XYLE.US,D,20240808,000000,25.1693,25.1693,25.1693,25.1693,71,0
XYLE.US,D,20240809,000000,25.3065,25.3065,25.3065,25.3065,4,0
XYLE.US,D,20240812,000000,25.3089,25.3089,25.3089,25.3089,755,0
XYLE.US,D,20240813,000000,25.7572,25.7572,25.7572,25.7572,12,0
XYLE.US,D,20240814,000000,25.8858,25.8858,25.8858,25.8858,3,0
XYLE.US,D,20240815,000000,26.06,26.1839,25.72,26.1839,8101,0
XYLE.US,D,20240816,000000,26.3766,26.3766,26.3766,26.3766,9,0
XYLE.US,D,20240819,000000,26.3064,26.3064,26.3064,26.3064,50,0
XYLE.US,D,20240820,000000,26.277,26.277,26.277,26.277,1,0
XYLE.US,D,20240821,000000,26.3245,26.3245,26.3245,26.3245,60,0
XYLE.US,D,20240822,000000,26.196,26.196,26.196,26.196,3,0
XYLE.US,D,20240823,000000,26.3795,26.3795,26.3795,26.3795,30,0
XYLE.US,D,20240826,000000,26.3557,26.3557,26.3557,26.3557,7,0
XYLE.US,D,20240827,000000,26.3788,26.3788,26.3788,26.3788,21,0
XYLE.US,D,20240828,000000,26.3462,26.3462,26.3462,26.3462,10,0
XYLE.US,D,20240829,000000,26.3243,26.3243,26.3243,26.3243,1609,0
XYLE.US,D,20240830,000000,26.02,26.4252,26.02,26.4252,10801,0
XYLE.US,D,20240903,000000,26.0913,26.0913,26.0913,26.0913,19,0
XYLE.US,D,20240904,000000,26.138,26.138,26.138,26.138,1488,0
XYLE.US,D,20240905,000000,26.0808,26.0808,26.0808,26.0808,6,0
XYLE.US,D,20240906,000000,25.737,25.737,25.737,25.737,2519,0
XYLE.US,D,20240909,000000,26.01,26.01,26.01,26.01,44,0
XYLE.US,D,20240910,000000,26.1466,26.1466,26.1466,26.1466,2,0
XYLE.US,D,20240911,000000,26.2974,26.2974,26.2974,26.2974,8,0
XYLE.US,D,20240912,000000,26.4347,26.4347,26.4347,26.4347,3,0
XYLE.US,D,20240913,000000,26.5123,26.5123,26.5123,26.5123,1,0
XYLE.US,D,20240916,000000,26.5657,26.5657,26.5657,26.5657,30,0
XYLE.US,D,20240917,000000,26.5586,26.5586,26.5586,26.5586,10,0
XYLE.US,D,20240918,000000,26.5354,26.5354,26.5354,26.5354,10,0
XYLE.US,D,20240919,000000,26.6197,26.6197,26.6197,26.6197,4,0
XYLE.US,D,20240920,000000,26.6234,26.6234,26.6234,26.6234,2,0
XYLE.US,D,20240923,000000,26.5301,26.5301,26.5301,26.5301,1,0
XYLE.US,D,20240924,000000,26.592,26.592,26.592,26.592,1,0
XYLE.US,D,20240925,000000,26.5701,26.5701,26.5701,26.5701,5,0
XYLE.US,D,20240926,000000,26.6306,26.6306,26.6306,26.6306,1,0
XYLE.US,D,20240927,000000,26.6205,26.6205,26.6205,26.6205,4,0
XYLE.US,D,20241001,000000,26.5911,26.5911,26.5911,26.5911,45,0
XYLE.US,D,20241002,000000,26.5777,26.5777,26.5777,26.5777,7,0
XYLE.US,D,20241003,000000,26.67,26.67,26.5823,26.5823,105,0
XYLE.US,D,20241007,000000,26.57,26.6,26.57,26.5834,351,0
XYLE.US,D,20241008,000000,26.689,26.689,26.689,26.689,11,0
XYLE.US,D,20241009,000000,26.7898,26.7898,26.7898,26.7898,5,0
XYLE.US,D,20241010,000000,26.79,26.79,26.79,26.79,51,0
XYLE.US,D,20241011,000000,26.855,26.855,26.855,26.855,4,0
XYLE.US,D,20241014,000000,26.8834,26.8834,26.8834,26.8834,7,0
XYLE.US,D,20241015,000000,26.8778,26.8778,26.8778,26.8778,1,0
XYLE.US,D,20241016,000000,26.905,26.905,26.905,26.905,51,0
XYLE.US,D,20241017,000000,26.93,26.93,26.93,26.93,6,0
XYLE.US,D,20241018,000000,26.9799,26.9799,26.9799,26.9799,9,0
XYLE.US,D,20241021,000000,26.7104,26.7104,26.7104,26.7104,76,0
XYLE.US,D,20241022,000000,26.7416,26.7416,26.7416,26.7416,3,0
XYLE.US,D,20241023,000000,26.6087,26.6087,26.6087,26.6087,48,0
XYLE.US,D,20241024,000000,26.6612,26.6612,26.6612,26.6612,1,0
XYLE.US,D,20241025,000000,26.6673,26.6673,26.6673,26.6673,5,0
XYLE.US,D,20241028,000000,26.7257,26.7257,26.7257,26.7257,49,0
XYLE.US,D,20241029,000000,26.7224,26.7224,26.7224,26.7224,12,0
XYLE.US,D,20241030,000000,26.84,26.84,26.6708,26.6708,982,0
XYLE.US,D,20241031,000000,26.3398,26.3398,26.3398,26.3398,77,0
XYLE.US,D,20241104,000000,26.3378,26.3378,26.3378,26.3378,71,0
XYLE.US,D,20241105,000000,26.5699,26.5699,26.5699,26.5699,2,0
XYLE.US,D,20241106,000000,26.9,27.0357,26.9,27.0357,1233,0
XYLE.US,D,20241107,000000,27.1378,27.1378,27.1378,27.1378,69,0
XYLE.US,D,20241108,000000,27.1968,27.1968,27.1968,27.1968,47,0
XYLE.US,D,20241111,000000,27.2,27.25,27.2,27.25,225,0
XYLE.US,D,20241115,000000,27.02,27.02,26.95,26.97,2715,0
XYLE.US,D,20241119,000000,26.95,27.0133,26.94,27.0133,1960,0
XYLE.US,D,20241120,000000,26.97,27.0349,26.9287,27.0349,2318,0
XYLE.US,D,20241121,000000,27.14,27.14,27.02,27.02,129,0
XYLE.US,D,20241203,000000,27.37,27.37,27.2711,27.2711,222,0
XYLE.US,D,20241209,000000,27.44,27.44,27.3672,27.3672,4228,0
XYLE.US,D,20241210,000000,27.42,28.54,27.42,27.6172,15910,0
XYLE.US,D,20241218,000000,27.49,27.4999,27.1433,27.1433,400,0
XYLE.US,D,20241219,000000,27.19,27.19,27.1694,27.1694,104,0
XYLE.US,D,20241220,000000,27.55,27.58,27.4617,27.4617,318,0
XYLE.US,D,20241227,000000,27.62,27.7196,27.62,27.7196,126,0
XYLE.US,D,20241230,000000,24.01,25.3,24.01,25.2571,8565,0
XYLE.US,D,20241231,000000,25.28,25.28,25.1866,25.1866,324,0
XYLE.US,D,20250102,000000,25.29,25.3,25.146,25.146,712,0
XYLE.US,D,20250106,000000,25.46,25.56,25.39,25.4142,2827,0
XYLE.US,D,20250108,000000,25.24,25.3501,25.24,25.3501,207,0
XYLE.US,D,20250110,000000,25.06,25.4,25.06,25.1143,284,0
XYLE.US,D,20250113,000000,25,25.173,25,25.173,1283,0
XYLE.US,D,20250114,000000,25.17,25.2624,25.09,25.1605,943,0
XYLE.US,D,20250116,000000,25.535,25.5645,25.535,25.5645,452,0
XYLE.US,D,20250121,000000,25.67,25.68,25.38,25.38,12746,0
XYLE.US,D,20250122,000000,25.63,25.63,25.615,25.615,131,0
XYLE.US,D,20250123,000000,25.7,25.73,25.6943,25.6943,3594,0
XYLE.US,D,20250124,000000,25.7,25.7,25.6434,25.6434,846,0
XYLE.US,D,20250127,000000,25.5,25.5,25.4379,25.4379,1308,0
XYLE.US,D,20250130,000000,25.53,25.66,25.53,25.6024,755,0
XYLE.US,D,20250131,000000,25.7,25.7,25.4953,25.4953,2193,0
XYLE.US,D,20250203,000000,25.14,25.4124,25.14,25.4124,2108,0
XYLE.US,D,20250204,000000,25.5068,25.5068,25.38,25.4859,40083,0
XYLE.US,D,20250206,000000,25.55,25.6448,25.55,25.6448,1081,0
XYLE.US,D,20250207,000000,25.65,25.65,25.4919,25.4919,403,0
XYLE.US,D,20250210,000000,25.605,25.6347,25.605,25.6347,1295,0
XYLE.US,D,20250211,000000,25.8,25.8567,25.7,25.705,1774,0
XYLE.US,D,20250212,000000,25.67,25.67,25.61,25.61,149,0
