<TICKER>,<PER>,<DATE>,<TIME>,<OPEN>,<HIGH>,<LOW>,<CLOSE>,<VOL>,<OPENINT>
AEON.US,D,20210414,000000,9.75,10.05,9.74,9.8,100239,0
AEON.US,D,20210415,000000,9.8024,9.81,9.8024,9.81,8900,0
AEON.US,D,20210429,000000,9.9,9.9,9.78,9.78,9985,0
AEON.US,D,20210503,000000,9.71,9.8,9.71,9.8,802,0
AEON.US,D,20210506,000000,9.71,9.71,9.67,9.67,538,0
AEON.US,D,20210507,000000,9.835,9.835,9.835,9.835,244,0
AEON.US,D,20210511,000000,9.8,9.8,9.8,9.8,559,0
AEON.US,D,20210517,000000,9.67,9.67,9.67,9.67,4674,0
AEON.US,D,20210518,000000,9.65,9.65,9.65,9.65,3432,0
AEON.US,D,20210526,000000,9.7625,9.7625,9.72,9.72,1600,0
AEON.US,D,20210609,000000,9.75,9.75,9.7,9.71,50800,0
AEON.US,D,20210614,000000,9.66,9.76,9.21,9.7,48851,0
AEON.US,D,20210615,000000,9.7,9.7,9.7,9.7,23513,0
AEON.US,D,20210616,000000,9.7,9.7,9.65,9.65,85158,0
AEON.US,D,20210621,000000,9.65,9.65,9.65,9.65,1409,0
AEON.US,D,20210622,000000,9.73,9.73,9.7,9.73,1561,0
AEON.US,D,20210623,000000,9.66,9.695,9.66,9.695,1588,0
AEON.US,D,20210624,000000,9.66,9.66,9.66,9.66,610,0
AEON.US,D,20210625,000000,9.66,9.66,9.65,9.66,24508,0
AEON.US,D,20210628,000000,9.65,9.66,9.6,9.64,89511,0
AEON.US,D,20210630,000000,9.64,9.64,9.63,9.64,862,0
AEON.US,D,20210702,000000,9.65,9.655,9.63,9.65,21311,0
AEON.US,D,20210707,000000,9.65,9.65,9.65,9.65,1913,0
AEON.US,D,20210708,000000,9.63,9.66,9.63,9.655,162166,0
AEON.US,D,20210709,000000,9.65,9.66,9.65,9.65,6600,0
AEON.US,D,20210712,000000,9.65,9.65,9.65,9.65,2561,0
AEON.US,D,20210713,000000,9.65,9.66,9.65,9.655,36022,0
AEON.US,D,20210714,000000,9.66,9.66,9.65,9.655,9850,0
AEON.US,D,20210716,000000,9.64,9.68,9.64,9.655,5540,0
AEON.US,D,20210719,000000,9.64,9.655,9.64,9.65,5588,0
AEON.US,D,20210720,000000,9.63,9.63,9.63,9.63,1114,0
AEON.US,D,20210723,000000,9.66,9.67,9.66,9.67,2090,0
AEON.US,D,20210726,000000,9.67,9.67,9.67,9.67,200,0
AEON.US,D,20210727,000000,9.72,9.8,9.685,9.8,15742,0
AEON.US,D,20210804,000000,9.65,9.65,9.64,9.64,16439,0
AEON.US,D,20210806,000000,9.65,9.66,9.65,9.66,4230,0
AEON.US,D,20210810,000000,9.66,9.79,9.66,9.67,3501,0
AEON.US,D,20210811,000000,9.71,9.72,9.69,9.69,1802,0
AEON.US,D,20210812,000000,9.6983,9.725,9.69,9.69,150600,0
AEON.US,D,20210813,000000,9.69,9.725,9.69,9.69,822,0
AEON.US,D,20210816,000000,9.73,9.73,9.7,9.7,6851,0
AEON.US,D,20210817,000000,9.7,9.73,9.7,9.73,326,0
AEON.US,D,20210819,000000,9.68,9.76,9.68,9.76,150966,0
AEON.US,D,20210823,000000,9.75,9.75,9.75,9.75,259,0
AEON.US,D,20210824,000000,9.75,9.75,9.75,9.75,103,0
AEON.US,D,20210825,000000,9.75,9.75,9.75,9.75,100,0
AEON.US,D,20210830,000000,9.75,9.75,9.75,9.75,100,0
AEON.US,D,20210902,000000,9.7,9.75,9.7,9.75,25000,0
AEON.US,D,20210909,000000,9.7,9.7,9.7,9.7,100,0
AEON.US,D,20210914,000000,9.71,9.71,9.71,9.71,322,0
AEON.US,D,20210916,000000,9.71,9.75,9.67,9.75,2118,0
AEON.US,D,20210917,000000,9.63,9.78,9.63,9.77,2716,0
AEON.US,D,20210927,000000,9.77,9.78,9.74,9.78,347189,0
AEON.US,D,20210928,000000,9.73,9.73,9.73,9.73,493,0
AEON.US,D,20210930,000000,9.73,9.75,9.73,9.74,15967,0
AEON.US,D,20211001,000000,9.73,9.79,9.73,9.76,14845,0
AEON.US,D,20211004,000000,9.78,9.78,9.75,9.78,2937,0
AEON.US,D,20211005,000000,9.76,9.78,9.76,9.78,223492,0
AEON.US,D,20211006,000000,9.78,9.8,9.78,9.79,370275,0
AEON.US,D,20211007,000000,9.8,9.8,9.79,9.79,2056,0
AEON.US,D,20211008,000000,9.775,9.79,9.775,9.79,1700,0
AEON.US,D,20211012,000000,9.76,9.79,9.76,9.79,329010,0
AEON.US,D,20211013,000000,9.79,9.79,9.79,9.79,1901,0
AEON.US,D,20211014,000000,9.775,9.79,9.775,9.79,266,0
AEON.US,D,20211018,000000,9.76,9.79,9.76,9.79,4885,0
AEON.US,D,20211020,000000,9.76,9.79,9.76,9.78,163804,0
AEON.US,D,20211021,000000,9.76,9.76,9.76,9.76,819,0
AEON.US,D,20211025,000000,9.76,9.78,9.75,9.78,53140,0
AEON.US,D,20211029,000000,9.71,9.78,9.7,9.78,483204,0
AEON.US,D,20211101,000000,9.715,9.78,9.715,9.78,3035,0
AEON.US,D,20211103,000000,9.72,9.72,9.72,9.72,244,0
AEON.US,D,20211110,000000,9.76,9.78,9.76,9.78,2425,0
AEON.US,D,20211111,000000,9.7682,9.79,9.76,9.79,5997,0
AEON.US,D,20211112,000000,9.76,9.78,9.76,9.78,1219,0
AEON.US,D,20211116,000000,9.79,9.79,9.79,9.79,6246,0
AEON.US,D,20211117,000000,9.76,9.76,9.76,9.76,116,0
AEON.US,D,20211123,000000,9.78,9.79,9.78,9.79,11467,0
AEON.US,D,20211126,000000,9.75,9.75,9.69,9.75,131384,0
AEON.US,D,20211129,000000,9.75,9.77,9.73,9.77,15125,0
AEON.US,D,20211130,000000,9.73,9.78,9.72,9.77,13836,0
AEON.US,D,20211201,000000,9.74,9.79,9.73,9.79,35912,0
AEON.US,D,20211203,000000,9.75,9.75,9.75,9.75,100100,0
AEON.US,D,20211206,000000,9.74,9.78,9.74,9.78,679,0
AEON.US,D,20211209,000000,9.74,9.79,9.74,9.78,17630,0
AEON.US,D,20211210,000000,9.75,9.79,9.74,9.77,68734,0
AEON.US,D,20211213,000000,9.76,9.78,9.76,9.77,34388,0
AEON.US,D,20211214,000000,9.76,9.78,9.76,9.775,64946,0
AEON.US,D,20211215,000000,9.73,9.73,9.7,9.73,1307,0
AEON.US,D,20211216,000000,9.73,9.74,9.73,9.73,101489,0
AEON.US,D,20211217,000000,9.73,9.73,9.73,9.73,939,0
AEON.US,D,20211220,000000,9.73,9.73,9.73,9.73,205567,0
AEON.US,D,20211222,000000,9.72,9.73,9.72,9.73,10934,0
AEON.US,D,20211223,000000,9.72,9.72,9.72,9.72,4866,0
AEON.US,D,20211227,000000,9.73,9.73,9.72,9.73,12406,0
AEON.US,D,20211230,000000,9.71,9.71,9.71,9.71,617,0
AEON.US,D,20220103,000000,9.715,9.73,9.71,9.71,45727,0
AEON.US,D,20220104,000000,9.72,9.73,9.71,9.73,10771,0
AEON.US,D,20220105,000000,9.71,9.77,9.71,9.76,154952,0
AEON.US,D,20220107,000000,9.76,9.77,9.76,9.77,467,0
AEON.US,D,20220110,000000,9.73,9.77,9.7299,9.77,287979,0
AEON.US,D,20220112,000000,9.74,9.74,9.71,9.72,21004,0
AEON.US,D,20220113,000000,9.72,9.75,9.72,9.75,110428,0
AEON.US,D,20220118,000000,9.71,9.73,9.7,9.73,96170,0
AEON.US,D,20220119,000000,9.723,9.723,9.72,9.72,2494,0
AEON.US,D,20220121,000000,9.715,9.72,9.71,9.71,60418,0
AEON.US,D,20220124,000000,9.7,9.71,9.7,9.71,1676,0
AEON.US,D,20220125,000000,9.71,9.75,9.7,9.74,37640,0
AEON.US,D,20220126,000000,9.71,9.73,9.7,9.7,29588,0
AEON.US,D,20220127,000000,9.7,9.72,9.7,9.72,7210,0
AEON.US,D,20220128,000000,9.71,9.725,9.66,9.67,32947,0
AEON.US,D,20220131,000000,9.7,9.71,9.69,9.69,28628,0
AEON.US,D,20220201,000000,9.7,9.76,9.7,9.7,119541,0
AEON.US,D,20220202,000000,9.71,9.715,9.71,9.715,4663,0
AEON.US,D,20220203,000000,9.745,9.76,9.71,9.72,5726,0
AEON.US,D,20220207,000000,9.75,9.75,9.75,9.75,5036,0
AEON.US,D,20220208,000000,9.73,9.73,9.73,9.73,48017,0
AEON.US,D,20220210,000000,9.75,9.75,9.75,9.75,217,0
AEON.US,D,20220211,000000,9.74,9.74,9.74,9.74,6001,0
AEON.US,D,20220214,000000,9.735,9.735,9.73,9.73,10552,0
AEON.US,D,20220216,000000,9.72,9.72,9.72,9.72,136,0
AEON.US,D,20220218,000000,9.72,9.72,9.72,9.72,26240,0
AEON.US,D,20220222,000000,9.71,9.745,9.71,9.72,87394,0
AEON.US,D,20220223,000000,9.73,9.735,9.72,9.73,539410,0
AEON.US,D,20220225,000000,9.72,9.74,9.72,9.73,1902,0
AEON.US,D,20220228,000000,9.72,9.74,9.72,9.73,45702,0
AEON.US,D,20220301,000000,9.75,9.765,9.74,9.74,7511,0
AEON.US,D,20220302,000000,9.76,9.76,9.75,9.76,6256,0
AEON.US,D,20220304,000000,9.76,9.76,9.76,9.76,14810,0
AEON.US,D,20220307,000000,9.75,9.77,9.75,9.77,218000,0
AEON.US,D,20220311,000000,9.78,9.78,9.77,9.78,123066,0
AEON.US,D,20220314,000000,9.77,9.77,9.765,9.765,18621,0
AEON.US,D,20220315,000000,9.79,9.79,9.78,9.78,150320,0
AEON.US,D,20220316,000000,9.75,9.77,9.75,9.76,311118,0
AEON.US,D,20220317,000000,9.74,9.77,9.74,9.77,15808,0
AEON.US,D,20220318,000000,9.75,9.79,9.75,9.765,82908,0
AEON.US,D,20220321,000000,9.77,9.78,9.76,9.78,56939,0
AEON.US,D,20220322,000000,9.78,9.78,9.75,9.77,42056,0
AEON.US,D,20220323,000000,9.78,9.78,9.77,9.78,19407,0
AEON.US,D,20220324,000000,9.78,9.78,9.77,9.77,20140,0
AEON.US,D,20220325,000000,9.78,9.78,9.78,9.78,801,0
AEON.US,D,20220329,000000,9.78,9.78,9.78,9.78,152,0
AEON.US,D,20220401,000000,9.78,9.78,9.78,9.78,1413,0
AEON.US,D,20220404,000000,9.8,9.8,9.8,9.8,3511,0
AEON.US,D,20220405,000000,9.79,9.8,9.79,9.8,111639,0
AEON.US,D,20220406,000000,9.78,9.79,9.78,9.79,125923,0
AEON.US,D,20220411,000000,9.81,9.81,9.81,9.81,800,0
AEON.US,D,20220412,000000,9.79,9.8,9.79,9.79,623264,0
AEON.US,D,20220413,000000,9.82,9.83,9.79,9.79,20764,0
AEON.US,D,20220421,000000,9.82,9.83,9.81,9.81,1673,0
AEON.US,D,20220422,000000,9.82,9.82,9.82,9.82,201,0
AEON.US,D,20220425,000000,9.83,9.83,9.83,9.83,262,0
AEON.US,D,20220427,000000,9.83,9.83,9.83,9.83,510,0
AEON.US,D,20220502,000000,9.82,9.82,9.82,9.82,8400,0
AEON.US,D,20220504,000000,9.82,9.82,9.82,9.82,127,0
AEON.US,D,20220505,000000,9.8,9.82,9.8,9.82,700,0
AEON.US,D,20220506,000000,9.815,9.82,9.815,9.82,1202,0
AEON.US,D,20220509,000000,9.82,9.825,9.8,9.8,43533,0
AEON.US,D,20220510,000000,9.7919,9.7919,9.79,9.79,25582,0
AEON.US,D,20220511,000000,9.79,9.82,9.79,9.82,66171,0
AEON.US,D,20220512,000000,9.79,9.79,9.78,9.78,1999,0
AEON.US,D,20220513,000000,9.8,9.8,9.8,9.8,129,0
AEON.US,D,20220516,000000,9.79,9.79,9.79,9.79,205,0
AEON.US,D,20220518,000000,9.78,9.78,9.77,9.77,11430,0
AEON.US,D,20220519,000000,9.8,9.8,9.8,9.8,351,0
AEON.US,D,20220520,000000,9.77,9.77,9.77,9.77,1200,0
AEON.US,D,20220523,000000,9.77,9.77,9.765,9.765,384,0
AEON.US,D,20220524,000000,9.775,9.78,9.775,9.78,29064,0
AEON.US,D,20220525,000000,9.83,9.83,9.78,9.78,500,0
AEON.US,D,20220531,000000,9.84,9.84,9.8,9.8,246221,0
AEON.US,D,20220602,000000,9.77,9.79,9.77,9.79,3361,0
AEON.US,D,20220603,000000,9.8,9.8,9.8,9.8,384,0
AEON.US,D,20220609,000000,9.8,9.8,9.8,9.8,301,0
AEON.US,D,20220610,000000,9.8,9.81,9.8,9.81,3878,0
AEON.US,D,20220613,000000,9.8,9.81,9.8,9.81,55066,0
AEON.US,D,20220614,000000,9.8,9.8,9.8,9.8,2567,0
AEON.US,D,20220617,000000,9.8,9.8,9.8,9.8,401,0
AEON.US,D,20220624,000000,9.8,9.8,9.8,9.8,30617,0
AEON.US,D,20220630,000000,9.8,9.81,9.8,9.81,65224,0
AEON.US,D,20220701,000000,9.8,9.8,9.8,9.8,2494,0
AEON.US,D,20220705,000000,9.82,9.83,9.82,9.83,11236,0
AEON.US,D,20220707,000000,9.8,9.8,9.8,9.8,6460,0
AEON.US,D,20220708,000000,9.8,9.83,9.8,9.83,50101,0
AEON.US,D,20220712,000000,9.8,9.8,9.8,9.8,300,0
AEON.US,D,20220713,000000,9.8,9.82,9.8,9.82,17192,0
AEON.US,D,20220714,000000,9.815,9.815,9.81,9.81,8962,0
AEON.US,D,20220715,000000,9.81,9.82,9.81,9.82,27322,0
AEON.US,D,20220718,000000,9.82,9.82,9.81,9.81,8700,0
AEON.US,D,20220719,000000,9.82,9.82,9.82,9.82,38034,0
AEON.US,D,20220720,000000,9.83,9.84,9.83,9.835,19781,0
AEON.US,D,20220721,000000,9.83,9.83,9.83,9.83,2082,0
AEON.US,D,20220722,000000,9.83,9.83,9.83,9.83,148,0
AEON.US,D,20220725,000000,9.85,9.85,9.85,9.85,200,0
AEON.US,D,20220726,000000,9.84,9.84,9.84,9.84,1845,0
AEON.US,D,20220729,000000,9.84,9.84,9.84,9.84,12282,0
AEON.US,D,20220801,000000,9.84,9.84,9.84,9.84,317259,0
AEON.US,D,20220803,000000,9.86,9.86,9.86,9.86,6363,0
AEON.US,D,20220804,000000,9.85,9.85,9.85,9.85,303,0
AEON.US,D,20220805,000000,9.855,9.855,9.855,9.855,144,0
AEON.US,D,20220809,000000,9.85,9.85,9.85,9.85,97825,0
AEON.US,D,20220811,000000,9.85,9.86,9.85,9.86,3208,0
AEON.US,D,20220812,000000,9.85,9.85,9.85,9.85,25023,0
AEON.US,D,20220815,000000,9.85,9.85,9.85,9.85,53969,0
AEON.US,D,20220817,000000,9.85,9.85,9.84,9.85,444312,0
AEON.US,D,20220823,000000,9.85,9.87,9.85,9.87,9617,0
AEON.US,D,20220824,000000,9.85,9.85,9.83,9.83,10855,0
AEON.US,D,20220825,000000,9.83,9.83,9.82,9.82,12036,0
AEON.US,D,20220826,000000,9.8,9.84,9.8,9.82,12662,0
AEON.US,D,20220831,000000,9.84,9.84,9.84,9.84,129,0
AEON.US,D,20220901,000000,9.82,9.84,9.82,9.84,266192,0
AEON.US,D,20220906,000000,9.84,9.84,9.84,9.84,605,0
AEON.US,D,20220907,000000,9.84,9.84,9.84,9.84,18465,0
AEON.US,D,20220908,000000,9.84,9.84,9.84,9.84,2370,0
AEON.US,D,20220909,000000,9.84,9.84,9.84,9.84,179,0
AEON.US,D,20220912,000000,9.855,9.855,9.855,9.855,150,0
AEON.US,D,20220913,000000,9.84,9.84,9.84,9.84,570,0
AEON.US,D,20220915,000000,9.83,9.84,9.83,9.84,277,0
AEON.US,D,20220919,000000,9.84,9.84,9.84,9.84,3207,0
AEON.US,D,20220920,000000,9.84,9.84,9.83,9.83,2216,0
AEON.US,D,20220921,000000,9.85,9.855,9.84,9.84,17667,0
AEON.US,D,20220923,000000,9.83,9.83,9.83,9.83,5500,0
AEON.US,D,20220926,000000,9.855,9.855,9.83,9.83,1971,0
AEON.US,D,20220927,000000,9.84,9.85,9.84,9.84,4050,0
AEON.US,D,20220928,000000,9.84,9.84,9.8394,9.84,282307,0
AEON.US,D,20220929,000000,9.86,9.86,9.83,9.84,120514,0
AEON.US,D,20220930,000000,9.84,9.85,9.84,9.85,50303,0
AEON.US,D,20221003,000000,9.86,9.87,9.86,9.87,11883,0
AEON.US,D,20221004,000000,9.86,9.86,9.86,9.86,5057,0
AEON.US,D,20221005,000000,9.86,9.87,9.86,9.87,1927,0
AEON.US,D,20221006,000000,9.86,9.86,9.86,9.86,7501,0
AEON.US,D,20221010,000000,9.86,9.89,9.86,9.89,491852,0
AEON.US,D,20221011,000000,9.89,9.9,9.88,9.89,192834,0
AEON.US,D,20221012,000000,9.88,9.88,9.88,9.88,100000,0
AEON.US,D,20221013,000000,9.89,9.89,9.89,9.89,113676,0
AEON.US,D,20221017,000000,9.9,9.905,9.895,9.9,469270,0
AEON.US,D,20221018,000000,9.95,9.95,9.95,9.95,231,0
AEON.US,D,20221019,000000,9.9,9.91,9.9,9.91,11751,0
AEON.US,D,20221020,000000,9.92,9.93,9.92,9.92,840,0
AEON.US,D,20221021,000000,9.92,9.92,9.92,9.92,6227,0
AEON.US,D,20221024,000000,9.92,9.92,9.92,9.92,250000,0
AEON.US,D,20221025,000000,9.92,9.92,9.92,9.92,600,0
AEON.US,D,20221026,000000,9.93,9.94,9.93,9.94,9582,0
AEON.US,D,20221028,000000,9.92,9.92,9.92,9.92,30327,0
AEON.US,D,20221031,000000,9.92,9.94,9.92,9.93,34734,0
AEON.US,D,20221101,000000,9.935,9.935,9.93,9.93,44624,0
AEON.US,D,20221102,000000,9.93,9.95,9.93,9.93,23591,0
AEON.US,D,20221103,000000,9.93,9.95,9.93,9.94,12029,0
AEON.US,D,20221104,000000,9.93,9.95,9.93,9.93,12440,0
AEON.US,D,20221107,000000,9.93,9.935,9.93,9.93,11525,0
AEON.US,D,20221108,000000,9.93,9.94,9.93,9.93,14241,0
AEON.US,D,20221109,000000,9.93,9.95,9.93,9.93,19538,0
AEON.US,D,20221110,000000,9.93,9.95,9.93,9.94,25361,0
AEON.US,D,20221111,000000,9.95,9.95,9.93,9.93,103826,0
AEON.US,D,20221114,000000,9.94,9.95,9.93,9.93,8303,0
AEON.US,D,20221115,000000,9.94,9.95,9.94,9.95,45525,0
AEON.US,D,20221117,000000,9.94,9.945,9.94,9.94,102198,0
AEON.US,D,20221118,000000,9.95,9.95,9.94,9.94,1433,0
AEON.US,D,20221121,000000,9.945,9.95,9.94,9.95,411112,0
AEON.US,D,20221122,000000,9.95,9.96,9.95,9.95,103255,0
AEON.US,D,20221123,000000,9.955,9.97,9.955,9.96,34084,0
AEON.US,D,20221125,000000,9.96,9.96,9.96,9.96,75303,0
AEON.US,D,20221128,000000,9.96,9.98,9.96,9.97,148705,0
AEON.US,D,20221129,000000,9.975,10,9.97,9.98,198474,0
AEON.US,D,20221201,000000,9.99,9.995,9.97,9.99,95157,0
AEON.US,D,20221202,000000,9.985,10,9.985,9.99,4712,0
AEON.US,D,20221205,000000,9.99,10,9.99,10,19654,0
AEON.US,D,20221206,000000,9.99,10,9.98,10,83910,0
AEON.US,D,20221207,000000,10,10,10,10,27377,0
AEON.US,D,20221208,000000,9.99,9.99,9.99,9.99,228,0
AEON.US,D,20221209,000000,9.99,9.99,9.99,9.99,201,0
AEON.US,D,20221213,000000,9.99,10.01,9.98,10,1348183,0
AEON.US,D,20221214,000000,10.01,10.01,10.01,10.01,159,0
AEON.US,D,20221215,000000,10,10,10,10,527611,0
AEON.US,D,20221216,000000,10.02,10.02,9.985,9.985,11929,0
AEON.US,D,20221219,000000,9.98,10.01,9.97,10.01,227288,0
AEON.US,D,20221222,000000,10.05,10.05,10,10.02,23015,0
AEON.US,D,20221223,000000,10.02,10.02,10.01,10.02,257662,0
AEON.US,D,20221227,000000,10.03,10.03,10.02,10.03,617627,0
AEON.US,D,20221228,000000,10.035,10.05,10.03,10.04,26157,0
AEON.US,D,20221229,000000,10.03,10.045,10.03,10.045,512260,0
AEON.US,D,20221230,000000,10.05,10.05,10.05,10.05,11459,0
AEON.US,D,20230103,000000,10.06,10.06,10.05,10.06,192110,0
AEON.US,D,20230104,000000,10.065,10.09,10.065,10.09,3769,0
AEON.US,D,20230105,000000,10.1,10.1,10.09,10.09,8020,0
AEON.US,D,20230106,000000,10.09,10.1099,10.07,10.07,55762,0
AEON.US,D,20230109,000000,10.08,10.08,10.07,10.075,8968,0
AEON.US,D,20230110,000000,10.08,10.09,10.08,10.08,91084,0
AEON.US,D,20230112,000000,10.09,10.09,10.09,10.09,105,0
AEON.US,D,20230113,000000,10.0994,10.0994,10.09,10.09,4600,0
AEON.US,D,20230117,000000,10.085,10.09,10.085,10.09,236236,0
AEON.US,D,20230118,000000,10.09,10.097,10.09,10.097,53082,0
AEON.US,D,20230119,000000,9.94,9.98,9.86,9.94,16937,0
AEON.US,D,20230120,000000,10.04,10.38,9.85,9.93,55977,0
AEON.US,D,20230123,000000,9.9276,10.0779,9.8556,9.87,4077,0
AEON.US,D,20230124,000000,10.03,10.0501,9.9649,10.01,8418,0
AEON.US,D,20230125,000000,9.96,9.96,9.96,9.96,1991,0
AEON.US,D,20230126,000000,10,10.025,10,10.02,4351,0
AEON.US,D,20230127,000000,10.005,10.09,9.96,9.96,5492,0
AEON.US,D,20230131,000000,10,10.2597,10,10.09,16245,0
AEON.US,D,20230201,000000,10.545,10.545,9.97,10.05,11753,0
AEON.US,D,20230202,000000,10.05,10.05,10,10.01,2631,0
AEON.US,D,20230203,000000,10,10,9.98,9.98,3102,0
AEON.US,D,20230206,000000,10.05,10.15,10.03,10.11,19920,0
AEON.US,D,20230207,000000,10.175,10.175,10.06,10.07,22716,0
AEON.US,D,20230208,000000,10.09,10.11,10.09,10.107,3913,0
AEON.US,D,20230209,000000,10.09,10.1101,10.09,10.11,8364,0
AEON.US,D,20230210,000000,10.09,10.13,10.07,10.1,51342,0
AEON.US,D,20230213,000000,10.1,10.1,10.1,10.1,400,0
AEON.US,D,20230215,000000,10.06,10.14,10.06,10.12,8834,0
AEON.US,D,20230224,000000,10.11,10.11,10.08,10.11,5307,0
AEON.US,D,20230227,000000,10.1099,10.11,10.1,10.1,3605,0
AEON.US,D,20230228,000000,10.1,10.14,10.08,10.09,26674,0
AEON.US,D,20230301,000000,10.08,10.08,10.075,10.075,48253,0
AEON.US,D,20230303,000000,10.0807,10.105,10.08,10.087,2440,0
AEON.US,D,20230306,000000,10.09,10.09,10.085,10.09,6037,0
AEON.US,D,20230313,000000,10.09,10.1,10.09,10.1,2267,0
AEON.US,D,20230314,000000,10.1,10.1,10.1,10.1,104,0
AEON.US,D,20230315,000000,10.1,10.1,10.1,10.1,906,0
AEON.US,D,20230320,000000,10.13,10.13,10.12,10.13,7010,0
AEON.US,D,20230323,000000,10.14,10.17,10.14,10.17,6605,0
AEON.US,D,20230324,000000,10.16,10.17,10.15,10.17,2105,0
AEON.US,D,20230327,000000,10.17,10.17,10.17,10.17,3005,0
AEON.US,D,20230328,000000,10.16,10.17,10.16,10.17,1405,0
AEON.US,D,20230329,000000,10.17,10.17,10.17,10.17,1271,0
AEON.US,D,20230330,000000,10.15,10.16,10.15,10.16,705,0
AEON.US,D,20230331,000000,10.16,10.16,10.15,10.15,2505,0
AEON.US,D,20230403,000000,10.17,10.17,10.17,10.17,305,0
AEON.US,D,20230404,000000,10.15,10.16,10.15,10.16,1631,0
AEON.US,D,20230405,000000,10.17,10.17,10.17,10.17,619,0
AEON.US,D,20230406,000000,10.16,10.16,10.16,10.16,436,0
AEON.US,D,20230410,000000,10.17,10.17,10.17,10.17,1598,0
AEON.US,D,20230411,000000,10.17,10.17,10.17,10.17,100,0
AEON.US,D,20230418,000000,10.18,10.19,10.18,10.185,6900,0
AEON.US,D,20230419,000000,10.19,10.19,10.19,10.19,843,0
AEON.US,D,20230421,000000,10.19,10.19,10.1866,10.1866,2901,0
AEON.US,D,20230424,000000,10.18,10.19,10.18,10.19,15696,0
AEON.US,D,20230428,000000,10.2,10.21,10.2,10.21,677,0
AEON.US,D,20230501,000000,10.23,10.33,10.23,10.27,16408,0
AEON.US,D,20230502,000000,10.27,10.27,10.27,10.27,4972,0
AEON.US,D,20230504,000000,10.22,10.23,10.22,10.22,5000,0
AEON.US,D,20230508,000000,10.245,10.245,10.245,10.245,1202,0
AEON.US,D,20230509,000000,10.26,10.27,10.24,10.27,3167,0
AEON.US,D,20230510,000000,10.28,10.31,10.28,10.3,7037,0
AEON.US,D,20230511,000000,10.3,10.35,10.3,10.3416,12838,0
AEON.US,D,20230512,000000,10.4,10.4,10.35,10.35,7575,0
AEON.US,D,20230515,000000,10.35,10.35,10.31,10.31,10839,0
AEON.US,D,20230516,000000,10.3,10.35,10.29,10.35,7305,0
AEON.US,D,20230518,000000,10.36,10.38,10.3,10.38,99338,0
AEON.US,D,20230519,000000,10.36,10.36,10.35,10.36,39236,0
AEON.US,D,20230522,000000,10.36,10.36,10.35,10.35,3938,0
AEON.US,D,20230523,000000,10.355,10.355,10.35,10.355,595,0
AEON.US,D,20230524,000000,10.355,10.355,10.35,10.35,925,0
AEON.US,D,20230525,000000,10.37,10.37,10.37,10.37,220,0
AEON.US,D,20230526,000000,10.3501,10.38,10.3501,10.38,3283,0
AEON.US,D,20230530,000000,10.38,10.4,10.37,10.37,7300,0
AEON.US,D,20230531,000000,10.3701,10.3701,10.3,10.3,6341,0
AEON.US,D,20230601,000000,10.3,10.35,9.7,10.3,13876,0
AEON.US,D,20230602,000000,10.3,11.18,10.18,10.43,19459,0
AEON.US,D,20230605,000000,11.14,13.4299,9.81,9.81,115704,0
AEON.US,D,20230606,000000,10.18,10.75,9.8,10,27827,0
AEON.US,D,20230607,000000,10.08,10.3,9.83,10.015,15196,0
AEON.US,D,20230608,000000,10.2,10.87,9.83,9.85,151804,0
AEON.US,D,20230609,000000,9.8,10.48,9.66,10.12,118276,0
AEON.US,D,20230612,000000,10.18,10.7,10.03,10.5,226088,0
AEON.US,D,20230613,000000,10.26,14.6799,10.26,10.936,736454,0
AEON.US,D,20230614,000000,10.47,10.94,10.3601,10.71,147206,0
AEON.US,D,20230615,000000,10.75,11.25,8.2,8.95,476265,0
AEON.US,D,20230616,000000,8.45,9.35,8.2,9.28,70657,0
AEON.US,D,20230620,000000,8.9,9.2,8.4201,8.6367,39517,0
AEON.US,D,20230621,000000,8.7,8.95,7.8,8.22,74538,0
AEON.US,D,20230622,000000,8.03,8.2499,7.91,7.95,16564,0
AEON.US,D,20230623,000000,7.9484,7.95,6.81,7.105,52879,0
AEON.US,D,20230626,000000,7.4,7.9,7.02,7.52,56494,0
AEON.US,D,20230627,000000,7.3,7.6771,7.3,7.55,8776,0
AEON.US,D,20230628,000000,7.81,7.85,6.83,7.24,30866,0
AEON.US,D,20230629,000000,7.186,7.19,6.915,7.04,10136,0
AEON.US,D,20230630,000000,7.07,7.455,6.9,7.08,19436,0
AEON.US,D,20230703,000000,7.15,7.625,7.08,7.45,13025,0
AEON.US,D,20230705,000000,7.27,7.83,7.1,7.83,151297,0
AEON.US,D,20230706,000000,7.67,8,7.02,7.23,87418,0
AEON.US,D,20230707,000000,7.13,7.64,7.0206,7.5499,40874,0
AEON.US,D,20230710,000000,7.5,7.68,7.1704,7.41,29926,0
AEON.US,D,20230711,000000,7.18,7.45,7,7.22,19369,0
AEON.US,D,20230712,000000,7.26,7.38,6.85,7.05,26223,0
AEON.US,D,20230713,000000,7.056,8.21,7,7.5,103022,0
AEON.US,D,20230714,000000,8.27,8.84,7.52,8,52431,0
AEON.US,D,20230717,000000,7.69,8.19,7.49,7.59,26775,0
AEON.US,D,20230718,000000,7.25,7.62,7.22,7.39,300335,0
AEON.US,D,20230719,000000,7.14,8.75,7.07,8.46,227561,0
AEON.US,D,20230720,000000,8.29,12.58,8.05,11.99,726387,0
AEON.US,D,20230721,000000,11.77,12,9.3001,10.84,543420,0
AEON.US,D,20230724,000000,10.14,11.88,8,9.2,550271,0
AEON.US,D,20230725,000000,8.86,9.4,5.6647,7.4,679925,0
AEON.US,D,20230726,000000,6.26,7.38,5.81,6.18,317447,0
AEON.US,D,20230727,000000,5.97,6.579,5.89,6.47,214603,0
AEON.US,D,20230728,000000,5.92,6.64,5.6421,6.5,89121,0
AEON.US,D,20230731,000000,6.8,9.0196,6.8,7.85,438553,0
AEON.US,D,20230801,000000,7.3,7.9953,7.3,7.8,169706,0
AEON.US,D,20230802,000000,7.62,8.44,7.01,7.33,107564,0
AEON.US,D,20230803,000000,6.87,8.05,6.87,7.7,121347,0
AEON.US,D,20230804,000000,7.59,8.63,7.59,7.97,70164,0
AEON.US,D,20230807,000000,7.92,8.335,7.55,7.83,50745,0
AEON.US,D,20230808,000000,8.22,8.22,7.22,7.36,46192,0
AEON.US,D,20230809,000000,7.15,8,7.15,7.89,57797,0
AEON.US,D,20230810,000000,7.65,8,7.2,7.34,73424,0
AEON.US,D,20230811,000000,7.35,7.35,6.49,7.02,37792,0
AEON.US,D,20230814,000000,6.77,6.77,5.2101,5.47,84954,0
AEON.US,D,20230815,000000,5.47,5.85,4.06,4.11,239275,0
AEON.US,D,20230816,000000,4.6,4.826,4.15,4.4,104037,0
AEON.US,D,20230817,000000,4.48,4.72,4.1215,4.34,49736,0
AEON.US,D,20230818,000000,4.5,4.6,4.01,4.17,82809,0
AEON.US,D,20230821,000000,4.25,4.42,3.91,4.19,44561,0
AEON.US,D,20230822,000000,4.12,4.5,3.97,4.11,78097,0
AEON.US,D,20230823,000000,4.06,4.14,3.37,3.69,64107,0
AEON.US,D,20230824,000000,3.8,4.24,3.7,4.24,60721,0
AEON.US,D,20230825,000000,4.25,5,3.985,4.61,153357,0
AEON.US,D,20230828,000000,4.75,4.75,3.855,4.11,93706,0
AEON.US,D,20230829,000000,4.27,4.35,3.8373,4.02,76845,0
AEON.US,D,20230830,000000,4.95,6.2313,4.69,5.72,977245,0
AEON.US,D,20230831,000000,5.14,5.72,4.8,5.34,158269,0
AEON.US,D,20230901,000000,5.34,5.499,4.95,5.28,57728,0
AEON.US,D,20230905,000000,5.37,6.57,4.44,4.49,176710,0
AEON.US,D,20230906,000000,4.51,5.1805,4.51,4.78,70155,0
AEON.US,D,20230907,000000,4.81,5.7343,4.81,4.92,122989,0
AEON.US,D,20230908,000000,4.94,5.46,4.77,4.77,75761,0
AEON.US,D,20230911,000000,4.93,5.75,4.93,5.23,95102,0
AEON.US,D,20230912,000000,5.26,6.82,5.26,5.39,158357,0
AEON.US,D,20230913,000000,5.54,6.01,5.38,5.38,97145,0
AEON.US,D,20230914,000000,5.4,5.715,5.26,5.57,39018,0
AEON.US,D,20230915,000000,5.49,5.82,5.0701,5.69,802637,0
AEON.US,D,20230918,000000,5.4,6.49,5.4,6.36,103122,0
AEON.US,D,20230919,000000,6.8,6.8,5.61,6.3,79961,0
AEON.US,D,20230920,000000,6.55,6.58,6.07,6.21,19973,0
AEON.US,D,20230921,000000,6.22,6.43,6.01,6.12,16889,0
AEON.US,D,20230922,000000,6.75,6.75,5.98,6.14,39708,0
AEON.US,D,20230925,000000,6.12,6.25,5.86,6,19841,0
AEON.US,D,20230926,000000,5.96,6.76,5.96,6.45,29342,0
AEON.US,D,20230927,000000,6.45,6.96,6.16,6.16,32349,0
AEON.US,D,20230928,000000,6.32,6.542,5.96,5.96,25423,0
AEON.US,D,20230929,000000,6.05,6.14,5.43,5.6,53033,0
AEON.US,D,20231002,000000,5.53,5.96,5.44,5.83,11645,0
AEON.US,D,20231003,000000,5.62,5.8,5.35,5.69,4441,0
AEON.US,D,20231004,000000,5.75,6.24,5.75,5.96,15104,0
AEON.US,D,20231005,000000,5.97,6.75,5.96,6.31,57532,0
AEON.US,D,20231006,000000,6.41,6.68,6.25,6.66,21255,0
AEON.US,D,20231009,000000,6.67,6.75,6.3401,6.5,11700,0
AEON.US,D,20231010,000000,6.775,6.775,6.14,6.46,34221,0
AEON.US,D,20231011,000000,6.34,6.47,5.93,5.95,42092,0
AEON.US,D,20231012,000000,6.05,6.47,5.82,6.1,50810,0
AEON.US,D,20231013,000000,6.11,6.24,6.0001,6.15,9401,0
AEON.US,D,20231016,000000,6.03,6.555,5.8501,6.25,19867,0
AEON.US,D,20231017,000000,5.96,6.5,5.94,6.21,17455,0
AEON.US,D,20231018,000000,6.32,6.32,6.01,6.01,3467,0
AEON.US,D,20231019,000000,6.135,6.135,5.87,5.87,13862,0
AEON.US,D,20231020,000000,5.95,6.07,5.75,5.75,17006,0
AEON.US,D,20231023,000000,5.94,5.94,5.45,5.47,8142,0
AEON.US,D,20231024,000000,5.62,6.02,5.55,5.55,16538,0
AEON.US,D,20231025,000000,5.63,5.805,5.41,5.41,10744,0
AEON.US,D,20231026,000000,5.52,5.52,4.71,4.71,14858,0
AEON.US,D,20231027,000000,4.71,5.05,4.69,4.71,10126,0
AEON.US,D,20231030,000000,4.64,4.89,4.64,4.89,6274,0
AEON.US,D,20231031,000000,4.92,5.28,4.8211,5.28,4595,0
AEON.US,D,20231101,000000,5.17,5.2,4.91,5.18,1012,0
AEON.US,D,20231102,000000,5.7,5.7,5.03,5.05,6453,0
AEON.US,D,20231103,000000,5,5,4.78,4.78,3276,0
AEON.US,D,20231106,000000,4.91,4.91,4.4119,4.68,9399,0
AEON.US,D,20231107,000000,4.65,4.73,4.62,4.62,15008,0
AEON.US,D,20231108,000000,4.55,4.61,4.44,4.52,8332,0
AEON.US,D,20231109,000000,4.44,4.46,4.21,4.41,5570,0
AEON.US,D,20231110,000000,4.21,4.35,4.14,4.18,9955,0
AEON.US,D,20231113,000000,4,4.13,3.8534,4.13,13143,0
AEON.US,D,20231114,000000,4.1,4.8,4.1,4.6,8196,0
AEON.US,D,20231115,000000,4.96,5.05,4.95,4.95,3294,0
AEON.US,D,20231116,000000,4.95,4.95,4.71,4.71,6066,0
AEON.US,D,20231117,000000,4.68,4.71,4.35,4.43,13086,0
AEON.US,D,20231120,000000,4.47,4.9,4.47,4.89,2368,0
AEON.US,D,20231121,000000,5.05,5.05,4.5601,4.7,5121,0
AEON.US,D,20231122,000000,4.43,4.94,4.43,4.87,2705,0
AEON.US,D,20231124,000000,4.84,5.15,4.84,5.14,8174,0
AEON.US,D,20231127,000000,5,5.96,5,5.36,21178,0
AEON.US,D,20231128,000000,5.17,5.9378,5.17,5.5,5999,0
AEON.US,D,20231129,000000,5.52,5.771,5.45,5.52,4648,0
AEON.US,D,20231130,000000,5.6,5.73,5.5377,5.69,4056,0
AEON.US,D,20231201,000000,5.68,6.06,5.68,6.05,7732,0
AEON.US,D,20231204,000000,6.16,6.2571,5.89,5.89,2257,0
AEON.US,D,20231205,000000,5.91,6.11,5.77,6.01,5597,0
AEON.US,D,20231206,000000,6.05,6.06,6.05,6.06,1657,0
AEON.US,D,20231207,000000,6.08,6.25,5.85,6.08,5556,0
AEON.US,D,20231208,000000,6.055,6.11,5.8,6.04,13243,0
AEON.US,D,20231211,000000,6.5,6.75,6.25,6.5,32595,0
AEON.US,D,20231212,000000,6.67,6.8712,6.01,6.18,18075,0
AEON.US,D,20231213,000000,6.18,6.2,5.32,5.56,25768,0
AEON.US,D,20231214,000000,5.6289,5.83,5.56,5.65,4341,0
AEON.US,D,20231215,000000,5.59,5.85,5.0628,5.85,2925,0
AEON.US,D,20231218,000000,5.665,5.665,5.665,5.665,1389,0
AEON.US,D,20231219,000000,5.7,5.9,5.54,5.9,23423,0
AEON.US,D,20231220,000000,5.93,6.006,5.55,5.61,6595,0
AEON.US,D,20231221,000000,5.74,5.74,5.33,5.65,15850,0
AEON.US,D,20231222,000000,5.62,5.75,5.43,5.75,16604,0
AEON.US,D,20231226,000000,5.56,5.995,5.5126,5.995,17077,0
AEON.US,D,20231227,000000,6,7.4,6,7.1,33322,0
AEON.US,D,20231228,000000,6.79,8.48,6.7449,7.02,46451,0
AEON.US,D,20231229,000000,7.3,7.64,6.73,7.2,18446,0
AEON.US,D,20240102,000000,7.1963,7.43,7.01,7.43,6774,0
AEON.US,D,20240103,000000,7.2765,7.42,6.8794,7.39,6189,0
AEON.US,D,20240104,000000,7.4,7.85,7.1,7.74,24147,0
AEON.US,D,20240105,000000,7.56,7.75,7.04,7.04,26687,0
AEON.US,D,20240108,000000,7.32,7.635,7.16,7.26,5102,0
AEON.US,D,20240109,000000,7.25,7.6,7.01,7.1,31955,0
AEON.US,D,20240110,000000,7.15,7.45,6.65,7.45,14738,0
AEON.US,D,20240111,000000,7.255,7.43,7.05,7.05,3654,0
AEON.US,D,20240112,000000,7.235,7.37,7.07,7.16,7036,0
AEON.US,D,20240116,000000,6.95,7.2,6.95,6.96,3124,0
AEON.US,D,20240117,000000,6.83,7.2499,6.83,7.1,6832,0
AEON.US,D,20240118,000000,7,7.16,6.94,7.15,5092,0
AEON.US,D,20240119,000000,7.56,7.89,7.151,7.89,29993,0
AEON.US,D,20240122,000000,7.89,8.45,7.84,8.1,23573,0
AEON.US,D,20240123,000000,8.27,8.74,8.27,8.35,23450,0
AEON.US,D,20240124,000000,8.4957,8.62,8.36,8.51,20618,0
AEON.US,D,20240125,000000,8.48,8.5,7.98,8.3,11658,0
AEON.US,D,20240126,000000,8.3,8.69,8.0145,8.69,18875,0
AEON.US,D,20240129,000000,8.64,8.74,8.4,8.52,11849,0
AEON.US,D,20240130,000000,7.49,7.89,6.73,7.24,36643,0
AEON.US,D,20240131,000000,7.06,7.25,6.93,7.21,22923,0
AEON.US,D,20240201,000000,7.2164,7.2164,6.85,7.14,13746,0
AEON.US,D,20240202,000000,6.81,7.21,6.81,7.2,14449,0
AEON.US,D,20240205,000000,6.9,9.29,6.9,9.29,36805,0
AEON.US,D,20240206,000000,9.19,9.87,9.02,9.74,36154,0
AEON.US,D,20240207,000000,9.35,9.64,8.97,9.26,16108,0
AEON.US,D,20240208,000000,9,9.125,8.29,9,16323,0
AEON.US,D,20240209,000000,8.83,9,8.75,9,11295,0
AEON.US,D,20240212,000000,8.7323,9.33,8.7323,8.98,13862,0
AEON.US,D,20240213,000000,8.73,8.97,8.5001,8.96,8192,0
AEON.US,D,20240214,000000,8.07,9.2,8.07,9.2,11916,0
AEON.US,D,20240215,000000,9,10.1075,8.9,9.81,23205,0
AEON.US,D,20240216,000000,9.9,10.15,9.211,9.89,13801,0
AEON.US,D,20240220,000000,10,10.8,9.66,10.6,18067,0
AEON.US,D,20240221,000000,10.99,11.51,10.49,11.17,55456,0
AEON.US,D,20240222,000000,11.45,11.55,10.45,10.45,27919,0
AEON.US,D,20240223,000000,10.55,11.4,10.55,11.4,12922,0
AEON.US,D,20240226,000000,11.89,12.34,11.46,12.2,22653,0
AEON.US,D,20240227,000000,12.83,12.83,11.5967,12.12,23929,0
AEON.US,D,20240228,000000,12.01,12.55,11.89,11.89,14972,0
AEON.US,D,20240229,000000,12.16,12.92,11.7635,11.9,36627,0
AEON.US,D,20240301,000000,12.81,12.85,11.82,12.85,25890,0
AEON.US,D,20240304,000000,13.13,13.72,12.07,13.72,114935,0
AEON.US,D,20240305,000000,12.49,12.64,11.5,11.55,66496,0
AEON.US,D,20240306,000000,12.03,13.14,11.8,13.14,55730,0
AEON.US,D,20240307,000000,13.1661,13.55,11.75,12.21,75836,0
AEON.US,D,20240308,000000,12.5,13.15,11.26,11.26,61697,0
AEON.US,D,20240311,000000,11.48,12.5,11.0386,12.05,36737,0
AEON.US,D,20240312,000000,12.28,12.95,11.9,12.4,45757,0
AEON.US,D,20240313,000000,12.45,12.74,11.8301,12.69,123978,0
AEON.US,D,20240314,000000,12.64,14.55,12.15,14.5,128139,0
AEON.US,D,20240315,000000,14.79,15.84,13.1373,15.75,483067,0
AEON.US,D,20240318,000000,15.81,17.17,15,16.29,247632,0
AEON.US,D,20240319,000000,16.28,16.37,13.43,14.4,355180,0
AEON.US,D,20240320,000000,13.82,14.85,12.04,12.59,121565,0
AEON.US,D,20240321,000000,12.72,13.32,10.65,10.9,88394,0
AEON.US,D,20240322,000000,10.83,11.58,10.53,11.44,60509,0
AEON.US,D,20240325,000000,11,11.95,10.6768,11.78,54688,0
AEON.US,D,20240326,000000,11.64,12,10.92,11.41,66607,0
AEON.US,D,20240327,000000,11.67,12.85,11.18,12.18,80629,0
AEON.US,D,20240328,000000,12.45,12.93,11.241,11.6,53243,0
AEON.US,D,20240401,000000,7.45,7.63,6.328,7.43,214566,0
AEON.US,D,20240402,000000,7.45,7.72,6.84,7.72,65499,0
AEON.US,D,20240403,000000,7.58,8.52,7.48,8.09,59741,0
AEON.US,D,20240404,000000,8.36,8.7,8.213,8.24,40236,0
AEON.US,D,20240405,000000,8.31,8.5337,8,8.4,40137,0
AEON.US,D,20240408,000000,8.12,8.55,7.96,8.55,26426,0
AEON.US,D,20240409,000000,8.26,8.455,7.8679,7.9,39389,0
AEON.US,D,20240410,000000,8.2,8.51,7.895,8.51,35191,0
AEON.US,D,20240411,000000,8.11,8.6,8.09,8.51,50332,0
AEON.US,D,20240412,000000,8.385,8.4,7.51,7.6,37801,0
AEON.US,D,20240415,000000,7.65,7.7,7,7.1,44044,0
AEON.US,D,20240416,000000,7.09,7.1,6.82,6.89,50341,0
AEON.US,D,20240417,000000,6.85,6.92,6.55,6.79,43202,0
AEON.US,D,20240418,000000,6.745,6.8,6.04,6.54,41385,0
AEON.US,D,20240419,000000,6.35,6.36,4.62,4.66,108722,0
AEON.US,D,20240422,000000,4.86,5.14,4.51,4.72,94110,0
AEON.US,D,20240423,000000,4.87,4.989,4.23,4.3,70875,0
AEON.US,D,20240424,000000,4.5,4.72,3.81,4.01,39877,0
AEON.US,D,20240425,000000,3.92,4.34,3.795,4.25,47756,0
AEON.US,D,20240426,000000,4.13,5.07,4.13,5.07,133325,0
AEON.US,D,20240429,000000,5.12,5.59,3.99,3.99,144033,0
AEON.US,D,20240430,000000,4.17,4.41,3.74,3.85,48706,0
AEON.US,D,20240501,000000,3.85,4.1889,3.45,3.57,49493,0
AEON.US,D,20240502,000000,3.57,3.57,3.24,3.36,69068,0
AEON.US,D,20240503,000000,1.4,1.75,1.38,1.7,931639,0
AEON.US,D,20240506,000000,1.75,1.82,1.63,1.63,219422,0
AEON.US,D,20240507,000000,1.69,1.7,1.5201,1.59,141854,0
AEON.US,D,20240508,000000,1.58,1.8,1.58,1.77,130580,0
AEON.US,D,20240509,000000,1.8,1.84,1.63,1.66,109838,0
AEON.US,D,20240510,000000,1.68,1.74,1.62,1.73,71027,0
AEON.US,D,20240513,000000,1.75,1.76,1.61,1.68,83190,0
AEON.US,D,20240514,000000,1.67,1.71,1.63,1.63,46281,0
AEON.US,D,20240515,000000,1.63,1.68,1.44,1.58,105758,0
AEON.US,D,20240516,000000,1.6,1.6,1.48,1.5,57789,0
AEON.US,D,20240517,000000,1.5,1.61,1.47,1.53,68491,0
AEON.US,D,20240520,000000,1.58,1.72,1.54,1.7,137427,0
AEON.US,D,20240521,000000,1.65,1.74,1.59,1.65,55272,0
AEON.US,D,20240522,000000,1.67,2.08,1.63,1.99,152759,0
AEON.US,D,20240523,000000,1.98,1.9874,1.66,1.69,90850,0
AEON.US,D,20240524,000000,1.7,1.83,1.64,1.78,39147,0
AEON.US,D,20240528,000000,1.76,1.76,1.26,1.38,170701,0
AEON.US,D,20240529,000000,1.46,1.95,1.45,1.5,389636,0
AEON.US,D,20240530,000000,1.59,1.59,1.4,1.44,105029,0
AEON.US,D,20240531,000000,1.44,1.6698,1.44,1.58,93334,0
AEON.US,D,20240603,000000,1.56,1.64,1.53,1.64,24854,0
AEON.US,D,20240604,000000,1.62,1.62,1.55,1.56,18197,0
AEON.US,D,20240605,000000,1.57,1.61,1.5,1.55,46062,0
AEON.US,D,20240606,000000,1.54,1.69,1.5,1.64,45590,0
AEON.US,D,20240607,000000,1.59,1.8,1.56,1.68,46455,0
AEON.US,D,20240610,000000,1.67,1.68,1.5,1.5,34330,0
AEON.US,D,20240611,000000,1.57,1.62,1.48,1.48,34560,0
AEON.US,D,20240612,000000,1.48,1.5699,1.46,1.51,35942,0
AEON.US,D,20240613,000000,1.54,1.54,1.36,1.36,41799,0
AEON.US,D,20240614,000000,1.36,1.43,1.35,1.39,24957,0
AEON.US,D,20240617,000000,1.41,1.6,1.41,1.55,63055,0
AEON.US,D,20240618,000000,1.47,1.5499,1.34,1.34,38538,0
AEON.US,D,20240620,000000,1.37,1.4,1.25,1.27,53598,0
AEON.US,D,20240621,000000,1.28,1.41,1.09,1.09,85748,0
AEON.US,D,20240624,000000,1.13,1.15,1.01,1.01,39213,0
AEON.US,D,20240625,000000,1.02,1.18,1.0101,1.07,64789,0
AEON.US,D,20240626,000000,1.11,1.11,1.01,1.01,10759,0
AEON.US,D,20240627,000000,1.01,1.1039,1.01,1.06,22979,0
AEON.US,D,20240628,000000,1.09,1.09,0.9176,1.05,100836,0
AEON.US,D,20240701,000000,1.0401,1.1,0.96655,1.04,46506,0
AEON.US,D,20240702,000000,1.06,1.07,1.005,1.01,19905,0
AEON.US,D,20240703,000000,0.96,1.01,0.96,0.96055,13007,0
AEON.US,D,20240705,000000,1.01,1.02,0.97,0.9776,8453,0
AEON.US,D,20240708,000000,1.02,1.03,1,1.02,8164,0
AEON.US,D,20240709,000000,1.05,1.1,1,1.1,35759,0
AEON.US,D,20240710,000000,1.075,1.0999,1.0396,1.04,15592,0
AEON.US,D,20240711,000000,1.09,1.09,1.05,1.06,13510,0
AEON.US,D,20240712,000000,1.13,1.41,1.11,1.4,186020,0
AEON.US,D,20240715,000000,1.83,3.74,1.58,2.28,56779267,0
AEON.US,D,20240716,000000,2.53,3.33,2.5,2.86,38245122,0
AEON.US,D,20240717,000000,2.81,2.81,2.4,2.64,2017768,0
AEON.US,D,20240718,000000,2.57,2.9,2.51,2.56,1033406,0
AEON.US,D,20240719,000000,2.52,2.54,2.2,2.25,522689,0
AEON.US,D,20240722,000000,2.35,2.433,2.26,2.35,383067,0
AEON.US,D,20240723,000000,2.35,2.84,2.35,2.54,775950,0
AEON.US,D,20240724,000000,2.47,2.77,2.45,2.64,449974,0
AEON.US,D,20240725,000000,2.6,2.9904,2.6,2.93,620649,0
AEON.US,D,20240726,000000,2.94,2.96,2.52,2.63,394957,0
AEON.US,D,20240729,000000,2.62,2.6552,1.99,2.02,784939,0
AEON.US,D,20240730,000000,2,2.05,1.78,1.95,344283,0
AEON.US,D,20240731,000000,1.91,1.98,1.68,1.72,519937,0
AEON.US,D,20240801,000000,1.7,1.74,1.04,1.15,632762,0
AEON.US,D,20240802,000000,1.21,1.28,0.9994,1.05,871388,0
AEON.US,D,20240805,000000,0.95,1.02,0.95,1.02,206345,0
AEON.US,D,20240806,000000,0.97,1.03,0.8,0.9235,687933,0
AEON.US,D,20240807,000000,0.9772,1.02,0.925,0.9846,187469,0
AEON.US,D,20240808,000000,0.9581,1.0199,0.9479,0.9918,52869,0
AEON.US,D,20240809,000000,1,1.06,0.9917,1.04,236572,0
AEON.US,D,20240812,000000,1.05,1.05,0.99,0.9998,123461,0
AEON.US,D,20240813,000000,1.04,1.04,0.97,0.99,98247,0
AEON.US,D,20240814,000000,1,1.02,0.98,1.01,63434,0
AEON.US,D,20240815,000000,1,1.05,1,1.05,45111,0
AEON.US,D,20240816,000000,1.07,1.1,1.01,1.02,91169,0
AEON.US,D,20240819,000000,0.98,1.02,0.98,1,83116,0
AEON.US,D,20240820,000000,1,1,0.96,0.99,73773,0
AEON.US,D,20240821,000000,0.9881,1,0.9284,0.98,153526,0
AEON.US,D,20240822,000000,1,1,0.9658,0.97,33636,0
AEON.US,D,20240823,000000,0.9444,0.9993,0.9444,0.9726,52071,0
AEON.US,D,20240826,000000,0.9635,0.989999,0.915,0.9336,91832,0
AEON.US,D,20240827,000000,0.9102,0.9506,0.9102,0.9151,43151,0
AEON.US,D,20240828,000000,0.93,0.97,0.92,0.95,85287,0
AEON.US,D,20240829,000000,0.9437,0.9609,0.9,0.9485,40123,0
AEON.US,D,20240830,000000,0.93,0.9305,0.8016,0.8335,340878,0
AEON.US,D,20240903,000000,0.8,0.8599,0.8,0.842,184009,0
AEON.US,D,20240904,000000,0.85,0.85,0.819,0.8295,59370,0
AEON.US,D,20240905,000000,0.8325,0.86,0.8,0.8174,63439,0
AEON.US,D,20240906,000000,0.82,0.8395,0.7066,0.769,102370,0
AEON.US,D,20240909,000000,0.8121,0.8121,0.74,0.76,52661,0
AEON.US,D,20240910,000000,0.75,0.76,0.721,0.7454,78576,0
AEON.US,D,20240911,000000,0.77,0.8096,0.755,0.7823,65574,0
AEON.US,D,20240912,000000,0.89,0.89,0.741,0.741,73855,0
AEON.US,D,20240913,000000,0.741,0.799,0.7296,0.7448,176697,0
AEON.US,D,20240916,000000,0.7386,0.7703,0.7143,0.7143,91193,0
AEON.US,D,20240917,000000,0.72,0.754899,0.705,0.705,82987,0
AEON.US,D,20240918,000000,0.7,0.7349,0.6683,0.67,121569,0
AEON.US,D,20240919,000000,0.722799,0.7228,0.669,0.669,88038,0
AEON.US,D,20240920,000000,0.69,0.76899,0.636,0.6891,249733,0
AEON.US,D,20240923,000000,0.7299,0.7299,0.6891,0.6891,116024,0
AEON.US,D,20240924,000000,0.729,0.776,0.705,0.7309,97340,0
AEON.US,D,20240925,000000,0.74,0.8126,0.74,0.7993,46452,0
AEON.US,D,20240926,000000,0.83,0.8701,0.7993,0.8583,37799,0
AEON.US,D,20240927,000000,0.8858,1.0948,0.8606,0.9277,373275,0
AEON.US,D,20240930,000000,1.07,1.1,0.93,1.05,331575,0
AEON.US,D,20241001,000000,1.05,1.07,1,1.02,149169,0
AEON.US,D,20241002,000000,1.02,1.15,1,1.13,264455,0
AEON.US,D,20241003,000000,1.14,1.15,1.09,1.11,100664,0
AEON.US,D,20241004,000000,1.12,1.36,1.12,1.21,258540,0
AEON.US,D,20241007,000000,1.31,1.57,1.24,1.5,730874,0
AEON.US,D,20241008,000000,1.56,1.6051,1.35,1.44,476747,0
AEON.US,D,20241009,000000,1.34,1.365,1.11,1.13,472186,0
AEON.US,D,20241010,000000,1.14,1.2483,1.1,1.1,185338,0
AEON.US,D,20241011,000000,1.12,1.1296,0.98,0.996,169433,0
AEON.US,D,20241014,000000,1.04,1.04,0.9881,1.04,74018,0
AEON.US,D,20241015,000000,0.9901,1.04,0.9901,1.02,62392,0
AEON.US,D,20241016,000000,1.01,1.12,1.01,1.1,143740,0
AEON.US,D,20241017,000000,1.11,1.16,1.06,1.08,84227,0
AEON.US,D,20241018,000000,1.05,1.08,1.02,1.06,47669,0
AEON.US,D,20241021,000000,1.06,1.11,1.01,1.01,44245,0
AEON.US,D,20241022,000000,1.03,1.05,0.9594,0.9802,77804,0
AEON.US,D,20241023,000000,1,1.02,0.9803,1,84956,0
AEON.US,D,20241024,000000,0.98,1.025,0.98,1.02,163993,0
AEON.US,D,20241025,000000,1.03,1.03,1,1.01,45883,0
AEON.US,D,20241028,000000,1.01,1.02,1,1,46372,0
AEON.US,D,20241029,000000,1,1.02,0.9637,0.98,110033,0
AEON.US,D,20241030,000000,0.9686,0.98,0.9217,0.9217,60843,0
AEON.US,D,20241031,000000,0.9246,0.9269,0.89,0.918,45873,0
AEON.US,D,20241101,000000,0.918,0.9199,0.8722,0.8799,31162,0
AEON.US,D,20241104,000000,0.8796,0.9067,0.87,0.879,16968,0
AEON.US,D,20241105,000000,0.88,0.9195,0.87,0.8768,54734,0
AEON.US,D,20241106,000000,0.8716,0.876,0.83,0.85,63598,0
AEON.US,D,20241107,000000,0.8245,0.8715,0.8049,0.8049,108825,0
AEON.US,D,20241108,000000,0.81,0.815,0.6516,0.75,246501,0
AEON.US,D,20241111,000000,0.739999,0.821919,0.728889,0.82,192701,0
AEON.US,D,20241112,000000,0.82,0.88,0.7307,0.751,165817,0
AEON.US,D,20241113,000000,0.751,0.76,0.69,0.6901,204724,0
AEON.US,D,20241114,000000,0.7,0.708,0.604,0.6118,229895,0
AEON.US,D,20241115,000000,0.6579,0.658,0.6009,0.6171,130302,0
AEON.US,D,20241118,000000,0.6222,0.644,0.58,0.597,149353,0
AEON.US,D,20241119,000000,0.5976,0.599,0.57,0.58,147556,0
AEON.US,D,20241120,000000,0.5974,0.599,0.55,0.5636,100389,0
AEON.US,D,20241121,000000,0.55,0.589399,0.55,0.559,112118,0
AEON.US,D,20241122,000000,0.5545,0.5794,0.5206,0.5301,150185,0
AEON.US,D,20241125,000000,0.5301,0.577,0.5246,0.5542,131727,0
AEON.US,D,20241126,000000,0.55245,0.5553,0.531122,0.5493,64418,0
AEON.US,D,20241127,000000,0.5595,0.5685,0.5353,0.5353,104956,0
AEON.US,D,20241129,000000,0.554,0.5623,0.5401,0.5439,112097,0
AEON.US,D,20241202,000000,0.5627,0.6373,0.55,0.6047,317741,0
AEON.US,D,20241203,000000,0.6064,0.71,0.5536,0.5831,491655,0
AEON.US,D,20241204,000000,0.57,0.8478,0.5683,0.67,1570730,0
AEON.US,D,20241205,000000,0.6423,0.709882,0.6,0.6422,351829,0
AEON.US,D,20241206,000000,0.62,0.68,0.62,0.6463,126989,0
AEON.US,D,20241209,000000,0.6623,0.6776,0.6091,0.6627,100266,0
AEON.US,D,20241210,000000,0.6594,0.6594,0.6,0.616,132159,0
AEON.US,D,20241211,000000,0.64,0.9,0.6201,0.9,1043608,0
AEON.US,D,20241212,000000,0.9,0.9,0.7077,0.71,378298,0
AEON.US,D,20241213,000000,0.732,0.749799,0.6511,0.674,99130,0
AEON.US,D,20241216,000000,0.695,0.712,0.610903,0.65,144050,0
AEON.US,D,20241217,000000,0.65,0.665,0.61,0.65,82978,0
AEON.US,D,20241218,000000,0.6598,0.6821,0.6265,0.665,145881,0
AEON.US,D,20241219,000000,0.66,0.66225,0.6,0.6495,220482,0
AEON.US,D,20241220,000000,0.645,0.65,0.58,0.65,164552,0
AEON.US,D,20241223,000000,0.63,0.6482,0.5941,0.5994,137027,0
AEON.US,D,20241224,000000,0.6315,0.6433,0.5605,0.5819,155023,0
AEON.US,D,20241226,000000,0.582,0.62,0.58,0.6,121117,0
AEON.US,D,20241227,000000,0.621,0.629,0.57,0.59,258014,0
AEON.US,D,20241230,000000,0.59,0.5923,0.54,0.56,303517,0
AEON.US,D,20241231,000000,0.58005,0.58005,0.5023,0.54,244402,0
AEON.US,D,20250102,000000,0.54,0.5806,0.5274,0.5498,64836,0
AEON.US,D,20250103,000000,0.5503,0.59,0.55,0.569,135958,0
AEON.US,D,20250106,000000,0.1617,0.211,0.16,0.21,96213026,0
AEON.US,D,20250107,000000,0.2215,0.2683,0.1973,0.221,48687683,0
AEON.US,D,20250108,000000,0.21,0.2105,0.175,0.1901,23226868,0
AEON.US,D,20250110,000000,0.192,0.1973,0.177,0.1856,8959751,0
AEON.US,D,20250113,000000,0.1557,0.16,0.1309,0.141,18808348,0
AEON.US,D,20250114,000000,0.1399,0.143,0.1258,0.127,8513458,0
AEON.US,D,20250115,000000,0.1236,0.1236,0.1013,0.1096,12962749,0
AEON.US,D,20250116,000000,0.1074,0.223,0.1074,0.1709,669022904,0
AEON.US,D,20250117,000000,0.149,0.1626,0.1311,0.154,29857673,0
AEON.US,D,20250121,000000,0.14145,0.146,0.1242,0.1292,12259888,0
AEON.US,D,20250122,000000,0.1287,0.1307,0.1189,0.1246,9637670,0
AEON.US,D,20250123,000000,0.1241,0.13,0.1128,0.128,6943963,0
AEON.US,D,20250124,000000,0.1338,0.1531,0.13,0.1383,16144500,0
AEON.US,D,20250127,000000,0.1313,0.1349,0.1231,0.1293,5236735,0
AEON.US,D,20250128,000000,0.1288,0.1288,0.1239,0.1256,2878324,0
AEON.US,D,20250129,000000,0.1251,0.12515,0.115,0.12,3212636,0
AEON.US,D,20250130,000000,0.1205,0.123,0.1179,0.1215,2220393,0
AEON.US,D,20250131,000000,0.1224,0.1441,0.1211,0.1287,7718086,0
AEON.US,D,20250203,000000,0.124,0.13,0.117,0.13,2992546,0
AEON.US,D,20250204,000000,0.1222,0.1259,0.1205,0.1252,2406474,0
AEON.US,D,20250205,000000,0.125,0.1252,0.1201,0.1205,1876346,0
AEON.US,D,20250206,000000,0.1212,0.14,0.1205,0.14,6423324,0
AEON.US,D,20250207,000000,0.1344,0.1354,0.1265,0.1303,3757560,0
AEON.US,D,20250210,000000,0.13,0.13,0.12,0.1299,5124259,0
AEON.US,D,20250211,000000,0.1221,0.137849,0.117,0.1353,7759539,0
AEON.US,D,20250212,000000,0.127,0.139,0.1239,0.136,5799117,0
AEON.US,D,20250213,000000,0.1309,0.1317,0.122,0.13,3689137,0
AEON.US,D,20250214,000000,0.126,0.129,0.121,0.129,3084964,0
AEON.US,D,20250218,000000,0.1233,0.124899,0.1085,0.109,7686451,0
AEON.US,D,20250219,000000,0.1111,0.115,0.103,0.115,25760410,0
