<TICKER>,<PER>,<DATE>,<TIME>,<OPEN>,<HIGH>,<LOW>,<CLOSE>,<VOL>,<OPENINT>
ATEK.US,D,20220204,000000,9.97,9.97,9.97,9.97,121,0
ATEK.US,D,20220209,000000,9.97,9.97,9.76,9.76,1173,0
ATEK.US,D,20220211,000000,9.76,9.76,9.76,9.76,105,0
ATEK.US,D,20220217,000000,9.76,9.76,9.76,9.76,149,0
ATEK.US,D,20220222,000000,9.92,9.92,9.76,9.76,302,0
ATEK.US,D,20220225,000000,9.76,9.76,9.76,9.76,1167,0
ATEK.US,D,20220228,000000,9.78,9.78,9.76,9.76,2009,0
ATEK.US,D,20220303,000000,9.75,9.75,9.75,9.75,505,0
ATEK.US,D,20220309,000000,9.76,9.76,9.75,9.75,6059,0
ATEK.US,D,20220316,000000,9.76,9.78,9.75,9.78,28761,0
ATEK.US,D,20220321,000000,9.7,9.7,9.7,9.7,105,0
ATEK.US,D,20220325,000000,9.82,9.82,9.76,9.79,518711,0
ATEK.US,D,20220328,000000,9.84,9.84,9.78,9.78,1358,0
ATEK.US,D,20220329,000000,9.78,9.78,9.78,9.78,61002,0
ATEK.US,D,20220330,000000,9.785,9.785,9.77,9.78,49816,0
ATEK.US,D,20220401,000000,9.78,9.79,9.77,9.79,185993,0
ATEK.US,D,20220404,000000,9.83,9.83,9.78,9.8,123223,0
ATEK.US,D,20220405,000000,9.83,9.83,9.77,9.77,31048,0
ATEK.US,D,20220406,000000,9.78,9.83,9.78,9.83,153174,0
ATEK.US,D,20220407,000000,9.79,9.79,9.79,9.79,100,0
ATEK.US,D,20220408,000000,9.8,9.8,9.79,9.79,500,0
ATEK.US,D,20220411,000000,9.79,9.83,9.79,9.83,432,0
ATEK.US,D,20220412,000000,9.85,9.85,9.8,9.8,10622,0
ATEK.US,D,20220413,000000,9.8,9.8,9.8,9.8,15077,0
ATEK.US,D,20220414,000000,9.8,9.8,9.8,9.8,608611,0
ATEK.US,D,20220418,000000,9.82,9.82,9.8,9.82,6342,0
ATEK.US,D,20220419,000000,9.8,9.82,9.8,9.82,10138,0
ATEK.US,D,20220420,000000,9.82,9.82,9.81,9.82,296303,0
ATEK.US,D,20220428,000000,9.88,9.88,9.88,9.88,111,0
ATEK.US,D,20220502,000000,9.835,9.835,9.835,9.835,1705,0
ATEK.US,D,20220510,000000,9.84,9.84,9.84,9.84,202,0
ATEK.US,D,20220511,000000,9.79,9.79,9.79,9.79,796,0
ATEK.US,D,20220516,000000,9.8166,9.8166,9.8166,9.8166,557,0
ATEK.US,D,20220520,000000,9.7916,9.7916,9.7916,9.7916,1200,0
ATEK.US,D,20220531,000000,9.76,9.9,9.76,9.77,126135,0
ATEK.US,D,20220601,000000,9.7992,9.7992,9.7992,9.7992,545,0
ATEK.US,D,20220603,000000,9.81,9.81,9.78,9.78,518,0
ATEK.US,D,20220607,000000,9.78,9.79,9.78,9.79,208,0
ATEK.US,D,20220608,000000,9.83,9.83,9.79,9.79,506,0
ATEK.US,D,20220610,000000,9.8,9.8,9.79,9.79,204,0
ATEK.US,D,20220613,000000,9.79,9.81,9.79,9.81,4742,0
ATEK.US,D,20220616,000000,9.79,9.79,9.79,9.79,607,0
ATEK.US,D,20220617,000000,9.81,9.81,9.79,9.79,1015,0
ATEK.US,D,20220621,000000,9.78,9.78,9.78,9.78,900000,0
ATEK.US,D,20220622,000000,9.79,9.79,9.79,9.79,100,0
ATEK.US,D,20220624,000000,9.9,9.9,9.85,9.85,255,0
ATEK.US,D,20220628,000000,9.81,9.81,9.81,9.81,100,0
ATEK.US,D,20220630,000000,9.8,9.85,9.8,9.8,850,0
ATEK.US,D,20220705,000000,9.825,9.825,9.825,9.825,286979,0
ATEK.US,D,20220713,000000,9.83,9.83,9.83,9.83,2118,0
ATEK.US,D,20220714,000000,9.83,9.83,9.83,9.83,12919,0
ATEK.US,D,20220715,000000,9.83,9.83,9.83,9.83,76711,0
ATEK.US,D,20220718,000000,9.83,9.83,9.83,9.83,25009,0
ATEK.US,D,20220719,000000,9.83,9.83,9.83,9.83,25137,0
ATEK.US,D,20220720,000000,9.82,9.82,9.82,9.82,875,0
ATEK.US,D,20220721,000000,9.82,9.82,9.82,9.82,10915,0
ATEK.US,D,20220722,000000,9.83,9.84,9.83,9.83,1925199,0
ATEK.US,D,20220725,000000,9.85,9.85,9.85,9.85,167962,0
ATEK.US,D,20220726,000000,9.84,9.84,9.84,9.84,100,0
ATEK.US,D,20220727,000000,9.86,9.88,9.83,9.83,2580,0
ATEK.US,D,20220729,000000,9.83,9.83,9.83,9.83,110,0
ATEK.US,D,20220801,000000,9.83,9.83,9.83,9.83,100,0
ATEK.US,D,20220803,000000,9.93,9.93,9.86,9.865,62420,0
ATEK.US,D,20220804,000000,9.875,9.89,9.87,9.89,46559,0
ATEK.US,D,20220805,000000,9.89,9.89,9.89,9.89,18531,0
ATEK.US,D,20220808,000000,9.9,9.9,9.89,9.89,147906,0
ATEK.US,D,20220809,000000,9.88,9.89,9.88,9.89,5163,0
ATEK.US,D,20220810,000000,9.88,9.895,9.88,9.895,152347,0
ATEK.US,D,20220811,000000,9.89,9.8999,9.88,9.89,1129,0
ATEK.US,D,20220812,000000,9.89,9.9,9.89,9.9,89059,0
ATEK.US,D,20220815,000000,9.9,9.9,9.895,9.895,10356,0
ATEK.US,D,20220816,000000,9.91,9.91,9.91,9.91,107,0
ATEK.US,D,20220817,000000,9.88,9.89,9.87,9.88,536703,0
ATEK.US,D,20220818,000000,9.87,9.87,9.87,9.87,278,0
ATEK.US,D,20220819,000000,9.85,9.85,9.85,9.85,100,0
ATEK.US,D,20220823,000000,9.88,9.88,9.88,9.88,122,0
ATEK.US,D,20220824,000000,9.875,9.875,9.86,9.86,206905,0
ATEK.US,D,20220825,000000,9.86,9.86,9.86,9.86,960,0
ATEK.US,D,20220826,000000,9.86,9.86,9.86,9.86,2064,0
ATEK.US,D,20220829,000000,9.86,9.86,9.86,9.86,8197,0
ATEK.US,D,20220830,000000,9.85,9.85,9.85,9.85,466,0
ATEK.US,D,20220901,000000,9.86,9.86,9.86,9.86,100,0
ATEK.US,D,20220902,000000,9.86,9.86,9.85,9.85,39816,0
ATEK.US,D,20220907,000000,9.86,9.86,9.86,9.86,182,0
ATEK.US,D,20220909,000000,9.85,9.85,9.85,9.85,1475,0
ATEK.US,D,20220912,000000,9.85,9.85,9.85,9.85,8600,0
ATEK.US,D,20220913,000000,9.85,9.86,9.85,9.86,200,0
ATEK.US,D,20220916,000000,9.85,9.855,9.845,9.855,19410,0
ATEK.US,D,20220919,000000,9.85,9.87,9.84,9.84,54279,0
ATEK.US,D,20220920,000000,9.86,9.87,9.85,9.855,12467,0
ATEK.US,D,20220922,000000,9.87,9.88,9.87,9.88,779711,0
ATEK.US,D,20220923,000000,9.87,9.87,9.86,9.86,7736,0
ATEK.US,D,20220926,000000,9.87,9.88,9.87,9.88,266102,0
ATEK.US,D,20220927,000000,9.88,9.89,9.88,9.88,195292,0
ATEK.US,D,20220928,000000,9.87,9.87,9.87,9.87,135992,0
ATEK.US,D,20221003,000000,9.89,9.89,9.88,9.88,9832,0
ATEK.US,D,20221004,000000,9.87,9.87,9.87,9.87,100,0
ATEK.US,D,20221006,000000,9.89,9.89,9.85,9.85,5489,0
ATEK.US,D,20221007,000000,9.87,9.87,9.87,9.87,150,0
ATEK.US,D,20221010,000000,9.86,9.86,9.86,9.86,205,0
ATEK.US,D,20221011,000000,9.85,9.85,9.85,9.85,1370,0
ATEK.US,D,20221012,000000,9.87,9.91,9.87,9.91,29122,0
ATEK.US,D,20221013,000000,9.89,9.91,9.89,9.89,12685,0
ATEK.US,D,20221014,000000,9.89,9.9,9.88,9.9,115005,0
ATEK.US,D,20221017,000000,9.89,9.91,9.89,9.91,292939,0
ATEK.US,D,20221018,000000,9.95,9.95,9.915,9.92,8759,0
ATEK.US,D,20221019,000000,9.91,9.93,9.9,9.925,101563,0
ATEK.US,D,20221021,000000,9.93,9.94,9.9291,9.94,68402,0
ATEK.US,D,20221024,000000,9.95,9.95,9.95,9.95,101,0
ATEK.US,D,20221025,000000,9.95,9.96,9.95,9.95,33431,0
ATEK.US,D,20221026,000000,9.96,9.96,9.94,9.94,7471,0
ATEK.US,D,20221028,000000,9.96,9.96,9.94,9.955,68138,0
ATEK.US,D,20221031,000000,9.95,9.9502,9.94,9.95,373609,0
ATEK.US,D,20221101,000000,9.96,9.97,9.951,9.965,76527,0
ATEK.US,D,20221102,000000,9.97,9.98,9.97,9.98,10672,0
ATEK.US,D,20221103,000000,9.9799,9.98,9.975,9.98,853,0
ATEK.US,D,20221104,000000,9.97,9.98,9.97,9.975,53686,0
ATEK.US,D,20221107,000000,9.97,9.99,9.97,9.97,5094,0
ATEK.US,D,20221108,000000,9.97,9.975,9.96,9.97,552408,0
ATEK.US,D,20221109,000000,9.96,9.96,9.96,9.96,170,0
ATEK.US,D,20221110,000000,9.9601,9.9601,9.9601,9.9601,150,0
ATEK.US,D,20221111,000000,9.955,9.955,9.945,9.945,35591,0
ATEK.US,D,20221114,000000,9.94,9.94,9.94,9.94,275,0
ATEK.US,D,20221115,000000,9.96,9.97,9.955,9.97,22552,0
ATEK.US,D,20221116,000000,9.96,9.98,9.96,9.97,11853,0
ATEK.US,D,20221117,000000,10.0201,10.05,9.98,9.98,919558,0
ATEK.US,D,20221118,000000,9.99,10,9.98,9.985,3760,0
ATEK.US,D,20221121,000000,9.99,10.01,9.985,10.01,453918,0
ATEK.US,D,20221122,000000,10.03,10.03,9.99,10,202607,0
ATEK.US,D,20221123,000000,10,10.0013,10,10,150277,0
ATEK.US,D,20221125,000000,9.99,10.01,9.99,10.01,47258,0
ATEK.US,D,20221128,000000,10.02,10.04,10.02,10.03,176147,0
ATEK.US,D,20221129,000000,10.025,10.025,10.025,10.025,173,0
ATEK.US,D,20221202,000000,10.03,10.05,10.03,10.04,1050450,0
ATEK.US,D,20221205,000000,10.05,10.05,10.045,10.05,24347,0
ATEK.US,D,20221206,000000,10.04,10.06,10.04,10.05,447699,0
ATEK.US,D,20221207,000000,10.05,10.06,10.05,10.06,451147,0
ATEK.US,D,20221208,000000,10.06,10.06,10.06,10.06,100,0
ATEK.US,D,20221209,000000,10.05,10.06,10.05,10.06,112660,0
ATEK.US,D,20221212,000000,10.04,10.06,10.04,10.05,5265,0
ATEK.US,D,20221213,000000,10,10.05,10,10.05,919,0
ATEK.US,D,20221214,000000,10,10.04,9.99,10.03,39902,0
ATEK.US,D,20221219,000000,10.06,10.16,10.06,10.16,21321,0
ATEK.US,D,20221220,000000,10.04,10.04,9.9,9.945,7683,0
ATEK.US,D,20221221,000000,9.94,10.01,9.94,10.01,1729,0
ATEK.US,D,20221222,000000,9.99,10,9.99,9.99,80934,0
ATEK.US,D,20221223,000000,9.99,10,9.99,9.99,174062,0
ATEK.US,D,20221227,000000,9.99,10.03,9.99,10.03,110900,0
ATEK.US,D,20221228,000000,10.04,10.05,10.04,10.05,50183,0
ATEK.US,D,20221229,000000,10.05,10.06,10.05,10.06,10485,0
ATEK.US,D,20230103,000000,10.06,10.06,10.06,10.06,1356,0
ATEK.US,D,20230104,000000,10.07,10.07,10.07,10.07,10201,0
ATEK.US,D,20230105,000000,10.07,10.09,10.07,10.09,214723,0
ATEK.US,D,20230106,000000,10.09,10.09,10.09,10.09,847,0
ATEK.US,D,20230109,000000,10.08,10.1,10.08,10.1,1991,0
ATEK.US,D,20230110,000000,10.09,10.11,10.09,10.11,77479,0
ATEK.US,D,20230113,000000,10.11,10.11,10.1,10.1,1938,0
ATEK.US,D,20230118,000000,10.115,10.12,10.11,10.12,54903,0
ATEK.US,D,20230120,000000,10.15,10.15,10.15,10.15,510,0
ATEK.US,D,20230123,000000,10.12,10.12,10.12,10.12,384,0
ATEK.US,D,20230124,000000,10.13,10.14,10.11,10.11,35495,0
ATEK.US,D,20230125,000000,10.14,10.14,10.14,10.14,1638,0
ATEK.US,D,20230126,000000,10.14,10.14,10.13,10.13,2724,0
ATEK.US,D,20230127,000000,10.13,10.15,10.13,10.14,76715,0
ATEK.US,D,20230130,000000,10.14,10.1501,10.14,10.145,32203,0
ATEK.US,D,20230131,000000,10.18,10.18,10.15,10.15,1442,0
ATEK.US,D,20230201,000000,10.15,10.15,10.15,10.15,2475,0
ATEK.US,D,20230202,000000,10.15,10.16,10.15,10.16,5954,0
ATEK.US,D,20230203,000000,10.1581,10.19,10.15,10.19,2704,0
ATEK.US,D,20230206,000000,10.17,10.17,10.15,10.15,2143,0
ATEK.US,D,20230207,000000,10.15,10.15,10.15,10.15,19029,0
ATEK.US,D,20230208,000000,10.1501,10.17,10.1501,10.17,1004124,0
ATEK.US,D,20230209,000000,10.15,10.15,10.15,10.15,100,0
ATEK.US,D,20230210,000000,10.16,10.16,10.16,10.16,387,0
ATEK.US,D,20230213,000000,10.16,10.16,10.16,10.16,129,0
ATEK.US,D,20230214,000000,10.175,10.175,10.16,10.175,8123,0
ATEK.US,D,20230215,000000,10.18,10.2,10.18,10.2,15517,0
ATEK.US,D,20230216,000000,10.18,10.18,10.18,10.18,16672,0
ATEK.US,D,20230217,000000,10.18,10.18,10.175,10.18,184868,0
ATEK.US,D,20230221,000000,10.18,10.19,10.18,10.19,36588,0
ATEK.US,D,20230222,000000,10.185,10.185,10.1827,10.1827,868,0
ATEK.US,D,20230223,000000,10.18,10.21,10.18,10.21,3071,0
ATEK.US,D,20230224,000000,10.185,10.195,10.185,10.19,9255,0
ATEK.US,D,20230227,000000,10.19,10.19,10.19,10.19,100,0
ATEK.US,D,20230228,000000,10.19,10.19,10.19,10.19,35174,0
ATEK.US,D,20230301,000000,10.19,10.19,10.19,10.19,119,0
ATEK.US,D,20230302,000000,10.19,10.195,10.19,10.195,168034,0
ATEK.US,D,20230306,000000,10.2,10.205,10.195,10.205,14770,0
ATEK.US,D,20230307,000000,10.23,10.23,10.2,10.2,495918,0
ATEK.US,D,20230308,000000,10.205,10.21,10.205,10.21,27628,0
ATEK.US,D,20230309,000000,10.2206,10.2206,10.21,10.21,255,0
ATEK.US,D,20230310,000000,10.24,10.24,10.2201,10.2201,1157,0
ATEK.US,D,20230313,000000,10.21,10.21,10.21,10.21,110,0
ATEK.US,D,20230314,000000,10.21,10.225,10.21,10.21,634171,0
ATEK.US,D,20230315,000000,10.25,10.25,10.21,10.21,500881,0
ATEK.US,D,20230316,000000,10.29,10.29,10.21,10.22,634426,0
ATEK.US,D,20230317,000000,10.23,10.23,10.22,10.22,437,0
ATEK.US,D,20230320,000000,10.23,10.3,10.23,10.3,1793,0
ATEK.US,D,20230321,000000,10.255,10.255,10.23,10.23,578789,0
ATEK.US,D,20230323,000000,10.23,10.24,10.23,10.24,57890,0
ATEK.US,D,20230324,000000,10.24,10.25,10.24,10.24,64513,0
ATEK.US,D,20230327,000000,10.3,10.3,10.25,10.26,1819,0
ATEK.US,D,20230330,000000,10.26,10.2602,10.25,10.25,3266,0
ATEK.US,D,20230403,000000,10.3,10.3,10.27,10.27,250,0
ATEK.US,D,20230405,000000,10.2588,10.27,10.2588,10.27,591,0
ATEK.US,D,20230406,000000,10.25,10.255,10.25,10.255,254,0
ATEK.US,D,20230410,000000,10.255,10.26,10.255,10.26,5065,0
ATEK.US,D,20230411,000000,10.29,10.29,10.26,10.2627,63137,0
ATEK.US,D,20230414,000000,10.27,10.2933,10.27,10.2933,277110,0
ATEK.US,D,20230417,000000,10.28,10.28,10.28,10.28,1264078,0
ATEK.US,D,20230418,000000,10.28,10.2827,10.28,10.2827,41870,0
ATEK.US,D,20230419,000000,10.27,10.27,10.27,10.27,34781,0
ATEK.US,D,20230420,000000,10.27,10.3,10.27,10.29,798199,0
ATEK.US,D,20230421,000000,10.29,10.29,10.28,10.28,50210,0
ATEK.US,D,20230424,000000,10.29,10.3,10.2818,10.29,203846,0
ATEK.US,D,20230425,000000,10.3,10.3,10.29,10.29,117212,0
ATEK.US,D,20230426,000000,10.3,10.3,10.29,10.29,425490,0
ATEK.US,D,20230427,000000,10.3,10.3,10.29,10.3,319301,0
ATEK.US,D,20230428,000000,10.3,10.3,10.3,10.3,106,0
ATEK.US,D,20230501,000000,10.3,10.3,10.3,10.3,2758,0
ATEK.US,D,20230502,000000,10.3,10.3,10.3,10.3,360377,0
ATEK.US,D,20230503,000000,10.3,10.3,10.3,10.3,6844,0
ATEK.US,D,20230504,000000,10.3,10.31,10.3,10.31,2880,0
ATEK.US,D,20230508,000000,10.31,10.31,10.3,10.3,45143,0
ATEK.US,D,20230509,000000,10.31,10.31,10.3,10.3,4941,0
ATEK.US,D,20230510,000000,10.3001,10.305,10.3,10.3,131723,0
ATEK.US,D,20230511,000000,10.3036,10.3099,10.3,10.3099,553,0
ATEK.US,D,20230512,000000,10.31,10.31,10.3,10.305,10206,0
ATEK.US,D,20230515,000000,10.32,10.32,10.3,10.31,31202,0
ATEK.US,D,20230516,000000,10.3,10.31,10.3,10.31,3866,0
ATEK.US,D,20230517,000000,10.33,10.34,10.33,10.3366,1161655,0
ATEK.US,D,20230518,000000,10.34,10.35,10.33,10.3497,1522706,0
ATEK.US,D,20230522,000000,10.36,10.36,10.34,10.35,400669,0
ATEK.US,D,20230523,000000,10.35,10.35,10.35,10.35,802,0
ATEK.US,D,20230524,000000,10.343,10.35,10.343,10.345,2034,0
ATEK.US,D,20230525,000000,10.35,10.35,10.35,10.35,540,0
ATEK.US,D,20230530,000000,10.37,10.37,10.35,10.355,26665,0
ATEK.US,D,20230531,000000,10.37,10.37,10.36,10.36,1409,0
ATEK.US,D,20230601,000000,10.36,10.36,10.35,10.35,86073,0
ATEK.US,D,20230602,000000,10.355,10.36,10.35,10.35,727,0
ATEK.US,D,20230605,000000,10.35,10.36,10.35,10.36,9132,0
ATEK.US,D,20230607,000000,10.38,10.38,10.375,10.375,660921,0
ATEK.US,D,20230608,000000,10.3653,10.3653,10.35,10.35,462,0
ATEK.US,D,20230609,000000,10.24,10.39,10.24,10.36,3219,0
ATEK.US,D,20230612,000000,10.35,10.39,10.35,10.3701,15203,0
ATEK.US,D,20230613,000000,10.39,10.39,10.33,10.33,3350,0
ATEK.US,D,20230615,000000,10.35,10.375,10.34,10.35,343121,0
ATEK.US,D,20230620,000000,10.36,10.36,10.36,10.36,120,0
ATEK.US,D,20230621,000000,10.39,10.39,10.39,10.39,261,0
ATEK.US,D,20230622,000000,10.39,10.39,10.35,10.35,532,0
ATEK.US,D,20230623,000000,10.36,10.3602,10.36,10.36,625,0
ATEK.US,D,20230626,000000,10.39,10.39,10.3559,10.3559,888,0
ATEK.US,D,20230628,000000,10.37,10.43,10.37,10.38,7915,0
ATEK.US,D,20230629,000000,10.4,10.9,10.39,10.39,42454,0
ATEK.US,D,20230630,000000,10.42,10.81,10.42,10.44,13170,0
ATEK.US,D,20230703,000000,10.38,10.56,10.38,10.49,9201,0
ATEK.US,D,20230705,000000,10.47,10.47,10.4,10.4,2389,0
ATEK.US,D,20230706,000000,10.4,10.4338,10.39,10.4,13483,0
ATEK.US,D,20230710,000000,10.41,10.41,10.41,10.41,105,0
ATEK.US,D,20230711,000000,10.38,10.38,10.38,10.38,130,0
ATEK.US,D,20230713,000000,10.38,10.38,10.38,10.38,45164,0
ATEK.US,D,20230714,000000,10.38,10.49,10.38,10.39,4173,0
ATEK.US,D,20230718,000000,10.67,10.67,10.67,10.67,111,0
ATEK.US,D,20230719,000000,10.67,10.75,10.45,10.47,25971,0
ATEK.US,D,20230720,000000,10.46,10.46,10.46,10.46,434,0
ATEK.US,D,20230721,000000,10.53,10.53,10.53,10.53,150,0
ATEK.US,D,20230724,000000,10.43,10.43,10.42,10.42,327,0
ATEK.US,D,20230725,000000,10.42,10.42,10.42,10.42,429,0
ATEK.US,D,20230726,000000,10.46,10.46,10.42,10.46,480,0
ATEK.US,D,20230727,000000,10.5697,10.5697,10.41,10.46,3395,0
ATEK.US,D,20230731,000000,10.8047,11.46,10.47,10.5,4615,0
ATEK.US,D,20230801,000000,10.48,11.3196,10.47,10.52,4038,0
ATEK.US,D,20230802,000000,10.5,10.515,10.5,10.515,7347,0
ATEK.US,D,20230803,000000,10.4701,11.03,10.47,10.53,13369,0
ATEK.US,D,20230804,000000,11.045,11.3,10.53,10.53,2757,0
ATEK.US,D,20230807,000000,10.51,10.53,10.51,10.53,579,0
ATEK.US,D,20230809,000000,10.65,11,10.6,10.6,6724,0
ATEK.US,D,20230810,000000,10.74,10.74,10.7,10.71,1771,0
ATEK.US,D,20230811,000000,10.71,10.71,10.71,10.71,778,0
ATEK.US,D,20230814,000000,10.66,10.75,10.5601,10.7,7282,0
ATEK.US,D,20230817,000000,10.68,10.68,10.68,10.68,125,0
ATEK.US,D,20230818,000000,10.59,10.59,10.59,10.59,105,0
ATEK.US,D,20230821,000000,10.69,10.7,10.68,10.7,15122,0
ATEK.US,D,20230822,000000,10.87,10.87,10.87,10.87,181,0
ATEK.US,D,20230823,000000,10.7,10.7,10.7,10.7,113,0
ATEK.US,D,20230828,000000,10.8515,10.8515,10.8515,10.8515,270,0
ATEK.US,D,20230901,000000,10.71,10.71,10.71,10.71,241,0
ATEK.US,D,20230906,000000,10.72,10.72,10.71,10.72,5999,0
ATEK.US,D,20230907,000000,10.72,10.72,10.7,10.7,2115,0
ATEK.US,D,20230908,000000,10.71,10.71,10.71,10.71,204,0
ATEK.US,D,20230911,000000,10.7073,10.72,10.7073,10.71,15093,0
ATEK.US,D,20230912,000000,11,11,11,11,164,0
ATEK.US,D,20230913,000000,10.7,10.72,10.6901,10.7,44785,0
ATEK.US,D,20230914,000000,10.7,11.03,10.68,10.7097,55646,0
ATEK.US,D,20230915,000000,10.63,11.34,10.61,10.72,8385,0
ATEK.US,D,20230918,000000,10.79,10.79,10.66,10.73,1323,0
ATEK.US,D,20230919,000000,11.035,11.154,10.68,10.8376,8444,0
ATEK.US,D,20230920,000000,10.9158,10.95,10.68,10.95,2535,0
ATEK.US,D,20230925,000000,10.78,10.78,10.69,10.69,1362,0
ATEK.US,D,20230927,000000,10.86,10.86,10.68,10.73,1545,0
ATEK.US,D,20230928,000000,10.778,10.778,10.778,10.778,149,0
ATEK.US,D,20230929,000000,10.71,10.88,10.71,10.78,10973,0
ATEK.US,D,20231002,000000,10.78,10.81,10.75,10.75,4532,0
ATEK.US,D,20231003,000000,10.79,10.79,10.79,10.79,211,0
ATEK.US,D,20231011,000000,10.72,10.77,10.71,10.77,2753,0
ATEK.US,D,20231012,000000,10.79,10.79,10.79,10.79,165,0
ATEK.US,D,20231024,000000,10.76,10.77,10.73,10.76,11406,0
ATEK.US,D,20231025,000000,10.74,10.75,10.7392,10.75,785,0
ATEK.US,D,20231026,000000,10.69,10.76,10.69,10.76,620,0
ATEK.US,D,20231030,000000,10.72,10.78,10.71,10.78,601,0
ATEK.US,D,20231031,000000,10.7,10.76,10.7,10.76,414,0
ATEK.US,D,20231103,000000,10.78,10.78,10.78,10.78,105,0
ATEK.US,D,20231106,000000,10.84,10.84,10.84,10.84,139,0
ATEK.US,D,20231107,000000,10.7999,10.8,10.78,10.78,2773,0
ATEK.US,D,20231110,000000,10.78,10.78,10.78,10.78,961,0
ATEK.US,D,20231116,000000,10.82,10.82,10.82,10.82,159,0
ATEK.US,D,20231120,000000,10.79,10.79,10.79,10.79,1113,0
ATEK.US,D,20231121,000000,10.81,10.81,10.81,10.81,3152,0
ATEK.US,D,20231122,000000,10.35,10.81,10.35,10.8,11793,0
ATEK.US,D,20231124,000000,10.82,10.82,10.82,10.82,167,0
ATEK.US,D,20231127,000000,10.82,10.82,10.82,10.82,2179,0
ATEK.US,D,20231128,000000,10.83,10.8301,10.82,10.83,6411,0
ATEK.US,D,20231129,000000,10.86,10.86,10.84,10.84,2176,0
ATEK.US,D,20231130,000000,10.89,10.89,10.86,10.86,1776,0
ATEK.US,D,20231205,000000,10.83,10.86,10.83,10.86,355,0
ATEK.US,D,20231208,000000,10.89,10.89,10.89,10.89,329,0
ATEK.US,D,20231211,000000,10.86,10.86,10.75,10.85,12701,0
ATEK.US,D,20231212,000000,10.87,10.87,10.87,10.87,167,0
ATEK.US,D,20231215,000000,10.72,10.86,10.72,10.86,2339,0
ATEK.US,D,20231221,000000,10.86,10.86,10.86,10.86,1937,0
ATEK.US,D,20231226,000000,10.87,10.87,10.87,10.87,174,0
ATEK.US,D,20231228,000000,10.78,10.86,10.78,10.86,3127,0
ATEK.US,D,20240102,000000,10.94,10.94,10.94,10.94,123,0
ATEK.US,D,20240104,000000,11.09,11.09,11.09,11.09,110,0
ATEK.US,D,20240108,000000,10.98,11.02,10.96,10.96,337857,0
ATEK.US,D,20240109,000000,11.03,11.03,10.96,10.96,1974,0
ATEK.US,D,20240110,000000,11.01,11.01,11.01,11.01,297,0
ATEK.US,D,20240112,000000,10.97,11.01,10.97,11.01,357,0
ATEK.US,D,20240117,000000,11.02,11.02,10.99,11.005,5869,0
ATEK.US,D,20240118,000000,11.09,11.09,11.02,11.02,41275,0
ATEK.US,D,20240119,000000,11.04,11.12,11.04,11.12,1591,0
ATEK.US,D,20240122,000000,11.05,11.05,11.02,11.05,2658,0
ATEK.US,D,20240124,000000,11.045,11.045,11.04,11.04,22708,0
ATEK.US,D,20240125,000000,11.05,11.05,11.04,11.05,85423,0
ATEK.US,D,20240126,000000,11.09,11.1,11.05,11.05,980,0
ATEK.US,D,20240129,000000,11.07,11.07,11.07,11.07,154,0
ATEK.US,D,20240130,000000,11.05,11.07,11.05,11.07,16242,0
ATEK.US,D,20240131,000000,11.07,11.07,11.07,11.07,2018,0
ATEK.US,D,20240201,000000,11.14,11.14,11.06,11.07,11247,0
ATEK.US,D,20240202,000000,11.07,11.1,11.065,11.09,19421,0
ATEK.US,D,20240205,000000,11.09,11.1,11.07,11.085,2236,0
ATEK.US,D,20240206,000000,11.1,11.15,11.08,11.08,6909,0
ATEK.US,D,20240207,000000,11.12,11.12,11.11,11.11,254126,0
ATEK.US,D,20240208,000000,11.12,11.15,11.09,11.11,10089,0
ATEK.US,D,20240212,000000,11.11,11.15,11.07,11.15,7005,0
ATEK.US,D,20240216,000000,11.0798,11.19,11.0798,11.19,6208,0
ATEK.US,D,20240221,000000,11.32,11.32,11.32,11.32,604,0
ATEK.US,D,20240226,000000,11.31,11.31,11.3,11.3,546,0
ATEK.US,D,20240227,000000,11.13,11.35,11.11,11.35,9399,0
ATEK.US,D,20240228,000000,11.24,11.25,11.1,11.23,3983,0
ATEK.US,D,20240304,000000,11.24,11.28,11.11,11.19,2496,0
ATEK.US,D,20240305,000000,11.102,11.23,11.102,11.2,723,0
ATEK.US,D,20240307,000000,11.21,11.23,11.21,11.23,717,0
ATEK.US,D,20240308,000000,11.05,11.35,11.04,11.35,10970,0
ATEK.US,D,20240311,000000,11.58,11.85,11.16,11.38,4956,0
ATEK.US,D,20240312,000000,11.35,11.43,11.17,11.21,3528,0
ATEK.US,D,20240313,000000,11.38,11.54,11.1,11.54,1349,0
ATEK.US,D,20240314,000000,11.42,11.42,11.4,11.4,20510,0
ATEK.US,D,20240315,000000,11,11,11,11,534,0
ATEK.US,D,20240318,000000,11.19,11.19,11.19,11.19,259,0
ATEK.US,D,20240319,000000,11.3,11.3,11.02,11.24,2803,0
ATEK.US,D,20240327,000000,11.08,11.08,11.08,11.08,100,0
ATEK.US,D,20240328,000000,11.27,11.27,11.06,11.06,529,0
ATEK.US,D,20240401,000000,11.33,11.33,11.08,11.08,400,0
ATEK.US,D,20240402,000000,11.2,11.2,11.05,11.2,947,0
ATEK.US,D,20240411,000000,11.32,11.32,11.32,11.32,492,0
ATEK.US,D,20240412,000000,11.09,11.32,11.09,11.32,331,0
ATEK.US,D,20240417,000000,11.31,11.32,11.11,11.32,4421,0
ATEK.US,D,20240423,000000,11.15,11.32,11.145,11.29,1910,0
ATEK.US,D,20240424,000000,11.21,11.32,11.15,11.25,4878,0
ATEK.US,D,20240425,000000,11.2,11.28,11.15,11.15,2243,0
ATEK.US,D,20240426,000000,11.23,11.23,11.23,11.23,226,0
ATEK.US,D,20240429,000000,11.16,11.29,11.16,11.29,7095,0
ATEK.US,D,20240430,000000,11.23,11.37,11.19,11.22,8315,0
ATEK.US,D,20240501,000000,11.21,11.32,11.19,11.21,2844,0
ATEK.US,D,20240502,000000,11.21,11.37,11.21,11.23,11861,0
ATEK.US,D,20240503,000000,11.3,11.3,11.23,11.23,2258,0
ATEK.US,D,20240506,000000,11.14,11.35,11.14,11.22,10283,0
ATEK.US,D,20240507,000000,11.35,11.35,11.16,11.23,2955,0
ATEK.US,D,20240508,000000,11.29,11.35,11.2,11.215,12907,0
ATEK.US,D,20240509,000000,11.32,11.32,11.22,11.22,318,0
ATEK.US,D,20240510,000000,11.22,11.32,11.22,11.3,407,0
ATEK.US,D,20240513,000000,11.22,11.3,11.22,11.23,537,0
ATEK.US,D,20240514,000000,11.26,11.35,11.22,11.24,7979,0
ATEK.US,D,20240515,000000,11.22,11.35,11.19,11.3201,8955,0
ATEK.US,D,20240516,000000,11.25,11.33,11.18,11.3,9414,0
ATEK.US,D,20240517,000000,11.27,11.35,11.23,11.31,1512,0
ATEK.US,D,20240520,000000,11.21,11.35,11.21,11.25,1123,0
ATEK.US,D,20240522,000000,11.3,11.3,11.25,11.25,1212,0
ATEK.US,D,20240523,000000,11.25,11.25,11.205,11.25,1206,0
ATEK.US,D,20240524,000000,11.3002,11.3002,11.3,11.3,301,0
ATEK.US,D,20240529,000000,11.3,11.32,11.2,11.32,368,0
ATEK.US,D,20240531,000000,11.2,11.25,11.2,11.25,1335,0
ATEK.US,D,20240603,000000,11.35,11.35,11.32,11.32,202,0
ATEK.US,D,20240611,000000,11.3,11.36,11.3,11.36,7900,0
ATEK.US,D,20240612,000000,11.39,11.39,11.39,11.39,100,0
ATEK.US,D,20240614,000000,11.35,11.35,11.3,11.3,742,0
ATEK.US,D,20240617,000000,11.45,11.45,11.25,11.25,2370,0
ATEK.US,D,20240618,000000,11.39,11.39,11.39,11.39,122,0
ATEK.US,D,20240621,000000,11.36,11.39,11.25,11.33,16927,0
ATEK.US,D,20240624,000000,11.3,11.39,11.27,11.33,22025,0
ATEK.US,D,20240625,000000,11.39,11.39,11.29,11.33,4202,0
ATEK.US,D,20240626,000000,11.4,11.4,11.32,11.35,1762,0
ATEK.US,D,20240627,000000,11.4,11.4,11.4,11.4,108,0
ATEK.US,D,20240628,000000,11.36,11.39,11.3,11.39,2930,0
ATEK.US,D,20240701,000000,11.38,11.9,11.32,11.34,11023,0
ATEK.US,D,20240702,000000,11.39,11.4,11.33,11.36,970,0
ATEK.US,D,20240705,000000,11.4,11.4,11.33,11.36,4941,0
ATEK.US,D,20240708,000000,11.34,11.4,11.34,11.4,1313,0
ATEK.US,D,20240709,000000,11.35,11.35,11.32,11.35,709,0
ATEK.US,D,20240710,000000,11.4,11.4,11.3,11.39,660,0
ATEK.US,D,20240726,000000,11.39,11.39,11.33,11.38,5985,0
ATEK.US,D,20240731,000000,11.29,11.45,11.29,11.45,2025,0
ATEK.US,D,20240805,000000,11.29,11.29,11.29,11.29,132,0
ATEK.US,D,20240807,000000,11.29,11.34,11.29,11.34,11022,0
ATEK.US,D,20240808,000000,11.27,11.35,11.27,11.35,3183,0
ATEK.US,D,20240812,000000,11.4,11.4,11.3,11.34,3565,0
ATEK.US,D,20240813,000000,11.28,11.36,11.28,11.33,1926,0
ATEK.US,D,20240814,000000,11.36,11.39,11.25,11.39,3025,0
ATEK.US,D,20240815,000000,11.4,11.4,11.35,11.35,1219,0
ATEK.US,D,20240819,000000,11.4,11.5,11.3,11.41,10721,0
ATEK.US,D,20240820,000000,11.39,11.44,11.36,11.36,1568,0
ATEK.US,D,20240821,000000,11.36,11.4,11.36,11.4,4025,0
ATEK.US,D,20240822,000000,11.49,11.49,11.49,11.49,151,0
ATEK.US,D,20240823,000000,11.36,11.41,11.3,11.4,10547,0
ATEK.US,D,20240826,000000,11.45,11.5,11.3,11.35,9382,0
ATEK.US,D,20240827,000000,11.44,11.44,11.32,11.43,4278,0
ATEK.US,D,20240828,000000,11.45,11.45,11.32,11.41,9671,0
ATEK.US,D,20240829,000000,11.45,11.45,11.33,11.4299,808,0
ATEK.US,D,20240830,000000,11.5,11.5,11.35,11.46,3280,0
ATEK.US,D,20240903,000000,11.34,11.44,11.34,11.44,11831,0
ATEK.US,D,20240904,000000,11.42,11.45,11.38,11.45,745,0
ATEK.US,D,20240905,000000,11.49,11.5,11.35,11.47,2740,0
ATEK.US,D,20240906,000000,11.5,11.5,11.34,11.45,16494,0
ATEK.US,D,20240909,000000,11.44,11.44,11.44,11.44,219,0
ATEK.US,D,20240910,000000,11.5,11.5,11.34,11.44,3253,0
ATEK.US,D,20240911,000000,11.37,11.44,11.36,11.43,8034,0
ATEK.US,D,20240912,000000,11.4,11.45,11.4,11.45,429,0
ATEK.US,D,20240913,000000,11.35,11.44,11.35,11.425,1255,0
ATEK.US,D,20240917,000000,11.35,11.44,11.32,11.37,2676,0
ATEK.US,D,20240918,000000,11.86,12.2,11.86,12.2,877,0
ATEK.US,D,20240919,000000,11.28,11.65,11.28,11.51,18115,0
ATEK.US,D,20240920,000000,11.46,11.46,11.32,11.32,979,0
ATEK.US,D,20240923,000000,11.5,11.5,11.5,11.5,161,0
ATEK.US,D,20240925,000000,11.388,11.93,11.25,11.56,1597,0
ATEK.US,D,20240930,000000,11.75,11.75,11.75,11.75,375,0
ATEK.US,D,20241001,000000,11.71,11.71,11.68,11.68,1806,0
ATEK.US,D,20241002,000000,11.5,11.66,11.5,11.64,1095,0
ATEK.US,D,20241004,000000,12,12.7,11.6,11.62,2005,0
ATEK.US,D,20241007,000000,11.7,12.7,11.52,11.53,6590,0
ATEK.US,D,20241008,000000,11.5,11.6,11.5,11.6,676,0
ATEK.US,D,20241009,000000,11.7,12.69,11.37,11.45,16951,0
ATEK.US,D,20241010,000000,11.45,11.45,11.45,11.45,342,0
ATEK.US,D,20241011,000000,11.6,11.6,11.6,11.6,483,0
ATEK.US,D,20241014,000000,11.6,11.69,11.6,11.69,1470,0
ATEK.US,D,20241015,000000,11.39,11.39,11.39,11.39,219,0
ATEK.US,D,20241016,000000,11.485,11.67,11.485,11.67,1324,0
ATEK.US,D,20241017,000000,11.39,11.66,11.31,11.66,4841,0
ATEK.US,D,20241025,000000,11.7,12,11.52,11.92,4000,0
ATEK.US,D,20241028,000000,12.5,13.07,11.5,12.1,12243,0
ATEK.US,D,20241029,000000,12.5,12.5,11.31,12.19,3939,0
ATEK.US,D,20241030,000000,13.41,13.41,11.38,11.7,13319,0
ATEK.US,D,20241031,000000,12.75,12.92,11.52,11.905,10356,0
ATEK.US,D,20241101,000000,11.6999,12.85,11.3,11.83,11037,0
ATEK.US,D,20241104,000000,11.89,12.9,11.8,12.9,4729,0
ATEK.US,D,20241105,000000,11.31,13.19,11.31,11.71,10527,0
ATEK.US,D,20241106,000000,12.29,12.8,11.71,11.71,6105,0
ATEK.US,D,20241107,000000,11.3,13.09,11.3,11.74,4682,0
ATEK.US,D,20241108,000000,11.7,11.76,11.66,11.7,4236,0
ATEK.US,D,20241112,000000,11.71,11.74,11.71,11.71,1359,0
ATEK.US,D,20241114,000000,11.76,11.85,11.71,11.72,783,0
ATEK.US,D,20241115,000000,11.99,11.99,11.99,11.99,132,0
ATEK.US,D,20241118,000000,11.72,11.72,11.7199,11.72,4304,0
ATEK.US,D,20241119,000000,11.79,11.79,11.61,11.78,622,0
ATEK.US,D,20241120,000000,11.61,11.77,11.61,11.77,807,0
ATEK.US,D,20241121,000000,11.75,11.76,11.75,11.75,1511,0
ATEK.US,D,20241122,000000,11.525,11.75,11.525,11.75,449,0
ATEK.US,D,20241125,000000,11.72,11.72,11.5202,11.72,1653,0
ATEK.US,D,20241126,000000,11.9002,11.93,11.9,11.93,1365,0
ATEK.US,D,20241127,000000,11.9,12,11.81,11.81,1029,0
ATEK.US,D,20241129,000000,11.92,11.92,11.92,11.92,126,0
ATEK.US,D,20241209,000000,11.33,11.33,11.33,11.33,355,0
