<TICKER>,<PER>,<DATE>,<TIME>,<OPEN>,<HIGH>,<LOW>,<CLOSE>,<VOL>,<OPENINT>
BMTX-WS.US,D,20210107,000000,2.5,2.52,2.15,2.155,419372,0
BMTX-WS.US,D,20210108,000000,2.26,2.45,2.16,2.3627,278342,0
BMTX-WS.US,D,20210111,000000,2.25,2.4,2.25,2.3,211615,0
BMTX-WS.US,D,20210112,000000,2.25,2.9399,2.13,2.56,417565,0
BMTX-WS.US,D,20210113,000000,2.26,2.79,2.26,2.55,129518,0
BMTX-WS.US,D,20210114,000000,2.55,2.72,2.26,2.7,132251,0
BMTX-WS.US,D,20210115,000000,2.58,2.82,2.3502,2.81,126648,0
BMTX-WS.US,D,20210119,000000,2.8,4.15,2.42,4.09,560045,0
BMTX-WS.US,D,20210120,000000,4.1,4.28,3.77,4.26,232723,0
BMTX-WS.US,D,20210121,000000,4.3,4.3,3.6,3.75,218808,0
BMTX-WS.US,D,20210122,000000,4.05,4.08,3.55,3.9,91055,0
BMTX-WS.US,D,20210125,000000,4,4.08,3.6,3.69,184747,0
BMTX-WS.US,D,20210126,000000,3.8,4.08,3.7801,3.985,321078,0
BMTX-WS.US,D,20210127,000000,3.51,3.92,3.07,3.36,136319,0
BMTX-WS.US,D,20210128,000000,3.07,3.6078,3,3.27,158439,0
BMTX-WS.US,D,20210129,000000,3.16,3.44,2.95,2.9808,101887,0
BMTX-WS.US,D,20210201,000000,2.95,3.24,2.86,3.18,273039,0
BMTX-WS.US,D,20210202,000000,3.2,3.3,2.9,3.14,61959,0
BMTX-WS.US,D,20210203,000000,3,3.09,2.79,2.9408,71126,0
BMTX-WS.US,D,20210204,000000,3,3.33,2.8,3.12,190231,0
BMTX-WS.US,D,20210205,000000,3.1,3.39,2.97,3.05,173966,0
BMTX-WS.US,D,20210208,000000,3.24,3.32,2.96,3.09,111276,0
BMTX-WS.US,D,20210209,000000,3.1,3.3,2.83,3.01,132955,0
BMTX-WS.US,D,20210210,000000,2.92,3.02,2.81,2.84,77751,0
BMTX-WS.US,D,20210211,000000,2.84,3.01,2.67,3.01,145593,0
BMTX-WS.US,D,20210212,000000,2.9,3.1,2.77,2.9,38768,0
BMTX-WS.US,D,20210216,000000,2.9,3.05,2.79,2.94,55909,0
BMTX-WS.US,D,20210217,000000,2.95,2.95,2.56,2.7,81201,0
BMTX-WS.US,D,20210218,000000,2.8,2.9,2.71,2.87,45922,0
BMTX-WS.US,D,20210219,000000,2.8,2.93,2.5,2.85,70977,0
BMTX-WS.US,D,20210222,000000,2.92,2.96,2.5,2.67,85369,0
BMTX-WS.US,D,20210223,000000,2.62,2.62,2.26,2.49,56617,0
BMTX-WS.US,D,20210224,000000,2.17,2.65,2.17,2.65,39242,0
BMTX-WS.US,D,20210225,000000,2.59,2.76,2.5,2.5,39069,0
BMTX-WS.US,D,20210226,000000,2.34,2.68,2.15,2.4,72534,0
BMTX-WS.US,D,20210301,000000,2.5501,2.65,2.13,2.55,72063,0
BMTX-WS.US,D,20210302,000000,2.55,2.67,2.36,2.49,20089,0
BMTX-WS.US,D,20210303,000000,2.5099,2.5099,2.07,2.24,74917,0
BMTX-WS.US,D,20210304,000000,2.27,2.28,1.8101,2,187695,0
BMTX-WS.US,D,20210305,000000,2,2.25,1.47,2.21,161909,0
BMTX-WS.US,D,20210308,000000,2.2,2.46,1.64,2.1,59602,0
BMTX-WS.US,D,20210309,000000,2.09,2.7,2.05,2.3,55100,0
BMTX-WS.US,D,20210310,000000,2.43,2.5,2.2999,2.48,58130,0
BMTX-WS.US,D,20210311,000000,2.95,2.95,2.365,2.41,36213,0
BMTX-WS.US,D,20210312,000000,2.7,2.7,2.475,2.51,17815,0
BMTX-WS.US,D,20210315,000000,2.6,2.9,2.6,2.84,74996,0
BMTX-WS.US,D,20210316,000000,2.95,2.95,2.65,2.81,41120,0
BMTX-WS.US,D,20210317,000000,2.99,3.01,2.53,2.57,102174,0
BMTX-WS.US,D,20210318,000000,3,3,2.58,2.89,50625,0
BMTX-WS.US,D,20210319,000000,3.05,3.05,2.77,2.93,54916,0
BMTX-WS.US,D,20210322,000000,2.94,2.956,2.83,2.9,1757,0
BMTX-WS.US,D,20210323,000000,2.786,2.83,2.42,2.68,54718,0
BMTX-WS.US,D,20210324,000000,2.73,2.795,2.02,2.5518,39062,0
BMTX-WS.US,D,20210325,000000,2.43,2.45,2.08,2.25,44557,0
BMTX-WS.US,D,20210326,000000,2.1,2.37,2.1,2.18,34884,0
BMTX-WS.US,D,20210329,000000,2.15,2.1755,2.08,2.13,25371,0
BMTX-WS.US,D,20210330,000000,2.15,2.37,1.81,1.9,252247,0
BMTX-WS.US,D,20210331,000000,2.1,2.24,1.95,2,102748,0
BMTX-WS.US,D,20210401,000000,2.16,2.16,1.95,2.05,46327,0
BMTX-WS.US,D,20210405,000000,2.34,2.34,2.05,2.1,66912,0
BMTX-WS.US,D,20210406,000000,2.34,2.34,2.18,2.2,11368,0
BMTX-WS.US,D,20210407,000000,2.11,2.16,1.95,2.05,61945,0
BMTX-WS.US,D,20210408,000000,2,2.34,1.99,2.19,128818,0
BMTX-WS.US,D,20210409,000000,2.3,2.3,1.9899,2.1,98342,0
BMTX-WS.US,D,20210412,000000,2.3,2.3,1.91,2.04,38202,0
BMTX-WS.US,D,20210413,000000,2.18,2.18,1.91,1.96,18125,0
BMTX-WS.US,D,20210414,000000,2.08,2.1,1.82,1.842,24833,0
BMTX-WS.US,D,20210415,000000,2.05,2.05,1.67,1.69,88804,0
BMTX-WS.US,D,20210416,000000,1.93,1.93,1.51,1.53,101636,0
BMTX-WS.US,D,20210419,000000,1.84,1.84,1.26,1.5099,185320,0
BMTX-WS.US,D,20210420,000000,1.6,1.6,1.31,1.4799,107560,0
BMTX-WS.US,D,20210421,000000,1.29,1.48,1.26,1.48,203739,0
BMTX-WS.US,D,20210422,000000,1.48,1.69,1.47,1.54,68015,0
BMTX-WS.US,D,20210423,000000,1.64,1.8,1.62,1.68,64935,0
BMTX-WS.US,D,20210426,000000,1.77,1.93,1.6999,1.83,23796,0
BMTX-WS.US,D,20210427,000000,1.71,1.86,1.61,1.61,15304,0
BMTX-WS.US,D,20210428,000000,1.73,1.77,1.55,1.55,42077,0
BMTX-WS.US,D,20210429,000000,1.6,1.6,1.42,1.51,10214,0
BMTX-WS.US,D,20210430,000000,1.71,1.71,1.44,1.53,12155,0
BMTX-WS.US,D,20210503,000000,1.5999,1.6,1.495,1.6,17932,0
BMTX-WS.US,D,20210504,000000,1.4401,1.52,1.41,1.52,38841,0
BMTX-WS.US,D,20210505,000000,1.47,1.51,1.47,1.47,5036,0
BMTX-WS.US,D,20210506,000000,1.57,1.65,1.31,1.38,42575,0
BMTX-WS.US,D,20210507,000000,1.39,1.41,1.21,1.335,48725,0
BMTX-WS.US,D,20210510,000000,1.37,1.49,1.08,1.21,123637,0
BMTX-WS.US,D,20210511,000000,1.17,1.37,1.17,1.3,58753,0
BMTX-WS.US,D,20210512,000000,1.315,1.35,1.09,1.1,25693,0
BMTX-WS.US,D,20210513,000000,1.25,1.26,1.14,1.26,41780,0
BMTX-WS.US,D,20210514,000000,1.26,1.3107,1.2231,1.3107,65805,0
BMTX-WS.US,D,20210517,000000,1.3492,1.3492,1.08,1.3196,54099,0
BMTX-WS.US,D,20210518,000000,1.69,2.325,1.6,2.325,522116,0
BMTX-WS.US,D,20210519,000000,2.2801,2.7,2.2801,2.46,192301,0
BMTX-WS.US,D,20210520,000000,2.6,2.95,2.5301,2.6,109210,0
BMTX-WS.US,D,20210521,000000,2.92,2.92,2.61,2.685,185951,0
BMTX-WS.US,D,20210524,000000,2.95,2.98,2.66,2.75,143705,0
BMTX-WS.US,D,20210525,000000,2.8,2.97,2.75,2.75,38956,0
BMTX-WS.US,D,20210526,000000,2.76,2.98,2.66,2.85,45786,0
BMTX-WS.US,D,20210527,000000,2.77,2.9,2.68,2.724,15139,0
BMTX-WS.US,D,20210528,000000,2.95,2.95,2.7901,2.85,28339,0
BMTX-WS.US,D,20210601,000000,2.95,2.98,2.78,2.89,31810,0
BMTX-WS.US,D,20210602,000000,2.91,3.15,2.82,2.83,91296,0
BMTX-WS.US,D,20210603,000000,2.82,3.05,2.82,2.95,58124,0
BMTX-WS.US,D,20210604,000000,2.95,3.1,2.95,3.01,57752,0
BMTX-WS.US,D,20210607,000000,2.95,3.13,2.95,3,25792,0
BMTX-WS.US,D,20210608,000000,3,3.06,2.99,2.99,127252,0
BMTX-WS.US,D,20210609,000000,3.06,3.279,2.9901,3.14,67223,0
BMTX-WS.US,D,20210610,000000,3.27,3.33,3,3.3,173651,0
BMTX-WS.US,D,20210611,000000,3.2398,3.2398,2.95,3.05,55684,0
BMTX-WS.US,D,20210614,000000,3.2,3.2,2.92,2.92,43064,0
BMTX-WS.US,D,20210615,000000,3,3,2.67,2.67,43092,0
BMTX-WS.US,D,20210616,000000,2.7,2.963,2.64,2.93,49518,0
BMTX-WS.US,D,20210617,000000,2.77,2.85,2.48,2.59,67363,0
BMTX-WS.US,D,20210618,000000,2.49,2.55,2.26,2.37,37467,0
BMTX-WS.US,D,20210621,000000,2.4001,2.4999,2.35,2.4999,32084,0
BMTX-WS.US,D,20210622,000000,2.58,2.6028,2.55,2.5717,43370,0
BMTX-WS.US,D,20210623,000000,2.6699,2.74,2.6,2.6,20160,0
BMTX-WS.US,D,20210624,000000,2.63,3,2.63,2.8,26955,0
BMTX-WS.US,D,20210625,000000,2.9,2.9,2.58,2.8,28203,0
BMTX-WS.US,D,20210628,000000,2.67,2.7,2.58,2.6371,48861,0
BMTX-WS.US,D,20210629,000000,2.64,2.7,2.58,2.58,28469,0
BMTX-WS.US,D,20210630,000000,2.56,2.59,2.54,2.57,29230,0
BMTX-WS.US,D,20210701,000000,2.6901,2.7199,2.6901,2.7199,1898,0
BMTX-WS.US,D,20210702,000000,2.75,2.7768,2.69,2.69,5079,0
BMTX-WS.US,D,20210708,000000,2.3,2.4799,2.25,2.401,66892,0
BMTX-WS.US,D,20210709,000000,2.47,2.47,2.378,2.378,23933,0
BMTX-WS.US,D,20210712,000000,2.4001,2.5,2.4001,2.43,36028,0
BMTX-WS.US,D,20210713,000000,2.5237,2.5237,2.35,2.3599,53669,0
BMTX-WS.US,D,20210714,000000,2.3109,2.36,2.28,2.2908,58904,0
BMTX-WS.US,D,20210715,000000,2.28,2.3,2.2,2.2,37522,0
BMTX-WS.US,D,20210716,000000,2.22,2.2201,2.05,2.05,32660,0
BMTX-WS.US,D,20210719,000000,2.05,2.05,1.88,2.02,89394,0
BMTX-WS.US,D,20210720,000000,2.1,2.15,1.995,1.995,95374,0
BMTX-WS.US,D,20210721,000000,2.1,2.1,1.9558,1.9558,10525,0
BMTX-WS.US,D,20210722,000000,1.95,1.9621,1.9,1.95,61600,0
BMTX-WS.US,D,20210723,000000,2.0499,2.0499,1.9001,1.92,66926,0
BMTX-WS.US,D,20210726,000000,1.95,2.17,1.9048,1.9048,65274,0
BMTX-WS.US,D,20210727,000000,2.0899,2.0899,1.8,1.85,72675,0
BMTX-WS.US,D,20210728,000000,2.2,2.2,1.86,2.13,31070,0
BMTX-WS.US,D,20210729,000000,1.9,2.105,1.9,2.085,24394,0
BMTX-WS.US,D,20210730,000000,1.9,2.0392,1.9,2.02,5999,0
BMTX-WS.US,D,20210802,000000,1.91,2.07,1.91,2.01,6455,0
BMTX-WS.US,D,20210803,000000,2,2.12,1.9,1.95,38356,0
BMTX-WS.US,D,20210804,000000,1.9,2.02,1.9,1.98,104123,0
BMTX-WS.US,D,20210805,000000,1.95,2.05,1.95,2.01,131114,0
BMTX-WS.US,D,20210806,000000,1.96,2.1172,1.96,2.05,31903,0
BMTX-WS.US,D,20210809,000000,1.96,2.15,1.96,2.09,21771,0
BMTX-WS.US,D,20210810,000000,2,2.07,1.97,1.98,114200,0
BMTX-WS.US,D,20210811,000000,1.96,2.14,1.96,2.1218,51244,0
BMTX-WS.US,D,20210812,000000,2.12,2.12,1.9,1.95,60132,0
BMTX-WS.US,D,20210813,000000,2.01,2.05,1.9603,2,45071,0
BMTX-WS.US,D,20210816,000000,1.93,1.93,1.68,1.68,23926,0
BMTX-WS.US,D,20210817,000000,1.8,2.19,1.75,1.82,6511,0
BMTX-WS.US,D,20210818,000000,1.9,2.06,1.76,1.76,85443,0
BMTX-WS.US,D,20210819,000000,1.72,1.81,1.6901,1.76,76917,0
BMTX-WS.US,D,20210820,000000,1.79,1.89,1.68,1.69,66235,0
BMTX-WS.US,D,20210823,000000,1.83,1.96,1.75,1.75,37080,0
BMTX-WS.US,D,20210824,000000,1.83,2,1.63,1.69,102990,0
BMTX-WS.US,D,20210825,000000,1.7,1.76,1.66,1.67,61492,0
BMTX-WS.US,D,20210826,000000,1.75,1.9,1.63,1.63,82241,0
BMTX-WS.US,D,20210827,000000,1.95,1.95,1.61,1.62,52565,0
BMTX-WS.US,D,20210830,000000,1.61,1.66,1.54,1.55,87435,0
BMTX-WS.US,D,20210831,000000,1.6,1.72,1.4999,1.5,68730,0
BMTX-WS.US,D,20210901,000000,1.5,1.755,1.48,1.675,377093,0
BMTX-WS.US,D,20210902,000000,1.7,1.72,1.55,1.56,24851,0
BMTX-WS.US,D,20210903,000000,1.57,1.6099,1.53,1.55,38623,0
BMTX-WS.US,D,20210907,000000,1.61,1.64,1.43,1.44,168064,0
BMTX-WS.US,D,20210908,000000,1.52,1.61,1.29,1.52,68083,0
BMTX-WS.US,D,20210909,000000,1.59,1.6,1.35,1.58,61050,0
BMTX-WS.US,D,20210910,000000,1.58,1.58,1.455,1.48,8597,0
BMTX-WS.US,D,20210913,000000,1.55,1.62,1.53,1.58,34141,0
BMTX-WS.US,D,20210914,000000,1.58,1.61,1.58,1.6,3714,0
BMTX-WS.US,D,20210915,000000,1.59,1.59,1.42,1.53,17654,0
BMTX-WS.US,D,20210916,000000,1.55,1.6,1.479,1.6,26801,0
BMTX-WS.US,D,20210917,000000,1.56,1.58,1.46,1.56,18439,0
BMTX-WS.US,D,20210920,000000,1.6,1.6,1.49,1.5345,7187,0
BMTX-WS.US,D,20210921,000000,1.54,1.57,1.45,1.45,16563,0
BMTX-WS.US,D,20210922,000000,1.49,1.49,1.45,1.47,10848,0
BMTX-WS.US,D,20210923,000000,1.51,1.7,1.47,1.6699,16534,0
BMTX-WS.US,D,20210924,000000,1.615,1.65,1.5608,1.5608,2313,0
BMTX-WS.US,D,20210927,000000,1.57,1.57,1.43,1.49,24787,0
BMTX-WS.US,D,20210928,000000,1.46,1.56,1.45,1.49,7746,0
BMTX-WS.US,D,20210929,000000,1.47,1.49,1.43,1.45,44625,0
BMTX-WS.US,D,20210930,000000,1.45,1.49,1.38,1.49,36873,0
BMTX-WS.US,D,20211001,000000,1.48,1.5067,1.24,1.26,380466,0
BMTX-WS.US,D,20211004,000000,1.25,1.53,1.12,1.21,281145,0
BMTX-WS.US,D,20211005,000000,1.38,1.38,1.2,1.22,15762,0
BMTX-WS.US,D,20211006,000000,1.2,1.2533,1.16,1.2,83859,0
BMTX-WS.US,D,20211007,000000,1.275,1.37,1.18,1.2878,140332,0
BMTX-WS.US,D,20211008,000000,1.32,1.36,1.26,1.3,37210,0
BMTX-WS.US,D,20211011,000000,1.7,1.7,1.25,1.27,159200,0
BMTX-WS.US,D,20211012,000000,1.48,1.48,1.14,1.19,70347,0
BMTX-WS.US,D,20211013,000000,1.48,1.48,1.25,1.25,97646,0
BMTX-WS.US,D,20211014,000000,1.38,1.38,1.16,1.25,42638,0
BMTX-WS.US,D,20211015,000000,1.38,1.39,1.3,1.3,37917,0
BMTX-WS.US,D,20211018,000000,1.48,1.48,1.34,1.34,19143,0
BMTX-WS.US,D,20211019,000000,1.48,1.48,1.36,1.36,1517,0
BMTX-WS.US,D,20211020,000000,1.58,1.58,1.3,1.32,55510,0
BMTX-WS.US,D,20211021,000000,1.47,1.47,1.23,1.25,59343,0
BMTX-WS.US,D,20211022,000000,1.48,1.48,1.21,1.21,113413,0
BMTX-WS.US,D,20211025,000000,1.49,1.49,1.22,1.3,55701,0
BMTX-WS.US,D,20211026,000000,1.47,1.47,1.29,1.36,43562,0
BMTX-WS.US,D,20211027,000000,1.39,1.42,1.28,1.401,151008,0
BMTX-WS.US,D,20211028,000000,1.35,1.44,1.32,1.44,85494,0
BMTX-WS.US,D,20211029,000000,1.4499,1.485,1.41,1.4704,33285,0
BMTX-WS.US,D,20211101,000000,1.4899,1.68,1.48,1.68,92604,0
BMTX-WS.US,D,20211102,000000,1.67,1.67,1.53,1.6312,22955,0
BMTX-WS.US,D,20211103,000000,1.68,2,1.68,1.965,162107,0
BMTX-WS.US,D,20211104,000000,1.92,1.9499,1.8,1.85,71537,0
BMTX-WS.US,D,20211105,000000,1.86,1.89,1.76,1.82,53701,0
BMTX-WS.US,D,20211108,000000,1.73,1.76,1.62,1.73,68955,0
BMTX-WS.US,D,20211109,000000,1.765,1.81,1.719,1.74,45799,0
BMTX-WS.US,D,20211110,000000,1.7,1.74,1.58,1.63,61957,0
BMTX-WS.US,D,20211111,000000,1.57,2.29,1.56,2.036,548956,0
BMTX-WS.US,D,20211112,000000,2.1,2.48,2.04,2.3,314196,0
BMTX-WS.US,D,20211115,000000,2.64,3.638,2.35,3.02,826700,0
BMTX-WS.US,D,20211116,000000,3.01,3.025,2.69,2.92,217912,0
BMTX-WS.US,D,20211117,000000,3.05,4,2.985,3.55,896075,0
BMTX-WS.US,D,20211118,000000,4.01,4.58,3.57,4.09,1149377,0
BMTX-WS.US,D,20211119,000000,3.6,3.99,3.21,3.56,379634,0
BMTX-WS.US,D,20211122,000000,3.49,3.69,2.65,3.39,264402,0
BMTX-WS.US,D,20211123,000000,3.88,4.02,3.33,4.02,485229,0
BMTX-WS.US,D,20211124,000000,3.54,4,3.45,3.82,160938,0
BMTX-WS.US,D,20211126,000000,3.6,4.5,3.5,3.61,240562,0
BMTX-WS.US,D,20211129,000000,3.84,3.94,3.22,3.49,150989,0
BMTX-WS.US,D,20211130,000000,3.52,3.52,2.6201,2.8,357695,0
BMTX-WS.US,D,20211201,000000,2.83,3.09,2.63,2.8,226827,0
BMTX-WS.US,D,20211202,000000,2.69,2.83,2.46,2.68,202905,0
BMTX-WS.US,D,20211203,000000,2.58,2.74,2.3,2.37,112537,0
BMTX-WS.US,D,20211206,000000,2.28,2.31,1.89,2.22,181414,0
BMTX-WS.US,D,20211207,000000,2.39,2.57,2.315,2.41,42529,0
BMTX-WS.US,D,20211208,000000,2.45,2.45,1.99,2.075,293647,0
BMTX-WS.US,D,20211209,000000,2.14,2.24,2.06,2.145,39708,0
BMTX-WS.US,D,20211210,000000,2.1,2.105,1.91,2,95487,0
BMTX-WS.US,D,20211213,000000,1.92,1.98,1.76,1.86,68984,0
BMTX-WS.US,D,20211214,000000,1.84,1.89,1.82,1.85,60140,0
BMTX-WS.US,D,20211215,000000,1.81,1.84,1.6601,1.75,146439,0
BMTX-WS.US,D,20211216,000000,2.04,2.04,1.7,1.86,78495,0
BMTX-WS.US,D,20211217,000000,1.75,1.8699,1.62,1.63,54054,0
BMTX-WS.US,D,20211220,000000,1.64,1.73,1.63,1.7,41223,0
BMTX-WS.US,D,20211221,000000,1.71,1.9995,1.7,1.9995,57371,0
BMTX-WS.US,D,20211222,000000,1.73,2.02,1.73,1.85,20280,0
BMTX-WS.US,D,20211223,000000,1.82,1.95,1.82,1.92,42704,0
BMTX-WS.US,D,20211227,000000,2.02,2.02,1.86,1.95,12325,0
BMTX-WS.US,D,20211228,000000,1.93,1.97,1.88,1.9,11055,0
BMTX-WS.US,D,20211229,000000,1.9899,1.9899,1.85,1.87,26525,0
BMTX-WS.US,D,20211230,000000,1.9,1.97,1.855,1.92,37744,0
BMTX-WS.US,D,20211231,000000,1.86,1.88,1.83,1.87,18953,0
BMTX-WS.US,D,20220103,000000,2,2,1.88,1.92,15080,0
BMTX-WS.US,D,20220104,000000,1.99,2,1.9,2,21913,0
BMTX-WS.US,D,20220105,000000,1.9001,1.9001,1.7918,1.8,36947,0
BMTX-WS.US,D,20220106,000000,1.81,2,1.79,1.97,111874,0
BMTX-WS.US,D,20220107,000000,1.92,1.99,1.92,1.96,9645,0
BMTX-WS.US,D,20220110,000000,1.88,1.94,1.82,1.9397,30209,0
BMTX-WS.US,D,20220111,000000,1.93,2.11,1.93,2.03,8523,0
BMTX-WS.US,D,20220112,000000,2.09,2.28,2.01,2.07,106583,0
BMTX-WS.US,D,20220113,000000,2.12,2.18,2.06,2.14,30818,0
BMTX-WS.US,D,20220114,000000,2.08,2.09,1.98,2.09,39822,0
BMTX-WS.US,D,20220118,000000,2.13,2.15,2.04,2.15,55104,0
BMTX-WS.US,D,20220119,000000,2.09,2.38,2.0401,2.2,46004,0
BMTX-WS.US,D,20220120,000000,2.27,2.41,2.21,2.3214,35459,0
BMTX-WS.US,D,20220121,000000,2.2401,2.2401,1.78,1.8401,77706,0
BMTX-WS.US,D,20220124,000000,1.76,1.81,1.58,1.795,231159,0
BMTX-WS.US,D,20220125,000000,1.77,1.77,1.64,1.72,150128,0
BMTX-WS.US,D,20220126,000000,1.77,1.86,1.7,1.725,77328,0
BMTX-WS.US,D,20220127,000000,1.77,1.77,1.64,1.7,109797,0
BMTX-WS.US,D,20220128,000000,1.7,1.7,1.56,1.6,102986,0
BMTX-WS.US,D,20220131,000000,1.7,1.75,1.62,1.75,110582,0
BMTX-WS.US,D,20220201,000000,1.78,1.81,1.7,1.75,179954,0
BMTX-WS.US,D,20220202,000000,1.79,1.87,1.7,1.761,26430,0
BMTX-WS.US,D,20220203,000000,1.76,1.77,1.735,1.7497,40800,0
BMTX-WS.US,D,20220204,000000,1.77,1.84,1.75,1.79,19231,0
BMTX-WS.US,D,20220207,000000,1.82,1.93,1.7,1.81,146834,0
BMTX-WS.US,D,20220208,000000,1.88,1.88,1.71,1.84,107209,0
BMTX-WS.US,D,20220209,000000,1.88,1.94,1.83,1.87,63471,0
BMTX-WS.US,D,20220210,000000,1.87,1.87,1.76,1.77,18780,0
BMTX-WS.US,D,20220211,000000,1.8,1.87,1.62,1.66,51164,0
BMTX-WS.US,D,20220214,000000,1.76,1.76,1.56,1.59,8445,0
BMTX-WS.US,D,20220215,000000,1.73,1.77,1.57,1.65,74054,0
BMTX-WS.US,D,20220216,000000,1.7,1.7,1.56,1.66,144804,0
BMTX-WS.US,D,20220217,000000,1.68,1.9,1.66,1.72,168731,0
BMTX-WS.US,D,20220218,000000,1.8,1.8,1.67,1.7362,16964,0
BMTX-WS.US,D,20220222,000000,1.69,1.75,1.67,1.71,102235,0
BMTX-WS.US,D,20220223,000000,1.75,1.751,1.69,1.7,12963,0
BMTX-WS.US,D,20220224,000000,1.655,1.69,1.53,1.65,69976,0
BMTX-WS.US,D,20220225,000000,1.65,1.65,1.59,1.6,45954,0
BMTX-WS.US,D,20220228,000000,1.65,1.65,1.57,1.58,72502,0
BMTX-WS.US,D,20220301,000000,1.6,1.65,1.58,1.58,61686,0
BMTX-WS.US,D,20220302,000000,1.6,1.62,1.51,1.51,218371,0
BMTX-WS.US,D,20220303,000000,1.58,1.67,1.5,1.5,62384,0
BMTX-WS.US,D,20220304,000000,1.51,1.52,1.39,1.44,104297,0
BMTX-WS.US,D,20220307,000000,1.4299,1.4595,1.37,1.37,85127,0
BMTX-WS.US,D,20220308,000000,1.33,1.46,1.31,1.43,58537,0
BMTX-WS.US,D,20220309,000000,1.43,1.45,1.3945,1.4287,20973,0
BMTX-WS.US,D,20220310,000000,1.4,1.43,1.4,1.43,15716,0
BMTX-WS.US,D,20220311,000000,1.4001,1.4001,1.37,1.3751,11928,0
BMTX-WS.US,D,20220314,000000,1.375,1.4,1.3101,1.38,25565,0
BMTX-WS.US,D,20220315,000000,1.395,1.4,1.3499,1.36,65622,0
BMTX-WS.US,D,20220316,000000,1.36,1.4,1.33,1.33,22443,0
BMTX-WS.US,D,20220317,000000,1.33,1.4,1.3201,1.37,49583,0
BMTX-WS.US,D,20220318,000000,1.31,1.4,1.31,1.36,70713,0
BMTX-WS.US,D,20220321,000000,1.355,1.4,1.28,1.285,55549,0
BMTX-WS.US,D,20220322,000000,1.3054,1.4,1.28,1.385,50566,0
BMTX-WS.US,D,20220323,000000,1.39,1.4,1.35,1.35,33643,0
BMTX-WS.US,D,20220324,000000,1.39,1.4,1.3,1.35,12196,0
BMTX-WS.US,D,20220325,000000,1.31,1.4,1.289,1.34,37963,0
BMTX-WS.US,D,20220328,000000,1.3201,1.35,1.32,1.35,5572,0
BMTX-WS.US,D,20220329,000000,1.35,1.3999,1.33,1.3799,23273,0
BMTX-WS.US,D,20220330,000000,1.37,1.38,1.27,1.29,111128,0
BMTX-WS.US,D,20220331,000000,1.3,1.54,1.3,1.4892,130554,0
BMTX-WS.US,D,20220401,000000,1.75,1.75,1.38,1.39,152889,0
BMTX-WS.US,D,20220404,000000,1.44,1.46,1.4,1.4,6632,0
BMTX-WS.US,D,20220405,000000,1.4601,1.4601,1.35,1.38,35266,0
BMTX-WS.US,D,20220406,000000,1.3,1.35,1.23,1.35,89883,0
BMTX-WS.US,D,20220407,000000,1.2798,1.29,1.24,1.26,27895,0
BMTX-WS.US,D,20220408,000000,1.35,1.35,1.29,1.3,41400,0
BMTX-WS.US,D,20220411,000000,1.28,1.29,1.23,1.25,15306,0
BMTX-WS.US,D,20220412,000000,1.2999,1.2999,1.21,1.22,24998,0
BMTX-WS.US,D,20220413,000000,1.25,1.27,1.23,1.265,25870,0
BMTX-WS.US,D,20220414,000000,1.2579,1.3,1.24,1.255,17450,0
BMTX-WS.US,D,20220418,000000,1.3,1.3,1.11,1.22,52685,0
BMTX-WS.US,D,20220419,000000,1.3399,1.35,1.24,1.24,47740,0
BMTX-WS.US,D,20220420,000000,1.3399,1.34,1.26,1.2966,15351,0
BMTX-WS.US,D,20220421,000000,1.34,1.35,1.24,1.245,48805,0
BMTX-WS.US,D,20220422,000000,1.25,1.25,1.235,1.24,4001,0
BMTX-WS.US,D,20220425,000000,1.2,1.23,1.08,1.11,90310,0
BMTX-WS.US,D,20220426,000000,1.13,1.14,1,1.0419,83925,0
BMTX-WS.US,D,20220427,000000,1.04,1.04,0.9201,0.99,194679,0
BMTX-WS.US,D,20220428,000000,1,1.02,0.950086,0.96,33951,0
BMTX-WS.US,D,20220429,000000,0.9704,1.08,0.95,1.05,99306,0
BMTX-WS.US,D,20220502,000000,0.96,1.25,0.9,1.0101,68666,0
BMTX-WS.US,D,20220503,000000,0.96,1.0399,0.9,0.97,45515,0
BMTX-WS.US,D,20220504,000000,0.96,0.9885,0.91,0.96,5185,0
BMTX-WS.US,D,20220505,000000,0.9164,0.9299,0.83,0.8601,49634,0
BMTX-WS.US,D,20220506,000000,0.87,0.91,0.87,0.9,15834,0
BMTX-WS.US,D,20220509,000000,0.89,0.9551,0.75,0.8,114859,0
BMTX-WS.US,D,20220510,000000,0.762,0.8,0.7315,0.751,53134,0
BMTX-WS.US,D,20220511,000000,0.751,0.8002,0.66015,0.71,98517,0
BMTX-WS.US,D,20220512,000000,0.7,0.7999,0.7,0.7999,30434,0
BMTX-WS.US,D,20220513,000000,0.7506,0.889599,0.7506,0.859799,56821,0
BMTX-WS.US,D,20220516,000000,0.8368,0.8368,0.7769,0.7769,500,0
BMTX-WS.US,D,20220517,000000,0.850101,0.9001,0.74,0.772,88773,0
BMTX-WS.US,D,20220518,000000,0.7701,0.7831,0.73,0.73,16368,0
BMTX-WS.US,D,20220519,000000,0.74,0.74,0.71,0.71,32017,0
BMTX-WS.US,D,20220520,000000,0.71,0.71,0.61,0.66,74004,0
BMTX-WS.US,D,20220523,000000,0.6999,0.7,0.6,0.6,230723,0
BMTX-WS.US,D,20220524,000000,0.57,0.61,0.5151,0.551,23392,0
BMTX-WS.US,D,20220525,000000,0.575,0.629799,0.57,0.629799,25804,0
BMTX-WS.US,D,20220526,000000,0.62,0.6572,0.5861,0.5861,53177,0
BMTX-WS.US,D,20220527,000000,0.7584,0.7584,0.6099,0.6588,7499,0
BMTX-WS.US,D,20220531,000000,0.61,0.6699,0.61,0.6699,10839,0
BMTX-WS.US,D,20220601,000000,0.689949,0.7799,0.649128,0.6799,9480,0
BMTX-WS.US,D,20220602,000000,0.7099,0.7099,0.65,0.702899,5310,0
BMTX-WS.US,D,20220603,000000,0.709799,0.71,0.6574,0.6574,5200,0
BMTX-WS.US,D,20220606,000000,0.65,0.7099,0.615,0.62,5957,0
BMTX-WS.US,D,20220607,000000,0.62,0.65115,0.551,0.6276,45789,0
BMTX-WS.US,D,20220608,000000,0.58,0.6799,0.57,0.6473,4798,0
BMTX-WS.US,D,20220609,000000,0.68,0.74,0.669801,0.6799,87526,0
BMTX-WS.US,D,20220610,000000,0.7,0.72,0.68,0.7051,75149,0
BMTX-WS.US,D,20220613,000000,0.7003,0.7003,0.58,0.65,7669,0
BMTX-WS.US,D,20220614,000000,0.65,0.6687,0.62,0.6599,23007,0
BMTX-WS.US,D,20220615,000000,0.6799,0.68,0.58,0.58,29853,0
BMTX-WS.US,D,20220616,000000,0.62,0.63,0.5101,0.54875,53293,0
BMTX-WS.US,D,20220617,000000,0.637,0.7299,0.5405,0.5405,25675,0
BMTX-WS.US,D,20220621,000000,0.53,0.72,0.5205,0.6,77748,0
BMTX-WS.US,D,20220622,000000,0.73,0.73,0.65,0.68,900,0
BMTX-WS.US,D,20220623,000000,0.56,0.605,0.511,0.58,7770,0
BMTX-WS.US,D,20220624,000000,0.7299,0.7299,0.61,0.61,6630,0
BMTX-WS.US,D,20220627,000000,0.67,0.67,0.56,0.6,10509,0
BMTX-WS.US,D,20220628,000000,0.63,0.63,0.5,0.5,23339,0
BMTX-WS.US,D,20220629,000000,0.55,0.55,0.5,0.5414,37158,0
BMTX-WS.US,D,20220630,000000,0.53,0.53,0.48,0.484349,31440,0
BMTX-WS.US,D,20220701,000000,0.539,0.59,0.460101,0.5193,25024,0
BMTX-WS.US,D,20220705,000000,0.46,0.4898,0.45,0.47,37045,0
BMTX-WS.US,D,20220706,000000,0.48,0.51,0.48,0.499087,31824,0
BMTX-WS.US,D,20220707,000000,0.5075,0.525,0.502049,0.51,23509,0
BMTX-WS.US,D,20220708,000000,0.5299,0.5299,0.482499,0.52,14903,0
BMTX-WS.US,D,20220711,000000,0.4656,0.515,0.4656,0.515,4236,0
BMTX-WS.US,D,20220712,000000,0.4999,0.4999,0.4599,0.49,16100,0
BMTX-WS.US,D,20220713,000000,0.47,0.5,0.46,0.48,17529,0
BMTX-WS.US,D,20220714,000000,0.5,0.5,0.49,0.49,26850,0
BMTX-WS.US,D,20220715,000000,0.5,0.53,0.5,0.53,23620,0
BMTX-WS.US,D,20220718,000000,0.53,0.5799,0.499799,0.499799,12060,0
BMTX-WS.US,D,20220719,000000,0.5,0.52,0.494949,0.51,22345,0
BMTX-WS.US,D,20220720,000000,0.5699,0.5699,0.5697,0.5697,25291,0
BMTX-WS.US,D,20220721,000000,0.53985,0.56,0.534999,0.56,1000,0
BMTX-WS.US,D,20220722,000000,0.53,0.5599,0.510101,0.528,4800,0
BMTX-WS.US,D,20220725,000000,0.525,0.5436,0.51,0.5199,51518,0
BMTX-WS.US,D,20220726,000000,0.5797,0.64,0.5197,0.639799,16278,0
BMTX-WS.US,D,20220727,000000,0.52,0.6299,0.52,0.6299,600,0
BMTX-WS.US,D,20220728,000000,0.65,0.660001,0.5642,0.61,14300,0
BMTX-WS.US,D,20220729,000000,0.68,0.68,0.54,0.61,12615,0
BMTX-WS.US,D,20220801,000000,0.6899,0.6899,0.64,0.65,12686,0
BMTX-WS.US,D,20220802,000000,0.69,0.7097,0.65,0.65,58691,0
BMTX-WS.US,D,20220803,000000,0.65,0.73,0.575,0.6498,72663,0
BMTX-WS.US,D,20220804,000000,0.65,0.65,0.61,0.618315,14667,0
BMTX-WS.US,D,20220805,000000,0.66,0.66,0.6599,0.6599,200,0
BMTX-WS.US,D,20220808,000000,0.6693,0.74,0.6693,0.702365,13506,0
BMTX-WS.US,D,20220809,000000,0.839899,0.839899,0.65,0.69,11738,0
BMTX-WS.US,D,20220810,000000,0.7499,0.8,0.69,0.79947,49270,0
BMTX-WS.US,D,20220811,000000,0.8,0.825,0.7,0.8,35025,0
BMTX-WS.US,D,20220812,000000,0.84,0.84,0.77,0.77,16000,0
BMTX-WS.US,D,20220815,000000,0.8,0.915,0.799899,0.86,178529,0
BMTX-WS.US,D,20220816,000000,0.969899,0.969899,0.75,0.8,17935,0
BMTX-WS.US,D,20220817,000000,0.8001,0.8599,0.76,0.8599,30789,0
BMTX-WS.US,D,20220818,000000,0.86,0.86,0.8002,0.8401,62331,0
BMTX-WS.US,D,20220819,000000,0.82,0.84995,0.8,0.8465,17042,0
BMTX-WS.US,D,20220822,000000,0.92,0.92,0.76,0.7801,30450,0
BMTX-WS.US,D,20220823,000000,0.84,0.85,0.781,0.786,49420,0
BMTX-WS.US,D,20220824,000000,0.8,0.81,0.78,0.78,33685,0
BMTX-WS.US,D,20220825,000000,0.780001,0.780001,0.55,0.7,65541,0
BMTX-WS.US,D,20220826,000000,0.849799,0.849799,0.7299,0.73,3150,0
BMTX-WS.US,D,20220829,000000,0.7499,0.795,0.7057,0.7656,6547,0
BMTX-WS.US,D,20220830,000000,0.7799,0.7799,0.6901,0.7501,3450,0
BMTX-WS.US,D,20220831,000000,0.735699,0.770146,0.6915,0.7009,9200,0
BMTX-WS.US,D,20220901,000000,0.7,0.73,0.6699,0.6999,8047,0
BMTX-WS.US,D,20220902,000000,0.67,0.78,0.67,0.78,2200,0
BMTX-WS.US,D,20220906,000000,0.78,0.78,0.59,0.7,20382,0
BMTX-WS.US,D,20220907,000000,0.7799,0.7799,0.62,0.6402,8624,0
BMTX-WS.US,D,20220909,000000,0.7,0.7,0.6503,0.6827,2121,0
BMTX-WS.US,D,20220912,000000,0.75,0.75,0.6401,0.6401,30702,0
BMTX-WS.US,D,20220913,000000,0.7398,0.7399,0.6025,0.6075,100640,0
BMTX-WS.US,D,20220914,000000,0.71,0.71,0.6298,0.65,1050,0
BMTX-WS.US,D,20220915,000000,0.6961,0.7,0.5701,0.58,94276,0
BMTX-WS.US,D,20220916,000000,0.65,0.650101,0.65,0.65,2700,0
BMTX-WS.US,D,20220919,000000,0.6501,0.7201,0.65,0.66,13382,0
BMTX-WS.US,D,20220920,000000,0.74,0.74,0.68,0.68,11534,0
BMTX-WS.US,D,20220921,000000,0.6999,0.6999,0.67495,0.69,8900,0
BMTX-WS.US,D,20220922,000000,0.684699,0.6849,0.6,0.62,4522,0
BMTX-WS.US,D,20220923,000000,0.62,0.687,0.62,0.6649,31511,0
BMTX-WS.US,D,20220926,000000,0.670001,0.68,0.66,0.665,22102,0
BMTX-WS.US,D,20220927,000000,0.67,0.700101,0.6501,0.7,49447,0
BMTX-WS.US,D,20220928,000000,0.7298,0.7599,0.719901,0.720001,30020,0
BMTX-WS.US,D,20220929,000000,0.7499,0.75,0.67,0.67,235457,0
BMTX-WS.US,D,20220930,000000,0.7001,0.72745,0.6751,0.72,44932,0
BMTX-WS.US,D,20221003,000000,0.69,0.69,0.687701,0.69,10611,0
BMTX-WS.US,D,20221004,000000,0.7498,0.7499,0.72,0.72,36136,0
BMTX-WS.US,D,20221005,000000,0.72,0.73,0.72,0.73,5480,0
BMTX-WS.US,D,20221006,000000,0.749899,0.8477,0.7493,0.8451,81077,0
BMTX-WS.US,D,20221007,000000,0.8899,0.949799,0.8092,0.8899,46863,0
BMTX-WS.US,D,20221010,000000,0.9749,0.9749,0.8901,0.8901,10613,0
BMTX-WS.US,D,20221011,000000,0.98,1.03,0.89,0.89,155928,0
BMTX-WS.US,D,20221012,000000,0.955,0.969899,0.8748,0.8748,6064,0
BMTX-WS.US,D,20221013,000000,0.86,0.8601,0.821,0.83,42015,0
BMTX-WS.US,D,20221014,000000,0.88,0.8899,0.83,0.83,1665,0
BMTX-WS.US,D,20221017,000000,0.9597,0.9597,0.8947,0.94,21558,0
BMTX-WS.US,D,20221018,000000,0.82,0.83425,0.7851,0.83425,9501,0
BMTX-WS.US,D,20221019,000000,0.8101,0.939,0.81,0.8317,43339,0
BMTX-WS.US,D,20221020,000000,0.8102,0.84,0.81,0.81,37901,0
BMTX-WS.US,D,20221021,000000,0.8999,0.9036,0.83,0.86,37100,0
BMTX-WS.US,D,20221024,000000,0.85,0.85,0.8201,0.84,33387,0
BMTX-WS.US,D,20221025,000000,0.83,0.9,0.8,0.888,53950,0
BMTX-WS.US,D,20221026,000000,0.887,0.93,0.887,0.9,10300,0
BMTX-WS.US,D,20221027,000000,0.88,0.9,0.88,0.9,12785,0
BMTX-WS.US,D,20221028,000000,0.88,0.88,0.846101,0.846101,49800,0
BMTX-WS.US,D,20221031,000000,0.93,0.9899,0.9299,0.9899,23299,0
BMTX-WS.US,D,20221101,000000,0.9,0.9,0.8469,0.8751,15360,0
BMTX-WS.US,D,20221102,000000,0.9,0.95,0.886101,0.9001,31320,0
BMTX-WS.US,D,20221103,000000,0.9586,1.02,0.9211,1.0099,25525,0
BMTX-WS.US,D,20221104,000000,1,1.07,1,1.07,47378,0
BMTX-WS.US,D,20221107,000000,1,1.18,1,1.1201,53038,0
BMTX-WS.US,D,20221108,000000,1.1,1.2,1.1,1.15,48025,0
BMTX-WS.US,D,20221109,000000,1.135,1.18,1.05,1.11,40449,0
BMTX-WS.US,D,20221110,000000,1.13,1.131,1.11,1.12,45544,0
BMTX-WS.US,D,20221111,000000,1.1799,1.22,1.11,1.19,30091,0
BMTX-WS.US,D,20221114,000000,1.48,1.48,1.085,1.1,92555,0
BMTX-WS.US,D,20221115,000000,0.9399,0.9399,0.5955,0.75,390488,0
BMTX-WS.US,D,20221116,000000,0.6501,0.6839,0.5253,0.6557,181910,0
BMTX-WS.US,D,20221117,000000,0.65,0.65,0.57,0.59,13900,0
BMTX-WS.US,D,20221118,000000,0.57,0.6326,0.5157,0.5939,132258,0
BMTX-WS.US,D,20221121,000000,0.53,0.6,0.515,0.53,76106,0
BMTX-WS.US,D,20221122,000000,0.558,0.561899,0.4799,0.5128,90486,0
BMTX-WS.US,D,20221123,000000,0.52,0.539,0.519,0.53,37525,0
BMTX-WS.US,D,20221125,000000,0.53,0.53,0.49,0.53,24666,0
BMTX-WS.US,D,20221128,000000,0.53,0.55,0.4522,0.55,48018,0
BMTX-WS.US,D,20221129,000000,0.554,0.554,0.5,0.537759,22052,0
BMTX-WS.US,D,20221130,000000,0.53,0.5301,0.49,0.49,47474,0
BMTX-WS.US,D,20221201,000000,0.49,0.505,0.44,0.4401,55862,0
BMTX-WS.US,D,20221202,000000,0.46,0.49,0.45,0.45,19822,0
BMTX-WS.US,D,20221205,000000,0.455,0.455,0.42,0.44,23600,0
BMTX-WS.US,D,20221206,000000,0.45,0.46302,0.4201,0.4201,13925,0
BMTX-WS.US,D,20221207,000000,0.46,0.5,0.46,0.47,44396,0
BMTX-WS.US,D,20221208,000000,0.5,0.5,0.4401,0.46,49000,0
BMTX-WS.US,D,20221209,000000,0.45,0.45,0.45,0.45,101,0
BMTX-WS.US,D,20221212,000000,0.46,0.49,0.4599,0.49,38200,0
BMTX-WS.US,D,20221213,000000,0.4401,0.5,0.4399,0.5,116284,0
BMTX-WS.US,D,20221214,000000,0.495,0.495,0.4201,0.4899,3375,0
BMTX-WS.US,D,20221215,000000,0.47,0.47,0.44,0.44,18100,0
BMTX-WS.US,D,20221216,000000,0.51,0.51,0.49,0.49,1350,0
BMTX-WS.US,D,20221219,000000,0.420201,0.47,0.420201,0.47,2250,0
BMTX-WS.US,D,20221220,000000,0.47,0.48,0.4203,0.4203,6700,0
BMTX-WS.US,D,20221221,000000,0.46,0.48,0.46,0.4775,10133,0
BMTX-WS.US,D,20221222,000000,0.42021,0.46,0.42021,0.4573,37050,0
BMTX-WS.US,D,20221223,000000,0.45,0.705,0.42,0.57,357773,0
BMTX-WS.US,D,20221227,000000,0.49,0.56,0.49,0.5399,29112,0
BMTX-WS.US,D,20221228,000000,0.502701,0.5799,0.502701,0.53,35057,0
BMTX-WS.US,D,20221229,000000,0.53,0.5748,0.5281,0.5379,9254,0
BMTX-WS.US,D,20221230,000000,0.52,0.5618,0.5001,0.52,30341,0
BMTX-WS.US,D,20230103,000000,0.53505,0.55,0.5201,0.53,3206,0
BMTX-WS.US,D,20230104,000000,0.56,0.56,0.5201,0.5576,3576,0
BMTX-WS.US,D,20230105,000000,0.63249,0.63249,0.5302,0.6,1940,0
BMTX-WS.US,D,20230106,000000,0.5999,0.605,0.5474,0.5502,17593,0
BMTX-WS.US,D,20230109,000000,0.5998,0.60375,0.5998,0.6025,3368,0
BMTX-WS.US,D,20230110,000000,0.54,0.61,0.54,0.5702,3738,0
BMTX-WS.US,D,20230111,000000,0.59,0.5902,0.58,0.58,10460,0
BMTX-WS.US,D,20230112,000000,0.58,0.58,0.58,0.58,2956,0
BMTX-WS.US,D,20230113,000000,0.5899,0.5899,0.5202,0.5202,14266,0
BMTX-WS.US,D,20230117,000000,0.55,0.57,0.5021,0.55,7866,0
BMTX-WS.US,D,20230118,000000,0.5899,0.5899,0.57,0.57,1677,0
BMTX-WS.US,D,20230119,000000,0.57,0.57,0.55,0.56,1409,0
BMTX-WS.US,D,20230123,000000,0.5799,0.5799,0.5799,0.5799,200,0
BMTX-WS.US,D,20230124,000000,0.58,0.58,0.4901,0.51,39110,0
BMTX-WS.US,D,20230125,000000,0.5898,0.595,0.535,0.5501,16565,0
BMTX-WS.US,D,20230126,000000,0.5601,0.5601,0.5501,0.56,8238,0
BMTX-WS.US,D,20230127,000000,0.56,0.56,0.5412,0.56,15897,0
BMTX-WS.US,D,20230130,000000,0.5001,0.5001,0.399803,0.4396,170364,0
BMTX-WS.US,D,20230210,000000,0.3901,0.3974,0.372,0.3799,11926,0
BMTX-WS.US,D,20230213,000000,0.3999,0.3999,0.2709,0.329899,76289,0
BMTX-WS.US,D,20230214,000000,0.3542,0.3999,0.2952,0.32,73666,0
BMTX-WS.US,D,20230215,000000,0.35,0.35,0.27,0.3011,127011,0
BMTX-WS.US,D,20230216,000000,0.311,0.3496,0.311,0.3496,97300,0
BMTX-WS.US,D,20230217,000000,0.336,0.3499,0.336,0.349,3000,0
BMTX-WS.US,D,20230221,000000,0.281,0.3224,0.2475,0.3184,37425,0
BMTX-WS.US,D,20230222,000000,0.29,0.31,0.27,0.303,119964,0
BMTX-WS.US,D,20230223,000000,0.310101,0.310101,0.2333,0.27,8101,0
BMTX-WS.US,D,20230224,000000,0.3075,0.31,0.251,0.27,10891,0
BMTX-WS.US,D,20230227,000000,0.27,0.305,0.27,0.29,3252,0
BMTX-WS.US,D,20230228,000000,0.309899,0.31,0.2738,0.2738,5197,0
BMTX-WS.US,D,20230301,000000,0.3,0.3,0.28,0.291,1300,0
BMTX-WS.US,D,20230302,000000,0.3003,0.31,0.29,0.31,52400,0
BMTX-WS.US,D,20230303,000000,0.31,0.31,0.295,0.3,8184,0
BMTX-WS.US,D,20230306,000000,0.31,0.31,0.3,0.3,246,0
BMTX-WS.US,D,20230307,000000,0.29,0.29,0.29,0.29,2146,0
BMTX-WS.US,D,20230308,000000,0.29,0.29,0.29,0.29,213,0
BMTX-WS.US,D,20230309,000000,0.29,0.31,0.25,0.2551,26590,0
BMTX-WS.US,D,20230310,000000,0.26,0.2999,0.26,0.2998,2069,0
BMTX-WS.US,D,20230313,000000,0.265,0.2799,0.265,0.2799,1049,0
BMTX-WS.US,D,20230314,000000,0.265,0.265,0.25,0.25,2023,0
BMTX-WS.US,D,20230315,000000,0.28,0.3,0.255,0.29,35503,0
BMTX-WS.US,D,20230316,000000,0.2888,0.3099,0.2601,0.2706,11381,0
BMTX-WS.US,D,20230320,000000,0.3,0.3,0.2401,0.2403,17076,0
BMTX-WS.US,D,20230321,000000,0.2261,0.2399,0.1808,0.19,68179,0
BMTX-WS.US,D,20230322,000000,0.19,0.2,0.19,0.2,6019,0
BMTX-WS.US,D,20230323,000000,0.2351,0.3275,0.215,0.2781,399386,0
BMTX-WS.US,D,20230324,000000,0.3099,0.3099,0.2701,0.2751,7285,0
BMTX-WS.US,D,20230327,000000,0.271,0.4399,0.25,0.39,566287,0
BMTX-WS.US,D,20230328,000000,0.3401,0.3401,0.251,0.297,213677,0
BMTX-WS.US,D,20230329,000000,0.2975,0.2975,0.253,0.2729,15736,0
BMTX-WS.US,D,20230330,000000,0.2511,0.2582,0.23,0.2582,29170,0
BMTX-WS.US,D,20230331,000000,0.231,0.2811,0.23,0.26,17350,0
BMTX-WS.US,D,20230403,000000,0.26,0.26,0.26,0.26,9006,0
BMTX-WS.US,D,20230405,000000,0.222,0.222,0.211,0.211,18508,0
BMTX-WS.US,D,20230406,000000,0.211,0.2111,0.191,0.1925,77796,0
BMTX-WS.US,D,20230410,000000,0.195,0.195,0.1811,0.19,7479,0
BMTX-WS.US,D,20230411,000000,0.19,0.2,0.19,0.1911,26517,0
BMTX-WS.US,D,20230412,000000,0.2445,0.2445,0.195,0.195,468,0
BMTX-WS.US,D,20230413,000000,0.19,0.19,0.19,0.19,1267,0
BMTX-WS.US,D,20230414,000000,0.19,0.19,0.19,0.19,10025,0
BMTX-WS.US,D,20230418,000000,0.2025,0.2025,0.2025,0.2025,1908,0
BMTX-WS.US,D,20230419,000000,0.2318,0.26,0.22,0.22,22413,0
BMTX-WS.US,D,20230420,000000,0.23005,0.23005,0.2001,0.2029,14292,0
BMTX-WS.US,D,20230421,000000,0.203,0.203,0.18,0.1834,2500,0
BMTX-WS.US,D,20230425,000000,0.2,0.2799,0.2,0.2748,5600,0
BMTX-WS.US,D,20230428,000000,0.2475,0.2475,0.2,0.2,2705,0
BMTX-WS.US,D,20230501,000000,0.214,0.23,0.2051,0.23,4033,0
BMTX-WS.US,D,20230502,000000,0.2357,0.2357,0.2,0.21495,474,0
BMTX-WS.US,D,20230508,000000,0.2,0.2,0.1531,0.17,35948,0
BMTX-WS.US,D,20230510,000000,0.17,0.2655,0.17,0.2655,23700,0
BMTX-WS.US,D,20230511,000000,0.2599,0.2599,0.17,0.17,74703,0
BMTX-WS.US,D,20230512,000000,0.19,0.2,0.19,0.19,4100,0
BMTX-WS.US,D,20230517,000000,0.19,0.2696,0.17,0.1701,7200,0
BMTX-WS.US,D,20230518,000000,0.17,0.1703,0.17,0.1703,1000,0
BMTX-WS.US,D,20230519,000000,0.17,0.1906,0.17,0.1906,6946,0
BMTX-WS.US,D,20230522,000000,0.189,0.189,0.17,0.17,7580,0
BMTX-WS.US,D,20230523,000000,0.25,0.2515,0.2444,0.2444,1200,0
BMTX-WS.US,D,20230524,000000,0.18,0.1804,0.18,0.1804,5397,0
BMTX-WS.US,D,20230525,000000,0.19,0.195,0.19,0.19315,5718,0
BMTX-WS.US,D,20230526,000000,0.17,0.17,0.1475,0.1475,23097,0
BMTX-WS.US,D,20230530,000000,0.15,0.16,0.1476,0.1476,11825,0
BMTX-WS.US,D,20230531,000000,0.15,0.18,0.1476,0.1476,12058,0
BMTX-WS.US,D,20230602,000000,0.17,0.199,0.17,0.1907,23113,0
BMTX-WS.US,D,20230605,000000,0.199,0.22495,0.199,0.21,15559,0
BMTX-WS.US,D,20230606,000000,0.21,0.22,0.2,0.22,5122,0
BMTX-WS.US,D,20230607,000000,0.23,0.23,0.23,0.23,1121,0
BMTX-WS.US,D,20230609,000000,0.1506,0.2,0.1506,0.2,8458,0
BMTX-WS.US,D,20230613,000000,0.21,0.21,0.2001,0.2003,6194,0
BMTX-WS.US,D,20230614,000000,0.2,0.2,0.2,0.2,1300,0
BMTX-WS.US,D,20230616,000000,0.2,0.2,0.1525,0.1525,10876,0
BMTX-WS.US,D,20230620,000000,0.17,0.1869,0.17,0.1869,5600,0
BMTX-WS.US,D,20230621,000000,0.1999,0.2,0.16,0.16,10814,0
BMTX-WS.US,D,20230622,000000,0.16,0.16,0.1425,0.15,9411,0
BMTX-WS.US,D,20230626,000000,0.15,0.15,0.1326,0.1351,13250,0
BMTX-WS.US,D,20230627,000000,0.14,0.14,0.1276,0.1276,6838,0
BMTX-WS.US,D,20230628,000000,0.135,0.135,0.1225,0.133,3645,0
BMTX-WS.US,D,20230629,000000,0.135,0.135,0.129,0.129,701,0
BMTX-WS.US,D,20230630,000000,0.13,0.1501,0.13,0.15,47194,0
BMTX-WS.US,D,20230705,000000,0.14,0.14,0.14,0.14,600,0
BMTX-WS.US,D,20230706,000000,0.14,0.16,0.0823,0.16,46047,0
BMTX-WS.US,D,20230710,000000,0.16,0.17,0.1301,0.1301,7385,0
BMTX-WS.US,D,20230711,000000,0.1788,0.1788,0.1047,0.1047,85550,0
BMTX-WS.US,D,20230717,000000,0.15,0.15,0.13,0.13,21701,0
BMTX-WS.US,D,20230718,000000,0.13,0.13,0.13,0.13,500,0
BMTX-WS.US,D,20230721,000000,0.13,0.1822,0.13,0.18,5283,0
BMTX-WS.US,D,20230724,000000,0.18,0.18,0.18,0.18,2630,0
BMTX-WS.US,D,20230725,000000,0.18,0.18,0.13,0.1572,1372,0
BMTX-WS.US,D,20230727,000000,0.13,0.13,0.13,0.13,600,0
BMTX-WS.US,D,20230731,000000,0.1785,0.1785,0.164,0.164,11320,0
BMTX-WS.US,D,20230802,000000,0.13,0.14,0.13,0.14,2930,0
BMTX-WS.US,D,20230809,000000,0.147601,0.147601,0.1301,0.1301,6269,0
BMTX-WS.US,D,20230810,000000,0.1301,0.1762,0.1301,0.1301,2062,0
BMTX-WS.US,D,20230814,000000,0.1301,0.1301,0.13,0.13,643,0
BMTX-WS.US,D,20230816,000000,0.13,0.13,0.13,0.13,1884,0
BMTX-WS.US,D,20230817,000000,0.1488,0.1488,0.1488,0.1488,600,0
BMTX-WS.US,D,20230818,000000,0.16,0.1652,0.1433,0.1433,2300,0
BMTX-WS.US,D,20230821,000000,0.14,0.14,0.136,0.14,1100,0
BMTX-WS.US,D,20230822,000000,0.13,0.13,0.1299,0.1299,9375,0
BMTX-WS.US,D,20230823,000000,0.1255,0.1255,0.1168,0.1168,900,0
BMTX-WS.US,D,20230824,000000,0.115,0.115,0.0575,0.07,115733,0
BMTX-WS.US,D,20230825,000000,0.051,0.0674,0.051,0.06005,47327,0
BMTX-WS.US,D,20230828,000000,0.057101,0.062251,0.0511,0.06,15074,0
BMTX-WS.US,D,20230829,000000,0.06,0.06,0.04,0.049899,17245,0
BMTX-WS.US,D,20230830,000000,0.0401,0.045,0.035,0.0361,38545,0
BMTX-WS.US,D,20230831,000000,0.0955,0.0955,0.0253,0.032,30194,0
BMTX-WS.US,D,20230901,000000,0.032,0.035,0.025,0.035,90140,0
BMTX-WS.US,D,20230905,000000,0.03,0.0421,0.0271,0.033,16985,0
BMTX-WS.US,D,20230906,000000,0.03,0.048,0.0252,0.039,2300,0
BMTX-WS.US,D,20230907,000000,0.04,0.048,0.039,0.0462,51475,0
BMTX-WS.US,D,20230908,000000,0.03,0.047,0.03,0.04,26524,0
BMTX-WS.US,D,20230911,000000,0.0251,0.031,0.0251,0.03,52817,0
BMTX-WS.US,D,20230912,000000,0.0299,0.042,0.0299,0.03,21133,0
BMTX-WS.US,D,20230913,000000,0.03,0.0331,0.0165,0.03,74302,0
BMTX-WS.US,D,20230914,000000,0.02,0.04,0.02,0.04,125588,0
BMTX-WS.US,D,20230915,000000,0.03,0.03,0.0216,0.03,21100,0
BMTX-WS.US,D,20230918,000000,0.03,0.0375,0.03,0.03,15386,0
BMTX-WS.US,D,20230919,000000,0.035,0.05,0.035,0.05,17977,0
BMTX-WS.US,D,20230920,000000,0.0744,0.075,0.0526,0.075,3500,0
BMTX-WS.US,D,20230921,000000,0.0572,0.0612,0.0572,0.0612,300,0
BMTX-WS.US,D,20230922,000000,0.05,0.0699,0.05,0.0699,1000,0
BMTX-WS.US,D,20230926,000000,0.0688,0.0699,0.0629,0.0699,6200,0
BMTX-WS.US,D,20230928,000000,0.0469,0.0699,0.0438,0.0544,4700,0
BMTX-WS.US,D,20230929,000000,0.0304,0.0699,0.0304,0.0699,1000,0
BMTX-WS.US,D,20231002,000000,0.0373,0.048,0.0311,0.0377,59057,0
BMTX-WS.US,D,20231005,000000,0.0425,0.0561,0.0425,0.0541,700,0
BMTX-WS.US,D,20231006,000000,0.0639,0.0639,0.0639,0.0639,600,0
BMTX-WS.US,D,20231009,000000,0.0475,0.0475,0.0451,0.0468,5601,0
BMTX-WS.US,D,20231011,000000,0.0685,0.0695,0.0685,0.0685,3600,0
BMTX-WS.US,D,20231013,000000,0.0479,0.0695,0.0479,0.0695,1000,0
BMTX-WS.US,D,20231016,000000,0.05,0.066001,0.0478,0.062601,3300,0
BMTX-WS.US,D,20231017,000000,0.0685,0.0695,0.066,0.0672,1900,0
BMTX-WS.US,D,20231018,000000,0.0695,0.0695,0.0695,0.0695,142,0
BMTX-WS.US,D,20231019,000000,0.0707,0.0707,0.0626,0.0626,1102,0
BMTX-WS.US,D,20231020,000000,0.0601,0.0601,0.0601,0.0601,1568,0
BMTX-WS.US,D,20231024,000000,0.0786,0.0786,0.0786,0.0786,150,0
BMTX-WS.US,D,20231025,000000,0.07,0.07,0.07,0.07,2200,0
BMTX-WS.US,D,20231026,000000,0.05,0.05,0.05,0.05,1200,0
BMTX-WS.US,D,20231027,000000,0.0517,0.0517,0.0414,0.042,4763,0
BMTX-WS.US,D,20231030,000000,0.04,0.0401,0.04,0.0401,300,0
BMTX-WS.US,D,20231031,000000,0.041,0.0512,0.041,0.045501,2504,0
BMTX-WS.US,D,20231101,000000,0.0425,0.044,0.0425,0.0427,2252,0
BMTX-WS.US,D,20231102,000000,0.04,0.042101,0.04,0.042,3773,0
BMTX-WS.US,D,20231103,000000,0.0475,0.0535,0.0475,0.0475,63398,0
BMTX-WS.US,D,20231106,000000,0.0425,0.0425,0.04,0.04,8200,0
BMTX-WS.US,D,20231107,000000,0.041,0.0451,0.036,0.04,34764,0
BMTX-WS.US,D,20231108,000000,0.04,0.05,0.04,0.0425,12464,0
BMTX-WS.US,D,20231109,000000,0.04,0.04,0.04,0.04,691,0
BMTX-WS.US,D,20231110,000000,0.053,0.053,0.0386,0.0401,4065,0
BMTX-WS.US,D,20231113,000000,0.04001,0.0699,0.0382,0.0405,11789,0
BMTX-WS.US,D,20231114,000000,0.04,0.045,0.0351,0.041,12584,0
BMTX-WS.US,D,20231115,000000,0.04,0.04,0.0361,0.0375,4796,0
BMTX-WS.US,D,20231116,000000,0.035,0.0366,0.0333,0.0333,5281,0
BMTX-WS.US,D,20231117,000000,0.0333,0.0495,0.0333,0.0333,3683,0
BMTX-WS.US,D,20231120,000000,0.035,0.0749,0.035,0.06,44134,0
BMTX-WS.US,D,20231121,000000,0.0277,0.0762,0.0277,0.07,11331,0
BMTX-WS.US,D,20231122,000000,0.05,0.06,0.045,0.045,3106,0
BMTX-WS.US,D,20231124,000000,0.0406,0.0406,0.04,0.04,1500,0
BMTX-WS.US,D,20231127,000000,0.05,0.05,0.0479,0.0479,2000,0
BMTX-WS.US,D,20231128,000000,0.0432,0.05,0.0432,0.05,1573,0
BMTX-WS.US,D,20231129,000000,0.04,0.05,0.035,0.05,27559,0
BMTX-WS.US,D,20231130,000000,0.0451,0.0679,0.0407,0.0679,5110,0
BMTX-WS.US,D,20231201,000000,0.05,0.0699,0.041,0.06,12700,0
BMTX-WS.US,D,20231204,000000,0.0649,0.065,0.0548,0.06,51800,0
BMTX-WS.US,D,20231205,000000,0.06,0.06,0.06,0.06,51000,0
BMTX-WS.US,D,20231206,000000,0.06,0.06,0.06,0.06,37100,0
BMTX-WS.US,D,20231207,000000,0.05,0.055,0.05,0.05,10100,0
BMTX-WS.US,D,20231208,000000,0.05,0.05,0.0426,0.0426,16000,0
BMTX-WS.US,D,20231211,000000,0.05,0.05,0.04,0.0462,51100,0
BMTX-WS.US,D,20231212,000000,0.05,0.05,0.04,0.04,40061,0
BMTX-WS.US,D,20231213,000000,0.0499,0.0499,0.04,0.0404,8350,0
BMTX-WS.US,D,20231214,000000,0.045,0.045,0.04,0.04,41500,0
BMTX-WS.US,D,20231215,000000,0.05,0.07,0.041,0.06495,52528,0
BMTX-WS.US,D,20231218,000000,0.0649,0.065,0.04,0.04,18300,0
BMTX-WS.US,D,20231220,000000,0.0404,0.0404,0.0366,0.036734,24230,0
BMTX-WS.US,D,20231221,000000,0.036701,0.04265,0.0366,0.0366,11926,0
BMTX-WS.US,D,20231222,000000,0.0366,0.0367,0.035,0.035,11976,0
BMTX-WS.US,D,20231226,000000,0.0333,0.0372,0.033,0.033,7899,0
BMTX-WS.US,D,20231227,000000,0.0315,0.0432,0.0288,0.0305,21225,0
BMTX-WS.US,D,20231228,000000,0.029,0.0308,0.029,0.03,23700,0
BMTX-WS.US,D,20231229,000000,0.03,0.0341,0.0275,0.0341,26920,0
BMTX-WS.US,D,20240102,000000,0.0277,0.0313,0.0277,0.0277,3999,0
BMTX-WS.US,D,20240103,000000,0.03,0.03,0.0277,0.0277,1239,0
BMTX-WS.US,D,20240104,000000,0.0277,0.0277,0.0266,0.0266,6916,0
BMTX-WS.US,D,20240105,000000,0.0266,0.0328,0.0255,0.0255,21999,0
BMTX-WS.US,D,20240108,000000,0.0255,0.0255,0.0255,0.0255,6000,0
BMTX-WS.US,D,20240109,000000,0.025,0.025,0.0222,0.0223,6808,0
BMTX-WS.US,D,20240110,000000,0.03,0.03,0.023,0.0232,6302,0
BMTX-WS.US,D,20240111,000000,0.023,0.0233,0.0222,0.0233,13700,0
BMTX-WS.US,D,20240112,000000,0.0233,0.026,0.021,0.0211,19431,0
BMTX-WS.US,D,20240116,000000,0.0211,0.0211,0.021,0.021,8000,0
BMTX-WS.US,D,20240117,000000,0.021,0.021,0.02,0.0202,14693,0
BMTX-WS.US,D,20240118,000000,0.0202,0.03,0.02,0.02,11517,0
BMTX-WS.US,D,20240119,000000,0.0188,0.0189,0.01775,0.01775,5277,0
BMTX-WS.US,D,20240122,000000,0.0177,0.018,0.0165,0.0165,15800,0
BMTX-WS.US,D,20240123,000000,0.02,0.02,0.02,0.02,800,0
BMTX-WS.US,D,20240124,000000,0.0171,0.03,0.0052,0.03,13002,0
BMTX-WS.US,D,20240126,000000,0.011,0.023,0.011,0.023,800,0
BMTX-WS.US,D,20240129,000000,0.0298,0.03,0.0297,0.03,11643,0
BMTX-WS.US,D,20240130,000000,0.0209,0.0301,0.0125,0.03,2037,0
BMTX-WS.US,D,20240201,000000,0.0126,0.0246,0.0125,0.0246,10700,0
BMTX-WS.US,D,20240202,000000,0.0299,0.0402,0.0111,0.0399,38271,0
BMTX-WS.US,D,20240205,000000,0.045,0.045,0.0125,0.0126,16226,0
BMTX-WS.US,D,20240206,000000,0.02,0.024773,0.0126,0.0199,14998,0
BMTX-WS.US,D,20240207,000000,0.0199,0.0199,0.015053,0.015053,1972,0
BMTX-WS.US,D,20240208,000000,0.0151,0.0168,0.015,0.015,17231,0
BMTX-WS.US,D,20240209,000000,0.019,0.019,0.019,0.019,2833,0
BMTX-WS.US,D,20240212,000000,0.0175,0.0175,0.0139,0.014,16667,0
BMTX-WS.US,D,20240213,000000,0.0125,0.015,0.0125,0.0144,16911,0
BMTX-WS.US,D,20240214,000000,0.019,0.019,0.0126,0.0127,6851,0
BMTX-WS.US,D,20240215,000000,0.019,0.019,0.016449,0.018899,1846,0
BMTX-WS.US,D,20240216,000000,0.015,0.017001,0.0149,0.0149,6790,0
BMTX-WS.US,D,20240220,000000,0.019,0.019,0.0126,0.0126,7671,0
BMTX-WS.US,D,20240221,000000,0.014,0.0181,0.014,0.015,21566,0
BMTX-WS.US,D,20240222,000000,0.015,0.0298,0.015,0.0298,28780,0
BMTX-WS.US,D,20240223,000000,0.015,0.0295,0.015,0.0295,12443,0
BMTX-WS.US,D,20240226,000000,0.02,0.0294,0.0199,0.0294,3649,0
BMTX-WS.US,D,20240227,000000,0.0155,0.0294,0.0155,0.0294,3147,0
BMTX-WS.US,D,20240228,000000,0.02,0.0245,0.02,0.0236,1378,0
BMTX-WS.US,D,20240229,000000,0.0156,0.02,0.0156,0.02,3169,0
BMTX-WS.US,D,20240301,000000,0.02,0.0249,0.0184,0.0236,3154,0
BMTX-WS.US,D,20240304,000000,0.0156,0.025,0.0156,0.0237,5077,0
BMTX-WS.US,D,20240305,000000,0.0156,0.0156,0.015,0.015,752,0
BMTX-WS.US,D,20240306,000000,0.0156,0.0156,0.0134,0.0134,18547,0
BMTX-WS.US,D,20240307,000000,0.0139,0.0155,0.0139,0.0155,1100,0
BMTX-WS.US,D,20240308,000000,0.014015,0.0149,0.014015,0.0149,10752,0
BMTX-WS.US,D,20240311,000000,0.0183,0.0183,0.015,0.015,1594,0
BMTX-WS.US,D,20240312,000000,0.0155,0.0178,0.014399,0.015,5192,0
BMTX-WS.US,D,20240313,000000,0.02,0.02,0.0154,0.0154,1473,0
BMTX-WS.US,D,20240314,000000,0.0146,0.0146,0.0133,0.0135,1510,0
BMTX-WS.US,D,20240315,000000,0.0135,0.0135,0.0135,0.0135,1509,0
BMTX-WS.US,D,20240318,000000,0.0133,0.0135,0.0133,0.0135,2140,0
BMTX-WS.US,D,20240319,000000,0.0135,0.0135,0.0135,0.0135,1534,0
BMTX-WS.US,D,20240320,000000,0.0133,0.0135,0.0133,0.0135,1930,0
BMTX-WS.US,D,20240321,000000,0.0135,0.0135,0.0135,0.0135,1346,0
BMTX-WS.US,D,20240322,000000,0.0133,0.0295,0.0133,0.0295,1588,0
BMTX-WS.US,D,20240325,000000,0.028,0.028,0.028,0.028,1322,0
BMTX-WS.US,D,20240326,000000,0.028,0.0281,0.0111,0.0114,72130,0
BMTX-WS.US,D,20240327,000000,0.0115,0.0115,0.0115,0.0115,646,0
BMTX-WS.US,D,20240401,000000,0.0115,0.0116,0.0111,0.0111,4600,0
BMTX-WS.US,D,20240408,000000,0.0122,0.0122,0.0122,0.0122,200,0
BMTX-WS.US,D,20240415,000000,0.0122,0.0122,0.0122,0.0122,2500,0
BMTX-WS.US,D,20240417,000000,0.0122,0.0122,0.0111,0.0111,5000,0
BMTX-WS.US,D,20240418,000000,0.0101,0.0101,0.0101,0.0101,2000,0
BMTX-WS.US,D,20240419,000000,0.0101,0.0101,0.0101,0.0101,387,0
BMTX-WS.US,D,20240423,000000,0.0101,0.0101,0.0101,0.0101,72500,0
BMTX-WS.US,D,20240429,000000,0.0102,0.0102,0.0102,0.0102,2500,0
BMTX-WS.US,D,20240430,000000,0.011,0.011,0.011,0.011,1900,0
BMTX-WS.US,D,20240506,000000,0.0139,0.0161,0.0139,0.0139,15200,0
BMTX-WS.US,D,20240509,000000,0.011,0.011,0.011,0.011,97600,0
BMTX-WS.US,D,20240513,000000,0.0105,0.0105,0.0105,0.0105,1000,0
BMTX-WS.US,D,20240514,000000,0.0156,0.016,0.0113,0.0125,7200,0
BMTX-WS.US,D,20240515,000000,0.0125,0.0126,0.0125,0.0126,10300,0
BMTX-WS.US,D,20240516,000000,0.0244,0.07,0.02,0.054999,222559,0
BMTX-WS.US,D,20240517,000000,0.05,0.055,0.0201,0.0489,31645,0
BMTX-WS.US,D,20240520,000000,0.058,0.059801,0.04,0.0598,39372,0
BMTX-WS.US,D,20240521,000000,0.065,0.07,0.0519,0.069933,15201,0
BMTX-WS.US,D,20240522,000000,0.0699,0.0888,0.0699,0.0699,63472,0
BMTX-WS.US,D,20240523,000000,0.05,0.05,0.04,0.05,18777,0
BMTX-WS.US,D,20240524,000000,0.07,0.07,0.031,0.059612,21034,0
BMTX-WS.US,D,20240528,000000,0.035,0.1118,0.035,0.1,121114,0
BMTX-WS.US,D,20240529,000000,0.075,0.1111,0.075,0.1044,9202,0
BMTX-WS.US,D,20240530,000000,0.1,0.1001,0.1,0.1,7598,0
BMTX-WS.US,D,20240531,000000,0.0602,0.1111,0.0602,0.1,1680,0
BMTX-WS.US,D,20240603,000000,0.091,0.0964,0.091,0.0964,302,0
BMTX-WS.US,D,20240604,000000,0.08,0.096699,0.068,0.096699,24355,0
BMTX-WS.US,D,20240605,000000,0.06,0.095,0.05,0.0944,1300,0
BMTX-WS.US,D,20240606,000000,0.0501,0.0944,0.0501,0.0944,200,0
BMTX-WS.US,D,20240612,000000,0.0528,0.09,0.0476,0.0774,77781,0
BMTX-WS.US,D,20240613,000000,0.0466,0.0899,0.0407,0.075,61326,0
BMTX-WS.US,D,20240614,000000,0.056,0.09,0.056,0.0799,3323,0
BMTX-WS.US,D,20240617,000000,0.0402,0.0698,0.0402,0.0698,12797,0
BMTX-WS.US,D,20240618,000000,0.0699,0.0699,0.0555,0.0555,5701,0
BMTX-WS.US,D,20240620,000000,0.06,0.0621,0.0401,0.0539,8745,0
BMTX-WS.US,D,20240621,000000,0.0401,0.053899,0.031,0.035,18601,0
BMTX-WS.US,D,20240624,000000,0.0303,0.0303,0.0303,0.0303,199,0
BMTX-WS.US,D,20240625,000000,0.03732,0.03732,0.03732,0.03732,1001,0
BMTX-WS.US,D,20240627,000000,0.0303,0.0303,0.03,0.03,2700,0
BMTX-WS.US,D,20240628,000000,0.042,0.043,0.042,0.043,250,0
BMTX-WS.US,D,20240701,000000,0.0375,0.039,0.03,0.03,14800,0
BMTX-WS.US,D,20240702,000000,0.037,0.0394,0.0301,0.035031,8100,0
BMTX-WS.US,D,20240703,000000,0.039,0.04,0.0306,0.04,6500,0
BMTX-WS.US,D,20240705,000000,0.0442,0.0442,0.030199,0.0302,45200,0
BMTX-WS.US,D,20240708,000000,0.0302,0.0302,0.03,0.03,10343,0
BMTX-WS.US,D,20240709,000000,0.0275,0.0275,0.026501,0.026501,6101,0
BMTX-WS.US,D,20240710,000000,0.0266,0.03,0.0265,0.03,3304,0
BMTX-WS.US,D,20240711,000000,0.031,0.031,0.0309,0.0309,200,0
BMTX-WS.US,D,20240712,000000,0.0439,0.0613,0.0439,0.0613,2455,0
BMTX-WS.US,D,20240715,000000,0.06,0.06,0.06,0.06,128,0
BMTX-WS.US,D,20240716,000000,0.0353,0.045,0.0307,0.0379,20813,0
BMTX-WS.US,D,20240717,000000,0.0611,0.0611,0.05,0.0553,20905,0
BMTX-WS.US,D,20240719,000000,0.0554,0.0611,0.042,0.0554,2647,0
BMTX-WS.US,D,20240722,000000,0.0599,0.0599,0.0419,0.044899,1400,0
BMTX-WS.US,D,20240723,000000,0.045,0.0561,0.042626,0.0561,4405,0
BMTX-WS.US,D,20240724,000000,0.059,0.059,0.059,0.059,1695,0
BMTX-WS.US,D,20240725,000000,0.049,0.054,0.049,0.05,3183,0
BMTX-WS.US,D,20240802,000000,0.06,0.065,0.06,0.06,7067,0
BMTX-WS.US,D,20240805,000000,0.0382,0.059,0.0306,0.059,9330,0
BMTX-WS.US,D,20240809,000000,0.041,0.0544,0.041,0.0544,665,0
BMTX-WS.US,D,20240814,000000,0.0301,0.0301,0.0301,0.0301,1500,0
BMTX-WS.US,D,20240815,000000,0.0289,0.06499,0.0289,0.06499,37527,0
BMTX-WS.US,D,20240819,000000,0.0649,0.0649,0.0649,0.0649,100,0
BMTX-WS.US,D,20240827,000000,0.04,0.04,0.04,0.04,500,0
BMTX-WS.US,D,20240903,000000,0.04,0.053,0.04,0.053,2800,0
BMTX-WS.US,D,20240906,000000,0.0415,0.0415,0.04,0.04,1305,0
BMTX-WS.US,D,20240910,000000,0.04,0.053,0.04,0.053,10700,0
BMTX-WS.US,D,20240911,000000,0.0534,0.0534,0.041,0.041,158230,0
BMTX-WS.US,D,20240912,000000,0.0311,0.0311,0.0311,0.0311,1100,0
BMTX-WS.US,D,20240913,000000,0.0311,0.0534,0.031,0.0503,3400,0
BMTX-WS.US,D,20240916,000000,0.0534,0.0535,0.0533,0.0533,9600,0
BMTX-WS.US,D,20240918,000000,0.0535,0.0535,0.0535,0.0535,100,0
BMTX-WS.US,D,20240919,000000,0.0314,0.0314,0.0314,0.0314,1980,0
BMTX-WS.US,D,20240920,000000,0.0319,0.0319,0.031,0.0319,10400,0
BMTX-WS.US,D,20240923,000000,0.0311,0.0311,0.031,0.031,1500,0
BMTX-WS.US,D,20240925,000000,0.0311,0.0311,0.0311,0.0311,100,0
BMTX-WS.US,D,20240926,000000,0.0311,0.0311,0.031,0.0311,17800,0
BMTX-WS.US,D,20240927,000000,0.0333,0.0333,0.0301,0.031,10500,0
BMTX-WS.US,D,20241001,000000,0.0499,0.0499,0.0289,0.0415,2800,0
BMTX-WS.US,D,20241002,000000,0.04,0.04,0.0302,0.0348,32960,0
BMTX-WS.US,D,20241004,000000,0.0313,0.0323,0.0313,0.0321,10235,0
BMTX-WS.US,D,20241007,000000,0.0302,0.0313,0.0255,0.0258,29524,0
BMTX-WS.US,D,20241008,000000,0.030724,0.030724,0.03,0.0303,100757,0
BMTX-WS.US,D,20241009,000000,0.03,0.03,0.0255,0.029953,18794,0
BMTX-WS.US,D,20241010,000000,0.05,0.05,0.05,0.05,1000,0
BMTX-WS.US,D,20241014,000000,0.0418,0.0418,0.0418,0.0418,10325,0
BMTX-WS.US,D,20241016,000000,0.049881,0.049881,0.049881,0.049881,1000,0
BMTX-WS.US,D,20241021,000000,0.0333,0.045,0.0303,0.0303,8769,0
BMTX-WS.US,D,20241022,000000,0.0303,0.04,0.0255,0.0286,18320,0
BMTX-WS.US,D,20241024,000000,0.04,0.04,0.0255,0.0313,4600,0
BMTX-WS.US,D,20241025,000000,0.098,0.5378,0.098,0.45,9817131,0
BMTX-WS.US,D,20241028,000000,0.45,0.47,0.45,0.45,2004184,0
BMTX-WS.US,D,20241029,000000,0.4201,0.47,0.4201,0.46,461814,0
BMTX-WS.US,D,20241030,000000,0.45,0.48,0.45,0.4714,129825,0
BMTX-WS.US,D,20241031,000000,0.4401,0.4649,0.4401,0.46,33082,0
BMTX-WS.US,D,20241101,000000,0.4657,0.4973,0.4601,0.4719,33215,0
BMTX-WS.US,D,20241104,000000,0.465,0.4949,0.4603,0.4603,6443,0
BMTX-WS.US,D,20241105,000000,0.4611,0.468,0.4611,0.4616,25500,0
BMTX-WS.US,D,20241106,000000,0.4755,0.4755,0.4551,0.4551,31954,0
BMTX-WS.US,D,20241107,000000,0.46,0.497484,0.41,0.45,129031,0
BMTX-WS.US,D,20241108,000000,0.4499,0.4899,0.4499,0.4899,95361,0
BMTX-WS.US,D,20241111,000000,0.4899,0.4899,0.441,0.45,111720,0
BMTX-WS.US,D,20241112,000000,0.45,0.45,0.4426,0.45,98223,0
BMTX-WS.US,D,20241113,000000,0.4427,0.478,0.4427,0.469808,223575,0
BMTX-WS.US,D,20241114,000000,0.46,0.46,0.4525,0.46,22739,0
BMTX-WS.US,D,20241115,000000,0.45,0.455,0.446,0.4499,138720,0
BMTX-WS.US,D,20241118,000000,0.4461,0.45,0.405,0.41,105786,0
BMTX-WS.US,D,20241119,000000,0.41,0.435,0.41,0.435,3287,0
BMTX-WS.US,D,20241120,000000,0.435,0.435,0.435,0.435,5545,0
BMTX-WS.US,D,20241121,000000,0.45,0.45,0.4101,0.45,102633,0
BMTX-WS.US,D,20241122,000000,0.42,0.46,0.415,0.46,1766,0
BMTX-WS.US,D,20241125,000000,0.46,0.46,0.405,0.4301,21195,0
BMTX-WS.US,D,20241127,000000,0.45,0.45,0.41,0.411,24460,0
BMTX-WS.US,D,20241202,000000,0.4025,0.42,0.3783,0.4,68306,0
BMTX-WS.US,D,20241203,000000,0.3825,0.4,0.3825,0.4,62917,0
BMTX-WS.US,D,20241204,000000,0.42,0.5,0.42,0.475,1574948,0
BMTX-WS.US,D,20241205,000000,0.49,0.5075,0.47,0.505,689863,0
BMTX-WS.US,D,20241206,000000,0.51,0.52,0.48,0.52,57764,0
BMTX-WS.US,D,20241209,000000,0.4511,0.52,0.450787,0.52,43149,0
BMTX-WS.US,D,20241210,000000,0.51,0.52,0.51,0.51175,48548,0
BMTX-WS.US,D,20241211,000000,0.52,0.5525,0.515,0.5237,54384,0
BMTX-WS.US,D,20241212,000000,0.52,0.52,0.5114,0.52,67587,0
BMTX-WS.US,D,20241213,000000,0.51,0.56,0.51,0.55,792529,0
BMTX-WS.US,D,20241216,000000,0.569,0.59,0.55,0.59,46822,0
BMTX-WS.US,D,20241217,000000,0.58,0.62,0.58,0.62,43949,0
BMTX-WS.US,D,20241218,000000,0.6,0.61,0.58,0.6,128683,0
BMTX-WS.US,D,20241219,000000,0.56,0.5975,0.56,0.5975,200,0
BMTX-WS.US,D,20241223,000000,0.5899,0.6038,0.5899,0.6,91249,0
BMTX-WS.US,D,20241224,000000,0.59,0.6125,0.59,0.6,625750,0
BMTX-WS.US,D,20241226,000000,0.54,0.6375,0.54,0.6,41174,0
BMTX-WS.US,D,20241227,000000,0.5125,0.605,0.51,0.6,149620,0
BMTX-WS.US,D,20241230,000000,0.5581,0.61,0.55,0.5658,92434,0
BMTX-WS.US,D,20241231,000000,0.5728,0.6,0.55,0.5825,124069,0
BMTX-WS.US,D,20250102,000000,0.58,0.6,0.56,0.58,82583,0
BMTX-WS.US,D,20250103,000000,0.6,0.6012,0.5706,0.5911,247568,0
BMTX-WS.US,D,20250106,000000,0.6275,0.63,0.59,0.600001,45333,0
BMTX-WS.US,D,20250107,000000,0.6,0.62,0.5475,0.62,267545,0
BMTX-WS.US,D,20250108,000000,0.6,0.6202,0.5975,0.6202,114001,0
BMTX-WS.US,D,20250110,000000,0.63,0.64,0.61,0.64,48753,0
BMTX-WS.US,D,20250113,000000,0.63,0.64,0.626,0.626,59564,0
BMTX-WS.US,D,20250114,000000,0.62,0.63,0.615,0.62,124280,0
BMTX-WS.US,D,20250115,000000,0.625,0.63,0.61,0.62,768406,0
BMTX-WS.US,D,20250116,000000,0.72,0.7425,0.7,0.73,4924568,0
BMTX-WS.US,D,20250117,000000,0.7358,0.740101,0.731,0.7401,443493,0
BMTX-WS.US,D,20250121,000000,0.7455,0.7455,0.74,0.745,25422,0
BMTX-WS.US,D,20250122,000000,0.7401,0.7499,0.7322,0.7485,61529,0
BMTX-WS.US,D,20250124,000000,0.7445,0.7547,0.73,0.7402,328667,0
BMTX-WS.US,D,20250127,000000,0.7402,0.7456,0.7398,0.7424,201467,0
BMTX-WS.US,D,20250128,000000,0.74,0.75,0.7397,0.75,64100,0
BMTX-WS.US,D,20250129,000000,0.75,0.758,0.75,0.7546,119250,0
BMTX-WS.US,D,20250130,000000,0.7505,0.76,0.7505,0.7565,84168,0
BMTX-WS.US,D,20250131,000000,0.7511,0.77,0.7497,0.751,396700,0
