<TICKER>,<PER>,<DATE>,<TIME>,<OPEN>,<HIGH>,<LOW>,<CLOSE>,<VOL>,<OPENINT>
EVE.US,D,20220207,000000,9.82,9.9,9.8,9.9,445,0
EVE.US,D,20220208,000000,10.25,10.25,10.25,10.25,161,0
EVE.US,D,20220209,000000,9.85,9.85,9.85,9.85,459,0
EVE.US,D,20220210,000000,9.7038,9.85,9.7038,9.85,3271,0
EVE.US,D,20220211,000000,9.86,9.86,9.85,9.85,756,0
EVE.US,D,20220215,000000,9.89,9.89,9.85,9.85,50108,0
EVE.US,D,20220216,000000,10.13,10.13,9.85,9.91,2463,0
EVE.US,D,20220217,000000,10,10,10,10,367,0
EVE.US,D,20220223,000000,9.85,9.9,9.76,9.76,30951,0
EVE.US,D,20220224,000000,9.89,9.89,9.85,9.85,6314,0
EVE.US,D,20220225,000000,9.89,9.89,9.8486,9.85,25435,0
EVE.US,D,20220228,000000,9.89,9.89,9.82,9.83,34738,0
EVE.US,D,20220301,000000,9.86,9.86,9.82,9.82,11313,0
EVE.US,D,20220302,000000,9.86,9.86,9.86,9.86,27208,0
EVE.US,D,20220303,000000,9.88,9.88,9.8456,9.87,1945,0
EVE.US,D,20220304,000000,9.88,9.88,9.859,9.859,1019,0
EVE.US,D,20220307,000000,9.89,9.89,9.89,9.89,134,0
EVE.US,D,20220308,000000,9.89,9.89,9.89,9.89,155,0
EVE.US,D,20220309,000000,9.89,9.89,9.89,9.89,213,0
EVE.US,D,20220310,000000,9.86,9.86,9.85,9.85,2002,0
EVE.US,D,20220311,000000,9.87,9.87,9.86,9.86,202,0
EVE.US,D,20220316,000000,9.84,9.88,9.84,9.88,40440,0
EVE.US,D,20220317,000000,9.89,9.89,9.87,9.87,612,0
EVE.US,D,20220321,000000,9.88,9.88,9.88,9.88,216203,0
EVE.US,D,20220322,000000,9.88,9.89,9.87,9.89,195405,0
EVE.US,D,20220323,000000,9.9,9.91,9.9,9.91,2104,0
EVE.US,D,20220324,000000,9.88,9.88,9.88,9.88,5030,0
EVE.US,D,20220325,000000,9.91,9.92,9.87,9.89,52094,0
EVE.US,D,20220328,000000,9.93,9.93,9.91,9.91,5541,0
EVE.US,D,20220329,000000,9.91,9.91,9.91,9.91,250,0
EVE.US,D,20220330,000000,9.92,9.92,9.9,9.9,271,0
EVE.US,D,20220331,000000,9.93,9.93,9.86,9.91,127787,0
EVE.US,D,20220401,000000,9.94,9.94,9.87,9.8962,4661,0
EVE.US,D,20220404,000000,9.94,9.94,9.9,9.9,400593,0
EVE.US,D,20220405,000000,9.89,9.91,9.89,9.9,8366,0
EVE.US,D,20220406,000000,9.93,9.93,9.91,9.93,33631,0
EVE.US,D,20220408,000000,9.9,9.92,9.88,9.89,114035,0
EVE.US,D,20220411,000000,9.92,9.92,9.9,9.91,6922,0
EVE.US,D,20220412,000000,9.89,9.92,9.89,9.92,5451,0
EVE.US,D,20220413,000000,9.92,9.92,9.92,9.92,6977,0
EVE.US,D,20220414,000000,9.93,9.93,9.9004,9.9004,200,0
EVE.US,D,20220418,000000,9.96,9.96,9.91,9.92,116590,0
EVE.US,D,20220419,000000,9.92,9.935,9.92,9.935,116137,0
EVE.US,D,20220420,000000,9.97,9.97,9.97,9.97,203,0
EVE.US,D,20220422,000000,9.94,9.94,9.94,9.94,400,0
EVE.US,D,20220425,000000,9.98,9.98,9.93,9.93,627,0
EVE.US,D,20220426,000000,9.91,9.91,9.91,9.91,3365,0
EVE.US,D,20220427,000000,9.91,9.91,9.91,9.91,208,0
EVE.US,D,20220428,000000,9.98,9.98,9.92,9.92,302,0
EVE.US,D,20220429,000000,9.92,9.92,9.91,9.91,1268,0
EVE.US,D,20220502,000000,9.98,9.98,9.92,9.92,21607,0
EVE.US,D,20220503,000000,9.92,9.92,9.92,9.92,250039,0
EVE.US,D,20220506,000000,9.99,9.99,9.92,9.92,30895,0
EVE.US,D,20220509,000000,9.99,9.99,9.9282,9.93,611,0
EVE.US,D,20220510,000000,10,10,9.9,9.9,4500,0
EVE.US,D,20220511,000000,10,10,9.92,9.9499,2197,0
EVE.US,D,20220512,000000,9.97,9.97,9.9,9.9328,26282,0
EVE.US,D,20220513,000000,9.95,9.95,9.92,9.9399,1395,0
EVE.US,D,20220516,000000,9.95,9.96,9.925,9.925,1774,0
EVE.US,D,20220517,000000,9.9399,9.9399,9.9399,9.9399,203,0
EVE.US,D,20220518,000000,9.95,9.95,9.87,9.915,1292,0
EVE.US,D,20220519,000000,9.95,9.95,9.89,9.89,22339,0
EVE.US,D,20220520,000000,9.95,9.95,9.86,9.9,51694,0
EVE.US,D,20220523,000000,9.95,9.95,9.87,9.905,14593,0
EVE.US,D,20220524,000000,9.93,9.95,9.9,9.95,15668,0
EVE.US,D,20220525,000000,9.95,9.95,9.95,9.95,230,0
EVE.US,D,20220526,000000,9.95,9.95,9.895,9.95,763193,0
EVE.US,D,20220527,000000,9.95,9.95,9.915,9.915,104366,0
EVE.US,D,20220531,000000,9.95,9.9599,9.9,9.9599,686,0
EVE.US,D,20220601,000000,9.915,9.915,9.915,9.915,276,0
EVE.US,D,20220602,000000,9.905,9.91,9.9,9.91,151712,0
EVE.US,D,20220603,000000,9.95,9.95,9.95,9.95,1193,0
EVE.US,D,20220606,000000,9.97,9.97,9.93,9.94,22230,0
EVE.US,D,20220607,000000,9.93,9.96,9.93,9.96,2745,0
EVE.US,D,20220608,000000,9.92,9.94,9.8999,9.92,24156,0
EVE.US,D,20220609,000000,9.95,9.95,9.92,9.925,14911,0
EVE.US,D,20220610,000000,9.97,9.97,9.93,9.93,21062,0
EVE.US,D,20220613,000000,9.93,9.95,9.93,9.93,16568,0
EVE.US,D,20220614,000000,9.97,9.97,9.92,9.92,341816,0
EVE.US,D,20220615,000000,9.92,9.925,9.92,9.92,50436,0
EVE.US,D,20220616,000000,9.9,9.92,9.9,9.92,30144,0
EVE.US,D,20220617,000000,9.96,9.96,9.9,9.92,136499,0
EVE.US,D,20220621,000000,9.89,9.89,9.89,9.89,106,0
EVE.US,D,20220622,000000,9.89,9.89,9.89,9.89,250,0
EVE.US,D,20220623,000000,9.9499,9.9499,9.89,9.92,729,0
EVE.US,D,20220624,000000,9.92,9.92,9.92,9.92,132,0
EVE.US,D,20220627,000000,10.02,10.02,9.915,9.915,2280,0
EVE.US,D,20220628,000000,9.91,9.92,9.91,9.92,603,0
EVE.US,D,20220629,000000,9.9499,9.95,9.9499,9.95,402,0
EVE.US,D,20220630,000000,10.02,10.02,9.91,9.91,14901,0
EVE.US,D,20220701,000000,9.95,9.95,9.95,9.95,183,0
EVE.US,D,20220705,000000,9.94,9.94,9.93,9.93,236623,0
EVE.US,D,20220707,000000,9.93,9.93,9.93,9.93,776,0
EVE.US,D,20220712,000000,9.9223,9.94,9.9223,9.9385,909,0
EVE.US,D,20220713,000000,9.9101,9.9101,9.91,9.91,509,0
EVE.US,D,20220714,000000,9.94,9.94,9.94,9.94,296,0
EVE.US,D,20220718,000000,9.96,9.96,9.9299,9.945,3625,0
EVE.US,D,20220720,000000,9.96,9.96,9.96,9.96,250,0
EVE.US,D,20220722,000000,10,10,9.95,9.98,257632,0
EVE.US,D,20220725,000000,9.95,9.97,9.95,9.97,100591,0
EVE.US,D,20220726,000000,9.93,9.93,9.93,9.93,148,0
EVE.US,D,20220727,000000,9.95,9.95,9.95,9.95,501,0
EVE.US,D,20220728,000000,9.9401,9.95,9.9401,9.95,1007,0
EVE.US,D,20220729,000000,10.01,10.01,9.97,9.97,376,0
EVE.US,D,20220801,000000,10,10,9.96,9.965,4476,0
EVE.US,D,20220802,000000,9.97,9.97,9.97,9.97,161,0
EVE.US,D,20220803,000000,9.97,9.975,9.96,9.97,16149,0
EVE.US,D,20220804,000000,10.01,10.01,9.97,9.99,10521,0
EVE.US,D,20220805,000000,9.98,9.99,9.98,9.99,1262,0
EVE.US,D,20220808,000000,9.99,9.99,9.97,9.97,802,0
EVE.US,D,20220809,000000,9.97,9.98,9.97,9.98,23541,0
EVE.US,D,20220810,000000,9.97,9.99,9.97,9.98,6659,0
EVE.US,D,20220811,000000,9.97,9.99,9.97,9.99,2338,0
EVE.US,D,20220812,000000,9.99,9.99,9.99,9.99,43591,0
EVE.US,D,20220815,000000,10.01,10.01,10.01,10.01,102,0
EVE.US,D,20220817,000000,9.99,9.99,9.97,9.98,402451,0
EVE.US,D,20220818,000000,10,10,9.98,9.98,425843,0
EVE.US,D,20220819,000000,9.98,10,9.98,10,219400,0
EVE.US,D,20220822,000000,9.98,10,9.98,10,768,0
EVE.US,D,20220823,000000,9.98,10.01,9.98,10,461740,0
EVE.US,D,20220825,000000,10,10.0018,10,10,15896,0
EVE.US,D,20220826,000000,10,10,9.99,9.99,942,0
EVE.US,D,20220829,000000,10.01,10.01,10.01,10.01,310,0
EVE.US,D,20220830,000000,9.99,10.005,9.99,10,12732,0
EVE.US,D,20220901,000000,9.9801,10.02,9.9801,10.01,690761,0
EVE.US,D,20220902,000000,10.03,10.03,10.03,10.03,53118,0
EVE.US,D,20220906,000000,10.02,10.03,9.99,10.03,33410,0
EVE.US,D,20220908,000000,10.1,10.1,10.02,10.04,59199,0
EVE.US,D,20220909,000000,10.1,10.1,10.04,10.05,19503,0
EVE.US,D,20220912,000000,10.05,10.075,10.038,10.06,523901,0
EVE.US,D,20220913,000000,10.05,10.07,10.05,10.0651,203330,0
EVE.US,D,20220914,000000,10.06,10.08,10.06,10.08,40327,0
EVE.US,D,20220915,000000,10.08,10.08,10.06,10.08,4341,0
EVE.US,D,20220916,000000,10.06,10.06,10.06,10.06,4501,0
EVE.US,D,20220919,000000,10.11,10.11,10.085,10.11,10242,0
EVE.US,D,20220920,000000,10.11,10.11,10.1,10.105,301658,0
EVE.US,D,20220921,000000,10.0925,10.1,10.0846,10.0846,1281,0
EVE.US,D,20220922,000000,10.09,10.09,10.06,10.06,201069,0
EVE.US,D,20220923,000000,10.06,10.0627,10.06,10.0627,333,0
EVE.US,D,20220926,000000,10.08,10.08,10.08,10.08,238,0
EVE.US,D,20220927,000000,10.09,10.09,10.07,10.09,1281,0
EVE.US,D,20220928,000000,10.09,10.09,10.07,10.07,157716,0
EVE.US,D,20220929,000000,10.09,10.09,10.08,10.09,469,0
EVE.US,D,20220930,000000,10.08,10.09,10.08,10.09,24059,0
EVE.US,D,20221003,000000,10.09,10.09,10.065,10.065,4036,0
EVE.US,D,20221004,000000,10.05,10.05,10.05,10.05,411,0
EVE.US,D,20221005,000000,10.0699,10.07,10.06,10.06,4214,0
EVE.US,D,20221006,000000,10.06,10.0696,10.05,10.05,1106,0
EVE.US,D,20221007,000000,10.0689,10.0689,10.0599,10.0599,806,0
EVE.US,D,20221010,000000,10.06,10.06,10.055,10.055,1131,0
EVE.US,D,20221011,000000,10.07,10.07,10.07,10.07,221,0
EVE.US,D,20221012,000000,10.07,10.07,10.07,10.07,290,0
EVE.US,D,20221013,000000,10.07,10.07,10.0484,10.0484,403,0
EVE.US,D,20221014,000000,10.0626,10.0626,10.0626,10.0626,311,0
EVE.US,D,20221017,000000,10.04,10.0665,10.04,10.065,1332,0
EVE.US,D,20221018,000000,10.06,10.06,10.06,10.06,124,0
EVE.US,D,20221019,000000,10.06,10.065,10.06,10.06,21103,0
EVE.US,D,20221020,000000,10.07,10.08,10.07,10.08,96418,0
EVE.US,D,20221021,000000,10.075,10.09,10.07,10.09,36713,0
EVE.US,D,20221024,000000,10.12,10.12,10.085,10.09,7559,0
EVE.US,D,20221025,000000,10.09,10.09,10.09,10.09,792,0
EVE.US,D,20221026,000000,10.08,10.12,10.08,10.09,85396,0
EVE.US,D,20221028,000000,10.14,10.14,10.12,10.12,308,0
EVE.US,D,20221031,000000,10.12,10.12,10.09,10.12,5375,0
EVE.US,D,20221101,000000,10.1003,10.135,10.1003,10.135,28592,0
EVE.US,D,20221102,000000,10.15,10.15,10.14,10.15,2306,0
EVE.US,D,20221103,000000,10.15,10.15,10.12,10.14,739,0
EVE.US,D,20221104,000000,10.15,10.15,10.14,10.14,490,0
EVE.US,D,20221107,000000,10.12,10.14,10.12,10.14,427,0
EVE.US,D,20221109,000000,10.14,10.14,10.14,10.14,45538,0
EVE.US,D,20221110,000000,10.15,10.15,10.14,10.14,196941,0
EVE.US,D,20221111,000000,10.14,10.14,10.14,10.14,149,0
EVE.US,D,20221114,000000,10.14,10.14,10.14,10.14,495,0
EVE.US,D,20221116,000000,10.14,10.14,10.14,10.14,239,0
EVE.US,D,20221117,000000,10.14,10.15,10.14,10.15,2123,0
EVE.US,D,20221118,000000,10.17,10.17,10.1696,10.1699,2508,0
EVE.US,D,20221121,000000,10.2,10.2,10.1695,10.18,819056,0
EVE.US,D,20221122,000000,10.21,10.21,10.1799,10.18,2187,0
EVE.US,D,20221123,000000,10.22,10.2238,10.18,10.18,1544,0
EVE.US,D,20221125,000000,10.17,10.2129,10.17,10.2129,225,0
EVE.US,D,20221128,000000,10.17,10.2123,10.17,10.17,1931,0
EVE.US,D,20221130,000000,10.19,10.2,10.18,10.18,5931,0
EVE.US,D,20221201,000000,10.18,10.18,10.18,10.18,2384,0
EVE.US,D,20221202,000000,10.21,10.21,10.1737,10.18,3724,0
EVE.US,D,20221205,000000,10.22,10.22,10.195,10.2,184780,0
EVE.US,D,20221206,000000,10.23,10.23,10.23,10.23,105,0
EVE.US,D,20221207,000000,10.2,10.205,10.2,10.2,225450,0
EVE.US,D,20221208,000000,10.19,10.2,10.19,10.2,2220,0
EVE.US,D,20221212,000000,10.21,10.21,10.2,10.2,102140,0
EVE.US,D,20221213,000000,10.21,10.21,10.21,10.21,2813,0
EVE.US,D,20221214,000000,10.21,10.23,10.21,10.22,412988,0
EVE.US,D,20221215,000000,10.22,10.23,10.22,10.22,227139,0
EVE.US,D,20221216,000000,10.22,10.23,10.22,10.23,37974,0
EVE.US,D,20221219,000000,10.23,10.24,10.23,10.23,5146,0
EVE.US,D,20221220,000000,10.21,10.2502,10.21,10.22,291099,0
EVE.US,D,20221221,000000,10.26,10.2602,10.26,10.26,12203,0
EVE.US,D,20221222,000000,10.26,10.26,10.26,10.26,1765,0
EVE.US,D,20221223,000000,10.23,10.23,10.23,10.23,203,0
EVE.US,D,20221227,000000,10.2556,10.265,10.23,10.2301,6083,0
EVE.US,D,20221228,000000,10.26,10.27,10.26,10.27,754,0
EVE.US,D,20221229,000000,10.3,10.3,10.25,10.25,200704,0
EVE.US,D,20221230,000000,10.3,10.3,10.3,10.3,116,0
EVE.US,D,20230103,000000,10.23,10.25,10.23,10.25,30767,0
EVE.US,D,20230104,000000,10.25,10.25,10.2499,10.25,8633,0
EVE.US,D,20230105,000000,10.27,10.27,10.27,10.27,4576,0
EVE.US,D,20230106,000000,10.25,10.26,10.25,10.26,482,0
EVE.US,D,20230109,000000,10.27,10.294,10.26,10.294,4269,0
EVE.US,D,20230111,000000,10.2701,10.31,10.27,10.3,388348,0
EVE.US,D,20230112,000000,10.295,10.295,10.295,10.295,561,0
EVE.US,D,20230117,000000,10.3,10.3,10.3,10.3,144,0
EVE.US,D,20230118,000000,10.3,10.3,10.29,10.29,639,0
EVE.US,D,20230119,000000,10.31,10.31,10.29,10.29,28501,0
EVE.US,D,20230120,000000,10.31,10.31,10.29,10.3,10506,0
EVE.US,D,20230123,000000,10.295,10.324,10.295,10.31,3788,0
EVE.US,D,20230124,000000,10.3,10.3299,10.3,10.31,3023,0
EVE.US,D,20230125,000000,10.35,10.35,10.31,10.31,4036,0
EVE.US,D,20230126,000000,10.3,10.3001,10.3,10.3,1097,0
EVE.US,D,20230127,000000,10.3,10.31,10.3,10.31,12607,0
EVE.US,D,20230130,000000,10.31,10.315,10.31,10.31,1458,0
EVE.US,D,20230131,000000,10.31,10.3201,10.31,10.32,35121,0
EVE.US,D,20230201,000000,10.34,10.34,10.33,10.335,2979855,0
EVE.US,D,20230202,000000,10.35,10.35,10.34,10.34,7471,0
EVE.US,D,20230203,000000,10.35,10.35,10.33,10.34,2635,0
EVE.US,D,20230206,000000,10.3301,10.34,10.3301,10.34,569,0
EVE.US,D,20230207,000000,10.34,10.34,10.34,10.34,830,0
EVE.US,D,20230209,000000,10.36,10.36,10.36,10.36,100118,0
EVE.US,D,20230210,000000,10.337,10.341,10.337,10.34,1587,0
EVE.US,D,20230213,000000,10.35,10.35,10.35,10.35,233139,0
EVE.US,D,20230214,000000,10.365,10.37,10.36,10.36,73873,0
EVE.US,D,20230215,000000,10.37,10.37,10.36,10.36,42243,0
EVE.US,D,20230216,000000,10.35,10.36,10.35,10.36,1048,0
EVE.US,D,20230217,000000,10.36,10.4,10.35,10.35,10976,0
EVE.US,D,20230221,000000,10.37,10.37,10.36,10.37,658,0
EVE.US,D,20230222,000000,10.36,10.38,10.36,10.38,94895,0
EVE.US,D,20230223,000000,10.37,10.38,10.37,10.38,8809,0
EVE.US,D,20230224,000000,10.36,10.39,10.36,10.38,313746,0
EVE.US,D,20230227,000000,10.39,10.39,10.38,10.39,105124,0
EVE.US,D,20230228,000000,10.45,10.45,10.38,10.385,243162,0
EVE.US,D,20230301,000000,10.44,10.44,10.38,10.38,84743,0
EVE.US,D,20230302,000000,10.45,10.45,10.38,10.4287,46392,0
EVE.US,D,20230303,000000,10.41,10.4299,10.41,10.4299,1309,0
EVE.US,D,20230306,000000,10.4284,10.43,10.4003,10.43,2590,0
EVE.US,D,20230307,000000,10.43,10.43,10.41,10.42,1040829,0
EVE.US,D,20230308,000000,10.41,10.4225,10.41,10.41,306057,0
EVE.US,D,20230309,000000,10.4299,10.4299,10.4299,10.4299,352,0
EVE.US,D,20230310,000000,10.43,10.43,10.4101,10.42,2051,0
EVE.US,D,20230313,000000,10.41,10.4266,10.41,10.4104,1851,0
EVE.US,D,20230314,000000,10.42,10.42,10.41,10.41,1815,0
EVE.US,D,20230315,000000,10.41,10.42,10.41,10.41,25686,0
EVE.US,D,20230316,000000,10.41,10.41,10.41,10.41,100405,0
EVE.US,D,20230317,000000,10.41,10.41,10.41,10.41,264,0
EVE.US,D,20230320,000000,10.41,10.425,10.41,10.42,884661,0
EVE.US,D,20230321,000000,10.42,10.4296,10.42,10.42,65628,0
EVE.US,D,20230322,000000,10.43,10.43,10.42,10.43,28288,0
EVE.US,D,20230323,000000,10.43,10.43,10.425,10.425,386,0
EVE.US,D,20230324,000000,10.4265,10.4265,10.4265,10.4265,201,0
EVE.US,D,20230327,000000,10.43,10.43,10.43,10.43,8772,0
EVE.US,D,20230328,000000,10.43,10.43,10.43,10.43,75173,0
EVE.US,D,20230329,000000,10.43,10.43,10.43,10.43,19485,0
EVE.US,D,20230330,000000,10.42,10.42,10.42,10.42,255,0
EVE.US,D,20230331,000000,10.44,10.44,10.43,10.435,1440,0
EVE.US,D,20230403,000000,10.43,10.44,10.43,10.43,727,0
EVE.US,D,20230404,000000,10.43,10.44,10.43,10.43,56122,0
EVE.US,D,20230405,000000,10.44,10.44,10.43,10.43,4630,0
EVE.US,D,20230406,000000,10.435,10.44,10.43,10.43,12457,0
EVE.US,D,20230410,000000,10.45,10.45,10.44,10.44,7978,0
EVE.US,D,20230411,000000,10.44,10.44,10.44,10.44,47804,0
EVE.US,D,20230412,000000,10.45,10.45,10.44,10.45,17608,0
EVE.US,D,20230413,000000,10.48,10.5,10.45,10.47,1974,0
EVE.US,D,20230414,000000,10.5,10.5,10.4501,10.46,830,0
EVE.US,D,20230417,000000,10.46,10.47,10.46,10.4609,15102,0
EVE.US,D,20230418,000000,10.48,10.48,10.48,10.48,111,0
EVE.US,D,20230419,000000,10.45,10.48,10.45,10.47,7572,0
EVE.US,D,20230420,000000,10.48,10.48,10.48,10.48,236,0
EVE.US,D,20230421,000000,10.48,10.48,10.47,10.47,141339,0
EVE.US,D,20230424,000000,10.4713,10.49,10.47,10.47,3047,0
EVE.US,D,20230425,000000,10.46,10.47,10.46,10.47,356660,0
EVE.US,D,20230426,000000,10.5,10.5,10.5,10.5,340,0
EVE.US,D,20230427,000000,10.5,10.5,10.47,10.47,1020340,0
EVE.US,D,20230428,000000,10.5,10.5,10.4707,10.5,2890,0
EVE.US,D,20230501,000000,10.49,10.49,10.47,10.47,310,0
EVE.US,D,20230502,000000,10.53,10.53,10.49,10.49,1494,0
EVE.US,D,20230503,000000,10.48,10.49,10.45,10.47,1410969,0
EVE.US,D,20230504,000000,10.47,10.47,10.46,10.46,44640,0
EVE.US,D,20230505,000000,10.46,10.47,10.46,10.47,10510,0
EVE.US,D,20230508,000000,10.48,10.48,10.46,10.46,144969,0
EVE.US,D,20230509,000000,10.46,10.48,10.46,10.47,105695,0
EVE.US,D,20230510,000000,10.48,10.48,10.47,10.47,213,0
EVE.US,D,20230511,000000,10.475,10.49,10.47,10.47,619543,0
EVE.US,D,20230512,000000,10.47,10.48,10.47,10.47,502815,0
EVE.US,D,20230515,000000,10.475,10.48,10.47,10.48,659027,0
EVE.US,D,20230516,000000,10.48,10.48,10.47,10.48,249324,0
EVE.US,D,20230517,000000,10.485,10.51,10.48,10.5,1022843,0
EVE.US,D,20230518,000000,10.51,10.53,10.5,10.51,810411,0
EVE.US,D,20230519,000000,10.52,10.52,10.52,10.52,257195,0
EVE.US,D,20230522,000000,10.52,10.52,10.51,10.52,1499,0
EVE.US,D,20230523,000000,10.52,10.52,10.51,10.515,9707,0
EVE.US,D,20230524,000000,10.51,10.52,10.5,10.52,4930,0
EVE.US,D,20230525,000000,10.52,10.53,10.5,10.5,8533,0
EVE.US,D,20230526,000000,10.5,10.53,10.5,10.515,4133084,0
EVE.US,D,20230530,000000,10.51,10.52,10.51,10.52,593023,0
EVE.US,D,20230531,000000,10.53,10.53,10.515,10.52,132854,0
EVE.US,D,20230601,000000,10.52,10.52,10.52,10.52,119,0
EVE.US,D,20230602,000000,10.52,10.53,10.52,10.53,2813,0
EVE.US,D,20230605,000000,10.53,10.53,10.5,10.52,1948,0
EVE.US,D,20230606,000000,10.545,10.55,10.53,10.53,4838553,0
EVE.US,D,20230607,000000,10.54,10.555,10.52,10.52,3079978,0
EVE.US,D,20230608,000000,10.65,10.7665,10.52,10.52,1216951,0
EVE.US,D,20230609,000000,10.52,10.52,10.45,10.49,7611,0
EVE.US,D,20230612,000000,10.57,10.97,10.48,10.7,84612,0
EVE.US,D,20230613,000000,10.7,10.7,10.57,10.6,2723,0
EVE.US,D,20230614,000000,10.46,11.4,10.46,10.59,86096,0
EVE.US,D,20230615,000000,10.5994,10.5994,10.36,10.47,21438,0
EVE.US,D,20230616,000000,10.49,10.49,10.37,10.37,14426,0
EVE.US,D,20230620,000000,10.94,10.94,10.3901,10.46,2561,0
EVE.US,D,20230621,000000,10.47,10.48,10.38,10.38,5635,0
EVE.US,D,20230622,000000,10.43,10.48,10.41,10.425,59207,0
EVE.US,D,20230623,000000,10.42,10.46,10.42,10.42,230698,0
EVE.US,D,20230626,000000,10.42,10.5778,10.42,10.44,359116,0
EVE.US,D,20230627,000000,10.445,10.78,10.44,10.45,57710,0
EVE.US,D,20230628,000000,10.45,10.9,10.45,10.49,536337,0
EVE.US,D,20230629,000000,10.6,10.633,10.4799,10.495,269102,0
EVE.US,D,20230630,000000,10.5,10.52,10.47,10.51,342215,0
EVE.US,D,20230703,000000,10.47,10.82,10.44,10.45,78274,0
EVE.US,D,20230705,000000,10.4889,10.4889,10.45,10.46,1970692,0
EVE.US,D,20230706,000000,10.46,10.5179,10.45,10.46,2107553,0
EVE.US,D,20230707,000000,10.4941,10.4941,10.46,10.46,40006,0
EVE.US,D,20230710,000000,10.46,10.49,10.46,10.49,64277,0
EVE.US,D,20230711,000000,10.46,10.485,10.46,10.48,37431,0
EVE.US,D,20230712,000000,10.48,10.49,10.48,10.48,60801,0
EVE.US,D,20230713,000000,10.48,10.4983,10.48,10.49,44550,0
EVE.US,D,20230714,000000,10.49,10.5,10.49,10.49,2023,0
EVE.US,D,20230717,000000,10.49,10.5,10.49,10.49,2280,0
EVE.US,D,20230718,000000,10.49,10.52,10.49,10.52,122726,0
EVE.US,D,20230719,000000,10.5186,10.5186,10.5186,10.5186,1026,0
EVE.US,D,20230720,000000,10.51,10.52,10.51,10.51,16607,0
EVE.US,D,20230721,000000,10.55,10.55,10.53,10.53,3049,0
EVE.US,D,20230724,000000,10.515,10.52,10.51,10.51,32071,0
EVE.US,D,20230725,000000,10.53,10.54,10.52,10.54,975,0
EVE.US,D,20230726,000000,10.531,10.531,10.52,10.52,494,0
EVE.US,D,20230727,000000,10.54,10.54,10.535,10.54,2659,0
EVE.US,D,20230728,000000,10.54,10.59,10.53,10.535,27413,0
EVE.US,D,20230731,000000,10.53,10.58,10.52,10.58,5498,0
EVE.US,D,20230801,000000,10.52,10.52,10.52,10.52,3905,0
EVE.US,D,20230802,000000,10.5441,10.5441,10.5441,10.5441,344,0
EVE.US,D,20230803,000000,10.52,10.56,10.52,10.5536,1032,0
EVE.US,D,20230804,000000,10.52,10.56,10.52,10.53,1313,0
EVE.US,D,20230807,000000,10.548,10.55,10.5392,10.55,1104,0
EVE.US,D,20230808,000000,10.5652,10.59,10.55,10.55,1121,0
EVE.US,D,20230809,000000,10.56,10.57,10.55,10.56,57775,0
EVE.US,D,20230811,000000,10.56,10.5601,10.56,10.56,2994,0
EVE.US,D,20230814,000000,10.56,10.57,10.56,10.56,181280,0
EVE.US,D,20230816,000000,10.56,10.58,10.56,10.56,1585,0
EVE.US,D,20230817,000000,10.57,10.57,10.57,10.57,601,0
EVE.US,D,20230818,000000,10.56,10.5701,10.56,10.57,17787,0
EVE.US,D,20230821,000000,10.6,10.6,10.57,10.57,1325,0
EVE.US,D,20230822,000000,10.59,10.6201,10.59,10.62,224031,0
EVE.US,D,20230823,000000,10.61,10.805,10.61,10.62,11192,0
EVE.US,D,20230824,000000,11,11,10.615,10.62,7895,0
EVE.US,D,20230825,000000,10.825,11,10.61,10.63,11484,0
EVE.US,D,20230828,000000,10.6895,11,10.63,10.64,5368,0
EVE.US,D,20230829,000000,11.18,11.18,10.63,10.7,4979,0
EVE.US,D,20230830,000000,10.71,10.71,10.6303,10.67,25915,0
EVE.US,D,20230831,000000,10.6875,10.69,10.65,10.66,24993,0
EVE.US,D,20230901,000000,10.69,10.69,10.65,10.655,3066,0
EVE.US,D,20230905,000000,10.63,10.81,10.63,10.81,24511,0
EVE.US,D,20230906,000000,10.72,11.205,10.64,10.64,23748,0
EVE.US,D,20230907,000000,10.65,10.65,10.64,10.64,19977,0
EVE.US,D,20230908,000000,10.68,10.68,10.64,10.679,1026,0
EVE.US,D,20230911,000000,10.64,10.665,10.64,10.65,5216,0
EVE.US,D,20230912,000000,10.6899,10.6899,10.65,10.65,17145,0
EVE.US,D,20230913,000000,10.65,11.1129,10.65,10.67,11825,0
EVE.US,D,20230914,000000,10.65,10.69,10.65,10.66,3503,0
EVE.US,D,20230915,000000,10.89,10.9,10.66,10.66,8413,0
EVE.US,D,20230918,000000,10.6899,10.69,10.66,10.67,2210,0
EVE.US,D,20230919,000000,10.7,10.7,10.67,10.67,21214,0
EVE.US,D,20230920,000000,10.67,10.69,10.67,10.69,688,0
EVE.US,D,20230921,000000,10.7,11,10.67,10.6878,12178,0
EVE.US,D,20230922,000000,10.68,10.68,10.68,10.68,1168,0
EVE.US,D,20230925,000000,10.67,10.67,10.67,10.67,21553,0
EVE.US,D,20230926,000000,10.9,10.9,10.68,10.68,12465,0
EVE.US,D,20230927,000000,10.6867,10.69,10.68,10.69,2610,0
EVE.US,D,20230928,000000,10.69,10.7,10.6864,10.7,3025,0
EVE.US,D,20230929,000000,10.68,10.7,10.68,10.68,6018,0
EVE.US,D,20231002,000000,10.73,10.73,10.68,10.68,3812,0
EVE.US,D,20231003,000000,10.7,10.7,10.69,10.6901,3974,0
EVE.US,D,20231004,000000,10.68,10.68,10.68,10.68,96446,0
EVE.US,D,20231005,000000,10.69,10.69,10.68,10.685,23407,0
EVE.US,D,20231006,000000,10.69,10.69,10.69,10.69,165,0
EVE.US,D,20231010,000000,10.7,10.705,10.6904,10.7,7658,0
EVE.US,D,20231011,000000,10.7,10.72,10.69,10.72,300253,0
EVE.US,D,20231012,000000,10.705,10.715,10.705,10.71,119196,0
EVE.US,D,20231013,000000,10.71,10.715,10.71,10.7101,3747,0
EVE.US,D,20231016,000000,10.68,10.72,10.68,10.72,58994,0
EVE.US,D,20231017,000000,10.72,10.72,10.715,10.72,1327,0
EVE.US,D,20231018,000000,10.77,10.77,10.72,10.72,4235,0
EVE.US,D,20231019,000000,10.725,10.725,10.725,10.725,693,0
EVE.US,D,20231020,000000,10.73,10.73,10.73,10.73,1083,0
EVE.US,D,20231023,000000,10.76,10.76,10.73,10.73,6049,0
EVE.US,D,20231024,000000,10.73,10.735,10.73,10.735,4202,0
EVE.US,D,20231025,000000,10.73,10.73,10.73,10.73,262,0
EVE.US,D,20231026,000000,10.73,10.7301,10.73,10.73,2670,0
EVE.US,D,20231027,000000,10.7303,10.7303,10.73,10.73,782,0
EVE.US,D,20231030,000000,10.7,10.735,10.7,10.735,23384,0
EVE.US,D,20231031,000000,10.74,10.74,10.735,10.74,17371,0
EVE.US,D,20231101,000000,10.74,10.7401,10.74,10.7401,2238,0
EVE.US,D,20231102,000000,10.74,10.745,10.74,10.745,955,0
EVE.US,D,20231103,000000,10.75,10.77,10.75,10.77,22344,0
EVE.US,D,20231106,000000,10.76,10.76,10.74,10.75,1524,0
EVE.US,D,20231107,000000,10.7332,10.74,10.7332,10.74,1178,0
EVE.US,D,20231108,000000,10.731,10.745,10.7304,10.745,491,0
EVE.US,D,20231109,000000,10.7301,10.7526,10.7301,10.7304,478,0
EVE.US,D,20231113,000000,10.75,10.755,10.745,10.745,2380,0
EVE.US,D,20231114,000000,10.74,10.75,10.74,10.75,1086,0
EVE.US,D,20231115,000000,10.755,10.755,10.75,10.75,410,0
EVE.US,D,20231116,000000,10.76,10.78,10.76,10.77,16265,0
EVE.US,D,20231120,000000,10.8362,10.88,10.77,10.78,70269,0
EVE.US,D,20231121,000000,10.8,10.8094,10.79,10.8,49311,0
EVE.US,D,20231122,000000,10.81,10.81,10.76,10.76,162661,0
EVE.US,D,20231127,000000,10.7614,10.77,10.76,10.7601,4474,0
EVE.US,D,20231128,000000,10.8,10.81,10.8,10.8,50952,0
EVE.US,D,20231129,000000,10.78,10.78,10.78,10.78,61681,0
EVE.US,D,20231130,000000,10.81,10.81,10.8,10.8,6326,0
EVE.US,D,20231201,000000,10.8,10.8,10.79,10.79,590,0
EVE.US,D,20231204,000000,10.78,10.79,10.78,10.79,24723,0
EVE.US,D,20231205,000000,10.8,10.8,10.8,10.8,14701,0
EVE.US,D,20231206,000000,10.8,10.8,10.8,10.8,6082,0
EVE.US,D,20231207,000000,10.79,10.8,10.79,10.8,16137,0
EVE.US,D,20231208,000000,10.8,10.8,10.8,10.8,1155,0
EVE.US,D,20231211,000000,10.78,10.8,10.78,10.8,1884,0
EVE.US,D,20231212,000000,10.78,10.8,10.78,10.8,779,0
EVE.US,D,20231213,000000,10.795,10.795,10.79,10.79,114271,0
EVE.US,D,20231214,000000,10.795,10.8063,10.78,10.8,2530,0
EVE.US,D,20231215,000000,10.8,10.8,10.79,10.79,5514,0
EVE.US,D,20231218,000000,10.8,10.8,10.8,10.8,42619,0
EVE.US,D,20231219,000000,10.78,10.79,10.78,10.79,1831,0
EVE.US,D,20231220,000000,10.79,10.8,10.79,10.79,4764,0
EVE.US,D,20231221,000000,10.78,10.7987,10.78,10.79,1471,0
EVE.US,D,20231222,000000,10.79,10.79,10.79,10.79,10063,0
EVE.US,D,20231226,000000,10.7856,10.8,10.78,10.8,5880,0
EVE.US,D,20231227,000000,10.8,10.8,10.8,10.8,2012,0
EVE.US,D,20231228,000000,10.81,10.81,10.81,10.81,1379,0
EVE.US,D,20240102,000000,10.81,10.81,10.8001,10.8001,2373,0
EVE.US,D,20240104,000000,10.8166,10.8166,10.8166,10.8166,359,0
EVE.US,D,20240105,000000,10.81,10.81,10.805,10.81,1115,0
EVE.US,D,20240108,000000,10.77,10.81,10.77,10.81,974,0
EVE.US,D,20240109,000000,10.81,10.82,10.81,10.82,8182,0
EVE.US,D,20240110,000000,10.83,10.8301,10.83,10.83,103056,0
EVE.US,D,20240111,000000,10.82,10.82,10.82,10.82,418,0
EVE.US,D,20240112,000000,10.88,10.88,10.82,10.83,3119,0
EVE.US,D,20240116,000000,10.8239,10.8239,10.82,10.82,1126,0
EVE.US,D,20240119,000000,10.83,10.84,10.8201,10.8201,3407,0
EVE.US,D,20240122,000000,10.8739,10.8739,10.8739,10.8739,151,0
EVE.US,D,20240124,000000,10.99,10.99,10.9,10.93,3184,0
EVE.US,D,20240125,000000,10.82,10.835,10.82,10.835,931,0
EVE.US,D,20240126,000000,10.9,10.9,10.83,10.84,722,0
EVE.US,D,20240129,000000,10.874,10.94,10.83,10.84,18974,0
EVE.US,D,20240130,000000,10.85,10.85,10.84,10.845,6776,0
EVE.US,D,20240131,000000,10.8619,11,10.84,11,2871,0
EVE.US,D,20240201,000000,10.8696,10.93,10.84,10.93,5795,0
EVE.US,D,20240202,000000,10.9,10.92,10.9,10.9,767,0
EVE.US,D,20240205,000000,10.9,10.94,10.9,10.94,1665,0
EVE.US,D,20240207,000000,10.87,10.87,10.84,10.85,912566,0
EVE.US,D,20240208,000000,10.86,10.86,10.86,10.86,413,0
EVE.US,D,20240209,000000,10.86,10.86,10.84,10.85,106052,0
EVE.US,D,20240212,000000,10.86,10.89,10.86,10.86,102961,0
EVE.US,D,20240213,000000,10.85,10.86,10.85,10.85,1648,0
EVE.US,D,20240214,000000,10.85,10.85,10.85,10.85,615,0
EVE.US,D,20240215,000000,10.86,10.86,10.86,10.86,200186,0
EVE.US,D,20240216,000000,10.86,10.86,10.86,10.86,3452,0
EVE.US,D,20240220,000000,10.95,10.96,10.86,10.86,8626,0
EVE.US,D,20240222,000000,10.87,10.88,10.865,10.87,33533,0
EVE.US,D,20240223,000000,10.87,10.87,10.87,10.87,102213,0
EVE.US,D,20240226,000000,10.871,10.871,10.87,10.871,101424,0
EVE.US,D,20240227,000000,10.871,10.871,10.871,10.871,606,0
EVE.US,D,20240228,000000,10.89,10.89,10.87,10.87,1018,0
EVE.US,D,20240229,000000,10.87,10.871,10.87,10.8701,2671,0
EVE.US,D,20240301,000000,10.8704,10.89,10.8704,10.89,1358,0
EVE.US,D,20240304,000000,10.87,10.8717,10.87,10.87,757,0
EVE.US,D,20240305,000000,10.89,10.89,10.89,10.89,7387,0
EVE.US,D,20240306,000000,10.89,10.89,10.89,10.89,2711,0
EVE.US,D,20240307,000000,10.89,10.9,10.89,10.89,18640,0
EVE.US,D,20240311,000000,10.89,10.89,10.89,10.89,286,0
EVE.US,D,20240312,000000,10.89,10.92,10.89,10.92,2369,0
EVE.US,D,20240313,000000,10.905,10.92,10.89,10.89,488164,0
EVE.US,D,20240314,000000,10.9,10.91,10.9,10.91,844,0
EVE.US,D,20240315,000000,10.92,10.92,10.91,10.92,7680,0
EVE.US,D,20240318,000000,10.91,11.01,10.91,11.01,17294,0
EVE.US,D,20240319,000000,11.04,11.04,10.9386,10.965,4063,0
EVE.US,D,20240320,000000,10.93,10.93,10.93,10.93,550,0
EVE.US,D,20240321,000000,10.9592,10.9592,10.93,10.93,86427,0
EVE.US,D,20240322,000000,10.9407,10.96,10.94,10.94,2288,0
EVE.US,D,20240325,000000,10.944,10.944,10.944,10.944,361,0
EVE.US,D,20240326,000000,10.98,10.98,10.935,10.94,15853,0
EVE.US,D,20240327,000000,10.9497,10.973,10.94,10.94,2907,0
EVE.US,D,20240401,000000,10.94,10.94,10.94,10.94,8165,0
EVE.US,D,20240402,000000,10.95,10.95,10.9498,10.95,4378,0
EVE.US,D,20240403,000000,10.94,11.07,10.94,10.95,2433,0
EVE.US,D,20240404,000000,10.951,10.9698,10.95,10.96,21613,0
EVE.US,D,20240405,000000,10.95,11,10.95,11,12804,0
EVE.US,D,20240408,000000,10.97,10.97,10.97,10.97,2341,0
EVE.US,D,20240409,000000,11.02,11.02,10.99,11,65455,0
EVE.US,D,20240410,000000,11,11.045,10.99,10.99,4977,0
EVE.US,D,20240411,000000,10.99,11.0133,10.99,10.995,3636,0
EVE.US,D,20240412,000000,11.02,11.02,11,11,605,0
EVE.US,D,20240415,000000,11,11,10.99,11,84532,0
EVE.US,D,20240416,000000,10.995,11,10.99,10.99,7222,0
EVE.US,D,20240417,000000,10.995,10.995,10.99,10.99,4382,0
EVE.US,D,20240418,000000,10.99,10.995,10.99,10.99,84680,0
EVE.US,D,20240419,000000,10.99,11.01,10.98,10.98,38546,0
EVE.US,D,20240422,000000,11.03,11.03,10.99,11,7982,0
EVE.US,D,20240423,000000,10.9995,10.9995,10.97,10.98,4754,0
EVE.US,D,20240424,000000,10.99,10.9933,10.99,10.9933,1480,0
EVE.US,D,20240425,000000,10.99,10.99,10.98,10.98,8985,0
EVE.US,D,20240426,000000,10.99,10.99,10.98,10.98,15177,0
EVE.US,D,20240429,000000,10.9862,10.99,10.9862,10.99,6707,0
EVE.US,D,20240430,000000,10.995,11,10.995,11,103179,0
EVE.US,D,20240501,000000,11.02,11.02,11,11.02,200350,0
EVE.US,D,20240503,000000,11,11,11,11,4375,0
EVE.US,D,20240506,000000,11.016,11.016,11.01,11.01,1092,0
EVE.US,D,20240507,000000,11,11.015,11,11.01,272724,0
EVE.US,D,20240508,000000,11.01,11.01,11.01,11.01,5659,0
EVE.US,D,20240509,000000,11.025,11.025,11,11,1585,0
EVE.US,D,20240513,000000,11.01,11.01,11,11,6359,0
EVE.US,D,20240514,000000,11.01,11.0196,11.01,11.01,2159,0
EVE.US,D,20240515,000000,11.01,11.01,11,11.01,1123,0
EVE.US,D,20240516,000000,11.0099,11.04,11.0099,11.04,7507,0
EVE.US,D,20240517,000000,11.04,11.1499,11.04,11.1499,129645,0
EVE.US,D,20240520,000000,11.08,11.08,11.02,11.035,4753,0
EVE.US,D,20240521,000000,11.025,11.025,11.02,11.025,12359,0
EVE.US,D,20240522,000000,11.0246,11.025,11.02,11.02,63456,0
EVE.US,D,20240523,000000,11.02,11.08,11.02,11.04,13784,0
EVE.US,D,20240524,000000,11.03,11.04,11.03,11.04,13765,0
EVE.US,D,20240528,000000,11.05,11.05,11.025,11.0301,155252,0
EVE.US,D,20240529,000000,11.03,11.04,11.03,11.04,5540,0
EVE.US,D,20240530,000000,11.04,11.04,11.025,11.035,489854,0
EVE.US,D,20240531,000000,11.03,11.0416,11.03,11.0416,100202,0
EVE.US,D,20240603,000000,11.03,11.07,11.0298,11.03,426858,0
EVE.US,D,20240604,000000,11.08,11.08,11.03,11.05,81297,0
EVE.US,D,20240605,000000,11.05,11.05,11.02,11.05,154953,0
EVE.US,D,20240606,000000,11.01,11.04,10.994,11.04,3748,0
EVE.US,D,20240607,000000,11.04,11.05,11.04,11.05,1325,0
EVE.US,D,20240614,000000,11.04,11.12,11,11.01,2301,0
EVE.US,D,20240617,000000,11.15,11.15,11.04,11.04,862,0
EVE.US,D,20240618,000000,11.07,11.09,11.06,11.09,96623,0
EVE.US,D,20240620,000000,11.05,12.03,11.05,11.05,230942,0
EVE.US,D,20240621,000000,11.08,11.18,11.06,11.11,70473,0
EVE.US,D,20240624,000000,11.14,11.22,11.12,11.21,1852,0
EVE.US,D,20240625,000000,11.255,11.42,11.16,11.17,41240,0
EVE.US,D,20240626,000000,11.2,11.24,11.15,11.15,19744,0
EVE.US,D,20240627,000000,11.15,11.23,11.15,11.15,14829,0
EVE.US,D,20240628,000000,11.13,11.165,11.11,11.11,38228,0
EVE.US,D,20240701,000000,11.16,11.16,11.11,11.16,658,0
EVE.US,D,20240702,000000,11.115,11.14,11.115,11.14,11732,0
EVE.US,D,20240705,000000,11.23,11.23,11.23,11.23,866,0
EVE.US,D,20240709,000000,11.2288,11.2288,11.15,11.15,672,0
EVE.US,D,20240710,000000,11.19,11.19,11.19,11.19,676,0
EVE.US,D,20240711,000000,11.15,11.19,11.0999,11.1,60507,0
EVE.US,D,20240712,000000,11.09,11.1074,10.995,11.08,15559,0
EVE.US,D,20240715,000000,11.05,11.088,11,11,3521,0
EVE.US,D,20240716,000000,11.07,11.07,11.05,11.05,587,0
EVE.US,D,20240717,000000,11.05,11.05,11.05,11.05,273,0
EVE.US,D,20240718,000000,11.05,11.05,11.01,11.0451,1605,0
EVE.US,D,20240719,000000,11.07,11.07,10.95,10.95,1137,0
EVE.US,D,20240722,000000,11.07,11.07,11.07,11.07,461,0
EVE.US,D,20240723,000000,11.07,11.07,11.07,11.07,140,0
EVE.US,D,20240724,000000,11.05,11.05,11.05,11.05,137,0
EVE.US,D,20240726,000000,11.07,11.07,11.07,11.07,217,0
EVE.US,D,20240729,000000,11.07,11.07,11.07,11.07,1151,0
EVE.US,D,20240730,000000,11.07,11.07,11,11.07,697,0
EVE.US,D,20240801,000000,11.04,11.04,11,11,93428,0
EVE.US,D,20240802,000000,11.05,11.05,11,11,831,0
EVE.US,D,20240805,000000,11.07,11.07,11.04,11.07,6443,0
EVE.US,D,20240807,000000,11.07,11.1,11,11.1,6187,0
EVE.US,D,20240809,000000,11.1,11.1,11.01,11.02,311,0
EVE.US,D,20240812,000000,11.05,11.1,11.05,11.05,7407,0
EVE.US,D,20240819,000000,11.08,11.09,11.08,11.09,225,0
EVE.US,D,20240821,000000,11.0628,11.09,11.02,11.05,11996,0
EVE.US,D,20240827,000000,11.05,11.05,11.0102,11.03,30614,0
EVE.US,D,20240829,000000,11.03,11.12,11.03,11.05,139205,0
EVE.US,D,20240830,000000,10.8,11.05,10.63,11.03,30860,0
EVE.US,D,20240903,000000,11.03,11.07,10.93,10.98,2414,0
EVE.US,D,20240904,000000,11.03,11.06,11.03,11.06,18063,0
EVE.US,D,20240905,000000,11.05,11.05,10.97,10.999,2111,0
EVE.US,D,20240906,000000,11.02,11.05,11.02,11.05,239,0
EVE.US,D,20240909,000000,11.04,11.04,11,11,3294,0
EVE.US,D,20240911,000000,11,11,11,11,914,0
EVE.US,D,20240916,000000,11,11,11,11,215,0
EVE.US,D,20240917,000000,11,11,10.99,10.99,15206,0
EVE.US,D,20240918,000000,11.05,11.05,10.9,11,1428,0
EVE.US,D,20240919,000000,11,11.04,11,11.03,2805,0
EVE.US,D,20240920,000000,11,11.04,11,11.04,2706,0
EVE.US,D,20240924,000000,10.85,11.03,10.82,11.02,11982,0
EVE.US,D,20240925,000000,10.85,11.05,10.8,11,2268,0
EVE.US,D,20240926,000000,11.03,11.07,11,11.03,8348,0
EVE.US,D,20240927,000000,11.06,11.06,11.06,11.06,1105,0
EVE.US,D,20240930,000000,11.03,11.07,11.03,11.07,1305,0
EVE.US,D,20241001,000000,11.09,11.09,11.05,11.05,1303,0
EVE.US,D,20241002,000000,11.09,11.09,11.09,11.09,884,0
EVE.US,D,20241003,000000,11.094,11.1,11.0643,11.1,2010,0
EVE.US,D,20241004,000000,11.06,11.12,11.06,11.12,1141,0
EVE.US,D,20241007,000000,11.03,11.15,11.03,11.15,1874,0
EVE.US,D,20241010,000000,11.1422,11.1422,11.12,11.12,1239,0
EVE.US,D,20241014,000000,11.14,11.15,11.08,11.1003,2036,0
EVE.US,D,20241015,000000,11.09,11.15,11.08,11.12,1785,0
EVE.US,D,20241016,000000,11.14,11.15,11.04,11.11,2643,0
EVE.US,D,20241017,000000,11.08,11.19,11.05,11.106,101873,0
EVE.US,D,20241018,000000,11.1395,11.15,11.1395,11.15,1330,0
EVE.US,D,20241021,000000,11.07,11.15,11.07,11.15,1676,0
EVE.US,D,20241022,000000,11.15,11.19,11.15,11.19,8058,0
EVE.US,D,20241023,000000,11.19,11.19,11.19,11.19,143,0
EVE.US,D,20241024,000000,11.18,11.18,11.13,11.16,1447,0
EVE.US,D,20241025,000000,11.16,11.19,11.16,11.19,6158,0
EVE.US,D,20241028,000000,11.19,11.2001,11.19,11.2001,18678,0
EVE.US,D,20241030,000000,11.16,11.21,11.15,11.17,12070,0
EVE.US,D,20241031,000000,11.18,11.1801,11.11,11.1801,6597,0
EVE.US,D,20241105,000000,11.13,11.22,11.13,11.22,681,0
EVE.US,D,20241106,000000,11.165,11.2,11.165,11.2,1274,0
EVE.US,D,20241108,000000,11.16,11.22,11.16,11.22,3956,0
EVE.US,D,20241111,000000,11.18,11.29,11.18,11.24,38994,0
EVE.US,D,20241112,000000,11.3,11.3,11.3,11.3,190,0
EVE.US,D,20241113,000000,11.299,11.3,11.265,11.299,1151,0
EVE.US,D,20241115,000000,11.265,11.3,11.23,11.3,2356,0
EVE.US,D,20241118,000000,11.19,11.28,11.19,11.27,2977,0
EVE.US,D,20241120,000000,11.28,11.28,11.28,11.28,139,0
EVE.US,D,20241122,000000,11.235,11.235,11.235,11.235,226,0
EVE.US,D,20241125,000000,11.27,11.28,11.2,11.28,891,0
EVE.US,D,20241126,000000,11.2499,11.25,11.2499,11.25,436,0
EVE.US,D,20241127,000000,11.27,11.28,11.27,11.28,530,0
EVE.US,D,20241129,000000,11.2719,11.29,11.2719,11.29,2288,0
EVE.US,D,20241202,000000,11.2468,11.3,11.2468,11.3,10790,0
EVE.US,D,20241204,000000,11.24,11.24,11.24,11.24,696,0
EVE.US,D,20241205,000000,11.3,11.3,11.3,11.3,360,0
EVE.US,D,20241206,000000,11.3,11.3,11.3,11.3,157,0
EVE.US,D,20241209,000000,11.29,11.29,11.23,11.29,1629,0
EVE.US,D,20241210,000000,11.27,11.27,11.2348,11.27,1230,0
EVE.US,D,20241211,000000,11.275,11.2897,11.2654,11.2654,2578,0
