<TICKER>,<PER>,<DATE>,<TIME>,<OPEN>,<HIGH>,<LOW>,<CLOSE>,<VOL>,<OPENINT>
GRFX.US,D,20220817,000000,2.5,2.5,2.2,2.2,3766309,0
GRFX.US,D,20220818,000000,2.3,2.43,2.05,2.06,1755495,0
GRFX.US,D,20220819,000000,2.2,2.5,2.05,2.5,8626507,0
GRFX.US,D,20220822,000000,3,4.5,2.99,3.13,97787716,0
GRFX.US,D,20220823,000000,3.16,3.21,2.63,2.86,4693245,0
GRFX.US,D,20220824,000000,2.82,2.85,2.52,2.68,1659526,0
GRFX.US,D,20220825,000000,2.69,2.69,2.35,2.43,1080586,0
GRFX.US,D,20220826,000000,2.63,2.63,2.16,2.24,1131279,0
GRFX.US,D,20220829,000000,2.26,2.63,2.2,2.37,768570,0
GRFX.US,D,20220830,000000,2.43,2.435,2.23,2.29,377125,0
GRFX.US,D,20220831,000000,2.29,2.5,2.13,2.39,863039,0
GRFX.US,D,20220901,000000,2.37,2.39,2.19,2.39,346163,0
GRFX.US,D,20220902,000000,2.31,2.47,2.25,2.33,711484,0
GRFX.US,D,20220906,000000,2.33,2.33,1.97,2.05,624886,0
GRFX.US,D,20220907,000000,2.02,2.09,1.8,1.88,428360,0
GRFX.US,D,20220908,000000,1.91,1.95,1.6,1.9,873624,0
GRFX.US,D,20220909,000000,1.9,2.09,1.8,2.06,328729,0
GRFX.US,D,20220912,000000,2.04,2.18,1.93,2.09,351641,0
GRFX.US,D,20220913,000000,2.09,2.17,1.9801,2.01,425983,0
GRFX.US,D,20220914,000000,2.06,2.09,1.95,1.97,152826,0
GRFX.US,D,20220915,000000,1.86,2.11,1.86,2,324092,0
GRFX.US,D,20220916,000000,2.04,2.04,1.87,1.97,193766,0
GRFX.US,D,20220919,000000,1.95,1.98,1.8,1.89,404960,0
GRFX.US,D,20220920,000000,1.88,1.88,1.78,1.82,252223,0
GRFX.US,D,20220921,000000,1.79,1.8792,1.67,1.8,188527,0
GRFX.US,D,20220922,000000,1.7108,1.72,1.41,1.57,486108,0
GRFX.US,D,20220923,000000,1.51,1.5851,1.4,1.41,159606,0
GRFX.US,D,20220926,000000,1.4,1.42,1.3647,1.42,106134,0
GRFX.US,D,20220927,000000,1.42,1.4201,1.29,1.36,174711,0
GRFX.US,D,20220928,000000,1.32,1.37,1.25,1.31,53386,0
GRFX.US,D,20220929,000000,1.34,1.34,1.28,1.32,60912,0
GRFX.US,D,20220930,000000,1.35,1.39,1.3212,1.34,63651,0
GRFX.US,D,20221003,000000,1.4,1.48,1.34,1.455,94087,0
GRFX.US,D,20221004,000000,1.46,1.52,1.41,1.43,83666,0
GRFX.US,D,20221005,000000,1.4,1.43,1.35,1.38,54991,0
GRFX.US,D,20221006,000000,1.35,1.393,1.31,1.3658,37557,0
GRFX.US,D,20221007,000000,1.45,1.45,1.3201,1.36,88092,0
GRFX.US,D,20221010,000000,1.32,1.4238,1.247,1.3865,215344,0
GRFX.US,D,20221011,000000,1.5,1.5,1.28,1.3,86895,0
GRFX.US,D,20221012,000000,1.3,1.33,1.26,1.33,8070,0
GRFX.US,D,20221013,000000,1.28,1.351,1.28,1.29,27784,0
GRFX.US,D,20221014,000000,1.27,1.2729,1.23,1.23,25582,0
GRFX.US,D,20221017,000000,1.23,1.24,1.17,1.18,27281,0
GRFX.US,D,20221018,000000,1.18,1.23,1.155,1.23,40505,0
GRFX.US,D,20221019,000000,1.17,1.27,1.17,1.19,61633,0
GRFX.US,D,20221020,000000,1.2364,1.24,1.15,1.16,10231,0
GRFX.US,D,20221021,000000,1.1501,1.2,1.15,1.16,10880,0
GRFX.US,D,20221024,000000,1.16,1.16,1,1.04,190830,0
GRFX.US,D,20221025,000000,1.04,1.11,1.04,1.0961,17436,0
GRFX.US,D,20221026,000000,1.045,1.15,1.02,1.06,66146,0
GRFX.US,D,20221027,000000,1.0973,1.0973,1,1.04,55213,0
GRFX.US,D,20221028,000000,1,1.05,0.8,1.01,94514,0
GRFX.US,D,20221031,000000,0.9903,1.02,0.9371,1.02,16454,0
GRFX.US,D,20221101,000000,0.93,1.05,0.9206,1.05,47624,0
GRFX.US,D,20221102,000000,1.05,1.1463,1.05,1.1,55133,0
GRFX.US,D,20221103,000000,1.09,1.1,1.02,1.05,13946,0
GRFX.US,D,20221104,000000,1.06,1.1,1.03,1.1,29876,0
GRFX.US,D,20221107,000000,1.13,1.2,1.11,1.17,28620,0
GRFX.US,D,20221108,000000,1.17,1.17,1.0633,1.12,14749,0
GRFX.US,D,20221109,000000,1.2,1.2,1,1.05,60051,0
GRFX.US,D,20221110,000000,1.025,1.1,0.94,1.02,52753,0
GRFX.US,D,20221111,000000,1.05,1.1,1.02,1.1,58692,0
GRFX.US,D,20221114,000000,1.1,1.1,0.96,1.04,69440,0
GRFX.US,D,20221115,000000,1.25,1.41,1.25,1.38,396883,0
GRFX.US,D,20221116,000000,1.3,1.3299,1.11,1.32,52701,0
GRFX.US,D,20221117,000000,1.22,1.31,1.2,1.3,14428,0
GRFX.US,D,20221118,000000,1.25,1.275,1.2,1.25,24932,0
GRFX.US,D,20221121,000000,1.27,1.2889,1.025,1.17,76202,0
GRFX.US,D,20221122,000000,1.1601,1.19,1,1.12,54691,0
GRFX.US,D,20221123,000000,1.16,1.16,1.0242,1.11,14532,0
GRFX.US,D,20221125,000000,1.1101,1.15,1.1,1.14,20894,0
GRFX.US,D,20221128,000000,1.1,1.13,1,1.09,60470,0
GRFX.US,D,20221129,000000,1.14,1.14,1.06,1.14,42997,0
GRFX.US,D,20221130,000000,1.17,1.27,1.15,1.26,34608,0
GRFX.US,D,20221201,000000,1.28,1.28,1.14,1.28,57013,0
GRFX.US,D,20221202,000000,1.16,1.24,1.07,1.2,30275,0
GRFX.US,D,20221205,000000,1.4,1.4,1.08,1.08,61979,0
GRFX.US,D,20221206,000000,1.2,1.32,1.11,1.27,97903,0
GRFX.US,D,20221207,000000,1.27,1.33,1.23,1.26,13796,0
GRFX.US,D,20221208,000000,1.21,1.3299,1.13,1.19,49780,0
GRFX.US,D,20221209,000000,1.12,1.18,1.12,1.18,52670,0
GRFX.US,D,20221212,000000,1.19,1.3,1.17,1.3,40413,0
GRFX.US,D,20221213,000000,1.23,1.29,1.2101,1.29,11789,0
GRFX.US,D,20221214,000000,1.1939,1.26,1.18,1.21,12547,0
GRFX.US,D,20221215,000000,1.21,1.21,1.16,1.21,9910,0
GRFX.US,D,20221216,000000,1.16,1.2072,1.13,1.2,48143,0
GRFX.US,D,20221219,000000,1.16,1.1967,1.11,1.19,32973,0
GRFX.US,D,20221220,000000,1.11,1.18,1.09,1.18,26693,0
GRFX.US,D,20221221,000000,1.11,1.15,1.05,1.13,35048,0
GRFX.US,D,20221222,000000,1.19,1.19,1.08,1.14,54993,0
GRFX.US,D,20221223,000000,1.08,1.15,1.06,1.11,15723,0
GRFX.US,D,20221227,000000,1,1.1,1,1.1,62547,0
GRFX.US,D,20221228,000000,1.1,1.105,1.01,1.1,27597,0
GRFX.US,D,20221229,000000,1.1,1.13,1.03,1.1,30911,0
GRFX.US,D,20221230,000000,1.1,1.12,1.033,1.12,23438,0
GRFX.US,D,20230103,000000,1.19,1.19,1.04,1.11,48840,0
GRFX.US,D,20230104,000000,1.06,1.11,1.05,1.11,6290,0
GRFX.US,D,20230105,000000,1.11,1.12,1.05,1.11,13512,0
GRFX.US,D,20230106,000000,1.11,1.2,1.095,1.2,243361,0
GRFX.US,D,20230109,000000,1.16,1.19,1.11,1.19,43289,0
GRFX.US,D,20230110,000000,1.15,1.16,1.05,1.16,37191,0
GRFX.US,D,20230111,000000,1.1,1.16,1.0928,1.16,4649,0
GRFX.US,D,20230112,000000,1.2,1.25,1.18,1.25,91505,0
GRFX.US,D,20230113,000000,1.21,1.3,1.125,1.29,39055,0
GRFX.US,D,20230117,000000,1.3,1.33,1.21,1.33,26619,0
GRFX.US,D,20230118,000000,1.33,1.34,1.21,1.34,40397,0
GRFX.US,D,20230119,000000,1.27,1.37,1.23,1.37,67007,0
GRFX.US,D,20230120,000000,1.4,1.6,1.335,1.5,55522,0
GRFX.US,D,20230123,000000,1.55,1.67,1.4801,1.64,54389,0
GRFX.US,D,20230124,000000,1.74,1.74,1.51,1.63,83151,0
GRFX.US,D,20230125,000000,1.56,1.74,1.5,1.59,159732,0
GRFX.US,D,20230126,000000,1.75,1.75,1.41,1.68,88261,0
GRFX.US,D,20230127,000000,1.7,1.7,1.5,1.57,51744,0
GRFX.US,D,20230130,000000,1.54,1.56,1.42,1.53,107470,0
GRFX.US,D,20230131,000000,1.61,1.61,1.41,1.56,120235,0
GRFX.US,D,20230201,000000,1.55,1.84,1.55,1.83,232663,0
GRFX.US,D,20230202,000000,1.82,1.95,1.78,1.93,152298,0
GRFX.US,D,20230203,000000,1.99,1.99,1.84,1.95,284727,0
GRFX.US,D,20230206,000000,1.95,1.95,1.87,1.91,90982,0
GRFX.US,D,20230207,000000,1.92,1.94,1.84,1.85,133593,0
GRFX.US,D,20230208,000000,1.8564,1.89,1.8401,1.87,53205,0
GRFX.US,D,20230209,000000,1.91,1.91,1.75,1.81,80734,0
GRFX.US,D,20230210,000000,1.81,1.88,1.8,1.88,75567,0
GRFX.US,D,20230213,000000,1.89,1.9,1.78,1.88,21955,0
GRFX.US,D,20230214,000000,1.82,1.9,1.74,1.9,35222,0
GRFX.US,D,20230215,000000,1.88,1.88,1.72,1.83,22630,0
GRFX.US,D,20230216,000000,1.83,1.83,1.74,1.81,21236,0
GRFX.US,D,20230217,000000,1.8311,1.8311,1.7,1.75,43198,0
GRFX.US,D,20230221,000000,1.75,1.75,1.6,1.7,35207,0
GRFX.US,D,20230222,000000,1.7,1.7,1.62,1.65,35194,0
GRFX.US,D,20230223,000000,1.62,1.63,1.5367,1.59,28110,0
GRFX.US,D,20230224,000000,1.6169,1.625,1.5,1.58,19100,0
GRFX.US,D,20230227,000000,1.58,1.59,1.44,1.59,95379,0
GRFX.US,D,20230228,000000,1.6,1.76,1.59,1.76,81932,0
GRFX.US,D,20230301,000000,1.84,1.84,1.704,1.75,69203,0
GRFX.US,D,20230302,000000,1.75,1.76,1.6101,1.72,70820,0
GRFX.US,D,20230303,000000,1.7,1.7499,1.65,1.72,19752,0
GRFX.US,D,20230306,000000,1.89,1.89,1.69,1.8,50436,0
GRFX.US,D,20230307,000000,1.8,1.8,1.62,1.74,30688,0
GRFX.US,D,20230308,000000,1.82,1.82,1.645,1.68,20738,0
GRFX.US,D,20230309,000000,1.65,1.69,1.62,1.62,26539,0
GRFX.US,D,20230310,000000,1.69,1.69,1.5106,1.59,17982,0
GRFX.US,D,20230313,000000,1.5,1.5,1.32,1.39,89964,0
GRFX.US,D,20230314,000000,1.44,1.4535,1.37,1.4,9273,0
GRFX.US,D,20230315,000000,1.32,1.42,1.3,1.33,10768,0
GRFX.US,D,20230316,000000,1.28,1.4,1.2379,1.4,24850,0
GRFX.US,D,20230317,000000,1.43,1.4835,1.34,1.4,17954,0
GRFX.US,D,20230320,000000,1.42,1.6886,1.36,1.45,24757,0
GRFX.US,D,20230321,000000,1.4,1.46,1.39,1.43,42171,0
GRFX.US,D,20230322,000000,1.6,1.6,1.41,1.46,9958,0
GRFX.US,D,20230323,000000,1.42,1.52,1.3101,1.52,25209,0
GRFX.US,D,20230324,000000,1.43,1.47,1.41,1.47,6542,0
GRFX.US,D,20230327,000000,1.42,1.49,1.3592,1.45,6541,0
GRFX.US,D,20230328,000000,1.4,1.5,1.38,1.5,12853,0
GRFX.US,D,20230329,000000,1.5,1.5,1.34,1.47,6147,0
GRFX.US,D,20230330,000000,1.3,1.47,1.18,1.33,56132,0
GRFX.US,D,20230331,000000,1.29,1.37,1.25,1.37,16428,0
GRFX.US,D,20230403,000000,1.33,1.37,1.32,1.37,6454,0
GRFX.US,D,20230404,000000,1.36,1.56,1.22,1.56,34514,0
GRFX.US,D,20230405,000000,1.55,1.55,1.25,1.3,30183,0
GRFX.US,D,20230406,000000,1.29,1.3001,1.19,1.27,12411,0
GRFX.US,D,20230410,000000,1.21,1.274,1.16,1.26,42293,0
GRFX.US,D,20230411,000000,1.26,1.32,1.22,1.27,6913,0
GRFX.US,D,20230412,000000,1.22,1.27,1.14,1.27,40283,0
GRFX.US,D,20230413,000000,1.25,1.2599,1.2,1.25,6455,0
GRFX.US,D,20230414,000000,1.2279,1.268,1.15,1.22,45226,0
GRFX.US,D,20230417,000000,1.2465,1.2465,1.16,1.2,11149,0
GRFX.US,D,20230418,000000,1.2,1.24,1.16,1.24,19614,0
GRFX.US,D,20230419,000000,1.15,1.2,1.1401,1.2,17660,0
GRFX.US,D,20230420,000000,1.2,1.27,1.08,1.16,85802,0
GRFX.US,D,20230421,000000,1.12,1.1931,1.09,1.15,56204,0
GRFX.US,D,20230424,000000,1.12,1.14,1.04,1.12,26736,0
GRFX.US,D,20230425,000000,1.13,1.14,1.1,1.14,3003,0
GRFX.US,D,20230426,000000,1.08,1.1097,1.04,1.1,20049,0
GRFX.US,D,20230427,000000,1.04,1.11,1.03,1.08,20492,0
GRFX.US,D,20230428,000000,1.05,1.08,1,1.05,75935,0
GRFX.US,D,20230501,000000,1.03,1.45,1.02,1.32,257869,0
GRFX.US,D,20230502,000000,1.27,1.2719,1.15,1.27,64564,0
GRFX.US,D,20230503,000000,1.21,1.28,1.1201,1.28,18962,0
GRFX.US,D,20230504,000000,1.23,1.23,1.1401,1.19,18248,0
GRFX.US,D,20230505,000000,1.16,1.23,1.1599,1.23,8802,0
GRFX.US,D,20230508,000000,1.2,1.25,1.15,1.25,18143,0
GRFX.US,D,20230509,000000,1.18,1.24,1.18,1.24,6784,0
GRFX.US,D,20230510,000000,1.19,1.27,1.18,1.27,16123,0
GRFX.US,D,20230511,000000,1.26,1.3,1.18,1.3,15616,0
GRFX.US,D,20230512,000000,1.25,1.28,1.18,1.22,27956,0
GRFX.US,D,20230515,000000,1.22,1.28,1.14,1.17,13555,0
GRFX.US,D,20230516,000000,1.34,1.34,1.17,1.19,10211,0
GRFX.US,D,20230517,000000,1.21,1.23,1.15,1.23,13291,0
GRFX.US,D,20230518,000000,1.17,1.21,1.15,1.21,4750,0
GRFX.US,D,20230519,000000,1.19,1.21,1.12,1.21,16109,0
GRFX.US,D,20230522,000000,1.21,1.211,1.12,1.16,13645,0
GRFX.US,D,20230523,000000,1.15,1.17,1.1,1.17,8382,0
GRFX.US,D,20230524,000000,1.1,1.15,1.1,1.13,25854,0
GRFX.US,D,20230525,000000,1.12,1.17,1.1,1.17,23610,0
GRFX.US,D,20230526,000000,1.155,1.16,1.1101,1.15,7155,0
GRFX.US,D,20230530,000000,1.12,1.22,1.1,1.22,18928,0
GRFX.US,D,20230531,000000,1.11,1.126,1.1,1.12,18865,0
GRFX.US,D,20230601,000000,1.1,1.11,1.075,1.1,35372,0
GRFX.US,D,20230602,000000,1.1,1.15,1.09,1.15,46629,0
GRFX.US,D,20230605,000000,1.19,1.19,1.1,1.15,36422,0
GRFX.US,D,20230606,000000,1.18,1.18,1.1,1.16,26818,0
GRFX.US,D,20230607,000000,1.1799,1.1799,1.02,1.16,69941,0
GRFX.US,D,20230608,000000,1.18,1.18,1.11,1.16,3881,0
GRFX.US,D,20230609,000000,1.17,1.17,1.1,1.11,22862,0
GRFX.US,D,20230612,000000,1.06,1.1099,1.06,1.09,27283,0
GRFX.US,D,20230613,000000,1.09,1.1,1.08,1.1,16854,0
GRFX.US,D,20230614,000000,1.08,1.1,1.06,1.1,18955,0
GRFX.US,D,20230615,000000,1.12,1.12,1.0627,1.1,6584,0
GRFX.US,D,20230616,000000,1.1,1.25,1.0989,1.25,90411,0
GRFX.US,D,20230620,000000,1.45,1.55,1.27,1.48,186542,0
GRFX.US,D,20230621,000000,1.81,1.81,1.53,1.65,675198,0
GRFX.US,D,20230622,000000,1.72,1.94,1.63,1.84,199714,0
GRFX.US,D,20230623,000000,1.84,1.84,1.6357,1.74,119701,0
GRFX.US,D,20230626,000000,1.77,1.77,1.415,1.47,119255,0
GRFX.US,D,20230627,000000,1.48,1.48,1.2822,1.3,62044,0
GRFX.US,D,20230628,000000,1.3,1.3,1.26,1.3,34123,0
GRFX.US,D,20230629,000000,1.29,1.34,1.26,1.33,24204,0
GRFX.US,D,20230630,000000,1.31,1.41,1.26,1.41,23933,0
GRFX.US,D,20230703,000000,1.4,1.4285,1.3201,1.41,11956,0
GRFX.US,D,20230705,000000,1.38,1.38,1.25,1.29,55229,0
GRFX.US,D,20230706,000000,1.29,1.37,1.25,1.37,34146,0
GRFX.US,D,20230707,000000,1.35,1.35,1.22,1.26,22497,0
GRFX.US,D,20230710,000000,1.24,1.3,1.2227,1.3,7994,0
GRFX.US,D,20230711,000000,1.32,1.32,1.25,1.3,23837,0
GRFX.US,D,20230712,000000,1.29,1.29,1.22,1.26,13532,0
GRFX.US,D,20230713,000000,1.25,1.26,1.22,1.26,21516,0
GRFX.US,D,20230714,000000,1.26,1.35,1.15,1.26,124032,0
GRFX.US,D,20230717,000000,1.2,1.24,1.1601,1.24,16664,0
GRFX.US,D,20230718,000000,1.19,1.19,1.11,1.17,68239,0
GRFX.US,D,20230719,000000,1.17,1.29,1.17,1.25,11499,0
GRFX.US,D,20230720,000000,1.25,1.27,1.17,1.27,24967,0
GRFX.US,D,20230721,000000,1.2039,1.23,1.13,1.22,20005,0
GRFX.US,D,20230724,000000,1.16,1.195,1.13,1.15,20023,0
GRFX.US,D,20230725,000000,1.11,1.15,1.11,1.12,19454,0
GRFX.US,D,20230726,000000,1.11,1.1699,1.11,1.16,22680,0
GRFX.US,D,20230727,000000,1.139,1.17,1.12,1.17,13455,0
GRFX.US,D,20230728,000000,1.17,1.18,1.14,1.18,21627,0
GRFX.US,D,20230731,000000,1.2,1.2,1.14,1.2,19271,0
GRFX.US,D,20230801,000000,1.17,1.2,1.1475,1.19,36921,0
GRFX.US,D,20230802,000000,1.15,1.2,1.14,1.2,29477,0
GRFX.US,D,20230803,000000,1.16,1.23,1.15,1.22,31668,0
GRFX.US,D,20230804,000000,1.18,1.22,1.16,1.22,48987,0
GRFX.US,D,20230807,000000,1.17,1.21,1.15,1.21,29762,0
GRFX.US,D,20230808,000000,1.15,1.22,1.12,1.22,18723,0
GRFX.US,D,20230809,000000,1.13,1.29,1.13,1.29,84828,0
GRFX.US,D,20230810,000000,1.25,1.29,1.24,1.29,55174,0
GRFX.US,D,20230811,000000,1.26,1.29,1.2,1.29,24114,0
GRFX.US,D,20230814,000000,1.24,1.29,1.2,1.29,43760,0
GRFX.US,D,20230815,000000,1.2,1.21,1.16,1.2,26185,0
GRFX.US,D,20230816,000000,1.25,1.66,1.25,1.39,785817,0
GRFX.US,D,20230817,000000,1.49,1.49,1.25,1.3,190894,0
GRFX.US,D,20230818,000000,1.26,1.26,1.1772,1.22,127390,0
GRFX.US,D,20230821,000000,1.36,1.36,1.17,1.22,98458,0
GRFX.US,D,20230822,000000,1.22,1.22,1.15,1.2,69924,0
GRFX.US,D,20230823,000000,1.33,1.58,1.23,1.55,609398,0
GRFX.US,D,20230824,000000,1.48,1.48,1.27,1.29,398285,0
GRFX.US,D,20230825,000000,1.34,1.34,1.25,1.26,213981,0
GRFX.US,D,20230828,000000,1.3,1.32,1.24,1.25,162830,0
GRFX.US,D,20230829,000000,1.32,1.37,1.25,1.28,211363,0
GRFX.US,D,20230830,000000,1.28,1.4099,1.25,1.252,113849,0
GRFX.US,D,20230831,000000,1.3,1.3,1.23,1.2336,183857,0
GRFX.US,D,20230901,000000,1.24,1.4,1.2352,1.322,190231,0
GRFX.US,D,20230905,000000,1.33,1.34,1.25,1.29,192675,0
GRFX.US,D,20230906,000000,1.29,1.3148,1.23,1.23,98732,0
GRFX.US,D,20230907,000000,1.23,1.33,1.2,1.2499,151538,0
GRFX.US,D,20230908,000000,1.3,1.3,1.23,1.23,31055,0
GRFX.US,D,20230911,000000,1.23,1.28,1.21,1.23,82019,0
GRFX.US,D,20230912,000000,1.29,1.29,1.15,1.17,188520,0
GRFX.US,D,20230913,000000,1.17,1.2337,1.13,1.152,96870,0
GRFX.US,D,20230914,000000,1.2,1.21,1.15,1.16,60915,0
GRFX.US,D,20230915,000000,1.2,1.22,1.14,1.15,72763,0
GRFX.US,D,20230918,000000,1.15,1.2,1.15,1.16,55336,0
GRFX.US,D,20230919,000000,1.18,1.1957,1.12,1.14,30588,0
GRFX.US,D,20230920,000000,1.16,1.16,1.14,1.14,45323,0
GRFX.US,D,20230921,000000,1.15,1.18,1.12,1.12,48959,0
GRFX.US,D,20230922,000000,1.12,1.22,1.1,1.11,76789,0
GRFX.US,D,20230925,000000,1.11,1.14,1.11,1.13,13773,0
GRFX.US,D,20230926,000000,1.19,1.19,1.11,1.1232,37803,0
GRFX.US,D,20230927,000000,1.12,1.16,1.12,1.13,22185,0
GRFX.US,D,20230928,000000,1.12,1.1598,1.111,1.13,52744,0
GRFX.US,D,20230929,000000,1.16,1.18,1.13,1.1356,29639,0
GRFX.US,D,20231002,000000,1.11,1.18,1.11,1.112,28195,0
GRFX.US,D,20231003,000000,1.14,1.14,1.08,1.12,98486,0
GRFX.US,D,20231004,000000,1.1,1.13,1.08,1.08,53997,0
GRFX.US,D,20231005,000000,1.08,1.12,1.08,1.1,29083,0
GRFX.US,D,20231006,000000,1.13,1.1399,1.11,1.12,10645,0
GRFX.US,D,20231009,000000,1.08,1.1297,1.06,1.09,20025,0
GRFX.US,D,20231010,000000,1.12,1.13,1.03,1.075,55023,0
GRFX.US,D,20231011,000000,1.11,1.11,1.07,1.07,22771,0
GRFX.US,D,20231012,000000,1.05,1.0812,1.03,1.05,46180,0
GRFX.US,D,20231013,000000,1.1,1.1036,1.05,1.06,27647,0
GRFX.US,D,20231016,000000,1.06,1.0904,1.02,1.03,81130,0
GRFX.US,D,20231017,000000,1.02,1.09,1.02,1.0527,30837,0
GRFX.US,D,20231018,000000,1.04,1.09,1,1.01,37443,0
GRFX.US,D,20231019,000000,1.01,1.07,1.01,1.04,18516,0
GRFX.US,D,20231020,000000,1.1,1.33,1.06,1.33,458438,0
GRFX.US,D,20231023,000000,1.35,1.4432,1.2,1.29,387973,0
GRFX.US,D,20231024,000000,1.3,1.3,1.11,1.19,56306,0
GRFX.US,D,20231025,000000,1.19,1.19,1.1098,1.14,42878,0
GRFX.US,D,20231026,000000,1.13,1.15,1.0801,1.15,42375,0
GRFX.US,D,20231027,000000,1.15,1.18,1.1005,1.18,37076,0
GRFX.US,D,20231030,000000,1.19,1.28,1.12,1.28,56208,0
GRFX.US,D,20231031,000000,1.28,1.3,1.145,1.3,107926,0
GRFX.US,D,20231101,000000,1.24,1.24,1.14,1.14,28499,0
GRFX.US,D,20231102,000000,1.18,1.24,1.1,1.24,35580,0
GRFX.US,D,20231103,000000,1.26,1.26,1.1372,1.2,53284,0
GRFX.US,D,20231106,000000,1.17,1.2,1.12,1.18,37200,0
GRFX.US,D,20231107,000000,1.13,1.18,1.11,1.15,46982,0
GRFX.US,D,20231108,000000,1.17,1.17,1.12,1.15,15702,0
GRFX.US,D,20231109,000000,1.16,1.1798,1.13,1.17,20374,0
GRFX.US,D,20231110,000000,1.12,1.18,1.1,1.18,13873,0
GRFX.US,D,20231113,000000,1.13,1.17,1.1,1.14,18301,0
GRFX.US,D,20231114,000000,1.12,1.1477,1.04,1.14,115963,0
GRFX.US,D,20231115,000000,1.14,1.18,1.12,1.16,28055,0
GRFX.US,D,20231116,000000,1.14,1.1601,1.1,1.16,32696,0
GRFX.US,D,20231117,000000,1.16,1.16,1.06,1.08,43923,0
GRFX.US,D,20231120,000000,1.115,1.1399,1.1,1.13,16837,0
GRFX.US,D,20231121,000000,1.14,1.14,1.1,1.12,17076,0
GRFX.US,D,20231122,000000,1.1004,1.14,1.09,1.11,38405,0
GRFX.US,D,20231124,000000,1.115,1.13,1.09,1.13,7253,0
GRFX.US,D,20231127,000000,1.11,1.12,1.08,1.12,19141,0
GRFX.US,D,20231128,000000,1.1,1.12,1.05,1.11,52146,0
GRFX.US,D,20231129,000000,1.05,1.0999,1.04,1.04,68290,0
GRFX.US,D,20231130,000000,1.09,1.0999,1.02,1.06,49017,0
GRFX.US,D,20231201,000000,1.09,1.09,1.02,1.07,61302,0
GRFX.US,D,20231204,000000,1.05,1.08,0.97,1.06,278137,0
GRFX.US,D,20231205,000000,1.03,1.06,0.96,1.06,85210,0
GRFX.US,D,20231206,000000,1.04,1.22,0.9801,1.11,587465,0
GRFX.US,D,20231207,000000,1.07,1.0893,1,1.01,116396,0
GRFX.US,D,20231208,000000,0.9897,1.07,0.98,1.02,29620,0
GRFX.US,D,20231211,000000,1.01,1.032,1,1,24421,0
GRFX.US,D,20231212,000000,1.02,1.02,0.9,1.02,143672,0
GRFX.US,D,20231213,000000,1,1.02,0.97,1.02,28840,0
GRFX.US,D,20231214,000000,0.98,0.9898,0.93,0.98,56605,0
GRFX.US,D,20231215,000000,0.95,0.99,0.922944,0.9699,36514,0
GRFX.US,D,20231218,000000,0.96,0.9888,0.9322,0.9498,24577,0
GRFX.US,D,20231219,000000,0.96,0.995,0.95,0.9716,40052,0
GRFX.US,D,20231220,000000,0.95,0.97,0.93,0.9501,69969,0
GRFX.US,D,20231221,000000,0.922,0.9899,0.922,0.9799,54087,0
GRFX.US,D,20231222,000000,0.94,0.988999,0.94,0.9651,39524,0
GRFX.US,D,20231226,000000,0.9686,0.9899,0.95,0.9703,9733,0
GRFX.US,D,20231227,000000,0.96,0.9835,0.94,0.9704,49785,0
GRFX.US,D,20231228,000000,0.996,0.996,0.88,0.91,105551,0
GRFX.US,D,20231229,000000,0.91,0.95,0.8703,0.8703,32260,0
GRFX.US,D,20240102,000000,0.89,0.9415,0.784949,0.89,139257,0
GRFX.US,D,20240103,000000,0.8633,0.925,0.8309,0.8801,75291,0
GRFX.US,D,20240104,000000,0.88,0.92,0.855,0.9,28352,0
GRFX.US,D,20240105,000000,0.86,0.89,0.8,0.8799,65294,0
GRFX.US,D,20240108,000000,0.883,0.89,0.85,0.8898,24340,0
GRFX.US,D,20240109,000000,0.89,0.92,0.864951,0.885,29751,0
GRFX.US,D,20240110,000000,0.9,0.9801,0.89,0.97,232148,0
GRFX.US,D,20240111,000000,0.9899,0.9899,0.92,0.95,121547,0
GRFX.US,D,20240112,000000,0.9588,0.979999,0.9,0.95,40464,0
GRFX.US,D,20240116,000000,0.93,0.96,0.8611,0.9,53082,0
GRFX.US,D,20240117,000000,0.8685,0.93,0.85,0.93,25628,0
GRFX.US,D,20240118,000000,0.94,0.99,0.8608,0.99,80393,0
GRFX.US,D,20240119,000000,0.9357,0.9357,0.86,0.93,128477,0
GRFX.US,D,20240122,000000,0.93,0.93,0.846646,0.88,36206,0
GRFX.US,D,20240123,000000,0.899,0.9,0.815,0.8558,45458,0
GRFX.US,D,20240124,000000,0.88,0.88,0.83,0.86,36090,0
GRFX.US,D,20240125,000000,0.86,0.8672,0.79,0.83,92724,0
GRFX.US,D,20240126,000000,0.79,0.79,0.55,0.565,411290,0
GRFX.US,D,20240129,000000,0.63,0.66,0.49,0.5554,181603,0
GRFX.US,D,20240130,000000,0.562,0.562,0.511,0.54,32099,0
GRFX.US,D,20240131,000000,0.5318,0.57,0.51,0.54,112301,0
GRFX.US,D,20240201,000000,0.5568,0.5568,0.51,0.5493,34963,0
GRFX.US,D,20240202,000000,0.546,0.5469,0.5011,0.54,32644,0
GRFX.US,D,20240205,000000,0.5201,0.55,0.5,0.548,42710,0
GRFX.US,D,20240206,000000,0.55,0.5905,0.53,0.589,39841,0
GRFX.US,D,20240207,000000,0.594,0.6,0.56,0.573,30579,0
GRFX.US,D,20240208,000000,0.5503,0.5609,0.5,0.55,53856,0
GRFX.US,D,20240209,000000,0.545,0.56,0.5,0.556,71561,0
GRFX.US,D,20240212,000000,0.5561,0.5561,0.51,0.52,44021,0
GRFX.US,D,20240213,000000,0.54,0.553599,0.52,0.549,48202,0
GRFX.US,D,20240214,000000,0.559,0.559,0.5,0.5,81212,0
GRFX.US,D,20240215,000000,0.51,0.549,0.51,0.52,41076,0
GRFX.US,D,20240216,000000,0.5039,0.54,0.5039,0.528,32853,0
GRFX.US,D,20240220,000000,0.52,0.5277,0.51,0.526,43000,0
GRFX.US,D,20240221,000000,0.53,0.539,0.51,0.53,10997,0
GRFX.US,D,20240222,000000,0.53,0.539,0.51,0.539,33354,0
GRFX.US,D,20240223,000000,0.52,0.537,0.51,0.52,40572,0
GRFX.US,D,20240226,000000,0.53,0.53,0.445,0.479,78005,0
GRFX.US,D,20240227,000000,0.45,0.45,0.3903,0.43,107207,0
GRFX.US,D,20240228,000000,0.4201,0.43,0.3931,0.4202,88170,0
GRFX.US,D,20240229,000000,0.44,0.445051,0.3505,0.392,222374,0
GRFX.US,D,20240301,000000,0.3802,0.4,0.368,0.4,171381,0
GRFX.US,D,20240304,000000,0.4125,0.42,0.3725,0.3856,56756,0
GRFX.US,D,20240305,000000,0.3674,0.4205,0.3674,0.3951,88985,0
GRFX.US,D,20240306,000000,0.44,0.4401,0.3802,0.42,119908,0
GRFX.US,D,20240307,000000,0.4074,0.42,0.3789,0.39,48709,0
GRFX.US,D,20240308,000000,0.3815,0.42,0.38,0.41,75125,0
GRFX.US,D,20240311,000000,0.4189,0.419,0.3821,0.419,27527,0
GRFX.US,D,20240312,000000,0.42,0.42,0.39,0.401,28248,0
GRFX.US,D,20240313,000000,0.3824,0.400999,0.38,0.4,49620,0
GRFX.US,D,20240314,000000,0.39,0.4,0.36,0.399,29657,0
GRFX.US,D,20240315,000000,0.36,0.39,0.36,0.39,9450,0
GRFX.US,D,20240318,000000,0.403,0.403,0.3651,0.4,26401,0
GRFX.US,D,20240319,000000,0.4,0.4,0.3743,0.39,15479,0
GRFX.US,D,20240320,000000,0.39,0.39,0.361,0.370149,53451,0
GRFX.US,D,20240321,000000,0.361,0.4,0.361,0.4,13080,0
GRFX.US,D,20240322,000000,0.387,0.3999,0.367,0.39,29567,0
GRFX.US,D,20240325,000000,0.3985,0.4,0.37,0.4,46770,0
GRFX.US,D,20240326,000000,0.4,0.4,0.37,0.37,23504,0
GRFX.US,D,20240327,000000,0.37,0.37,0.3111,0.3111,62383,0
GRFX.US,D,20240328,000000,0.34,0.343,0.3112,0.3112,77293,0
GRFX.US,D,20240401,000000,0.32,0.36,0.3121,0.341,134648,0
GRFX.US,D,20240402,000000,0.31,0.35,0.3034,0.305,51148,0
GRFX.US,D,20240403,000000,0.3,0.3202,0.2505,0.289,195519,0
GRFX.US,D,20240404,000000,0.2903,0.2903,0.26,0.275,39877,0
GRFX.US,D,20240405,000000,0.2638,0.2749,0.25,0.2565,84656,0
GRFX.US,D,20240408,000000,0.256,0.28,0.25,0.28,108573,0
GRFX.US,D,20240409,000000,0.265,0.27,0.2492,0.258,136284,0
GRFX.US,D,20240410,000000,0.257,0.26,0.2305,0.24985,74584,0
GRFX.US,D,20240411,000000,0.247,0.27,0.241,0.249,41222,0
GRFX.US,D,20240412,000000,0.242,0.26282,0.242,0.258,44742,0
GRFX.US,D,20240415,000000,0.2545,0.26,0.2327,0.2457,164982,0
GRFX.US,D,20240416,000000,0.2457,0.2457,0.2111,0.24,150323,0
GRFX.US,D,20240417,000000,0.23,0.23,0.21,0.2159,83931,0
GRFX.US,D,20240418,000000,0.2159,0.2299,0.21,0.215,33656,0
GRFX.US,D,20240419,000000,0.218,0.2298,0.2107,0.227,40157,0
GRFX.US,D,20240422,000000,0.223,0.2299,0.21,0.2126,21845,0
GRFX.US,D,20240423,000000,0.2029,0.2195,0.2002,0.2018,55661,0
GRFX.US,D,20240424,000000,0.2104,0.2104,0.20385,0.20385,11651,0
GRFX.US,D,20240425,000000,0.201,0.4178,0.201,0.24,4059967,0
GRFX.US,D,20240426,000000,0.259,0.329,0.225001,0.2402,422740,0
GRFX.US,D,20240429,000000,0.253,0.253,0.2202,0.2204,216998,0
GRFX.US,D,20240430,000000,0.22,0.2599,0.2109,0.2242,196236,0
GRFX.US,D,20240501,000000,0.23,0.24,0.22,0.230001,72950,0
GRFX.US,D,20240502,000000,0.2401,0.25,0.22,0.2412,111535,0
GRFX.US,D,20240503,000000,0.25,0.26,0.2207,0.2281,134483,0
GRFX.US,D,20240506,000000,0.27,0.345,0.2411,0.3,6427494,0
GRFX.US,D,20240507,000000,0.31,0.525,0.2854,0.45,12896651,0
GRFX.US,D,20240508,000000,0.34,0.445,0.3,0.39,1743174,0
GRFX.US,D,20240509,000000,0.3795,0.44,0.3795,0.4179,413145,0
GRFX.US,D,20240510,000000,0.435,0.435,0.35,0.381,341249,0
GRFX.US,D,20240513,000000,0.407,0.407,0.3066,0.34,314913,0
GRFX.US,D,20240514,000000,0.3,0.3075,0.26835,0.286,413509,0
GRFX.US,D,20240515,000000,0.31,0.3399,0.28,0.3128,259735,0
GRFX.US,D,20240516,000000,0.3092,0.33,0.3,0.3002,49406,0
GRFX.US,D,20240517,000000,0.3364,0.34,0.3033,0.3273,117811,0
GRFX.US,D,20240520,000000,0.3313,0.3313,0.3029,0.3102,81590,0
GRFX.US,D,20240521,000000,0.3114,0.33,0.302,0.3271,74196,0
GRFX.US,D,20240522,000000,0.33,0.37,0.33,0.3466,124785,0
GRFX.US,D,20240523,000000,0.33,0.3459,0.33,0.3399,116034,0
GRFX.US,D,20240524,000000,0.35,0.35,0.333,0.3439,18194,0
GRFX.US,D,20240528,000000,0.35,0.35,0.339,0.339,70791,0
GRFX.US,D,20240529,000000,0.33,0.3497,0.33,0.341,76701,0
GRFX.US,D,20240530,000000,0.363,0.39,0.341,0.3631,90543,0
GRFX.US,D,20240531,000000,0.38,0.3999,0.354,0.367599,43279,0
GRFX.US,D,20240603,000000,0.3859,0.3859,0.354,0.379,21870,0
GRFX.US,D,20240604,000000,0.3603,0.37,0.354251,0.365,27926,0
GRFX.US,D,20240605,000000,0.36,0.385,0.36,0.3843,42956,0
GRFX.US,D,20240606,000000,0.36,0.38,0.36,0.37,32263,0
GRFX.US,D,20240607,000000,0.365,0.37,0.355101,0.363264,49942,0
GRFX.US,D,20240610,000000,0.38,0.38,0.3561,0.371,28378,0
GRFX.US,D,20240611,000000,0.375,0.375,0.356,0.356,50225,0
GRFX.US,D,20240612,000000,0.37,0.3724,0.351,0.351,20375,0
GRFX.US,D,20240613,000000,0.354464,0.354464,0.3285,0.3369,8457,0
GRFX.US,D,20240614,000000,0.36,0.36,0.315,0.34,40131,0
GRFX.US,D,20240617,000000,0.369,0.369,0.34,0.348,19266,0
GRFX.US,D,20240618,000000,0.36,0.36,0.346,0.3516,59237,0
GRFX.US,D,20240620,000000,0.372,0.3755,0.346,0.354,41728,0
GRFX.US,D,20240621,000000,0.369899,0.37,0.35,0.359,24816,0
GRFX.US,D,20240624,000000,0.37,0.37,0.35,0.36,19474,0
GRFX.US,D,20240625,000000,0.3615,0.372,0.356,0.372,4165,0
GRFX.US,D,20240626,000000,0.3576,0.368,0.356,0.36,14528,0
GRFX.US,D,20240627,000000,0.3588,0.36,0.3561,0.36,7979,0
GRFX.US,D,20240628,000000,0.37,0.37,0.3571,0.3571,8764,0
GRFX.US,D,20240701,000000,0.36,0.3702,0.3571,0.3571,25468,0
GRFX.US,D,20240702,000000,0.35,0.3568,0.33802,0.3399,41339,0
GRFX.US,D,20240703,000000,0.36,0.369,0.333,0.3391,8699,0
GRFX.US,D,20240705,000000,0.34,0.355,0.34,0.3428,23593,0
GRFX.US,D,20240708,000000,0.333,0.3911,0.333,0.3884,32090,0
GRFX.US,D,20240709,000000,0.39,0.39,0.3383,0.348,82409,0
GRFX.US,D,20240710,000000,0.3654,0.3749,0.335,0.335,23681,0
GRFX.US,D,20240711,000000,0.333,0.3889,0.3,0.3153,72744,0
GRFX.US,D,20240712,000000,0.3059,0.3401,0.3,0.327,33201,0
GRFX.US,D,20240715,000000,0.3215,0.34,0.3,0.3095,31684,0
GRFX.US,D,20240716,000000,0.3159,0.3242,0.3,0.311116,13467,0
GRFX.US,D,20240717,000000,0.32,0.32,0.3,0.3116,42277,0
GRFX.US,D,20240718,000000,0.2964,0.32,0.2964,0.3,34853,0
GRFX.US,D,20240719,000000,0.308,0.3175,0.2832,0.31,6656,0
GRFX.US,D,20240722,000000,0.3255,0.3405,0.29,0.2901,76666,0
GRFX.US,D,20240723,000000,0.29,0.2901,0.29,0.29,6856,0
GRFX.US,D,20240724,000000,0.2901,0.2901,0.2813,0.2814,16494,0
GRFX.US,D,20240725,000000,0.2813,0.2901,0.250313,0.2816,24633,0
GRFX.US,D,20240726,000000,0.2815,0.2901,0.2815,0.2892,3718,0
GRFX.US,D,20240729,000000,0.2901,0.3046,0.2817,0.2914,15876,0
GRFX.US,D,20240730,000000,0.301,0.301,0.28,0.2822,59532,0
GRFX.US,D,20240731,000000,0.28,0.3,0.28,0.2801,19070,0
GRFX.US,D,20240801,000000,0.28,0.299999,0.265,0.2782,77886,0
GRFX.US,D,20240802,000000,0.282,0.3,0.265,0.2698,71686,0
GRFX.US,D,20240805,000000,0.26,0.2848,0.25,0.2722,75661,0
GRFX.US,D,20240806,000000,0.28,0.28,0.2701,0.2737,91724,0
GRFX.US,D,20240807,000000,0.27,0.28,0.27,0.28,19703,0
GRFX.US,D,20240808,000000,0.29,0.291999,0.2782,0.279,6121,0
GRFX.US,D,20240809,000000,0.292,0.2999,0.278,0.295,24464,0
GRFX.US,D,20240812,000000,0.31,0.319,0.2751,0.276489,51521,0
GRFX.US,D,20240813,000000,0.2727,0.309,0.27,0.2897,37061,0
GRFX.US,D,20240814,000000,0.2861,0.287,0.275,0.2799,23021,0
GRFX.US,D,20240815,000000,0.29,0.29,0.275,0.2751,21585,0
GRFX.US,D,20240816,000000,0.275,0.2888,0.275,0.2765,51924,0
GRFX.US,D,20240819,000000,0.28,0.29,0.2549,0.2837,51164,0
GRFX.US,D,20240820,000000,0.29,0.29,0.28,0.2873,43108,0
GRFX.US,D,20240821,000000,0.28,0.2918,0.28,0.2826,58449,0
GRFX.US,D,20240822,000000,0.2898,0.2898,0.281,0.284,37810,0
GRFX.US,D,20240823,000000,0.29,0.302,0.29,0.299968,26534,0
GRFX.US,D,20240826,000000,0.3049,0.3075,0.29,0.2974,18325,0
GRFX.US,D,20240827,000000,0.29,0.3,0.29,0.2993,22797,0
GRFX.US,D,20240828,000000,0.29,0.299,0.1885,0.22,384209,0
GRFX.US,D,20240829,000000,0.2134,0.25,0.2,0.2111,64986,0
GRFX.US,D,20240830,000000,0.2199,0.2472,0.2101,0.2385,66110,0
GRFX.US,D,20240903,000000,0.24,0.24,0.22,0.2209,43347,0
GRFX.US,D,20240904,000000,0.231,0.231,0.2111,0.216149,8649,0
GRFX.US,D,20240905,000000,0.2111,0.21995,0.208901,0.2187,8417,0
GRFX.US,D,20240906,000000,0.22,0.22,0.2,0.2175,33106,0
GRFX.US,D,20240909,000000,0.22,0.2299,0.2088,0.217,21509,0
GRFX.US,D,20240910,000000,0.2165,0.2165,0.1411,0.1854,171703,0
GRFX.US,D,20240911,000000,0.1714,0.1876,0.1561,0.1848,122105,0
GRFX.US,D,20240912,000000,0.179899,0.179899,0.1623,0.1705,55990,0
GRFX.US,D,20240913,000000,0.1701,0.1876,0.17,0.1793,66775,0
GRFX.US,D,20240916,000000,0.18,0.1876,0.1793,0.1793,44999,0
GRFX.US,D,20240917,000000,0.1676,0.19,0.1676,0.1896,66296,0
GRFX.US,D,20240918,000000,0.1826,0.19,0.1731,0.1731,12010,0
GRFX.US,D,20240919,000000,0.19,0.19,0.1738,0.1849,22366,0
GRFX.US,D,20240920,000000,0.19,0.1969,0.1745,0.1969,69787,0
GRFX.US,D,20240923,000000,0.22,0.2299,0.162,0.175,142257,0
GRFX.US,D,20240924,000000,0.18,0.195,0.1655,0.1853,15112,0
GRFX.US,D,20240925,000000,0.2,0.2113,0.17,0.1869,31071,0
GRFX.US,D,20240926,000000,0.2122,0.2169,0.1818,0.1968,105780,0
GRFX.US,D,20240927,000000,0.2,0.2,0.1633,0.1724,146075,0
GRFX.US,D,20240930,000000,0.1724,0.21,0.17,0.2,473805,0
GRFX.US,D,20241001,000000,0.194,0.196,0.178,0.178,164906,0
GRFX.US,D,20241002,000000,0.175,0.252,0.175,0.213,1265223,0
GRFX.US,D,20241003,000000,0.24,0.3465,0.202,0.3228,5282522,0
GRFX.US,D,20241004,000000,0.301,0.321,0.28,0.3149,1642972,0
GRFX.US,D,20241007,000000,0.3249,0.3249,0.2455,0.272,409617,0
GRFX.US,D,20241008,000000,0.24,0.2614,0.223,0.2302,209133,0
GRFX.US,D,20241009,000000,0.2398,0.2594,0.2301,0.2466,353143,0
GRFX.US,D,20241010,000000,0.255,0.255,0.22,0.2496,204030,0
GRFX.US,D,20241011,000000,0.24,0.25,0.225901,0.25,31178,0
GRFX.US,D,20241014,000000,0.25,0.25,0.2311,0.2466,107982,0
GRFX.US,D,20241015,000000,0.235,0.245,0.229,0.2357,96695,0
GRFX.US,D,20241016,000000,0.2357,0.25,0.221,0.243,112234,0
GRFX.US,D,20241017,000000,0.24,0.275,0.2285,0.2569,327077,0
GRFX.US,D,20241018,000000,0.29,0.29,0.2511,0.257,169314,0
GRFX.US,D,20241021,000000,0.25,0.262501,0.232,0.2451,171946,0
GRFX.US,D,20241022,000000,0.242,0.2677,0.242,0.245,257336,0
GRFX.US,D,20241023,000000,0.245,0.255,0.2351,0.24,48580,0
GRFX.US,D,20241024,000000,0.237,0.27,0.2242,0.255,158338,0
GRFX.US,D,20241025,000000,0.269,0.269,0.232,0.2625,88945,0
GRFX.US,D,20241028,000000,0.27,0.27,0.2382,0.2599,77628,0
GRFX.US,D,20241029,000000,0.248,0.2599,0.2339,0.2344,63207,0
GRFX.US,D,20241030,000000,0.224,0.2673,0.2152,0.2301,203504,0
GRFX.US,D,20241031,000000,0.2301,0.2499,0.19,0.236,166370,0
GRFX.US,D,20241101,000000,0.236,0.25,0.2158,0.25,25787,0
GRFX.US,D,20241104,000000,0.21,0.245,0.21,0.219,29791,0
GRFX.US,D,20241105,000000,0.21,0.2298,0.21,0.2279,35113,0
GRFX.US,D,20241106,000000,0.2279,0.2279,0.2,0.2003,69963,0
GRFX.US,D,20241107,000000,0.1994,0.2354,0.1994,0.2111,69674,0
GRFX.US,D,20241108,000000,0.2216,0.2354,0.21,0.2274,41370,0
GRFX.US,D,20241111,000000,0.2274,0.2299,0.21,0.222,59792,0
GRFX.US,D,20241112,000000,0.2115,0.23,0.2114,0.2198,46065,0
GRFX.US,D,20241113,000000,0.21,0.23,0.209,0.21,88492,0
GRFX.US,D,20241114,000000,0.2052,0.21,0.19,0.2,47938,0
GRFX.US,D,20241115,000000,0.1837,0.215,0.1837,0.21,72043,0
GRFX.US,D,20241118,000000,0.2205,0.2205,0.2011,0.2121,46179,0
GRFX.US,D,20241119,000000,0.2355,0.2355,0.2017,0.212,53571,0
GRFX.US,D,20241120,000000,0.2012,0.2349,0.1908,0.212,45440,0
GRFX.US,D,20241121,000000,0.2152,0.2153,0.1961,0.1989,87892,0
GRFX.US,D,20241122,000000,0.1984,0.2,0.19,0.1999,134717,0
GRFX.US,D,20241125,000000,0.2046,0.2046,0.1655,0.183,183581,0
GRFX.US,D,20241126,000000,0.183,0.1899,0.183,0.1832,79399,0
GRFX.US,D,20241127,000000,0.19,0.1929,0.1831,0.191,73181,0
GRFX.US,D,20241129,000000,0.185,0.201,0.1831,0.199,48039,0
GRFX.US,D,20241202,000000,0.1999,0.205,0.18783,0.205,44013,0
GRFX.US,D,20241203,000000,0.1999,0.2199,0.195001,0.21,93959,0
GRFX.US,D,20241204,000000,0.2014,0.2099,0.1994,0.2,66512,0
GRFX.US,D,20241205,000000,0.20099,0.21,0.2,0.2001,67477,0
GRFX.US,D,20241206,000000,0.204085,0.21,0.195,0.209,62785,0
GRFX.US,D,20241209,000000,0.2119,0.2349,0.2019,0.2247,226460,0
GRFX.US,D,20241210,000000,0.2135,0.2135,0.189,0.2021,65292,0
GRFX.US,D,20241211,000000,0.187,0.2078,0.185,0.1957,104236,0
GRFX.US,D,20241212,000000,0.1927,0.199558,0.187,0.1875,35815,0
GRFX.US,D,20241213,000000,0.197479,0.2,0.188,0.1898,67280,0
GRFX.US,D,20241216,000000,0.2047,0.2078,0.188,0.1936,59189,0
GRFX.US,D,20241217,000000,0.1936,0.1936,0.1803,0.189,88713,0
GRFX.US,D,20241218,000000,0.1909,0.2788,0.184,0.275,2272522,0
GRFX.US,D,20241219,000000,0.2654,0.29,0.185,0.219,969714,0
GRFX.US,D,20241220,000000,0.209,0.2168,0.185,0.2,136257,0
GRFX.US,D,20241223,000000,0.205,0.2281,0.1899,0.204,63210,0
GRFX.US,D,20241224,000000,0.2061,0.33,0.195,0.2728,2278405,0
GRFX.US,D,20241226,000000,0.262,0.29,0.2334,0.285561,484932,0
GRFX.US,D,20241227,000000,0.3317,0.55,0.3,0.435,9113438,0
GRFX.US,D,20241230,000000,0.3817,0.3867,0.2625,0.32,1872650,0
GRFX.US,D,20241231,000000,0.3271,0.3417,0.27,0.2751,505411,0
GRFX.US,D,20250102,000000,0.29,0.4968,0.2875,0.375,15229130,0
GRFX.US,D,20250103,000000,0.3525,0.3909,0.3336,0.3601,1024063,0
GRFX.US,D,20250106,000000,0.33725,0.385,0.3047,0.345,723369,0
GRFX.US,D,20250107,000000,0.3361,0.3476,0.29,0.3,433940,0
GRFX.US,D,20250108,000000,0.32,0.339199,0.2744,0.284,789602,0
GRFX.US,D,20250110,000000,0.2847,0.3136,0.2626,0.3136,259016,0
GRFX.US,D,20250113,000000,0.2862,0.33,0.28,0.3039,220003,0
GRFX.US,D,20250114,000000,0.3022,0.3099,0.2919,0.303281,66551,0
GRFX.US,D,20250115,000000,0.301,0.327999,0.2806,0.3174,265524,0
GRFX.US,D,20250116,000000,0.3085,0.34,0.29,0.313,255546,0
GRFX.US,D,20250117,000000,0.3302,0.3302,0.2882,0.309,277509,0
GRFX.US,D,20250121,000000,0.31,0.321,0.29,0.3001,155085,0
GRFX.US,D,20250122,000000,0.31,0.3116,0.28,0.3065,85151,0
GRFX.US,D,20250123,000000,0.29,0.2972,0.25,0.2627,386501,0
GRFX.US,D,20250124,000000,0.265,0.3001,0.235,0.2793,136058,0
GRFX.US,D,20250127,000000,0.2793,0.28805,0.245,0.2701,68214,0
GRFX.US,D,20250128,000000,0.26,0.2818,0.255,0.2817,53045,0
GRFX.US,D,20250129,000000,0.3001,0.3001,0.235,0.2751,78710,0
GRFX.US,D,20250130,000000,0.251,0.29,0.235,0.245,64427,0
GRFX.US,D,20250131,000000,0.2424,0.253844,0.235,0.2476,101356,0
GRFX.US,D,20250203,000000,0.2471,0.249999,0.2207,0.2421,166651,0
GRFX.US,D,20250204,000000,0.2457,0.259999,0.2216,0.24,85112,0
GRFX.US,D,20250205,000000,0.24,0.244499,0.24,0.24,23748,0
GRFX.US,D,20250206,000000,0.2548,0.26,0.2352,0.2361,48520,0
GRFX.US,D,20250207,000000,0.259,0.26,0.24,0.247,42140,0
GRFX.US,D,20250210,000000,0.251,0.2641,0.240501,0.2418,19080,0
GRFX.US,D,20250211,000000,0.252951,0.259,0.2418,0.2438,41462,0
GRFX.US,D,20250212,000000,0.246951,0.26,0.24,0.241,56112,0
GRFX.US,D,20250213,000000,0.24,0.247,0.225,0.2429,53291,0
GRFX.US,D,20250214,000000,0.25,0.2692,0.2438,0.2499,40752,0
GRFX.US,D,20250218,000000,0.25,0.26,0.2381,0.2557,114485,0
GRFX.US,D,20250219,000000,0.257488,0.2699,0.2374,0.2401,143286,0
