<TICKER>,<PER>,<DATE>,<TIME>,<OPEN>,<HIGH>,<LOW>,<CLOSE>,<VOL>,<OPENINT>
SACC.US,D,20191113,000000,24.79,24.92,24.66,24.9051,38518,0
SACC.US,D,20191114,000000,24.96,24.96,24.75,24.85,27800,0
SACC.US,D,20191115,000000,25.1,25.1,24.9,24.94,85607,0
SACC.US,D,20191118,000000,25,25.08,24.95,25.0199,54387,0
SACC.US,D,20191119,000000,25,25.01,24.93,24.98,32760,0
SACC.US,D,20191120,000000,25,25.01,24.9,24.96,17413,0
SACC.US,D,20191121,000000,25,25,24.83,24.91,19696,0
SACC.US,D,20191122,000000,24.9415,24.96,24.85,24.885,19985,0
SACC.US,D,20191125,000000,24.9,24.9,24.81,24.87,34185,0
SACC.US,D,20191126,000000,24.89,25,24.81,24.85,23571,0
SACC.US,D,20191127,000000,24.8678,24.88,24.85,24.86,1603,0
SACC.US,D,20191129,000000,24.8926,24.95,24.8058,24.86,24927,0
SACC.US,D,20191202,000000,24.9,25.1,24.9,25.02,72745,0
SACC.US,D,20191203,000000,25.05,25.356,24.94,25.01,121610,0
SACC.US,D,20191204,000000,25.13,25.13,25.01,25.05,32627,0
SACC.US,D,20191205,000000,25.12,25.15,25.02,25.0365,15465,0
SACC.US,D,20191206,000000,25,25.1,25,25.02,18605,0
SACC.US,D,20191209,000000,25.05,25.21,25.02,25.1,22005,0
SACC.US,D,20191210,000000,25.28,25.28,25.1,25.1,26123,0
SACC.US,D,20191211,000000,25.15,25.23,25.075,25.075,16179,0
SACC.US,D,20191212,000000,25.07,25.07,24.79,24.9,26149,0
SACC.US,D,20191213,000000,24.9,25.2899,24.9,24.96,24468,0
SACC.US,D,20191216,000000,24.89,25.07,24.89,25.01,19001,0
SACC.US,D,20191217,000000,25.03,25.06,25,25,14403,0
SACC.US,D,20191218,000000,25.05,25.05,25,25.015,22724,0
SACC.US,D,20191219,000000,25.05,25.05,25.01,25.02,7221,0
SACC.US,D,20191220,000000,25.03,25.08,25.03,25.05,3448,0
SACC.US,D,20191223,000000,25.07,25.094,25.07,25.08,5042,0
SACC.US,D,20191224,000000,25.08,25.08,25.05,25.05,3109,0
SACC.US,D,20191226,000000,25.1,25.1,25,25.028,27517,0
SACC.US,D,20191227,000000,25.12,25.12,25.1196,25.12,3010,0
SACC.US,D,20191230,000000,25.03,25.0693,25.01,25.0693,6742,0
SACC.US,D,20191231,000000,25.0802,25.15,25.06,25.1,3729,0
SACC.US,D,20200102,000000,25.1486,25.16,25.1,25.1493,3683,0
SACC.US,D,20200103,000000,25.139,25.1909,25.01,25.04,23608,0
SACC.US,D,20200106,000000,25.03,25.13,25.03,25.0799,4543,0
SACC.US,D,20200107,000000,25.1,25.1,25.04,25.0608,2409,0
SACC.US,D,20200108,000000,25.17,25.17,25.1008,25.13,5720,0
SACC.US,D,20200109,000000,25.1273,25.16,25.07,25.08,4681,0
SACC.US,D,20200110,000000,25.1498,25.15,25.13,25.148,5436,0
SACC.US,D,20200113,000000,25.24,25.24,25.13,25.15,12755,0
SACC.US,D,20200114,000000,25.2,25.2198,25.2,25.2,6269,0
SACC.US,D,20200115,000000,25.225,25.25,25.22,25.24,5083,0
SACC.US,D,20200116,000000,25.25,25.25,25.16,25.16,5904,0
SACC.US,D,20200117,000000,25.2399,25.29,25.2153,25.22,3300,0
SACC.US,D,20200121,000000,25.29,25.29,25.27,25.27,3285,0
SACC.US,D,20200122,000000,25.31,25.42,25.31,25.35,1600,0
SACC.US,D,20200123,000000,25.3552,25.38,25.22,25.36,8118,0
SACC.US,D,20200124,000000,25.25,25.3599,25.2,25.22,3622,0
SACC.US,D,20200127,000000,25.32,25.32,25.2,25.2,1700,0
SACC.US,D,20200128,000000,25.25,25.3922,25.2,25.35,16506,0
SACC.US,D,20200129,000000,25.35,25.375,25.32,25.32,9905,0
SACC.US,D,20200130,000000,25.2804,25.32,25.2804,25.32,3040,0
SACC.US,D,20200131,000000,25.3103,25.32,25.25,25.25,4879,0
SACC.US,D,20200203,000000,25.2867,25.3,25.2601,25.2601,8660,0
SACC.US,D,20200204,000000,25.3,25.3326,25.289,25.31,5264,0
SACC.US,D,20200205,000000,25.27,25.3,25.27,25.2999,400,0
SACC.US,D,20200206,000000,25.3792,25.42,25.3,25.4,14748,0
SACC.US,D,20200207,000000,25.41,25.41,25.4,25.4,11347,0
SACC.US,D,20200210,000000,25.4089,25.4089,25.38,25.38,2881,0
SACC.US,D,20200211,000000,25.4,25.4,25.38,25.38,5496,0
SACC.US,D,20200212,000000,25.42,25.42,25.39,25.4001,2490,0
SACC.US,D,20200213,000000,25.3,25.5,25.3,25.37,3150,0
SACC.US,D,20200214,000000,25.37,25.6628,25.3573,25.5285,9786,0
SACC.US,D,20200218,000000,25.5,25.5,25.35,25.39,1325,0
SACC.US,D,20200219,000000,25.4,25.4521,25.35,25.4,1656,0
SACC.US,D,20200220,000000,25.4,25.49,25.4,25.45,3392,0
SACC.US,D,20200221,000000,25.47,25.52,25.4,25.485,12958,0
SACC.US,D,20200224,000000,25.49,25.52,25.4,25.49,3576,0
SACC.US,D,20200225,000000,25.4,25.4,25.31,25.31,4295,0
SACC.US,D,20200226,000000,25.31,25.35,25.26,25.29,16668,0
SACC.US,D,20200227,000000,25.26,25.3986,25.175,25.2,10551,0
SACC.US,D,20200228,000000,25.17,25.17,24.23,24.5916,27575,0
SACC.US,D,20200302,000000,24.65,25,24.58,24.9311,11706,0
SACC.US,D,20200303,000000,25.07,25.98,25.07,25.38,2880,0
SACC.US,D,20200304,000000,25.2349,25.39,25.2349,25.35,2227,0
SACC.US,D,20200305,000000,24.975,25.12,24.975,25.08,2915,0
SACC.US,D,20200306,000000,25,25.33,24.99,25.06,7567,0
SACC.US,D,20200309,000000,25,25,23.9,24,16311,0
SACC.US,D,20200310,000000,23.05,23.96,23.02,23.3842,11848,0
SACC.US,D,20200311,000000,23.7505,23.7763,22.67,23.75,15863,0
SACC.US,D,20200312,000000,14.57,21.02,14.57,21.02,6244,0
SACC.US,D,20200313,000000,19.75,21.95,19.4,19.475,7427,0
SACC.US,D,20200316,000000,14.65,17.75,14.65,17.5,10695,0
SACC.US,D,20200317,000000,17.2156,17.2156,16.2,16.51,4775,0
SACC.US,D,20200318,000000,16.75,16.75,8.01,8.15,20898,0
SACC.US,D,20200319,000000,7.56,10.037,7.56,9.5,26395,0
SACC.US,D,20200320,000000,10.9366,13.5,10.9366,12.75,16501,0
SACC.US,D,20200323,000000,11.48,12,9.05,9.08,10508,0
SACC.US,D,20200324,000000,8.9999,10,8.24,9.235,16510,0
SACC.US,D,20200325,000000,10,12.5,9.5,10.46,34513,0
SACC.US,D,20200326,000000,11.5,16.45,11.5,15.8,51368,0
SACC.US,D,20200327,000000,15.8,15.8833,15.17,15.17,10631,0
SACC.US,D,20200330,000000,15.61,15.65,14.9,15.43,11140,0
SACC.US,D,20200331,000000,14.4109,18.885,13.85,16.11,11046,0
SACC.US,D,20200401,000000,16.1,16.57,15.78,15.78,7110,0
SACC.US,D,20200402,000000,14.95,15.19,14.95,15.02,1850,0
SACC.US,D,20200403,000000,15.3,15.86,14.8,14.95,7040,0
SACC.US,D,20200406,000000,15.7718,15.99,15.51,15.93,8847,0
SACC.US,D,20200407,000000,16.5,17.26,16.5,17.1,11037,0
SACC.US,D,20200408,000000,17.5,18.29,16.8166,18.15,11642,0
SACC.US,D,20200409,000000,19.05,19.19,17.3106,18,16062,0
SACC.US,D,20200413,000000,18.01,19.99,18.01,19.1052,23837,0
SACC.US,D,20200414,000000,19.29,20.11,19.29,19.9,18021,0
SACC.US,D,20200415,000000,20.71,20.71,19.5,19.75,14617,0
SACC.US,D,20200416,000000,19.72,20.2,19.5,19.71,12920,0
SACC.US,D,20200417,000000,20.82,20.84,19.96,20.02,4869,0
SACC.US,D,20200420,000000,20.51,21,20.33,20.4,7628,0
SACC.US,D,20200421,000000,20,20.6364,20,20.26,5981,0
SACC.US,D,20200422,000000,20.99,20.99,20.01,20.05,5627,0
SACC.US,D,20200423,000000,20.11,20.7724,20.05,20.5,2267,0
SACC.US,D,20200424,000000,19.68,20.27,19.5,19.89,8209,0
SACC.US,D,20200427,000000,20.6799,20.6799,19.5,20.2,5439,0
SACC.US,D,20200428,000000,20.25,20.58,19.91,20.225,4673,0
SACC.US,D,20200429,000000,20.5,20.6,19.8,20.5,7277,0
SACC.US,D,20200430,000000,20.45,20.51,20.45,20.5,1215,0
SACC.US,D,20200501,000000,20.5,20.5,19.8,20.1,5634,0
SACC.US,D,20200504,000000,20.25,20.25,19.8,20.04,1939,0
SACC.US,D,20200505,000000,20.48,20.7507,20,20.75,3425,0
SACC.US,D,20200506,000000,20.88,21,20.75,21,5414,0
SACC.US,D,20200507,000000,21,21.38,21,21.15,2493,0
SACC.US,D,20200508,000000,21.46,22.39,21.145,22.39,1265,0
SACC.US,D,20200511,000000,22.38,22.39,21.74,22.1592,1255,0
SACC.US,D,20200512,000000,22.3899,22.5,21.5,21.5,5619,0
SACC.US,D,20200513,000000,21.08,22.1,20.8001,22.1,3714,0
SACC.US,D,20200514,000000,21,21.64,20.91,21.64,5158,0
SACC.US,D,20200515,000000,21.08,22.065,21.08,22.065,2316,0
SACC.US,D,20200518,000000,22.07,22.15,22.07,22.07,8750,0
SACC.US,D,20200519,000000,21.7001,22.29,21.65,22.29,2689,0
SACC.US,D,20200520,000000,21.91,22.2472,21.9,22.2,2832,0
SACC.US,D,20200521,000000,21.85,22.21,21.85,22.21,997,0
SACC.US,D,20200522,000000,22.21,22.21,22.21,22.21,371,0
SACC.US,D,20200526,000000,22.24,22.56,22.24,22.4999,2298,0
SACC.US,D,20200527,000000,22.5,22.85,22.5,22.84,2391,0
SACC.US,D,20200528,000000,22.81,23.06,22.69,22.77,990,0
SACC.US,D,20200529,000000,22.6,22.85,22.5,22.5018,1608,0
SACC.US,D,20200601,000000,22.505,23,22.505,23,1383,0
SACC.US,D,20200602,000000,22.67,22.67,22.5078,22.5078,905,0
SACC.US,D,20200603,000000,23,23,22.79,22.81,2400,0
SACC.US,D,20200604,000000,22.9999,23.44,22.925,23.37,2753,0
SACC.US,D,20200605,000000,23,23.14,22.98,22.98,1093,0
SACC.US,D,20200608,000000,23.03,23.38,22.98,23.38,3337,0
SACC.US,D,20200609,000000,23.17,23.4017,23.02,23.35,2711,0
SACC.US,D,20200610,000000,23.35,23.5,23.35,23.5,892,0
SACC.US,D,20200611,000000,23.35,23.49,23,23.147,3428,0
SACC.US,D,20200612,000000,23,23.33,22.705,23.33,1871,0
SACC.US,D,20200615,000000,22.8,22.8,22.8,22.8,205,0
SACC.US,D,20200616,000000,22.82,22.84,22.82,22.84,771,0
SACC.US,D,20200617,000000,22.9,23.21,22.9,23.21,500,0
SACC.US,D,20200618,000000,22.7,23.23,22.7,22.7,2119,0
SACC.US,D,20200619,000000,22.57,22.7086,22.57,22.7086,726,0
SACC.US,D,20200622,000000,22.64,22.64,22.64,22.64,125,0
SACC.US,D,20200623,000000,22.56,23,22.5565,22.7733,3279,0
SACC.US,D,20200624,000000,22.62,22.62,22.545,22.6,3566,0
SACC.US,D,20200625,000000,22.53,22.6,22.1,22.4,5206,0
SACC.US,D,20200626,000000,22.64,22.64,22.4,22.4,1239,0
SACC.US,D,20200629,000000,22.39,22.4,22.39,22.4,1040,0
SACC.US,D,20200701,000000,22.87,22.87,22.3001,22.3502,5748,0
SACC.US,D,20200702,000000,22.39,22.45,22.39,22.45,450,0
SACC.US,D,20200706,000000,22.5,22.688,22.4,22.42,5082,0
SACC.US,D,20200707,000000,22.435,22.6537,22.42,22.5001,2583,0
SACC.US,D,20200708,000000,22.79,22.99,22.6,22.99,2110,0
SACC.US,D,20200709,000000,22.99,22.99,22.7318,22.75,1789,0
SACC.US,D,20200710,000000,22.66,22.88,22.66,22.83,1598,0
SACC.US,D,20200713,000000,22.78,22.78,22.3,22.3,3792,0
SACC.US,D,20200714,000000,22.53,23.05,22.53,23.0499,4536,0
SACC.US,D,20200715,000000,23.05,23.5,22.936,23.4211,1885,0
SACC.US,D,20200716,000000,23.4,23.5,23.4,23.481,1851,0
SACC.US,D,20200717,000000,23.5641,23.5641,22.7,22.75,4957,0
SACC.US,D,20200720,000000,22.78,22.78,22.7699,22.77,1421,0
SACC.US,D,20200721,000000,23.04,23.04,22.72,23.04,6730,0
SACC.US,D,20200722,000000,23.05,23.78,23.05,23.78,2271,0
SACC.US,D,20200723,000000,23.8,23.8,23.15,23.56,4160,0
SACC.US,D,20200724,000000,23.65,23.84,23.65,23.65,1022,0
SACC.US,D,20200727,000000,23.65,24.41,23.41,24.0842,3460,0
SACC.US,D,20200728,000000,24.1,24.36,24.1,24.36,810,0
SACC.US,D,20200729,000000,24.25,24.25,24.25,24.25,667,0
SACC.US,D,20200731,000000,24.1078,24.1078,23.82,23.8552,1097,0
SACC.US,D,20200803,000000,24.54,24.54,24.01,24.31,4832,0
SACC.US,D,20200804,000000,24.35,24.455,24.35,24.455,540,0
SACC.US,D,20200805,000000,24.75,24.75,24.4627,24.4627,1711,0
SACC.US,D,20200807,000000,24.55,24.55,24.55,24.55,177,0
SACC.US,D,20200810,000000,24.72,24.72,24.42,24.56,5555,0
SACC.US,D,20200811,000000,24.58,24.8,24.58,24.8,3376,0
SACC.US,D,20200812,000000,24.7,24.7,24.55,24.55,6221,0
SACC.US,D,20200813,000000,24.6,24.6,24.33,24.4153,4505,0
SACC.US,D,20200814,000000,24.25,24.25,24.12,24.2,1487,0
SACC.US,D,20200817,000000,24.415,24.4332,24.415,24.4332,309,0
SACC.US,D,20200818,000000,24.26,24.36,24.25,24.36,1795,0
SACC.US,D,20200819,000000,24.25,24.43,24.25,24.4,2341,0
SACC.US,D,20200820,000000,24.27,24.35,24.197,24.25,6475,0
SACC.US,D,20200821,000000,24.2,24.2,24.15,24.2,1248,0
SACC.US,D,20200824,000000,24.25,24.25,24.2001,24.22,3279,0
SACC.US,D,20200825,000000,24.3,24.31,24.3,24.3,2541,0
SACC.US,D,20200826,000000,24.3,24.4881,24.3,24.3337,2048,0
SACC.US,D,20200827,000000,24.245,24.3,24.18,24.21,5345,0
SACC.US,D,20200828,000000,24.44,24.56,24.3,24.455,5225,0
SACC.US,D,20200831,000000,24.45,24.66,24.411,24.5567,2003,0
SACC.US,D,20200901,000000,24.69,24.775,24.6501,24.6901,9101,0
SACC.US,D,20200902,000000,24.87,25,24.65,24.89,13857,0
SACC.US,D,20200903,000000,24.7,24.7989,24.605,24.69,14896,0
SACC.US,D,20200904,000000,24.9,24.9,24.5,24.75,4320,0
SACC.US,D,20200908,000000,24.76,24.8516,24.75,24.8167,1403,0
SACC.US,D,20200909,000000,24.75,24.9,24.75,24.9,2137,0
SACC.US,D,20200910,000000,24.8,24.9,24.68,24.7433,5407,0
SACC.US,D,20200911,000000,24.89,24.9,24.773,24.7934,11103,0
SACC.US,D,20200914,000000,24.52,24.94,24.37,24.56,8220,0
SACC.US,D,20200915,000000,24.57,24.57,24.57,24.57,308,0
SACC.US,D,20200916,000000,24.56,24.87,24.56,24.87,3776,0
SACC.US,D,20200917,000000,24.85,24.94,24.61,24.6704,6860,0
SACC.US,D,20200918,000000,24.6,24.65,24.57,24.6062,1584,0
SACC.US,D,20200921,000000,24.95,24.95,24.75,24.795,3239,0
SACC.US,D,20200922,000000,24.82,24.82,24.8007,24.8007,352,0
SACC.US,D,20200923,000000,24.81,24.95,24.795,24.95,4356,0
SACC.US,D,20200924,000000,24.84,24.84,24.79,24.8382,862,0
SACC.US,D,20200925,000000,24.9,24.9,24.83,24.89,763,0
SACC.US,D,20200928,000000,24.9,24.9,24.89,24.9,1740,0
SACC.US,D,20200929,000000,24.79,24.8558,24.51,24.52,4156,0
SACC.US,D,20200930,000000,24.62,24.7731,24.61,24.733,2326,0
SACC.US,D,20201001,000000,24.7626,25,24.7626,24.8765,17121,0
SACC.US,D,20201002,000000,24.875,24.875,24.85,24.85,814,0
SACC.US,D,20201005,000000,24.94,24.94,24.6901,24.6901,2659,0
SACC.US,D,20201006,000000,24.725,24.9398,24.725,24.9398,929,0
SACC.US,D,20201007,000000,24.775,24.8,24.68,24.8,6994,0
SACC.US,D,20201008,000000,24.8562,24.91,24.8201,24.9,2012,0
SACC.US,D,20201009,000000,24.9,24.9,24.9,24.9,246,0
SACC.US,D,20201012,000000,24.9,24.9,24.8,24.86,2023,0
SACC.US,D,20201014,000000,24.8365,24.8365,24.76,24.76,2450,0
SACC.US,D,20201015,000000,24.86,24.86,24.55,24.6527,1144,0
SACC.US,D,20201016,000000,24.66,24.72,24.645,24.68,2041,0
SACC.US,D,20201019,000000,24.68,24.68,24.5,24.68,2601,0
SACC.US,D,20201020,000000,24.6,24.68,24.575,24.6,5395,0
SACC.US,D,20201021,000000,24.5,24.6245,24.415,24.55,10745,0
SACC.US,D,20201022,000000,24.622,24.622,24.315,24.55,5590,0
SACC.US,D,20201023,000000,24.43,24.481,24.31,24.41,8707,0
SACC.US,D,20201026,000000,24.32,24.54,24.05,24.08,5530,0
SACC.US,D,20201027,000000,24.1,24.1,23.99,23.995,4598,0
SACC.US,D,20201028,000000,23.7,23.7839,23.59,23.63,5108,0
SACC.US,D,20201029,000000,23.45,23.65,23.07,23.58,12585,0
SACC.US,D,20201030,000000,23.36,23.7,23.2,23.42,10558,0
SACC.US,D,20201102,000000,23.65,23.94,23.6433,23.85,9461,0
SACC.US,D,20201103,000000,23.85,24,23.65,23.92,3512,0
SACC.US,D,20201104,000000,23.9999,24.08,23.9999,24,2260,0
SACC.US,D,20201105,000000,24.07,24.25,23.926,24.07,7077,0
SACC.US,D,20201106,000000,24.07,24.25,24.0383,24.25,1215,0
SACC.US,D,20201109,000000,24.2,24.4747,24.1809,24.47,3242,0
SACC.US,D,20201110,000000,24.3,24.4598,24.2565,24.4598,2498,0
SACC.US,D,20201111,000000,24.44,24.68,24.38,24.53,9320,0
SACC.US,D,20201112,000000,24.5,24.75,24.49,24.75,864,0
SACC.US,D,20201113,000000,24.635,24.92,24.63,24.89,2651,0
SACC.US,D,20201116,000000,24.68,24.7086,24.68,24.7086,1076,0
SACC.US,D,20201117,000000,24.71,24.766,24.71,24.75,1267,0
SACC.US,D,20201118,000000,24.7916,24.7916,24.75,24.75,1710,0
SACC.US,D,20201119,000000,24.6183,24.65,24.6183,24.65,1365,0
SACC.US,D,20201120,000000,24.62,24.73,24.62,24.73,682,0
SACC.US,D,20201123,000000,24.52,24.75,24.52,24.75,1315,0
SACC.US,D,20201124,000000,24.94,24.97,24.7333,24.97,1807,0
SACC.US,D,20201125,000000,24.97,25,24.775,24.93,4918,0
SACC.US,D,20201127,000000,25,25,24.9595,25,525,0
SACC.US,D,20201130,000000,25,25,24.935,24.97,2521,0
SACC.US,D,20201201,000000,25,25,24.75,24.9275,3338,0
SACC.US,D,20201202,000000,24.9,25,24.9,24.9,4013,0
SACC.US,D,20201203,000000,25,25.09,25,25.0002,4033,0
SACC.US,D,20201207,000000,25.03,25.1727,25.02,25.1727,1565,0
SACC.US,D,20201208,000000,25.18,25.28,25.1184,25.1184,1301,0
SACC.US,D,20201209,000000,25.22,25.3177,25.1107,25.3177,7353,0
SACC.US,D,20201210,000000,25.15,25.1501,25.15,25.1501,901,0
SACC.US,D,20201211,000000,25.17,25.2,25.15,25.2,2910,0
SACC.US,D,20201214,000000,25,25,24.59,24.59,8012,0
SACC.US,D,20201215,000000,24.72,24.72,24.61,24.61,742,0
SACC.US,D,20201216,000000,24.6908,24.8,24.64,24.6742,1511,0
SACC.US,D,20201217,000000,24.89,24.89,24.75,24.8499,3266,0
SACC.US,D,20201218,000000,24.6,24.83,24.56,24.62,7064,0
SACC.US,D,20201221,000000,24.83,24.83,24.4,24.6994,3420,0
SACC.US,D,20201222,000000,24.605,24.78,24.52,24.5749,5744,0
SACC.US,D,20201223,000000,24.635,24.775,24.58,24.75,2179,0
SACC.US,D,20201224,000000,24.67,24.79,24.67,24.79,610,0
SACC.US,D,20201228,000000,24.7,24.735,24.66,24.71,3480,0
SACC.US,D,20201229,000000,24.7167,24.7934,24.7167,24.76,1172,0
SACC.US,D,20201230,000000,24.76,24.84,24.76,24.84,902,0
SACC.US,D,20201231,000000,24.7933,24.8125,24.7721,24.8125,881,0
SACC.US,D,20210104,000000,24.9,24.94,24.87,24.91,2689,0
SACC.US,D,20210105,000000,24.82,24.82,24.8,24.8,1043,0
SACC.US,D,20210106,000000,24.9114,24.92,24.9,24.9,1495,0
SACC.US,D,20210107,000000,24.9299,24.93,24.875,24.8999,1256,0
SACC.US,D,20210108,000000,24.94,24.94,24.94,24.94,363,0
SACC.US,D,20210111,000000,24.94,24.95,24.9095,24.95,3622,0
SACC.US,D,20210112,000000,24.9169,24.92,24.9048,24.91,2947,0
SACC.US,D,20210113,000000,24.92,24.92,24.89,24.9199,1432,0
SACC.US,D,20210114,000000,24.91,24.92,24.75,24.82,3293,0
SACC.US,D,20210115,000000,24.8417,24.9,24.83,24.8811,1190,0
SACC.US,D,20210119,000000,24.73,24.95,24.73,24.95,2790,0
SACC.US,D,20210120,000000,24.9288,24.94,24.9288,24.94,530,0
SACC.US,D,20210121,000000,24.9075,24.95,24.9067,24.95,2141,0
SACC.US,D,20210122,000000,24.9,24.95,24.895,24.94,3915,0
SACC.US,D,20210125,000000,24.94,24.95,24.9,24.91,4494,0
SACC.US,D,20210126,000000,24.91,24.92,24.8684,24.92,4010,0
SACC.US,D,20210127,000000,24.946,24.95,24.89,24.89,1766,0
SACC.US,D,20210128,000000,24.92,24.939,24.92,24.939,905,0
SACC.US,D,20210129,000000,24.98,25.96,24.9796,25.1926,3551,0
SACC.US,D,20210201,000000,25.19,25.19,25.19,25.19,192,0
SACC.US,D,20210202,000000,25.01,25.1001,25,25.0617,1832,0
SACC.US,D,20210203,000000,25.1,25.1,25.1,25.1,835,0
SACC.US,D,20210204,000000,25.0001,25.07,24.92,24.92,3473,0
SACC.US,D,20210205,000000,25.1031,25.51,25.045,25.38,6172,0
SACC.US,D,20210208,000000,25.2,25.25,25.1,25.1,12241,0
SACC.US,D,20210209,000000,25.245,25.2499,25.11,25.2499,3900,0
SACC.US,D,20210210,000000,25.25,25.3,25.13,25.3,4114,0
SACC.US,D,20210211,000000,25.2,25.2,25.11,25.2,3319,0
SACC.US,D,20210212,000000,25.1842,25.1842,25.1842,25.1842,445,0
SACC.US,D,20210216,000000,25.25,25.25,25.17,25.22,2530,0
SACC.US,D,20210217,000000,25.2122,25.26,25.2122,25.2166,3204,0
SACC.US,D,20210218,000000,25.26,25.26,25.1015,25.25,4463,0
SACC.US,D,20210219,000000,25.2485,25.2485,25.1,25.175,1177,0
SACC.US,D,20210222,000000,25.13,25.26,25.13,25.26,734,0
SACC.US,D,20210223,000000,25.18,25.25,25.18,25.25,440,0
SACC.US,D,20210224,000000,25.15,25.1861,25.05,25.1861,1241,0
SACC.US,D,20210225,000000,25.15,25.229,25.15,25.229,408,0
SACC.US,D,20210226,000000,25.165,25.19,25.155,25.155,2481,0
SACC.US,D,20210301,000000,25.115,25.19,25.1,25.19,3226,0
SACC.US,D,20210302,000000,25.19,25.19,25.1771,25.19,1644,0
SACC.US,D,20210303,000000,25.19,25.2399,25.18,25.2399,975,0
SACC.US,D,20210304,000000,25.24,25.26,25.2181,25.2588,3150,0
SACC.US,D,20210305,000000,25.26,25.27,25.2016,25.2016,1935,0
SACC.US,D,20210308,000000,25.187,25.27,25.187,25.2692,5481,0
SACC.US,D,20210309,000000,25.27,25.28,25.2048,25.2594,1150,0
SACC.US,D,20210310,000000,25.2499,25.28,25.1827,25.27,12210,0
SACC.US,D,20210311,000000,25.27,25.27,25.2699,25.27,2337,0
SACC.US,D,20210312,000000,25.06,25.15,25,25.15,4337,0
SACC.US,D,20210315,000000,25.11,25.15,25.06,25.06,1331,0
SACC.US,D,20210316,000000,25.088,25.1713,25.088,25.1713,454,0
SACC.US,D,20210317,000000,25.15,25.215,25.15,25.215,1995,0
SACC.US,D,20210318,000000,25.1,25.1309,25.1,25.125,1007,0
SACC.US,D,20210319,000000,25.1193,25.1199,25.1193,25.1199,488,0
SACC.US,D,20210322,000000,25.1,25.13,25.088,25.1299,3069,0
SACC.US,D,20210323,000000,25.11,25.13,25.11,25.11,1773,0
SACC.US,D,20210324,000000,25.11,25.15,25.0734,25.086,4339,0
SACC.US,D,20210325,000000,25.11,25.15,25.11,25.13,650,0
SACC.US,D,20210326,000000,25.2,25.27,25.102,25.14,6190,0
SACC.US,D,20210329,000000,25.1,25.185,25.08,25.185,910,0
SACC.US,D,20210330,000000,25.28,25.28,25.24,25.24,444,0
SACC.US,D,20210331,000000,25.215,25.28,25.1499,25.15,1307,0
SACC.US,D,20210401,000000,25.27,25.28,25.2622,25.2622,770,0
SACC.US,D,20210405,000000,25.2065,25.2065,25.13,25.177,2608,0
SACC.US,D,20210406,000000,25.24,25.3,25.21,25.2799,2515,0
SACC.US,D,20210407,000000,25.28,25.335,25.28,25.335,2416,0
SACC.US,D,20210408,000000,25.33,25.3333,25.2,25.278,3607,0
SACC.US,D,20210409,000000,25.25,25.25,25.1876,25.1876,1765,0
SACC.US,D,20210412,000000,25.19,25.242,25.11,25.167,9037,0
SACC.US,D,20210413,000000,25.2,25.2,25.192,25.192,4719,0
SACC.US,D,20210414,000000,25.15,25.1999,25.11,25.1999,2436,0
SACC.US,D,20210415,000000,25.1766,25.3,25.1603,25.3,2809,0
SACC.US,D,20210416,000000,25.268,25.3,25.268,25.3,1440,0
SACC.US,D,20210419,000000,25.3,25.3,25.2701,25.3,1615,0
SACC.US,D,20210420,000000,25.27,25.27,25.21,25.21,1912,0
SACC.US,D,20210421,000000,25.2365,25.27,25.19,25.2311,6250,0
SACC.US,D,20210422,000000,25.25,25.2501,25.15,25.15,2424,0
SACC.US,D,20210423,000000,25.24,25.2499,25.21,25.21,1243,0
SACC.US,D,20210426,000000,25.18,25.38,25.17,25.38,3961,0
SACC.US,D,20210427,000000,25.4,25.4899,25.4,25.4,745,0
SACC.US,D,20210430,000000,25.3,25.3,25.3,25.3,635,0
SACC.US,D,20210503,000000,25.33,25.35,25.3,25.35,1220,0
SACC.US,D,20210504,000000,25.33,25.4,25.33,25.4,2152,0
SACC.US,D,20210505,000000,25.4,25.4,25.3665,25.3665,1527,0
SACC.US,D,20210506,000000,25.3,25.3379,25.3,25.3379,1000,0
SACC.US,D,20210507,000000,25.35,25.35,25.3201,25.35,3138,0
SACC.US,D,20210510,000000,25.35,25.4,25.3319,25.3999,5349,0
SACC.US,D,20210511,000000,25.34,25.35,25.3327,25.35,1900,0
SACC.US,D,20210512,000000,25.35,25.35,25.315,25.3307,3566,0
SACC.US,D,20210513,000000,25.3401,25.345,25.34,25.3402,1768,0
SACC.US,D,20210514,000000,25.35,25.3999,25.27,25.27,4802,0
SACC.US,D,20210517,000000,25.3852,25.3852,25.27,25.27,260,0
SACC.US,D,20210518,000000,25.26,25.35,25.26,25.35,1643,0
SACC.US,D,20210519,000000,25.2942,25.35,25.25,25.3499,4175,0
SACC.US,D,20210520,000000,25.35,25.35,25.3059,25.35,3126,0
SACC.US,D,20210524,000000,25.35,25.5,25.3452,25.5,2599,0
SACC.US,D,20210525,000000,25.53,25.53,25.27,25.31,5651,0
SACC.US,D,20210526,000000,25.35,25.46,25.32,25.33,2787,0
SACC.US,D,20210527,000000,25.33,25.35,25.2964,25.3499,2649,0
SACC.US,D,20210528,000000,25.35,25.35,25.335,25.3372,2750,0
SACC.US,D,20210601,000000,25.315,25.315,25.315,25.315,150,0
SACC.US,D,20210602,000000,25.3201,25.3501,25.2906,25.35,5765,0
SACC.US,D,20210603,000000,25.35,25.35,25.33,25.34,1820,0
SACC.US,D,20210604,000000,25.35,25.39,25.35,25.39,4210,0
SACC.US,D,20210607,000000,25.53,25.55,25.53,25.54,1579,0
SACC.US,D,20210608,000000,25.425,25.425,25.4,25.4,3671,0
SACC.US,D,20210609,000000,25.4,25.45,25.4,25.444,1770,0
SACC.US,D,20210610,000000,25.44,25.45,25.35,25.35,4402,0
SACC.US,D,20210611,000000,25.45,25.45,25.41,25.45,2234,0
SACC.US,D,20210614,000000,25.4,25.44,25.2,25.2,4077,0
SACC.US,D,20210615,000000,25.27,25.27,25.27,25.27,368,0
SACC.US,D,20210616,000000,25.2,25.2,25.175,25.175,372,0
SACC.US,D,20210617,000000,25.245,25.245,25.1775,25.2,1297,0
SACC.US,D,20210618,000000,25.17,25.19,25.14,25.19,2156,0
SACC.US,D,20210621,000000,25.2,25.2,25.14,25.2,3630,0
SACC.US,D,20210622,000000,25.208,25.208,25.16,25.1999,1204,0
SACC.US,D,20210623,000000,25.1833,25.22,25.15,25.2,57408,0
SACC.US,D,20210624,000000,25.1605,25.21,25.16,25.2,15827,0
SACC.US,D,20210625,000000,25.19,25.2595,25.19,25.22,5575,0
SACC.US,D,20210628,000000,25.44,25.44,25.35,25.38,27637,0
SACC.US,D,20210629,000000,25.385,25.42,25.35,25.35,13325,0
SACC.US,D,20210630,000000,25.42,25.445,25.35,25.445,2588,0
SACC.US,D,20210701,000000,25.4444,25.5025,25.4444,25.5025,2271,0
SACC.US,D,20210702,000000,25.56,25.56,25.485,25.5,646,0
SACC.US,D,20210706,000000,25.45,25.47,25.45,25.47,1700,0
SACC.US,D,20210707,000000,25.4899,25.5,25.4899,25.4999,2900,0
SACC.US,D,20210708,000000,25.37,25.4354,25.37,25.4336,836,0
SACC.US,D,20210709,000000,25.46,25.5,25.4599,25.5,5435,0
SACC.US,D,20210712,000000,25.56,25.56,25.4,25.48,3948,0
SACC.US,D,20210713,000000,25.485,25.4999,25.485,25.4999,1137,0
SACC.US,D,20210714,000000,25.505,25.5599,25.45,25.5599,1825,0
SACC.US,D,20210715,000000,25.45,25.46,25.385,25.385,5250,0
SACC.US,D,20210716,000000,25.36,25.36,25.36,25.36,288,0
SACC.US,D,20210719,000000,25.25,25.3,25.25,25.27,1341,0
SACC.US,D,20210720,000000,25.4001,25.403,25.4,25.4005,887,0
SACC.US,D,20210721,000000,25.47,25.47,25.42,25.42,600,0
SACC.US,D,20210723,000000,25.42,25.42,25.41,25.41,705,0
SACC.US,D,20210726,000000,25.41,25.41,25.38,25.4,2881,0
SACC.US,D,20210727,000000,25.4,25.4,25.31,25.3103,950,0
SACC.US,D,20210728,000000,25.41,25.41,25.4,25.4,723,0
SACC.US,D,20210729,000000,25.3872,25.41,25.3872,25.395,1290,0
SACC.US,D,20210730,000000,25.4,25.4,25.29,25.34,1026,0
SACC.US,D,20210802,000000,25.3761,25.4,25.3761,25.4,859,0
SACC.US,D,20210805,000000,25.3999,25.437,25.36,25.36,7337,0
SACC.US,D,20210809,000000,25.44,25.44,25.3601,25.43,922,0
SACC.US,D,20210810,000000,25.37,25.39,25.36,25.39,1748,0
SACC.US,D,20210811,000000,25.4799,25.4799,25.4799,25.4799,475,0
SACC.US,D,20210812,000000,25.3805,25.3805,25.3805,25.3805,505,0
SACC.US,D,20210813,000000,25.4,25.4024,25.365,25.4024,1656,0
SACC.US,D,20210816,000000,25.3501,25.4699,25.3501,25.4699,1695,0
SACC.US,D,20210817,000000,25.3501,25.3501,25.3501,25.3501,101,0
SACC.US,D,20210818,000000,25.4038,25.4038,25.4038,25.4038,242,0
SACC.US,D,20210819,000000,25.4189,25.4189,25.3818,25.4,2247,0
SACC.US,D,20210824,000000,25.3601,25.44,25.36,25.43,2374,0
SACC.US,D,20210825,000000,25.42,25.457,25.4,25.435,2101,0
SACC.US,D,20210826,000000,25.38,25.5,25.38,25.5,1800,0
SACC.US,D,20210827,000000,25.53,25.535,25.53,25.53,673,0
SACC.US,D,20210830,000000,25.43,25.54,25.41,25.452,1665,0
SACC.US,D,20210831,000000,25.54,25.54,25.54,25.54,200,0
SACC.US,D,20210901,000000,25.54,25.575,25.54,25.575,550,0
SACC.US,D,20210902,000000,25.5986,25.6,25.5986,25.6,1561,0
SACC.US,D,20210903,000000,25.6,25.6,25.4992,25.4999,2800,0
SACC.US,D,20210907,000000,25.6,25.65,25.4578,25.5,4070,0
SACC.US,D,20210908,000000,25.47,25.5854,25.47,25.535,1768,0
SACC.US,D,20210909,000000,25.58,25.58,25.5,25.5001,1003,0
SACC.US,D,20210913,000000,25.6,25.6099,25.5381,25.5381,1404,0
SACC.US,D,20210914,000000,25.4,25.4,25.15,25.17,2901,0
SACC.US,D,20210915,000000,25.25,25.25,25.19,25.19,3491,0
SACC.US,D,20210916,000000,25.2001,25.2699,25.1701,25.1701,4997,0
SACC.US,D,20210917,000000,25.2,25.2592,25.2,25.2592,405,0
SACC.US,D,20210920,000000,25.2001,25.2001,25.2,25.2,2255,0
SACC.US,D,20210921,000000,25.2,25.2017,25.2,25.2,876,0
SACC.US,D,20210922,000000,25.2199,25.2199,25.1213,25.1403,1751,0
SACC.US,D,20210923,000000,25.195,25.2105,25.14,25.2105,879,0
SACC.US,D,20210924,000000,25.17,25.24,25.13,25.1878,1086,0
SACC.US,D,20210927,000000,25.17,25.1822,25.17,25.1822,1670,0
SACC.US,D,20210928,000000,25.1912,25.1912,25.1912,25.1912,369,0
SACC.US,D,20210929,000000,25.24,25.25,25.2,25.2,5751,0
SACC.US,D,20210930,000000,25.25,25.25,25.25,25.25,920,0
SACC.US,D,20211001,000000,25.2,25.25,25.2,25.205,1532,0
SACC.US,D,20211004,000000,25.2,25.2,25.2,25.2,400,0
SACC.US,D,20211005,000000,25.27,25.28,25.193,25.2,4763,0
SACC.US,D,20211006,000000,25.25,25.2745,25.25,25.26,1705,0
SACC.US,D,20211007,000000,25.2492,25.2492,25.16,25.207,4375,0
SACC.US,D,20211008,000000,25.1501,25.18,25.1501,25.18,1490,0
SACC.US,D,20211011,000000,25.18,25.3132,25.18,25.3132,515,0
SACC.US,D,20211012,000000,25.2,25.295,25.17,25.27,2587,0
SACC.US,D,20211014,000000,25.34,25.35,25.3,25.3,1197,0
SACC.US,D,20211015,000000,25.325,25.35,25.21,25.2688,4855,0
SACC.US,D,20211019,000000,25.2722,25.2722,25.24,25.26,1282,0
SACC.US,D,20211020,000000,25.2509,25.33,25.2509,25.2933,825,0
SACC.US,D,20211021,000000,25.22,25.28,25.22,25.28,383,0
SACC.US,D,20211022,000000,25.3098,25.325,25.25,25.25,1910,0
SACC.US,D,20211025,000000,25.28,25.28,25.23,25.2584,2502,0
SACC.US,D,20211026,000000,25.225,25.29,25.225,25.237,2310,0
SACC.US,D,20211027,000000,25.2838,25.2838,25.1904,25.22,2886,0
SACC.US,D,20211028,000000,25.2,25.29,25.2,25.2766,2150,0
SACC.US,D,20211029,000000,25.25,25.278,25.25,25.25,1264,0
SACC.US,D,20211101,000000,25.28,25.3401,25.25,25.3401,2985,0
SACC.US,D,20211103,000000,25.35,25.35,25.2866,25.35,963,0
SACC.US,D,20211104,000000,25.3599,25.43,25.3594,25.3864,2596,0
SACC.US,D,20211105,000000,25.5,25.65,25.4,25.508,4731,0
SACC.US,D,20211109,000000,25.5,25.5,25.4,25.4437,3590,0
SACC.US,D,20211110,000000,25.32,25.32,25.32,25.32,1486,0
SACC.US,D,20211111,000000,25.475,25.65,25.31,25.65,2516,0
SACC.US,D,20211112,000000,25.25,25.396,25.25,25.32,2210,0
SACC.US,D,20211115,000000,25.31,25.3534,25.31,25.3534,823,0
SACC.US,D,20211116,000000,25.52,25.52,25.36,25.37,1134,0
SACC.US,D,20211117,000000,25.45,25.45,25.36,25.36,1205,0
SACC.US,D,20211118,000000,25.32,25.32,25.32,25.32,200,0
SACC.US,D,20211119,000000,25.4184,25.45,25.4184,25.45,650,0
SACC.US,D,20211122,000000,25.4339,25.458,25.4,25.4,571,0
SACC.US,D,20211124,000000,25.4416,25.4416,25.4416,25.4416,201,0
SACC.US,D,20211129,000000,25.4001,25.45,25.4001,25.45,1318,0
SACC.US,D,20211130,000000,25.44,25.44,25.4,25.4102,1137,0
SACC.US,D,20211201,000000,25.4268,25.45,25.41,25.45,1330,0
SACC.US,D,20211203,000000,25.4437,25.4437,25.375,25.3844,1660,0
SACC.US,D,20211206,000000,25.48,25.48,25.48,25.48,300,0
SACC.US,D,20211207,000000,25.4134,25.4699,25.34,25.46,2719,0
SACC.US,D,20211208,000000,25.48,25.48,25.46,25.47,1099,0
SACC.US,D,20211209,000000,25.48,25.59,25.48,25.57,1150,0
SACC.US,D,20211210,000000,25.56,25.59,25.5333,25.5333,456,0
SACC.US,D,20211213,000000,25.55,25.55,25.54,25.54,350,0
SACC.US,D,20211214,000000,25.14,25.26,25,25.15,4898,0
SACC.US,D,20211215,000000,25.1713,25.1713,25.051,25.12,5696,0
SACC.US,D,20211216,000000,25.2,25.2,25.135,25.2,3159,0
SACC.US,D,20211217,000000,25.06,25.1205,25,25.1205,7221,0
SACC.US,D,20211220,000000,25.04,25.13,25.04,25.13,1747,0
SACC.US,D,20211221,000000,25.06,25.13,25.06,25.13,3195,0
SACC.US,D,20211222,000000,25.14,25.14,25.07,25.085,9852,0
SACC.US,D,20211223,000000,25.1261,25.1261,25.11,25.11,2922,0
SACC.US,D,20211227,000000,25.11,25.14,25.08,25.13,3213,0
SACC.US,D,20211228,000000,25.12,25.21,25.07,25.21,4379,0
SACC.US,D,20211229,000000,25.21,25.2287,25.1735,25.2129,3200,0
SACC.US,D,20211230,000000,25.15,25.25,25.15,25.25,2011,0
SACC.US,D,20220103,000000,25.1968,25.24,25.1968,25.2,1139,0
SACC.US,D,20220104,000000,25.175,25.2,25.1501,25.17,6104,0
SACC.US,D,20220105,000000,25.24,25.2714,25.24,25.25,2305,0
SACC.US,D,20220106,000000,25.24,25.3232,25.24,25.3,1995,0
SACC.US,D,20220107,000000,25.2859,25.2859,25.2859,25.2859,4015,0
SACC.US,D,20220110,000000,25.24,25.37,25.24,25.3698,1446,0
SACC.US,D,20220111,000000,25.32,25.3267,25.32,25.3267,2967,0
SACC.US,D,20220112,000000,25.26,25.325,25.2412,25.325,900,0
SACC.US,D,20220113,000000,25.32,25.32,25.245,25.2791,4571,0
SACC.US,D,20220118,000000,25.27,25.27,25.26,25.26,2753,0
SACC.US,D,20220119,000000,25.26,25.26,25.26,25.26,167,0
SACC.US,D,20220120,000000,25.26,25.36,25.26,25.27,1925,0
SACC.US,D,20220121,000000,25.2542,25.2542,25.19,25.19,303,0
SACC.US,D,20220124,000000,25.19,25.37,25.11,25.37,8542,0
SACC.US,D,20220125,000000,25.225,25.5,25.225,25.42,13065,0
SACC.US,D,20220126,000000,25.3499,25.3499,25.25,25.27,2559,0
SACC.US,D,20220127,000000,25.44,25.48,25.2301,25.2301,4211,0
SACC.US,D,20220128,000000,25.35,25.48,25.35,25.35,447,0
SACC.US,D,20220131,000000,25.35,25.35,25.3,25.308,5676,0
SACC.US,D,20220201,000000,25.3075,25.43,25.3,25.3,5035,0
SACC.US,D,20220202,000000,25.3501,25.3501,25.3,25.3488,1000,0
SACC.US,D,20220203,000000,25.3395,25.3395,25.3395,25.3395,225,0
SACC.US,D,20220204,000000,25.3001,25.48,25.3001,25.48,10126,0
SACC.US,D,20220208,000000,25.3738,25.3738,25.3101,25.3101,1400,0
SACC.US,D,20220209,000000,25.35,25.3734,25.35,25.3734,616,0
SACC.US,D,20220210,000000,25.385,25.385,25.385,25.385,213,0
SACC.US,D,20220211,000000,25.35,25.35,25.3,25.3,1406,0
SACC.US,D,20220214,000000,25.42,25.5,25.42,25.48,1642,0
SACC.US,D,20220215,000000,25.26,25.36,25.26,25.36,1488,0
SACC.US,D,20220217,000000,25.28,25.28,25.26,25.26,500,0
SACC.US,D,20220218,000000,25.3436,25.3436,25.26,25.3198,2321,0
SACC.US,D,20220222,000000,25.365,25.365,25.32,25.3402,2119,0
SACC.US,D,20220223,000000,25.335,25.335,25.335,25.335,100,0
SACC.US,D,20220224,000000,25.26,25.35,25.12,25.35,2570,0
SACC.US,D,20220228,000000,25.2434,25.35,25.2434,25.35,3220,0
SACC.US,D,20220301,000000,25.35,25.405,25.2,25.3216,2240,0
SACC.US,D,20220302,000000,25.48,25.5,25.45,25.5,3669,0
SACC.US,D,20220303,000000,25.3011,25.3415,25.3,25.3,1205,0
SACC.US,D,20220304,000000,25.355,25.355,25.31,25.31,725,0
SACC.US,D,20220307,000000,25.31,25.4,25.31,25.4,733,0
SACC.US,D,20220308,000000,25.21,25.255,25.21,25.255,1519,0
SACC.US,D,20220309,000000,25.22,25.3,25.2,25.255,5192,0
SACC.US,D,20220310,000000,25.3,25.3,25.12,25.3,9090,0
SACC.US,D,20220311,000000,25.19,25.3,25.19,25.19,8069,0
SACC.US,D,20220314,000000,24.74,25.022,24.65,25,10837,0
SACC.US,D,20220315,000000,24.89,25.1,24.89,25,3224,0
SACC.US,D,20220316,000000,25,25.1,25,25.1,1797,0
SACC.US,D,20220317,000000,25.0999,25.0999,25,25,1233,0
SACC.US,D,20220318,000000,25.1,25.17,25.0744,25.14,3437,0
SACC.US,D,20220321,000000,25.1,25.2,25.1,25.2,3956,0
SACC.US,D,20220322,000000,25.04,25.135,25.04,25.135,629,0
SACC.US,D,20220323,000000,25.15,25.175,25.15,25.17,1505,0
SACC.US,D,20220324,000000,25.1099,25.1099,25.1099,25.1099,651,0
SACC.US,D,20220325,000000,25.11,25.11,25.0601,25.08,888,0
SACC.US,D,20220328,000000,25.08,25.3,25.08,25.2999,6638,0
SACC.US,D,20220329,000000,25.12,25.2899,25.12,25.2899,4936,0
SACC.US,D,20220330,000000,25.29,25.3,25.28,25.2999,2971,0
SACC.US,D,20220331,000000,25.29,25.29,25.28,25.29,1242,0
SACC.US,D,20220401,000000,25.3169,25.3169,25.1001,25.18,5222,0
SACC.US,D,20220404,000000,25.18,25.26,25.145,25.145,2952,0
SACC.US,D,20220405,000000,25.15,25.18,25.12,25.16,4208,0
SACC.US,D,20220406,000000,25.1658,25.1704,25.16,25.1638,2150,0
SACC.US,D,20220407,000000,25.1799,25.1799,25.12,25.12,2244,0
SACC.US,D,20220408,000000,25.13,25.13,25.12,25.12,900,0
SACC.US,D,20220411,000000,25.1521,25.1521,25.1521,25.1521,515,0
SACC.US,D,20220412,000000,25.1367,25.15,25.12,25.15,1449,0
SACC.US,D,20220413,000000,25.1799,25.1799,25.14,25.14,600,0
SACC.US,D,20220414,000000,25.13,25.18,25.1297,25.133,3301,0
SACC.US,D,20220418,000000,25.15,25.18,25.1216,25.13,3070,0
SACC.US,D,20220419,000000,25.1204,25.1585,25.1204,25.1435,1414,0
SACC.US,D,20220420,000000,25.17,25.18,25.15,25.15,2649,0
SACC.US,D,20220421,000000,25.14,25.14,25.09,25.13,4155,0
SACC.US,D,20220422,000000,25.15,25.1799,25.15,25.1795,1000,0
SACC.US,D,20220425,000000,25.18,25.18,25.1301,25.18,1510,0
SACC.US,D,20220426,000000,25.18,25.18,25.14,25.1799,5593,0
SACC.US,D,20220427,000000,25.18,25.18,25.1548,25.1548,3572,0
SACC.US,D,20220428,000000,25.1661,25.175,25.1661,25.175,280,0
SACC.US,D,20220429,000000,25.1755,25.1799,25.17,25.1799,1461,0
SACC.US,D,20220502,000000,25.225,25.225,25.1877,25.2,1546,0
SACC.US,D,20220503,000000,25.17,25.19,25.13,25.1703,3846,0
SACC.US,D,20220505,000000,25.295,25.38,25.2,25.25,3154,0
SACC.US,D,20220506,000000,25.209,25.2146,25.13,25.15,7031,0
SACC.US,D,20220509,000000,25.1314,25.15,25.095,25.1305,3458,0
SACC.US,D,20220510,000000,25.13,25.1409,25.035,25.05,3527,0
SACC.US,D,20220511,000000,25.0501,25.1,25.0203,25.07,3376,0
SACC.US,D,20220512,000000,25.02,25.06,25.01,25.06,4315,0
SACC.US,D,20220513,000000,25.1163,25.1163,25,25.01,4578,0
SACC.US,D,20220516,000000,25,25.08,25,25.0794,1597,0
SACC.US,D,20220517,000000,25.01,25.01,25,25.0025,1805,0
SACC.US,D,20220518,000000,24.95,25,24.85,25,4931,0
SACC.US,D,20220519,000000,25,25.01,25,25.0098,6118,0
SACC.US,D,20220520,000000,24.99,25.1,24.99,25.05,3240,0
SACC.US,D,20220523,000000,25.05,25.05,25,25,4402,0
SACC.US,D,20220524,000000,25.01,25.1,25.01,25.0998,3259,0
SACC.US,D,20220525,000000,25.0801,25.0801,25.08,25.0801,1596,0
SACC.US,D,20220526,000000,25.0663,25.15,25,25.0925,5040,0
SACC.US,D,20220527,000000,25.055,25.1,25.055,25.1,1487,0
SACC.US,D,20220531,000000,25.0999,25.1,25.05,25.07,2135,0
SACC.US,D,20220601,000000,25.0805,25.15,25.0401,25.15,3026,0
SACC.US,D,20220602,000000,25.16,25.2,25.1567,25.16,1540,0
SACC.US,D,20220603,000000,25.18,25.37,25.18,25.37,3220,0
SACC.US,D,20220606,000000,25.1501,25.3,25.1501,25.2837,1890,0
SACC.US,D,20220607,000000,25.16,25.24,25.16,25.2268,1983,0
SACC.US,D,20220608,000000,25.16,25.3,25.1198,25.15,6931,0
SACC.US,D,20220609,000000,25.17,25.2794,25.14,25.23,3567,0
SACC.US,D,20220610,000000,25.22,25.31,25.2,25.31,1300,0
SACC.US,D,20220613,000000,25.23,25.23,25.0976,25.0976,4317,0
SACC.US,D,20220614,000000,24.9399,24.9399,24.2914,24.4298,13454,0
SACC.US,D,20220615,000000,24.46,24.7699,24.45,24.75,9368,0
SACC.US,D,20220616,000000,24.6,24.6,24.41,24.4147,4554,0
SACC.US,D,20220617,000000,24.42,24.42,24.1442,24.39,9638,0
SACC.US,D,20220621,000000,24.13,24.39,24.13,24.39,3153,0
SACC.US,D,20220622,000000,24.2484,24.6,24.2484,24.6,4498,0
SACC.US,D,20220623,000000,24.6,24.77,24.6,24.77,3503,0
SACC.US,D,20220624,000000,24.5808,24.77,24.5808,24.77,805,0
SACC.US,D,20220627,000000,24.77,24.805,24.68,24.69,3401,0
SACC.US,D,20220628,000000,24.86,24.86,24.75,24.75,1376,0
SACC.US,D,20220629,000000,24.8001,24.8643,24.75,24.7501,1571,0
SACC.US,D,20220630,000000,24.6246,24.96,24.6246,24.71,350,0
SACC.US,D,20220701,000000,24.62,24.62,24.62,24.62,171,0
SACC.US,D,20220705,000000,24.6,24.6,24.5999,24.5999,584,0
SACC.US,D,20220706,000000,24.6,24.75,24.6,24.75,849,0
SACC.US,D,20220707,000000,24.49,24.49,24.49,24.49,400,0
SACC.US,D,20220708,000000,24.61,24.61,24.6,24.6,636,0
SACC.US,D,20220711,000000,24.6,24.6873,24.6,24.6873,1431,0
SACC.US,D,20220712,000000,24.72,24.74,24.72,24.74,1625,0
SACC.US,D,20220713,000000,24.52,24.74,24.5,24.7399,1712,0
SACC.US,D,20220714,000000,24.84,24.84,24.73,24.73,977,0
SACC.US,D,20220715,000000,24.73,24.788,24.6501,24.6501,1338,0
SACC.US,D,20220719,000000,24.65,24.6531,24.65,24.6531,1123,0
SACC.US,D,20220721,000000,24.95,24.95,24.6602,24.6602,632,0
SACC.US,D,20220722,000000,24.825,24.825,24.7,24.71,305,0
SACC.US,D,20220725,000000,24.75,24.75,24.52,24.52,1000,0
SACC.US,D,20220726,000000,24.55,24.7168,24.52,24.66,2306,0
SACC.US,D,20220727,000000,24.6417,24.695,24.55,24.65,3933,0
SACC.US,D,20220728,000000,24.8,24.8588,24.7424,24.7424,633,0
SACC.US,D,20220729,000000,24.85,24.85,24.82,24.82,210,0
SACC.US,D,20220801,000000,24.86,24.86,24.85,24.86,301,0
SACC.US,D,20220802,000000,24.85,24.93,24.75,24.75,2454,0
SACC.US,D,20220804,000000,24.9,24.9,24.9,24.9,1253,0
SACC.US,D,20220805,000000,24.94,25,24.93,25,3851,0
SACC.US,D,20220808,000000,25,25,25,25,1931,0
SACC.US,D,20220809,000000,24.9,24.9,24.85,24.85,1082,0
SACC.US,D,20220810,000000,24.9999,24.9999,24.9,24.9,752,0
SACC.US,D,20220811,000000,24.95,24.95,24.86,24.9344,1975,0
SACC.US,D,20220812,000000,24.9441,25,24.9441,25,1251,0
SACC.US,D,20220815,000000,24.9646,25.045,24.91,25,2392,0
SACC.US,D,20220817,000000,25.03,25.03,24.5,24.93,11073,0
SACC.US,D,20220818,000000,24.835,24.835,24.7175,24.75,1377,0
SACC.US,D,20220819,000000,24.92,24.9646,24.86,24.9,4812,0
SACC.US,D,20220822,000000,24.9,24.98,24.9,24.98,1029,0
SACC.US,D,20220823,000000,24.99,24.99,24.9435,24.9435,4526,0
SACC.US,D,20220824,000000,24.9524,24.9524,24.77,24.8807,8206,0
SACC.US,D,20220825,000000,24.77,24.842,24.65,24.68,6065,0
SACC.US,D,20220826,000000,24.8,24.89,24.7999,24.88,3612,0
SACC.US,D,20220829,000000,24.81,24.9,24.8001,24.8001,2540,0
SACC.US,D,20220830,000000,24.8201,24.97,24.8201,24.97,1040,0
SACC.US,D,20220831,000000,24.74,25,24.74,24.98,7594,0
SACC.US,D,20220901,000000,24.53,24.8187,24.53,24.8187,4416,0
SACC.US,D,20220902,000000,24.816,24.87,24.8108,24.8108,468,0
SACC.US,D,20220906,000000,24.83,24.83,24.79,24.79,544,0
SACC.US,D,20220907,000000,24.7999,24.7999,24.755,24.755,704,0
SACC.US,D,20220908,000000,24.76,24.7603,24.76,24.76,1085,0
SACC.US,D,20220909,000000,24.8268,24.8268,24.8268,24.8268,223,0
SACC.US,D,20220913,000000,24.81,24.93,24.81,24.9299,596,0
SACC.US,D,20220914,000000,24.71,24.71,24.51,24.57,1137,0
SACC.US,D,20220915,000000,24.6758,24.9299,24.6758,24.9299,2210,0
SACC.US,D,20220916,000000,24.816,24.8229,24.75,24.78,1729,0
SACC.US,D,20220919,000000,24.62,24.64,24.62,24.64,704,0
SACC.US,D,20220920,000000,24.5904,24.5904,24.57,24.57,629,0
SACC.US,D,20220921,000000,24.59,24.71,24.5435,24.71,4088,0
SACC.US,D,20220922,000000,24.4101,24.49,24.41,24.46,1603,0
SACC.US,D,20220923,000000,24.49,24.636,24.49,24.636,618,0
SACC.US,D,20220926,000000,24.4,24.4,24.26,24.26,1821,0
SACC.US,D,20220927,000000,24.26,24.26,24.05,24.07,3598,0
SACC.US,D,20220929,000000,24.1162,24.13,24.1162,24.13,320,0
SACC.US,D,20220930,000000,24.2,24.2,24.06,24.06,675,0
SACC.US,D,20221003,000000,24.05,24.125,24.05,24.05,1208,0
SACC.US,D,20221005,000000,24.0734,24.19,24.0734,24.19,736,0
SACC.US,D,20221006,000000,24.2,24.2,23.9999,24,1689,0
SACC.US,D,20221007,000000,23.9,23.9,23.08,23.08,3928,0
SACC.US,D,20221010,000000,23.72,23.9973,23.4522,23.9973,7017,0
SACC.US,D,20221011,000000,23.85,23.98,23.63,23.8,2287,0
SACC.US,D,20221012,000000,23.9,23.9,23.6044,23.6044,711,0
SACC.US,D,20221013,000000,23.5,23.5,23.3201,23.3201,1109,0
SACC.US,D,20221014,000000,23.56,23.56,23.37,23.4,1320,0
SACC.US,D,20221017,000000,23.41,23.41,23.18,23.18,1079,0
SACC.US,D,20221018,000000,23.325,23.325,23.325,23.325,500,0
SACC.US,D,20221019,000000,23.5,23.5,23.3,23.3,800,0
SACC.US,D,20221020,000000,23.31,23.31,23.23,23.25,609,0
SACC.US,D,20221021,000000,23.25,23.4,23.25,23.4,1208,0
SACC.US,D,20221024,000000,23.25,23.43,23.25,23.3099,2320,0
SACC.US,D,20221025,000000,23.31,23.4298,23.2535,23.2535,1764,0
SACC.US,D,20221026,000000,23.45,23.48,23.4,23.4,1207,0
SACC.US,D,20221027,000000,23.4609,23.5016,23.4,23.4001,2219,0
SACC.US,D,20221028,000000,23.4,23.43,23.3,23.3,1657,0
SACC.US,D,20221101,000000,23.57,23.57,23.57,23.57,409,0
SACC.US,D,20221102,000000,23.3581,23.5,23.3581,23.5,600,0
SACC.US,D,20221103,000000,23.4,23.5114,23.4,23.5114,1503,0
SACC.US,D,20221104,000000,23.0484,23.0484,23.0484,23.0484,1201,0
SACC.US,D,20221107,000000,22.24,23.4,22.24,23.01,533,0
SACC.US,D,20221108,000000,23.03,23.1,23.03,23.1,600,0
SACC.US,D,20221109,000000,23.11,23.394,23.0999,23.12,2376,0
SACC.US,D,20221110,000000,23.37,23.39,23.31,23.3499,1422,0
SACC.US,D,20221111,000000,23.175,23.35,23.175,23.35,1066,0
SACC.US,D,20221114,000000,23.2599,23.3099,23.2599,23.3099,650,0
SACC.US,D,20221115,000000,23.2874,23.46,23.2874,23.46,1500,0
SACC.US,D,20221116,000000,23.23,23.672,23.23,23.672,4063,0
SACC.US,D,20221117,000000,23.6001,24.17,23.6001,23.96,1567,0
SACC.US,D,20221118,000000,23.905,24.1899,23.8603,23.9287,1431,0
SACC.US,D,20221121,000000,23.67,24.1699,23.62,23.8932,3237,0
SACC.US,D,20221122,000000,23.925,24.0488,23.7569,24.04,947,0
SACC.US,D,20221123,000000,24.05,24.05,23.7,23.97,1048,0
SACC.US,D,20221201,000000,23.69,23.75,23.5,23.5,3879,0
SACC.US,D,20221202,000000,23.7,23.7,23.7,23.7,210,0
SACC.US,D,20221205,000000,23.775,23.775,23.35,23.52,1782,0
SACC.US,D,20221206,000000,23.61,23.8825,23.61,23.8825,1568,0
SACC.US,D,20221207,000000,23.9899,23.9899,23.56,23.59,2080,0
SACC.US,D,20221208,000000,23.91,23.91,23.91,23.91,487,0
SACC.US,D,20221209,000000,23.7,23.9,23.6,23.8999,2347,0
SACC.US,D,20221212,000000,23.8424,23.9,23.8424,23.9,563,0
SACC.US,D,20221213,000000,23.8,23.8,23.8,23.8,271,0
SACC.US,D,20221214,000000,23.27,23.84,23.23,23.517,760,0
SACC.US,D,20221215,000000,23.23,23.2778,23.11,23.2,3548,0
SACC.US,D,20221216,000000,23.27,23.27,23.24,23.25,789,0
SACC.US,D,20221219,000000,23.2699,23.39,23.0552,23.0552,1432,0
SACC.US,D,20221220,000000,23.1,23.1001,23.1,23.1001,500,0
SACC.US,D,20221221,000000,23.42,23.48,23.3524,23.375,1899,0
SACC.US,D,20221223,000000,23.37,23.44,23.37,23.44,844,0
SACC.US,D,20221227,000000,23.4891,23.6641,23.4891,23.6641,756,0
SACC.US,D,20221228,000000,23.6671,23.9,23.6671,23.8,1499,0
SACC.US,D,20221229,000000,23.5501,23.5501,23.5501,23.5501,417,0
SACC.US,D,20221230,000000,23.58,23.58,23.55,23.55,1187,0
SACC.US,D,20230103,000000,23.795,23.795,23.55,23.55,2335,0
SACC.US,D,20230104,000000,23.55,23.7,23.55,23.69,871,0
SACC.US,D,20230106,000000,23.9286,24,23.9,23.9,1908,0
SACC.US,D,20230109,000000,23.88,23.99,23.72,23.99,1467,0
SACC.US,D,20230110,000000,23.83,23.93,23.83,23.93,418,0
SACC.US,D,20230112,000000,23.7701,23.7701,23.54,23.54,2109,0
SACC.US,D,20230113,000000,23.7,23.7,23.7,23.7,143,0
SACC.US,D,20230117,000000,23.92,24.0662,23.92,24.0662,720,0
SACC.US,D,20230118,000000,24.0372,24.0372,24.0372,24.0372,586,0
SACC.US,D,20230120,000000,24.075,24.19,24.075,24.1,733,0
SACC.US,D,20230123,000000,24.0379,24.14,23.85,23.9599,6500,0
SACC.US,D,20230124,000000,24,24,23.91,23.91,664,0
SACC.US,D,20230125,000000,23.84,24,23.84,24,1411,0
SACC.US,D,20230126,000000,24.1,24.25,23.99,23.99,1550,0
SACC.US,D,20230127,000000,24,24.12,23.79,23.96,3501,0
SACC.US,D,20230131,000000,23.96,23.96,23.96,23.96,120,0
SACC.US,D,20230201,000000,24,24,23.95,23.95,800,0
SACC.US,D,20230202,000000,24,24,23.87,23.87,1458,0
SACC.US,D,20230203,000000,24.19,24.23,24.19,24.2297,1113,0
SACC.US,D,20230206,000000,24.02,24.02,24,24,576,0
SACC.US,D,20230207,000000,24.02,24.02,24,24,1992,0
SACC.US,D,20230208,000000,24.02,24.02,24,24,400,0
SACC.US,D,20230209,000000,24,24.23,24,24,940,0
SACC.US,D,20230213,000000,24.05,24.05,24.05,24.05,179,0
SACC.US,D,20230214,000000,24.66,24.66,24.4,24.44,3296,0
SACC.US,D,20230215,000000,24.37,24.37,24.35,24.367,3198,0
SACC.US,D,20230216,000000,24.07,24.07,24.0229,24.0229,438,0
SACC.US,D,20230221,000000,24,24,23.905,23.905,577,0
SACC.US,D,20230222,000000,23.9999,23.9999,23.73,23.75,3801,0
SACC.US,D,20230223,000000,23.77,23.7701,23.446,23.47,10953,0
SACC.US,D,20230224,000000,23.52,23.7991,23.45,23.7991,13878,0
SACC.US,D,20230227,000000,23.7,23.7,23.6,23.6,882,0
SACC.US,D,20230228,000000,23.665,23.73,23.5201,23.5201,2734,0
SACC.US,D,20230301,000000,23.73,23.73,23.6219,23.6499,1976,0
SACC.US,D,20230302,000000,23.7,23.73,23.65,23.6501,3975,0
SACC.US,D,20230303,000000,23.65,23.7,23.61,23.7,1335,0
SACC.US,D,20230306,000000,23.8503,24.05,23.85,23.99,4376,0
SACC.US,D,20230307,000000,23.99,24.0787,23.74,23.74,2000,0
SACC.US,D,20230309,000000,24.05,24.05,23.95,23.95,700,0
SACC.US,D,20230310,000000,23.8,24.58,23.73,24.08,2333,0
SACC.US,D,20230313,000000,23.78,23.83,23.78,23.83,211,0
SACC.US,D,20230314,000000,23.5135,23.5135,23.5135,23.5135,429,0
SACC.US,D,20230315,000000,23.2701,23.51,23.2701,23.5,4749,0
SACC.US,D,20230316,000000,23.45,23.63,23.45,23.63,532,0
SACC.US,D,20230317,000000,23.35,23.35,23.35,23.35,550,0
SACC.US,D,20230320,000000,23.3,23.3,23.3,23.3,391,0
SACC.US,D,20230321,000000,23.75,23.86,23.315,23.35,8650,0
SACC.US,D,20230322,000000,23.5567,23.75,23.35,23.4899,10732,0
SACC.US,D,20230323,000000,23.69,23.7,23.43,23.5,7024,0
SACC.US,D,20230324,000000,23.71,23.71,23.353,23.5,2041,0
SACC.US,D,20230327,000000,23.5,23.71,23.33,23.6,12093,0
SACC.US,D,20230328,000000,23.44,23.6,23.43,23.6,3982,0
SACC.US,D,20230329,000000,23.6,23.6,23.52,23.52,1345,0
SACC.US,D,20230330,000000,23.6318,23.75,23.56,23.56,858,0
SACC.US,D,20230331,000000,23.8752,23.877,23.55,23.877,1830,0
SACC.US,D,20230403,000000,23.8,23.9,23.6001,23.6001,2023,0
SACC.US,D,20230405,000000,23.6667,23.8457,23.6667,23.8457,1814,0
SACC.US,D,20230406,000000,23.6,23.71,23.6,23.69,2604,0
SACC.US,D,20230410,000000,23.65,23.6699,23.5,23.5,2085,0
SACC.US,D,20230411,000000,23.55,23.6,23.46,23.59,958,0
SACC.US,D,20230412,000000,23.59,23.63,23.17,23.4001,4235,0
SACC.US,D,20230413,000000,23.5,23.67,23.24,23.4001,3294,0
SACC.US,D,20230414,000000,23.4,23.4985,23.27,23.37,2082,0
SACC.US,D,20230417,000000,23.4,23.535,23.4,23.535,633,0
SACC.US,D,20230419,000000,23.5,23.6056,23.5,23.6056,1002,0
SACC.US,D,20230420,000000,23.5,23.5,23.5,23.5,150,0
SACC.US,D,20230421,000000,23.67,23.67,23.58,23.58,711,0
SACC.US,D,20230425,000000,23.3631,23.3631,23.3631,23.3631,534,0
SACC.US,D,20230428,000000,23.595,23.595,23.4997,23.4997,672,0
SACC.US,D,20230501,000000,23.5835,23.5835,23.5835,23.5835,311,0
SACC.US,D,20230502,000000,23.17,23.17,23.17,23.17,465,0
SACC.US,D,20230503,000000,23.3,23.5,23.3,23.4999,1786,0
SACC.US,D,20230504,000000,23.45,23.45,23.2,23.2804,2236,0
SACC.US,D,20230505,000000,23.28,23.2908,23.2,23.2,806,0
SACC.US,D,20230508,000000,23.2,23.5152,23.1142,23.48,1391,0
SACC.US,D,20230510,000000,22.84,23.58,22.84,23.2,2517,0
SACC.US,D,20230511,000000,23.3999,23.5001,23.31,23.41,12962,0
SACC.US,D,20230512,000000,23.54,23.68,23.2,23.6,13279,0
SACC.US,D,20230515,000000,23.66,23.66,23.51,23.62,4457,0
SACC.US,D,20230516,000000,23.18,23.67,23.18,23.48,3219,0
SACC.US,D,20230517,000000,23.55,23.63,23.37,23.51,1419,0
SACC.US,D,20230518,000000,23.69,23.69,23.41,23.6494,2412,0
SACC.US,D,20230519,000000,23.53,23.581,23.29,23.42,4393,0
SACC.US,D,20230522,000000,23.5109,23.58,23.4,23.575,3453,0
SACC.US,D,20230523,000000,23.7,23.7,23.34,23.46,3947,0
SACC.US,D,20230524,000000,23.7,23.7859,23.05,23.39,10465,0
SACC.US,D,20230525,000000,23.53,23.7499,23.28,23.651,5217,0
SACC.US,D,20230526,000000,23.66,23.72,23.53,23.72,2204,0
SACC.US,D,20230530,000000,23.75,23.82,23.625,23.8,3099,0
SACC.US,D,20230531,000000,23.64,23.79,23.64,23.78,1693,0
SACC.US,D,20230601,000000,23.74,23.78,23.74,23.75,1611,0
SACC.US,D,20230602,000000,23.75,23.771,23.75,23.76,982,0
SACC.US,D,20230605,000000,23.76,23.76,23.47,23.6,3081,0
SACC.US,D,20230606,000000,23.68,23.82,23.68,23.7737,3472,0
SACC.US,D,20230607,000000,23.81,23.81,23.73,23.75,5579,0
SACC.US,D,20230608,000000,23.77,23.82,23.68,23.75,3170,0
SACC.US,D,20230609,000000,23.78,23.82,23.78,23.82,2053,0
SACC.US,D,20230612,000000,23.83,24.03,23.77,23.94,2855,0
SACC.US,D,20230613,000000,24,24.08,23.78,23.91,4126,0
SACC.US,D,20230614,000000,23.91,24.07,23.6612,23.75,6230,0
SACC.US,D,20230615,000000,23.77,23.98,23.7012,23.98,5017,0
SACC.US,D,20230616,000000,23.78,23.9,23.76,23.83,5166,0
SACC.US,D,20230620,000000,23.9612,23.97,23.67,23.81,12504,0
SACC.US,D,20230621,000000,23.79,23.9124,23.66,23.66,2984,0
SACC.US,D,20230622,000000,23.71,23.88,23.71,23.71,2191,0
SACC.US,D,20230623,000000,23.74,23.74,23.6,23.6,1124,0
SACC.US,D,20230626,000000,23.6,23.85,23.6,23.85,649,0
SACC.US,D,20230627,000000,23.639,23.7577,23.63,23.7,1428,0
SACC.US,D,20230628,000000,23.661,23.7,23.661,23.7,1040,0
SACC.US,D,20230629,000000,23.6624,23.77,23.6,23.6,3090,0
SACC.US,D,20230630,000000,23.61,23.62,23.49,23.5,1574,0
SACC.US,D,20230703,000000,23.65,23.8,23.52,23.69,5145,0
SACC.US,D,20230705,000000,23.69,23.71,23.56,23.6,6362,0
SACC.US,D,20230706,000000,23.57,23.6,23.54,23.6,1590,0
SACC.US,D,20230707,000000,23.6,23.6,23.52,23.5482,2829,0
SACC.US,D,20230710,000000,23.615,23.68,23.5499,23.68,1731,0
SACC.US,D,20230711,000000,23.5,23.63,23.44,23.61,8258,0
SACC.US,D,20230712,000000,23.6675,23.71,23.64,23.68,4314,0
SACC.US,D,20230713,000000,23.6801,23.8,23.6801,23.8,734,0
SACC.US,D,20230714,000000,23.7362,23.7362,23.7362,23.7362,200,0
SACC.US,D,20230717,000000,23.78,23.78,23.5699,23.72,2827,0
SACC.US,D,20230718,000000,23.75,23.89,23.6773,23.6773,3827,0
SACC.US,D,20230719,000000,23.89,23.89,23.72,23.72,828,0
SACC.US,D,20230720,000000,23.75,23.8295,23.75,23.762,800,0
SACC.US,D,20230721,000000,23.92,23.92,23.7,23.7,1658,0
SACC.US,D,20230724,000000,23.78,23.97,23.78,23.97,204,0
SACC.US,D,20230725,000000,23.7,23.9597,23.7,23.79,4584,0
SACC.US,D,20230726,000000,23.72,23.92,23.72,23.86,2907,0
SACC.US,D,20230727,000000,23.87,23.87,23.82,23.82,354,0
SACC.US,D,20230728,000000,23.8,24,23.8,23.9599,1201,0
SACC.US,D,20230731,000000,23.9372,24.1,23.9372,24.1,2960,0
SACC.US,D,20230801,000000,24.12,24.12,24.1006,24.11,886,0
SACC.US,D,20230802,000000,24.09,24.09,24,24.0142,1054,0
SACC.US,D,20230803,000000,24,24.09,23.95,24.02,2044,0
SACC.US,D,20230804,000000,23.96,24.12,23.96,24.1,6680,0
SACC.US,D,20230807,000000,24.1999,24.4,24.1,24.11,5717,0
SACC.US,D,20230808,000000,24.2,24.4,24.2,24.27,1890,0
SACC.US,D,20230809,000000,24.21,24.4,24.21,24.25,3060,0
SACC.US,D,20230810,000000,24.19,24.4,24.19,24.35,6607,0
SACC.US,D,20230811,000000,24.19,24.27,24.19,24.23,1763,0
SACC.US,D,20230814,000000,24.27,24.36,24.1001,24.19,3319,0
SACC.US,D,20230815,000000,24.19,24.25,24.05,24.25,2825,0
SACC.US,D,20230816,000000,24.39,24.4,24.35,24.35,2425,0
SACC.US,D,20230817,000000,24.35,24.36,24.25,24.36,4537,0
SACC.US,D,20230818,000000,24.34,24.3476,24.23,24.24,2543,0
SACC.US,D,20230821,000000,24.1201,24.1201,24.1201,24.1201,408,0
SACC.US,D,20230822,000000,24.17,24.17,24.17,24.17,373,0
SACC.US,D,20230823,000000,24.2,24.2605,24.2,24.245,1057,0
SACC.US,D,20230824,000000,24.296,24.33,24.2,24.2,1798,0
SACC.US,D,20230825,000000,24.2876,24.374,24.2876,24.374,821,0
SACC.US,D,20230828,000000,24.2,24.3644,24.2,24.3644,6989,0
SACC.US,D,20230829,000000,24.3001,24.4,24.3,24.3983,2336,0
SACC.US,D,20230830,000000,24.4181,24.43,24.4,24.43,601,0
SACC.US,D,20230831,000000,24.4562,24.4562,24.4,24.4,1170,0
SACC.US,D,20230901,000000,24.49,24.54,24.49,24.54,944,0
SACC.US,D,20230905,000000,24.54,24.83,24.37,24.57,5798,0
SACC.US,D,20230906,000000,24.49,24.7,24.41,24.43,3170,0
SACC.US,D,20230907,000000,24.51,24.62,24.3001,24.44,5874,0
SACC.US,D,20230908,000000,24.3,24.49,24.3,24.4076,2113,0
SACC.US,D,20230911,000000,24.44,24.6,24.44,24.6,2095,0
SACC.US,D,20230912,000000,24.6,24.6,24.39,24.48,3002,0
SACC.US,D,20230913,000000,24.4,24.44,24.4,24.44,1514,0
SACC.US,D,20230914,000000,24.1,24.29,24.0512,24.29,2167,0
SACC.US,D,20230915,000000,24.36,24.36,24.36,24.36,577,0
SACC.US,D,20230918,000000,24.24,24.4447,24.24,24.4,2608,0
SACC.US,D,20230919,000000,24.45,24.45,24.37,24.419,4192,0
SACC.US,D,20230920,000000,24.25,24.25,24.25,24.25,214,0
SACC.US,D,20230921,000000,24.2679,24.3634,24.2,24.3634,3235,0
SACC.US,D,20230922,000000,24.33,24.39,24.2,24.39,3464,0
SACC.US,D,20230925,000000,24.07,24.1,23.99,24.09,2427,0
SACC.US,D,20230927,000000,24.3,24.35,24.25,24.25,913,0
SACC.US,D,20230928,000000,24.1211,24.25,24.1211,24.25,1332,0
SACC.US,D,20230929,000000,24.14,24.27,24.08,24.2499,10141,0
SACC.US,D,20231002,000000,24.25,24.25,23.98,24.06,6828,0
SACC.US,D,20231003,000000,24.18,24.23,23.94,24.04,8281,0
SACC.US,D,20231004,000000,24,24.2,23.9,24.15,7492,0
SACC.US,D,20231005,000000,24.01,24.07,23.68,23.87,14211,0
SACC.US,D,20231006,000000,23.86,24.25,23.78,23.79,15932,0
SACC.US,D,20231009,000000,23.93,24.2,23.85,23.9,22393,0
SACC.US,D,20231010,000000,23.99,24.11,23.91,24.1,7060,0
SACC.US,D,20231011,000000,24.1,24.1,23.92,23.92,6882,0
SACC.US,D,20231012,000000,24.06,24.2198,23.8,24,2489,0
SACC.US,D,20231013,000000,24.02,24.04,24,24,1038,0
SACC.US,D,20231016,000000,24.15,24.1923,24.0228,24.13,1542,0
SACC.US,D,20231017,000000,24.15,24.1538,24.15,24.1538,1281,0
SACC.US,D,20231018,000000,24.045,24.045,24.045,24.045,933,0
SACC.US,D,20231019,000000,24.08,24.1609,24,24.1609,3538,0
SACC.US,D,20231020,000000,24.01,24.2224,23.86,23.95,898,0
SACC.US,D,20231023,000000,23.86,24.08,23.86,24.08,1065,0
SACC.US,D,20231024,000000,24,24,23.99,24,1474,0
SACC.US,D,20231025,000000,23.95,23.95,23.95,23.95,487,0
SACC.US,D,20231027,000000,24.2499,24.2499,23.86,23.86,2288,0
SACC.US,D,20231030,000000,23.88,23.95,23.86,23.86,755,0
SACC.US,D,20231102,000000,24,24,23.87,24,1458,0
SACC.US,D,20231103,000000,23.94,24,23.93,24,3452,0
SACC.US,D,20231106,000000,24.12,24.18,24.0529,24.0529,2472,0
SACC.US,D,20231107,000000,23.922,24.127,23.922,24.02,950,0
SACC.US,D,20231108,000000,24.06,24.06,24.06,24.06,154,0
SACC.US,D,20231113,000000,24.1617,24.1617,24.1617,24.1617,400,0
SACC.US,D,20231114,000000,24.11,24.225,24.08,24.2001,9002,0
SACC.US,D,20231115,000000,24.2,24.32,24.1999,24.3,1994,0
SACC.US,D,20231116,000000,24.2282,24.31,23.92,24.26,5488,0
SACC.US,D,20231117,000000,24.25,24.27,24.1504,24.2,1389,0
SACC.US,D,20231120,000000,24.09,24.28,24.09,24.23,4590,0
SACC.US,D,20231121,000000,24.23,24.28,24.06,24.28,1183,0
SACC.US,D,20231122,000000,24.26,24.37,24.23,24.24,1911,0
SACC.US,D,20231124,000000,24.26,24.2601,24.26,24.2601,2135,0
SACC.US,D,20231127,000000,24.6,24.75,24.22,24.33,4488,0
SACC.US,D,20231128,000000,24.35,24.55,24.32,24.32,2557,0
SACC.US,D,20231129,000000,24.27,24.35,24.2,24.33,4199,0
SACC.US,D,20231130,000000,24.33,24.33,24.33,24.33,340,0
SACC.US,D,20231201,000000,24.22,24.4,24.22,24.4,2490,0
SACC.US,D,20231204,000000,24.3801,24.3801,24.2501,24.37,720,0
SACC.US,D,20231206,000000,24.37,24.5,24.37,24.5,1416,0
SACC.US,D,20231208,000000,24.375,24.6,24.375,24.4,1771,0
SACC.US,D,20231211,000000,24.4065,24.6,24.4,24.4,4839,0
SACC.US,D,20231212,000000,24.6,24.6,24.39,24.55,2069,0
SACC.US,D,20231213,000000,24.4,24.41,24.25,24.41,1225,0
SACC.US,D,20231214,000000,24.39,24.5554,24.29,24.5554,2077,0
SACC.US,D,20231215,000000,24.2501,24.4317,24.07,24.3,2120,0
SACC.US,D,20231218,000000,24.272,24.475,24.272,24.44,2601,0
SACC.US,D,20231219,000000,24.39,24.5,24.37,24.5,2419,0
SACC.US,D,20231220,000000,24.375,24.4,24.29,24.3395,4662,0
SACC.US,D,20231221,000000,24.5,24.5,24.1001,24.4431,5393,0
SACC.US,D,20231222,000000,24.5,24.5,24.25,24.34,5101,0
SACC.US,D,20231226,000000,24.4,24.4,24.34,24.34,900,0
SACC.US,D,20231227,000000,24.45,24.45,24.41,24.41,202,0
SACC.US,D,20231228,000000,24.4,24.4,24.4,24.4,140,0
SACC.US,D,20231229,000000,24.4,24.4367,24.35,24.35,2713,0
SACC.US,D,20240102,000000,24.42,24.45,24.42,24.45,2856,0
SACC.US,D,20240103,000000,24.48,24.49,24.37,24.43,4769,0
SACC.US,D,20240104,000000,24.44,24.44,24.42,24.4201,1011,0
SACC.US,D,20240105,000000,24.49,24.56,24.4622,24.56,3496,0
SACC.US,D,20240108,000000,24.5796,24.7,24.54,24.7,2130,0
SACC.US,D,20240109,000000,24.7,24.7,24.6,24.6,3782,0
SACC.US,D,20240110,000000,24.5925,24.6,24.54,24.57,4347,0
SACC.US,D,20240111,000000,24.57,24.63,24.5149,24.63,2436,0
SACC.US,D,20240112,000000,24.6199,24.62,24.6199,24.62,486,0
SACC.US,D,20240116,000000,24.6,24.6866,24.55,24.68,3519,0
SACC.US,D,20240117,000000,24.615,24.615,24.44,24.5325,5851,0
SACC.US,D,20240118,000000,24.4833,24.68,24.25,24.5,8791,0
SACC.US,D,20240119,000000,24.45,24.64,24.45,24.53,5097,0
SACC.US,D,20240122,000000,24.44,24.74,24.41,24.67,5138,0
SACC.US,D,20240123,000000,24.5284,24.8053,24.5284,24.6169,3537,0
SACC.US,D,20240124,000000,24.61,24.61,24.5,24.5,2603,0
SACC.US,D,20240125,000000,24.65,24.65,24.55,24.55,1441,0
SACC.US,D,20240126,000000,24.6701,24.71,24.59,24.6199,3260,0
SACC.US,D,20240129,000000,24.62,24.6201,24.56,24.56,1015,0
SACC.US,D,20240130,000000,24.56,24.56,24.56,24.56,225,0
SACC.US,D,20240131,000000,24.5666,24.5666,24.55,24.5501,1289,0
SACC.US,D,20240201,000000,24.62,24.68,24.53,24.53,2041,0
SACC.US,D,20240202,000000,24.67,24.67,24.42,24.532,3948,0
SACC.US,D,20240205,000000,24.43,24.4957,24.42,24.4673,2176,0
SACC.US,D,20240206,000000,24.44,24.4587,24.44,24.4587,288,0
SACC.US,D,20240207,000000,24.4501,24.56,24.27,24.39,11219,0
SACC.US,D,20240208,000000,24.43,24.43,24.39,24.39,1206,0
SACC.US,D,20240209,000000,24.55,24.65,24.5,24.65,3371,0
SACC.US,D,20240212,000000,24.5938,24.65,24.5882,24.5882,3793,0
SACC.US,D,20240213,000000,24.5,24.68,24.4517,24.5579,2283,0
SACC.US,D,20240214,000000,24.65,24.7238,24.65,24.7238,1008,0
SACC.US,D,20240215,000000,24.65,24.94,24.59,24.65,7376,0
SACC.US,D,20240216,000000,24.6,24.6464,24.52,24.6401,2440,0
SACC.US,D,20240221,000000,24.73,24.73,24.69,24.69,543,0
SACC.US,D,20240222,000000,24.65,24.71,24.51,24.71,3619,0
SACC.US,D,20240223,000000,24.6,24.66,24.5467,24.5467,2311,0
SACC.US,D,20240226,000000,24.7,24.83,24.64,24.83,4960,0
SACC.US,D,20240227,000000,24.75,24.75,24.7,24.7248,1813,0
SACC.US,D,20240228,000000,24.7,24.7001,24.68,24.68,981,0
SACC.US,D,20240301,000000,24.7414,24.75,24.7414,24.75,1286,0
SACC.US,D,20240304,000000,24.75,24.82,24.65,24.78,7343,0
SACC.US,D,20240305,000000,24.7,24.7085,24.7,24.7085,2064,0
SACC.US,D,20240306,000000,24.71,24.71,24.7,24.7,310,0
SACC.US,D,20240307,000000,24.7799,24.79,24.755,24.79,2659,0
SACC.US,D,20240308,000000,24.78,24.794,24.76,24.794,2943,0
SACC.US,D,20240311,000000,24.78,24.8,24.78,24.7999,1000,0
SACC.US,D,20240312,000000,24.77,24.8,24.74,24.8,3373,0
SACC.US,D,20240313,000000,24.82,24.82,24.71,24.8,4290,0
SACC.US,D,20240314,000000,24.55,24.589,24.55,24.5771,2886,0
SACC.US,D,20240315,000000,24.5892,24.93,24.57,24.777,11147,0
SACC.US,D,20240318,000000,24.7001,24.7642,24.6,24.71,4295,0
SACC.US,D,20240319,000000,24.66,24.9,24.66,24.9,6861,0
SACC.US,D,20240320,000000,24.87,24.91,24.76,24.76,3424,0
SACC.US,D,20240321,000000,24.67,24.77,24.67,24.72,1431,0
SACC.US,D,20240322,000000,24.76,24.788,24.6,24.788,3725,0
SACC.US,D,20240325,000000,24.7115,24.7341,24.66,24.7,1316,0
SACC.US,D,20240326,000000,24.69,24.69,24.66,24.69,1387,0
SACC.US,D,20240327,000000,24.6501,24.69,24.6501,24.69,426,0
SACC.US,D,20240328,000000,24.72,24.7999,24.72,24.75,4982,0
SACC.US,D,20240401,000000,24.71,24.72,24.705,24.71,3458,0
SACC.US,D,20240402,000000,24.71,24.71,24.65,24.6957,3068,0
SACC.US,D,20240403,000000,24.7,24.71,24.65,24.65,6151,0
SACC.US,D,20240404,000000,24.7849,24.7849,24.69,24.7,1925,0
SACC.US,D,20240405,000000,24.75,24.84,24.75,24.84,831,0
SACC.US,D,20240408,000000,24.85,24.8575,24.7,24.7,3221,0
SACC.US,D,20240409,000000,24.7644,24.7644,24.59,24.6272,12517,0
SACC.US,D,20240410,000000,24.65,24.65,24.65,24.65,850,0
SACC.US,D,20240411,000000,24.66,24.66,24.65,24.65,1493,0
SACC.US,D,20240415,000000,24.65,24.7153,24.5,24.5,3232,0
SACC.US,D,20240416,000000,24.54,24.54,24.5,24.53,2623,0
SACC.US,D,20240417,000000,24.6113,24.6113,24.55,24.55,650,0
SACC.US,D,20240419,000000,24.53,24.5685,24.52,24.52,3837,0
SACC.US,D,20240422,000000,24.53,24.55,24.4753,24.5268,6304,0
SACC.US,D,20240423,000000,24.55,24.55,24.45,24.51,6494,0
SACC.US,D,20240424,000000,24.555,24.555,24.45,24.5414,3245,0
SACC.US,D,20240425,000000,24.5,24.5345,24.48,24.5009,2026,0
SACC.US,D,20240426,000000,24.5872,24.6,24.5336,24.59,3651,0
SACC.US,D,20240429,000000,24.6,24.6001,24.5857,24.6,3507,0
SACC.US,D,20240430,000000,24.6407,24.6501,24.56,24.62,9523,0
SACC.US,D,20240501,000000,24.63,24.6389,24.6,24.6,3249,0
SACC.US,D,20240502,000000,24.65,24.66,24.6,24.6,1214,0
SACC.US,D,20240503,000000,24.635,24.73,24.6349,24.72,3583,0
SACC.US,D,20240506,000000,24.75,24.78,24.72,24.7578,1116,0
SACC.US,D,20240507,000000,24.76,24.7601,24.7364,24.75,2232,0
SACC.US,D,20240508,000000,24.78,24.78,24.675,24.6832,4913,0
SACC.US,D,20240509,000000,24.71,24.71,24.71,24.71,100,0
SACC.US,D,20240510,000000,24.7044,24.7044,24.7,24.7,632,0
SACC.US,D,20240513,000000,24.715,24.715,24.68,24.68,1100,0
SACC.US,D,20240514,000000,24.69,24.7499,24.69,24.7454,1888,0
SACC.US,D,20240516,000000,24.7499,24.7499,24.73,24.7399,1765,0
SACC.US,D,20240517,000000,24.7,24.76,24.7,24.7362,1266,0
SACC.US,D,20240520,000000,24.77,24.77,24.77,24.77,1565,0
SACC.US,D,20240521,000000,24.7403,24.8,24.7403,24.7762,5797,0
SACC.US,D,20240522,000000,24.75,24.7699,24.745,24.7699,3387,0
SACC.US,D,20240523,000000,24.8666,24.8666,24.8666,24.8666,276,0
SACC.US,D,20240524,000000,24.74,24.76,24.74,24.76,1472,0
SACC.US,D,20240528,000000,24.74,24.76,24.68,24.6817,4910,0
SACC.US,D,20240529,000000,24.7041,24.7599,24.7041,24.71,1750,0
SACC.US,D,20240530,000000,24.74,24.74,24.6845,24.7321,2846,0
SACC.US,D,20240531,000000,24.74,24.7401,24.68,24.74,1809,0
SACC.US,D,20240603,000000,24.78,24.8649,24.78,24.8649,567,0
SACC.US,D,20240604,000000,24.81,24.9,24.8,24.9,2166,0
SACC.US,D,20240605,000000,24.77,24.89,24.77,24.89,768,0
SACC.US,D,20240607,000000,24.821,24.87,24.81,24.84,3367,0
SACC.US,D,20240610,000000,24.8653,24.8653,24.85,24.85,1395,0
SACC.US,D,20240611,000000,24.87,24.87,24.8203,24.8203,2821,0
SACC.US,D,20240612,000000,24.87,24.9,24.87,24.9,8734,0
SACC.US,D,20240613,000000,24.88,24.95,24.87,24.95,1637,0
SACC.US,D,20240614,000000,24.6,24.62,24.53,24.62,4351,0
SACC.US,D,20240617,000000,24.65,24.75,24.57,24.62,16382,0
SACC.US,D,20240618,000000,24.65,24.65,24.5036,24.57,10221,0
SACC.US,D,20240620,000000,24.56,24.66,24.51,24.62,12294,0
SACC.US,D,20240621,000000,24.66,24.66,24.59,24.62,18465,0
SACC.US,D,20240624,000000,24.63,24.8,24.6203,24.78,25811,0
SACC.US,D,20240625,000000,24.713,24.8,24.67,24.7,7941,0
SACC.US,D,20240626,000000,24.7,24.78,24.68,24.78,6622,0
SACC.US,D,20240627,000000,24.6901,24.73,24.6901,24.7224,2002,0
SACC.US,D,20240628,000000,24.67,24.7,24.62,24.66,18312,0
SACC.US,D,20240701,000000,24.6568,24.66,24.62,24.6599,6105,0
SACC.US,D,20240702,000000,24.65,24.75,24.64,24.7258,14931,0
SACC.US,D,20240703,000000,24.74,24.8,24.7,24.75,8846,0
SACC.US,D,20240705,000000,24.8,24.8,24.73,24.7463,2590,0
SACC.US,D,20240708,000000,24.8,24.8,24.73,24.74,3402,0
SACC.US,D,20240709,000000,24.74,24.8,24.74,24.8,8690,0
SACC.US,D,20240710,000000,24.71,24.79,24.71,24.75,3274,0
SACC.US,D,20240711,000000,24.75,24.75,24.65,24.71,16080,0
SACC.US,D,20240712,000000,24.7301,24.7301,24.7,24.7007,3600,0
SACC.US,D,20240715,000000,24.75,24.77,24.75,24.7501,2859,0
SACC.US,D,20240716,000000,24.8,24.93,24.8,24.93,25592,0
SACC.US,D,20240717,000000,24.88,24.88,24.85,24.85,5007,0
SACC.US,D,20240718,000000,24.85,24.88,24.85,24.86,3751,0
SACC.US,D,20240719,000000,24.9,24.9,24.85,24.8599,4678,0
SACC.US,D,20240722,000000,24.8322,24.86,24.8322,24.86,3142,0
SACC.US,D,20240723,000000,24.88,24.88,24.86,24.861,1585,0
SACC.US,D,20240724,000000,24.8498,24.87,24.8293,24.86,1931,0
SACC.US,D,20240725,000000,24.85,24.87,24.85,24.85,2229,0
SACC.US,D,20240726,000000,24.88,24.88,24.68,24.7899,30885,0
SACC.US,D,20240729,000000,24.7802,24.86,24.77,24.86,3072,0
SACC.US,D,20240730,000000,24.86,24.88,24.86,24.88,3297,0
SACC.US,D,20240731,000000,24.86,24.865,24.825,24.84,7072,0
SACC.US,D,20240801,000000,24.85,24.8644,24.82,24.86,5979,0
SACC.US,D,20240802,000000,24.8,24.8,24.74,24.74,11526,0
SACC.US,D,20240805,000000,24.7,24.85,24.7,24.8,9446,0
SACC.US,D,20240806,000000,24.7965,24.8,24.7855,24.7999,2516,0
SACC.US,D,20240807,000000,24.8,24.84,24.7999,24.8399,4083,0
SACC.US,D,20240808,000000,24.84,24.88,24.84,24.88,5967,0
SACC.US,D,20240809,000000,24.88,24.89,24.8501,24.885,3515,0
SACC.US,D,20240812,000000,24.85,24.9,24.85,24.85,4700,0
SACC.US,D,20240813,000000,24.85,24.9,24.85,24.87,6428,0
SACC.US,D,20240814,000000,24.865,24.95,24.859,24.95,15481,0
SACC.US,D,20240815,000000,24.9377,24.975,24.9,24.91,11750,0
SACC.US,D,20240816,000000,24.91,24.92,24.91,24.92,4717,0
SACC.US,D,20240819,000000,24.92,25,24.9,24.95,12339,0
SACC.US,D,20240820,000000,24.96,25.17,24.9303,25.1306,32901,0
SACC.US,D,20240821,000000,25.12,25.17,25.12,25.17,3394,0
SACC.US,D,20240822,000000,25.16,25.16,25.1002,25.1199,7949,0
SACC.US,D,20240823,000000,25.11,25.14,25.11,25.13,3365,0
SACC.US,D,20240826,000000,25.1499,25.15,25.11,25.15,3591,0
SACC.US,D,20240827,000000,25.13,25.13,25.13,25.13,683,0
SACC.US,D,20240828,000000,25.13,25.15,25.11,25.11,12511,0
SACC.US,D,20240829,000000,25.11,25.12,25.11,25.12,630,0
SACC.US,D,20240830,000000,25.11,25.13,25.11,25.11,2344,0
SACC.US,D,20240903,000000,25.11,25.19,25.11,25.15,7864,0
SACC.US,D,20240904,000000,25.1816,25.2361,25.16,25.21,2614,0
SACC.US,D,20240905,000000,25.235,25.2899,25.21,25.2124,5194,0
SACC.US,D,20240906,000000,25.22,25.2513,25.22,25.2513,372,0
SACC.US,D,20240909,000000,25.26,25.32,25.26,25.27,8165,0
SACC.US,D,20240910,000000,25.272,25.33,25.27,25.33,2541,0
SACC.US,D,20240911,000000,25.28,25.29,25.24,25.2547,4482,0
SACC.US,D,20240912,000000,25.27,25.29,25.2634,25.29,4849,0
SACC.US,D,20240913,000000,25.05,25.2061,24.97,24.978,26027,0
SACC.US,D,20240916,000000,24.98,24.98,24.7736,24.895,31428,0
SACC.US,D,20240917,000000,24.9,24.9799,24.85,24.9645,10055,0
SACC.US,D,20240918,000000,24.98,24.98,24.79,24.88,20293,0
SACC.US,D,20240919,000000,24.8708,24.915,24.8501,24.8931,17080,0
SACC.US,D,20240920,000000,24.8722,24.92,24.86,24.92,2301,0
SACC.US,D,20240923,000000,24.97,24.9799,24.88,24.9301,4528,0
SACC.US,D,20240924,000000,24.96,24.96,24.8452,24.895,9328,0
SACC.US,D,20240925,000000,24.9676,24.9676,24.93,24.93,1393,0
SACC.US,D,20240926,000000,24.96,24.98,24.94,24.9701,9099,0
SACC.US,D,20240927,000000,24.93,24.98,24.93,24.97,5491,0
SACC.US,D,20240930,000000,24.97,24.97,24.94,24.952,2292,0
SACC.US,D,20241001,000000,24.93,24.96,24.93,24.96,1198,0
SACC.US,D,20241002,000000,24.9979,24.9979,24.9814,24.9814,768,0
SACC.US,D,20241003,000000,24.96,24.98,24.96,24.98,1029,0
SACC.US,D,20241004,000000,24.9884,24.9884,24.9884,24.9884,831,0
SACC.US,D,20241007,000000,25.03,25.03,25.03,25.03,130,0
SACC.US,D,20241008,000000,25.03,25.03,25.0001,25.0001,399,0
SACC.US,D,20241009,000000,25,25,24.95,24.99,4062,0
SACC.US,D,20241010,000000,24.99,24.9901,24.96,24.96,156235,0
SACC.US,D,20241011,000000,24.9839,24.99,24.9601,24.98,2215,0
SACC.US,D,20241014,000000,24.95,24.9791,24.95,24.9791,272,0
SACC.US,D,20241015,000000,24.96,24.99,24.96,24.9801,2989,0
SACC.US,D,20241016,000000,24.98,25,24.98,24.9978,2280,0
SACC.US,D,20241017,000000,25,25.01,24.98,24.98,4353,0
SACC.US,D,20241018,000000,25.03,25.03,24.99,25,5954,0
SACC.US,D,20241021,000000,25.0135,25.0135,25,25.0015,1805,0
SACC.US,D,20241022,000000,25.03,25.03,25.01,25.0101,1041,0
SACC.US,D,20241023,000000,25.01,25.03,25.01,25.03,1832,0
SACC.US,D,20241024,000000,25.0166,25.03,25.0166,25.03,8141,0
SACC.US,D,20241025,000000,25.04,25.0598,25.04,25.0409,1170,0
SACC.US,D,20241028,000000,25.06,25.08,25.0323,25.08,604,0
SACC.US,D,20241029,000000,25.0554,25.09,25.03,25.0301,5345,0
SACC.US,D,20241030,000000,25.0509,25.0587,25.02,25.0587,6303,0
SACC.US,D,20241031,000000,25.08,25.08,25.05,25.0578,2337,0
SACC.US,D,20241101,000000,25.04,25.04,25.04,25.04,171,0
SACC.US,D,20241104,000000,25.11,25.1101,25.08,25.08,1788,0
SACC.US,D,20241106,000000,25.0502,25.14,25.0502,25.0853,2217,0
SACC.US,D,20241107,000000,25.08,25.1,25.08,25.1,1783,0
SACC.US,D,20241108,000000,25.14,25.14,25.09,25.1351,2094,0
SACC.US,D,20241111,000000,25.1672,25.1678,25.16,25.1645,2896,0
SACC.US,D,20241112,000000,25.062,25.15,25.062,25.15,2425,0
SACC.US,D,20241113,000000,25.09,25.15,25.07,25.14,3752,0
SACC.US,D,20241114,000000,25.15,25.16,25.15,25.15,1376,0
SACC.US,D,20241115,000000,25.1,25.16,25.0501,25.14,5251,0
SACC.US,D,20241118,000000,25.1707,25.177,25.07,25.07,10086,0
SACC.US,D,20241119,000000,25.1223,25.1223,25.06,25.07,12345,0
SACC.US,D,20241120,000000,25.11,25.11,25.03,25.03,4026,0
SACC.US,D,20241121,000000,25.06,25.1,25.05,25.07,7654,0
SACC.US,D,20241122,000000,25.07,25.0957,25.062,25.085,3694,0
SACC.US,D,20241125,000000,25.0665,25.0872,25.06,25.085,2723,0
SACC.US,D,20241126,000000,25.09,25.1,25.09,25.1,3980,0
SACC.US,D,20241127,000000,25.1154,25.145,25.06,25.06,5140,0
SACC.US,D,20241129,000000,25.101,25.111,25.09,25.091,7305,0
SACC.US,D,20241202,000000,25.082,25.11,25.082,25.11,2243,0
SACC.US,D,20241203,000000,25.11,25.11,25.0753,25.0753,11087,0
SACC.US,D,20241204,000000,25.09,25.09,24.9501,25.02,33147,0
SACC.US,D,20241205,000000,25.07,25.15,25.0101,25.0373,25761,0
SACC.US,D,20241206,000000,25.0289,25.0501,25,25.02,18153,0
SACC.US,D,20241209,000000,25.08,25.08,25.06,25.06,2668,0
SACC.US,D,20241210,000000,25.1,25.11,25.1,25.11,1331,0
SACC.US,D,20241211,000000,25.06,25.11,25.05,25.1,5642,0
SACC.US,D,20241212,000000,25.05,25.18,25.05,25.18,6203,0
SACC.US,D,20241213,000000,24.8099,24.97,24.71,24.91,19737,0
SACC.US,D,20241216,000000,24.91,24.94,24.84,24.9,30804,0
SACC.US,D,20241217,000000,24.9034,24.91,24.7601,24.85,6180,0
SACC.US,D,20241218,000000,24.8847,24.89,24.84,24.84,15155,0
SACC.US,D,20241219,000000,24.8,24.84,24.8,24.82,5546,0
SACC.US,D,20241220,000000,24.83,24.86,24.83,24.84,3901,0
SACC.US,D,20241223,000000,24.8685,24.87,24.86,24.86,2914,0
SACC.US,D,20241224,000000,24.95,24.9799,24.95,24.96,5377,0
SACC.US,D,20241226,000000,24.9791,24.98,24.96,24.98,3289,0
SACC.US,D,20241227,000000,24.9799,25,24.9799,24.9801,7841,0
