<TICKER>,<PER>,<DATE>,<TIME>,<OPEN>,<HIGH>,<LOW>,<CLOSE>,<VOL>,<OPENINT>
SBEV.US,D,20190206,000000,1.8,1.8,1.35,1.35,1933,0
SBEV.US,D,20190207,000000,0.75,1.53,0.75,1.53,500,0
SBEV.US,D,20190208,000000,1.575,1.575,1.575,1.575,767,0
SBEV.US,D,20190211,000000,1.635,1.635,1.635,1.635,233,0
SBEV.US,D,20190212,000000,1.65,1.65,1.65,1.65,333,0
SBEV.US,D,20190213,000000,1.65,1.8,1.62,1.8,2733,0
SBEV.US,D,20190214,000000,1.935,1.95,1.935,1.95,333,0
SBEV.US,D,20190219,000000,1.95,2.1,1.95,2.1,667,0
SBEV.US,D,20190304,000000,1.8,1.8,1.8,1.8,33,0
SBEV.US,D,20190305,000000,1.728,1.8,1.728,1.8,200,0
SBEV.US,D,20190306,000000,1.173,1.8,1.173,1.8,500,0
SBEV.US,D,20190315,000000,1.14,1.14,1.14,1.14,833,0
SBEV.US,D,20190318,000000,1.701,1.8,1.701,1.8,200,0
SBEV.US,D,20190319,000000,1.14,1.14,1.14,1.14,67,0
SBEV.US,D,20190320,000000,1.239,1.239,1.239,1.239,267,0
SBEV.US,D,20190321,000000,1.473,1.473,1.473,1.473,133,0
SBEV.US,D,20190509,000000,1.35,2.55,1.35,2.55,400,0
SBEV.US,D,20190510,000000,3,3,3,3,67,0
SBEV.US,D,20190514,000000,1.35,3.72,1.35,3.72,867,0
SBEV.US,D,20190531,000000,2.82,2.97,2.82,2.97,433,0
SBEV.US,D,20190605,000000,2.82,2.82,2.82,2.82,133,0
SBEV.US,D,20190606,000000,2.97,3.45,2.97,3.45,167,0
SBEV.US,D,20190618,000000,3.09,3.09,3,3,267,0
SBEV.US,D,20190619,000000,3.57,3.57,3.57,3.57,67,0
SBEV.US,D,20190620,000000,3.6,3.9,3,3.87,500,0
SBEV.US,D,20190624,000000,4.05,4.08,3,4.08,267,0
SBEV.US,D,20190626,000000,4.08,4.08,3,4.08,133,0
SBEV.US,D,20190627,000000,3,3,3,3,67,0
SBEV.US,D,20190628,000000,4.11,4.11,2.1,3.9,500,0
SBEV.US,D,20190701,000000,3,3.75,3,3.75,400,0
SBEV.US,D,20190702,000000,2.34,2.34,2.34,2.34,333,0
SBEV.US,D,20190703,000000,3.75,3.75,3.75,3.75,100,0
SBEV.US,D,20190705,000000,3.75,3.9,3.75,3.9,167,0
SBEV.US,D,20190709,000000,3.9,3.9,3.9,3.9,133,0
SBEV.US,D,20190710,000000,3.9,3.9,3.9,3.9,100,0
SBEV.US,D,20190711,000000,3.9,3.9,3.9,3.9,33,0
SBEV.US,D,20190712,000000,3.3,3.45,3.3,3.45,133,0
SBEV.US,D,20190715,000000,3.9,3.9,3.9,3.9,67,0
SBEV.US,D,20190717,000000,3.9,3.9,3.765,3.765,167,0
SBEV.US,D,20190718,000000,3.9,5.4,3.9,4.05,2033,0
SBEV.US,D,20190719,000000,4.95,5.4,4.95,5.4,200,0
SBEV.US,D,20190722,000000,5.55,6,5.55,6,100,0
SBEV.US,D,20190723,000000,7.05,7.05,7.05,7.05,67,0
SBEV.US,D,20190724,000000,6.984,7.5,6.9,7.5,233,0
SBEV.US,D,20190725,000000,6.945,7.5,6.945,7.5,100,0
SBEV.US,D,20190729,000000,7.5,8.25,7.5,8.25,233,0
SBEV.US,D,20190730,000000,8.25,9.75,8.25,9.75,367,0
SBEV.US,D,20190731,000000,9.75,9.75,9.45,9.75,533,0
SBEV.US,D,20190801,000000,10.5,10.5,10.5,10.5,167,0
SBEV.US,D,20190802,000000,10.5,11.7,10.5,11.4,533,0
SBEV.US,D,20190805,000000,11.1,11.4,9.6,11.4,133,0
SBEV.US,D,20190807,000000,11.25,11.4,9.66,9.66,400,0
SBEV.US,D,20190808,000000,11.4,11.4,10.8,10.8,100,0
SBEV.US,D,20190809,000000,11.4,11.85,11.4,11.85,133,0
SBEV.US,D,20190813,000000,11.4,11.85,9.705,11.85,400,0
SBEV.US,D,20190814,000000,9.9,11.4,9.9,11.4,67,0
SBEV.US,D,20190815,000000,11.4,11.4,11.4,11.4,67,0
SBEV.US,D,20190816,000000,11.82,11.82,11.82,11.82,33,0
SBEV.US,D,20190819,000000,11.4,11.82,10.95,11.82,267,0
SBEV.US,D,20190820,000000,11.85,12,11.4,12,333,0
SBEV.US,D,20190821,000000,12,12.3,12,12.3,167,0
SBEV.US,D,20190822,000000,12.3,12.9,12.3,12.9,233,0
SBEV.US,D,20190823,000000,13.35,13.5,13.35,13.5,67,0
SBEV.US,D,20190826,000000,14.25,18,8.28,16.5,533,0
SBEV.US,D,20190827,000000,16.5,19.5,14.7,19.5,267,0
SBEV.US,D,20190828,000000,21,26.985,13.47,15.36,1267,0
SBEV.US,D,20190829,000000,14.28,18.72,13.5,15.3,1033,0
SBEV.US,D,20190830,000000,15.45,15.45,7.65,7.65,733,0
SBEV.US,D,20190903,000000,13.8,14.1,6.75,8.55,1500,0
SBEV.US,D,20190904,000000,7.65,8.55,6,8.4,500,0
SBEV.US,D,20190905,000000,6,8.25,5.4,5.49,867,0
SBEV.US,D,20190906,000000,7.5,8.1,3.75,5.85,7900,0
SBEV.US,D,20190909,000000,4.65,5.55,3.75,3.75,1767,0
SBEV.US,D,20190910,000000,4.5,4.5,3,3.012,1467,0
SBEV.US,D,20190911,000000,2.73,2.925,2.49,2.49,1833,0
SBEV.US,D,20190912,000000,2.7,2.7,2.25,2.49,4833,0
SBEV.US,D,20190913,000000,3,3,2.19,2.193,5733,0
SBEV.US,D,20190916,000000,2.445,2.85,2.07,2.85,3100,0
SBEV.US,D,20190917,000000,2.88,2.88,2.085,2.7,1267,0
SBEV.US,D,20190919,000000,3.6,3.6,2.1,2.7,1267,0
SBEV.US,D,20190920,000000,2.67,2.67,2.4,2.67,267,0
SBEV.US,D,20190923,000000,2.67,2.67,2.4,2.55,3200,0
SBEV.US,D,20190924,000000,2.43,2.58,2.43,2.58,233,0
SBEV.US,D,20190925,000000,2.1,2.664,2.1,2.664,3700,0
SBEV.US,D,20190926,000000,2.49,2.49,2.01,2.22,2367,0
SBEV.US,D,20190927,000000,2.61,2.61,2.61,2.61,33,0
SBEV.US,D,20190930,000000,1.8,2.523,1.8,1.86,2800,0
SBEV.US,D,20191001,000000,2.1,2.1,1.86,2.1,533,0
SBEV.US,D,20191002,000000,2.7,2.7,2.1,2.1,8500,0
SBEV.US,D,20191003,000000,2.49,2.49,2.1,2.49,2000,0
SBEV.US,D,20191004,000000,2.49,2.49,2.175,2.49,1067,0
SBEV.US,D,20191007,000000,2.85,2.85,1.86,2.4,500,0
SBEV.US,D,20191008,000000,2.28,2.7,2.28,2.7,233,0
SBEV.US,D,20191009,000000,2.55,2.55,2.55,2.55,67,0
SBEV.US,D,20191010,000000,2.7,2.7,2.7,2.7,133,0
SBEV.US,D,20191011,000000,2.7,2.7,2.7,2.7,3333,0
SBEV.US,D,20191014,000000,2.85,2.85,1.86,2.625,133,0
SBEV.US,D,20191015,000000,2.7,2.7,2.7,2.7,67,0
SBEV.US,D,20191016,000000,2.7,2.7,2.7,2.7,33,0
SBEV.US,D,20191021,000000,1.89,2.37,1.89,2.37,367,0
SBEV.US,D,20191022,000000,1.86,2.574,1.86,2.574,367,0
SBEV.US,D,20191023,000000,2.25,2.25,2.25,2.25,167,0
SBEV.US,D,20191024,000000,3,3.75,2.085,2.085,833,0
SBEV.US,D,20191025,000000,2.025,2.025,2.025,2.025,333,0
SBEV.US,D,20191028,000000,3,3,2.01,3,433,0
SBEV.US,D,20191029,000000,2.01,2.88,2.01,2.88,67,0
SBEV.US,D,20191030,000000,2.523,2.88,2.013,2.88,700,0
SBEV.US,D,20191031,000000,3.18,3.18,2.013,2.49,500,0
SBEV.US,D,20191101,000000,3.03,3.03,3.03,3.03,33,0
SBEV.US,D,20191104,000000,3.75,4.5,3,4.5,100,0
SBEV.US,D,20191105,000000,3,3,2.4,2.94,1900,0
SBEV.US,D,20191106,000000,2.685,2.685,2.4,2.4,833,0
SBEV.US,D,20191107,000000,2.4,2.64,2.4,2.64,700,0
SBEV.US,D,20191108,000000,2.133,2.82,1.95,1.95,200,0
SBEV.US,D,20191111,000000,2.07,2.1,2.07,2.1,800,0
SBEV.US,D,20191112,000000,2.1,2.715,1.95,2.1,1767,0
SBEV.US,D,20191113,000000,2.58,2.73,1.92,2.58,433,0
SBEV.US,D,20191114,000000,1.92,2.49,1.92,2.49,400,0
SBEV.US,D,20191115,000000,2.97,2.97,2.82,2.82,67,0
SBEV.US,D,20191118,000000,3,3,1.92,1.92,433,0
SBEV.US,D,20191119,000000,2.1,2.55,2.1,2.55,567,0
SBEV.US,D,20191120,000000,1.95,2.4,1.95,2.4,400,0
SBEV.US,D,20191121,000000,1.95,1.95,1.95,1.95,367,0
SBEV.US,D,20191122,000000,1.95,1.95,1.8,1.95,1033,0
SBEV.US,D,20191126,000000,2.1,2.4,1.8,2.1,1067,0
SBEV.US,D,20191127,000000,1.65,2.1,1.65,2.1,467,0
SBEV.US,D,20191129,000000,2.25,2.4,1.95,2.25,500,0
SBEV.US,D,20191202,000000,1.8,1.8,1.8,1.8,567,0
SBEV.US,D,20191203,000000,2.4,2.85,2.1,2.205,1700,0
SBEV.US,D,20191204,000000,1.95,2.25,1.95,2.16,1733,0
SBEV.US,D,20191205,000000,1.95,2.52,1.95,2.4,9767,0
SBEV.US,D,20191206,000000,2.511,2.511,1.95,2.1,2533,0
SBEV.US,D,20191210,000000,2.1,2.1,2.1,2.1,133,0
SBEV.US,D,20191211,000000,2.316,2.316,1.83,1.932,333,0
SBEV.US,D,20191212,000000,1.932,1.95,1.83,1.95,800,0
SBEV.US,D,20191213,000000,1.95,1.95,1.95,1.95,1000,0
SBEV.US,D,20191216,000000,2.4,2.4,1.68,1.68,500,0
SBEV.US,D,20191217,000000,1.68,2.1,1.68,2.1,400,0
SBEV.US,D,20191218,000000,1.68,1.68,1.68,1.68,367,0
SBEV.US,D,20191219,000000,1.95,1.95,1.68,1.95,500,0
SBEV.US,D,20191220,000000,2.13,2.13,1.95,1.95,400,0
SBEV.US,D,20191223,000000,2.268,2.268,1.68,2.088,933,0
SBEV.US,D,20191224,000000,1.68,1.8,1.68,1.8,467,0
SBEV.US,D,20191226,000000,1.62,2.16,1.62,2.16,4200,0
SBEV.US,D,20191227,000000,1.65,1.8,1.65,1.8,2967,0
SBEV.US,D,20191230,000000,1.8,2.034,1.8,2.034,1000,0
SBEV.US,D,20191231,000000,2.1,2.55,2.1,2.55,2067,0
SBEV.US,D,20200103,000000,2.52,2.52,2.52,2.52,233,0
SBEV.US,D,20200106,000000,2.52,2.52,2.52,2.52,33,0
SBEV.US,D,20200107,000000,2.52,2.52,2.52,2.52,633,0
SBEV.US,D,20200110,000000,1.95,2.52,1.95,2.52,833,0
SBEV.US,D,20200115,000000,2.52,2.52,2.52,2.52,100,0
SBEV.US,D,20200121,000000,1.653,1.653,1.653,1.653,367,0
SBEV.US,D,20200122,000000,1.62,2.46,1.62,2.46,133,0
SBEV.US,D,20200128,000000,1.563,2.25,1.563,2.25,567,0
SBEV.US,D,20200129,000000,2.25,2.49,2.25,2.49,467,0
SBEV.US,D,20200130,000000,3,3,1.653,2.208,967,0
SBEV.US,D,20200131,000000,2.88,3,2.25,2.88,1100,0
SBEV.US,D,20200203,000000,2.1,2.76,2.1,2.7,600,0
SBEV.US,D,20200205,000000,3,3,2.25,2.475,800,0
SBEV.US,D,20200206,000000,3,3.45,2.25,2.76,1367,0
SBEV.US,D,20200207,000000,2.76,3,2.1,2.7,500,0
SBEV.US,D,20200212,000000,2.01,2.55,1.95,2.55,867,0
SBEV.US,D,20200213,000000,2.25,2.85,2.25,2.715,1900,0
SBEV.US,D,20200214,000000,3,3,2.25,2.55,1200,0
SBEV.US,D,20200218,000000,2.25,2.4,2.22,2.22,2500,0
SBEV.US,D,20200219,000000,2.7,2.7,2.7,2.7,33,0
SBEV.US,D,20200220,000000,3,3,2.4,3,1133,0
SBEV.US,D,20200224,000000,2.43,2.79,2.4,2.79,1600,0
SBEV.US,D,20200226,000000,2.52,2.52,2.52,2.52,500,0
SBEV.US,D,20200227,000000,3,3,2.76,2.82,200,0
SBEV.US,D,20200228,000000,2.94,3.03,2.655,3.03,1267,0
SBEV.US,D,20200302,000000,3.75,3.75,3,3,100,0
SBEV.US,D,20200305,000000,3,3,3,3,133,0
SBEV.US,D,20200306,000000,2.1,2.85,2.1,2.85,400,0
SBEV.US,D,20200309,000000,1.974,2.85,1.8,2.85,733,0
SBEV.US,D,20200310,000000,3,3,2.325,2.325,100,0
SBEV.US,D,20200311,000000,3,3,1.8,2.85,600,0
SBEV.US,D,20200312,000000,1.8,2.85,1.8,2.85,1700,0
SBEV.US,D,20200313,000000,1.83,1.83,1.83,1.83,400,0
SBEV.US,D,20200316,000000,2.1,2.1,1.8,1.863,1567,0
SBEV.US,D,20200317,000000,2.61,3,2.61,2.85,1433,0
SBEV.US,D,20200318,000000,0.45,2.4,0.45,2.4,233,0
SBEV.US,D,20200319,000000,1.32,2.4,1.32,2.4,1967,0
SBEV.US,D,20200320,000000,2.55,2.7,1.95,2.55,267,0
SBEV.US,D,20200323,000000,2.7,2.7,2.64,2.64,167,0
SBEV.US,D,20200324,000000,1.74,2.19,1.74,2.19,900,0
SBEV.US,D,20200326,000000,2.34,2.34,2.34,2.34,33,0
SBEV.US,D,20200327,000000,2.7,2.7,2.55,2.55,1633,0
SBEV.US,D,20200330,000000,1.5,2.46,1.5,2.46,233,0
SBEV.US,D,20200331,000000,1.8,2.31,1.65,2.31,3200,0
SBEV.US,D,20200401,000000,2.7,2.7,2.085,2.34,767,0
SBEV.US,D,20200402,000000,1.8,2.25,1.8,2.25,1333,0
SBEV.US,D,20200403,000000,2.223,2.223,2.22,2.22,67,0
SBEV.US,D,20200406,000000,1.71,2.28,1.71,2.28,400,0
SBEV.US,D,20200408,000000,2.28,2.28,2.28,2.28,33,0
SBEV.US,D,20200409,000000,1.08,2.22,1.08,2.22,100,0
SBEV.US,D,20200413,000000,2.1,2.1,2.1,2.1,67,0
SBEV.US,D,20200415,000000,1.95,1.95,1.5,1.89,500,0
SBEV.US,D,20200417,000000,1.5,1.92,1.5,1.92,300,0
SBEV.US,D,20200420,000000,1.8,2.04,1.8,2.04,200,0
SBEV.US,D,20200428,000000,1.08,1.47,1.08,1.47,833,0
SBEV.US,D,20200429,000000,1.44,1.44,1.44,1.44,33,0
SBEV.US,D,20200501,000000,1.08,1.35,1.08,1.35,1567,0
SBEV.US,D,20200504,000000,1.8,1.95,1.8,1.95,133,0
SBEV.US,D,20200511,000000,1.8,1.8,1.08,1.68,333,0
SBEV.US,D,20200513,000000,1.8,1.8,1.8,1.8,33,0
SBEV.US,D,20200601,000000,1.08,1.65,1.08,1.56,1067,0
SBEV.US,D,20200603,000000,1.08,1.65,1.08,1.65,1067,0
SBEV.US,D,20200608,000000,1.65,1.65,0.75,1.2,667,0
SBEV.US,D,20200609,000000,1.53,1.53,1.53,1.53,433,0
SBEV.US,D,20200610,000000,1.65,1.65,1.125,1.545,1033,0
SBEV.US,D,20200611,000000,1.65,1.65,1.5,1.65,567,0
SBEV.US,D,20200616,000000,1.53,1.53,1.35,1.35,1000,0
SBEV.US,D,20200617,000000,1.035,1.65,1.035,1.65,167,0
SBEV.US,D,20200619,000000,1.35,1.35,0.63,1.32,2033,0
SBEV.US,D,20200623,000000,1.2,1.2,0.81,0.81,2533,0
SBEV.US,D,20200624,000000,1.2,1.2,0.9,1.2,6433,0
SBEV.US,D,20200625,000000,1.05,1.2,1.05,1.2,100,0
SBEV.US,D,20200626,000000,1.2,1.2,1.17,1.185,6367,0
SBEV.US,D,20200629,000000,1.56,1.56,1.38,1.56,2000,0
SBEV.US,D,20200630,000000,1.56,1.56,1.56,1.56,2267,0
SBEV.US,D,20200701,000000,1.56,1.56,1.56,1.56,67,0
SBEV.US,D,20200706,000000,1.56,1.56,1.56,1.56,967,0
SBEV.US,D,20200707,000000,1.56,1.56,1.56,1.56,67,0
SBEV.US,D,20200708,000000,1.56,1.56,1.56,1.56,33,0
SBEV.US,D,20200709,000000,1.26,2.25,1.26,2.25,800,0
SBEV.US,D,20200710,000000,2.7,2.7,2.46,2.46,133,0
SBEV.US,D,20200713,000000,2.73,2.73,1.95,2.1,1000,0
SBEV.US,D,20200715,000000,1.59,1.95,1.59,1.95,367,0
SBEV.US,D,20200717,000000,2.4,2.4,1.56,2.4,767,0
SBEV.US,D,20200720,000000,2.715,2.715,2.715,2.715,33,0
SBEV.US,D,20200721,000000,2.52,2.73,2.52,2.7,3467,0
SBEV.US,D,20200729,000000,1.65,2.64,1.65,2.64,233,0
SBEV.US,D,20200731,000000,2.67,2.67,2.67,2.67,67,0
SBEV.US,D,20200803,000000,2.67,2.67,2.667,2.667,367,0
SBEV.US,D,20200804,000000,3,3,2.67,2.94,1100,0
SBEV.US,D,20200805,000000,2.94,3.45,2.325,2.94,3833,0
SBEV.US,D,20200806,000000,3,3.09,2.505,3,1133,0
SBEV.US,D,20200807,000000,3,3,3,3,500,0
SBEV.US,D,20200810,000000,3.6,3.9,2.94,3.9,3233,0
SBEV.US,D,20200811,000000,6,6,4.08,5.85,2900,0
SBEV.US,D,20200812,000000,6,6,4.2,5.82,6767,0
SBEV.US,D,20200813,000000,5.85,6,4.5,4.5,1633,0
SBEV.US,D,20200814,000000,5.67,5.67,4.5,5.055,1333,0
SBEV.US,D,20200817,000000,5.43,5.85,5.04,5.4,10300,0
SBEV.US,D,20200818,000000,5.52,5.52,4.5,5.34,2700,0
SBEV.US,D,20200819,000000,5.22,5.4,4.65,5.4,867,0
SBEV.US,D,20200820,000000,5.25,7.5,5.235,7.5,6333,0
SBEV.US,D,20200821,000000,7.5,7.8,5.13,7.35,2633,0
SBEV.US,D,20200824,000000,7.8,11.94,6.6,10.2,17700,0
SBEV.US,D,20200825,000000,10.2,13.56,10.2,13.56,11100,0
SBEV.US,D,20200826,000000,13.5,15.3,12.51,14.4,7967,0
SBEV.US,D,20200827,000000,14.4,15.3,12.75,13.65,2133,0
SBEV.US,D,20200828,000000,12.63,12.66,11.37,12.66,2033,0
SBEV.US,D,20200831,000000,15,15.3,12.75,15,5067,0
SBEV.US,D,20200901,000000,13.68,15.12,13.68,14.85,6033,0
SBEV.US,D,20200902,000000,14.85,14.85,12.75,14.82,2267,0
SBEV.US,D,20200903,000000,12.75,14.73,9.33,13.35,4467,0
SBEV.US,D,20200904,000000,11.85,13.47,8.25,10.2,8533,0
SBEV.US,D,20200908,000000,11.1,11.1,8.25,10.05,7233,0
SBEV.US,D,20200909,000000,10.98,10.98,9,10.68,4733,0
SBEV.US,D,20200910,000000,11.7,11.85,10.5,11.67,2033,0
SBEV.US,D,20200911,000000,12.225,12.225,9.03,11.25,1633,0
SBEV.US,D,20200914,000000,11.25,11.25,9.3,9.3,700,0
SBEV.US,D,20200915,000000,11.1,11.1,9.3,10.53,800,0
SBEV.US,D,20200916,000000,9.33,10.53,5.58,9.87,5067,0
SBEV.US,D,20200917,000000,9.96,9.96,8.55,8.55,2333,0
SBEV.US,D,20200918,000000,9.075,9.075,8.55,9,1367,0
SBEV.US,D,20200921,000000,8.97,8.97,8.76,8.76,467,0
SBEV.US,D,20200922,000000,8.55,8.55,8.55,8.55,267,0
SBEV.US,D,20200923,000000,8.1,8.1,8.1,8.1,33,0
SBEV.US,D,20200924,000000,8.55,8.85,7.68,8.4,2900,0
SBEV.US,D,20200925,000000,8.55,8.55,8.52,8.52,933,0
SBEV.US,D,20200928,000000,8.1,8.55,8.1,8.55,200,0
SBEV.US,D,20200929,000000,8.55,8.55,7.8,8.1,267,0
SBEV.US,D,20200930,000000,8.1,8.55,7.974,8.55,1233,0
SBEV.US,D,20201001,000000,8.55,8.55,8.52,8.55,333,0
SBEV.US,D,20201002,000000,7.5,8.4,6.9,7.65,433,0
SBEV.US,D,20201005,000000,9.48,9.48,6,7.785,1033,0
SBEV.US,D,20201006,000000,8.34,8.34,8.25,8.25,467,0
SBEV.US,D,20201007,000000,8.25,8.25,7.5,7.5,267,0
SBEV.US,D,20201008,000000,7.59,7.59,7.59,7.59,67,0
SBEV.US,D,20201009,000000,7.44,8.4,6.9,7.8,3000,0
SBEV.US,D,20201012,000000,8.25,8.25,5.835,6.3,1633,0
SBEV.US,D,20201013,000000,6.75,8.1,6.75,7.2,1367,0
SBEV.US,D,20201014,000000,7.5,7.8,5.55,7.8,1300,0
SBEV.US,D,20201019,000000,7.47,7.8,6.75,7.8,667,0
SBEV.US,D,20201021,000000,7.5,7.5,7.35,7.35,3667,0
SBEV.US,D,20201022,000000,7.5,7.5,5.115,5.115,3800,0
SBEV.US,D,20201023,000000,6.42,6.42,5.13,5.91,4567,0
SBEV.US,D,20201026,000000,4.965,5.625,4.965,5.625,1600,0
SBEV.US,D,20201027,000000,5.97,5.97,4.875,5.1,1800,0
SBEV.US,D,20201028,000000,4.95,4.95,4.275,4.275,1167,0
SBEV.US,D,20201029,000000,4.65,4.95,4.65,4.8,2767,0
SBEV.US,D,20201030,000000,4.8,4.83,4.8,4.8,2167,0
SBEV.US,D,20201102,000000,4.8,4.8,3.96,3.96,1900,0
SBEV.US,D,20201103,000000,3.9,4.05,3.9,3.9,667,0
SBEV.US,D,20201104,000000,4.05,4.05,3.48,3.96,2533,0
SBEV.US,D,20201105,000000,3.51,3.96,3.51,3.9,7800,0
SBEV.US,D,20201106,000000,3.87,3.87,2.55,3.6,5200,0
SBEV.US,D,20201109,000000,3.6,3.6,2.46,2.82,8533,0
SBEV.US,D,20201110,000000,2.775,3,2.55,3,4400,0
SBEV.US,D,20201111,000000,3,3.3,2.76,3.3,6733,0
SBEV.US,D,20201112,000000,3.3,3.96,3.3,3.96,7800,0
SBEV.US,D,20201113,000000,3.96,3.96,3.39,3.39,3067,0
SBEV.US,D,20201116,000000,4.05,4.05,2.85,2.85,5133,0
SBEV.US,D,20201117,000000,3,3.033,2.76,2.94,16400,0
SBEV.US,D,20201118,000000,3,3.21,2.775,2.79,6867,0
SBEV.US,D,20201119,000000,2.778,3.75,2.55,3.09,4033,0
SBEV.US,D,20201120,000000,3.12,3.3,2.76,3.225,9333,0
SBEV.US,D,20201123,000000,3.24,3.63,3.24,3.54,10900,0
SBEV.US,D,20201124,000000,3.75,3.75,3.06,3.45,8633,0
SBEV.US,D,20201125,000000,3.45,3.54,3.15,3.45,3800,0
SBEV.US,D,20201127,000000,3.3,3.36,3.15,3.21,4533,0
SBEV.US,D,20201130,000000,3.21,3.3,3.09,3.3,4367,0
SBEV.US,D,20201201,000000,3.15,3.27,3.09,3.234,3800,0
SBEV.US,D,20201202,000000,3.57,3.57,3.21,3.27,4433,0
SBEV.US,D,20201203,000000,3.27,3.42,3.09,3.18,5333,0
SBEV.US,D,20201204,000000,3.18,3.36,3.12,3.36,3633,0
SBEV.US,D,20201207,000000,3.36,3.39,3.09,3.09,7200,0
SBEV.US,D,20201208,000000,3.09,3.3,2.85,3.12,7133,0
SBEV.US,D,20201209,000000,3.12,3.24,2.85,3.24,4667,0
SBEV.US,D,20201210,000000,3.15,3.15,3,3,3200,0
SBEV.US,D,20201211,000000,3,3.12,2.97,3.12,1267,0
SBEV.US,D,20201214,000000,3.12,3.12,2.94,3.06,3300,0
SBEV.US,D,20201215,000000,3.06,3.15,2.85,3.15,5133,0
SBEV.US,D,20201216,000000,3.15,3.195,3,3,7833,0
SBEV.US,D,20201217,000000,2.85,3.45,2.85,3.18,7600,0
SBEV.US,D,20201218,000000,3.21,3.54,2.85,3.45,13833,0
SBEV.US,D,20201221,000000,3.36,3.36,2.85,3.03,12667,0
SBEV.US,D,20201222,000000,3,3.399,3,3.249,13733,0
SBEV.US,D,20201223,000000,3.27,3.42,3.12,3.21,15400,0
SBEV.US,D,20201224,000000,3.21,3.42,3,3.24,12167,0
SBEV.US,D,20201228,000000,3.42,3.51,3.24,3.51,11367,0
SBEV.US,D,20201229,000000,3.6,4.95,3.255,3.6,28267,0
SBEV.US,D,20201230,000000,3.9,4.8,3.6,3.6,32767,0
SBEV.US,D,20201231,000000,3.6,3.6,3.36,3.51,5333,0
SBEV.US,D,20210104,000000,3.495,3.54,3.24,3.315,25933,0
SBEV.US,D,20210105,000000,3.42,3.459,3.24,3.42,21433,0
SBEV.US,D,20210106,000000,3.33,3.48,3.18,3.48,26500,0
SBEV.US,D,20210107,000000,3.39,4.32,3.36,3.99,10933,0
SBEV.US,D,20210108,000000,4.08,4.32,3.99,4.29,17967,0
SBEV.US,D,20210111,000000,4.335,4.47,4.11,4.44,3433,0
SBEV.US,D,20210112,000000,4.35,4.35,3.9,4.02,6000,0
SBEV.US,D,20210113,000000,4.35,4.35,3.9,3.99,2133,0
SBEV.US,D,20210114,000000,4.35,4.35,3.96,4.2,4600,0
SBEV.US,D,20210115,000000,4.2,4.221,3.6,3.87,44067,0
SBEV.US,D,20210119,000000,3.9,3.99,3.51,3.6,15333,0
SBEV.US,D,20210120,000000,3.87,3.87,3.6,3.66,3167,0
SBEV.US,D,20210121,000000,3.9,3.93,3.75,3.9,8200,0
SBEV.US,D,20210122,000000,3.72,3.9,3.63,3.9,6133,0
SBEV.US,D,20210125,000000,3.975,4.8,3.795,4.53,30700,0
SBEV.US,D,20210126,000000,4.74,4.77,4.29,4.35,10567,0
SBEV.US,D,20210127,000000,4.305,4.5,3.24,4.2,22967,0
SBEV.US,D,20210128,000000,4.05,4.62,3.93,4.5,15633,0
SBEV.US,D,20210129,000000,4.5,4.5,3.72,4.2,30933,0
SBEV.US,D,20210201,000000,3.75,4.47,3.66,4.47,17667,0
SBEV.US,D,20210202,000000,4.32,4.5,3.93,4.2,14567,0
SBEV.US,D,20210203,000000,4.35,8.94,4.2,4.95,40567,0
SBEV.US,D,20210204,000000,5.16,5.355,4.59,5.22,19133,0
SBEV.US,D,20210205,000000,5.22,6.72,5.16,6.3,41900,0
SBEV.US,D,20210208,000000,6.18,6.75,6.06,6.315,23267,0
SBEV.US,D,20210209,000000,6.69,6.69,6.18,6.3,7733,0
SBEV.US,D,20210210,000000,6.3,8.94,6.3,6.93,22633,0
SBEV.US,D,20210211,000000,7.08,7.08,5.43,6.09,30867,0
SBEV.US,D,20210212,000000,6.075,6.27,5.94,6.09,31267,0
SBEV.US,D,20210216,000000,5.97,6.15,5.1,6,20800,0
SBEV.US,D,20210217,000000,5.85,6.03,5.55,6,36100,0
SBEV.US,D,20210218,000000,6,6,5.55,6,10200,0
SBEV.US,D,20210219,000000,6,6,5.1,5.31,17900,0
SBEV.US,D,20210222,000000,5.37,6,5.37,5.58,30700,0
SBEV.US,D,20210223,000000,5.826,5.826,5.34,5.37,11167,0
SBEV.US,D,20210224,000000,5.34,6,5.34,5.55,27967,0
SBEV.US,D,20210225,000000,5.73,5.97,5.55,5.55,21000,0
SBEV.US,D,20210226,000000,5.4,5.91,5.34,5.91,9500,0
SBEV.US,D,20210301,000000,5.91,6.45,5.85,6.045,21567,0
SBEV.US,D,20210302,000000,5.955,6.21,5.55,5.7,10067,0
SBEV.US,D,20210303,000000,5.85,5.85,5.478,5.55,8100,0
SBEV.US,D,20210304,000000,5.4,5.7,5.31,5.34,18700,0
SBEV.US,D,20210305,000000,5.34,5.733,5.25,5.25,9367,0
SBEV.US,D,20210308,000000,5.88,8.91,5.1,5.13,10467,0
SBEV.US,D,20210309,000000,5.46,5.49,4.8,4.8,16433,0
SBEV.US,D,20210310,000000,5.01,5.19,4.65,4.92,9367,0
SBEV.US,D,20210311,000000,5.1,5.7,5.1,5.7,8233,0
SBEV.US,D,20210312,000000,5.1,5.67,5.04,5.25,8067,0
SBEV.US,D,20210315,000000,5.28,5.7,5.25,5.4,15200,0
SBEV.US,D,20210316,000000,5.415,5.415,5.25,5.28,16700,0
SBEV.US,D,20210317,000000,5.25,5.28,4.53,4.8,25367,0
SBEV.US,D,20210318,000000,4.8,5.1,4.65,4.68,21100,0
SBEV.US,D,20210319,000000,4.53,5.85,4.5,5.19,35900,0
SBEV.US,D,20210322,000000,5.52,5.52,4.77,4.8,6600,0
SBEV.US,D,20210323,000000,4.878,4.89,4.5,4.8,16867,0
SBEV.US,D,20210324,000000,4.56,4.56,2.559,3.78,135633,0
SBEV.US,D,20210325,000000,3.9,5.22,3.78,4.86,37400,0
SBEV.US,D,20210326,000000,4.86,4.86,4.14,4.14,15000,0
SBEV.US,D,20210329,000000,4.17,4.74,4.14,4.71,30600,0
SBEV.US,D,20210330,000000,4.74,4.8,4.35,4.8,17833,0
SBEV.US,D,20210331,000000,4.35,4.8,4.2,4.2,13267,0
SBEV.US,D,20210401,000000,4.26,4.74,4.2,4.74,14667,0
SBEV.US,D,20210405,000000,4.005,4.56,4.005,4.5,19600,0
SBEV.US,D,20210406,000000,4.5,4.605,4.14,4.41,6767,0
SBEV.US,D,20210407,000000,4.29,4.35,3.6,4.14,11967,0
SBEV.US,D,20210408,000000,4.62,4.68,3.84,4.08,6100,0
SBEV.US,D,20210409,000000,4.17,4.17,3.96,4.05,4967,0
SBEV.US,D,20210412,000000,4.05,4.05,3.69,3.84,5133,0
SBEV.US,D,20210413,000000,3.69,3.84,3.6,3.72,7167,0
SBEV.US,D,20210414,000000,3.75,4.08,3.75,3.96,6367,0
SBEV.US,D,20210415,000000,3.96,4.5,3.96,4.05,17100,0
SBEV.US,D,20210416,000000,4.38,4.38,4.05,4.23,5933,0
SBEV.US,D,20210419,000000,4.29,4.29,3.93,4.2,3400,0
SBEV.US,D,20210420,000000,4.065,4.23,3.9,4.05,2500,0
SBEV.US,D,20210421,000000,4.23,4.5,4.05,4.23,16167,0
SBEV.US,D,20210422,000000,4.23,4.23,4.02,4.02,2633,0
SBEV.US,D,20210423,000000,4.17,4.17,3.75,3.93,4633,0
SBEV.US,D,20210426,000000,4.05,4.05,3.75,3.84,3933,0
SBEV.US,D,20210427,000000,4.05,4.05,3.75,3.9,8200,0
SBEV.US,D,20210428,000000,3.39,4.47,3.39,4.08,13200,0
SBEV.US,D,20210429,000000,3.9,3.93,3.6,3.93,10133,0
SBEV.US,D,20210430,000000,3.93,3.93,3.63,3.795,8233,0
SBEV.US,D,20210503,000000,4.05,4.62,3.93,4.05,23933,0
SBEV.US,D,20210504,000000,4.2,4.68,4.2,4.59,17000,0
SBEV.US,D,20210505,000000,4.59,5.22,4.5,5.07,22000,0
SBEV.US,D,20210506,000000,5.01,5.07,4.725,5.07,6733,0
SBEV.US,D,20210507,000000,5.085,5.25,5.01,5.22,14267,0
SBEV.US,D,20210510,000000,5.25,5.85,5.16,5.55,11267,0
SBEV.US,D,20210511,000000,5.64,5.85,5.1,5.7,31200,0
SBEV.US,D,20210512,000000,5.835,6.72,5.685,6.297,16167,0
SBEV.US,D,20210513,000000,6.24,6.57,5.73,5.91,14867,0
SBEV.US,D,20210514,000000,6.18,6.57,5.94,6.54,13333,0
SBEV.US,D,20210517,000000,6.6,6.72,6.03,6.21,11533,0
SBEV.US,D,20210518,000000,6.03,6.48,6,6.12,10867,0
SBEV.US,D,20210519,000000,6.225,6.225,5.1,5.97,21800,0
SBEV.US,D,20210520,000000,5.85,6.27,5.7,6.12,5767,0
SBEV.US,D,20210521,000000,6.12,6.15,6.09,6.12,3200,0
SBEV.US,D,20210524,000000,6.18,6.27,6,6.21,4800,0
SBEV.US,D,20210525,000000,6.21,6.24,5.88,6,6133,0
SBEV.US,D,20210526,000000,5.79,6.18,5.79,6.06,10500,0
SBEV.US,D,20210527,000000,5.85,6.09,5.55,6.09,11700,0
SBEV.US,D,20210528,000000,6,6,4.5,5.43,17400,0
SBEV.US,D,20210601,000000,6.045,6.045,4.5,4.83,23333,0
SBEV.US,D,20210602,000000,4.08,5.1,4.08,4.8,18467,0
SBEV.US,D,20210603,000000,5.01,5.64,5.01,5.28,10300,0
SBEV.US,D,20210604,000000,5.175,5.61,4.92,5.61,4800,0
SBEV.US,D,20210607,000000,5.25,5.85,5.25,5.85,16200,0
SBEV.US,D,20210608,000000,5.58,6.45,5.58,6.06,18833,0
SBEV.US,D,20210609,000000,6.3,6.36,5.895,6.24,42267,0
SBEV.US,D,20210610,000000,6.24,6.24,5.34,5.43,74733,0
SBEV.US,D,20210611,000000,3.54,3.54,3.07,3.28,2232400,0
SBEV.US,D,20210614,000000,3.4,3.45,3.3,3.3594,534342,0
SBEV.US,D,20210615,000000,3.47,3.5,3.13,3.45,565768,0
SBEV.US,D,20210616,000000,3.35,3.35,3.0835,3.0926,279277,0
SBEV.US,D,20210617,000000,3.2,3.28,3.1,3.17,250192,0
SBEV.US,D,20210618,000000,3.11,3.15,3.02,3.1399,142584,0
SBEV.US,D,20210621,000000,3.14,3.28,3.06,3.27,326330,0
SBEV.US,D,20210622,000000,3.35,3.39,3.1,3.22,622247,0
SBEV.US,D,20210623,000000,3.25,3.65,3.23,3.38,4034693,0
SBEV.US,D,20210624,000000,3.39,3.72,3.38,3.53,1580533,0
SBEV.US,D,20210625,000000,3.62,3.89,3.4,3.89,1312415,0
SBEV.US,D,20210628,000000,3.85,4.05,3.67,3.715,1146171,0
SBEV.US,D,20210629,000000,3.62,3.92,3.61,3.78,1147784,0
SBEV.US,D,20210630,000000,3.8,3.89,3.63,3.63,332850,0
SBEV.US,D,20210701,000000,3.7,4,3.61,3.99,790686,0
SBEV.US,D,20210702,000000,4.03,4.06,3.75,3.93,504096,0
SBEV.US,D,20210706,000000,4,4.05,3.75,3.78,468300,0
SBEV.US,D,20210707,000000,3.85,3.9,3.16,3.38,759700,0
SBEV.US,D,20210708,000000,3.25,3.588,3.15,3.41,352489,0
SBEV.US,D,20210709,000000,3.37,3.49,3.3,3.42,470553,0
SBEV.US,D,20210712,000000,3.5,3.95,3.4,3.52,936108,0
SBEV.US,D,20210713,000000,3.55,3.7,3.55,3.69,305554,0
SBEV.US,D,20210714,000000,3.73,3.8516,3.4,3.4107,585458,0
SBEV.US,D,20210715,000000,3.41,3.55,3.2301,3.28,335985,0
SBEV.US,D,20210716,000000,3.35,3.38,2.85,2.92,757952,0
SBEV.US,D,20210719,000000,3.12,3.24,2.6,2.79,1309932,0
SBEV.US,D,20210720,000000,2.81,2.9495,2.69,2.74,521225,0
SBEV.US,D,20210721,000000,2.82,2.9402,2.75,2.88,460430,0
SBEV.US,D,20210722,000000,2.81,2.88,2.75,2.87,223833,0
SBEV.US,D,20210723,000000,2.76,2.8799,2.71,2.7469,184289,0
SBEV.US,D,20210726,000000,2.74,2.7997,2.72,2.73,60458,0
SBEV.US,D,20210727,000000,2.75,2.7632,2.62,2.7,119296,0
SBEV.US,D,20210728,000000,2.7,2.86,2.65,2.79,126151,0
SBEV.US,D,20210729,000000,2.85,3.04,2.8,2.92,121307,0
SBEV.US,D,20210730,000000,2.89,2.98,2.85,2.94,119856,0
SBEV.US,D,20210802,000000,3.13,3.34,3.06,3.19,383768,0
SBEV.US,D,20210803,000000,3.26,3.34,3.18,3.23,150519,0
SBEV.US,D,20210804,000000,3.26,3.59,3.2499,3.3,349480,0
SBEV.US,D,20210805,000000,3.31,3.35,3.08,3.13,143911,0
SBEV.US,D,20210806,000000,3.2,3.39,3.12,3.36,165328,0
SBEV.US,D,20210809,000000,3.32,3.45,3.2,3.38,101803,0
SBEV.US,D,20210810,000000,3.38,3.43,3.25,3.35,154647,0
SBEV.US,D,20210811,000000,3.44,3.45,3.22,3.4,133619,0
SBEV.US,D,20210812,000000,3.4,3.43,3.28,3.36,212033,0
SBEV.US,D,20210813,000000,3.35,3.3514,3.1505,3.16,140492,0
SBEV.US,D,20210816,000000,3.21,3.215,2.96,3,105847,0
SBEV.US,D,20210817,000000,3,3,2.05,2.35,678728,0
SBEV.US,D,20210818,000000,2.36,2.4938,2.26,2.28,276123,0
SBEV.US,D,20210819,000000,2.21,3.29,2.19,2.85,1967319,0
SBEV.US,D,20210820,000000,3.2,3.2,2.5558,2.63,431226,0
SBEV.US,D,20210823,000000,2.8,2.83,2.65,2.65,106536,0
SBEV.US,D,20210824,000000,2.75,2.75,2.51,2.57,169446,0
SBEV.US,D,20210825,000000,2.54,2.61,2.45,2.53,68032,0
SBEV.US,D,20210826,000000,2.5,2.5121,2.3,2.34,166429,0
SBEV.US,D,20210827,000000,2.39,2.46,2.34,2.46,64594,0
SBEV.US,D,20210830,000000,2.52,2.5628,2.45,2.46,92665,0
SBEV.US,D,20210831,000000,2.45,2.5,2.4,2.42,140880,0
SBEV.US,D,20210901,000000,2.47,2.49,2.34,2.41,97674,0
SBEV.US,D,20210902,000000,2.4,2.481,2.36,2.48,77675,0
SBEV.US,D,20210903,000000,2.45,2.63,2.406,2.57,158065,0
SBEV.US,D,20210907,000000,2.57,2.78,2.54,2.75,174563,0
SBEV.US,D,20210908,000000,2.8,2.8,2.55,2.64,86715,0
SBEV.US,D,20210909,000000,2.72,2.78,2.6,2.73,134435,0
SBEV.US,D,20210910,000000,2.8,2.8,2.61,2.77,131615,0
SBEV.US,D,20210913,000000,2.8,2.8,2.6,2.7,147705,0
SBEV.US,D,20210914,000000,2.74,2.74,2.6105,2.64,67793,0
SBEV.US,D,20210915,000000,2.68,2.72,2.56,2.71,99365,0
SBEV.US,D,20210916,000000,2.7,2.8,2.51,2.6,136839,0
SBEV.US,D,20210917,000000,2.59,2.6923,2.34,2.34,301426,0
SBEV.US,D,20210920,000000,2.5,2.5,2.21,2.22,200487,0
SBEV.US,D,20210921,000000,2.29,2.32,2.23,2.24,119357,0
SBEV.US,D,20210922,000000,2.32,2.32,2.12,2.21,276361,0
SBEV.US,D,20210923,000000,2.16,2.51,2.16,2.34,511022,0
SBEV.US,D,20210924,000000,2.22,2.33,2.22,2.23,130294,0
SBEV.US,D,20210927,000000,2.25,2.25,2.09,2.11,251727,0
SBEV.US,D,20210928,000000,2.09,2.115,2.02,2.06,212141,0
SBEV.US,D,20210929,000000,1.98,2.01,1.58,1.73,577205,0
SBEV.US,D,20210930,000000,1.65,2.09,1.65,2,617311,0
SBEV.US,D,20211001,000000,1.94,2.03,1.9,1.97,156763,0
SBEV.US,D,20211004,000000,2,2.01,1.85,1.86,76079,0
SBEV.US,D,20211005,000000,1.85,1.98,1.85,1.95,75197,0
SBEV.US,D,20211006,000000,1.85,2.03,1.85,1.96,70878,0
SBEV.US,D,20211007,000000,1.92,2.0094,1.91,1.92,87818,0
SBEV.US,D,20211008,000000,1.92,2.02,1.92,1.95,73799,0
SBEV.US,D,20211011,000000,2,2.0399,1.88,1.88,24684,0
SBEV.US,D,20211012,000000,1.8848,1.92,1.73,1.77,101312,0
SBEV.US,D,20211013,000000,1.8,1.9099,1.7984,1.89,59001,0
SBEV.US,D,20211014,000000,1.9,2.005,1.85,1.91,90682,0
SBEV.US,D,20211015,000000,1.9,1.97,1.8661,1.92,51316,0
SBEV.US,D,20211018,000000,1.92,1.93,1.85,1.87,21843,0
SBEV.US,D,20211019,000000,1.9,1.91,1.77,1.78,160180,0
SBEV.US,D,20211020,000000,1.75,1.8,1.66,1.68,125577,0
SBEV.US,D,20211021,000000,1.7,1.73,1.65,1.68,180014,0
SBEV.US,D,20211022,000000,1.65,1.86,1.65,1.76,126154,0
SBEV.US,D,20211025,000000,1.8,1.8187,1.74,1.8,63916,0
SBEV.US,D,20211026,000000,1.77,1.86,1.71,1.86,66941,0
SBEV.US,D,20211027,000000,1.84,1.9,1.83,1.85,46764,0
SBEV.US,D,20211028,000000,1.9,1.9,1.76,1.8,96243,0
SBEV.US,D,20211029,000000,1.78,1.8,1.71,1.76,82159,0
SBEV.US,D,20211101,000000,1.79,1.85,1.71,1.79,101443,0
SBEV.US,D,20211102,000000,1.76,2.33,1.76,2.06,960415,0
SBEV.US,D,20211103,000000,2.06,2.1,1.86,1.99,166049,0
SBEV.US,D,20211104,000000,1.92,2,1.86,1.94,80950,0
SBEV.US,D,20211105,000000,2.04,2.1,1.94,2.03,121740,0
SBEV.US,D,20211108,000000,2.08,2.08,1.92,1.98,66415,0
SBEV.US,D,20211109,000000,1.95,1.9912,1.9,1.9,41868,0
SBEV.US,D,20211110,000000,1.88,1.9356,1.84,1.92,29238,0
SBEV.US,D,20211111,000000,1.93,2,1.8,1.85,302116,0
SBEV.US,D,20211112,000000,1.85,1.89,1.85,1.86,75169,0
SBEV.US,D,20211115,000000,1.87,2.09,1.87,2.08,178273,0
SBEV.US,D,20211116,000000,2.05,2.0599,1.65,1.85,466058,0
SBEV.US,D,20211117,000000,1.85,2.55,1.75,2.1,1841397,0
SBEV.US,D,20211118,000000,2.12,2.22,1.91,2,393425,0
SBEV.US,D,20211119,000000,1.95,2.1,1.94,1.98,368096,0
SBEV.US,D,20211122,000000,1.99,2.09,1.91,2.09,291119,0
SBEV.US,D,20211123,000000,2.05,2.1,1.935,1.97,129221,0
SBEV.US,D,20211124,000000,1.97,2.04,1.92,2.04,57947,0
SBEV.US,D,20211126,000000,1.96,2.04,1.9482,2.01,58174,0
SBEV.US,D,20211129,000000,1.99,2.06,1.91,1.91,119338,0
SBEV.US,D,20211130,000000,1.91,1.98,1.83,1.87,103694,0
SBEV.US,D,20211201,000000,1.88,1.9199,1.65,1.67,213260,0
SBEV.US,D,20211202,000000,1.69,1.7,1.65,1.67,110881,0
SBEV.US,D,20211203,000000,1.65,1.65,1.4,1.45,258476,0
SBEV.US,D,20211206,000000,1.46,1.6,1.42,1.515,95681,0
SBEV.US,D,20211207,000000,1.51,1.5569,1.38,1.38,118636,0
SBEV.US,D,20211208,000000,1.4,1.42,1.38,1.4,85886,0
SBEV.US,D,20211209,000000,1.4,1.44,1.37,1.39,67720,0
SBEV.US,D,20211210,000000,1.39,1.415,1.33,1.34,64243,0
SBEV.US,D,20211213,000000,1.32,1.32,1.21,1.23,184830,0
SBEV.US,D,20211214,000000,1.21,1.3,1.2,1.2,134707,0
SBEV.US,D,20211215,000000,1.21,1.24,0.9901,1.04,493238,0
SBEV.US,D,20211216,000000,1.06,1.25,1.01,1.22,283090,0
SBEV.US,D,20211217,000000,1.29,1.29,1.19,1.21,157802,0
SBEV.US,D,20211220,000000,1.15,1.23,1.14,1.16,78476,0
SBEV.US,D,20211221,000000,1.14,1.2286,1.13,1.14,104712,0
SBEV.US,D,20211222,000000,1.13,1.14,1.0607,1.09,149636,0
SBEV.US,D,20211223,000000,1.08,1.25,1.08,1.19,139638,0
SBEV.US,D,20211227,000000,1.15,1.22,1.1,1.16,264402,0
SBEV.US,D,20211228,000000,1.13,1.15,1.1,1.12,125431,0
SBEV.US,D,20211229,000000,1.11,1.18,1.1,1.14,137415,0
SBEV.US,D,20211230,000000,1.13,1.2,1.1023,1.17,115218,0
SBEV.US,D,20211231,000000,1.15,1.1865,1.12,1.168,165793,0
SBEV.US,D,20220103,000000,1.15,1.25,1.1,1.25,60605,0
SBEV.US,D,20220104,000000,1.22,1.25,1.2,1.21,26866,0
SBEV.US,D,20220105,000000,1.2,1.2,1.1,1.14,106819,0
SBEV.US,D,20220106,000000,1.11,1.17,1.03,1.04,133447,0
SBEV.US,D,20220107,000000,1.06,1.09,1.04,1.05,52912,0
SBEV.US,D,20220110,000000,1.02,1.08,1.02,1.055,154830,0
SBEV.US,D,20220111,000000,1.62,1.9,1.44,1.8,85253619,0
SBEV.US,D,20220112,000000,1.63,1.87,1.58,1.8,5138310,0
SBEV.US,D,20220113,000000,1.77,1.99,1.73,1.91,3547169,0
SBEV.US,D,20220114,000000,1.98,4.34,1.94,4.18,64778921,0
SBEV.US,D,20220118,000000,3.29,3.44,2.79,3.25,10050653,0
SBEV.US,D,20220119,000000,4.98,5.1199,3.93,3.96,62861361,0
SBEV.US,D,20220120,000000,3.91,3.91,3.06,3.19,6753298,0
SBEV.US,D,20220121,000000,3.06,3.44,3,3.35,3315664,0
SBEV.US,D,20220124,000000,3.19,3.82,3.12,3.62,2969657,0
SBEV.US,D,20220125,000000,3.57,3.99,3.46,3.87,1712644,0
SBEV.US,D,20220126,000000,3.85,4.2,3.68,3.84,2554781,0
SBEV.US,D,20220127,000000,3.72,3.94,3.51,3.71,1158307,0
SBEV.US,D,20220128,000000,3.71,4.18,3.56,3.99,1770713,0
SBEV.US,D,20220131,000000,4.12,4.35,3.89,4.25,2136309,0
SBEV.US,D,20220201,000000,4.32,4.44,3.9,3.96,1350771,0
SBEV.US,D,20220202,000000,4.03,4.18,3.7,3.85,898271,0
SBEV.US,D,20220203,000000,3.8,3.9,3.5201,3.77,445654,0
SBEV.US,D,20220204,000000,3.77,3.99,3.6001,3.98,815798,0
SBEV.US,D,20220207,000000,3.87,4.49,3.8,4.26,1924710,0
SBEV.US,D,20220208,000000,4.58,5.17,4.21,5.1,7695495,0
SBEV.US,D,20220209,000000,4.86,5.5,4.65,5,3835017,0
SBEV.US,D,20220210,000000,4.91,5.28,4.82,5.1,900422,0
SBEV.US,D,20220211,000000,5.06,5.59,5.06,5.36,1412882,0
SBEV.US,D,20220214,000000,5.47,5.6,4.86,5.02,1343870,0
SBEV.US,D,20220215,000000,3.9,5.19,3.85,4.65,5520852,0
SBEV.US,D,20220216,000000,4.2,4.58,4.08,4.08,1889118,0
SBEV.US,D,20220217,000000,4.06,4.59,4.05,4.45,1070116,0
SBEV.US,D,20220218,000000,4.36,4.51,3.95,4.05,831396,0
SBEV.US,D,20220222,000000,3.89,4.08,3.74,3.87,912143,0
SBEV.US,D,20220223,000000,3.95,4.04,3.76,3.94,339150,0
SBEV.US,D,20220224,000000,3.51,3.8,3.3,3.8,683233,0
SBEV.US,D,20220225,000000,3.8,4,3.76,3.84,372893,0
SBEV.US,D,20220228,000000,3.81,3.8799,3.4,3.51,679343,0
SBEV.US,D,20220301,000000,3.48,3.66,3.27,3.3,374037,0
SBEV.US,D,20220302,000000,3.36,3.7,3.35,3.42,427034,0
SBEV.US,D,20220303,000000,3.41,3.5,3.01,3.04,907705,0
SBEV.US,D,20220304,000000,3.05,3.1,2.7,2.7,672445,0
SBEV.US,D,20220307,000000,2.75,2.81,2.43,2.53,662135,0
SBEV.US,D,20220308,000000,2.65,2.81,2.6,2.63,424983,0
SBEV.US,D,20220309,000000,2.63,2.7601,2.63,2.71,215765,0
SBEV.US,D,20220310,000000,2.63,2.7,2.54,2.54,156062,0
SBEV.US,D,20220311,000000,2.54,2.81,2.54,2.67,371144,0
SBEV.US,D,20220314,000000,2.73,2.84,2.71,2.75,352747,0
SBEV.US,D,20220315,000000,2.76,2.81,2.56,2.62,147639,0
SBEV.US,D,20220316,000000,2.58,2.7,2.54,2.63,262398,0
SBEV.US,D,20220317,000000,2.585,2.75,2.57,2.69,127372,0
SBEV.US,D,20220318,000000,2.66,2.7198,2.6,2.6,168642,0
SBEV.US,D,20220321,000000,2.66,2.675,2.55,2.6,182008,0
SBEV.US,D,20220322,000000,2.59,2.7,2.51,2.65,320315,0
SBEV.US,D,20220323,000000,2.6,2.67,2.5705,2.65,82018,0
SBEV.US,D,20220324,000000,2.63,2.64,2.51,2.57,179144,0
SBEV.US,D,20220325,000000,2.54,2.65,2.51,2.59,140328,0
SBEV.US,D,20220328,000000,2.36,2.7,2.36,2.6,185337,0
SBEV.US,D,20220329,000000,2.6,2.69,2.55,2.65,229363,0
SBEV.US,D,20220330,000000,2.7,2.7,2.61,2.63,175697,0
SBEV.US,D,20220331,000000,2.63,2.9299,2.6,2.84,747385,0
SBEV.US,D,20220401,000000,2.8,2.85,2.7,2.74,509440,0
SBEV.US,D,20220404,000000,2.8,2.8,2.57,2.58,296284,0
SBEV.US,D,20220405,000000,2.58,2.65,2.5,2.59,217176,0
SBEV.US,D,20220406,000000,2.63,2.63,2.48,2.59,194274,0
SBEV.US,D,20220407,000000,2.61,2.61,2.47,2.48,342545,0
SBEV.US,D,20220408,000000,2.48,2.57,2.4,2.44,192794,0
SBEV.US,D,20220411,000000,2.44,2.49,2.25,2.35,181454,0
SBEV.US,D,20220412,000000,2.26,2.37,2.22,2.35,109806,0
SBEV.US,D,20220413,000000,2.35,2.35,2.3,2.31,103769,0
SBEV.US,D,20220414,000000,2.33,2.8583,2.33,2.6,1824118,0
SBEV.US,D,20220418,000000,2.6,2.6,2.41,2.55,290466,0
SBEV.US,D,20220419,000000,2.49,2.54,2.4069,2.46,107294,0
SBEV.US,D,20220420,000000,2.44,2.6136,2.42,2.55,126588,0
SBEV.US,D,20220421,000000,2.55,2.6286,2.51,2.51,116747,0
SBEV.US,D,20220422,000000,2.47,2.5388,2.42,2.46,50245,0
SBEV.US,D,20220425,000000,2.46,2.46,2.25,2.33,223278,0
SBEV.US,D,20220426,000000,2.32,2.38,2.28,2.33,90838,0
SBEV.US,D,20220427,000000,2.3,2.39,2.26,2.33,89848,0
SBEV.US,D,20220428,000000,2.31,2.35,2.28,2.32,51019,0
SBEV.US,D,20220429,000000,2.31,2.34,2.21,2.29,131596,0
SBEV.US,D,20220502,000000,2.39,2.39,2.26,2.31,122217,0
SBEV.US,D,20220503,000000,2.42,2.42,2.31,2.36,63536,0
SBEV.US,D,20220504,000000,2.38,2.49,2.33,2.49,98975,0
SBEV.US,D,20220505,000000,2.57,2.57,2.41,2.48,103889,0
SBEV.US,D,20220506,000000,2.41,2.4489,2.3,2.38,199277,0
SBEV.US,D,20220509,000000,2.52,2.52,2.22,2.22,92346,0
SBEV.US,D,20220510,000000,2.27,2.32,2.16,2.19,113069,0
SBEV.US,D,20220511,000000,2.27,2.27,2.13,2.18,111422,0
SBEV.US,D,20220512,000000,2.11,2.2,1.97,2,155874,0
SBEV.US,D,20220513,000000,2,2.1814,2,2.13,112281,0
SBEV.US,D,20220516,000000,2.02,2.33,2.02,2.25,143071,0
SBEV.US,D,20220517,000000,2.31,2.3199,2.1102,2.17,154931,0
SBEV.US,D,20220518,000000,2.19,2.24,2.06,2.08,198692,0
SBEV.US,D,20220519,000000,2.35,2.35,1.97,2.01,112521,0
SBEV.US,D,20220520,000000,2.01,2.089,1.96,2,65058,0
SBEV.US,D,20220523,000000,1.98,2.05,1.92,2,151953,0
SBEV.US,D,20220524,000000,2.04,2.055,1.95,2,28902,0
SBEV.US,D,20220525,000000,1.96,1.99,1.8,1.86,194248,0
SBEV.US,D,20220526,000000,1.95,2.015,1.8898,1.99,102380,0
SBEV.US,D,20220527,000000,1.93,2.14,1.93,2.12,100828,0
SBEV.US,D,20220531,000000,2.09,2.17,2.03,2.08,33760,0
SBEV.US,D,20220601,000000,2.09,2.11,2,2.05,25808,0
SBEV.US,D,20220602,000000,2.01,2.05,1.87,1.99,133895,0
SBEV.US,D,20220603,000000,2.0247,2.09,1.9901,2.07,23186,0
SBEV.US,D,20220606,000000,2.04,2.06,2,2.05,35213,0
SBEV.US,D,20220607,000000,2.05,2.06,2,2.02,24722,0
SBEV.US,D,20220608,000000,2.03,2.06,1.97,2.03,49711,0
SBEV.US,D,20220609,000000,2.01,2.09,2,2.09,41274,0
SBEV.US,D,20220610,000000,2.0634,2.0783,2,2.05,67367,0
SBEV.US,D,20220613,000000,2,2,1.88,1.88,94724,0
SBEV.US,D,20220614,000000,1.88,1.97,1.77,1.81,67148,0
SBEV.US,D,20220615,000000,1.82,1.9199,1.77,1.81,70747,0
SBEV.US,D,20220616,000000,1.77,1.81,1.62,1.69,92563,0
SBEV.US,D,20220617,000000,1.69,1.84,1.6601,1.8,71959,0
SBEV.US,D,20220621,000000,1.85,2.13,1.8387,2.04,151186,0
SBEV.US,D,20220622,000000,2.15,2.1682,2.01,2.13,319356,0
SBEV.US,D,20220623,000000,2.2,2.22,1.99,2.05,218862,0
SBEV.US,D,20220624,000000,2.05,2.24,2.05,2.22,394795,0
SBEV.US,D,20220627,000000,2.3,2.75,2.24,2.6,675097,0
SBEV.US,D,20220628,000000,2.75,3.1484,2.67,3.05,1045653,0
SBEV.US,D,20220629,000000,3.26,3.2894,2.5,3.09,1057723,0
SBEV.US,D,20220630,000000,3.25,3.3317,2.93,2.99,839558,0
SBEV.US,D,20220701,000000,2.9,2.915,2.68,2.7,317388,0
SBEV.US,D,20220705,000000,2.63,2.7,2.53,2.6,126772,0
SBEV.US,D,20220706,000000,2.6,2.6,2.14,2.47,348773,0
SBEV.US,D,20220707,000000,2.46,2.5,2.4,2.41,93734,0
SBEV.US,D,20220708,000000,2.43,2.72,2.42,2.72,338577,0
SBEV.US,D,20220711,000000,2.73,2.8563,2.6509,2.78,217633,0
SBEV.US,D,20220712,000000,2.78,3.08,2.7,2.97,340495,0
SBEV.US,D,20220713,000000,2.93,3.18,2.88,3.16,414379,0
SBEV.US,D,20220714,000000,3.15,3.2,2.98,3.05,142385,0
SBEV.US,D,20220715,000000,3.03,3.24,2.9872,3.2,131945,0
SBEV.US,D,20220718,000000,3.19,3.24,3.07,3.17,134512,0
SBEV.US,D,20220719,000000,3.26,3.2693,2.97,3.02,315837,0
SBEV.US,D,20220720,000000,3.06,3.18,3,3.18,186191,0
SBEV.US,D,20220721,000000,3.25,3.45,3.02,3.08,722674,0
SBEV.US,D,20220722,000000,3.15,3.15,2.81,2.9,332865,0
SBEV.US,D,20220725,000000,2.92,2.9499,2.77,2.81,127424,0
SBEV.US,D,20220726,000000,2.86,2.92,2.6219,2.9,226812,0
SBEV.US,D,20220727,000000,2.9,2.94,2.71,2.9,112984,0
SBEV.US,D,20220728,000000,2.9,2.9,2.78,2.82,44847,0
SBEV.US,D,20220729,000000,2.8,2.91,2.75,2.82,53784,0
SBEV.US,D,20220801,000000,2.76,2.96,2.7201,2.91,116841,0
SBEV.US,D,20220802,000000,2.9,2.9899,2.83,2.97,151255,0
SBEV.US,D,20220803,000000,2.97,3.07,2.88,3,116286,0
SBEV.US,D,20220804,000000,2.99,3,2.81,2.92,121745,0
SBEV.US,D,20220805,000000,2.93,3,2.8327,2.87,152517,0
SBEV.US,D,20220808,000000,2.82,2.9799,2.79,2.79,107611,0
SBEV.US,D,20220809,000000,2.85,2.92,2.75,2.9,160524,0
SBEV.US,D,20220810,000000,2.9,2.9299,2.72,2.78,98151,0
SBEV.US,D,20220811,000000,2.82,2.8599,2.73,2.75,101326,0
SBEV.US,D,20220812,000000,2.73,2.84,2.6156,2.6692,157392,0
SBEV.US,D,20220815,000000,2.62,2.7495,2.61,2.67,172056,0
SBEV.US,D,20220816,000000,2.6,2.73,2.58,2.58,120748,0
SBEV.US,D,20220817,000000,2.58,2.64,2.51,2.56,92159,0
SBEV.US,D,20220818,000000,2.61,2.61,2.35,2.42,173114,0
SBEV.US,D,20220819,000000,2.46,2.46,2.13,2.13,388200,0
SBEV.US,D,20220822,000000,2.11,2.1291,2,2.06,144982,0
SBEV.US,D,20220823,000000,2.09,2.09,1.92,1.94,288776,0
SBEV.US,D,20220824,000000,2.05,2.15,1.8504,1.88,419094,0
SBEV.US,D,20220825,000000,1.98,1.98,1.86,1.91,297413,0
SBEV.US,D,20220826,000000,1.97,1.99,1.81,1.9,164878,0
SBEV.US,D,20220829,000000,1.92,1.92,1.78,1.78,285954,0
SBEV.US,D,20220830,000000,1.75,1.89,1.69,1.86,432049,0
SBEV.US,D,20220831,000000,1.95,1.96,1.803,1.85,175587,0
SBEV.US,D,20220901,000000,1.85,1.91,1.8,1.88,96329,0
SBEV.US,D,20220902,000000,1.89,1.95,1.8313,1.9,51046,0
SBEV.US,D,20220906,000000,1.93,1.93,1.77,1.88,74012,0
SBEV.US,D,20220907,000000,1.87,1.91,1.83,1.9081,77442,0
SBEV.US,D,20220908,000000,1.89,2.0699,1.89,1.96,127732,0
SBEV.US,D,20220909,000000,1.94,2.06,1.93,2.03,113789,0
SBEV.US,D,20220912,000000,2.05,2.065,1.97,1.99,61945,0
SBEV.US,D,20220913,000000,2.13,2.2,1.99,2,189092,0
SBEV.US,D,20220914,000000,2.18,2.18,2.01,2.07,88786,0
SBEV.US,D,20220915,000000,2.06,2.196,2,2.02,109494,0
SBEV.US,D,20220916,000000,2.01,2.0816,1.96,1.99,135837,0
SBEV.US,D,20220919,000000,1.96,2.1,1.94,2.07,121260,0
SBEV.US,D,20220920,000000,2.1,2.11,2,2.05,247778,0
SBEV.US,D,20220921,000000,2.09,2.17,2.03,2.12,137814,0
SBEV.US,D,20220922,000000,2.17,2.1893,1.9,1.94,287555,0
SBEV.US,D,20220923,000000,1.3,1.44,1.27,1.31,2320338,0
SBEV.US,D,20220926,000000,1.28,1.53,1.27,1.42,897528,0
SBEV.US,D,20220927,000000,1.42,1.5,1.35,1.43,234070,0
SBEV.US,D,20220928,000000,1.43,1.45,1.33,1.36,503951,0
SBEV.US,D,20220929,000000,1.4,1.4,1.3,1.33,164798,0
SBEV.US,D,20220930,000000,1.33,1.42,1.25,1.37,183419,0
SBEV.US,D,20221003,000000,1.36,1.4,1.26,1.29,122890,0
SBEV.US,D,20221004,000000,1.28,1.385,1.2611,1.35,163093,0
SBEV.US,D,20221005,000000,1.37,1.39,1.35,1.36,94878,0
SBEV.US,D,20221006,000000,1.36,1.4108,1.35,1.35,65741,0
SBEV.US,D,20221007,000000,1.36,1.43,1.36,1.37,133673,0
SBEV.US,D,20221010,000000,1.34,1.37,1.28,1.34,74436,0
SBEV.US,D,20221011,000000,1.31,1.36,1.26,1.29,71651,0
SBEV.US,D,20221012,000000,1.296,1.31,1.26,1.27,23803,0
SBEV.US,D,20221013,000000,1.26,1.3999,1.26,1.31,86520,0
SBEV.US,D,20221014,000000,1.34,1.35,1.31,1.32,29660,0
SBEV.US,D,20221017,000000,1.32,1.3766,1.28,1.3,78503,0
SBEV.US,D,20221018,000000,1.37,1.37,1.28,1.29,135278,0
SBEV.US,D,20221019,000000,1.31,1.3199,1.2,1.22,143876,0
SBEV.US,D,20221020,000000,1.2,1.25,1.13,1.15,110859,0
SBEV.US,D,20221021,000000,1.21,1.21,1.1,1.1,100816,0
SBEV.US,D,20221024,000000,1.14,1.19,1.1,1.1199,190560,0
SBEV.US,D,20221025,000000,1.11,1.19,1.1,1.1,227182,0
SBEV.US,D,20221026,000000,1.12,1.24,1.1,1.22,174442,0
SBEV.US,D,20221027,000000,1.21,1.23,1.17,1.23,99560,0
SBEV.US,D,20221028,000000,1.2292,1.24,1.17,1.22,60743,0
SBEV.US,D,20221031,000000,1.18,1.22,1.15,1.2,171782,0
SBEV.US,D,20221101,000000,1.21,1.2266,1.15,1.17,73416,0
SBEV.US,D,20221102,000000,1.15,1.2,1.1,1.11,176748,0
SBEV.US,D,20221103,000000,1.12,1.18,1.05,1.06,209970,0
SBEV.US,D,20221104,000000,1.13,1.1705,1.0674,1.16,108509,0
SBEV.US,D,20221107,000000,1.2,1.2,1.08,1.08,90732,0
SBEV.US,D,20221108,000000,1.13,1.15,1.08,1.12,171791,0
SBEV.US,D,20221109,000000,1.11,1.15,1.07,1.07,95803,0
SBEV.US,D,20221110,000000,1.08,1.2264,1.08,1.13,157760,0
SBEV.US,D,20221111,000000,1.14,1.24,1.09,1.215,226608,0
SBEV.US,D,20221114,000000,1.2,1.21,1.08,1.08,284134,0
SBEV.US,D,20221115,000000,1.14,1.1685,1.03,1.07,358511,0
SBEV.US,D,20221116,000000,1.12,1.15,1.05,1.06,203729,0
SBEV.US,D,20221117,000000,1.05,1.06,0.9501,1.015,304602,0
SBEV.US,D,20221118,000000,1.03,1.07,1.0105,1.03,84428,0
SBEV.US,D,20221121,000000,1.03,1.08,1,1.03,70070,0
SBEV.US,D,20221122,000000,1.04,1.05,1,1.02,221667,0
SBEV.US,D,20221123,000000,1.02,1.04,0.98,1,195572,0
SBEV.US,D,20221125,000000,0.99,1.03,0.95,1.02,125228,0
SBEV.US,D,20221128,000000,1.03,1.04,0.9729,1,139781,0
SBEV.US,D,20221129,000000,1.04,1.05,0.98,1.0199,152147,0
SBEV.US,D,20221130,000000,1.0099,1.08,1,1.03,136667,0
SBEV.US,D,20221201,000000,1.05,1.05,0.959,0.9899,361027,0
SBEV.US,D,20221202,000000,1,1.02,0.97,0.9999,242290,0
SBEV.US,D,20221205,000000,1,1.09,1,1.01,538170,0
SBEV.US,D,20221206,000000,1.07,1.12,1.01,1.06,223199,0
SBEV.US,D,20221207,000000,1.07,1.08,1.01,1.0206,53501,0
SBEV.US,D,20221208,000000,1.07,1.12,0.99,1.04,486279,0
SBEV.US,D,20221209,000000,1,1.01,0.98,0.9801,245964,0
SBEV.US,D,20221212,000000,0.98,1.03,0.98,0.9961,133465,0
SBEV.US,D,20221213,000000,0.99,1.03,0.9705,1.01,167902,0
SBEV.US,D,20221214,000000,0.99,1.02,0.99,0.99,154684,0
SBEV.US,D,20221215,000000,0.99,1.02,0.9806,0.99,139867,0
SBEV.US,D,20221216,000000,1.01,1.0234,0.99,0.99,178891,0
SBEV.US,D,20221219,000000,0.9904,1.01,0.92,0.924,247886,0
SBEV.US,D,20221220,000000,0.92,0.94,0.9,0.9,99322,0
SBEV.US,D,20221221,000000,0.93,0.93,0.9,0.9,87133,0
SBEV.US,D,20221222,000000,0.9,0.9055,0.8,0.835,369533,0
SBEV.US,D,20221223,000000,0.8327,0.87,0.8157,0.8453,102855,0
SBEV.US,D,20221227,000000,0.86,0.8699,0.85,0.865,154932,0
SBEV.US,D,20221228,000000,0.8698,0.91,0.8384,0.8901,132650,0
SBEV.US,D,20221229,000000,0.9,1.05,0.9,0.9799,383544,0
SBEV.US,D,20221230,000000,1.01,1.04,0.88,0.9614,323063,0
SBEV.US,D,20230103,000000,0.978,0.98,0.8401,0.85,671962,0
SBEV.US,D,20230104,000000,0.93,0.93,0.8111,0.8699,337480,0
SBEV.US,D,20230105,000000,0.85,0.88,0.8125,0.83,191066,0
SBEV.US,D,20230106,000000,0.83,0.834,0.8002,0.81,220385,0
SBEV.US,D,20230109,000000,0.81,0.833,0.76,0.76,383521,0
SBEV.US,D,20230110,000000,0.8035,0.823,0.7502,0.7976,125252,0
SBEV.US,D,20230111,000000,0.8096,0.8202,0.771,0.8001,118232,0
SBEV.US,D,20230112,000000,0.8,0.8324,0.79,0.8002,162655,0
SBEV.US,D,20230113,000000,0.8543,0.949499,0.835,0.9184,328214,0
SBEV.US,D,20230117,000000,0.932,0.94,0.89,0.9399,154286,0
SBEV.US,D,20230118,000000,0.9399,0.99,0.9038,0.91,172424,0
SBEV.US,D,20230119,000000,0.9164,0.9835,0.909999,0.96,87556,0
SBEV.US,D,20230120,000000,0.95,1.0001,0.9163,1,351744,0
SBEV.US,D,20230123,000000,1.02,1.08,0.9601,1.0711,284920,0
SBEV.US,D,20230124,000000,1.08,1.1685,1.0682,1.15,184941,0
SBEV.US,D,20230125,000000,1.17,1.19,1.11,1.12,128391,0
SBEV.US,D,20230126,000000,1.15,1.2,1.12,1.17,113877,0
SBEV.US,D,20230127,000000,1.2,1.2,1.17,1.18,86495,0
SBEV.US,D,20230130,000000,1.21,1.21,1.15,1.15,112628,0
SBEV.US,D,20230131,000000,1.16,1.18,1.07,1.15,143178,0
SBEV.US,D,20230201,000000,1.14,1.14,1.03,1.06,275990,0
SBEV.US,D,20230202,000000,1.06,1.14,1.04,1.0923,400220,0
SBEV.US,D,20230203,000000,1.07,1.12,1.03,1.03,375435,0
SBEV.US,D,20230206,000000,1.03,1.12,1.03,1.07,152045,0
SBEV.US,D,20230207,000000,1.11,1.11,1.03,1.07,139394,0
SBEV.US,D,20230208,000000,1.07,1.1,1.04,1.04,79071,0
SBEV.US,D,20230209,000000,1.14,1.14,1.05,1.07,85319,0
SBEV.US,D,20230210,000000,1.06,1.09,1.04,1.09,92787,0
SBEV.US,D,20230213,000000,1.05,1.1,1.03,1.04,112511,0
SBEV.US,D,20230214,000000,1.1,1.1,1.05,1.09,70836,0
SBEV.US,D,20230215,000000,1.05,1.1,1.05,1.09,133325,0
SBEV.US,D,20230216,000000,1.07,1.2482,1.06,1.21,313881,0
SBEV.US,D,20230217,000000,1.25,1.34,1.23,1.31,266073,0
SBEV.US,D,20230221,000000,1.22,1.33,1.22,1.26,66972,0
SBEV.US,D,20230222,000000,1.31,1.47,1.3,1.45,250978,0
SBEV.US,D,20230223,000000,1.49,1.59,1.44,1.48,303377,0
SBEV.US,D,20230224,000000,1.43,1.48,1.27,1.32,142256,0
SBEV.US,D,20230227,000000,1.32,1.43,1.32,1.36,89662,0
SBEV.US,D,20230228,000000,1.35,1.5,1.33,1.36,111791,0
SBEV.US,D,20230301,000000,1.34,1.39,1.24,1.24,141855,0
SBEV.US,D,20230302,000000,1.24,1.34,1.24,1.3275,102013,0
SBEV.US,D,20230303,000000,1.29,1.3452,1.284,1.34,90706,0
SBEV.US,D,20230306,000000,1.36,1.45,1.34,1.42,67707,0
SBEV.US,D,20230307,000000,1.44,1.5,1.418,1.45,178304,0
SBEV.US,D,20230308,000000,1.45,1.58,1.45,1.5031,252549,0
SBEV.US,D,20230309,000000,1.51,1.7,1.51,1.66,281803,0
SBEV.US,D,20230310,000000,1.71,1.75,1.51,1.59,308734,0
SBEV.US,D,20230313,000000,1.59,1.7099,1.5101,1.56,155353,0
SBEV.US,D,20230314,000000,1.62,1.65,1.5,1.5,156597,0
SBEV.US,D,20230315,000000,1.51,1.51,1.35,1.41,159419,0
SBEV.US,D,20230316,000000,1.36,1.59,1.36,1.51,204449,0
SBEV.US,D,20230317,000000,1.46,1.65,1.41,1.6,128638,0
SBEV.US,D,20230320,000000,1.7,1.85,1.6238,1.75,596266,0
SBEV.US,D,20230321,000000,1.77,1.81,1.662,1.75,191068,0
SBEV.US,D,20230322,000000,1.76,1.77,1.63,1.64,161499,0
SBEV.US,D,20230323,000000,1.69,1.7024,1.3997,1.46,342410,0
SBEV.US,D,20230324,000000,1.53,1.55,1.34,1.38,171817,0
SBEV.US,D,20230327,000000,1.4,1.58,1.4,1.58,161259,0
SBEV.US,D,20230328,000000,1.59,1.59,1.52,1.54,88138,0
SBEV.US,D,20230329,000000,1.61,1.63,1.55,1.6,117726,0
SBEV.US,D,20230330,000000,1.65,1.6555,1.5704,1.61,72793,0
SBEV.US,D,20230331,000000,1.62,1.72,1.6,1.64,328408,0
SBEV.US,D,20230403,000000,1.68,1.6899,1.48,1.5,214614,0
SBEV.US,D,20230404,000000,1.51,1.55,1.35,1.39,289173,0
SBEV.US,D,20230405,000000,1.41,1.5,1.41,1.45,256500,0
SBEV.US,D,20230406,000000,1.51,1.5425,1.4,1.42,111821,0
SBEV.US,D,20230410,000000,1.41,1.4701,1.41,1.42,140541,0
SBEV.US,D,20230411,000000,1.42,1.42,1.2647,1.28,289940,0
SBEV.US,D,20230412,000000,1.28,1.32,1.12,1.17,633909,0
SBEV.US,D,20230413,000000,1.11,1.29,1.1,1.16,438538,0
SBEV.US,D,20230414,000000,1.15,1.2301,1.06,1.09,423307,0
SBEV.US,D,20230417,000000,1.12,1.1564,1.08,1.1,217616,0
SBEV.US,D,20230418,000000,1.1,1.12,1.08,1.1,118229,0
SBEV.US,D,20230419,000000,1.18,1.18,1.04,1.08,163776,0
SBEV.US,D,20230420,000000,1.09,1.13,1.08,1.1,79747,0
SBEV.US,D,20230421,000000,1.09,1.14,1.05,1.08,149258,0
SBEV.US,D,20230424,000000,1.05,1.1499,1.05,1.12,149280,0
SBEV.US,D,20230425,000000,1.11,1.29,1.1011,1.25,236651,0
SBEV.US,D,20230426,000000,1.2,1.24,1.15,1.18,143494,0
SBEV.US,D,20230427,000000,1.14,1.18,1.13,1.14,45832,0
SBEV.US,D,20230428,000000,1.16,1.2287,1.13,1.15,139493,0
SBEV.US,D,20230501,000000,1.17,1.315,1.16,1.26,146319,0
SBEV.US,D,20230502,000000,1.23,1.2318,1.18,1.21,116543,0
SBEV.US,D,20230503,000000,1.23,1.27,1.19,1.22,166504,0
SBEV.US,D,20230504,000000,1.2443,1.26,1.17,1.21,136450,0
SBEV.US,D,20230505,000000,1.23,1.2499,1.2,1.22,100108,0
SBEV.US,D,20230508,000000,1.3,1.3,1.2,1.27,156723,0
SBEV.US,D,20230509,000000,1.29,1.3,1.21,1.25,114733,0
SBEV.US,D,20230510,000000,1.265,1.2794,1.23,1.23,157149,0
SBEV.US,D,20230511,000000,1.21,1.25,1.18,1.24,69158,0
SBEV.US,D,20230512,000000,1.24,1.26,1.16,1.18,114780,0
SBEV.US,D,20230515,000000,1.22,1.24,1.17,1.23,114468,0
SBEV.US,D,20230516,000000,1.24,1.25,1.16,1.16,140553,0
SBEV.US,D,20230517,000000,1.16,1.199,1.14,1.18,123569,0
SBEV.US,D,20230518,000000,1.21,1.21,1.16,1.17,119865,0
SBEV.US,D,20230519,000000,1.19,1.19,1.12,1.14,116284,0
SBEV.US,D,20230522,000000,1.18,1.19,1.13,1.19,160069,0
SBEV.US,D,20230523,000000,1.12,1.17,1.1,1.16,175439,0
SBEV.US,D,20230524,000000,1.17,1.185,1.14,1.18,67228,0
SBEV.US,D,20230525,000000,1.27,1.2799,1.13,1.14,143463,0
SBEV.US,D,20230526,000000,1.13,1.192,1.12,1.15,172901,0
SBEV.US,D,20230530,000000,1.18,1.19,1.1445,1.19,62419,0
SBEV.US,D,20230531,000000,1.13,1.17,0.99005,1.01,385772,0
SBEV.US,D,20230601,000000,1.07,1.08,1.03,1.07,146359,0
SBEV.US,D,20230602,000000,1.08,1.08,1.05,1.08,127697,0
SBEV.US,D,20230605,000000,1.07,1.1399,1.07,1.09,42574,0
SBEV.US,D,20230606,000000,1.08,1.2,1.05,1.06,258270,0
SBEV.US,D,20230607,000000,1.03,1.1,1.03,1.04,135980,0
SBEV.US,D,20230608,000000,1.04,1.07,1.02,1.04,115531,0
SBEV.US,D,20230609,000000,1.07,1.07,1.02,1.04,81406,0
SBEV.US,D,20230612,000000,1.03,1.0643,0.9015,0.9801,460281,0
SBEV.US,D,20230613,000000,1.01,1.09,1,1.07,288486,0
SBEV.US,D,20230614,000000,1.09,1.09,1.01,1.04,163703,0
SBEV.US,D,20230615,000000,1.04,1.06,0.9512,0.99,411991,0
SBEV.US,D,20230616,000000,1.04,1.04,0.8701,0.93,701077,0
SBEV.US,D,20230620,000000,0.93,0.9879,0.89,0.9518,151165,0
SBEV.US,D,20230621,000000,0.9462,1.03,0.89,0.9489,309442,0
SBEV.US,D,20230622,000000,0.9204,1.01,0.9002,0.96,259240,0
SBEV.US,D,20230623,000000,0.941251,0.9815,0.8747,0.966,335105,0
SBEV.US,D,20230626,000000,0.97,0.98,0.9,0.97,45364,0
SBEV.US,D,20230627,000000,1.03,1.04,0.95,0.9801,207922,0
SBEV.US,D,20230628,000000,1.01,1.0899,0.9318,1.06,276178,0
SBEV.US,D,20230629,000000,1.08,1.12,1.04,1.08,193924,0
SBEV.US,D,20230630,000000,1.07,1.135,1.04,1.12,234494,0
SBEV.US,D,20230703,000000,1.18,1.18,1.05,1.07,102561,0
SBEV.US,D,20230705,000000,1.09,1.09,1.03,1.05,121578,0
SBEV.US,D,20230706,000000,1.05,1.05,0.9501,0.99,214051,0
SBEV.US,D,20230707,000000,1.01,1.0287,0.97,1.01,43063,0
SBEV.US,D,20230710,000000,1,1.02,0.99,1,154057,0
SBEV.US,D,20230711,000000,1,1.07,1,1.05,150505,0
SBEV.US,D,20230712,000000,1.04,1.0678,1,1.02,169672,0
SBEV.US,D,20230713,000000,1.01,1.04,1.01,1.01,58369,0
SBEV.US,D,20230714,000000,1,1.04,1,1.02,82592,0
SBEV.US,D,20230717,000000,1.0383,1.0383,1.0001,1.005,49563,0
SBEV.US,D,20230718,000000,1,1.03,1,1.03,119193,0
SBEV.US,D,20230719,000000,1.04,1.0522,1,1.01,100246,0
SBEV.US,D,20230720,000000,1.01,1.03,1,1,17159,0
SBEV.US,D,20230721,000000,1,1.01,0.95,0.95,83733,0
SBEV.US,D,20230724,000000,0.9849,1.02,0.9601,0.974,57419,0
SBEV.US,D,20230725,000000,1,1.01,0.95,0.952,70136,0
SBEV.US,D,20230726,000000,0.9614,0.9849,0.941,0.95,60769,0
SBEV.US,D,20230727,000000,0.95,0.96,0.92,0.9202,112955,0
SBEV.US,D,20230728,000000,0.95,0.9599,0.9201,0.94,67947,0
SBEV.US,D,20230731,000000,0.93,0.959699,0.92,0.9286,84264,0
SBEV.US,D,20230801,000000,0.9205,0.93,0.9,0.9095,105448,0
SBEV.US,D,20230802,000000,0.9,0.9,0.85,0.8699,192529,0
SBEV.US,D,20230803,000000,0.8523,0.88,0.8332,0.8545,150062,0
SBEV.US,D,20230804,000000,0.86,0.8748,0.78,0.7991,564181,0
SBEV.US,D,20230807,000000,0.8,0.8287,0.71,0.7994,712793,0
SBEV.US,D,20230808,000000,0.7843,0.815,0.7205,0.7402,595261,0
SBEV.US,D,20230809,000000,0.75,0.8002,0.6701,0.7207,670121,0
SBEV.US,D,20230810,000000,0.7135,0.7435,0.6485,0.7253,691732,0
SBEV.US,D,20230811,000000,0.7253,0.7785,0.72,0.77,335553,0
SBEV.US,D,20230814,000000,0.78,0.93,0.7335,0.79,809889,0
SBEV.US,D,20230815,000000,0.8184,0.8184,0.7234,0.75,291426,0
SBEV.US,D,20230816,000000,0.72,0.7468,0.68,0.728,404216,0
SBEV.US,D,20230817,000000,0.74,0.7754,0.6639,0.728,476264,0
SBEV.US,D,20230818,000000,0.7488,0.8781,0.711,0.8506,840479,0
SBEV.US,D,20230821,000000,0.8993,0.93,0.6724,0.71,1118215,0
SBEV.US,D,20230822,000000,0.7401,0.7889,0.69,0.695,622922,0
SBEV.US,D,20230823,000000,0.73,0.73,0.5372,0.669,1348763,0
SBEV.US,D,20230824,000000,0.699,0.72,0.68,0.719,440132,0
SBEV.US,D,20230825,000000,0.715,0.715,0.652,0.67,349628,0
SBEV.US,D,20230828,000000,0.71,0.7757,0.7,0.7523,334221,0
SBEV.US,D,20230829,000000,0.7439,0.7507,0.6918,0.73,207692,0
SBEV.US,D,20230830,000000,0.7081,0.7284,0.68,0.71,147140,0
SBEV.US,D,20230831,000000,0.71,0.7169,0.67,0.704,137104,0
SBEV.US,D,20230901,000000,0.6999,0.718,0.6825,0.701,54962,0
SBEV.US,D,20230905,000000,0.6869,0.6999,0.66,0.6999,74126,0
SBEV.US,D,20230906,000000,0.6859,0.7,0.654,0.654,77203,0
SBEV.US,D,20230907,000000,0.66,0.6803,0.63,0.67,177133,0
SBEV.US,D,20230908,000000,0.67,0.7089,0.67,0.6866,110313,0
SBEV.US,D,20230911,000000,0.71,0.74,0.669,0.692,356223,0
SBEV.US,D,20230912,000000,0.7189,0.8199,0.6958,0.7659,395846,0
SBEV.US,D,20230913,000000,0.74,0.7649,0.721,0.7543,66213,0
SBEV.US,D,20230914,000000,0.7585,0.7732,0.7444,0.7561,74345,0
SBEV.US,D,20230915,000000,0.745,0.79,0.7201,0.79,71788,0
SBEV.US,D,20230918,000000,0.77,0.78,0.74,0.74,105965,0
SBEV.US,D,20230919,000000,0.744,0.768,0.7094,0.73,68477,0
SBEV.US,D,20230920,000000,0.711,0.74,0.69,0.69,163386,0
SBEV.US,D,20230921,000000,0.6865,0.7164,0.6599,0.6788,59340,0
SBEV.US,D,20230922,000000,0.669,0.698,0.6631,0.665,87841,0
SBEV.US,D,20230925,000000,0.67,0.689,0.63,0.63,182641,0
SBEV.US,D,20230926,000000,0.63,0.6596,0.59,0.6,230272,0
SBEV.US,D,20230927,000000,0.626,0.666,0.626,0.63,70900,0
SBEV.US,D,20230928,000000,0.6455,0.65,0.6001,0.602,89684,0
SBEV.US,D,20230929,000000,0.601,0.61,0.5624,0.59,194566,0
SBEV.US,D,20231002,000000,0.5917,0.7,0.5917,0.657,312089,0
SBEV.US,D,20231003,000000,0.672,0.68,0.6252,0.6312,119029,0
SBEV.US,D,20231004,000000,0.63,0.6499,0.604701,0.612,72289,0
SBEV.US,D,20231005,000000,0.6089,0.6972,0.6022,0.6843,289631,0
SBEV.US,D,20231006,000000,0.695,0.7399,0.67,0.683,258288,0
SBEV.US,D,20231009,000000,0.68,0.703,0.6451,0.69,120147,0
SBEV.US,D,20231010,000000,0.695,0.725,0.6729,0.6885,279858,0
SBEV.US,D,20231011,000000,0.6993,0.715,0.66905,0.6861,137369,0
SBEV.US,D,20231012,000000,0.72,0.72,0.646,0.679,180477,0
SBEV.US,D,20231013,000000,0.6586,0.67,0.6022,0.6328,260755,0
SBEV.US,D,20231016,000000,0.662,0.6898,0.62,0.678,173872,0
SBEV.US,D,20231017,000000,0.6837,0.7,0.65,0.68,101926,0
SBEV.US,D,20231018,000000,0.695,0.7195,0.664,0.6791,77992,0
SBEV.US,D,20231019,000000,0.67,0.6999,0.64,0.6527,122584,0
SBEV.US,D,20231020,000000,0.67,0.68,0.65,0.65,86117,0
SBEV.US,D,20231023,000000,0.683,0.69,0.640001,0.649,69691,0
SBEV.US,D,20231024,000000,0.663,0.663,0.602,0.628,175771,0
SBEV.US,D,20231025,000000,0.6251,0.6279,0.59,0.606,185408,0
SBEV.US,D,20231026,000000,0.606,0.618,0.59,0.6085,156182,0
SBEV.US,D,20231027,000000,0.61,0.62,0.585,0.6117,360448,0
SBEV.US,D,20231030,000000,0.61,0.629,0.58,0.5995,152660,0
SBEV.US,D,20231031,000000,0.6028,0.6028,0.56,0.5786,133024,0
SBEV.US,D,20231101,000000,0.562,0.5799,0.53,0.5387,137934,0
SBEV.US,D,20231102,000000,0.55,0.5599,0.5202,0.5205,152209,0
SBEV.US,D,20231103,000000,0.52,0.5549,0.516049,0.5499,74883,0
SBEV.US,D,20231106,000000,0.5558,0.5558,0.51,0.51,42110,0
SBEV.US,D,20231107,000000,0.5306,0.5306,0.4804,0.480631,152501,0
SBEV.US,D,20231108,000000,0.509,0.509,0.461,0.461,139499,0
SBEV.US,D,20231109,000000,0.47,0.4875,0.3773,0.48,917760,0
SBEV.US,D,20231110,000000,0.469,0.48,0.45,0.4754,111592,0
SBEV.US,D,20231113,000000,0.4821,0.487,0.45,0.4754,16015,0
SBEV.US,D,20231114,000000,0.47,0.5091,0.46505,0.4951,109291,0
SBEV.US,D,20231115,000000,0.4802,0.56,0.4802,0.5268,446614,0
SBEV.US,D,20231116,000000,0.55,0.55,0.46,0.4632,245592,0
SBEV.US,D,20231117,000000,0.549,0.549,0.4902,0.5,118764,0
SBEV.US,D,20231120,000000,0.535,0.547,0.5,0.504,34849,0
SBEV.US,D,20231121,000000,0.5,0.539,0.5,0.5205,121680,0
SBEV.US,D,20231122,000000,0.5058,0.6106,0.5058,0.5979,161016,0
SBEV.US,D,20231124,000000,0.6399,0.71,0.6085,0.65155,246164,0
SBEV.US,D,20231127,000000,0.6593,0.665,0.5651,0.5651,120741,0
SBEV.US,D,20231128,000000,0.6449,0.65,0.5649,0.6,118328,0
SBEV.US,D,20231129,000000,0.6286,0.6465,0.615,0.63,124444,0
SBEV.US,D,20231130,000000,0.64,0.64,0.5901,0.6122,35798,0
SBEV.US,D,20231201,000000,0.62,0.62,0.57,0.6,98593,0
SBEV.US,D,20231204,000000,0.6,0.63,0.59,0.616,56502,0
SBEV.US,D,20231205,000000,0.6466,0.65,0.6026,0.6239,34300,0
SBEV.US,D,20231206,000000,0.6091,0.630099,0.5887,0.622,63066,0
SBEV.US,D,20231207,000000,0.622,0.6889,0.622,0.64,91680,0
SBEV.US,D,20231208,000000,0.6516,0.666599,0.64,0.641,43854,0
SBEV.US,D,20231211,000000,0.64,0.689999,0.606,0.625,133771,0
SBEV.US,D,20231212,000000,0.6173,0.6333,0.6109,0.6117,121531,0
SBEV.US,D,20231213,000000,0.634,0.6349,0.5801,0.5997,88851,0
SBEV.US,D,20231214,000000,0.599,0.629,0.599,0.6,202238,0
SBEV.US,D,20231215,000000,0.5978,0.625,0.58,0.585,163248,0
SBEV.US,D,20231218,000000,0.585,0.61,0.578,0.578,145140,0
SBEV.US,D,20231219,000000,0.58,0.6079,0.5799,0.58,72045,0
SBEV.US,D,20231220,000000,0.58,0.6199,0.555,0.5992,212513,0
SBEV.US,D,20231221,000000,0.6,0.6,0.55,0.5864,117165,0
SBEV.US,D,20231222,000000,0.58,0.6059,0.576,0.601,46492,0
SBEV.US,D,20231226,000000,0.592,0.62,0.5859,0.6033,158753,0
SBEV.US,D,20231227,000000,0.6094,0.619,0.591,0.6043,82248,0
SBEV.US,D,20231228,000000,0.6,0.6136,0.5805,0.599,191986,0
SBEV.US,D,20231229,000000,0.6137,0.6144,0.55,0.5524,234488,0
SBEV.US,D,20240102,000000,0.572,0.572,0.532,0.5328,71592,0
SBEV.US,D,20240103,000000,0.525,0.531,0.516,0.5289,97260,0
SBEV.US,D,20240104,000000,0.5314,0.5553,0.5044,0.5196,100093,0
SBEV.US,D,20240105,000000,0.52,0.534,0.509,0.5101,63261,0
SBEV.US,D,20240108,000000,0.51,0.5273,0.51,0.5114,167937,0
SBEV.US,D,20240109,000000,0.522,0.537,0.51,0.5151,60861,0
SBEV.US,D,20240110,000000,0.5151,0.5305,0.5151,0.5301,29572,0
SBEV.US,D,20240111,000000,0.525,0.525,0.5153,0.5249,58218,0
SBEV.US,D,20240112,000000,0.515,0.5479,0.5146,0.531,70767,0
SBEV.US,D,20240116,000000,0.5291,0.548,0.5115,0.5184,110648,0
SBEV.US,D,20240117,000000,0.52,0.52,0.51,0.5101,136896,0
SBEV.US,D,20240118,000000,0.51,0.5161,0.51,0.5161,75569,0
SBEV.US,D,20240119,000000,0.51,0.542299,0.51,0.512,42661,0
SBEV.US,D,20240122,000000,0.51,0.535,0.4641,0.4905,237185,0
SBEV.US,D,20240123,000000,0.487,0.487,0.4701,0.4757,78682,0
SBEV.US,D,20240124,000000,0.45,0.46,0.379208,0.3999,702353,0
SBEV.US,D,20240125,000000,0.42,0.425,0.39,0.407,396028,0
SBEV.US,D,20240126,000000,0.43,0.43,0.3851,0.395,374223,0
SBEV.US,D,20240129,000000,0.391,0.415,0.3803,0.4001,542507,0
SBEV.US,D,20240130,000000,0.391,0.4048,0.3907,0.4008,38474,0
SBEV.US,D,20240131,000000,0.41,0.41,0.3913,0.4,49745,0
SBEV.US,D,20240201,000000,0.41,0.41,0.39,0.4,70858,0
SBEV.US,D,20240202,000000,0.39,0.39,0.35,0.37,245429,0
SBEV.US,D,20240205,000000,0.37,0.3889,0.3503,0.3504,99247,0
SBEV.US,D,20240206,000000,0.3802,0.39,0.35,0.367,701413,0
SBEV.US,D,20240207,000000,0.368,0.381,0.33,0.35,197541,0
SBEV.US,D,20240208,000000,0.37,0.38,0.3234,0.333,155514,0
SBEV.US,D,20240209,000000,0.349,0.395,0.34,0.3928,156363,0
SBEV.US,D,20240212,000000,0.381,0.4001,0.375,0.3834,140243,0
SBEV.US,D,20240213,000000,0.3778,0.4301,0.3778,0.42,176206,0
SBEV.US,D,20240214,000000,0.41,0.498,0.40695,0.498,130923,0
SBEV.US,D,20240215,000000,0.403,0.5898,0.3998,0.552,669349,0
SBEV.US,D,20240216,000000,0.62,0.6494,0.5727,0.575,328275,0
SBEV.US,D,20240220,000000,0.5704,0.6,0.5388,0.5388,122619,0
SBEV.US,D,20240221,000000,0.5397,0.567,0.52,0.534,70479,0
SBEV.US,D,20240222,000000,0.5226,0.5488,0.52,0.5258,42322,0
SBEV.US,D,20240223,000000,0.52,0.565,0.52,0.5362,75040,0
SBEV.US,D,20240226,000000,0.54,0.5547,0.5223,0.5275,79827,0
SBEV.US,D,20240227,000000,0.5395,0.54,0.5154,0.5291,125469,0
SBEV.US,D,20240228,000000,0.54,0.5555,0.5203,0.5448,87378,0
SBEV.US,D,20240229,000000,0.5539,0.665,0.5363,0.647,272785,0
SBEV.US,D,20240301,000000,0.571,0.73,0.56,0.7001,525181,0
SBEV.US,D,20240304,000000,0.72,0.72,0.556,0.58,501188,0
SBEV.US,D,20240305,000000,0.5732,0.617,0.55,0.59,61346,0
SBEV.US,D,20240306,000000,0.5882,0.691,0.5882,0.661,330121,0
SBEV.US,D,20240307,000000,0.68,0.695,0.6149,0.6475,153091,0
SBEV.US,D,20240308,000000,0.6516,0.6816,0.6101,0.648,166454,0
SBEV.US,D,20240311,000000,0.66,0.666,0.606,0.63,45555,0
SBEV.US,D,20240312,000000,0.639,0.65,0.5616,0.6001,172033,0
SBEV.US,D,20240313,000000,0.5821,0.629,0.5,0.5301,359570,0
SBEV.US,D,20240314,000000,0.5258,0.5401,0.5,0.5005,87443,0
SBEV.US,D,20240315,000000,0.5126,0.572,0.4821,0.4911,114403,0
SBEV.US,D,20240318,000000,0.481,0.51,0.431,0.442,279374,0
SBEV.US,D,20240319,000000,0.456,0.5096,0.453,0.47,89548,0
SBEV.US,D,20240320,000000,0.4678,0.53,0.4678,0.5085,106112,0
SBEV.US,D,20240321,000000,0.512817,0.5234,0.4761,0.4859,74702,0
SBEV.US,D,20240322,000000,0.52,0.52,0.4745,0.5044,117008,0
SBEV.US,D,20240325,000000,0.5,0.529599,0.468,0.4893,75145,0
SBEV.US,D,20240326,000000,0.501,0.501,0.468,0.47,72195,0
SBEV.US,D,20240327,000000,0.47,0.4954,0.46,0.46,74849,0
SBEV.US,D,20240328,000000,0.47,0.483,0.45,0.46,78221,0
SBEV.US,D,20240401,000000,0.4541,0.4541,0.33,0.3699,1307483,0
SBEV.US,D,20240402,000000,0.37,0.39,0.3451,0.357,135455,0
SBEV.US,D,20240403,000000,0.365,0.3653,0.34,0.3548,183928,0
SBEV.US,D,20240404,000000,0.38,0.39,0.3425,0.356,226205,0
SBEV.US,D,20240405,000000,0.366,0.3699,0.3501,0.3501,81462,0
SBEV.US,D,20240408,000000,0.3507,0.3586,0.33,0.338499,162896,0
SBEV.US,D,20240409,000000,0.347,0.39,0.34,0.345,163492,0
SBEV.US,D,20240410,000000,0.362,0.36249,0.335,0.3414,45452,0
SBEV.US,D,20240411,000000,0.358,0.3588,0.3315,0.3351,89495,0
SBEV.US,D,20240412,000000,0.3705,0.3705,0.33,0.33,198334,0
SBEV.US,D,20240415,000000,0.35,0.352,0.33,0.33,143845,0
SBEV.US,D,20240416,000000,0.3404,0.35,0.33,0.3319,73010,0
SBEV.US,D,20240417,000000,0.33,0.345,0.3201,0.333,145402,0
SBEV.US,D,20240418,000000,0.3381,0.341,0.33,0.333,49714,0
SBEV.US,D,20240419,000000,0.3274,0.3453,0.3274,0.3392,49781,0
SBEV.US,D,20240422,000000,0.3392,0.3454,0.3227,0.3274,65497,0
SBEV.US,D,20240423,000000,0.342,0.3474,0.321,0.321,76677,0
SBEV.US,D,20240424,000000,0.33,0.3424,0.32,0.329,77801,0
SBEV.US,D,20240425,000000,0.321,0.3425,0.321,0.3255,23229,0
SBEV.US,D,20240426,000000,0.321,0.3299,0.3,0.316,83078,0
SBEV.US,D,20240429,000000,0.3177,0.3322,0.280401,0.2949,190713,0
SBEV.US,D,20240430,000000,0.29,0.435,0.29,0.329,734589,0
SBEV.US,D,20240501,000000,0.33,0.34,0.301,0.32,108334,0
SBEV.US,D,20240502,000000,0.325,0.3595,0.315049,0.345,69844,0
SBEV.US,D,20240503,000000,0.37,0.37,0.32,0.342,234650,0
SBEV.US,D,20240506,000000,0.349,0.35,0.3151,0.3201,88977,0
SBEV.US,D,20240507,000000,0.3109,0.33,0.3109,0.3136,67276,0
SBEV.US,D,20240508,000000,0.3199,0.3199,0.296,0.298,164506,0
SBEV.US,D,20240509,000000,0.3132,0.323,0.3,0.3023,124418,0
SBEV.US,D,20240510,000000,0.309,0.3399,0.3,0.31,113626,0
SBEV.US,D,20240513,000000,0.3094,0.33,0.3094,0.316,131874,0
SBEV.US,D,20240514,000000,0.3292,0.3292,0.2803,0.3091,236687,0
SBEV.US,D,20240515,000000,0.3045,0.3099,0.2811,0.287,100061,0
SBEV.US,D,20240516,000000,0.31,0.31,0.27,0.2791,206542,0
SBEV.US,D,20240517,000000,0.2917,0.31,0.2705,0.283,236121,0
SBEV.US,D,20240520,000000,0.2748,0.29,0.2702,0.276,161010,0
SBEV.US,D,20240521,000000,0.2746,0.299999,0.27,0.271,139802,0
SBEV.US,D,20240522,000000,0.2689,0.277,0.248,0.25,268332,0
SBEV.US,D,20240523,000000,0.256,0.2709,0.2314,0.2549,204155,0
SBEV.US,D,20240524,000000,0.267,0.2931,0.249899,0.284,550488,0
SBEV.US,D,20240528,000000,0.2897,0.3,0.2675,0.284,205863,0
SBEV.US,D,20240529,000000,0.2755,0.2917,0.271,0.2825,148455,0
SBEV.US,D,20240530,000000,0.28,0.3,0.2646,0.292,158063,0
SBEV.US,D,20240531,000000,0.31,0.5207,0.2409,0.245,13844182,0
SBEV.US,D,20240603,000000,0.3041,0.3041,0.25,0.2889,4381448,0
SBEV.US,D,20240604,000000,0.2891,0.2995,0.246,0.25,2378650,0
SBEV.US,D,20240605,000000,0.255,0.255,0.225,0.2499,1428060,0
SBEV.US,D,20240606,000000,0.25,0.26928,0.2335,0.2547,1202747,0
SBEV.US,D,20240607,000000,0.25,0.264,0.24,0.2576,513163,0
SBEV.US,D,20240610,000000,0.2622,0.2699,0.25,0.25,330440,0
SBEV.US,D,20240611,000000,0.2425,0.255,0.2301,0.252,325144,0
SBEV.US,D,20240612,000000,0.2515,0.2599,0.229981,0.24276,559421,0
SBEV.US,D,20240613,000000,0.25,0.25,0.2212,0.229,1305140,0
SBEV.US,D,20240614,000000,0.23,0.231,0.21,0.2298,453747,0
SBEV.US,D,20240617,000000,0.2229,0.2363,0.212,0.2284,454697,0
SBEV.US,D,20240618,000000,0.2271,0.23,0.2005,0.218,468621,0
SBEV.US,D,20240620,000000,0.2147,0.259742,0.2105,0.2349,1194718,0
SBEV.US,D,20240621,000000,0.231,0.245,0.215,0.215,827335,0
SBEV.US,D,20240624,000000,0.225,0.2938,0.216,0.239,3324187,0
SBEV.US,D,20240625,000000,0.225,0.253099,0.225,0.24,1421101,0
SBEV.US,D,20240626,000000,0.2411,0.261,0.24,0.2477,499357,0
SBEV.US,D,20240627,000000,0.2519,0.2699,0.226,0.254,767315,0
SBEV.US,D,20240628,000000,0.254,0.2599,0.23,0.23,812645,0
SBEV.US,D,20240701,000000,0.2456,0.258,0.24,0.2513,477053,0
SBEV.US,D,20240702,000000,0.2438,0.2513,0.225,0.2333,967587,0
SBEV.US,D,20240703,000000,0.2329,0.2398,0.226,0.229,355343,0
SBEV.US,D,20240705,000000,0.2299,0.28,0.2299,0.26785,1029820,0
SBEV.US,D,20240708,000000,0.28,0.3199,0.27,0.303,1268521,0
SBEV.US,D,20240709,000000,0.3032,0.3477,0.28,0.296,1204190,0
SBEV.US,D,20240710,000000,0.3047,0.313,0.281,0.2909,214820,0
SBEV.US,D,20240711,000000,0.2909,0.309,0.26,0.27,718324,0
SBEV.US,D,20240712,000000,0.28,0.3129,0.275001,0.3129,549542,0
SBEV.US,D,20240715,000000,0.2896,0.3399,0.2896,0.3267,510379,0
SBEV.US,D,20240716,000000,0.33,0.346,0.3137,0.3286,371612,0
SBEV.US,D,20240717,000000,0.33,0.34,0.303,0.303,487601,0
SBEV.US,D,20240718,000000,0.3,0.305,0.2701,0.2726,661719,0
SBEV.US,D,20240719,000000,0.275,0.31649,0.2622,0.2821,466370,0
SBEV.US,D,20240722,000000,0.304,0.32,0.285,0.3197,622296,0
SBEV.US,D,20240723,000000,0.321,0.37,0.321,0.359,617499,0
SBEV.US,D,20240724,000000,0.36,0.3899,0.351,0.361,511134,0
SBEV.US,D,20240725,000000,0.35,0.3703,0.316,0.3199,850288,0
SBEV.US,D,20240726,000000,0.326,0.35,0.32,0.339,267076,0
SBEV.US,D,20240729,000000,0.3398,0.3461,0.3005,0.3419,286851,0
SBEV.US,D,20240730,000000,0.3316,0.351,0.305,0.308,585957,0
SBEV.US,D,20240731,000000,0.31,0.32,0.2928,0.2972,466465,0
SBEV.US,D,20240801,000000,0.3045,0.3187,0.3045,0.309,136842,0
SBEV.US,D,20240802,000000,0.304,0.309,0.27,0.2711,535764,0
SBEV.US,D,20240805,000000,0.2691,0.2885,0.24,0.2743,605168,0
SBEV.US,D,20240806,000000,0.29,0.348,0.280094,0.3299,823319,0
SBEV.US,D,20240807,000000,0.321,0.3672,0.321,0.3621,522834,0
SBEV.US,D,20240808,000000,0.3635,0.3635,0.316051,0.359,416489,0
SBEV.US,D,20240809,000000,0.3482,0.3899,0.330001,0.389,403400,0
SBEV.US,D,20240812,000000,0.39,0.45,0.39,0.43,658635,0
SBEV.US,D,20240813,000000,0.46,0.46,0.39,0.4113,562409,0
SBEV.US,D,20240814,000000,0.3814,0.4005,0.38,0.382,167835,0
SBEV.US,D,20240815,000000,0.375,0.4077,0.332,0.3601,1246377,0
SBEV.US,D,20240816,000000,0.3699,0.46,0.3686,0.445,1159673,0
SBEV.US,D,20240819,000000,0.4829,0.52,0.44,0.463,1533773,0
SBEV.US,D,20240820,000000,0.477,0.48,0.4306,0.4449,304268,0
SBEV.US,D,20240821,000000,0.45,0.52,0.441,0.5121,985597,0
SBEV.US,D,20240822,000000,0.5121,0.5157,0.422,0.45,1338005,0
SBEV.US,D,20240823,000000,0.4528,0.46,0.425,0.438,440826,0
SBEV.US,D,20240826,000000,0.431,0.475,0.386,0.4055,917627,0
SBEV.US,D,20240827,000000,0.4,0.4,0.3407,0.362,776971,0
SBEV.US,D,20240828,000000,0.376,0.376299,0.2884,0.3033,1112557,0
SBEV.US,D,20240829,000000,0.305,0.333,0.2941,0.299,1096024,0
SBEV.US,D,20240830,000000,0.3112,0.3492,0.3051,0.327,1158869,0
SBEV.US,D,20240903,000000,0.326,0.326,0.2915,0.2945,571610,0
SBEV.US,D,20240904,000000,0.31,0.327599,0.2901,0.3002,319596,0
SBEV.US,D,20240905,000000,0.3,0.319,0.2819,0.2826,425231,0
SBEV.US,D,20240906,000000,0.28,0.2998,0.274,0.279,304381,0
SBEV.US,D,20240909,000000,0.2658,0.2938,0.265,0.269,587691,0
SBEV.US,D,20240910,000000,0.267,0.279799,0.2468,0.2705,884734,0
SBEV.US,D,20240911,000000,0.2756,0.2849,0.2546,0.2641,175434,0
SBEV.US,D,20240912,000000,0.2634,0.2688,0.2561,0.26,289323,0
SBEV.US,D,20240913,000000,0.2551,0.285,0.2551,0.2602,306882,0
SBEV.US,D,20240916,000000,0.2879,0.2879,0.2559,0.2559,160206,0
SBEV.US,D,20240917,000000,0.26,0.26495,0.252,0.252,142983,0
SBEV.US,D,20240918,000000,0.26,0.2749,0.254,0.2602,366417,0
SBEV.US,D,20240919,000000,0.261,0.265,0.241,0.2413,302903,0
SBEV.US,D,20240920,000000,0.24,0.26,0.24,0.246,479953,0
SBEV.US,D,20240923,000000,0.246,0.255,0.241,0.241,166631,0
SBEV.US,D,20240924,000000,0.241,0.26,0.24,0.2457,630358,0
SBEV.US,D,20240925,000000,0.2457,0.2599,0.2312,0.241,185462,0
SBEV.US,D,20240926,000000,0.241,0.259499,0.2315,0.244,296555,0
SBEV.US,D,20240927,000000,0.251,0.254199,0.2354,0.249,233515,0
SBEV.US,D,20240930,000000,0.2489,0.2549,0.24,0.252,155553,0
SBEV.US,D,20241001,000000,0.2487,0.2798,0.2375,0.2664,875349,0
SBEV.US,D,20241002,000000,0.261,0.2899,0.2476,0.253,917838,0
SBEV.US,D,20241003,000000,0.253,0.2799,0.2479,0.2484,229599,0
SBEV.US,D,20241004,000000,0.2485,0.27,0.2478,0.268,189126,0
SBEV.US,D,20241007,000000,0.27,0.275,0.25,0.267,454298,0
SBEV.US,D,20241008,000000,0.2688,0.2937,0.2584,0.289,931410,0
SBEV.US,D,20241009,000000,0.29,0.31,0.27,0.2871,668645,0
SBEV.US,D,20241010,000000,0.3,0.3,0.2555,0.2609,734941,0
SBEV.US,D,20241011,000000,0.26,0.28,0.2561,0.27,335266,0
SBEV.US,D,20241014,000000,0.2602,0.28,0.26,0.2685,209098,0
SBEV.US,D,20241015,000000,0.2685,0.275,0.26,0.2707,202779,0
SBEV.US,D,20241016,000000,0.264,0.283,0.263,0.276,652091,0
SBEV.US,D,20241017,000000,0.27,0.278899,0.2608,0.266,419854,0
SBEV.US,D,20241018,000000,0.26,0.2659,0.245,0.2564,324310,0
SBEV.US,D,20241021,000000,0.253,0.2664,0.242,0.243,470905,0
SBEV.US,D,20241022,000000,0.243,0.258,0.243,0.2531,267711,0
SBEV.US,D,20241023,000000,0.2455,0.2507,0.2265,0.236,581183,0
SBEV.US,D,20241024,000000,0.236,0.2406,0.206,0.2247,623694,0
SBEV.US,D,20241025,000000,0.2247,0.2399,0.2201,0.2325,478741,0
SBEV.US,D,20241028,000000,0.228,0.2368,0.2,0.2101,1518570,0
SBEV.US,D,20241029,000000,0.21,0.2103,0.1906,0.2076,816842,0
SBEV.US,D,20241030,000000,0.2076,0.21,0.193,0.1956,315265,0
SBEV.US,D,20241031,000000,0.1956,0.2115,0.1705,0.196,880992,0
SBEV.US,D,20241101,000000,0.1901,0.1959,0.18,0.1875,356378,0
SBEV.US,D,20241104,000000,0.1885,0.1958,0.1819,0.1946,184772,0
SBEV.US,D,20241105,000000,0.1927,0.202,0.19,0.1906,365881,0
SBEV.US,D,20241106,000000,0.1906,0.1978,0.1808,0.1869,419447,0
SBEV.US,D,20241107,000000,0.1971,0.2039,0.1401,0.1951,863399,0
SBEV.US,D,20241108,000000,0.182,0.2,0.1725,0.2,419678,0
SBEV.US,D,20241111,000000,0.2023,0.2369,0.2015,0.231,962660,0
SBEV.US,D,20241112,000000,0.23,0.2425,0.1911,0.2204,590634,0
SBEV.US,D,20241113,000000,0.2101,0.2199,0.1935,0.2041,289232,0
SBEV.US,D,20241114,000000,0.219,0.2246,0.194,0.1971,224277,0
SBEV.US,D,20241115,000000,0.19645,0.1998,0.1761,0.1813,339428,0
SBEV.US,D,20241118,000000,0.185,0.1948,0.1782,0.189,436983,0
SBEV.US,D,20241119,000000,0.2,0.208,0.185,0.196,732995,0
SBEV.US,D,20241120,000000,0.206285,0.2149,0.19,0.2149,451773,0
SBEV.US,D,20241121,000000,0.2107,0.223,0.2002,0.21,313607,0
SBEV.US,D,20241122,000000,0.2,0.2275,0.1986,0.214,453263,0
SBEV.US,D,20241125,000000,0.1899,0.22,0.1851,0.1995,621670,0
SBEV.US,D,20241126,000000,0.1995,0.21,0.19,0.195,148523,0
SBEV.US,D,20241127,000000,0.195,0.2099,0.185,0.198,198587,0
SBEV.US,D,20241129,000000,0.1982,0.2089,0.1875,0.1945,134828,0
SBEV.US,D,20241202,000000,0.1965,0.198,0.1813,0.1879,289364,0
SBEV.US,D,20241203,000000,0.1878,0.19,0.171,0.1852,467468,0
SBEV.US,D,20241204,000000,0.1826,0.202,0.18,0.1936,484142,0
SBEV.US,D,20241205,000000,0.195,0.2,0.185,0.188,208261,0
SBEV.US,D,20241206,000000,0.19,0.1952,0.1722,0.1854,285238,0
SBEV.US,D,20241209,000000,0.1788,0.18,0.1507,0.1706,1209417,0
SBEV.US,D,20241210,000000,0.172299,0.1724,0.1507,0.164,750530,0
SBEV.US,D,20241211,000000,0.1639,0.1715,0.1507,0.1552,383155,0
SBEV.US,D,20241212,000000,0.1553,0.175,0.1522,0.153,483985,0
SBEV.US,D,20241213,000000,0.1588,0.169,0.1505,0.157,289714,0
SBEV.US,D,20241216,000000,0.155,0.166,0.1522,0.1522,367078,0
SBEV.US,D,20241217,000000,0.1574,0.16,0.1515,0.1515,409086,0
SBEV.US,D,20241218,000000,0.156,0.165,0.1505,0.151,282679,0
SBEV.US,D,20241219,000000,0.156,0.1599,0.1474,0.1474,402224,0
SBEV.US,D,20241220,000000,0.1523,0.1599,0.1474,0.1496,219225,0
SBEV.US,D,20241223,000000,0.1603,0.1648,0.1559,0.1561,442707,0
SBEV.US,D,20241224,000000,0.1601,0.179,0.1562,0.176,496972,0
SBEV.US,D,20241226,000000,0.175,0.1822,0.17,0.1732,921683,0
SBEV.US,D,20241227,000000,0.1821,0.1822,0.161,0.175,525142,0
SBEV.US,D,20241230,000000,0.171,0.18,0.163,0.177,327936,0
SBEV.US,D,20241231,000000,0.165,0.1758,0.155,0.161,818259,0
SBEV.US,D,20250102,000000,0.177,0.1878,0.165,0.177,933755,0
SBEV.US,D,20250103,000000,0.185,0.2692,0.1732,0.2398,20839720,0
SBEV.US,D,20250106,000000,0.2796,0.3398,0.26,0.27,60723842,0
SBEV.US,D,20250107,000000,0.2,0.227799,0.1899,0.203,5350885,0
SBEV.US,D,20250108,000000,0.1931,0.1931,0.1732,0.181,2352441,0
SBEV.US,D,20250110,000000,0.1782,0.2257,0.178,0.215,4432630,0
SBEV.US,D,20250113,000000,0.2054,0.21,0.1875,0.1928,1568657,0
SBEV.US,D,20250114,000000,0.191,0.2054,0.1865,0.1949,655354,0
SBEV.US,D,20250115,000000,0.195,0.21,0.179,0.19,1844463,0
SBEV.US,D,20250116,000000,0.188101,0.2185,0.18801,0.2099,1383150,0
SBEV.US,D,20250117,000000,0.2,0.2282,0.1999,0.2154,1512285,0
SBEV.US,D,20250121,000000,0.2097,0.2255,0.2017,0.2255,486422,0
SBEV.US,D,20250122,000000,0.219251,0.219251,0.2066,0.21,265806,0
SBEV.US,D,20250123,000000,0.2076,0.22,0.2001,0.2046,870237,0
SBEV.US,D,20250124,000000,0.2075,0.2075,0.1858,0.199,1686464,0
SBEV.US,D,20250127,000000,0.196,0.2086,0.195,0.195,684075,0
SBEV.US,D,20250128,000000,0.199,0.27,0.196,0.2232,19240154,0
SBEV.US,D,20250129,000000,0.216,0.24,0.2053,0.2316,2450330,0
SBEV.US,D,20250130,000000,0.225,0.2384,0.2118,0.2274,1185704,0
SBEV.US,D,20250131,000000,0.227,0.235,0.215,0.2344,1828862,0
SBEV.US,D,20250203,000000,0.2199,0.2353,0.2,0.205,9278411,0
SBEV.US,D,20250204,000000,0.2,0.2,0.1852,0.2,1732753,0
SBEV.US,D,20250205,000000,0.195,0.2,0.1851,0.1879,824685,0
SBEV.US,D,20250206,000000,0.1891,0.2049,0.1885,0.1941,883836,0
SBEV.US,D,20250207,000000,0.1988,0.2,0.188,0.1949,1111050,0
SBEV.US,D,20250210,000000,0.192301,0.1969,0.181,0.1874,743712,0
SBEV.US,D,20250211,000000,0.185,0.1879,0.173,0.1849,2313591,0
SBEV.US,D,20250212,000000,0.185449,0.1895,0.172,0.174,741335,0
SBEV.US,D,20250213,000000,0.176,0.1795,0.155,0.1628,1350418,0
SBEV.US,D,20250214,000000,0.165,0.1699,0.16,0.1699,438161,0
SBEV.US,D,20250218,000000,0.1685,0.1787,0.1506,0.166,602181,0
SBEV.US,D,20250219,000000,0.1659,0.1676,0.1581,0.1651,751305,0
