<TICKER>,<PER>,<DATE>,<TIME>,<OPEN>,<HIGH>,<LOW>,<CLOSE>,<VOL>,<OPENINT>
SILV.US,D,20180822,000000,2.36,2.42,2.15,2.42,30774,0
SILV.US,D,20180823,000000,2.18,2.54,2.18,2.4,93253,0
SILV.US,D,20180824,000000,2.4042,2.51,2.38,2.4493,77766,0
SILV.US,D,20180827,000000,2.47,2.51,2.4459,2.4968,22985,0
SILV.US,D,20180828,000000,2.5,2.6,2.4532,2.6,44061,0
SILV.US,D,20180829,000000,2.6,2.6,2.51,2.56,43727,0
SILV.US,D,20180830,000000,2.5,2.58,2.45,2.52,27780,0
SILV.US,D,20180831,000000,2.49,2.57,2.39,2.45,72712,0
SILV.US,D,20180904,000000,2.45,2.55,2.36,2.4,56234,0
SILV.US,D,20180905,000000,2.36,2.5,2.32,2.4,63199,0
SILV.US,D,20180906,000000,2.43,2.455,2.2801,2.44,27701,0
SILV.US,D,20180907,000000,2.5,2.5,2.3247,2.37,28773,0
SILV.US,D,20180910,000000,2.4,2.4,2.3,2.32,28149,0
SILV.US,D,20180911,000000,2.3,2.32,2.2,2.2478,57432,0
SILV.US,D,20180912,000000,2.24,2.48,2.23,2.43,56043,0
SILV.US,D,20180913,000000,2.5,2.5,2.402,2.4258,50866,0
SILV.US,D,20180914,000000,2.42,2.45,2.39,2.415,13818,0
SILV.US,D,20180917,000000,2.44,2.5,2.43,2.4459,31418,0
SILV.US,D,20180918,000000,2.476,2.4985,2.35,2.35,62038,0
SILV.US,D,20180919,000000,2.4,2.56,2.3,2.5,87747,0
SILV.US,D,20180920,000000,2.5,2.71,2.5,2.5712,103538,0
SILV.US,D,20180921,000000,2.59,2.62,2.45,2.56,15014,0
SILV.US,D,20180924,000000,2.54,2.5632,2.4259,2.45,25084,0
SILV.US,D,20180925,000000,2.48,2.49,2.47,2.49,7738,0
SILV.US,D,20180926,000000,2.48,2.49,2.4301,2.4492,32446,0
SILV.US,D,20180927,000000,2.44,2.4699,2.4,2.41,17601,0
SILV.US,D,20180928,000000,2.42,2.5,2.42,2.45,37935,0
SILV.US,D,20181001,000000,2.48,2.5,2.4001,2.5,61547,0
SILV.US,D,20181002,000000,2.56,2.56,2.45,2.5,54054,0
SILV.US,D,20181003,000000,2.89,2.9,2.55,2.7,428366,0
SILV.US,D,20181004,000000,2.7,2.71,2.55,2.6475,145942,0
SILV.US,D,20181005,000000,2.72,2.9,2.55,2.9,88298,0
SILV.US,D,20181008,000000,2.9,3,2.73,2.73,74610,0
SILV.US,D,20181009,000000,2.86,3,2.55,3,77931,0
SILV.US,D,20181010,000000,2.99,2.99,2.51,2.525,143093,0
SILV.US,D,20181011,000000,2.91,2.91,2.5401,2.68,122995,0
SILV.US,D,20181012,000000,2.62,2.8999,2.62,2.65,92911,0
SILV.US,D,20181015,000000,2.7,2.82,2.6509,2.82,115792,0
SILV.US,D,20181016,000000,2.82,2.9,2.7608,2.9,141183,0
SILV.US,D,20181017,000000,2.9,2.9,2.79,2.79,57295,0
SILV.US,D,20181018,000000,2.85,2.85,2.73,2.84,41586,0
SILV.US,D,20181019,000000,2.9,2.95,2.75,2.95,34832,0
SILV.US,D,20181022,000000,3.07,3.07,2.7142,2.79,68595,0
SILV.US,D,20181023,000000,2.97,3.0262,2.72,2.78,116582,0
SILV.US,D,20181024,000000,2.81,2.82,2.69,2.75,61361,0
SILV.US,D,20181025,000000,2.73,2.73,2.51,2.56,116505,0
SILV.US,D,20181026,000000,2.54,2.68,2.5301,2.63,84865,0
SILV.US,D,20181029,000000,2.66,2.66,2.5492,2.6,100744,0
SILV.US,D,20181030,000000,2.55,2.55,2.49,2.53,114939,0
SILV.US,D,20181031,000000,2.53,2.63,2.51,2.63,81303,0
SILV.US,D,20181101,000000,2.61,2.87,2.61,2.8604,114289,0
SILV.US,D,20181102,000000,2.8,2.89,2.75,2.75,78794,0
SILV.US,D,20181105,000000,2.75,2.838,2.75,2.8,65823,0
SILV.US,D,20181106,000000,2.75,2.78,2.75,2.76,22533,0
SILV.US,D,20181107,000000,2.72,2.79,2.67,2.68,55842,0
SILV.US,D,20181108,000000,2.73,2.73,2.65,2.65,60125,0
SILV.US,D,20181109,000000,2.6,2.65,2.55,2.6346,109136,0
SILV.US,D,20181112,000000,2.65,2.67,2.5,2.54,82651,0
SILV.US,D,20181113,000000,2.49,2.4917,2.25,2.3101,176538,0
SILV.US,D,20181114,000000,2.31,2.4614,2.28,2.3835,83557,0
SILV.US,D,20181115,000000,2.35,2.49,2.3,2.44,50820,0
SILV.US,D,20181116,000000,2.48,2.6372,2.4732,2.6,91806,0
SILV.US,D,20181119,000000,2.53,2.58,2.5,2.5,73508,0
SILV.US,D,20181120,000000,2.56,2.599,2.48,2.53,131871,0
SILV.US,D,20181121,000000,2.6,2.7,2.4,2.7,37988,0
SILV.US,D,20181123,000000,2.7,2.7,2.21,2.23,85703,0
SILV.US,D,20181126,000000,2.29,2.45,2.22,2.45,59055,0
SILV.US,D,20181127,000000,2.52,2.52,2.21,2.42,46103,0
SILV.US,D,20181128,000000,2.42,2.45,2.2914,2.32,87217,0
SILV.US,D,20181129,000000,2.44,2.59,2.42,2.45,177628,0
SILV.US,D,20181130,000000,2.51,2.549,2.4347,2.4778,30339,0
SILV.US,D,20181203,000000,2.5,2.5,2.4,2.42,33240,0
SILV.US,D,20181204,000000,2.49,2.56,2.41,2.4313,46430,0
SILV.US,D,20181206,000000,2.43,2.49,2.37,2.453,38086,0
SILV.US,D,20181207,000000,2.41,2.507,2.25,2.25,40611,0
SILV.US,D,20181210,000000,2.37,2.46,2.37,2.45,78144,0
SILV.US,D,20181211,000000,2.45,2.47,2.412,2.44,33333,0
SILV.US,D,20181212,000000,2.4308,2.49,2.42,2.4422,54813,0
SILV.US,D,20181213,000000,2.43,2.45,2.37,2.45,60312,0
SILV.US,D,20181214,000000,2.42,2.45,2.3933,2.42,103805,0
SILV.US,D,20181217,000000,2.27,2.44,2.27,2.39,113101,0
SILV.US,D,20181218,000000,2.35,2.39,2.28,2.31,63865,0
SILV.US,D,20181219,000000,2.28,2.41,2.25,2.2588,137476,0
SILV.US,D,20181220,000000,2.25,2.4099,2.25,2.28,85835,0
SILV.US,D,20181221,000000,2.35,2.46,2.28,2.445,69553,0
SILV.US,D,20181224,000000,2.46,2.74,2.39,2.5,64140,0
SILV.US,D,20181226,000000,2.58,2.75,2.54,2.73,32430,0
SILV.US,D,20181227,000000,2.72,2.72,2.4522,2.55,57676,0
SILV.US,D,20181228,000000,2.6,2.68,2.5501,2.65,36300,0
SILV.US,D,20181231,000000,2.71,2.96,2.7,2.93,164050,0
SILV.US,D,20190102,000000,2.96,2.96,2.76,2.829,83428,0
SILV.US,D,20190103,000000,2.78,3,2.78,2.9634,82071,0
SILV.US,D,20190104,000000,3,3,2.81,2.946,45037,0
SILV.US,D,20190107,000000,2.99,2.99,2.8422,2.95,71679,0
SILV.US,D,20190108,000000,2.91,2.9882,2.85,2.8896,25169,0
SILV.US,D,20190109,000000,2.96,3.23,2.93,3.2201,154215,0
SILV.US,D,20190110,000000,3.36,3.36,3.0548,3.1725,153088,0
SILV.US,D,20190111,000000,3.24,3.26,2.94,3.16,233588,0
SILV.US,D,20190114,000000,3.16,3.16,2.95,2.9807,71470,0
SILV.US,D,20190115,000000,2.97,3.02,2.9,2.93,67629,0
SILV.US,D,20190116,000000,2.88,3,2.88,2.94,22276,0
SILV.US,D,20190117,000000,2.91,3.04,2.91,3.0386,14962,0
SILV.US,D,20190118,000000,3.08,3.08,2.9,3.03,28327,0
SILV.US,D,20190122,000000,3.03,3.23,3.03,3.23,72204,0
SILV.US,D,20190123,000000,3.14,3.3922,3.1,3.17,53688,0
SILV.US,D,20190124,000000,3.2,3.3439,3.15,3.28,55602,0
SILV.US,D,20190125,000000,3.3,3.53,3.29,3.5,200077,0
SILV.US,D,20190128,000000,3.52,3.53,3.46,3.47,47487,0
SILV.US,D,20190129,000000,3.57,3.61,3.42,3.5,59857,0
SILV.US,D,20190130,000000,3.66,3.66,3.35,3.63,90140,0
SILV.US,D,20190131,000000,3.66,3.72,3.4685,3.72,190424,0
SILV.US,D,20190201,000000,3.76,3.79,3.551,3.77,105695,0
SILV.US,D,20190204,000000,3.82,3.82,3.63,3.74,97645,0
SILV.US,D,20190205,000000,3.82,3.82,3.65,3.76,65346,0
SILV.US,D,20190206,000000,3.73,3.81,3.65,3.81,55523,0
SILV.US,D,20190207,000000,3.73,3.75,3.54,3.72,110338,0
SILV.US,D,20190208,000000,3.87,3.87,3.65,3.72,73044,0
SILV.US,D,20190211,000000,3.73,3.77,3.6401,3.72,68090,0
SILV.US,D,20190212,000000,3.67,3.72,3.63,3.63,44753,0
SILV.US,D,20190213,000000,3.61,3.66,3.6078,3.61,27380,0
SILV.US,D,20190214,000000,3.61,3.64,3.5523,3.6,97202,0
SILV.US,D,20190215,000000,3.68,3.73,3.6,3.7,71294,0
SILV.US,D,20190219,000000,3.8,3.85,3.6,3.75,100216,0
SILV.US,D,20190220,000000,3.8,3.8,3.6516,3.7599,79569,0
SILV.US,D,20190221,000000,3.75,3.75,3.64,3.74,199566,0
SILV.US,D,20190222,000000,3.76,3.78,3.7,3.7077,155640,0
SILV.US,D,20190225,000000,3.75,3.89,3.67,3.76,122734,0
SILV.US,D,20190226,000000,3.88,3.88,3.74,3.86,88983,0
SILV.US,D,20190227,000000,3.87,3.87,3.74,3.83,66141,0
SILV.US,D,20190228,000000,3.82,3.82,3.69,3.69,41904,0
SILV.US,D,20190301,000000,3.64,3.68,3.52,3.57,123272,0
SILV.US,D,20190304,000000,3.5,3.57,3.27,3.47,166172,0
SILV.US,D,20190305,000000,3.5,3.5581,3.48,3.55,90221,0
SILV.US,D,20190306,000000,3.62,3.62,3.41,3.49,33661,0
SILV.US,D,20190307,000000,3.75,3.75,3.36,3.49,88667,0
SILV.US,D,20190308,000000,3.65,3.65,3.5,3.6,76544,0
SILV.US,D,20190311,000000,3.67,3.67,3.54,3.59,75895,0
SILV.US,D,20190312,000000,3.67,3.67,3.51,3.58,55725,0
SILV.US,D,20190313,000000,3.79,3.79,3.5376,3.74,84702,0
SILV.US,D,20190314,000000,3.6,3.7999,3.5,3.51,72259,0
SILV.US,D,20190315,000000,3.46,3.6799,3.42,3.43,97087,0
SILV.US,D,20190318,000000,3.45,3.6,3.45,3.52,55483,0
SILV.US,D,20190319,000000,3.55,3.6299,3.5,3.54,41798,0
SILV.US,D,20190320,000000,3.47,3.59,3.47,3.52,62936,0
SILV.US,D,20190321,000000,3.54,3.6292,3.54,3.58,30505,0
SILV.US,D,20190322,000000,3.53,3.62,3.53,3.5958,37921,0
SILV.US,D,20190325,000000,3.69,3.69,3.5,3.57,53945,0
SILV.US,D,20190326,000000,3.62,3.62,3.5175,3.61,35338,0
SILV.US,D,20190327,000000,3.55,3.61,3.45,3.47,60623,0
SILV.US,D,20190328,000000,3.45,3.46,3.23,3.42,66439,0
SILV.US,D,20190329,000000,3.47,3.5,3.24,3.2751,31253,0
SILV.US,D,20190401,000000,3.3,3.3,3.06,3.19,86903,0
SILV.US,D,20190402,000000,3.19,3.2542,3.1537,3.2,46720,0
SILV.US,D,20190403,000000,3.26,3.3,3.15,3.24,50276,0
SILV.US,D,20190404,000000,3.2,3.4133,3.15,3.35,35032,0
SILV.US,D,20190405,000000,3.38,3.4699,3.3,3.42,47354,0
SILV.US,D,20190408,000000,3.42,3.5099,3.38,3.39,86943,0
SILV.US,D,20190409,000000,3.54,3.55,3.45,3.5,46495,0
SILV.US,D,20190410,000000,3.47,3.47,3.3811,3.43,15558,0
SILV.US,D,20190411,000000,3.3,3.45,3.25,3.36,29882,0
SILV.US,D,20190412,000000,3.28,3.4,3.28,3.3,44261,0
SILV.US,D,20190415,000000,3.3,3.3373,3.17,3.26,100204,0
SILV.US,D,20190416,000000,3.22,3.2633,3.07,3.08,64082,0
SILV.US,D,20190417,000000,3.05,3.3,3.05,3.18,90301,0
SILV.US,D,20190418,000000,3.25,3.47,3.1701,3.4,97114,0
SILV.US,D,20190422,000000,3.49,3.49,3.27,3.4,66441,0
SILV.US,D,20190423,000000,3.35,3.3635,3.2635,3.285,31801,0
SILV.US,D,20190424,000000,3.23,3.3299,3.2261,3.26,48734,0
SILV.US,D,20190425,000000,3.3,3.38,3.23,3.29,38852,0
SILV.US,D,20190426,000000,3.29,3.36,3.27,3.35,52409,0
SILV.US,D,20190429,000000,3.43,3.48,3.28,3.43,73210,0
SILV.US,D,20190430,000000,3.53,3.6,3.26,3.6,60411,0
SILV.US,D,20190501,000000,3.5,3.5,3.19,3.19,44636,0
SILV.US,D,20190502,000000,3.15,3.29,3.1001,3.29,71074,0
SILV.US,D,20190503,000000,3.3,3.3,3.16,3.18,35037,0
SILV.US,D,20190506,000000,3.12,3.21,3.1,3.11,61719,0
SILV.US,D,20190507,000000,3.07,3.2,3.07,3.07,21890,0
SILV.US,D,20190508,000000,3.14,3.25,3.14,3.18,45775,0
SILV.US,D,20190509,000000,3.2144,3.2144,3.12,3.14,22677,0
SILV.US,D,20190510,000000,3.12,3.25,3.12,3.25,14099,0
SILV.US,D,20190513,000000,3.28,3.28,3.02,3.11,62841,0
SILV.US,D,20190514,000000,3.14,3.23,2.96,3.23,24816,0
SILV.US,D,20190515,000000,3.16,3.4611,3.15,3.2,163195,0
SILV.US,D,20190516,000000,3.5,3.56,3.34,3.4,83247,0
SILV.US,D,20190517,000000,3.47,3.65,3.26,3.65,139733,0
SILV.US,D,20190520,000000,3.61,3.7437,3.409,3.43,44623,0
SILV.US,D,20190521,000000,3.49,3.59,3.3,3.59,111277,0
SILV.US,D,20190522,000000,3.55,3.55,3.15,3.15,109425,0
SILV.US,D,20190523,000000,3.15,3.46,3.15,3.29,79384,0
SILV.US,D,20190524,000000,3.32,3.45,3.22,3.3632,34846,0
SILV.US,D,20190528,000000,3.29,3.38,3.29,3.3,33018,0
SILV.US,D,20190529,000000,3.3,3.4,3.26,3.33,98918,0
SILV.US,D,20190530,000000,3.31,3.39,3.3,3.37,43615,0
SILV.US,D,20190531,000000,3.47,3.5,3.31,3.5,52932,0
SILV.US,D,20190603,000000,3.6,3.7692,3.401,3.62,207507,0
SILV.US,D,20190604,000000,3.57,3.73,3.45,3.6,117202,0
SILV.US,D,20190605,000000,3.5935,3.63,3.5,3.54,49734,0
SILV.US,D,20190606,000000,3.51,3.5997,3.4,3.505,38412,0
SILV.US,D,20190607,000000,3.58,3.6192,3.48,3.57,64644,0
SILV.US,D,20190610,000000,3.38,3.53,3.26,3.38,83905,0
SILV.US,D,20190611,000000,3.4,3.65,3.4,3.64,67464,0
SILV.US,D,20190612,000000,3.7,3.7299,3.5663,3.69,43909,0
SILV.US,D,20190613,000000,3.75,3.75,3.61,3.75,40465,0
SILV.US,D,20190614,000000,3.79,3.84,3.6,3.62,49514,0
SILV.US,D,20190617,000000,3.61,3.74,3.6,3.6,25762,0
SILV.US,D,20190618,000000,3.67,3.9,3.6147,3.745,116984,0
SILV.US,D,20190619,000000,3.77,3.95,3.7,3.95,48041,0
SILV.US,D,20190620,000000,3.95,4,3.8776,3.975,128655,0
SILV.US,D,20190621,000000,3.95,4,3.92,3.97,46566,0
SILV.US,D,20190624,000000,3.97,4.14,3.93,4.12,120563,0
SILV.US,D,20190625,000000,4.12,4.12,3.8,3.8,86649,0
SILV.US,D,20190626,000000,3.89,4.22,3.82,4.22,68888,0
SILV.US,D,20190627,000000,4.3,4.3,3.94,3.94,138201,0
SILV.US,D,20190628,000000,4.04,4.07,3.9,4.06,86271,0
SILV.US,D,20190701,000000,4.12,4.12,3.9,3.92,43487,0
SILV.US,D,20190702,000000,3.93,3.94,3.74,3.85,162253,0
SILV.US,D,20190703,000000,3.97,4.07,3.84,4.07,76986,0
SILV.US,D,20190705,000000,3.95,4,3.79,3.91,130276,0
SILV.US,D,20190708,000000,3.93,3.93,3.81,3.87,42494,0
SILV.US,D,20190709,000000,3.81,3.93,3.81,3.85,32573,0
SILV.US,D,20190710,000000,3.87,3.9999,3.87,3.99,60873,0
SILV.US,D,20190711,000000,3.92,4,3.8,3.8,62681,0
SILV.US,D,20190712,000000,3.89,4.0001,3.76,3.87,67428,0
SILV.US,D,20190715,000000,3.93,3.986,3.8,3.98,59846,0
SILV.US,D,20190716,000000,3.92,3.98,3.86,3.93,105824,0
SILV.US,D,20190717,000000,3.93,4.52,3.93,4.43,394924,0
SILV.US,D,20190718,000000,4.55,5.08,4.43,4.84,443335,0
SILV.US,D,20190719,000000,4.89,5.2,4.66,4.81,438207,0
SILV.US,D,20190722,000000,5.13,5.13,4.64,4.96,272096,0
SILV.US,D,20190723,000000,4.7,4.85,4.6,4.72,275624,0
SILV.US,D,20190724,000000,4.99,5.29,4.77,5.29,272384,0
SILV.US,D,20190725,000000,5.23,5.254,4.86,5.04,270615,0
SILV.US,D,20190726,000000,5.05,5.23,5,5.1,151033,0
SILV.US,D,20190729,000000,5.15,5.27,4.9,5.26,130333,0
SILV.US,D,20190730,000000,5.32,5.65,5.28,5.44,211832,0
SILV.US,D,20190731,000000,5.36,5.5299,5.22,5.27,178619,0
SILV.US,D,20190801,000000,5.14,5.5,4.9,5.43,259980,0
SILV.US,D,20190802,000000,5.58,5.58,5.25,5.45,157042,0
SILV.US,D,20190805,000000,5.63,6.1443,5.45,5.98,336243,0
SILV.US,D,20190806,000000,6.06,6.06,5.74,5.83,213358,0
SILV.US,D,20190807,000000,6.13,6.35,5.65,5.76,406709,0
SILV.US,D,20190808,000000,5.77,6.1388,5.42,6.08,272255,0
SILV.US,D,20190809,000000,6.08,6.3,5.94,6.23,311669,0
SILV.US,D,20190812,000000,6.31,6.3871,6.08,6.19,277636,0
SILV.US,D,20190813,000000,6.25,6.25,5.85,5.88,342086,0
SILV.US,D,20190814,000000,5.97,6.031,5.56,5.73,361032,0
SILV.US,D,20190815,000000,5.66,5.744,5.35,5.54,308540,0
SILV.US,D,20190816,000000,5.4,5.53,5.11,5.43,247713,0
SILV.US,D,20190819,000000,5.16,5.34,5.05,5.27,354929,0
SILV.US,D,20190820,000000,5.2,5.7,5.2,5.59,179668,0
SILV.US,D,20190821,000000,5.59,5.8,5.5599,5.78,152717,0
SILV.US,D,20190822,000000,5.87,6.04,5.7,5.99,397480,0
SILV.US,D,20190823,000000,5.99,6.06,5.84,5.97,423543,0
SILV.US,D,20190826,000000,6.19,6.19,5.9027,6.03,553821,0
SILV.US,D,20190827,000000,6.12,6.5,6.11,6.5,740947,0
SILV.US,D,20190828,000000,6.69,6.69,6.3,6.44,499418,0
SILV.US,D,20190829,000000,6.5,6.62,6.18,6.32,387206,0
SILV.US,D,20190830,000000,6.24,6.4,6.05,6.15,332122,0
SILV.US,D,20190903,000000,6.3,6.55,6.3,6.5,511532,0
SILV.US,D,20190904,000000,6.5,6.53,6.18,6.24,448368,0
SILV.US,D,20190905,000000,6.24,6.24,5.77,5.8,589007,0
SILV.US,D,20190906,000000,5.77,5.94,5.55,5.55,400196,0
SILV.US,D,20190909,000000,5.54,5.71,5.28,5.51,438692,0
SILV.US,D,20190910,000000,5.42,5.7022,5.39,5.48,334316,0
SILV.US,D,20190911,000000,5.5,5.84,5.43,5.76,349174,0
SILV.US,D,20190912,000000,5.95,5.9794,5.65,5.71,321379,0
SILV.US,D,20190913,000000,5.71,5.71,5.34,5.41,366435,0
SILV.US,D,20190916,000000,5.57,5.62,5.3,5.46,272208,0
SILV.US,D,20190917,000000,5.54,5.7,5.45,5.7,250128,0
SILV.US,D,20190918,000000,5.7,5.7,5.36,5.38,271443,0
SILV.US,D,20190919,000000,5.44,5.51,5.39,5.51,138175,0
SILV.US,D,20190920,000000,5.54,5.55,5.3118,5.51,236041,0
SILV.US,D,20190923,000000,5.66,5.76,5.61,5.76,345409,0
SILV.US,D,20190924,000000,5.8,6.07,5.63,6.07,546524,0
SILV.US,D,20190925,000000,6.18,6.18,5.79,5.94,382876,0
SILV.US,D,20190926,000000,5.89,6.09,5.89,5.98,196578,0
SILV.US,D,20190927,000000,5.8,5.9,5.56,5.71,386855,0
SILV.US,D,20190930,000000,5.56,5.6441,5.05,5.21,576058,0
SILV.US,D,20191001,000000,5.2,5.44,5.1,5.24,261174,0
SILV.US,D,20191002,000000,5.43,5.7651,5.3906,5.65,281140,0
SILV.US,D,20191003,000000,5.65,5.81,5.47,5.79,222465,0
SILV.US,D,20191004,000000,5.73,6.04,5.64,5.98,276670,0
SILV.US,D,20191007,000000,5.98,6.0892,5.92,5.99,137999,0
SILV.US,D,20191008,000000,6.13,6.25,5.9598,6.09,288179,0
SILV.US,D,20191009,000000,6.1,6.1,5.85,5.94,163193,0
SILV.US,D,20191010,000000,6,6.0022,5.87,5.96,127442,0
SILV.US,D,20191011,000000,5.83,5.95,5.735,5.92,180112,0
SILV.US,D,20191014,000000,5.82,5.9251,5.66,5.7,130908,0
SILV.US,D,20191015,000000,5.62,5.82,5.62,5.76,166849,0
SILV.US,D,20191016,000000,5.79,6.08,5.79,5.92,185961,0
SILV.US,D,20191017,000000,5.93,6.09,5.93,6.07,154401,0
SILV.US,D,20191018,000000,6.07,6.1009,5.98,6.05,107639,0
SILV.US,D,20191021,000000,6.1,6.1,5.83,5.89,150054,0
SILV.US,D,20191022,000000,5.81,5.9,5.65,5.81,210465,0
SILV.US,D,20191023,000000,5.78,5.9,5.685,5.72,124789,0
SILV.US,D,20191024,000000,5.71,5.81,5.643,5.72,276121,0
SILV.US,D,20191025,000000,5.89,6.03,5.65,5.82,287015,0
SILV.US,D,20191028,000000,5.75,5.75,5.6,5.64,248968,0
SILV.US,D,20191029,000000,5.64,5.71,5.5,5.68,330123,0
SILV.US,D,20191030,000000,5.6,5.68,5.49,5.63,264860,0
SILV.US,D,20191031,000000,5.69,5.84,5.67,5.8,237041,0
SILV.US,D,20191101,000000,5.82,5.82,5.65,5.75,184779,0
SILV.US,D,20191104,000000,5.71,5.8,5.5,5.6,273661,0
SILV.US,D,20191105,000000,5.45,5.59,5.36,5.39,325708,0
SILV.US,D,20191106,000000,5.42,5.572,5.37,5.5,197658,0
SILV.US,D,20191107,000000,5.45,5.6,5.26,5.42,371781,0
SILV.US,D,20191108,000000,5.25,5.61,5.25,5.41,258772,0
SILV.US,D,20191111,000000,5.6,5.6,5.38,5.56,301365,0
SILV.US,D,20191112,000000,5.6,5.74,5.4403,5.74,250709,0
SILV.US,D,20191113,000000,5.79,5.88,5.5,5.5,360332,0
SILV.US,D,20191114,000000,5.63,5.63,5.36,5.54,396024,0
SILV.US,D,20191115,000000,5.54,5.54,5.21,5.21,480215,0
SILV.US,D,20191118,000000,5.21,5.55,5.21,5.55,264444,0
SILV.US,D,20191119,000000,5.5,5.77,5.48,5.63,200350,0
SILV.US,D,20191120,000000,5.58,5.69,5.5,5.57,148802,0
SILV.US,D,20191121,000000,5.75,5.8756,5.5298,5.6,753756,0
SILV.US,D,20191122,000000,5.6,5.77,5.54,5.7,295292,0
SILV.US,D,20191125,000000,5.65,5.75,5.58,5.62,230117,0
SILV.US,D,20191126,000000,5.66,5.95,5.64,5.86,585256,0
SILV.US,D,20191127,000000,5.85,5.9402,5.71,5.83,269326,0
SILV.US,D,20191129,000000,5.81,5.97,5.81,5.95,272709,0
SILV.US,D,20191202,000000,5.93,5.93,5.68,5.72,394915,0
SILV.US,D,20191203,000000,5.55,6.21,5.54,6.11,1092689,0
SILV.US,D,20191204,000000,6.2,6.2,5.89,6.11,443777,0
SILV.US,D,20191205,000000,6.11,6.21,6.03,6.17,437541,0
SILV.US,D,20191206,000000,6.03,6.09,5.85,6.04,352411,0
SILV.US,D,20191209,000000,6.04,6.08,5.97,6.05,189857,0
SILV.US,D,20191210,000000,6.1,6.19,6.04,6.18,157396,0
SILV.US,D,20191211,000000,6.18,6.34,6.16,6.32,283060,0
SILV.US,D,20191212,000000,6.33,6.44,6.07,6.11,767272,0
SILV.US,D,20191213,000000,6.08,6.29,6.05,6.2,335083,0
SILV.US,D,20191216,000000,6.26,6.26,6,6.03,260433,0
SILV.US,D,20191217,000000,6.03,6.1,5.86,5.93,287110,0
SILV.US,D,20191218,000000,5.92,6.06,5.86,6.02,314205,0
SILV.US,D,20191219,000000,6.06,6.37,6.05,6.28,515556,0
SILV.US,D,20191220,000000,6.38,6.38,6.1,6.19,373403,0
SILV.US,D,20191223,000000,6.26,6.39,6.22,6.32,379639,0
SILV.US,D,20191224,000000,6.44,6.66,6.3782,6.62,641512,0
SILV.US,D,20191226,000000,6.95,7.9399,6.85,7.52,1405358,0
SILV.US,D,20191227,000000,7.53,7.53,6.85,6.87,1289084,0
SILV.US,D,20191230,000000,6.89,6.92,6.63,6.75,1359964,0
SILV.US,D,20191231,000000,6.84,6.9,6.64,6.74,689971,0
SILV.US,D,20200102,000000,6.9,6.9,6.73,6.79,429620,0
SILV.US,D,20200103,000000,6.9,6.94,6.7,6.76,711523,0
SILV.US,D,20200106,000000,7.1,7.1,6.76,6.94,812766,0
SILV.US,D,20200107,000000,6.9,7,6.78,6.91,561316,0
SILV.US,D,20200108,000000,6.89,6.92,6.371,6.45,910289,0
SILV.US,D,20200109,000000,6.42,6.4495,6.16,6.17,698010,0
SILV.US,D,20200110,000000,6.23,6.5,6.23,6.37,617125,0
SILV.US,D,20200113,000000,6.37,6.49,6.25,6.4,531514,0
SILV.US,D,20200114,000000,6.42,6.56,6.34,6.5,354623,0
SILV.US,D,20200115,000000,6.57,6.8,6.55,6.68,450988,0
SILV.US,D,20200116,000000,6.66,6.74,6.51,6.56,302040,0
SILV.US,D,20200117,000000,6.53,6.66,6.39,6.57,317334,0
SILV.US,D,20200121,000000,6.68,6.86,6.61,6.85,569540,0
SILV.US,D,20200122,000000,6.88,6.95,6.68,6.77,542669,0
SILV.US,D,20200123,000000,6.66,6.9,6.51,6.56,449998,0
SILV.US,D,20200124,000000,6.59,6.911,6.5696,6.86,453189,0
SILV.US,D,20200127,000000,6.98,6.99,6.62,6.75,469116,0
SILV.US,D,20200128,000000,6.7,6.77,6.47,6.64,507622,0
SILV.US,D,20200129,000000,6.61,6.79,6.6,6.73,433738,0
SILV.US,D,20200130,000000,6.8,6.87,6.66,6.75,459047,0
SILV.US,D,20200131,000000,6.76,6.78,6.53,6.61,517989,0
SILV.US,D,20200203,000000,6.51,6.51,6.19,6.2,759969,0
SILV.US,D,20200204,000000,6.18,6.1899,6.01,6.16,536457,0
SILV.US,D,20200205,000000,6.17,6.4,6.12,6.29,395247,0
SILV.US,D,20200206,000000,6.35,6.4,6.09,6.21,397875,0
SILV.US,D,20200207,000000,6.22,6.25,5.86,6.06,551603,0
SILV.US,D,20200210,000000,6.07,6.13,5.93,5.95,530214,0
SILV.US,D,20200211,000000,5.98,6.18,5.92,6.18,384162,0
SILV.US,D,20200212,000000,6.13,6.27,6.11,6.18,260309,0
SILV.US,D,20200213,000000,6.17,6.41,6.17,6.36,410097,0
SILV.US,D,20200214,000000,6.38,6.7,6.36,6.62,576061,0
SILV.US,D,20200218,000000,6.77,7.6,6.72,7.42,1897969,0
SILV.US,D,20200219,000000,7.53,7.53,7.37,7.47,906156,0
SILV.US,D,20200220,000000,7.54,7.66,7.45,7.53,622458,0
SILV.US,D,20200221,000000,7.65,8.22,7.61,8.07,1182409,0
SILV.US,D,20200224,000000,8.25,8.3,7.6,7.75,1297591,0
SILV.US,D,20200225,000000,7.68,7.94,7.5561,7.64,1014293,0
SILV.US,D,20200226,000000,7.63,7.65,7.33,7.39,773682,0
SILV.US,D,20200227,000000,7.54,7.55,6.84,6.94,1294181,0
SILV.US,D,20200228,000000,6.42,6.6,5.995,6.37,1904052,0
SILV.US,D,20200302,000000,6.56,6.5975,6.09,6.55,855008,0
SILV.US,D,20200303,000000,7.04,7.13,6.65,6.83,1419787,0
SILV.US,D,20200304,000000,7,7.015,6.61,6.89,497474,0
SILV.US,D,20200305,000000,7.05,7.175,6.78,7.11,704426,0
SILV.US,D,20200306,000000,7.12,7.24,6.68,6.97,680897,0
SILV.US,D,20200309,000000,6.49,6.75,6.25,6.44,610586,0
SILV.US,D,20200310,000000,6.51,6.67,5.9601,6.38,979773,0
SILV.US,D,20200311,000000,6.23,6.23,5.2025,5.3,1753324,0
SILV.US,D,20200312,000000,4.04,5.16,3.93,4.43,1720512,0
SILV.US,D,20200313,000000,4.57,4.65,3.9201,4.29,1582683,0
SILV.US,D,20200316,000000,3.6,4.79,3.28,4.34,2139014,0
SILV.US,D,20200317,000000,4.26,4.91,4.06,4.64,1536166,0
SILV.US,D,20200318,000000,4.54,5.09,4.2101,4.45,2630553,0
SILV.US,D,20200319,000000,4.51,5.165,4.18,4.76,2231716,0
SILV.US,D,20200320,000000,5.09,5.57,4.9,5.18,12406817,0
SILV.US,D,20200323,000000,5.37,5.39,4.68,5.09,1542956,0
SILV.US,D,20200324,000000,6,6.18,5.35,6.04,2187991,0
SILV.US,D,20200325,000000,6.11,6.43,5.8085,6.14,1702822,0
SILV.US,D,20200326,000000,6.25,6.49,5.71,5.75,935058,0
SILV.US,D,20200327,000000,5.68,5.8651,5.21,5.37,718975,0
SILV.US,D,20200330,000000,5.32,5.6,4.8,5.15,877642,0
SILV.US,D,20200331,000000,4.98,5.4497,4.98,5.22,378488,0
SILV.US,D,20200401,000000,5.1,5.265,4.85,5.22,895708,0
SILV.US,D,20200402,000000,5.3,5.535,5.1,5.12,591953,0
SILV.US,D,20200403,000000,5.13,5.3,4.66,4.69,771981,0
SILV.US,D,20200406,000000,4.84,5.341,4.78,5.29,711194,0
SILV.US,D,20200407,000000,5.35,5.59,5.22,5.29,524645,0
SILV.US,D,20200408,000000,5.28,5.39,5.116,5.26,315967,0
SILV.US,D,20200409,000000,5.46,5.72,5.39,5.53,1010464,0
SILV.US,D,20200413,000000,5.64,6.33,5.48,6.21,1341231,0
SILV.US,D,20200414,000000,6.6,6.6,6.02,6.06,1718179,0
SILV.US,D,20200415,000000,6,6,5.56,5.84,708246,0
SILV.US,D,20200416,000000,5.83,6.1085,5.605,5.87,762787,0
SILV.US,D,20200417,000000,5.69,5.86,5.61,5.68,516118,0
SILV.US,D,20200420,000000,5.63,5.92,5.62,5.72,645119,0
SILV.US,D,20200421,000000,5.57,6.06,5.57,6.01,747879,0
SILV.US,D,20200422,000000,6.17,6.55,6.1,6.41,1071143,0
SILV.US,D,20200423,000000,6.59,7.07,6.46,6.78,1431876,0
SILV.US,D,20200424,000000,6.89,7.04,6.43,6.62,836551,0
SILV.US,D,20200427,000000,6.68,6.96,6.52,6.9,886120,0
SILV.US,D,20200428,000000,7.2,7.25,6.79,7.17,1330008,0
SILV.US,D,20200429,000000,7.34,7.34,6.87,7.07,1215890,0
SILV.US,D,20200430,000000,7.05,7.07,6.47,6.53,1008085,0
SILV.US,D,20200501,000000,6.42,6.785,6.21,6.77,1269946,0
SILV.US,D,20200504,000000,6.79,6.87,6.6834,6.77,614122,0
SILV.US,D,20200505,000000,6.75,7.19,6.68,7.11,742876,0
SILV.US,D,20200506,000000,7.01,7.1182,6.845,7.11,497340,0
SILV.US,D,20200507,000000,7.26,8.15,7.15,7.9,1337053,0
SILV.US,D,20200508,000000,8.1,8.29,7.6,7.65,1125622,0
SILV.US,D,20200511,000000,7.65,7.66,7.02,7.15,1000380,0
SILV.US,D,20200512,000000,7.27,7.56,6.95,7,723355,0
SILV.US,D,20200513,000000,7.15,7.3624,6.85,7.14,1009855,0
SILV.US,D,20200514,000000,7.16,7.58,6.94,7.3,1591982,0
SILV.US,D,20200515,000000,7.95,8.13,7.5601,8.07,2198802,0
SILV.US,D,20200518,000000,8.5,9.18,8.32,8.83,1342933,0
SILV.US,D,20200519,000000,9.09,9.1,8.57,8.7,1910844,0
SILV.US,D,20200520,000000,8.9,8.92,8.53,8.89,942476,0
SILV.US,D,20200521,000000,8.71,8.81,8.23,8.67,858718,0
SILV.US,D,20200522,000000,8.8,8.92,8.57,8.59,587109,0
SILV.US,D,20200526,000000,8.8,8.8,7.95,8.05,988110,0
SILV.US,D,20200527,000000,7.8,8.18,7.6,8.15,1373283,0
SILV.US,D,20200528,000000,8.31,8.45,7.9502,8.12,817204,0
SILV.US,D,20200529,000000,8.44,8.93,8.39,8.93,1189633,0
SILV.US,D,20200601,000000,9.15,9.5627,9.1,9.56,1184262,0
SILV.US,D,20200602,000000,9.69,9.69,8.91,8.98,1170796,0
SILV.US,D,20200603,000000,8.84,9.03,8.51,8.6,877401,0
SILV.US,D,20200604,000000,8.66,9.055,8.65,9.03,878786,0
SILV.US,D,20200605,000000,8.65,8.81,8.3,8.77,1302389,0
SILV.US,D,20200608,000000,8.87,9.18,8.572,9.07,900175,0
SILV.US,D,20200609,000000,9.1,9.13,8.87,8.93,697486,0
SILV.US,D,20200610,000000,9.09,9.47,8.82,9.43,961449,0
SILV.US,D,20200611,000000,9.35,9.3999,8.12,8.26,1334496,0
SILV.US,D,20200612,000000,8.57,8.7399,8.08,8.23,963744,0
SILV.US,D,20200615,000000,8,8.66,7.81,8.65,886783,0
SILV.US,D,20200616,000000,8.73,8.73,8,8.21,1041855,0
SILV.US,D,20200617,000000,8.22,8.35,8.06,8.12,502144,0
SILV.US,D,20200618,000000,8.1,8.25,7.91,7.95,569889,0
SILV.US,D,20200619,000000,8.1,8.488,8,8.24,2494551,0
SILV.US,D,20200622,000000,8.35,8.85,8.35,8.58,1061812,0
SILV.US,D,20200623,000000,8.75,8.95,8.61,8.93,743401,0
SILV.US,D,20200624,000000,8.87,8.93,8.41,8.48,692438,0
SILV.US,D,20200625,000000,8.42,8.54,8.28,8.54,419170,0
SILV.US,D,20200626,000000,8.47,8.76,8.23,8.75,663619,0
SILV.US,D,20200629,000000,8.77,8.8,8.38,8.61,575929,0
SILV.US,D,20200630,000000,8.6,9.26,8.431,9.16,1392042,0
SILV.US,D,20200701,000000,8.69,9.1,8.69,9.02,515880,0
SILV.US,D,20200702,000000,9.05,9.45,9.0338,9.06,683034,0
SILV.US,D,20200706,000000,9.23,9.27,8.8,8.87,700818,0
SILV.US,D,20200707,000000,8.88,9.03,8.78,8.98,705557,0
SILV.US,D,20200708,000000,9.14,9.47,9.09,9.38,1192277,0
SILV.US,D,20200709,000000,9.54,9.7399,9.04,9.35,944772,0
SILV.US,D,20200710,000000,9.44,9.44,8.945,9.06,664360,0
SILV.US,D,20200713,000000,9.26,9.5,8.66,8.71,830357,0
SILV.US,D,20200714,000000,8.66,8.97,8.51,8.94,523843,0
SILV.US,D,20200715,000000,9,9.215,8.6836,9.16,641354,0
SILV.US,D,20200716,000000,9.08,9.12,8.79,8.9,504094,0
SILV.US,D,20200717,000000,8.95,9.18,8.8,9.06,648447,0
SILV.US,D,20200720,000000,9.24,10.2,9.1617,10.08,1635013,0
SILV.US,D,20200721,000000,10.7,10.88,10.25,10.46,1723918,0
SILV.US,D,20200722,000000,11.12,11.12,10.52,10.75,1404614,0
SILV.US,D,20200723,000000,10.74,10.78,9.89,10.19,1190617,0
SILV.US,D,20200724,000000,10.5,10.5,9.87,9.97,919592,0
SILV.US,D,20200727,000000,10.66,10.785,10.2301,10.48,1321190,0
SILV.US,D,20200728,000000,10.6,10.69,10.11,10.19,943119,0
SILV.US,D,20200729,000000,10.33,10.34,9.78,9.96,875447,0
SILV.US,D,20200730,000000,9.76,9.89,9.5,9.61,782267,0
SILV.US,D,20200731,000000,9.69,10.15,9.645,9.98,795323,0
SILV.US,D,20200803,000000,10.01,10.09,9.62,10.05,517632,0
SILV.US,D,20200804,000000,10.05,10.52,9.861,10.52,1053480,0
SILV.US,D,20200805,000000,10.9,10.94,10.07,10.24,1218169,0
SILV.US,D,20200806,000000,10.4,10.5,9.7557,10.08,1381973,0
SILV.US,D,20200807,000000,9.85,9.94,9.43,9.61,867933,0
SILV.US,D,20200810,000000,9.85,9.989,9.4,9.42,854984,0
SILV.US,D,20200811,000000,8.98,9.08,8.3701,8.64,1894910,0
SILV.US,D,20200812,000000,8.8,9.2366,8.64,8.95,850318,0
SILV.US,D,20200813,000000,8.8,9.3,8.8,9.12,1378525,0
SILV.US,D,20200814,000000,9.09,9.17,8.86,9.07,806672,0
SILV.US,D,20200817,000000,9.46,9.76,9.26,9.75,1153879,0
SILV.US,D,20200818,000000,9.97,10.04,9.42,9.54,802920,0
SILV.US,D,20200819,000000,9.47,9.54,9.04,9.08,808013,0
SILV.US,D,20200820,000000,9.06,9.27,9.01,9.17,754737,0
SILV.US,D,20200821,000000,9.01,9.11,8.71,8.83,768661,0
SILV.US,D,20200824,000000,8.97,9.095,8.74,8.78,701038,0
SILV.US,D,20200825,000000,8.8,8.91,8.51,8.8,771395,0
SILV.US,D,20200826,000000,8.69,9.41,8.65,9.35,1078650,0
SILV.US,D,20200827,000000,9.62,9.69,8.92,9.05,725281,0
SILV.US,D,20200828,000000,9.28,9.43,9.2,9.33,988601,0
SILV.US,D,20200831,000000,9.49,10.1488,9.4,9.9,1337411,0
SILV.US,D,20200901,000000,10.24,10.2826,9.56,9.75,975634,0
SILV.US,D,20200902,000000,9.8,9.8,9.23,9.73,627614,0
SILV.US,D,20200903,000000,9.68,10.06,9.42,9.74,1072657,0
SILV.US,D,20200904,000000,9.62,9.88,9.12,9.78,793690,0
SILV.US,D,20200908,000000,9.51,9.73,9.06,9.27,950621,0
SILV.US,D,20200909,000000,9.35,9.765,9.35,9.73,645280,0
SILV.US,D,20200910,000000,9.84,10.12,9.63,9.66,606926,0
SILV.US,D,20200911,000000,9.74,10.07,9.49,9.54,696501,0
SILV.US,D,20200914,000000,9.66,10.4399,9.66,10.41,1152818,0
SILV.US,D,20200915,000000,10.65,10.7096,10.22,10.38,736010,0
SILV.US,D,20200916,000000,10.55,10.65,10.3,10.41,628693,0
SILV.US,D,20200917,000000,10.12,10.425,10,10.41,632886,0
SILV.US,D,20200918,000000,10.47,10.58,10.08,10.16,1590090,0
SILV.US,D,20200921,000000,9.77,10.02,9.22,9.42,1117360,0
SILV.US,D,20200922,000000,9.45,9.55,9.123,9.3,673921,0
SILV.US,D,20200923,000000,9.1,9.1,8.18,8.24,1575637,0
SILV.US,D,20200924,000000,8.23,8.68,8.0754,8.43,1267971,0
SILV.US,D,20200925,000000,8.43,8.49,8.21,8.27,752512,0
SILV.US,D,20200928,000000,8.5,8.5,8.21,8.39,705153,0
SILV.US,D,20200929,000000,8.56,8.67,8.4425,8.62,799107,0
SILV.US,D,20200930,000000,8.5,8.631,8.35,8.49,724114,0
SILV.US,D,20201001,000000,8.62,8.75,8.5,8.66,700387,0
SILV.US,D,20201002,000000,8.5,8.67,8.3,8.4,894567,0
SILV.US,D,20201005,000000,8.48,8.78,8.48,8.7,604891,0
SILV.US,D,20201006,000000,8.76,8.805,8.22,8.22,713626,0
SILV.US,D,20201007,000000,8.44,8.53,8.31,8.47,527987,0
SILV.US,D,20201008,000000,8.57,8.76,8.5213,8.72,542560,0
SILV.US,D,20201009,000000,9.02,9.63,8.93,9.57,1555537,0
SILV.US,D,20201012,000000,9.59,9.82,9.3,9.7,708118,0
SILV.US,D,20201013,000000,9.5,9.55,9.3,9.48,961139,0
SILV.US,D,20201014,000000,9.6,9.86,9.52,9.74,576946,0
SILV.US,D,20201015,000000,9.49,9.9,9.45,9.88,492168,0
SILV.US,D,20201016,000000,9.89,9.91,9.6,9.69,488338,0
SILV.US,D,20201019,000000,9.62,9.79,9.21,9.23,681856,0
SILV.US,D,20201020,000000,9.32,9.52,9.2,9.44,343530,0
SILV.US,D,20201021,000000,9.5,9.88,9.49,9.8,522021,0
SILV.US,D,20201022,000000,9.63,9.67,9.28,9.4,491824,0
SILV.US,D,20201023,000000,9.39,9.44,9.2,9.38,367081,0
SILV.US,D,20201026,000000,9.21,9.51,9.01,9.07,478826,0
SILV.US,D,20201027,000000,9.12,9.42,9.04,9.42,618970,0
SILV.US,D,20201028,000000,9.01,9.02,8.44,8.66,733181,0
SILV.US,D,20201029,000000,8.7,8.945,8.585,8.89,470361,0
SILV.US,D,20201030,000000,8.91,9.14,8.74,9.07,565414,0
SILV.US,D,20201102,000000,9.16,9.3499,8.84,9.34,518474,0
SILV.US,D,20201103,000000,9.48,9.52,9.25,9.38,579198,0
SILV.US,D,20201104,000000,9.33,9.33,8.87,8.98,617599,0
SILV.US,D,20201105,000000,9.42,10.5,9.3,10.43,1314131,0
SILV.US,D,20201106,000000,10.52,10.9,10.3,10.87,923031,0
SILV.US,D,20201109,000000,10.17,10.34,9.84,10.02,972889,0
SILV.US,D,20201110,000000,10.14,10.34,9.55,9.6,525028,0
SILV.US,D,20201111,000000,9.5,9.73,9.36,9.71,443347,0
SILV.US,D,20201112,000000,9.8,10.31,9.67,9.98,471483,0
SILV.US,D,20201113,000000,10.34,10.34,9.73,9.89,410842,0
SILV.US,D,20201116,000000,9.98,10.39,9.751,10.29,680565,0
SILV.US,D,20201117,000000,10.24,10.275,9.87,10.03,606703,0
SILV.US,D,20201118,000000,9.99,10.02,9.17,9.17,871199,0
SILV.US,D,20201119,000000,9,9.26,8.93,9.15,590830,0
SILV.US,D,20201120,000000,9.37,9.5499,9.015,9.04,583954,0
SILV.US,D,20201123,000000,9,9.14,8.55,8.65,893399,0
SILV.US,D,20201124,000000,8.52,8.6,8.26,8.49,1132621,0
SILV.US,D,20201125,000000,8.57,8.9,8.505,8.62,877206,0
SILV.US,D,20201127,000000,8.46,8.79,8.38,8.71,553000,0
SILV.US,D,20201130,000000,8.5,8.76,8.38,8.75,847834,0
SILV.US,D,20201201,000000,9.21,9.23,8.79,9.21,867866,0
SILV.US,D,20201202,000000,9.12,9.395,8.98,9.37,523123,0
SILV.US,D,20201203,000000,9.34,9.42,8.991,9.06,713169,0
SILV.US,D,20201204,000000,9.08,9.14,8.73,8.77,667132,0
SILV.US,D,20201207,000000,8.76,9.386,8.76,9.13,756472,0
SILV.US,D,20201208,000000,9.19,9.25,8.98,9.01,363523,0
SILV.US,D,20201209,000000,8.89,8.99,8.53,8.64,488562,0
SILV.US,D,20201210,000000,8.72,8.97,8.65,8.83,517014,0
SILV.US,D,20201211,000000,8.79,8.919,8.65,8.76,349624,0
SILV.US,D,20201214,000000,8.76,8.9784,8.56,8.59,485354,0
SILV.US,D,20201215,000000,8.7,9.08,8.7,9.05,652088,0
SILV.US,D,20201216,000000,9.22,9.49,9.06,9.49,739743,0
SILV.US,D,20201217,000000,9.73,10.19,9.73,10.1,1206718,0
SILV.US,D,20201218,000000,10.06,10.07,9.58,9.59,1504560,0
SILV.US,D,20201221,000000,9.71,10.46,9.635,10.18,1170504,0
SILV.US,D,20201222,000000,10.2,10.2,9.475,9.67,830847,0
SILV.US,D,20201223,000000,9.86,10,9.7265,9.88,506281,0
SILV.US,D,20201224,000000,9.88,10.1,9.7,10.03,216018,0
SILV.US,D,20201228,000000,10.33,10.98,10.3,10.33,781454,0
SILV.US,D,20201229,000000,10.64,10.65,10.18,10.49,868904,0
SILV.US,D,20201230,000000,10.53,11.31,10.49,11.25,1155237,0
SILV.US,D,20201231,000000,11.4,11.4495,10.92,11.18,736736,0
SILV.US,D,20210104,000000,12.26,12.88,12.02,12.35,1683284,0
SILV.US,D,20210105,000000,12.39,12.42,11.45,11.75,2541721,0
SILV.US,D,20210106,000000,11.62,11.85,11.2,11.79,1248426,0
SILV.US,D,20210107,000000,11.7,11.8,11.33,11.65,681719,0
SILV.US,D,20210108,000000,11.27,11.3,10.38,10.8,1535338,0
SILV.US,D,20210111,000000,10.48,10.89,10.46,10.64,501617,0
SILV.US,D,20210112,000000,10.71,10.74,10.145,10.68,947844,0
SILV.US,D,20210113,000000,10.68,10.71,10.25,10.26,643905,0
SILV.US,D,20210114,000000,10.26,10.41,9.86,9.89,963275,0
SILV.US,D,20210115,000000,9.7,9.775,9.17,9.19,1425630,0
SILV.US,D,20210119,000000,9.29,9.44,9.012,9.2,1016511,0
SILV.US,D,20210120,000000,9.39,9.75,9.23,9.67,1021231,0
SILV.US,D,20210121,000000,9.69,9.8299,9.21,9.46,714482,0
SILV.US,D,20210122,000000,9.06,9.45,8.99,9.25,672129,0
SILV.US,D,20210125,000000,9.28,9.345,8.87,9.09,910413,0
SILV.US,D,20210126,000000,9.1,9.524,9.08,9.37,963056,0
SILV.US,D,20210127,000000,9.2,9.3,8.75,8.97,1086187,0
SILV.US,D,20210128,000000,10,10.21,9.28,9.66,1788636,0
SILV.US,D,20210129,000000,10.91,11.05,10.01,10.15,2267908,0
SILV.US,D,20210201,000000,12.71,12.75,10.8,11.17,5280280,0
SILV.US,D,20210202,000000,10.82,10.82,9.79,9.83,1952050,0
SILV.US,D,20210203,000000,10.16,10.16,9.49,9.57,1987395,0
SILV.US,D,20210204,000000,9.4,9.96,8.88,9.93,2029367,0
SILV.US,D,20210205,000000,10.06,10.44,9.85,10.26,1314751,0
SILV.US,D,20210208,000000,10.58,10.71,10.28,10.33,891651,0
SILV.US,D,20210209,000000,10.44,10.46,9.94,10.03,1148853,0
SILV.US,D,20210210,000000,10.15,10.23,9.73,9.9,973124,0
SILV.US,D,20210211,000000,10,10.13,9.62,9.66,1115062,0
SILV.US,D,20210212,000000,9.23,9.84,9.2,9.47,4554816,0
SILV.US,D,20210216,000000,9.39,9.68,9.21,9.34,2389945,0
SILV.US,D,20210217,000000,9.22,9.36,9.07,9.16,1619321,0
SILV.US,D,20210218,000000,9.14,9.23,8.73,8.82,1841770,0
SILV.US,D,20210219,000000,8.89,9.06,8.68,8.81,1293691,0
SILV.US,D,20210222,000000,9,9.16,8.66,9.14,3324936,0
SILV.US,D,20210223,000000,9.15,9.215,8.57,9.2,1862158,0
SILV.US,D,20210224,000000,9.11,9.41,8.91,9.3,1430247,0
SILV.US,D,20210225,000000,9.15,9.4,8.52,8.65,2154894,0
SILV.US,D,20210226,000000,8.51,8.56,7.8,8.3,2763987,0
SILV.US,D,20210301,000000,8.44,8.58,7.875,8,2029013,0
SILV.US,D,20210302,000000,8,8.52,7.95,8.34,1320526,0
SILV.US,D,20210303,000000,8.06,8.23,7.83,7.96,1575140,0
SILV.US,D,20210304,000000,7.96,8.05,7.22,7.55,3039249,0
SILV.US,D,20210305,000000,7.56,7.69,7.18,7.58,1794390,0
SILV.US,D,20210308,000000,7.58,7.73,7.25,7.27,1642269,0
SILV.US,D,20210309,000000,7.68,7.97,7.58,7.78,1592012,0
SILV.US,D,20210310,000000,7.97,8.02,7.71,7.97,1165394,0
SILV.US,D,20210311,000000,8.03,8.15,7.81,8.12,903609,0
SILV.US,D,20210312,000000,7.93,8.2,7.63,8.13,989573,0
SILV.US,D,20210315,000000,8.15,8.5499,8.15,8.4,985960,0
SILV.US,D,20210316,000000,8.4,8.4,8.14,8.21,1060964,0
SILV.US,D,20210317,000000,8.12,8.68,8.07,8.57,1239869,0
SILV.US,D,20210318,000000,8.27,8.52,8.23,8.3,776549,0
SILV.US,D,20210319,000000,8.3,8.42,8.1501,8.3,1915382,0
SILV.US,D,20210322,000000,8.18,8.39,8.11,8.11,745460,0
SILV.US,D,20210323,000000,8.09,8.14,7.87,7.91,1261226,0
SILV.US,D,20210324,000000,7.94,8.1,7.89,7.92,664753,0
SILV.US,D,20210325,000000,7.75,8.065,7.75,7.98,809795,0
SILV.US,D,20210326,000000,7.95,8.155,7.9,8.14,619128,0
SILV.US,D,20210329,000000,8.11,8.11,7.7,7.92,867417,0
SILV.US,D,20210330,000000,7.64,7.74,7.45,7.51,1302268,0
SILV.US,D,20210331,000000,7.48,8.155,7.4701,8.08,785227,0
SILV.US,D,20210401,000000,8.24,8.4925,8.23,8.46,810956,0
SILV.US,D,20210405,000000,8.55,8.5647,8.24,8.32,555010,0
SILV.US,D,20210406,000000,8.4,8.76,8.36,8.57,758448,0
SILV.US,D,20210407,000000,8.55,8.55,8.26,8.3,462670,0
SILV.US,D,20210408,000000,8.48,8.78,8.41,8.75,701436,0
SILV.US,D,20210409,000000,8.52,8.96,8.51,8.84,1008396,0
SILV.US,D,20210412,000000,9.44,9.44,8.34,8.44,1502430,0
SILV.US,D,20210413,000000,8.56,8.9,8.55,8.71,519680,0
SILV.US,D,20210414,000000,8.64,8.64,8.49,8.5,522023,0
SILV.US,D,20210415,000000,8.6,9.2,8.56,9.12,894999,0
SILV.US,D,20210416,000000,9.2,9.22,8.9,9.08,870479,0
SILV.US,D,20210419,000000,9.01,9.0799,8.688,8.81,560847,0
SILV.US,D,20210420,000000,8.78,9,8.66,8.99,594544,0
SILV.US,D,20210421,000000,9,9.4,8.95,9.4,907752,0
SILV.US,D,20210422,000000,9.29,9.3,8.81,8.85,1062595,0
SILV.US,D,20210423,000000,8.94,9.1,8.75,8.88,568660,0
SILV.US,D,20210426,000000,8.9,9.15,8.9,8.99,460259,0
SILV.US,D,20210427,000000,9.16,9.179,8.76,8.82,667172,0
SILV.US,D,20210428,000000,8.7,9.09,8.56,9.07,543247,0
SILV.US,D,20210429,000000,8.95,9.07,8.58,8.82,1005805,0
SILV.US,D,20210430,000000,8.75,8.94,8.66,8.67,467021,0
SILV.US,D,20210503,000000,8.89,9.29,8.84,9.25,1335116,0
SILV.US,D,20210504,000000,9.22,9.5,8.88,8.91,690431,0
SILV.US,D,20210505,000000,8.93,8.93,8.69,8.92,536907,0
SILV.US,D,20210506,000000,9.05,9.37,9.01,9.17,1502169,0
SILV.US,D,20210507,000000,9.39,9.4,9.06,9.31,859244,0
SILV.US,D,20210510,000000,9.49,9.5,8.95,8.96,1053522,0
SILV.US,D,20210511,000000,8.81,9.03,8.61,9.03,682164,0
SILV.US,D,20210512,000000,9.03,9.06,8.56,8.6,831479,0
SILV.US,D,20210513,000000,8.54,8.58,8.2,8.31,1000813,0
SILV.US,D,20210514,000000,8.45,8.81,8.42,8.81,780072,0
SILV.US,D,20210517,000000,8.93,9.46,8.82,9.37,1180776,0
SILV.US,D,20210518,000000,9.5,9.68,9.31,9.59,1716368,0
SILV.US,D,20210519,000000,9.5,9.57,9.0501,9.21,969929,0
SILV.US,D,20210520,000000,9.27,9.52,9.14,9.51,798171,0
SILV.US,D,20210521,000000,9.5,9.58,9.143,9.54,854366,0
SILV.US,D,20210524,000000,9.62,9.9,9.58,9.62,735705,0
SILV.US,D,20210525,000000,9.67,10.05,9.46,9.91,1057834,0
SILV.US,D,20210526,000000,9.97,10.0741,9.56,9.62,903287,0
SILV.US,D,20210527,000000,9.51,9.78,9.32,9.78,803395,0
SILV.US,D,20210528,000000,9.75,9.98,9.65,9.91,752024,0
SILV.US,D,20210601,000000,9.99,10.3,9.93,9.98,1248896,0
SILV.US,D,20210602,000000,10,10.17,9.98,10.04,737710,0
SILV.US,D,20210603,000000,9.74,9.74,9.43,9.52,1045853,0
SILV.US,D,20210604,000000,9.69,9.84,9.61,9.75,618680,0
SILV.US,D,20210607,000000,9.7,9.98,9.57,9.92,643964,0
SILV.US,D,20210608,000000,9.8,9.9,9.71,9.76,567316,0
SILV.US,D,20210609,000000,9.77,10.05,9.73,9.83,525306,0
SILV.US,D,20210610,000000,9.84,10.32,9.801,10.31,696609,0
SILV.US,D,20210611,000000,10.29,10.4,10.07,10.13,554822,0
SILV.US,D,20210614,000000,9.86,10.29,9.85,10.05,707987,0
SILV.US,D,20210615,000000,10.05,10.05,9.62,9.75,639454,0
SILV.US,D,20210616,000000,9.75,9.9584,9.53,9.65,655322,0
SILV.US,D,20210617,000000,9.3,9.41,8.86,9.13,2028875,0
SILV.US,D,20210618,000000,9.18,9.27,8.88,8.91,1325312,0
SILV.US,D,20210621,000000,9.09,9.09,8.76,8.94,699770,0
SILV.US,D,20210622,000000,8.84,8.85,8.69,8.8,642768,0
SILV.US,D,20210623,000000,8.87,9.01,8.69,8.69,471025,0
SILV.US,D,20210624,000000,8.8,8.85,8.69,8.82,416658,0
SILV.US,D,20210625,000000,8.95,9,8.67,8.67,492187,0
SILV.US,D,20210628,000000,8.75,8.86,8.5,8.51,639698,0
SILV.US,D,20210629,000000,8.42,8.64,8.33,8.43,696772,0
SILV.US,D,20210630,000000,8.5,8.79,8.4,8.73,633619,0
SILV.US,D,20210701,000000,8.81,8.871,8.4536,8.65,517549,0
SILV.US,D,20210702,000000,8.89,8.9,8.59,8.84,466377,0
SILV.US,D,20210706,000000,8.98,9.05,8.62,8.69,563200,0
SILV.US,D,20210707,000000,8.77,8.77,8.5,8.55,398400,0
SILV.US,D,20210708,000000,8.52,8.52,8.055,8.18,1153894,0
SILV.US,D,20210709,000000,8.22,8.47,8.22,8.4,426833,0
SILV.US,D,20210712,000000,8.32,8.39,8.1099,8.15,489050,0
SILV.US,D,20210713,000000,8.15,8.31,8.0942,8.13,399619,0
SILV.US,D,20210714,000000,8.4,8.4,8.14,8.19,454760,0
SILV.US,D,20210715,000000,8.2,8.26,7.874,8.04,629858,0
SILV.US,D,20210716,000000,8,8.05,7.58,7.64,1022814,0
SILV.US,D,20210719,000000,7.5,7.5499,7.0613,7.18,1402986,0
SILV.US,D,20210720,000000,7.2,7.38,7.16,7.29,585363,0
SILV.US,D,20210721,000000,7.26,7.9,7.25,7.87,1074658,0
SILV.US,D,20210722,000000,7.88,7.97,7.69,7.91,479896,0
SILV.US,D,20210723,000000,7.8,8.04,7.79,7.92,887437,0
SILV.US,D,20210726,000000,8.03,8.28,8.02,8.06,584195,0
SILV.US,D,20210727,000000,8.14,8.16,7.9,8.1,585523,0
SILV.US,D,20210728,000000,8.02,8.47,8.02,8.44,729980,0
SILV.US,D,20210729,000000,8.71,8.88,8.58,8.82,901586,0
SILV.US,D,20210730,000000,8.7,8.84,8.53,8.66,497496,0
SILV.US,D,20210802,000000,8.62,8.6699,8.47,8.55,393652,0
SILV.US,D,20210803,000000,8.58,8.74,8.51,8.74,454559,0
SILV.US,D,20210804,000000,8.8,8.98,8.49,8.49,632158,0
SILV.US,D,20210805,000000,8.46,8.75,8.38,8.47,403120,0
SILV.US,D,20210806,000000,7.88,8.42,7.851,8.3,793984,0
SILV.US,D,20210809,000000,8.13,8.22,7.71,7.83,1042658,0
SILV.US,D,20210810,000000,7.78,7.96,7.73,7.79,478339,0
SILV.US,D,20210811,000000,7.92,8.09,7.83,8.04,519767,0
SILV.US,D,20210812,000000,7.93,8.06,7.66,7.76,591141,0
SILV.US,D,20210813,000000,7.86,8.09,7.86,8.06,675831,0
SILV.US,D,20210816,000000,8.08,8.08,7.77,7.81,367228,0
SILV.US,D,20210817,000000,7.73,7.81,7.45,7.53,753300,0
SILV.US,D,20210818,000000,7.56,7.56,7.17,7.3,685226,0
SILV.US,D,20210819,000000,7.33,7.3648,7.02,7.07,702206,0
SILV.US,D,20210820,000000,7.03,7.27,7,7.12,392233,0
SILV.US,D,20210823,000000,7.35,7.675,7.33,7.62,685108,0
SILV.US,D,20210824,000000,7.75,7.76,7.485,7.62,472023,0
SILV.US,D,20210825,000000,7.6,7.6532,7.41,7.56,412071,0
SILV.US,D,20210826,000000,7.46,7.67,7.445,7.52,316640,0
SILV.US,D,20210827,000000,7.55,7.99,7.51,7.92,488975,0
SILV.US,D,20210830,000000,7.94,8,7.7,7.81,343234,0
SILV.US,D,20210831,000000,7.78,8.07,7.7738,7.99,344997,0
SILV.US,D,20210901,000000,8.03,8.11,7.885,7.95,387860,0
SILV.US,D,20210902,000000,7.96,8.0765,7.83,7.87,664412,0
SILV.US,D,20210903,000000,8.04,8.3,8.04,8.16,798153,0
SILV.US,D,20210907,000000,8,8.14,7.83,7.88,652427,0
SILV.US,D,20210908,000000,7.84,7.88,7.59,7.7,562099,0
SILV.US,D,20210909,000000,7.8,7.8,7.51,7.62,560036,0
SILV.US,D,20210910,000000,7.7,7.7,7.435,7.47,513400,0
SILV.US,D,20210913,000000,7.47,8.125,7.42,7.99,1087099,0
SILV.US,D,20210914,000000,8.02,8.22,7.94,8.16,541032,0
SILV.US,D,20210915,000000,8.06,8.2883,8.06,8.25,390520,0
SILV.US,D,20210916,000000,8.01,8.01,7.58,7.9,1137518,0
SILV.US,D,20210917,000000,7.87,7.9,7.61,7.8,1417321,0
SILV.US,D,20210920,000000,7.47,7.63,7.44,7.54,622344,0
SILV.US,D,20210921,000000,7.62,7.9,7.57,7.61,632721,0
SILV.US,D,20210922,000000,7.74,7.88,7.54,7.64,550419,0
SILV.US,D,20210923,000000,7.61,7.64,7.34,7.48,588844,0
SILV.US,D,20210924,000000,7.42,7.51,7.21,7.23,547085,0
SILV.US,D,20210927,000000,7.27,7.51,7.18,7.25,481806,0
SILV.US,D,20210928,000000,7.08,7.27,7.07,7.19,708348,0
SILV.US,D,20210929,000000,7.17,7.17,6.76,6.79,1008110,0
SILV.US,D,20210930,000000,6.85,7.0959,6.82,6.98,742528,0
SILV.US,D,20211001,000000,7.08,7.08,6.89,6.98,574327,0
SILV.US,D,20211004,000000,6.97,7.115,6.86,6.88,633680,0
SILV.US,D,20211005,000000,6.89,6.89,6.6,6.78,702000,0
SILV.US,D,20211006,000000,6.67,6.9278,6.6,6.91,395928,0
SILV.US,D,20211007,000000,6.9,7.175,6.86,7,455280,0
SILV.US,D,20211008,000000,7.19,7.24,6.98,7.01,453367,0
SILV.US,D,20211011,000000,7.12,7.15,6.94,6.99,345707,0
SILV.US,D,20211012,000000,7.08,7.1948,6.9,7.17,661129,0
SILV.US,D,20211013,000000,7.24,7.54,7.225,7.46,757750,0
SILV.US,D,20211014,000000,7.65,7.69,7.49,7.66,499416,0
SILV.US,D,20211015,000000,7.47,7.61,7.305,7.54,871478,0
SILV.US,D,20211018,000000,7.5,7.61,7.33,7.33,401235,0
SILV.US,D,20211019,000000,7.68,7.77,7.385,7.48,665221,0
SILV.US,D,20211020,000000,7.62,8.04,7.4989,7.92,707462,0
SILV.US,D,20211021,000000,7.9,7.99,7.78,7.92,397708,0
SILV.US,D,20211022,000000,8.05,8.33,7.96,7.96,846435,0
SILV.US,D,20211025,000000,8.05,8.26,8.01,8.22,487851,0
SILV.US,D,20211026,000000,8.19,8.76,8.12,8.69,1156564,0
SILV.US,D,20211027,000000,8.67,9.07,8.6,8.91,789578,0
SILV.US,D,20211028,000000,8.99,9.03,8.8101,8.88,572956,0
SILV.US,D,20211029,000000,8.72,9.02,8.62,9,639592,0
SILV.US,D,20211101,000000,8.99,9.21,8.82,9.03,594906,0
SILV.US,D,20211102,000000,8.93,9.01,8.77,8.89,458350,0
SILV.US,D,20211103,000000,8.68,9.11,8.66,9.01,544869,0
SILV.US,D,20211104,000000,9.17,9.31,8.81,8.82,518196,0
SILV.US,D,20211105,000000,8.92,9.08,8.73,9.06,612970,0
SILV.US,D,20211108,000000,9.19,9.255,9.1,9.18,429572,0
SILV.US,D,20211109,000000,9.17,9.31,8.952,9.28,464713,0
SILV.US,D,20211110,000000,9.49,9.7,9.3,9.35,620197,0
SILV.US,D,20211111,000000,9.55,9.6258,9.39,9.46,507178,0
SILV.US,D,20211112,000000,9.42,9.74,9.24,9.7,676041,0
SILV.US,D,20211115,000000,9.56,9.65,9.37,9.44,427642,0
SILV.US,D,20211116,000000,9.45,9.5,9.07,9.12,409879,0
SILV.US,D,20211117,000000,9.15,9.28,8.965,8.97,858896,0
SILV.US,D,20211118,000000,8.95,9.04,8.7703,9.02,393095,0
SILV.US,D,20211119,000000,9.03,9.1,8.71,8.75,428477,0
SILV.US,D,20211122,000000,8.59,8.94,8.43,8.84,574487,0
SILV.US,D,20211123,000000,8.65,8.9,8.48,8.67,582220,0
SILV.US,D,20211124,000000,8.55,8.74,8.535,8.72,284566,0
SILV.US,D,20211126,000000,8.72,8.72,8.19,8.42,399062,0
SILV.US,D,20211129,000000,8.45,8.54,8.32,8.54,345491,0
SILV.US,D,20211130,000000,8.41,8.86,8.36,8.42,499865,0
SILV.US,D,20211201,000000,8.49,8.53,7.74,7.79,801026,0
SILV.US,D,20211202,000000,7.83,7.97,7.46,7.7,861025,0
SILV.US,D,20211203,000000,7.71,7.78,7.33,7.48,959278,0
SILV.US,D,20211206,000000,7.48,7.64,7.27,7.64,550508,0
SILV.US,D,20211207,000000,7.62,7.95,7.62,7.95,466181,0
SILV.US,D,20211208,000000,7.95,8.075,7.88,8.01,392343,0
SILV.US,D,20211209,000000,7.87,7.96,7.68,7.81,630073,0
SILV.US,D,20211210,000000,7.94,7.94,7.72,7.75,446856,0
SILV.US,D,20211213,000000,7.75,7.8,7.43,7.56,785866,0
SILV.US,D,20211214,000000,7.34,7.5273,7.19,7.2,815378,0
SILV.US,D,20211215,000000,7.2,7.275,6.8,7.17,1189921,0
SILV.US,D,20211216,000000,7.38,7.77,7.34,7.68,839639,0
SILV.US,D,20211217,000000,7.7,7.84,7.5,7.54,920078,0
SILV.US,D,20211220,000000,7.47,7.59,7.33,7.57,598828,0
SILV.US,D,20211221,000000,7.73,7.78,7.6,7.73,471721,0
SILV.US,D,20211222,000000,7.8,7.95,7.68,7.93,453751,0
SILV.US,D,20211223,000000,7.95,8.07,7.81,8.04,389782,0
SILV.US,D,20211227,000000,8.05,8.0502,7.85,7.93,477119,0
SILV.US,D,20211228,000000,7.98,8.08,7.72,7.78,536085,0
SILV.US,D,20211229,000000,7.63,7.9184,7.55,7.69,645871,0
SILV.US,D,20211230,000000,7.69,7.97,7.69,7.88,493978,0
SILV.US,D,20211231,000000,7.92,7.98,7.77,7.91,468722,0
SILV.US,D,20220103,000000,7.8,7.8,7.5901,7.73,436879,0
SILV.US,D,20220104,000000,7.71,7.93,7.522,7.68,815956,0
SILV.US,D,20220105,000000,7.73,7.85,7.28,7.35,824555,0
SILV.US,D,20220106,000000,7.26,7.33,6.98,7.01,792827,0
SILV.US,D,20220107,000000,7.04,7.14,6.915,7.04,672472,0
SILV.US,D,20220110,000000,7.03,7.23,6.9118,7.21,614584,0
SILV.US,D,20220111,000000,7.25,7.49,7.17,7.45,543547,0
SILV.US,D,20220112,000000,7.5,7.96,7.5,7.93,766803,0
SILV.US,D,20220113,000000,7.91,7.9816,7.725,7.76,364721,0
SILV.US,D,20220114,000000,7.76,7.83,7.5601,7.73,473845,0
SILV.US,D,20220118,000000,7.71,8.14,7.6125,7.77,834761,0
SILV.US,D,20220119,000000,7.98,8.8397,7.96,8.65,2049833,0
SILV.US,D,20220120,000000,8.75,8.86,8.415,8.43,976414,0
SILV.US,D,20220121,000000,8.46,8.5434,8.05,8.05,717545,0
SILV.US,D,20220124,000000,8,8.03,7.42,7.72,1281654,0
SILV.US,D,20220125,000000,7.55,8.31,7.51,8.19,944636,0
SILV.US,D,20220126,000000,8.17,8.35,7.815,7.94,1175542,0
SILV.US,D,20220127,000000,7.64,7.89,7.34,7.34,1134098,0
SILV.US,D,20220128,000000,7.27,7.32,7.12,7.32,792180,0
SILV.US,D,20220131,000000,7.38,7.595,7.3,7.56,503649,0
SILV.US,D,20220201,000000,7.64,7.82,7.5618,7.68,477187,0
SILV.US,D,20220202,000000,7.67,7.77,7.555,7.62,424098,0
SILV.US,D,20220203,000000,7.49,7.545,7.28,7.31,620855,0
SILV.US,D,20220204,000000,7.31,7.445,7.22,7.37,324248,0
SILV.US,D,20220207,000000,7.47,7.74,7.3775,7.6,637644,0
SILV.US,D,20220208,000000,7.64,7.87,7.52,7.81,639552,0
SILV.US,D,20220209,000000,7.86,7.88,7.63,7.74,537757,0
SILV.US,D,20220210,000000,7.64,7.9,7.55,7.58,512042,0
SILV.US,D,20220211,000000,7.65,8.3725,7.62,8.24,1523442,0
SILV.US,D,20220214,000000,8.34,8.79,8.33,8.65,1275533,0
SILV.US,D,20220215,000000,8.36,8.845,8.35,8.76,1065764,0
SILV.US,D,20220216,000000,8.8,8.96,8.76,8.93,1560066,0
SILV.US,D,20220217,000000,8.99,9.13,8.84,8.97,903951,0
SILV.US,D,20220218,000000,8.98,9.05,8.6101,8.64,700492,0
SILV.US,D,20220222,000000,8.66,8.73,8.305,8.35,576758,0
SILV.US,D,20220223,000000,8.37,8.94,8.35,8.8,987684,0
SILV.US,D,20220224,000000,9,9.15,8.2601,8.34,1216368,0
SILV.US,D,20220225,000000,8.29,8.84,8.17,8.8,921780,0
SILV.US,D,20220228,000000,8.9,9.03,8.67,8.72,641045,0
SILV.US,D,20220301,000000,8.87,9.4467,8.78,9.41,920863,0
SILV.US,D,20220302,000000,9.45,9.65,9.23,9.58,885384,0
SILV.US,D,20220303,000000,9.5,9.61,9.13,9.35,665996,0
SILV.US,D,20220304,000000,9.36,9.72,9.25,9.57,756007,0
SILV.US,D,20220307,000000,9.7,9.77,9.34,9.5,726195,0
SILV.US,D,20220308,000000,9.7,10.13,9.33,9.65,2250520,0
SILV.US,D,20220309,000000,9.22,9.63,8.95,9.45,1130035,0
SILV.US,D,20220310,000000,9.45,9.61,9.335,9.46,915565,0
SILV.US,D,20220311,000000,9.25,9.35,9.06,9.15,805382,0
SILV.US,D,20220314,000000,8.9,8.9536,8.38,8.47,980374,0
SILV.US,D,20220315,000000,8.28,9.035,8.2504,8.95,1043399,0
SILV.US,D,20220316,000000,8.92,9.02,8.62,8.96,781459,0
SILV.US,D,20220317,000000,9.14,9.5,9.11,9.39,829775,0
SILV.US,D,20220318,000000,9.3,9.52,9.16,9.33,768862,0
SILV.US,D,20220321,000000,9.41,9.825,9.33,9.62,621370,0
SILV.US,D,20220322,000000,9.7,9.73,9.1901,9.36,506323,0
SILV.US,D,20220323,000000,9.5,9.56,9.245,9.35,650400,0
SILV.US,D,20220324,000000,9.38,9.8294,9.38,9.55,711690,0
SILV.US,D,20220325,000000,9.26,9.57,9.26,9.49,412129,0
SILV.US,D,20220328,000000,9.39,9.4,8.87,8.9,923538,0
SILV.US,D,20220329,000000,8.77,9.1001,8.57,9.06,609130,0
SILV.US,D,20220330,000000,9.09,9.4,8.93,8.96,491328,0
SILV.US,D,20220331,000000,9.04,9.15,8.91,8.91,465813,0
SILV.US,D,20220401,000000,8.79,9.28,8.782,9.26,544369,0
SILV.US,D,20220404,000000,9.34,9.42,9.1,9.32,489615,0
SILV.US,D,20220405,000000,9.42,9.58,8.87,8.94,640287,0
SILV.US,D,20220406,000000,8.94,9.03,8.73,8.85,386846,0
SILV.US,D,20220407,000000,8.87,8.955,8.74,8.85,540323,0
SILV.US,D,20220408,000000,8.91,9.14,8.845,9.04,616314,0
SILV.US,D,20220411,000000,9.22,9.335,8.91,9.07,656388,0
SILV.US,D,20220412,000000,9.26,9.3955,8.97,9.16,961703,0
SILV.US,D,20220413,000000,9.36,9.72,9.19,9.7,969737,0
SILV.US,D,20220414,000000,9.69,9.75,9.44,9.58,707061,0
SILV.US,D,20220418,000000,9.8,9.84,9.375,9.39,760246,0
SILV.US,D,20220419,000000,9.27,9.27,8.88,8.96,926669,0
SILV.US,D,20220420,000000,8.91,9.1,8.75,9.05,387542,0
SILV.US,D,20220421,000000,9.05,9.05,8.285,8.44,1315848,0
SILV.US,D,20220422,000000,8.3,8.42,8.085,8.09,934081,0
SILV.US,D,20220425,000000,7.71,8,7.57,7.82,1670122,0
SILV.US,D,20220426,000000,7.87,7.93,7.36,7.36,905808,0
SILV.US,D,20220427,000000,7.44,7.59,7.255,7.28,676970,0
SILV.US,D,20220428,000000,7.34,7.78,7.15,7.71,1034775,0
SILV.US,D,20220429,000000,7.78,7.985,7.53,7.54,754300,0
SILV.US,D,20220502,000000,7.24,7.54,7.19,7.51,977926,0
SILV.US,D,20220503,000000,7.48,7.71,7.47,7.66,652497,0
SILV.US,D,20220504,000000,7.64,8.11,7.58,8.08,878781,0
SILV.US,D,20220505,000000,8.19,8.2,7.395,7.56,1096406,0
SILV.US,D,20220506,000000,7.49,7.6,7.31,7.53,848443,0
SILV.US,D,20220509,000000,7.29,7.31,6.645,6.68,1393351,0
SILV.US,D,20220510,000000,6.81,6.83,6.28,6.61,1312260,0
SILV.US,D,20220511,000000,6.78,6.99,6.57,6.63,1123726,0
SILV.US,D,20220512,000000,6.52,6.54,5.99,6.2,1824730,0
SILV.US,D,20220513,000000,6.23,6.9264,6.15,6.75,930316,0
SILV.US,D,20220516,000000,6.74,6.85,6.66,6.73,14014,0
SILV.US,D,20220517,000000,6.85,7.07,6.77,6.98,732118,0
SILV.US,D,20220518,000000,6.89,6.95,6.665,6.74,765287,0
SILV.US,D,20220519,000000,6.88,7.14,6.87,7.1,844760,0
SILV.US,D,20220520,000000,6.99,7.18,6.675,6.88,660910,0
SILV.US,D,20220523,000000,7.05,7.09,6.78,6.88,721209,0
SILV.US,D,20220524,000000,6.91,7.23,6.8,7.12,738928,0
SILV.US,D,20220525,000000,7.11,7.11,6.905,7.1,490251,0
SILV.US,D,20220526,000000,7.06,7.4352,7.06,7.4,589502,0
SILV.US,D,20220527,000000,7.54,7.658,7.48,7.55,511455,0
SILV.US,D,20220531,000000,7.54,7.63,7.04,7.16,663500,0
SILV.US,D,20220601,000000,7.27,7.44,7.18,7.3,561022,0
SILV.US,D,20220602,000000,7.4,7.99,7.4,7.88,848895,0
SILV.US,D,20220603,000000,7.75,7.875,7.56,7.7,349406,0
SILV.US,D,20220606,000000,7.84,7.94,7.46,7.57,524750,0
SILV.US,D,20220607,000000,7.48,7.65,7.43,7.57,448692,0
SILV.US,D,20220608,000000,7.48,7.54,7.32,7.53,384589,0
SILV.US,D,20220609,000000,7.45,7.53,7.2,7.22,450021,0
SILV.US,D,20220610,000000,7.04,7.71,7,7.67,778659,0
SILV.US,D,20220613,000000,7.26,7.32,6.85,6.9,1084438,0
SILV.US,D,20220614,000000,6.95,6.95,6.49,6.64,713064,0
SILV.US,D,20220615,000000,6.71,6.98,6.5221,6.89,1011732,0
SILV.US,D,20220616,000000,6.72,6.86,6.55,6.79,853357,0
SILV.US,D,20220617,000000,6.78,6.8,6.415,6.48,2187799,0
SILV.US,D,20220621,000000,6.5,6.93,6.5,6.8,670080,0
SILV.US,D,20220622,000000,6.75,7.03,6.57,6.92,942519,0
SILV.US,D,20220623,000000,6.92,7,6.505,6.68,786147,0
SILV.US,D,20220624,000000,6.77,6.95,6.625,6.9,452771,0
SILV.US,D,20220627,000000,6.9,7.06,6.765,7.04,472219,0
SILV.US,D,20220628,000000,7.09,7.11,6.63,6.69,395813,0
SILV.US,D,20220629,000000,6.73,6.75,6.25,6.42,799753,0
SILV.US,D,20220630,000000,6.35,6.37,6.07,6.11,795805,0
SILV.US,D,20220701,000000,6.09,6.61,6.02,6.43,1250867,0
SILV.US,D,20220705,000000,6.18,6.26,5.8599,5.99,1406398,0
SILV.US,D,20220706,000000,5.99,5.99,5.48,5.68,1215406,0
SILV.US,D,20220707,000000,5.69,5.91,5.645,5.7,802864,0
SILV.US,D,20220708,000000,5.74,5.82,5.53,5.67,476760,0
SILV.US,D,20220711,000000,5.6,5.7999,5.5,5.53,451013,0
SILV.US,D,20220712,000000,5.54,5.5799,5.3,5.42,664273,0
SILV.US,D,20220713,000000,5.37,5.8,5.33,5.66,750973,0
SILV.US,D,20220714,000000,5.43,5.53,5.199,5.49,792009,0
SILV.US,D,20220715,000000,5.5,5.64,5.25,5.62,740079,0
SILV.US,D,20220718,000000,5.7,5.91,5.6893,5.7,706614,0
SILV.US,D,20220719,000000,5.82,5.98,5.72,5.83,523564,0
SILV.US,D,20220720,000000,5.82,5.91,5.64,5.64,527474,0
SILV.US,D,20220721,000000,5.7,5.91,5.62,5.89,908608,0
SILV.US,D,20220722,000000,5.96,6.18,5.885,5.91,1223906,0
SILV.US,D,20220725,000000,5.89,5.89,5.395,5.69,1058802,0
SILV.US,D,20220726,000000,5.71,5.885,5.7,5.85,554824,0
SILV.US,D,20220727,000000,5.85,6.13,5.78,6.1,824100,0
SILV.US,D,20220728,000000,6.39,6.64,6.26,6.48,1220117,0
SILV.US,D,20220729,000000,6.5,6.83,6.295,6.8,874838,0
SILV.US,D,20220801,000000,6.85,6.85,6.5909,6.73,690373,0
SILV.US,D,20220802,000000,6.76,6.925,6.645,6.65,664389,0
SILV.US,D,20220803,000000,6.75,6.79,6.44,6.54,760977,0
SILV.US,D,20220804,000000,6.58,7.1,6.58,6.98,777385,0
SILV.US,D,20220805,000000,6.67,6.82,6.54,6.8,708409,0
SILV.US,D,20220808,000000,6.96,7.08,6.87,6.95,1105765,0
SILV.US,D,20220809,000000,6.95,7.03,6.69,6.82,514067,0
SILV.US,D,20220810,000000,6.93,7.1,6.785,6.85,917038,0
SILV.US,D,20220811,000000,6.89,6.99,6.73,6.76,494334,0
SILV.US,D,20220812,000000,6.99,7.15,6.9,7.1,717737,0
SILV.US,D,20220815,000000,6.9,7.01,6.82,6.94,664993,0
SILV.US,D,20220816,000000,6.87,6.9599,6.77,6.85,374935,0
SILV.US,D,20220817,000000,6.79,6.79,6.22,6.26,1133204,0
SILV.US,D,20220818,000000,6.24,6.325,6.1125,6.24,679442,0
SILV.US,D,20220819,000000,6.14,6.15,5.9309,5.96,566758,0
SILV.US,D,20220822,000000,5.85,5.95,5.775,5.93,842652,0
SILV.US,D,20220823,000000,5.96,6.16,5.93,6.02,812837,0
SILV.US,D,20220824,000000,6.01,6.2,5.935,6.19,458703,0
SILV.US,D,20220825,000000,6.23,6.29,6.07,6.15,340853,0
SILV.US,D,20220826,000000,6.17,6.22,5.88,5.97,1035911,0
SILV.US,D,20220829,000000,5.83,6.02,5.8,5.86,658816,0
SILV.US,D,20220830,000000,5.87,5.89,5.435,5.54,1133366,0
SILV.US,D,20220831,000000,5.53,5.61,5.4,5.46,781435,0
SILV.US,D,20220901,000000,5.37,5.38,5.04,5.11,1327185,0
SILV.US,D,20220902,000000,5.18,5.56,5.14,5.36,1650586,0
SILV.US,D,20220906,000000,5.37,5.535,5.3,5.3,663041,0
SILV.US,D,20220907,000000,5.33,5.69,5.25,5.68,809286,0
SILV.US,D,20220908,000000,5.57,5.72,5.51,5.72,610164,0
SILV.US,D,20220909,000000,5.84,6,5.79,5.96,736005,0
SILV.US,D,20220912,000000,6.22,6.28,6.1,6.15,1236006,0
SILV.US,D,20220913,000000,5.94,6.1,5.81,5.85,1110633,0
SILV.US,D,20220914,000000,5.93,5.95,5.64,5.65,1028852,0
SILV.US,D,20220915,000000,5.61,5.66,5.4,5.46,1041333,0
SILV.US,D,20220916,000000,5.37,5.61,5.3,5.58,1329501,0
SILV.US,D,20220919,000000,5.46,5.64,5.44,5.59,593122,0
SILV.US,D,20220920,000000,5.51,5.51,5.33,5.42,551709,0
SILV.US,D,20220921,000000,5.51,5.67,5.32,5.48,746916,0
SILV.US,D,20220922,000000,5.54,5.61,5.295,5.33,831133,0
SILV.US,D,20220923,000000,5.28,5.28,4.85,4.92,1364228,0
SILV.US,D,20220926,000000,4.9,4.96,4.61,4.65,1045041,0
SILV.US,D,20220927,000000,4.78,4.825,4.58,4.62,1013754,0
SILV.US,D,20220928,000000,4.69,5.17,4.69,5.1,1696819,0
SILV.US,D,20220929,000000,4.97,5.27,4.915,5.26,864389,0
SILV.US,D,20220930,000000,5.25,5.69,5.2,5.53,1211724,0
SILV.US,D,20221003,000000,5.72,6.06,5.695,5.96,1705913,0
SILV.US,D,20221004,000000,6.2,6.22,5.98,6.08,1413977,0
SILV.US,D,20221005,000000,5.83,5.995,5.71,5.99,1284000,0
SILV.US,D,20221006,000000,5.96,6.1,5.74,6.03,989137,0
SILV.US,D,20221007,000000,5.79,5.93,5.52,5.54,977747,0
SILV.US,D,20221010,000000,5.4,5.62,5.37,5.47,454095,0
SILV.US,D,20221011,000000,5.47,5.65,5.33,5.42,696819,0
SILV.US,D,20221012,000000,5.37,5.66,5.32,5.64,565873,0
SILV.US,D,20221013,000000,5.38,5.59,5.15,5.55,902094,0
SILV.US,D,20221014,000000,5.56,5.56,5.16,5.2,697021,0
SILV.US,D,20221017,000000,5.45,5.495,5.3284,5.34,543330,0
SILV.US,D,20221018,000000,5.45,5.52,5.29,5.37,536009,0
SILV.US,D,20221019,000000,5.27,5.3,4.992,5.04,660735,0
SILV.US,D,20221020,000000,5.04,5.18,4.9411,4.98,1326585,0
SILV.US,D,20221021,000000,5.01,5.355,4.95,5.31,1153512,0
SILV.US,D,20221024,000000,5.27,5.35,5.05,5.18,810831,0
SILV.US,D,20221025,000000,5.21,5.375,5.21,5.31,715647,0
SILV.US,D,20221026,000000,5.25,5.59,5.25,5.46,1325228,0
SILV.US,D,20221027,000000,5.49,5.5492,5.15,5.17,1099442,0
SILV.US,D,20221028,000000,5.1,5.17,5.01,5.14,1488230,0
SILV.US,D,20221031,000000,5.07,5.13,4.99,5.02,1215515,0
SILV.US,D,20221101,000000,5.24,5.33,5.17,5.18,916541,0
SILV.US,D,20221102,000000,5.26,5.31,4.85,4.86,1023671,0
SILV.US,D,20221103,000000,4.8,5.0099,4.75,4.87,994243,0
SILV.US,D,20221104,000000,5.06,5.405,5.06,5.4,1394957,0
SILV.US,D,20221107,000000,5.47,6.06,5.47,6.05,1779501,0
SILV.US,D,20221108,000000,6.02,6.46,5.99,6.17,1435748,0
SILV.US,D,20221109,000000,6.07,6.38,5.96,6,2169515,0
SILV.US,D,20221110,000000,6.45,6.615,6.225,6.52,1443583,0
SILV.US,D,20221111,000000,6.58,6.735,6.3423,6.65,1041854,0
SILV.US,D,20221114,000000,6.7,6.9,6.635,6.7,1366142,0
SILV.US,D,20221115,000000,6.88,6.88,6.19,6.29,1670553,0
SILV.US,D,20221116,000000,6.25,6.4875,6.245,6.46,690421,0
SILV.US,D,20221117,000000,6.25,6.358,6.14,6.28,588134,0
SILV.US,D,20221118,000000,6.32,6.325,6.14,6.29,626283,0
SILV.US,D,20221121,000000,6.04,6.19,5.73,6.09,1687142,0
SILV.US,D,20221122,000000,6.16,6.3997,6.1,6.29,921153,0
SILV.US,D,20221123,000000,6.3,6.54,6.24,6.52,748367,0
SILV.US,D,20221125,000000,6.49,6.49,6.35,6.44,311106,0
SILV.US,D,20221128,000000,6.46,6.46,5.93,5.97,736972,0
SILV.US,D,20221129,000000,5.99,6.1877,5.99,6.13,587113,0
SILV.US,D,20221130,000000,6.22,6.66,6.22,6.58,1266961,0
SILV.US,D,20221201,000000,6.8,6.995,6.5851,6.77,1227237,0
SILV.US,D,20221202,000000,6.59,7.04,6.52,6.96,1198788,0
SILV.US,D,20221205,000000,6.94,6.94,6.48,6.55,762627,0
SILV.US,D,20221206,000000,6.63,6.7,6.43,6.6,786034,0
SILV.US,D,20221207,000000,6.65,6.8801,6.6,6.76,1125225,0
SILV.US,D,20221208,000000,6.88,6.93,6.575,6.83,1845360,0
SILV.US,D,20221209,000000,6.94,6.9989,6.715,6.73,1434325,0
SILV.US,D,20221212,000000,6.72,6.94,6.525,6.53,4508165,0
SILV.US,D,20221213,000000,6.9,6.93,6.51,6.58,2401731,0
SILV.US,D,20221214,000000,6.6,6.67,6.35,6.43,1564959,0
SILV.US,D,20221215,000000,6.32,6.43,6.21,6.21,2991077,0
SILV.US,D,20221216,000000,6.21,6.43,6.14,6.32,10814749,0
SILV.US,D,20221219,000000,6.18,6.28,5.81,5.82,1924355,0
SILV.US,D,20221220,000000,6.01,6.1599,5.95,6.06,2122748,0
SILV.US,D,20221221,000000,6.12,6.225,6.02,6.08,925853,0
SILV.US,D,20221222,000000,6,6.09,5.77,6.08,1168141,0
SILV.US,D,20221223,000000,6.13,6.23,5.87,6.09,1239604,0
SILV.US,D,20221227,000000,6.09,6.47,6.01,6.38,1045303,0
SILV.US,D,20221228,000000,6.31,6.34,6.01,6.08,927104,0
SILV.US,D,20221229,000000,6.15,6.205,6.03,6.05,847127,0
SILV.US,D,20221230,000000,6.09,6.1,5.92,6,823644,0
SILV.US,D,20230103,000000,6.13,6.255,5.94,6.03,1540138,0
SILV.US,D,20230104,000000,6.07,6.33,6.07,6.33,1168790,0
SILV.US,D,20230105,000000,6.22,6.22,6.02,6.22,855940,0
SILV.US,D,20230106,000000,6.32,6.52,6.19,6.45,900505,0
SILV.US,D,20230109,000000,6.59,6.59,6.245,6.29,785298,0
SILV.US,D,20230110,000000,6.31,6.435,6.26,6.41,865133,0
SILV.US,D,20230111,000000,6.46,6.615,6.39,6.45,1383692,0
SILV.US,D,20230112,000000,6.52,6.65,6.33,6.5,797087,0
SILV.US,D,20230113,000000,6.48,6.72,6.45,6.68,919294,0
SILV.US,D,20230117,000000,6.74,6.74,6.43,6.5,1464270,0
SILV.US,D,20230118,000000,6.65,6.72,6.31,6.35,736887,0
SILV.US,D,20230119,000000,6.39,6.49,6.27,6.41,650473,0
SILV.US,D,20230120,000000,6.45,6.535,6.3799,6.47,994753,0
SILV.US,D,20230123,000000,6.38,6.41,6.19,6.4,928046,0
SILV.US,D,20230124,000000,6.39,6.75,6.33,6.69,1397271,0
SILV.US,D,20230125,000000,6.57,7.36,6.55,7.23,2336673,0
SILV.US,D,20230126,000000,7.23,7.27,6.88,6.96,1333669,0
SILV.US,D,20230127,000000,6.86,6.92,6.705,6.81,1310575,0
SILV.US,D,20230130,000000,6.83,6.8499,6.5,6.5,1032152,0
SILV.US,D,20230131,000000,6.58,6.67,6.48,6.53,1054483,0
SILV.US,D,20230201,000000,6.56,6.86,6.35,6.78,1542545,0
SILV.US,D,20230202,000000,7.03,7.09,6.65,6.73,1573165,0
SILV.US,D,20230203,000000,6.46,6.5,5.92,5.97,3412406,0
SILV.US,D,20230206,000000,5.97,5.97,5.67,5.71,1895841,0
SILV.US,D,20230207,000000,5.69,5.8299,5.59,5.7,1863486,0
SILV.US,D,20230208,000000,5.71,5.735,5.455,5.48,1507067,0
SILV.US,D,20230209,000000,5.53,5.6,5.34,5.38,2236294,0
SILV.US,D,20230210,000000,5.41,5.48,5.2996,5.34,1557306,0
SILV.US,D,20230213,000000,5.33,5.57,5.28,5.5,1428524,0
SILV.US,D,20230214,000000,5.45,5.581,5.365,5.55,1377917,0
SILV.US,D,20230215,000000,5.42,5.465,5.285,5.45,1196608,0
SILV.US,D,20230216,000000,5.35,5.605,5.3325,5.54,910079,0
SILV.US,D,20230217,000000,5.47,5.595,5.3818,5.58,995512,0
SILV.US,D,20230221,000000,5.55,5.68,5.32,5.44,1230978,0
SILV.US,D,20230222,000000,5.42,5.42,5.27,5.32,713838,0
SILV.US,D,20230223,000000,5.35,5.3853,5.3,5.38,570704,0
SILV.US,D,20230224,000000,5.31,5.31,5.16,5.21,890031,0
SILV.US,D,20230227,000000,5.24,5.4552,5.24,5.32,978672,0
SILV.US,D,20230228,000000,5.35,5.4994,5.25,5.47,749215,0
SILV.US,D,20230301,000000,5.5,5.635,5.47,5.56,988586,0
SILV.US,D,20230302,000000,5.45,5.49,5.4,5.49,761299,0
SILV.US,D,20230303,000000,5.6,5.6799,5.5315,5.62,746666,0
SILV.US,D,20230306,000000,5.63,5.63,5.365,5.41,860938,0
SILV.US,D,20230307,000000,5.36,5.4,5.16,5.17,970634,0
SILV.US,D,20230308,000000,5.32,5.34,5.165,5.21,1052007,0
SILV.US,D,20230309,000000,5.25,5.38,5.2301,5.29,915217,0
SILV.US,D,20230310,000000,5.4,5.7,5.38,5.52,1583475,0
SILV.US,D,20230313,000000,5.84,6.175,5.83,6.05,2943108,0
SILV.US,D,20230314,000000,6.05,6.25,5.87,6.22,1551374,0
SILV.US,D,20230315,000000,6.39,6.49,5.985,6.17,1870310,0
SILV.US,D,20230316,000000,6.24,6.25,5.935,6,1468531,0
SILV.US,D,20230317,000000,6.1,6.6,6.08,6.53,4227562,0
SILV.US,D,20230320,000000,6.57,6.62,6.37,6.56,1180373,0
SILV.US,D,20230321,000000,6.41,6.48,6.19,6.34,1054799,0
SILV.US,D,20230322,000000,6.37,6.82,6.35,6.62,1600583,0
SILV.US,D,20230323,000000,6.7,6.89,6.63,6.77,1058951,0
SILV.US,D,20230324,000000,6.81,6.9299,6.645,6.71,1219994,0
SILV.US,D,20230327,000000,6.63,6.89,6.48,6.88,1029297,0
SILV.US,D,20230328,000000,6.92,7.09,6.86,7.07,1291634,0
SILV.US,D,20230329,000000,7.03,7.05,6.89,6.93,828205,0
SILV.US,D,20230330,000000,7.04,7.27,6.91,7.27,1580914,0
SILV.US,D,20230331,000000,7.38,7.39,7.105,7.14,1032269,0
SILV.US,D,20230403,000000,7.14,7.5,7.03,7.18,1677605,0
SILV.US,D,20230404,000000,7.13,7.3807,7.07,7.27,1175759,0
SILV.US,D,20230405,000000,7.3,7.35,7.07,7.1,1122059,0
SILV.US,D,20230406,000000,7.05,7.1899,6.9801,7.09,1235023,0
SILV.US,D,20230410,000000,7.01,7.02,6.7801,6.9,1019552,0
SILV.US,D,20230411,000000,7.03,7.3,7.025,7.18,1158860,0
SILV.US,D,20230412,000000,7.33,7.36,7.03,7.21,899134,0
SILV.US,D,20230413,000000,7.4,7.5,7.25,7.27,1550208,0
SILV.US,D,20230414,000000,7.2,7.23,6.9,7.04,1009314,0
SILV.US,D,20230417,000000,6.96,7.03,6.755,6.79,1088805,0
SILV.US,D,20230418,000000,6.84,7.03,6.78,6.85,911612,0
SILV.US,D,20230419,000000,6.69,6.86,6.65,6.74,810794,0
SILV.US,D,20230420,000000,6.82,6.865,6.665,6.7,905910,0
SILV.US,D,20230421,000000,6.62,6.705,6.54,6.64,806715,0
SILV.US,D,20230424,000000,6.61,6.68,6.55,6.65,771626,0
SILV.US,D,20230425,000000,6.64,6.685,6.4146,6.65,788670,0
SILV.US,D,20230426,000000,6.79,6.7965,6.515,6.56,913028,0
SILV.US,D,20230427,000000,6.51,6.61,6.39,6.61,558331,0
SILV.US,D,20230428,000000,6.6,6.6,6.48,6.54,632705,0
SILV.US,D,20230501,000000,6.67,6.775,6.505,6.51,569755,0
SILV.US,D,20230502,000000,6.46,6.685,6.41,6.65,928970,0
SILV.US,D,20230503,000000,6.69,6.9,6.585,6.81,1011883,0
SILV.US,D,20230504,000000,6.82,7.03,6.79,6.82,936621,0
SILV.US,D,20230505,000000,6.63,6.94,6.55,6.93,970375,0
SILV.US,D,20230508,000000,6.95,7.055,6.9,6.99,486131,0
SILV.US,D,20230509,000000,6.96,7.17,6.945,7.12,941631,0
SILV.US,D,20230510,000000,7.12,7.12,6.815,6.92,618945,0
SILV.US,D,20230511,000000,6.82,6.85,6.6,6.65,929835,0
SILV.US,D,20230512,000000,6.92,7.56,6.85,7.07,2375118,0
SILV.US,D,20230515,000000,7.14,7.27,6.96,7.04,1150854,0
SILV.US,D,20230516,000000,7.05,7.0801,6.86,6.9,925884,0
SILV.US,D,20230517,000000,6.91,6.9699,6.775,6.9,822621,0
SILV.US,D,20230518,000000,6.76,6.81,6.57,6.78,1274243,0
SILV.US,D,20230519,000000,6.85,6.97,6.73,6.76,778410,0
SILV.US,D,20230522,000000,6.76,6.84,6.73,6.75,493750,0
SILV.US,D,20230523,000000,6.72,6.77,6.66,6.69,638679,0
SILV.US,D,20230524,000000,6.69,6.7,6.47,6.5,559656,0
SILV.US,D,20230525,000000,6.45,6.49,6.335,6.37,729816,0
SILV.US,D,20230526,000000,6.46,6.46,6.26,6.32,875158,0
SILV.US,D,20230530,000000,6.49,6.49,6.3,6.35,781879,0
SILV.US,D,20230531,000000,6.38,6.61,6.35,6.58,950659,0
SILV.US,D,20230601,000000,6.67,6.8,6.61,6.72,1112154,0
SILV.US,D,20230602,000000,6.74,6.755,6.43,6.52,792845,0
SILV.US,D,20230605,000000,6.54,6.6,6.445,6.53,327044,0
SILV.US,D,20230606,000000,6.54,6.565,6.3898,6.48,550149,0
SILV.US,D,20230607,000000,6.47,6.67,6.26,6.28,719905,0
SILV.US,D,20230608,000000,6.5,6.539,6.33,6.41,1011713,0
SILV.US,D,20230609,000000,6.36,6.385,6.25,6.27,588434,0
SILV.US,D,20230612,000000,6.23,6.265,6.05,6.14,1310189,0
SILV.US,D,20230613,000000,6.14,6.24,6.085,6.17,1026537,0
SILV.US,D,20230614,000000,6.17,6.22,5.995,6.07,1309283,0
SILV.US,D,20230615,000000,6.01,6.08,5.925,6.08,1131219,0
SILV.US,D,20230616,000000,6.14,6.22,6.005,6.03,3591462,0
SILV.US,D,20230620,000000,6.01,6.02,5.85,5.88,1313997,0
SILV.US,D,20230621,000000,5.85,5.86,5.74,5.8,798537,0
SILV.US,D,20230622,000000,5.74,5.79,5.68,5.69,838087,0
SILV.US,D,20230623,000000,5.74,5.85,5.71,5.76,698751,0
SILV.US,D,20230626,000000,5.79,5.93,5.78,5.86,508614,0
SILV.US,D,20230627,000000,5.92,5.94,5.68,5.77,864996,0
SILV.US,D,20230628,000000,5.77,5.81,5.655,5.69,836360,0
SILV.US,D,20230629,000000,5.66,5.75,5.56,5.75,1053394,0
SILV.US,D,20230630,000000,5.75,5.88,5.74,5.86,967084,0
SILV.US,D,20230703,000000,5.9,6.05,5.9,6.04,493175,0
SILV.US,D,20230705,000000,6.05,6.05,5.83,5.84,1206922,0
SILV.US,D,20230706,000000,5.82,5.83,5.635,5.66,931349,0
SILV.US,D,20230707,000000,5.7,5.9,5.7,5.82,722333,0
SILV.US,D,20230710,000000,5.81,5.95,5.7599,5.94,582321,0
SILV.US,D,20230711,000000,6,6.04,5.88,5.91,499103,0
SILV.US,D,20230712,000000,6.06,6.165,6.0221,6.11,1457764,0
SILV.US,D,20230713,000000,6.2,6.24,6.07,6.15,1159465,0
SILV.US,D,20230714,000000,6.17,6.24,6.05,6.17,1032875,0
SILV.US,D,20230717,000000,6.1,6.23,6.05,6.23,584113,0
SILV.US,D,20230718,000000,6.28,6.43,6.23,6.33,903900,0
SILV.US,D,20230719,000000,6.32,6.365,6.23,6.25,594924,0
SILV.US,D,20230720,000000,6.23,6.26,6.04,6.04,597050,0
SILV.US,D,20230721,000000,6.04,6.04,5.88,5.89,1158457,0
SILV.US,D,20230724,000000,5.9,5.92,5.73,5.73,887191,0
SILV.US,D,20230725,000000,5.75,5.8199,5.73,5.78,1053090,0
SILV.US,D,20230726,000000,5.77,5.8,5.69,5.74,1001590,0
SILV.US,D,20230727,000000,5.69,5.7,5.24,5.27,1851771,0
SILV.US,D,20230728,000000,5.37,5.565,5.27,5.5,1816453,0
SILV.US,D,20230731,000000,5.6,5.81,5.57,5.74,1076852,0
SILV.US,D,20230801,000000,5.42,5.42,4.4501,4.47,12085060,0
SILV.US,D,20230802,000000,4.51,4.51,4.16,4.43,5627916,0
SILV.US,D,20230803,000000,4.39,4.495,4.28,4.44,2150789,0
SILV.US,D,20230804,000000,4.5,4.63,4.497,4.6,1799036,0
SILV.US,D,20230807,000000,4.67,4.67,4.48,4.55,1029534,0
SILV.US,D,20230808,000000,4.47,4.53,4.42,4.48,1008838,0
SILV.US,D,20230809,000000,4.45,4.53,4.38,4.53,1099658,0
SILV.US,D,20230810,000000,4.7,5.06,4.67,4.88,3028324,0
SILV.US,D,20230811,000000,4.88,4.99,4.81,4.95,1068526,0
SILV.US,D,20230814,000000,4.8,5.025,4.79,4.99,975322,0
SILV.US,D,20230815,000000,4.9,4.98,4.83,4.84,861743,0
SILV.US,D,20230816,000000,4.85,4.86,4.75,4.77,754440,0
SILV.US,D,20230817,000000,4.85,4.8899,4.6715,4.73,1014039,0
SILV.US,D,20230818,000000,4.7,4.81,4.64,4.81,1178785,0
SILV.US,D,20230821,000000,4.82,4.83,4.71,4.78,926037,0
SILV.US,D,20230822,000000,4.8,4.86,4.7511,4.86,752321,0
SILV.US,D,20230823,000000,4.9,5.055,4.88,4.93,1096588,0
SILV.US,D,20230824,000000,4.9,5,4.8216,4.87,805663,0
SILV.US,D,20230825,000000,4.85,4.905,4.76,4.83,696497,0
SILV.US,D,20230828,000000,4.82,5.05,4.77,4.89,1880823,0
SILV.US,D,20230829,000000,4.88,5.06,4.84,5.06,865563,0
SILV.US,D,20230830,000000,5.06,5.15,5,5.06,858023,0
SILV.US,D,20230831,000000,5.06,5.08,4.94,4.95,926050,0
SILV.US,D,20230901,000000,5.02,5.02,4.82,4.82,746858,0
SILV.US,D,20230905,000000,4.76,4.89,4.7,4.81,1017992,0
SILV.US,D,20230906,000000,4.77,4.83,4.65,4.66,799477,0
SILV.US,D,20230907,000000,4.66,4.67,4.53,4.59,940280,0
SILV.US,D,20230908,000000,4.63,4.68,4.53,4.58,707986,0
SILV.US,D,20230911,000000,4.61,4.68,4.55,4.58,596201,0
SILV.US,D,20230912,000000,4.55,4.69,4.5,4.63,777443,0
SILV.US,D,20230913,000000,4.7,4.7261,4.595,4.69,576707,0
SILV.US,D,20230914,000000,4.68,4.85,4.66,4.78,682383,0
SILV.US,D,20230915,000000,4.82,4.895,4.735,4.76,1950151,0
SILV.US,D,20230918,000000,4.78,4.785,4.66,4.72,797330,0
SILV.US,D,20230919,000000,4.71,4.75,4.64,4.68,743490,0
SILV.US,D,20230920,000000,4.66,4.7899,4.66,4.71,709902,0
SILV.US,D,20230921,000000,4.6,4.6585,4.535,4.58,777609,0
SILV.US,D,20230922,000000,4.58,4.755,4.58,4.6,1092991,0
SILV.US,D,20230925,000000,4.59,4.63,4.52,4.58,705848,0
SILV.US,D,20230926,000000,4.52,4.55,4.35,4.41,1164920,0
SILV.US,D,20230927,000000,4.38,4.465,4.34,4.41,909343,0
SILV.US,D,20230928,000000,4.45,4.51,4.3314,4.5,1223503,0
SILV.US,D,20230929,000000,4.59,4.6299,4.37,4.41,1264134,0
SILV.US,D,20231002,000000,4.39,4.43,4.281,4.33,993944,0
SILV.US,D,20231003,000000,4.27,4.49,4.27,4.46,1094416,0
SILV.US,D,20231004,000000,4.46,4.465,4.265,4.31,954814,0
SILV.US,D,20231005,000000,4.31,4.38,4.29,4.3,635330,0
SILV.US,D,20231006,000000,4.29,4.45,4.27,4.43,920247,0
SILV.US,D,20231009,000000,4.49,4.595,4.44,4.57,763989,0
SILV.US,D,20231010,000000,4.59,4.62,4.52,4.58,653073,0
SILV.US,D,20231011,000000,4.74,4.93,4.72,4.84,1418057,0
SILV.US,D,20231012,000000,4.89,4.9,4.63,4.66,1047416,0
SILV.US,D,20231013,000000,4.83,4.92,4.815,4.9,1916346,0
SILV.US,D,20231016,000000,4.89,4.89,4.72,4.76,1279952,0
SILV.US,D,20231017,000000,4.76,4.94,4.67,4.93,1717857,0
SILV.US,D,20231018,000000,5,5.04,4.83,4.89,2142916,0
SILV.US,D,20231019,000000,4.9,5.09,4.83,5.06,2243278,0
SILV.US,D,20231020,000000,5.09,5.31,5.03,5.05,2900292,0
SILV.US,D,20231023,000000,4.99,5.07,4.805,5,1399306,0
SILV.US,D,20231024,000000,4.94,5.17,4.91,5.15,1672719,0
SILV.US,D,20231025,000000,5.11,5.21,5,5,1828536,0
SILV.US,D,20231026,000000,4.97,5.03,4.86,4.97,993579,0
SILV.US,D,20231027,000000,4.98,5.06,4.88,5.03,1047709,0
SILV.US,D,20231030,000000,5.09,5.156,5.01,5.01,807883,0
SILV.US,D,20231031,000000,5.01,5.1199,4.93,4.97,1420517,0
SILV.US,D,20231101,000000,4.96,5.04,4.84,4.95,752745,0
SILV.US,D,20231102,000000,5,5.04,4.86,4.96,1304483,0
SILV.US,D,20231103,000000,5.01,5.32,5.01,5.22,1286203,0
SILV.US,D,20231106,000000,5.26,5.26,5.03,5.03,846348,0
SILV.US,D,20231107,000000,4.97,5.04,4.7928,5.04,1062607,0
SILV.US,D,20231108,000000,4.96,5.045,4.95,4.98,800975,0
SILV.US,D,20231109,000000,5.15,5.55,5.07,5.19,1895570,0
SILV.US,D,20231110,000000,5.12,5.2,4.91,5.17,1474201,0
SILV.US,D,20231113,000000,5.12,5.225,5.06,5.1,882062,0
SILV.US,D,20231114,000000,5.21,5.35,5.14,5.34,1006747,0
SILV.US,D,20231115,000000,5.37,5.39,5.2299,5.29,977216,0
SILV.US,D,20231116,000000,5.36,5.61,5.35,5.46,1840407,0
SILV.US,D,20231117,000000,5.55,5.55,5.3209,5.42,1262026,0
SILV.US,D,20231120,000000,5.31,5.45,5.23,5.45,620994,0
SILV.US,D,20231121,000000,5.52,5.65,5.45,5.53,986061,0
SILV.US,D,20231122,000000,5.54,5.59,5.4,5.46,842726,0
SILV.US,D,20231124,000000,5.53,5.82,5.51,5.73,1113873,0
SILV.US,D,20231127,000000,5.88,6.02,5.83,5.93,2354655,0
SILV.US,D,20231128,000000,6.04,6.13,5.93,6.13,2107098,0
SILV.US,D,20231129,000000,6.18,6.3,6.09,6.27,1428503,0
SILV.US,D,20231130,000000,6.25,6.52,6.17,6.52,2167929,0
SILV.US,D,20231201,000000,6.48,6.73,6.425,6.73,2626193,0
SILV.US,D,20231204,000000,6.65,6.775,6.56,6.68,3053949,0
SILV.US,D,20231205,000000,6.64,6.69,6.47,6.57,1313925,0
SILV.US,D,20231206,000000,6.6,6.69,6.55,6.55,753397,0
SILV.US,D,20231207,000000,6.59,6.61,6.49,6.57,838925,0
SILV.US,D,20231208,000000,6.48,6.66,6.35,6.47,1622450,0
SILV.US,D,20231211,000000,6.39,6.4,6.212,6.4,1047074,0
SILV.US,D,20231212,000000,6.43,6.46,6.06,6.14,1156396,0
SILV.US,D,20231213,000000,6.12,6.6,6.06,6.56,1374853,0
SILV.US,D,20231214,000000,6.7,6.86,6.4,6.49,1637231,0
SILV.US,D,20231215,000000,6.44,6.4999,6.31,6.32,1853567,0
SILV.US,D,20231218,000000,6.4,6.4698,6.23,6.31,1082834,0
SILV.US,D,20231219,000000,6.38,6.75,6.33,6.72,1142903,0
SILV.US,D,20231220,000000,6.76,6.77,6.45,6.46,872656,0
SILV.US,D,20231221,000000,6.56,6.67,6.49,6.63,892536,0
SILV.US,D,20231222,000000,6.81,6.9636,6.765,6.79,1288200,0
SILV.US,D,20231226,000000,6.78,6.86,6.695,6.83,560024,0
SILV.US,D,20231227,000000,6.89,6.9,6.7718,6.9,646043,0
SILV.US,D,20231228,000000,6.86,6.9,6.62,6.62,832706,0
SILV.US,D,20231229,000000,6.62,6.675,6.5,6.55,876643,0
SILV.US,D,20240102,000000,6.58,6.6,6.44,6.44,727219,0
SILV.US,D,20240103,000000,6.32,6.38,6.23,6.28,1049150,0
SILV.US,D,20240104,000000,6.28,6.48,6.22,6.47,953185,0
SILV.US,D,20240105,000000,6.42,6.6399,6.415,6.53,1008256,0
SILV.US,D,20240108,000000,6.43,6.565,6.34,6.37,1113051,0
SILV.US,D,20240109,000000,6.43,6.46,6.29,6.41,1051427,0
SILV.US,D,20240110,000000,6.4,6.435,6.26,6.4,665976,0
SILV.US,D,20240111,000000,6.34,6.36,5.98,6.09,1544446,0
SILV.US,D,20240112,000000,6.28,6.48,6.205,6.28,1010039,0
SILV.US,D,20240116,000000,6.12,6.135,5.96,6.09,926988,0
SILV.US,D,20240117,000000,6.06,6.13,5.95,6.13,943928,0
SILV.US,D,20240118,000000,6.15,6.15,5.86,5.89,1197630,0
SILV.US,D,20240119,000000,5.94,5.94,5.8,5.94,678551,0
SILV.US,D,20240122,000000,5.92,6.015,5.8,5.98,668262,0
SILV.US,D,20240123,000000,5.98,6.02,5.69,5.84,1305160,0
SILV.US,D,20240124,000000,5.95,5.98,5.5,5.5,1690783,0
SILV.US,D,20240125,000000,5.61,5.7,5.51,5.69,890994,0
SILV.US,D,20240126,000000,5.65,5.6975,5.591,5.62,370529,0
SILV.US,D,20240129,000000,5.66,5.77,5.595,5.73,662570,0
SILV.US,D,20240130,000000,5.75,5.77,5.57,5.6,450283,0
SILV.US,D,20240131,000000,5.67,5.75,5.48,5.52,1590791,0
SILV.US,D,20240201,000000,5.56,5.68,5.5,5.62,1417838,0
SILV.US,D,20240202,000000,5.49,5.56,5.36,5.52,1445833,0
SILV.US,D,20240205,000000,5.43,5.445,5.34,5.42,817891,0
SILV.US,D,20240206,000000,5.44,5.65,5.415,5.62,812915,0
SILV.US,D,20240207,000000,5.62,5.67,5.53,5.54,773587,0
SILV.US,D,20240208,000000,5.54,5.56,5.48,5.53,681321,0
SILV.US,D,20240209,000000,5.53,5.605,5.47,5.53,941023,0
SILV.US,D,20240212,000000,5.54,5.7,5.52,5.64,817449,0
SILV.US,D,20240213,000000,5.5,5.5,5.08,5.09,2042632,0
SILV.US,D,20240214,000000,5.12,5.2,5.065,5.13,734205,0
SILV.US,D,20240215,000000,5.18,5.36,5.1425,5.19,961740,0
SILV.US,D,20240216,000000,5.15,5.315,5.105,5.25,900180,0
SILV.US,D,20240220,000000,5.21,5.26,5.1,5.14,544275,0
SILV.US,D,20240221,000000,5.17,5.18,5.1,5.14,859587,0
SILV.US,D,20240222,000000,5.19,5.22,5.04,5.04,800055,0
SILV.US,D,20240223,000000,5.05,5.21,4.83,5.17,1084003,0
SILV.US,D,20240226,000000,5.11,5.13,5.01,5.08,715646,0
SILV.US,D,20240227,000000,5.1,5.12,5,5.02,901667,0
SILV.US,D,20240228,000000,5.03,5.115,4.97,4.98,694013,0
SILV.US,D,20240229,000000,5.18,5.225,5.02,5.05,902255,0
SILV.US,D,20240301,000000,5.08,5.28,5.03,5.22,1390408,0
SILV.US,D,20240304,000000,5.3,5.425,5.28,5.38,1487784,0
SILV.US,D,20240305,000000,5.5,5.51,5.36,5.46,2118797,0
SILV.US,D,20240306,000000,5.5,5.66,5.5,5.63,1730152,0
SILV.US,D,20240307,000000,5.65,5.65,5.38,5.59,2464669,0
SILV.US,D,20240308,000000,5.66,5.69,5.3801,5.57,2368124,0
SILV.US,D,20240311,000000,5.74,6.69,5.69,6.1,6670385,0
SILV.US,D,20240312,000000,6.12,6.16,5.92,6.14,2406137,0
SILV.US,D,20240313,000000,6.21,6.58,6.14,6.48,2459297,0
SILV.US,D,20240314,000000,6.43,6.51,6.26,6.3,1693648,0
SILV.US,D,20240315,000000,6.3,6.74,6.27,6.72,2706618,0
SILV.US,D,20240318,000000,6.74,6.74,6.48,6.59,1559220,0
SILV.US,D,20240319,000000,6.56,6.57,6.36,6.44,1294072,0
SILV.US,D,20240320,000000,6.37,6.96,6.34,6.91,1448452,0
SILV.US,D,20240321,000000,7,7,6.64,6.64,1362024,0
SILV.US,D,20240322,000000,6.63,6.73,6.515,6.58,778521,0
SILV.US,D,20240325,000000,6.6,6.75,6.57,6.61,896008,0
SILV.US,D,20240326,000000,6.68,6.72,6.42,6.43,1141390,0
SILV.US,D,20240327,000000,6.45,6.61,6.45,6.58,989509,0
SILV.US,D,20240328,000000,6.66,6.7892,6.51,6.66,1668213,0
SILV.US,D,20240401,000000,6.82,6.885,6.69,6.81,1735345,0
SILV.US,D,20240402,000000,6.85,6.97,6.705,6.83,2743497,0
SILV.US,D,20240403,000000,6.87,7.125,6.86,7.09,4488010,0
SILV.US,D,20240404,000000,7.08,7.19,6.88,6.91,2914318,0
SILV.US,D,20240405,000000,7.05,7.35,6.772,7.17,2558314,0
SILV.US,D,20240408,000000,7.34,7.34,7.03,7.2,2064164,0
SILV.US,D,20240409,000000,7.35,7.63,7.35,7.56,2444757,0
SILV.US,D,20240410,000000,7.38,7.49,7.22,7.25,1911932,0
SILV.US,D,20240411,000000,7.31,7.37,7.09,7.31,999293,0
SILV.US,D,20240412,000000,7.56,7.69,7.12,7.21,3190840,0
SILV.US,D,20240415,000000,7.24,7.33,6.96,7.06,1774024,0
SILV.US,D,20240416,000000,6.97,7.03,6.85,6.95,1293505,0
SILV.US,D,20240417,000000,7.05,7.2,6.98,7.14,1564673,0
SILV.US,D,20240418,000000,7.27,7.6,7.26,7.57,2318066,0
SILV.US,D,20240419,000000,7.58,7.92,7.54,7.9,2070646,0
SILV.US,D,20240422,000000,7.62,7.745,7.447,7.49,1783522,0
SILV.US,D,20240423,000000,7.4,7.855,7.33,7.84,1479771,0
SILV.US,D,20240424,000000,7.81,8.18,7.7997,8.15,1796457,0
SILV.US,D,20240425,000000,8.2,8.51,8.085,8.51,2068466,0
SILV.US,D,20240426,000000,8.62,8.65,8.33,8.53,1448641,0
SILV.US,D,20240429,000000,8.5,8.56,8.28,8.56,1760381,0
SILV.US,D,20240430,000000,8.15,8.345,8.06,8.17,1928115,0
SILV.US,D,20240501,000000,8.21,8.63,8.2045,8.37,1455497,0
SILV.US,D,20240502,000000,8.26,8.45,8.2,8.28,984090,0
SILV.US,D,20240503,000000,8.34,8.43,8.055,8.31,1377744,0
SILV.US,D,20240506,000000,8.51,8.68,8.39,8.4,1195344,0
SILV.US,D,20240507,000000,8.39,8.4499,8.22,8.33,1068857,0
SILV.US,D,20240508,000000,8.27,8.535,8.16,8.28,1361698,0
SILV.US,D,20240509,000000,8.46,8.67,8.395,8.6,1946652,0
SILV.US,D,20240510,000000,8.72,8.75,8.435,8.49,1188444,0
SILV.US,D,20240513,000000,8.55,8.62,8.35,8.42,1159323,0
SILV.US,D,20240514,000000,8.54,8.68,8.41,8.6,1740370,0
SILV.US,D,20240515,000000,8.64,9.27,8.35,9.18,3921974,0
SILV.US,D,20240516,000000,9.11,9.2397,8.98,9.07,2346523,0
SILV.US,D,20240517,000000,9.27,9.41,9.02,9.41,4104936,0
SILV.US,D,20240520,000000,9.45,9.52,9.115,9.5,2261095,0
SILV.US,D,20240521,000000,9.4,9.4,9.03,9.14,2035247,0
SILV.US,D,20240522,000000,9.08,9.105,8.74,8.84,1528035,0
SILV.US,D,20240523,000000,8.72,8.83,8.52,8.57,1509258,0
SILV.US,D,20240524,000000,8.65,8.879,8.62,8.74,1064358,0
SILV.US,D,20240528,000000,8.99,9.25,8.99,9.25,1595830,0
SILV.US,D,20240529,000000,9.12,9.25,9.015,9.16,1156381,0
SILV.US,D,20240530,000000,9.15,9.2401,9,9.06,983428,0
SILV.US,D,20240531,000000,9.12,9.17,8.85,8.92,1417558,0
SILV.US,D,20240603,000000,8.97,8.99,8.6,8.61,1659317,0
SILV.US,D,20240604,000000,8.5,8.55,8.06,8.13,2522733,0
SILV.US,D,20240605,000000,8.18,8.24,8.065,8.18,1734573,0
SILV.US,D,20240606,000000,8.27,8.525,8.175,8.45,1578039,0
SILV.US,D,20240607,000000,8.15,8.17,7.95,7.98,1835910,0
SILV.US,D,20240610,000000,8,8.25,7.86,8.21,1028889,0
SILV.US,D,20240611,000000,8.19,8.24,8,8.24,761632,0
SILV.US,D,20240612,000000,8.43,8.455,8.14,8.19,1169339,0
SILV.US,D,20240613,000000,8.14,8.22,7.9,7.91,899906,0
SILV.US,D,20240614,000000,8.05,8.15,7.91,8.12,1446849,0
SILV.US,D,20240617,000000,8.02,8.1,7.91,8.04,1200256,0
SILV.US,D,20240618,000000,8,8.13,7.93,8.06,864652,0
SILV.US,D,20240620,000000,8.26,8.55,8.13,8.54,2632305,0
SILV.US,D,20240621,000000,8.48,8.56,8.17,8.23,3334439,0
SILV.US,D,20240624,000000,8.31,8.39,8.27,8.31,786228,0
SILV.US,D,20240625,000000,8.29,8.37,8.15,8.16,942674,0
SILV.US,D,20240626,000000,8.14,8.33,8.1009,8.31,900065,0
SILV.US,D,20240627,000000,8.39,8.47,8.22,8.26,848857,0
SILV.US,D,20240628,000000,8.42,8.48,8.05,8.15,874183,0
SILV.US,D,20240701,000000,8.22,8.3285,8.07,8.1,666485,0
SILV.US,D,20240702,000000,8.1,8.23,8.05,8.2,1530662,0
SILV.US,D,20240703,000000,8.35,8.615,8.34,8.43,1299479,0
SILV.US,D,20240705,000000,8.64,8.985,8.62,8.92,1469475,0
SILV.US,D,20240708,000000,8.8,9.01,8.74,8.99,1020749,0
SILV.US,D,20240709,000000,9,9.05,8.75,8.91,1285548,0
SILV.US,D,20240710,000000,9.05,9.4562,9.02,9.41,1682613,0
SILV.US,D,20240711,000000,9.59,9.71,9.35,9.54,1496344,0
SILV.US,D,20240712,000000,9.47,9.8766,9.4,9.83,1579294,0
SILV.US,D,20240715,000000,9.8,10.1492,9.74,9.89,2329912,0
SILV.US,D,20240716,000000,9.9,10.265,9.79,10.18,1781148,0
SILV.US,D,20240717,000000,10.17,10.19,9.67,9.82,1707808,0
SILV.US,D,20240718,000000,9.9,9.925,9.17,9.3,2126927,0
SILV.US,D,20240719,000000,9.08,9.375,9,9.14,1136503,0
SILV.US,D,20240722,000000,9.12,9.4,9.06,9.37,894795,0
SILV.US,D,20240723,000000,9.37,9.4992,9.33,9.43,782377,0
SILV.US,D,20240724,000000,9.5,9.76,9.31,9.34,802915,0
SILV.US,D,20240725,000000,9.01,9.16,8.93,9.06,923794,0
SILV.US,D,20240726,000000,9.2,9.275,9.095,9.14,827779,0
SILV.US,D,20240729,000000,9.16,9.29,8.7814,9.14,1215868,0
SILV.US,D,20240730,000000,9.15,9.39,9.005,9.39,2004328,0
SILV.US,D,20240731,000000,9.66,9.79,9.4823,9.76,1171030,0
SILV.US,D,20240801,000000,9.85,9.85,9.07,9.17,1425800,0
SILV.US,D,20240802,000000,9.33,9.495,8.645,8.76,2244358,0
SILV.US,D,20240805,000000,8.21,8.495,7.96,8.39,1640085,0
SILV.US,D,20240806,000000,8.36,8.61,8.25,8.57,1279924,0
SILV.US,D,20240807,000000,8.71,8.88,8.07,8.11,1483254,0
SILV.US,D,20240808,000000,8.04,8.16,7.52,7.68,3416459,0
SILV.US,D,20240809,000000,7.71,7.855,7.57,7.84,1908465,0
SILV.US,D,20240812,000000,8.1,8.12,7.7803,7.91,1699325,0
SILV.US,D,20240813,000000,7.85,8.28,7.81,8.25,1711833,0
SILV.US,D,20240814,000000,8.17,8.25,7.98,8.19,1128628,0
SILV.US,D,20240815,000000,8.25,8.4299,8.06,8.32,1564888,0
SILV.US,D,20240816,000000,8.37,8.57,8.305,8.39,5106632,0
SILV.US,D,20240819,000000,8.42,8.96,8.37,8.93,1917978,0
SILV.US,D,20240820,000000,9.03,9.14,8.85,8.93,1620801,0
SILV.US,D,20240821,000000,8.94,8.99,8.745,8.97,1061593,0
SILV.US,D,20240822,000000,8.74,8.85,8.61,8.64,756992,0
SILV.US,D,20240823,000000,8.61,8.88,8.525,8.59,2398783,0
SILV.US,D,20240826,000000,8.63,8.71,8.47,8.66,1077814,0
SILV.US,D,20240827,000000,8.5,8.615,8.42,8.61,720912,0
SILV.US,D,20240828,000000,8.49,8.49,8.185,8.32,1395033,0
SILV.US,D,20240829,000000,8.39,8.516,8.37,8.42,608609,0
SILV.US,D,20240830,000000,8.4,8.45,8.255,8.27,652607,0
SILV.US,D,20240903,000000,8.17,8.18,7.77,7.88,1805163,0
SILV.US,D,20240904,000000,7.81,7.93,7.68,7.68,1045982,0
SILV.US,D,20240905,000000,7.9,8,7.815,7.84,999928,0
SILV.US,D,20240906,000000,7.85,7.85,7.38,7.39,1688832,0
SILV.US,D,20240909,000000,7.44,7.715,7.44,7.67,1170825,0
SILV.US,D,20240910,000000,7.71,7.7599,7.52,7.73,907364,0
SILV.US,D,20240911,000000,7.76,8.19,7.65,8.16,1354794,0
SILV.US,D,20240912,000000,8.28,9,8.28,8.92,2287882,0
SILV.US,D,20240913,000000,9.1,9.53,9.02,9.53,2804860,0
SILV.US,D,20240916,000000,9.5,9.73,9.42,9.72,2332940,0
SILV.US,D,20240917,000000,9.64,9.85,9.43,9.55,1520492,0
SILV.US,D,20240918,000000,9.59,9.64,9.06,9.09,2137264,0
SILV.US,D,20240919,000000,9.41,9.45,9.19,9.22,1320157,0
SILV.US,D,20240920,000000,9.35,9.48,9.175,9.41,2794475,0
SILV.US,D,20240923,000000,9.43,9.63,9.16,9.17,835778,0
SILV.US,D,20240924,000000,9.37,9.75,9.29,9.7,1092061,0
SILV.US,D,20240925,000000,9.69,9.9,9.53,9.79,1618386,0
SILV.US,D,20240926,000000,9.86,10.27,9.81,10.22,1566594,0
SILV.US,D,20240927,000000,10.19,10.2067,9.615,9.67,1471188,0
SILV.US,D,20240930,000000,9.54,9.63,9.16,9.25,878146,0
SILV.US,D,20241001,000000,9.39,9.44,9.08,9.23,969080,0
SILV.US,D,20241002,000000,9.24,9.53,9.17,9.31,1440890,0
SILV.US,D,20241003,000000,9.13,9.29,8.9805,9.29,972863,0
SILV.US,D,20241004,000000,10.18,10.58,9.69,10.13,14477763,0
SILV.US,D,20241007,000000,9.83,10,9.64,9.82,4129232,0
SILV.US,D,20241008,000000,9.7,9.93,9.7,9.76,4407700,0
SILV.US,D,20241009,000000,9.68,9.89,9.54,9.89,2082498,0
SILV.US,D,20241010,000000,9.91,10.215,9.81,10.17,3644680,0
SILV.US,D,20241011,000000,10.23,10.38,10.045,10.12,2622934,0
SILV.US,D,20241014,000000,9.93,10.2,9.9,10.16,1237924,0
SILV.US,D,20241015,000000,10.05,10.33,9.96,10.32,2559289,0
SILV.US,D,20241016,000000,10.4,10.72,10.3,10.31,3532081,0
SILV.US,D,20241017,000000,10.41,10.6,10.27,10.27,2118026,0
SILV.US,D,20241018,000000,10.45,11.27,10.4,11.13,4838635,0
SILV.US,D,20241021,000000,11.64,11.9065,11.275,11.35,4450263,0
SILV.US,D,20241022,000000,11.42,11.78,11.42,11.65,2614970,0
SILV.US,D,20241023,000000,11.36,11.55,11.22,11.54,2403384,0
SILV.US,D,20241024,000000,11.58,11.66,10.91,11.28,2589049,0
SILV.US,D,20241025,000000,11.24,11.24,10.74,10.83,2041157,0
SILV.US,D,20241028,000000,10.72,10.91,10.655,10.66,1047836,0
SILV.US,D,20241029,000000,10.85,11.055,10.74,10.98,1605366,0
SILV.US,D,20241030,000000,10.94,10.98,10.54,10.78,1447886,0
SILV.US,D,20241031,000000,10.54,10.62,9.95,10.17,2619744,0
SILV.US,D,20241101,000000,10.27,10.36,9.745,9.75,1753751,0
SILV.US,D,20241104,000000,9.75,9.89,9.5,9.56,1237563,0
SILV.US,D,20241105,000000,9.7,9.81,9.565,9.66,1770204,0
SILV.US,D,20241106,000000,8.82,9.45,8.75,9.3,3788756,0
SILV.US,D,20241107,000000,9.79,10.47,9.685,10.38,5808349,0
SILV.US,D,20241108,000000,10.25,10.375,10.04,10.31,2295337,0
SILV.US,D,20241111,000000,9.825,10.08,9.55,10.01,3566484,0
SILV.US,D,20241112,000000,9.75,10.065,9.675,9.97,2753973,0
SILV.US,D,20241113,000000,10.13,10.35,9.5,9.53,2456110,0
SILV.US,D,20241114,000000,9.4,9.9,9.35,9.79,3038186,0
SILV.US,D,20241115,000000,9.85,10.03,9.48,9.57,9671536,0
SILV.US,D,20241118,000000,9.96,10.435,9.96,10.28,1772047,0
SILV.US,D,20241119,000000,10.45,10.47,10.11,10.41,1617201,0
SILV.US,D,20241120,000000,10.23,10.37,10.025,10.17,1318781,0
SILV.US,D,20241121,000000,10.3,10.47,10.105,10.42,1243590,0
SILV.US,D,20241122,000000,10.5,10.63,10.31,10.31,1217471,0
SILV.US,D,20241125,000000,9.74,9.97,9.715,9.9,1147490,0
SILV.US,D,20241126,000000,9.845,10.04,9.71,10,884524,0
SILV.US,D,20241127,000000,10.1,10.37,10.095,10.17,987672,0
SILV.US,D,20241129,000000,10.21,10.45,10.13,10.17,556227,0
SILV.US,D,20241202,000000,10,10.09,9.73,9.77,1052919,0
SILV.US,D,20241203,000000,9.89,10.57,9.85,10.52,1790854,0
SILV.US,D,20241204,000000,10.53,10.84,10.42,10.5,1615454,0
SILV.US,D,20241205,000000,10.54,10.665,10.28,10.65,1040747,0
SILV.US,D,20241206,000000,10.67,10.75,10.27,10.39,906759,0
SILV.US,D,20241209,000000,10.875,11.66,10.74,11.13,3683643,0
SILV.US,D,20241210,000000,11.27,11.45,10.92,11,1772889,0
SILV.US,D,20241211,000000,11.13,11.58,11.06,11.58,2268815,0
SILV.US,D,20241212,000000,11.23,11.23,10.835,10.84,1577777,0
SILV.US,D,20241213,000000,10.675,10.72,10.25,10.37,1030753,0
SILV.US,D,20241216,000000,10.415,10.44,9.945,10,1164871,0
SILV.US,D,20241217,000000,9.774,10.095,9.71,10.05,907955,0
SILV.US,D,20241218,000000,10.05,10.14,9.215,9.29,2316275,0
SILV.US,D,20241219,000000,9.35,9.495,9.002,9.09,1609058,0
SILV.US,D,20241220,000000,9.1,9.42,9.0385,9.19,3428908,0
SILV.US,D,20241223,000000,9.155,9.3,8.9043,9.22,1512572,0
SILV.US,D,20241224,000000,9.26,9.3,9.06,9.17,1292220,0
SILV.US,D,20241226,000000,9.21,9.41,9.18,9.39,1221872,0
SILV.US,D,20241227,000000,9.28,9.28,9.025,9.14,859141,0
SILV.US,D,20241230,000000,9.01,9.185,8.81,8.92,1329075,0
SILV.US,D,20241231,000000,8.92,9.16,8.85,9.1,845636,0
SILV.US,D,20250102,000000,9.31,9.89,9.25,9.81,1251251,0
SILV.US,D,20250103,000000,9.81,9.885,9.535,9.57,1062644,0
SILV.US,D,20250106,000000,9.69,9.87,9.59,9.68,1406583,0
SILV.US,D,20250107,000000,9.83,10.219,9.591,9.71,3570885,0
SILV.US,D,20250108,000000,9.74,10.205,9.73,10.16,2158972,0
SILV.US,D,20250110,000000,10.39,10.5,9.88,9.93,1621951,0
SILV.US,D,20250113,000000,9.72,9.7318,9.38,9.48,2159285,0
SILV.US,D,20250114,000000,9.55,10.145,9.51,10.08,1346399,0
SILV.US,D,20250115,000000,10.44,10.45,10.01,10.25,917326,0
SILV.US,D,20250116,000000,10.3,10.38,9.855,9.88,906978,0
SILV.US,D,20250117,000000,9.7453,10.015,9.65,9.86,2796365,0
SILV.US,D,20250121,000000,9.99,10.35,9.9,10.12,1419388,0
SILV.US,D,20250122,000000,10.2,10.405,9.98,10.14,1480264,0
SILV.US,D,20250123,000000,9.91,10.045,9.78,9.96,1348806,0
SILV.US,D,20250124,000000,10.29,10.43,9.995,10.07,1388354,0
SILV.US,D,20250127,000000,9.86,9.86,9.54,9.66,1251288,0
SILV.US,D,20250128,000000,9.67,10.13,9.59,10.04,1034877,0
SILV.US,D,20250129,000000,10.05,10.33,9.94,10.19,1250399,0
SILV.US,D,20250130,000000,10.49,11.065,10.36,10.94,1939653,0
SILV.US,D,20250131,000000,11.02,11.04,10.38,10.5,3903531,0
SILV.US,D,20250203,000000,10.68,11.165,10.46,10.83,2669913,0
SILV.US,D,20250204,000000,11,11.27,10.81,11.09,2396347,0
SILV.US,D,20250205,000000,11.15,11.76,11.15,11.31,3404684,0
SILV.US,D,20250206,000000,11.24,11.25,10.93,11.07,2864621,0
SILV.US,D,20250207,000000,11.25,11.52,11.025,11.08,2299390,0
SILV.US,D,20250210,000000,11.44,11.64,11.18,11.27,1953713,0
SILV.US,D,20250211,000000,11.08,11.46,10.91,11.22,2403547,0
SILV.US,D,20250212,000000,11.2,11.975,11.15,11.65,3371045,0
SILV.US,D,20250213,000000,11.65,11.66,11.405,11.55,5650580,0
