<TICKER>,<PER>,<DATE>,<TIME>,<OPEN>,<HIGH>,<LOW>,<CLOSE>,<VOL>,<OPENINT>
KPDD.US,D,20250312,000000,25.19,25.19,24.83,24.9318,396,0
KPDD.US,D,20250313,000000,25.7371,25.7371,25.3264,25.3264,2562,0
KPDD.US,D,20250314,000000,27.27,27.35,26.9787,26.9787,6457,0
KPDD.US,D,20250317,000000,27.7,30.18,27.7,29.7754,9474,0
KPDD.US,D,20250318,000000,29.46,29.6697,28.451,28.7546,5849,0
KPDD.US,D,20250319,000000,29.13,29.13,27.3643,28.252,32094,0
KPDD.US,D,20250320,000000,26.47,30.62,24.0676,30.5155,22967,0
KPDD.US,D,20250321,000000,28.07,29.07,27.1,28.5711,24402,0
KPDD.US,D,20250324,000000,29.25,29.57,28.36,29.22,7224,0
