<TICKER>,<PER>,<DATE>,<TIME>,<OPEN>,<HIGH>,<LOW>,<CLOSE>,<VOL>,<OPENINT>
EPWK.US,D,20250206,000000,4.1,4.35,4.1,4.11,2018392,0
EPWK.US,D,20250207,000000,4.01,4.23,4.01,4.15,312048,0
EPWK.US,D,20250210,000000,4.2,4.32,4.15,4.23,219665,0
EPWK.US,D,20250211,000000,4.158,4.3,4.1,4.2,98352,0
EPWK.US,D,20250212,000000,4.28,4.32,4.14,4.25,113774,0
EPWK.US,D,20250213,000000,4.4,4.45,3.8,4.22,474959,0
EPWK.US,D,20250214,000000,4.1,4.35,4.01,4.25,761946,0
EPWK.US,D,20250218,000000,4.39,4.73,4.2,4.5448,509715,0
EPWK.US,D,20250219,000000,4.4529,4.561,4.28,4.42,695732,0
