<TICKER>,<PER>,<DATE>,<TIME>,<OPEN>,<HIGH>,<LOW>,<CLOSE>,<VOL>,<OPENINT>
ATIP.US,D,20201005,000000,501,501,494.5,494.5,58.12,0
ATIP.US,D,20201006,000000,500,503,494.5,502,110.92,0
ATIP.US,D,20201007,000000,495.5,496,495,495,121.82,0
ATIP.US,D,20201008,000000,494,495,494,495,25.04,0
ATIP.US,D,20201009,000000,494,495,493,493,62.74,0
ATIP.US,D,20201012,000000,494.5,495,492.5,495,406.72,0
ATIP.US,D,20201013,000000,497.5,497.5,491,492.5,6861.58,0
ATIP.US,D,20201014,000000,493,494,489.5,493.5,1899.12,0
ATIP.US,D,20201015,000000,491.75,493.5,491,493.5,250.14,0
ATIP.US,D,20201016,000000,492,492.5,489.5,492.5,1084.76,0
ATIP.US,D,20201019,000000,494.5,495,491,495,177.28,0
ATIP.US,D,20201020,000000,495,495,491.5,495,130.56,0
ATIP.US,D,20201021,000000,494.5,494.5,490.5,492.5,16.36,0
ATIP.US,D,20201022,000000,491,492.5,491,492.5,166.02,0
ATIP.US,D,20201023,000000,490,490,486,489.5,99.7,0
ATIP.US,D,20201026,000000,484.5,490,482.5,485,74.26,0
ATIP.US,D,20201027,000000,489.5,489.5,485,486.5,12275.2,0
ATIP.US,D,20201028,000000,485.5,486.5,484,485,143.54,0
ATIP.US,D,20201029,000000,483,486.985,483,484.5,1432.96,0
ATIP.US,D,20201030,000000,486.5,486.5,483.5,485,76.46,0
ATIP.US,D,20201102,000000,485.5,488.5,485,485,191.16,0
ATIP.US,D,20201103,000000,486.5,486.5,486.5,486.5,2789.04,0
ATIP.US,D,20201104,000000,487,490.5,486.5,486.505,16.04,0
ATIP.US,D,20201105,000000,486.5,486.5,486.5,486.5,4,0
ATIP.US,D,20201106,000000,486.5,486.5,486.5,486.5,5.84,0
ATIP.US,D,20201109,000000,497,497,488.5,494.5,616.84,0
ATIP.US,D,20201110,000000,491.785,496.5,491.785,496.5,63.2,0
ATIP.US,D,20201111,000000,492.5,495,490.5,495,311.24,0
ATIP.US,D,20201112,000000,495.5,496,494,495.5,435.06,0
ATIP.US,D,20201113,000000,497,497,489,490,2494.88,0
ATIP.US,D,20201116,000000,497,497,493,495,145,0
ATIP.US,D,20201117,000000,495.5,495.5,492.15,492.5,843.78,0
ATIP.US,D,20201118,000000,497,497,493,497,379.7,0
ATIP.US,D,20201119,000000,494,499,494,497.5,3922.22,0
ATIP.US,D,20201120,000000,501,501,493.5,498,7433.32,0
ATIP.US,D,20201123,000000,501,504.21,495.5,502,5117.44,0
ATIP.US,D,20201124,000000,502,505.25,500,503,6424.5,0
ATIP.US,D,20201125,000000,507.5,509,502,507.5,2168.6,0
ATIP.US,D,20201127,000000,512.5,515.5,507.75,515,477.38,0
ATIP.US,D,20201130,000000,515,517.5,510,512.5,2518.8,0
ATIP.US,D,20201201,000000,511,512.5,509.75,511.5,2861.48,0
ATIP.US,D,20201202,000000,510,513.5,510,510.5,1845.46,0
ATIP.US,D,20201203,000000,512.5,512.75,509.5,512,2709.76,0
ATIP.US,D,20201204,000000,515,515,510.65,513.5,7107.44,0
ATIP.US,D,20201207,000000,515,515,510.5,511,2786.94,0
ATIP.US,D,20201208,000000,512.5,513.25,510,511.5,5766.84,0
ATIP.US,D,20201209,000000,515,515,512.25,513.5,1784.84,0
ATIP.US,D,20201210,000000,510.5,515,510.5,515,3464.9,0
ATIP.US,D,20201211,000000,530,530,512.5,526,4257.06,0
ATIP.US,D,20201214,000000,520,524.5,515.5,519,4558.88,0
ATIP.US,D,20201215,000000,519,520.5,512.5,512.5,9082.44,0
ATIP.US,D,20201216,000000,512.5,518.75,512.5,517.5,1971.94,0
ATIP.US,D,20201217,000000,517.5,522.5,514.5,522,5058.48,0
ATIP.US,D,20201218,000000,519.5,527.5,519.5,527.5,2491.7,0
ATIP.US,D,20201221,000000,527.5,528.5,522,527.5,3708.4,0
ATIP.US,D,20201222,000000,532.5,548.5,530.5,535.5,12510.56,0
ATIP.US,D,20201223,000000,548.5,548.5,529.365,535,11819.28,0
ATIP.US,D,20201224,000000,550,556,531,540,10795.1,0
ATIP.US,D,20201228,000000,552,555,543.5,547,17136.62,0
ATIP.US,D,20201229,000000,552,552.5,534.455,535,10679.86,0
ATIP.US,D,20201230,000000,532,550,530.5,542,10118.78,0
ATIP.US,D,20201231,000000,535,540,527.5,536.5,4207.1,0
ATIP.US,D,20210104,000000,547,548,534.205,536.25,8506.98,0
ATIP.US,D,20210105,000000,545.5,547,535.95,543,7058.14,0
ATIP.US,D,20210106,000000,536,546.5,536,540,6589,0
ATIP.US,D,20210107,000000,538,543.84,537.5,540.5,6131.34,0
ATIP.US,D,20210108,000000,540,547.5,540,546.5,4918.28,0
ATIP.US,D,20210111,000000,551.5,556.2,544,552.5,14336.1,0
ATIP.US,D,20210112,000000,552.5,565,547,561,8514.9,0
ATIP.US,D,20210113,000000,572,584,561,572.5,15451.26,0
ATIP.US,D,20210114,000000,580,580,567.5,570.5,10944.16,0
ATIP.US,D,20210115,000000,570.5,572,560,565,16599.96,0
ATIP.US,D,20210119,000000,565,606,560.5,583.5,29030.22,0
ATIP.US,D,20210120,000000,600.5,612,582,595,22211.42,0
ATIP.US,D,20210121,000000,591,600,584.5,594.5,11971.36,0
ATIP.US,D,20210122,000000,600,609,590.505,595.5,16537.74,0
ATIP.US,D,20210125,000000,598.5,621,594,603.5,18219.18,0
ATIP.US,D,20210126,000000,605,610,573.5,581.5,15828.92,0
ATIP.US,D,20210127,000000,572.5,575,533.25,556.5,19887.48,0
ATIP.US,D,20210128,000000,550,569,544,544,21254.54,0
ATIP.US,D,20210129,000000,544,567,536.5,565,13636.48,0
ATIP.US,D,20210201,000000,572.5,585.5,553.5,584.5,9854.2,0
ATIP.US,D,20210202,000000,589.5,596.5,572,589,8689.04,0
ATIP.US,D,20210203,000000,587.5,602,584,601.5,7040.66,0
ATIP.US,D,20210204,000000,600,615,594,604,5817.68,0
ATIP.US,D,20210205,000000,602.5,604.5,590,593.5,10048.88,0
ATIP.US,D,20210208,000000,604,611.5,594,603,14937.5,0
ATIP.US,D,20210209,000000,601,622,600,615.5,9515.52,0
ATIP.US,D,20210210,000000,610,629,588,616.5,10843.6,0
ATIP.US,D,20210211,000000,602.5,652.5,597.25,644,24103.48,0
ATIP.US,D,20210212,000000,639.5,647,620.5,625,7554.54,0
ATIP.US,D,20210216,000000,620,625,588,605.5,11998.92,0
ATIP.US,D,20210217,000000,611.5,614.5,590.505,610,9937.64,0
ATIP.US,D,20210218,000000,591,605,585.5,599.5,6542.92,0
ATIP.US,D,20210219,000000,605,630,601,605,11376.44,0
ATIP.US,D,20210222,000000,527.5,534.5,515.5,523.5,173373.3,0
ATIP.US,D,20210223,000000,515.5,533.5,510.5,530.5,64133.7,0
ATIP.US,D,20210224,000000,531.5,536,518.5,529.5,68114.3,0
ATIP.US,D,20210225,000000,532.5,532.5,517,517.5,40168.26,0
ATIP.US,D,20210226,000000,515,518.5,507.5,513,16189.22,0
ATIP.US,D,20210301,000000,515,515,505.5,510,23157.1,0
ATIP.US,D,20210302,000000,508,510,501,506,12131.28,0
ATIP.US,D,20210303,000000,507,509,498.5,504,20699.62,0
ATIP.US,D,20210304,000000,501.5,507,497.5,500,24994.4,0
ATIP.US,D,20210305,000000,498,511,494,508.5,16784.22,0
ATIP.US,D,20210308,000000,503,509.5,500,503.5,8271.42,0
ATIP.US,D,20210309,000000,505,505,499.5,501,8640.24,0
ATIP.US,D,20210310,000000,500,501.5,498,501,6180.34,0
ATIP.US,D,20210311,000000,501.5,504.75,499.75,502.5,21667.54,0
ATIP.US,D,20210312,000000,501.5,512,501.5,512,8954.82,0
ATIP.US,D,20210315,000000,509.5,509.5,500,501.5,13649.3,0
ATIP.US,D,20210316,000000,502.5,503.25,498.5,500,8447.24,0
ATIP.US,D,20210317,000000,498.5,503,498.5,502,5082.16,0
ATIP.US,D,20210318,000000,501.5,502.5,499,501.5,12337.14,0
ATIP.US,D,20210319,000000,500.5,501.995,498,499,14342,0
ATIP.US,D,20210322,000000,499,500,496,496.5,14588.94,0
ATIP.US,D,20210323,000000,497,498.5,495,495,12957.22,0
ATIP.US,D,20210324,000000,495,497.455,491,493,4503.78,0
ATIP.US,D,20210325,000000,489.5,498.25,487.25,497.5,19971.64,0
ATIP.US,D,20210326,000000,497.5,499.5,495.5,499,3404.06,0
ATIP.US,D,20210329,000000,499.5,499.5,495.5,497,7661.3,0
ATIP.US,D,20210330,000000,495.5,507,495.5,504,30282.18,0
ATIP.US,D,20210331,000000,505,505,497.5,498.5,6444.4,0
ATIP.US,D,20210401,000000,500,506.5,499.5,504.5,14139.36,0
ATIP.US,D,20210405,000000,505.5,505.5,497.5,497.5,10368.36,0
ATIP.US,D,20210406,000000,498.5,501,497.5,498.5,8078.56,0
ATIP.US,D,20210407,000000,499.5,508,498.5,505.5,36312.84,0
ATIP.US,D,20210408,000000,505.5,511,504.935,510.5,46422.62,0
ATIP.US,D,20210409,000000,509,513.25,507,510.5,32645.04,0
ATIP.US,D,20210412,000000,508,510,506,506.5,13176.64,0
ATIP.US,D,20210413,000000,503,506.5,503,505,3125.52,0
ATIP.US,D,20210414,000000,504.5,507,502.5,502.5,4628.38,0
ATIP.US,D,20210415,000000,503,503,499,500.5,6037.34,0
ATIP.US,D,20210416,000000,499,501.5,498.25,498.5,11124.48,0
ATIP.US,D,20210419,000000,498,508.215,496,500,21677.98,0
ATIP.US,D,20210420,000000,500.5,500.5,496,497.5,5636.66,0
ATIP.US,D,20210421,000000,497.5,501.25,496.5,500,3670.3,0
ATIP.US,D,20210422,000000,499.5,501.5,495.5,497,5176.32,0
ATIP.US,D,20210423,000000,498,499.5,497.5,498,2473.72,0
ATIP.US,D,20210426,000000,499.5,507.5,498,499.5,10113.04,0
ATIP.US,D,20210427,000000,500,500,498,499,2618.38,0
ATIP.US,D,20210428,000000,500,505,498.5,502,21435.3,0
ATIP.US,D,20210429,000000,504.5,504.5,499.5,501,11355.7,0
ATIP.US,D,20210430,000000,500,503.5,497.5,498,10660.08,0
ATIP.US,D,20210503,000000,498,500.5,498,500,5962.24,0
ATIP.US,D,20210504,000000,500,504.5,498.5,501,10654.74,0
ATIP.US,D,20210505,000000,503.5,503.5,499.5,500,2105.26,0
ATIP.US,D,20210506,000000,500,501,499,499.5,3275.96,0
ATIP.US,D,20210507,000000,500,500.5,499,500,3778.56,0
ATIP.US,D,20210510,000000,500,502,499,499.5,6693.6,0
ATIP.US,D,20210511,000000,498.5,499.5,497,499.5,4538.1,0
ATIP.US,D,20210512,000000,497,503,497,498.5,12650.86,0
ATIP.US,D,20210513,000000,498.5,501.5,498,499,10261.46,0
ATIP.US,D,20210514,000000,498.5,499,497,497.5,5181.08,0
ATIP.US,D,20210517,000000,497.5,498.5,497.5,497.5,3979.26,0
ATIP.US,D,20210518,000000,497.5,499,497.5,498,5101.02,0
ATIP.US,D,20210519,000000,497,498.5,497,497.5,8434.4,0
ATIP.US,D,20210520,000000,497.5,500,497.5,499.5,8711.9,0
ATIP.US,D,20210521,000000,499.5,500,498.5,499.5,2293.78,0
ATIP.US,D,20210524,000000,499.5,500,498.5,498.5,39100.72,0
ATIP.US,D,20210525,000000,499,500,498.5,499.5,13975.4,0
ATIP.US,D,20210526,000000,499,500,499,499.5,4698.44,0
ATIP.US,D,20210527,000000,499.5,500,499,499,3723.38,0
ATIP.US,D,20210528,000000,500,500.5,499,499,15498.46,0
ATIP.US,D,20210601,000000,499.5,500.5,499.015,500,1963.5,0
ATIP.US,D,20210602,000000,500,501,499,500,7347.96,0
ATIP.US,D,20210603,000000,499.5,500.5,499.5,500,4760.96,0
ATIP.US,D,20210604,000000,500,500.5,498.5,499.5,20177.6,0
ATIP.US,D,20210607,000000,500.5,502.5,499,501,38455.14,0
ATIP.US,D,20210608,000000,502,509.5,499,501,53274.98,0
ATIP.US,D,20210609,000000,505,505,499,499.5,22169.28,0
ATIP.US,D,20210610,000000,500,500,497,499,32332.18,0
ATIP.US,D,20210611,000000,500,511,499.5,506.5,53808.66,0
ATIP.US,D,20210614,000000,508,517,489.5,497.5,44155.14,0
ATIP.US,D,20210615,000000,498.5,502,450.5,487,66497.54,0
ATIP.US,D,20210616,000000,488.5,517,488.5,514,48042.36,0
ATIP.US,D,20210617,000000,498,522,487,500.5,23052,0
ATIP.US,D,20210618,000000,499,508,465,472.5,42661.68,0
ATIP.US,D,20210621,000000,473,474.5,441.5,454.5,29991.82,0
ATIP.US,D,20210622,000000,458,472,455.5,463,18384.14,0
ATIP.US,D,20210623,000000,464,480,461,467.5,11567.6,0
ATIP.US,D,20210624,000000,466,470,455,461,10804,0
ATIP.US,D,20210625,000000,459,465.5,444.5,453.5,19255.16,0
ATIP.US,D,20210628,000000,453.5,453.5,446,447.5,10628.1,0
ATIP.US,D,20210629,000000,448.5,480.5,448,475.5,20178.52,0
ATIP.US,D,20210630,000000,475.5,479.5,463.5,477,10089.62,0
ATIP.US,D,20210701,000000,479.5,479.5,467.5,471,11062.36,0
ATIP.US,D,20210702,000000,470.5,471,446,452.5,14191.38,0
ATIP.US,D,20210706,000000,459,463.5,424.5,426.5,21980.22,0
ATIP.US,D,20210707,000000,430,432.5,394,410,27258.5,0
ATIP.US,D,20210708,000000,404,426.5,400.5,424.5,17683.74,0
ATIP.US,D,20210709,000000,429,436,417,430.5,8651.66,0
ATIP.US,D,20210712,000000,435.5,443,428.5,441,10136.14,0
ATIP.US,D,20210713,000000,435,446,428,440,22700.42,0
ATIP.US,D,20210714,000000,435,439,407.5,417.5,29581.9,0
ATIP.US,D,20210715,000000,427,428.5,391,408,25189.44,0
ATIP.US,D,20210716,000000,404,416.5,402.5,408.5,11200.3,0
ATIP.US,D,20210719,000000,402,413,387,390.5,20423.4,0
ATIP.US,D,20210720,000000,393.5,393.5,371,385.5,22816.54,0
ATIP.US,D,20210721,000000,391.5,397.95,380,386,12890.5,0
ATIP.US,D,20210722,000000,393,406,385,401.5,19938.52,0
ATIP.US,D,20210723,000000,406,436,403.5,417,29458.22,0
ATIP.US,D,20210726,000000,237.5,287,228.5,236,315763.56,0
ATIP.US,D,20210727,000000,228,228,183,191,153323.38,0
ATIP.US,D,20210728,000000,195.5,201.25,187.5,192.5,77781.46,0
ATIP.US,D,20210729,000000,195,199.5,180.5,181.5,58708.56,0
ATIP.US,D,20210730,000000,178,180,140.5,170.5,426784.46,0
ATIP.US,D,20210802,000000,168,189.5,168,187.5,111860.36,0
ATIP.US,D,20210803,000000,187,227,182.5,225,192703.44,0
ATIP.US,D,20210804,000000,212.5,226.5,198,222.5,91922.5,0
ATIP.US,D,20210805,000000,218.5,232,205,215,124537.72,0
ATIP.US,D,20210806,000000,215.5,225,207,219,31064.16,0
ATIP.US,D,20210809,000000,220,241,215.05,228.5,54443.88,0
ATIP.US,D,20210810,000000,227.5,228.5,199.5,203,56056.14,0
ATIP.US,D,20210811,000000,204,219,202.5,216.5,36604.76,0
ATIP.US,D,20210812,000000,215,224,209.49,213.5,22632.18,0
ATIP.US,D,20210813,000000,213,216.5,207.5,207.5,15866.68,0
ATIP.US,D,20210816,000000,210,212.5,202.5,208,19177.54,0
ATIP.US,D,20210817,000000,208,208.5,182.505,194.5,55564.84,0
ATIP.US,D,20210818,000000,194.5,203.95,192.5,199.5,22226.74,0
ATIP.US,D,20210819,000000,194,199,184.5,185.5,34258.64,0
ATIP.US,D,20210820,000000,185.5,195,185,194,28082.48,0
ATIP.US,D,20210823,000000,195,199.25,190,196,22422.5,0
ATIP.US,D,20210824,000000,200,203.75,197,200,31005.02,0
ATIP.US,D,20210825,000000,201,206.5,197.5,205.5,18188.32,0
ATIP.US,D,20210826,000000,206.5,209.5,203.75,207,19790.24,0
ATIP.US,D,20210827,000000,207.5,218.5,206.5,212.5,29581.66,0
ATIP.US,D,20210830,000000,215,216,201,207.5,52705.96,0
ATIP.US,D,20210831,000000,207.5,215.5,204.5,215,19878.12,0
ATIP.US,D,20210901,000000,217,217.75,207,217,25198.92,0
ATIP.US,D,20210902,000000,217.5,228.5,212.55,226,25797.18,0
ATIP.US,D,20210903,000000,225.5,229.5,221,227.5,34804.46,0
ATIP.US,D,20210907,000000,227.5,231.5,215,215,21553.2,0
ATIP.US,D,20210908,000000,215,216,198,200,61453.34,0
ATIP.US,D,20210909,000000,200,209,200,201.5,24578.34,0
ATIP.US,D,20210910,000000,201.5,202.5,194,197.5,19947.14,0
ATIP.US,D,20210913,000000,198.5,200,192,192.5,12729.76,0
ATIP.US,D,20210914,000000,193.5,194.75,183.25,185.5,14360.78,0
ATIP.US,D,20210915,000000,186,187.75,180.5,183,18367.4,0
ATIP.US,D,20210916,000000,185,187.5,180,187,21703.4,0
ATIP.US,D,20210917,000000,187.5,189.5,175.5,176.5,60564.12,0
ATIP.US,D,20210920,000000,178,180,166,172.5,33478.8,0
ATIP.US,D,20210921,000000,172.5,175.75,168.5,170,14357.66,0
ATIP.US,D,20210922,000000,169.5,173.45,166,169.5,10921.46,0
ATIP.US,D,20210923,000000,169,177.5,165.59,175,22809.78,0
ATIP.US,D,20210924,000000,177.5,188.5,175.5,188.5,26935,0
ATIP.US,D,20210927,000000,187,200,185.5,198,32435.14,0
ATIP.US,D,20210928,000000,198,198,185.5,187.5,19341.1,0
ATIP.US,D,20210929,000000,187.5,194.5,181.75,191.5,24746.84,0
ATIP.US,D,20210930,000000,189.5,199.5,187,190,37310.02,0
ATIP.US,D,20211001,000000,191,191,181.5,189.5,24061.2,0
ATIP.US,D,20211004,000000,188,188.5,181.5,181.5,7549.78,0
ATIP.US,D,20211005,000000,183.5,186,180.25,183.5,15851.48,0
ATIP.US,D,20211006,000000,180.5,185.5,171.5,176,18891.92,0
ATIP.US,D,20211007,000000,178,185,177.25,182,8159.84,0
ATIP.US,D,20211008,000000,182,185.5,180,183.5,8895.24,0
ATIP.US,D,20211011,000000,183.5,184.5,177.5,177.5,7849,0
ATIP.US,D,20211012,000000,175,178.5,167.5,172.5,21167.54,0
ATIP.US,D,20211013,000000,175,181,171.5,180.5,10268.36,0
ATIP.US,D,20211014,000000,181.5,183,175,175.5,8442.62,0
ATIP.US,D,20211015,000000,177.5,181.75,175.5,176.5,6152.1,0
ATIP.US,D,20211018,000000,177.5,180.5,170,178.5,12239.1,0
ATIP.US,D,20211019,000000,179,195,178,182.5,49886.28,0
ATIP.US,D,20211020,000000,152.5,153.05,140.5,143,295060.3,0
ATIP.US,D,20211021,000000,146.5,154,143,149.5,91538.12,0
ATIP.US,D,20211022,000000,147,147.5,134.5,143,74922.12,0
ATIP.US,D,20211025,000000,142.5,142.5,136,140,36787.78,0
ATIP.US,D,20211026,000000,140.5,148.5,137.5,144,51225.36,0
ATIP.US,D,20211027,000000,142.5,143,134,134.5,31508.08,0
ATIP.US,D,20211028,000000,136,138.3,133,137.5,26840.44,0
ATIP.US,D,20211029,000000,136,144,135,143.5,40612.62,0
ATIP.US,D,20211101,000000,144,148,141.5,145,25082.44,0
ATIP.US,D,20211102,000000,145.5,147,142,143.5,16768.16,0
ATIP.US,D,20211103,000000,144,146,141,145,23459.26,0
ATIP.US,D,20211104,000000,145,156,145,154.5,32835.34,0
ATIP.US,D,20211105,000000,156,157.5,148.5,157,33148.06,0
ATIP.US,D,20211108,000000,159.5,159.5,151,154,19201.22,0
ATIP.US,D,20211109,000000,157,157,146.5,148.5,30138.86,0
ATIP.US,D,20211110,000000,150.5,220,149.5,196.5,592997.78,0
ATIP.US,D,20211111,000000,193.5,199.5,182.75,191.5,73177.62,0
ATIP.US,D,20211112,000000,192,210,191,201,52750.34,0
ATIP.US,D,20211115,000000,202.75,213.32,195.5,197,34842.1,0
ATIP.US,D,20211116,000000,198.5,228.5,196,221,60754.16,0
ATIP.US,D,20211117,000000,222.75,222.75,196.505,204,36420.16,0
ATIP.US,D,20211118,000000,205,205.5,190.5,190.5,18628.28,0
ATIP.US,D,20211119,000000,193,195,184.5,184.5,19723.14,0
ATIP.US,D,20211122,000000,183,185.5,170.5,171,32218.98,0
ATIP.US,D,20211123,000000,167.5,181.5,166,173,34745.92,0
ATIP.US,D,20211124,000000,173.5,178,171.75,173,16142.52,0
ATIP.US,D,20211126,000000,165.5,177,164.5,168,11192.54,0
ATIP.US,D,20211129,000000,171,185,170.5,180,29027.82,0
ATIP.US,D,20211130,000000,178,184,170,179.5,28239.96,0
ATIP.US,D,20211201,000000,182.75,183.45,164.75,168,22934.1,0
ATIP.US,D,20211202,000000,172.5,179.5,167.75,173,21651.2,0
ATIP.US,D,20211203,000000,173.5,178.835,163.55,166,24139.58,0
ATIP.US,D,20211206,000000,165,166,157.25,160.5,33439.06,0
ATIP.US,D,20211207,000000,164,179,164,178,19458.08,0
ATIP.US,D,20211208,000000,185.5,197.5,177,190.5,30443.36,0
ATIP.US,D,20211209,000000,188,195.5,183,184.5,14552.36,0
ATIP.US,D,20211210,000000,184.5,189,179.5,181,6684.86,0
ATIP.US,D,20211213,000000,177.5,179.5,164.5,165.5,25587.38,0
ATIP.US,D,20211214,000000,163,171,161,163,15474.28,0
ATIP.US,D,20211215,000000,164.5,169,160.75,164.5,17334.94,0
ATIP.US,D,20211216,000000,168.5,170,155,157,16515.98,0
ATIP.US,D,20211217,000000,154.5,163.25,153.5,162.5,25936.64,0
ATIP.US,D,20211220,000000,152.5,161,152.5,154.5,24535.48,0
ATIP.US,D,20211221,000000,156,163.75,153,155.5,33166.32,0
ATIP.US,D,20211222,000000,156.5,157.5,149.25,151,32658.9,0
ATIP.US,D,20211223,000000,151,167,150,165,43728.9,0
ATIP.US,D,20211227,000000,167,180,155,155.5,30976.6,0
ATIP.US,D,20211228,000000,153.5,159.75,151.75,153.5,14411.48,0
ATIP.US,D,20211229,000000,155,157.495,150,151.5,27929.3,0
ATIP.US,D,20211230,000000,150,169.75,150,164.5,24515.46,0
ATIP.US,D,20211231,000000,163.5,174,163.5,169.5,17342.6,0
ATIP.US,D,20220103,000000,172.5,182.75,171,172.5,15006.3,0
ATIP.US,D,20220104,000000,175,176,166.75,167.5,9716.8,0
ATIP.US,D,20220105,000000,166,171,159,160,12006.02,0
ATIP.US,D,20220106,000000,159.25,164.5,151,151.5,20997.88,0
ATIP.US,D,20220107,000000,151.5,157.75,150.5,155.5,15597.54,0
ATIP.US,D,20220110,000000,152,153,143.5,149,21180.78,0
ATIP.US,D,20220111,000000,149,152.5,143.75,150.5,17213.68,0
ATIP.US,D,20220112,000000,150.5,152,146,146.5,12612.62,0
ATIP.US,D,20220113,000000,146,159.25,145,152,23979.14,0
ATIP.US,D,20220114,000000,163,191.5,162.5,187.5,367321.46,0
ATIP.US,D,20220118,000000,187.5,196.5,183.5,186,58115.36,0
ATIP.US,D,20220119,000000,186.5,194,185,186.5,34281.8,0
ATIP.US,D,20220120,000000,189,192.75,181,183.5,32199.88,0
ATIP.US,D,20220121,000000,183.5,184.505,167,169,25874.7,0
ATIP.US,D,20220124,000000,167.5,168,149.25,160,42642.08,0
ATIP.US,D,20220125,000000,158,163.25,151.5,159,15004.1,0
ATIP.US,D,20220126,000000,161.5,166,153.5,157,20707.7,0
ATIP.US,D,20220127,000000,157.5,158,149.5,151,17578.68,0
ATIP.US,D,20220128,000000,152,152,143.5,151,17222.62,0
ATIP.US,D,20220131,000000,152,159.25,150.6,158,13726.12,0
ATIP.US,D,20220201,000000,159,162,154.5,159.5,11294.22,0
ATIP.US,D,20220202,000000,160,161.75,151,154,9044.3,0
ATIP.US,D,20220203,000000,151.5,152.465,146,148.5,17975.82,0
ATIP.US,D,20220204,000000,149.5,151.5,143,150.5,17141.1,0
ATIP.US,D,20220207,000000,150.5,153.5,145,148,28004.08,0
ATIP.US,D,20220208,000000,145.5,150,142,147,22375.8,0
ATIP.US,D,20220209,000000,148.5,156,145,154.5,23189.68,0
ATIP.US,D,20220210,000000,151,153.5,142,145,31832.96,0
ATIP.US,D,20220211,000000,145,147,137.25,140,20691.04,0
ATIP.US,D,20220214,000000,138.5,142.095,135,135,19890.54,0
ATIP.US,D,20220215,000000,138,146.25,137.5,145.5,34427.72,0
ATIP.US,D,20220216,000000,143.5,144,137.5,141.5,23642.36,0
ATIP.US,D,20220217,000000,139.5,142,133,134,19802.96,0
ATIP.US,D,20220218,000000,135,135,127.5,129.5,33226.36,0
ATIP.US,D,20220222,000000,128,131.5,120.5,122.5,24612.66,0
ATIP.US,D,20220223,000000,125.5,126.5,119.5,120,14033.56,0
ATIP.US,D,20220224,000000,118.5,125.5,111.5,124.5,27527.3,0
ATIP.US,D,20220225,000000,134,136,97.5,106.5,99084.82,0
ATIP.US,D,20220228,000000,107.5,107.5,95,98,58049.22,0
ATIP.US,D,20220301,000000,96,97.5,88.5,94.5,66258.02,0
ATIP.US,D,20220302,000000,94,94.5,86.5,89,56411.94,0
ATIP.US,D,20220303,000000,90.5,90.5,86,87.5,24655.36,0
ATIP.US,D,20220304,000000,91.5,98,89.5,90,36100.8,0
ATIP.US,D,20220307,000000,92,92.5,85,87,27279.96,0
ATIP.US,D,20220308,000000,85.5,94.5,83.5,89.5,26712.56,0
ATIP.US,D,20220309,000000,91,93.5,89,90,26148.3,0
ATIP.US,D,20220310,000000,88.5,89,85.5,87.5,15894.6,0
ATIP.US,D,20220311,000000,88.5,92,87,87,29464.14,0
ATIP.US,D,20220314,000000,86.5,86.5,80,80,29248.36,0
ATIP.US,D,20220315,000000,79,83.5,79,83,14259.1,0
ATIP.US,D,20220316,000000,84,86.5,83.5,85.5,22596.66,0
ATIP.US,D,20220317,000000,85,88.5,84.745,87.5,32191.18,0
ATIP.US,D,20220318,000000,86.5,89.5,85,89.5,24001.54,0
ATIP.US,D,20220321,000000,87.5,90.5,86,88,23944.36,0
ATIP.US,D,20220322,000000,88.5,91,88,90,24142.92,0
ATIP.US,D,20220323,000000,91,92.95,87,88,9946.72,0
ATIP.US,D,20220324,000000,88,90,86.4,89.5,6588.14,0
ATIP.US,D,20220325,000000,90,90,87.5,88.5,6711.28,0
ATIP.US,D,20220328,000000,88,90,86.5,88,10459.96,0
ATIP.US,D,20220329,000000,87.5,91,87.5,90,17425.8,0
ATIP.US,D,20220330,000000,89.5,96.5,88,94,34470.2,0
ATIP.US,D,20220331,000000,95.5,97.25,93,94,8148.92,0
ATIP.US,D,20220401,000000,94.5,98.5,93.5,96.5,17553.64,0
ATIP.US,D,20220404,000000,97.5,101.5,95.5,100,25540.6,0
ATIP.US,D,20220405,000000,101.5,101.5,91.5,92.5,25860.54,0
ATIP.US,D,20220406,000000,90.5,91.75,88,91,22472.48,0
ATIP.US,D,20220407,000000,92,92,88.5,90,13203.84,0
ATIP.US,D,20220408,000000,91,91,89,90.5,11101.12,0
ATIP.US,D,20220411,000000,89.5,90.61,88.5,90,11039.42,0
ATIP.US,D,20220412,000000,90,93.5,88.5,91,16506.18,0
ATIP.US,D,20220413,000000,91,93,89.75,92,14044.18,0
ATIP.US,D,20220414,000000,93,94.14,88.5,90.5,13916.94,0
ATIP.US,D,20220418,000000,90,90,85,86,9035.9,0
ATIP.US,D,20220419,000000,86.5,89.5,84.505,88,6485.28,0
ATIP.US,D,20220420,000000,89,91.5,84,84.5,10833,0
ATIP.US,D,20220421,000000,85,85.25,81,82,11162.48,0
ATIP.US,D,20220422,000000,82,82.25,77.5,81,17128.42,0
ATIP.US,D,20220425,000000,79,81.5,77.5,80,15097.6,0
ATIP.US,D,20220426,000000,79.5,79.5,76,76.5,14126.94,0
ATIP.US,D,20220427,000000,75,76.5,73.5,73.5,7830.58,0
ATIP.US,D,20220428,000000,78,82,77,80.5,31709.22,0
ATIP.US,D,20220429,000000,80.5,88,80,84,21817.78,0
ATIP.US,D,20220502,000000,83.5,85.5,81,84.5,11558.34,0
ATIP.US,D,20220503,000000,84,84.5,81,83.5,15662.12,0
ATIP.US,D,20220504,000000,82.5,87.5,79,86,11043.52,0
ATIP.US,D,20220505,000000,86,87.5,82.5,85.5,11031.5,0
ATIP.US,D,20220506,000000,85,85.5,79,80.5,12452.8,0
ATIP.US,D,20220509,000000,81,81,71.5,72.5,19678.22,0
ATIP.US,D,20220510,000000,76,76.25,67,70,23596.28,0
ATIP.US,D,20220511,000000,70.5,71,62.5,66,22584.36,0
ATIP.US,D,20220512,000000,64.5,78,62.5,78,26989.44,0
ATIP.US,D,20220513,000000,78.5,89,78,86.5,18765.86,0
ATIP.US,D,20220516,000000,86,91.5,83,83.5,17589.84,0
ATIP.US,D,20220517,000000,85,87,82.5,84,22507.62,0
ATIP.US,D,20220518,000000,82,87.5,81.05,86,11110.5,0
ATIP.US,D,20220519,000000,85,93.5,84.5,92,10215.54,0
ATIP.US,D,20220520,000000,92,96.5,88.5,94.5,11162.1,0
ATIP.US,D,20220523,000000,92,94.75,89,93,7536.6,0
ATIP.US,D,20220524,000000,91,93.75,89.5,91.5,6826.38,0
ATIP.US,D,20220525,000000,89,93.5,88,93.5,4570.28,0
ATIP.US,D,20220526,000000,94,102.5,92.5,101,11279.04,0
ATIP.US,D,20220527,000000,100.5,100.5,96,97.5,10700,0
ATIP.US,D,20220531,000000,97,99.5,92,95.5,15085.66,0
ATIP.US,D,20220601,000000,97.5,103.5,95.5,101.5,10896.66,0
ATIP.US,D,20220602,000000,101.5,103.25,98.005,101,8536.2,0
ATIP.US,D,20220603,000000,101,104,99,102,9089.68,0
ATIP.US,D,20220606,000000,104,112.5,102.06,112,14279.7,0
ATIP.US,D,20220607,000000,112,113,104.5,109.5,19458.22,0
ATIP.US,D,20220608,000000,110.5,112.75,105,106,9325.52,0
ATIP.US,D,20220609,000000,104,105.25,98.5,99.5,10615.48,0
ATIP.US,D,20220610,000000,99.5,104,98,100,6884.66,0
ATIP.US,D,20220613,000000,95.5,98.5,84.5,85,12592.32,0
ATIP.US,D,20220614,000000,84.5,88.5,82,88.5,6871.94,0
ATIP.US,D,20220615,000000,90.5,96.75,89.5,93,12429.08,0
ATIP.US,D,20220616,000000,91,94.5,89.5,89.5,12998.2,0
ATIP.US,D,20220617,000000,91,95.75,89,92,13882.8,0
ATIP.US,D,20220621,000000,93,97.5,89.5,90,16298.52,0
ATIP.US,D,20220622,000000,88.5,92,86,86.5,16312.54,0
ATIP.US,D,20220623,000000,86,89.5,84.75,89.5,16973.68,0
ATIP.US,D,20220624,000000,88,97.5,87,88,165332.76,0
ATIP.US,D,20220627,000000,88,91,84.5,85.5,16440,0
ATIP.US,D,20220628,000000,86,89,76.5,78,19289.06,0
ATIP.US,D,20220629,000000,77,77,75.5,76,4253,0
ATIP.US,D,20220630,000000,75.5,75.5,67.5,70.5,16805.08,0
ATIP.US,D,20220701,000000,69.5,78,68.55,78,7265.06,0
ATIP.US,D,20220705,000000,77,80.5,73.25,80,6209.68,0
ATIP.US,D,20220706,000000,79,81,77,79.5,5698.02,0
ATIP.US,D,20220707,000000,79.5,85.5,78.5,83.5,9013.34,0
ATIP.US,D,20220708,000000,81.5,84.5,80.5,81.5,3222.02,0
ATIP.US,D,20220711,000000,79.5,80.5,76.5,79,4083.32,0
ATIP.US,D,20220712,000000,79.5,81,74.5,75.5,12219.06,0
ATIP.US,D,20220713,000000,72.5,80,72.5,77,7152.54,0
ATIP.US,D,20220714,000000,77,78.5,70,78,24681.42,0
ATIP.US,D,20220715,000000,78,80,61.46,62.5,35248.36,0
ATIP.US,D,20220718,000000,64,64,61.585,62.5,14077.4,0
ATIP.US,D,20220719,000000,62.5,72.5,60,68.5,26692,0
ATIP.US,D,20220720,000000,68,72.25,64,65.5,19983.26,0
ATIP.US,D,20220721,000000,67.5,67.5,61,64,11934.34,0
ATIP.US,D,20220722,000000,63.5,64.5,59.75,62.5,14393.2,0
ATIP.US,D,20220725,000000,63,64.75,56.5,59.5,27134.7,0
ATIP.US,D,20220726,000000,57.5,58.5,52,55.5,26373.62,0
ATIP.US,D,20220727,000000,55,57,53,55.5,17625.76,0
ATIP.US,D,20220728,000000,56,57.5,54,55.5,17928.56,0
ATIP.US,D,20220729,000000,55.5,56.5,52,52.5,12248.4,0
ATIP.US,D,20220801,000000,53,56.5,50,55,19019.68,0
ATIP.US,D,20220802,000000,55,57,52.5,55.5,18435.48,0
ATIP.US,D,20220803,000000,55,59,54.5,57.5,15929.3,0
ATIP.US,D,20220804,000000,58,60.5,53,56.5,16388.1,0
ATIP.US,D,20220805,000000,56.5,60.5,55,56.5,22507.42,0
ATIP.US,D,20220808,000000,56.5,61.5,54,58.5,62496.46,0
ATIP.US,D,20220809,000000,54,56.5,45.58,52.5,85757.44,0
ATIP.US,D,20220810,000000,52.5,53.505,47.61,49.29,42988.74,0
ATIP.US,D,20220811,000000,49.495,50,46.5,47.765,25892.54,0
ATIP.US,D,20220812,000000,48.495,48.835,46.5,47.585,16346.24,0
ATIP.US,D,20220815,000000,47.6,49.245,46.41,47.425,16865.36,0
ATIP.US,D,20220816,000000,47.05,51.5,47,50,24830.18,0
ATIP.US,D,20220817,000000,49,49.995,47.125,47.565,18856.02,0
ATIP.US,D,20220818,000000,47.75,48.62,46.355,46.865,13572.6,0
ATIP.US,D,20220819,000000,46.135,46.57,45.5,45.55,10670.62,0
ATIP.US,D,20220822,000000,45.265,46.88,42.85,43.355,17942.8,0
ATIP.US,D,20220823,000000,42.74,47.1,42.74,46.305,13031.84,0
ATIP.US,D,20220824,000000,45,49.955,44.56,47.865,16996.68,0
ATIP.US,D,20220825,000000,47.705,51,47.5,49.625,7997.78,0
ATIP.US,D,20220826,000000,49.22,50.5,46,46.305,6845.52,0
ATIP.US,D,20220829,000000,45.695,48.215,45,45.5,5986.48,0
ATIP.US,D,20220830,000000,45.5,47.245,44.82,44.96,4414.46,0
ATIP.US,D,20220831,000000,45.495,47.25,44.5,45,5708,0
ATIP.US,D,20220901,000000,45.265,46,43.05,44.71,8397.74,0
ATIP.US,D,20220902,000000,45.995,47.435,45.005,46.775,5790.02,0
ATIP.US,D,20220906,000000,47.995,49.445,46.8,48.195,13372.58,0
ATIP.US,D,20220907,000000,46.1,53.5,45.5,52.5,25154.92,0
ATIP.US,D,20220908,000000,53,59,50,57.5,15834.06,0
ATIP.US,D,20220909,000000,57,58.5,53.75,58,7980.36,0
ATIP.US,D,20220912,000000,57.5,59,55,58,8528.6,0
ATIP.US,D,20220913,000000,54.5,58,54.5,57,5460.8,0
ATIP.US,D,20220914,000000,56,59,54,58.5,6156.38,0
ATIP.US,D,20220915,000000,57.5,62,57.5,60.5,9072.56,0
ATIP.US,D,20220916,000000,61,61,57.5,57.5,10669.68,0
ATIP.US,D,20220919,000000,57,57,52.5,55.5,8857.58,0
ATIP.US,D,20220920,000000,55.5,56,53,55,13188.44,0
ATIP.US,D,20220921,000000,55,56,54,55,10065.8,0
ATIP.US,D,20220922,000000,53.5,56,52.585,53.5,8802.42,0
ATIP.US,D,20220923,000000,53.5,55.25,50,50.5,7943.72,0
ATIP.US,D,20220926,000000,49.685,53,47.5,47.98,5618.34,0
ATIP.US,D,20220927,000000,48.555,52.5,47.985,51,9637.6,0
ATIP.US,D,20220928,000000,50,55.25,50,53,8246.62,0
ATIP.US,D,20220929,000000,53.5,54,51,52,2798.98,0
ATIP.US,D,20220930,000000,51,52.25,50,50,6780.9,0
ATIP.US,D,20221003,000000,50.5,52.5,48.005,50.5,8879.92,0
ATIP.US,D,20221004,000000,50.5,53,50,51,5363.92,0
ATIP.US,D,20221005,000000,50,52,49.13,50.5,4228.24,0
ATIP.US,D,20221006,000000,50,52,49,51,9900.46,0
ATIP.US,D,20221007,000000,49.5,54.5,49.5,52.5,10749.22,0
ATIP.US,D,20221010,000000,52.5,53.5,50.5,51.5,1478.7,0
ATIP.US,D,20221011,000000,51.5,51.5,46.87,51,5926.2,0
ATIP.US,D,20221012,000000,51,55.5,51,52,12781.88,0
ATIP.US,D,20221013,000000,51.5,53,50,50.5,15393.66,0
ATIP.US,D,20221014,000000,51,54.5,49.5,50.5,15111.12,0
ATIP.US,D,20221017,000000,53,53.5,51,52,23838.22,0
ATIP.US,D,20221018,000000,53,59,52.5,53.5,29614.66,0
ATIP.US,D,20221019,000000,52,55.25,48.395,50.5,8925.56,0
ATIP.US,D,20221020,000000,50.5,53.5,46.5,47.27,5028.02,0
ATIP.US,D,20221021,000000,49.5,49.5,45.5,48.505,8267.24,0
ATIP.US,D,20221024,000000,49.97,49.97,45.75,46.68,5469.86,0
ATIP.US,D,20221025,000000,46.5,52,46.5,50.5,7533.12,0
ATIP.US,D,20221026,000000,51,53.355,51,51.5,13038.16,0
ATIP.US,D,20221027,000000,49.5,51.5,46.635,51,7492.68,0
ATIP.US,D,20221028,000000,50.5,53,48.88,51.5,7970.06,0
ATIP.US,D,20221031,000000,52.5,57.5,52,54.5,8916.68,0
ATIP.US,D,20221101,000000,54.5,59,53.79,58.5,11152.12,0
ATIP.US,D,20221102,000000,57.5,58.75,56,57.5,3033.36,0
ATIP.US,D,20221103,000000,56,57.5,54,54,3857.66,0
ATIP.US,D,20221104,000000,54.5,55.5,53.005,53.5,1798.1,0
ATIP.US,D,20221107,000000,53.5,56,53,56,4703.8,0
ATIP.US,D,20221108,000000,52.5,52.5,29.0725,33.62,66206.12,0
ATIP.US,D,20221109,000000,34.5,37.45,31.505,32.995,19059.52,0
ATIP.US,D,20221110,000000,31,34.215,31,33.5,27758.44,0
ATIP.US,D,20221111,000000,33.5,35.765,33.5,34.43,9806.78,0
ATIP.US,D,20221114,000000,34.5,34.5,31,31.08,12266.14,0
ATIP.US,D,20221115,000000,32.63,33.665,28.455,29.015,15406.68,0
ATIP.US,D,20221116,000000,29,29.5,26.465,28.5,13182.62,0
ATIP.US,D,20221117,000000,28.635,29.5,25.65,27.025,9130.16,0
ATIP.US,D,20221118,000000,27.97,28,23.91,26.26,41733.22,0
ATIP.US,D,20221121,000000,25.595,28.5,25,26.05,11778.8,0
ATIP.US,D,20221122,000000,26.725,27.375,25,26.71,7133.36,0
ATIP.US,D,20221123,000000,26.36,27.495,24.505,25.26,7600.4,0
ATIP.US,D,20221125,000000,25.92,26,24.055,25.275,7144.48,0
ATIP.US,D,20221128,000000,25.165,25.5075,21.505,23.76,13060.5,0
ATIP.US,D,20221129,000000,24,24.705,20.84,21.15,23627.98,0
ATIP.US,D,20221130,000000,21.115,22.17,18.56,19.805,28645.2,0
ATIP.US,D,20221201,000000,20.73,21.83,19.005,19.32,15645.02,0
ATIP.US,D,20221202,000000,19.855,20.5,18,19.02,11995.84,0
ATIP.US,D,20221205,000000,20.095,20.095,16.5,17.12,21717.06,0
ATIP.US,D,20221206,000000,17,17.5,16.5,16.5,8440.58,0
ATIP.US,D,20221207,000000,17.405,17.405,15,15.295,14720.18,0
ATIP.US,D,20221208,000000,16.275,16.47,15,15.71,8429.32,0
ATIP.US,D,20221209,000000,15,16.75,15,16.365,6852.3,0
ATIP.US,D,20221212,000000,17.495,17.495,15.275,16.19,8179.6,0
ATIP.US,D,20221213,000000,16.415,17.44,16.085,16.865,7647.22,0
ATIP.US,D,20221214,000000,16.655,22.2,16.655,19,18000.58,0
ATIP.US,D,20221215,000000,19,19,17.155,17.46,6132.5,0
ATIP.US,D,20221216,000000,17.245,18.33,15.25,15.255,22526.06,0
ATIP.US,D,20221219,000000,17.5,17.9099,15,15.01,10145.84,0
ATIP.US,D,20221220,000000,14.78,15.755,14.495,14.64,11170.68,0
ATIP.US,D,20221221,000000,14,14.68,13.95,14.005,11372.48,0
ATIP.US,D,20221222,000000,14,14.705,12.5,13.005,11220.24,0
ATIP.US,D,20221223,000000,13.5,14,12.5,12.505,12800.72,0
ATIP.US,D,20221227,000000,12.5,15.005,11.2,15,25050.82,0
ATIP.US,D,20221228,000000,15.195,15.5,14,14.005,9279.46,0
ATIP.US,D,20221229,000000,13.565,15.505,12.575,14.47,22375.4,0
ATIP.US,D,20221230,000000,14.035,15.9,13.9888,15.25,13694.84,0
ATIP.US,D,20230103,000000,15,15.5,14.09,14.77,8342.02,0
ATIP.US,D,20230104,000000,14.875,15.73,14.505,15.71,7250.14,0
ATIP.US,D,20230105,000000,15.75,16.665,14.05,14.28,9312.78,0
ATIP.US,D,20230106,000000,14.5,15.705,14.5,15.495,12395,0
ATIP.US,D,20230109,000000,15.15,16.49,15.15,15.865,5438.42,0
ATIP.US,D,20230110,000000,16.895,17,14.835,15.86,14872.82,0
ATIP.US,D,20230111,000000,16,16.41,14.925,16.05,16568.44,0
ATIP.US,D,20230112,000000,16,17.275,15.09,16.685,9970.72,0
ATIP.US,D,20230113,000000,17.52,24,17.515,21.355,46582.3,0
ATIP.US,D,20230117,000000,21.445,23.5,20.5,23.215,9950.26,0
ATIP.US,D,20230118,000000,23.805,23.805,20.695,22.855,11706.26,0
ATIP.US,D,20230119,000000,22.995,22.995,21.5025,22.78,4555.32,0
ATIP.US,D,20230120,000000,24.5,24.5,19,20.205,7056.2,0
ATIP.US,D,20230123,000000,21.22,22.075,21.215,21.845,4655.28,0
ATIP.US,D,20230124,000000,21.895,22.165,21.5,21.75,2903.7,0
ATIP.US,D,20230125,000000,22.605,24.5,21.515,24,10022.64,0
ATIP.US,D,20230126,000000,24.01,24.145,22.945,23.835,2566.64,0
ATIP.US,D,20230127,000000,23.67,23.76,22,22.81,5246.04,0
ATIP.US,D,20230130,000000,22.5,23.25,20.71,20.71,3811.38,0
ATIP.US,D,20230131,000000,22.495,22.5,20.75,22,7825.06,0
ATIP.US,D,20230201,000000,23.455,23.455,21.21,21.66,4351.62,0
ATIP.US,D,20230202,000000,23.25,25,21.6475,22.03,11353.54,0
ATIP.US,D,20230203,000000,21.58,22.245,21.22,21.375,9462.3,0
ATIP.US,D,20230206,000000,21.5,22,21,21.2,4046.9,0
ATIP.US,D,20230207,000000,21,21.5,19.605,20.215,5688.54,0
ATIP.US,D,20230208,000000,20,21.495,20,20.585,3027.3,0
ATIP.US,D,20230209,000000,20.89,20.995,19.5,19.64,8256.06,0
ATIP.US,D,20230210,000000,19.245,20.95,19.08,19.215,3542.82,0
ATIP.US,D,20230213,000000,21,21,18.44,18.8,7440.16,0
ATIP.US,D,20230214,000000,19.495,20.565,19.495,19.645,3644,0
ATIP.US,D,20230215,000000,19.81,20.4099,19.085,19.89,3845.1,0
ATIP.US,D,20230216,000000,20.995,21,20.33,20.635,5397.1,0
ATIP.US,D,20230217,000000,20.995,21,20.405,20.67,4704.5,0
ATIP.US,D,20230221,000000,18.75,20.51,18.52,19.75,7799.7,0
ATIP.US,D,20230222,000000,19.01,20.5,18.005,18.91,5331.46,0
ATIP.US,D,20230223,000000,18.54,20.76,16.665,17.54,12171.94,0
ATIP.US,D,20230224,000000,17.015,17.5,15.71,16.255,7343.56,0
ATIP.US,D,20230227,000000,16.745,17.9375,16.745,17.335,4960.62,0
ATIP.US,D,20230228,000000,18.375,18.375,17.135,17.395,3687.62,0
ATIP.US,D,20230301,000000,17.655,17.925,16.51,17.54,5076.48,0
ATIP.US,D,20230302,000000,17.975,18.18,16.5,16.97,4907.32,0
ATIP.US,D,20230303,000000,17.37,17.95,16.505,17.37,2899.2,0
ATIP.US,D,20230306,000000,17.955,17.955,16.55,16.9,6942.68,0
ATIP.US,D,20230307,000000,17.46,17.46,16.105,16.12,2599.78,0
ATIP.US,D,20230308,000000,16.5,17,15.81,16.695,4997.58,0
ATIP.US,D,20230309,000000,16.91,16.91,15.26,15.335,7487.64,0
ATIP.US,D,20230310,000000,15,16.045,13.35,15.055,9480.16,0
ATIP.US,D,20230313,000000,15.5,16.35,14,14.5,4170.9,0
ATIP.US,D,20230314,000000,16.75,16.75,13.9,13.9,2996.68,0
ATIP.US,D,20230315,000000,15.27,15.27,13.25,13.52,4864.82,0
ATIP.US,D,20230316,000000,15.005,15.5,14.195,15.5,9115.86,0
ATIP.US,D,20230317,000000,15,20.28,15,20.28,35431.16,0
ATIP.US,D,20230320,000000,19,19.3,17.84,18.35,5772.36,0
ATIP.US,D,20230321,000000,20.135,20.135,16.5,18.225,7681.46,0
ATIP.US,D,20230322,000000,18,18.1825,17.075,17.08,2707.5,0
ATIP.US,D,20230323,000000,17.79,18.3431,15.56,15.995,5850.06,0
ATIP.US,D,20230324,000000,15.515,16.3,14.76,15.195,8374.24,0
ATIP.US,D,20230327,000000,15.425,15.5,14.785,14.98,4997.58,0
ATIP.US,D,20230328,000000,14.5,15.2175,13.4048,13.515,6983.98,0
ATIP.US,D,20230329,000000,14.61,14.785,13.53,13.56,4961.08,0
ATIP.US,D,20230330,000000,14.23,14.36,12.5,13.225,8986.94,0
ATIP.US,D,20230331,000000,13.1,13.49,12.5,12.71,10748.7,0
ATIP.US,D,20230403,000000,13.32,13.465,12.5,13.19,9886.58,0
ATIP.US,D,20230404,000000,13.46,13.46,13,13.31,4616.24,0
ATIP.US,D,20230405,000000,13.33,13.4,12.55,12.83,3047.48,0
ATIP.US,D,20230406,000000,12,12.25,11.555,12.12,15380.54,0
ATIP.US,D,20230410,000000,12,12.5,11.525,11.735,5220.56,0
ATIP.US,D,20230411,000000,12,12.45,11.585,12.125,5097.5,0
ATIP.US,D,20230412,000000,12.24,12.5,11.905,12.34,2436.4,0
ATIP.US,D,20230413,000000,12.89,13.95,12.115,13.695,3588.24,0
ATIP.US,D,20230414,000000,14,14.49,13.655,14.445,6629.66,0
ATIP.US,D,20230417,000000,14.5,14.5,13.605,13.95,4244.56,0
ATIP.US,D,20230418,000000,12.65,13.65,12.65,13.425,4172.18,0
ATIP.US,D,20230419,000000,13.78,14.005,13.3025,14.005,3158.48,0
ATIP.US,D,20230420,000000,14.045,14.24,13.5,14.24,2855.16,0
ATIP.US,D,20230421,000000,13.67,14.82,13.5,13.5,8804.9,0
ATIP.US,D,20230424,000000,13.5,14.09,12.6,13.165,3599.96,0
ATIP.US,D,20230425,000000,13.165,13.995,13,13.745,3080.8,0
ATIP.US,D,20230426,000000,13.75,14.5,13.5,13.815,4252.06,0
ATIP.US,D,20230427,000000,13.43,14,13.43,14,3620.8,0
ATIP.US,D,20230428,000000,14,14,13.25,13.57,4870.1,0
ATIP.US,D,20230501,000000,13.75,13.925,13.29,13.455,3737.56,0
ATIP.US,D,20230502,000000,13.5,13.9,13.03,13.2,3996.32,0
ATIP.US,D,20230503,000000,13,13.75,13,13.4,5597.62,0
ATIP.US,D,20230504,000000,13.25,13.695,12.75,12.965,5091.9,0
ATIP.US,D,20230505,000000,13.4,13.4,12.35,12.5,13202.82,0
ATIP.US,D,20230508,000000,13.05,13.95,12.25,13.2,17890.7,0
ATIP.US,D,20230509,000000,13.5,13.5,11.5,12.7,19643.94,0
ATIP.US,D,20230510,000000,12.7,13.45,11.815,12.5,8809.54,0
ATIP.US,D,20230511,000000,13.12,13.12,11.94,12.16,4228.4,0
ATIP.US,D,20230512,000000,12.25,12.45,11.5,11.95,12262.98,0
ATIP.US,D,20230515,000000,11.725,12.345,11.5,11.92,9675.18,0
ATIP.US,D,20230516,000000,12.22,12.25,11.515,11.775,2596.34,0
ATIP.US,D,20230517,000000,11.5,11.58,10.51,11.225,16212.14,0
ATIP.US,D,20230518,000000,11,11.545,10.505,11.045,12573.76,0
ATIP.US,D,20230519,000000,11.23,11.255,10.5,10.51,10805.82,0
ATIP.US,D,20230522,000000,10.5,10.895,9.8,9.955,11806.06,0
ATIP.US,D,20230523,000000,10.015,10.64,9.5,9.91,9646.9,0
ATIP.US,D,20230524,000000,9.635,10.45,9.6,10.22,6250.26,0
ATIP.US,D,20230525,000000,10.5,10.75,9.6,9.63,7935.38,0
ATIP.US,D,20230526,000000,9.815,9.995,8.5,8.66,13513.9,0
ATIP.US,D,20230530,000000,10,10,8.685,8.745,10725.34,0
ATIP.US,D,20230531,000000,8.895,8.975,8.5,8.79,8315.38,0
ATIP.US,D,20230601,000000,8.95,8.95,8.045,8.115,11007.02,0
ATIP.US,D,20230602,000000,8.355,8.355,8,8.295,13410.18,0
ATIP.US,D,20230605,000000,8,8.675,7.55,7.89,18023.08,0
ATIP.US,D,20230606,000000,8.195,8.38,7.585,7.69,17742.12,0
ATIP.US,D,20230607,000000,7.9,8.745,7.63,8,24132.6,0
ATIP.US,D,20230608,000000,7.76,8.6,7.76,8.29,18375.66,0
ATIP.US,D,20230609,000000,8.415,9.08,8.1,8.96,13267.26,0
ATIP.US,D,20230612,000000,9.21,9.4,8.19,8.5,17893.62,0
ATIP.US,D,20230613,000000,8.75,8.75,8.5,8.6,9250.32,0
ATIP.US,D,20230614,000000,8.5,14.5,7.75,9.96,260222.04,0
ATIP.US,D,20230615,000000,8.6002,10.95,8.6,10.21,166884,0
ATIP.US,D,20230616,000000,9.77,10.661,8.51,10.53,103667,0
ATIP.US,D,20230620,000000,9.62,13.481,9.62,12.61,321991,0
ATIP.US,D,20230621,000000,12.06,12.16,11.2,11.97,63423,0
ATIP.US,D,20230622,000000,12.25,12.43,11.56,12.06,34382,0
ATIP.US,D,20230623,000000,11.97,11.97,10.44,11.13,195112,0
ATIP.US,D,20230626,000000,10.9,11.3,10.5,10.5,14706,0
ATIP.US,D,20230627,000000,10.53,10.62,9.52,9.56,20539,0
ATIP.US,D,20230628,000000,9.5,11.4732,9.16,10.36,173519,0
ATIP.US,D,20230629,000000,9.97,10.14,8.26,8.26,131827,0
ATIP.US,D,20230630,000000,8.24,9.48,7.86,9.15,78311,0
ATIP.US,D,20230703,000000,9.16,9.8,9.16,9.53,14255,0
ATIP.US,D,20230705,000000,9.32,9.427,8.44,8.62,27968,0
ATIP.US,D,20230706,000000,8.62,8.62,8.3,8.38,13642,0
ATIP.US,D,20230707,000000,8.35,8.75,8.13,8.46,50046,0
ATIP.US,D,20230710,000000,8.49,8.5693,8.41,8.41,6959,0
ATIP.US,D,20230711,000000,8.4,8.56,7.86,8.01,67849,0
ATIP.US,D,20230712,000000,7.99,8.22,7.43,7.79,75939,0
ATIP.US,D,20230713,000000,7.59,8.28,7.59,8.19,39219,0
ATIP.US,D,20230714,000000,8.36,8.4,8.075,8.28,19978,0
ATIP.US,D,20230717,000000,8.22,8.32,8.1,8.32,9384,0
ATIP.US,D,20230718,000000,8.26,8.26,7.71,7.89,20933,0
ATIP.US,D,20230719,000000,7.88,8.1,7.705,7.8,22356,0
ATIP.US,D,20230720,000000,7.84,8.04,7.6,7.71,18964,0
ATIP.US,D,20230721,000000,7.64,7.7599,7.32,7.58,30648,0
ATIP.US,D,20230724,000000,7.6,7.78,7.32,7.44,25409,0
ATIP.US,D,20230725,000000,7.32,7.52,7.01,7.01,20992,0
ATIP.US,D,20230726,000000,7.02,7.2727,6.54,6.67,28166,0
ATIP.US,D,20230727,000000,6.8,7.03,6,6.61,71360,0
ATIP.US,D,20230728,000000,6.52,6.7699,6.52,6.67,8125,0
ATIP.US,D,20230731,000000,6.74,6.75,6.49,6.54,12821,0
ATIP.US,D,20230801,000000,6.53,6.698,6.5,6.66,4125,0
ATIP.US,D,20230802,000000,6.58,6.84,6.3539,6.83,19896,0
ATIP.US,D,20230803,000000,6.96,7.1,6.72,7.1,13136,0
ATIP.US,D,20230804,000000,6.9984,7.55,6.98,7.49,15560,0
ATIP.US,D,20230807,000000,7.38,8.317,7.22,7.92,33286,0
ATIP.US,D,20230808,000000,8.38,8.38,7.52,7.64,29264,0
ATIP.US,D,20230809,000000,7.5484,7.95,7.52,7.69,17953,0
ATIP.US,D,20230810,000000,7.58,8.42,7.58,8.38,12990,0
ATIP.US,D,20230811,000000,8.31,8.6,8.02,8.49,16334,0
ATIP.US,D,20230814,000000,8.62,8.87,8.45,8.64,14756,0
ATIP.US,D,20230815,000000,8.75,8.75,8.2684,8.41,6857,0
ATIP.US,D,20230816,000000,8.32,8.4,7.8769,7.98,8012,0
ATIP.US,D,20230817,000000,8.24,8.24,7.7,7.79,9225,0
ATIP.US,D,20230818,000000,7.91,7.9918,7.64,7.73,11939,0
ATIP.US,D,20230821,000000,7.62,7.62,7.31,7.43,11208,0
ATIP.US,D,20230822,000000,7.3,7.33,6.9,7.02,12227,0
ATIP.US,D,20230823,000000,6.97,7.4499,6.9164,7.4,6374,0
ATIP.US,D,20230824,000000,7.38,7.52,6.87,7.12,12340,0
ATIP.US,D,20230825,000000,7.01,7.23,6.8044,6.93,7639,0
ATIP.US,D,20230828,000000,6.93,7.36,6.93,7.31,7170,0
ATIP.US,D,20230829,000000,7.27,8.54,7.27,8.35,29158,0
ATIP.US,D,20230830,000000,8.68,9.4,8.16,9.18,39562,0
ATIP.US,D,20230831,000000,9.01,9.25,8.81,9.02,5539,0
ATIP.US,D,20230901,000000,9.135,9.29,9.135,9.17,1928,0
ATIP.US,D,20230905,000000,9.08,9.1896,8.89,9.09,2448,0
ATIP.US,D,20230906,000000,8.92,8.92,8.675,8.7,3185,0
ATIP.US,D,20230907,000000,8.49,8.49,8.1901,8.1901,1956,0
ATIP.US,D,20230908,000000,8.3,8.54,8.125,8.19,3310,0
ATIP.US,D,20230911,000000,8.3,8.32,8.25,8.32,1293,0
ATIP.US,D,20230912,000000,8.37,9.125,8.37,8.62,4724,0
ATIP.US,D,20230913,000000,8.72,8.93,8.59,8.93,2784,0
ATIP.US,D,20230914,000000,8.66,8.99,8.66,8.89,1706,0
ATIP.US,D,20230915,000000,8.89,8.91,8.89,8.91,1036,0
ATIP.US,D,20230918,000000,8.2463,8.69,8.2463,8.69,1976,0
ATIP.US,D,20230919,000000,8.69,9.14,8.69,9.138,9212,0
ATIP.US,D,20230920,000000,9.15,9.24,8.91,9.1063,5393,0
ATIP.US,D,20230921,000000,9,9.1,8.68,8.97,6608,0
ATIP.US,D,20230922,000000,8.89,9.1477,8.78,8.8,2912,0
ATIP.US,D,20230925,000000,8.79,9.21,8.79,9,2378,0
ATIP.US,D,20230926,000000,8.96,8.96,8.76,8.76,3951,0
ATIP.US,D,20230927,000000,8.79,9.1391,8.6344,8.75,4674,0
ATIP.US,D,20230928,000000,8.75,8.76,8.31,8.32,3330,0
ATIP.US,D,20230929,000000,8.42,8.86,8.42,8.86,5969,0
ATIP.US,D,20231002,000000,8.89,9.02,8.455,8.554,5331,0
ATIP.US,D,20231003,000000,8.67,8.805,8.4001,8.72,3530,0
ATIP.US,D,20231004,000000,8.68,8.8973,8.54,8.7,3744,0
ATIP.US,D,20231005,000000,8.6001,8.6001,8.31,8.33,3187,0
ATIP.US,D,20231006,000000,8.25,8.43,8.25,8.43,632,0
ATIP.US,D,20231009,000000,8.43,8.43,8.22,8.25,1678,0
ATIP.US,D,20231010,000000,8.31,8.31,7.75,8.0499,5006,0
ATIP.US,D,20231011,000000,7.99,8.02,7.99,8,2493,0
ATIP.US,D,20231012,000000,8.09,8.09,7.5034,7.6,3956,0
ATIP.US,D,20231013,000000,7.72,7.88,7.45,7.45,5019,0
ATIP.US,D,20231016,000000,7.67,7.7371,7.6,7.6,2631,0
ATIP.US,D,20231017,000000,7.57,7.61,7.5,7.5,2984,0
ATIP.US,D,20231018,000000,7.38,7.5,7.35,7.35,3814,0
ATIP.US,D,20231019,000000,7.52,7.52,7.28,7.28,4071,0
ATIP.US,D,20231020,000000,7.22,7.5,7.041,7.47,4040,0
ATIP.US,D,20231023,000000,7.33,7.52,7.0138,7.52,2976,0
ATIP.US,D,20231024,000000,7.57,7.5999,7.21,7.21,3212,0
ATIP.US,D,20231025,000000,7.2,7.5799,7.2,7.205,4370,0
ATIP.US,D,20231026,000000,7.28,7.4,7.21,7.23,2373,0
ATIP.US,D,20231027,000000,7.29,7.32,7.23,7.32,1058,0
ATIP.US,D,20231030,000000,7.33,7.33,7.2556,7.33,5585,0
ATIP.US,D,20231031,000000,7.4,7.4,7.35,7.35,1765,0
ATIP.US,D,20231101,000000,7.39,7.4,6.98,6.98,2058,0
ATIP.US,D,20231102,000000,7.44,7.44,7.33,7.33,1408,0
ATIP.US,D,20231103,000000,7.52,7.7299,7.52,7.7299,3792,0
ATIP.US,D,20231106,000000,7.64,7.89,7.6274,7.85,3511,0
ATIP.US,D,20231107,000000,8.24,8.48,7.98,8.0899,6272,0
ATIP.US,D,20231108,000000,7.52,8.48,6.77,7.72,30805,0
ATIP.US,D,20231109,000000,8.47,8.47,7.7,7.9042,3017,0
ATIP.US,D,20231110,000000,7.74,7.75,7.21,7.45,3314,0
ATIP.US,D,20231113,000000,7.36,7.655,7.36,7.48,1266,0
ATIP.US,D,20231114,000000,7.34,7.5,7.34,7.5,970,0
ATIP.US,D,20231115,000000,7.53,8.0319,7.26,7.5,6539,0
ATIP.US,D,20231116,000000,7.15,7.15,6.6,6.6,7737,0
ATIP.US,D,20231117,000000,6.82,7.78,6.82,7.15,8247,0
ATIP.US,D,20231120,000000,7.28,7.28,7.28,7.28,554,0
ATIP.US,D,20231121,000000,7.21,7.66,7.21,7.55,2682,0
ATIP.US,D,20231122,000000,7.51,7.51,7.3525,7.4,1016,0
ATIP.US,D,20231127,000000,7.864,7.9285,6.98,7.13,1787,0
ATIP.US,D,20231128,000000,7.08,7.11,6.7,6.7001,3243,0
ATIP.US,D,20231129,000000,7.35,7.35,6.54,6.54,8436,0
ATIP.US,D,20231130,000000,6.5,6.695,6.45,6.66,5701,0
ATIP.US,D,20231201,000000,6.56,7.19,6.56,7.19,2121,0
ATIP.US,D,20231204,000000,7.15,7.225,6.76,7.04,4951,0
ATIP.US,D,20231205,000000,6.785,7.03,6.785,6.99,10502,0
ATIP.US,D,20231206,000000,7.28,7.5,7.19,7.2,5678,0
ATIP.US,D,20231207,000000,7.09,7.09,7.09,7.09,819,0
ATIP.US,D,20231211,000000,7.2,7.2,7.2,7.2,684,0
ATIP.US,D,20231212,000000,7.2,7.2,6.91,6.95,2269,0
ATIP.US,D,20231213,000000,6.81,6.93,6.72,6.72,1954,0
ATIP.US,D,20231214,000000,6.98,7.0501,6.73,7,7837,0
ATIP.US,D,20231215,000000,7.01,7.01,6.54,6.79,14857,0
ATIP.US,D,20231218,000000,6.86,6.86,6.64,6.64,2065,0
ATIP.US,D,20231219,000000,6.75,6.75,6.52,6.6,3842,0
ATIP.US,D,20231220,000000,6.5,6.97,6.29,6.29,3180,0
ATIP.US,D,20231221,000000,6.35,6.3501,6.35,6.35,1428,0
ATIP.US,D,20231222,000000,6.29,6.7099,6.29,6.51,3165,0
ATIP.US,D,20231226,000000,6.45,6.4601,6.3,6.36,2667,0
ATIP.US,D,20231227,000000,6.33,6.5,6.17,6.38,19751,0
ATIP.US,D,20231228,000000,6.31,6.69,6.18,6.415,9650,0
ATIP.US,D,20231229,000000,6.26,6.346,6.1,6.14,5743,0
ATIP.US,D,20240102,000000,6.19,6.4899,6.0018,6.28,3330,0
ATIP.US,D,20240103,000000,6.33,6.36,5.7786,6.0858,9566,0
ATIP.US,D,20240104,000000,6.02,6.295,5.9,6.1447,4569,0
ATIP.US,D,20240105,000000,6.215,6.4999,6.21,6.23,1749,0
ATIP.US,D,20240108,000000,6.6299,6.6299,6.48,6.49,3184,0
ATIP.US,D,20240109,000000,6.41,6.5977,6.325,6.57,3712,0
ATIP.US,D,20240110,000000,6.59,6.61,6.5899,6.59,3469,0
ATIP.US,D,20240111,000000,6.61,6.61,6.1629,6.32,1864,0
ATIP.US,D,20240112,000000,6.39,6.39,6.2753,6.2753,853,0
ATIP.US,D,20240116,000000,6.41,6.5,6.22,6.34,1568,0
ATIP.US,D,20240117,000000,6.435,6.4394,6.27,6.4394,1124,0
ATIP.US,D,20240118,000000,6.43,6.43,6.125,6.1692,5919,0
ATIP.US,D,20240119,000000,6.11,6.285,6.0358,6.285,2643,0
ATIP.US,D,20240122,000000,6.18,6.35,6.101,6.3199,2767,0
ATIP.US,D,20240123,000000,6.26,6.47,6.25,6.47,1617,0
ATIP.US,D,20240124,000000,6.38,6.45,6.35,6.45,2241,0
ATIP.US,D,20240125,000000,6.4999,6.5,6.3659,6.5,2429,0
ATIP.US,D,20240126,000000,6.51,6.51,6.44,6.45,2672,0
ATIP.US,D,20240129,000000,6.35,6.5499,6.35,6.45,1750,0
ATIP.US,D,20240130,000000,6.51,6.51,6.4,6.4,1577,0
ATIP.US,D,20240131,000000,6.39,6.49,6.05,6.17,9188,0
ATIP.US,D,20240201,000000,6.15,6.3625,6.1,6.13,2353,0
ATIP.US,D,20240202,000000,6.16,6.25,6.05,6.1902,4644,0
ATIP.US,D,20240205,000000,6.13,6.407,6.1002,6.12,1098,0
ATIP.US,D,20240206,000000,6.07,6.25,6.07,6.14,3460,0
ATIP.US,D,20240207,000000,6.09,6.9199,6.09,6.35,8788,0
ATIP.US,D,20240208,000000,6.32,6.6,6.27,6.28,11259,0
ATIP.US,D,20240209,000000,6.6,6.69,6.43,6.61,3157,0
ATIP.US,D,20240212,000000,6.63,7.23,6.63,6.94,6958,0
ATIP.US,D,20240213,000000,6.96,7.16,6.507,7.16,1399,0
ATIP.US,D,20240214,000000,7.11,7.35,6.8367,7.3,23256,0
ATIP.US,D,20240215,000000,7.45,7.45,7.3109,7.32,2854,0
ATIP.US,D,20240216,000000,7.41,7.74,6.59,7,27660,0
ATIP.US,D,20240220,000000,7.11,7.435,6.745,7.02,9974,0
ATIP.US,D,20240221,000000,7.02,7.06,6.42,6.9,9730,0
ATIP.US,D,20240222,000000,6.9932,6.9932,6.62,6.81,4450,0
ATIP.US,D,20240223,000000,6.72,6.72,6.4811,6.59,1407,0
ATIP.US,D,20240226,000000,6.65,7.48,6.5001,7.48,21317,0
ATIP.US,D,20240227,000000,7.7,7.7,6.7715,7.11,14195,0
ATIP.US,D,20240228,000000,6.98,7.1,6.98,7.1,866,0
ATIP.US,D,20240229,000000,7.2,7.6,6.85,7.11,4211,0
ATIP.US,D,20240301,000000,7.03,7.11,6.8001,6.9,2132,0
ATIP.US,D,20240304,000000,6.8,6.99,6.355,6.95,5929,0
ATIP.US,D,20240305,000000,6.33,6.9499,6.33,6.6001,3546,0
ATIP.US,D,20240306,000000,6.49,6.93,6.49,6.93,3041,0
ATIP.US,D,20240307,000000,6.98,6.98,6.6,6.78,3195,0
ATIP.US,D,20240308,000000,6.69,7.0999,6.66,6.66,2518,0
ATIP.US,D,20240311,000000,6.52,6.6,6.4,6.4,6751,0
ATIP.US,D,20240312,000000,6.565,6.565,6.24,6.24,1707,0
ATIP.US,D,20240313,000000,6.29,6.6599,6.16,6.29,3616,0
ATIP.US,D,20240314,000000,6.37,6.4999,6.06,6.24,4903,0
ATIP.US,D,20240315,000000,6.25,6.41,6.1,6.41,4234,0
ATIP.US,D,20240318,000000,6.27,6.27,6.18,6.27,949,0
ATIP.US,D,20240319,000000,6.39,6.39,6.1,6.14,1262,0
ATIP.US,D,20240320,000000,6.07,6.15,6.07,6.15,925,0
ATIP.US,D,20240321,000000,6.14,6.15,5.85,5.9,6232,0
ATIP.US,D,20240322,000000,5.89,6.08,5.31,6.08,10073,0
ATIP.US,D,20240325,000000,5.81,6.3,5.81,6.3,2439,0
ATIP.US,D,20240326,000000,6.28,6.28,5.81,5.9488,1841,0
ATIP.US,D,20240327,000000,6,6,5.7998,5.8,6730,0
ATIP.US,D,20240328,000000,5.75,6.29,5.18,5.58,15660,0
ATIP.US,D,20240401,000000,5.64,5.64,5.64,5.64,419,0
ATIP.US,D,20240402,000000,5.53,5.83,5.53,5.7,949,0
ATIP.US,D,20240403,000000,5.51,5.64,5.5,5.64,6557,0
ATIP.US,D,20240404,000000,5.6,5.75,5.3,5.4,7955,0
ATIP.US,D,20240405,000000,5.31,5.32,5.15,5.15,3790,0
ATIP.US,D,20240408,000000,5.12,5.12,4.7152,4.82,9116,0
ATIP.US,D,20240409,000000,4.86,5,4.66,4.7,7904,0
ATIP.US,D,20240410,000000,4.5,4.5,4.45,4.4991,1345,0
ATIP.US,D,20240411,000000,4.5,4.5,4,4.13,16352,0
ATIP.US,D,20240412,000000,4.1,4.92,4.02,4.1,28535,0
ATIP.US,D,20240415,000000,4.1,4.21,4.05,4.21,2372,0
ATIP.US,D,20240416,000000,4.09,4.3143,4.012,4.2907,3120,0
ATIP.US,D,20240417,000000,4.22,4.4941,4.1,4.17,8809,0
ATIP.US,D,20240418,000000,4.01,4.21,4.01,4.1,2127,0
ATIP.US,D,20240419,000000,4.16,4.191,4.02,4.03,2954,0
ATIP.US,D,20240422,000000,4.16,4.27,4.0101,4.0684,4346,0
ATIP.US,D,20240423,000000,4.07,4.1888,4.03,4.0501,3743,0
ATIP.US,D,20240424,000000,4.1,4.1,4.0601,4.0601,977,0
ATIP.US,D,20240425,000000,4.05,4.19,4.05,4.18,1069,0
ATIP.US,D,20240426,000000,4.23,4.31,4.22,4.27,2017,0
ATIP.US,D,20240429,000000,4.4699,4.4699,4.05,4.1672,3555,0
ATIP.US,D,20240430,000000,4.22,4.22,4.165,4.165,518,0
ATIP.US,D,20240501,000000,4.22,4.3115,4.22,4.265,1220,0
ATIP.US,D,20240502,000000,4.3,4.5,4.3,4.4701,3839,0
ATIP.US,D,20240503,000000,4.6299,4.6299,4.48,4.6299,971,0
ATIP.US,D,20240506,000000,4.63,5.02,4.62,5,11269,0
ATIP.US,D,20240507,000000,4.85,4.85,4.33,4.65,11624,0
ATIP.US,D,20240508,000000,4.65,5.0199,4.5511,4.83,1917,0
ATIP.US,D,20240509,000000,4.75,4.89,4.63,4.79,1336,0
ATIP.US,D,20240510,000000,4.81,4.95,4.5599,4.95,8065,0
ATIP.US,D,20240513,000000,4.93,5.27,4.93,5.0845,2017,0
ATIP.US,D,20240514,000000,5.06,5.1,4.6501,5.1,5831,0
ATIP.US,D,20240515,000000,5.0368,5.21,4.72,4.9,12000,0
ATIP.US,D,20240516,000000,4.78,4.9999,4.78,4.99,1145,0
ATIP.US,D,20240517,000000,5,5.02,4.8,4.9999,9179,0
ATIP.US,D,20240520,000000,5,5,4.9003,4.9003,872,0
ATIP.US,D,20240521,000000,4.88,4.88,4.8001,4.88,712,0
ATIP.US,D,20240522,000000,4.89,4.89,4.89,4.89,415,0
ATIP.US,D,20240523,000000,4.93,4.93,4.8,4.9007,2263,0
ATIP.US,D,20240524,000000,4.81,4.8101,4.81,4.8101,672,0
ATIP.US,D,20240528,000000,4.8,4.8,4.8,4.8,847,0
ATIP.US,D,20240530,000000,4.62,4.825,4.62,4.825,915,0
ATIP.US,D,20240531,000000,4.82,4.82,4.66,4.76,650,0
ATIP.US,D,20240603,000000,4.8,4.8,4.8,4.8,526,0
ATIP.US,D,20240604,000000,4.77,4.77,4.77,4.77,226,0
ATIP.US,D,20240605,000000,4.75,4.75,4.54,4.56,6255,0
ATIP.US,D,20240606,000000,4.56,4.56,3.95,4,11942,0
ATIP.US,D,20240607,000000,4,4.27,3.92,3.945,6589,0
ATIP.US,D,20240610,000000,3.93,4.09,3.93,4.09,993,0
ATIP.US,D,20240611,000000,4.01,4.25,3.93,4.25,1741,0
ATIP.US,D,20240612,000000,4.28,4.3994,4.17,4.3499,2637,0
ATIP.US,D,20240613,000000,4.4,4.48,4.4,4.48,1884,0
ATIP.US,D,20240614,000000,4.42,4.45,4.1921,4.1921,1515,0
ATIP.US,D,20240617,000000,4.17,4.7912,3.9398,4.41,18222,0
ATIP.US,D,20240618,000000,4.0271,4.3477,4.0271,4.25,1366,0
ATIP.US,D,20240620,000000,4.17,5.05,4.17,4.95,10082,0
ATIP.US,D,20240621,000000,5.14,5.14,4.69,5.08,9171,0
ATIP.US,D,20240624,000000,5.05,5.05,4.71,4.7165,2475,0
ATIP.US,D,20240625,000000,4.79,4.9,4.79,4.9,523,0
ATIP.US,D,20240626,000000,4.5001,4.6,4.5001,4.58,1554,0
ATIP.US,D,20240628,000000,4.52,4.8899,4.4686,4.4686,1486,0
ATIP.US,D,20240701,000000,4.45,4.58,4.45,4.58,1048,0
ATIP.US,D,20240702,000000,4.52,4.89,4.52,4.89,2500,0
ATIP.US,D,20240703,000000,4.87,5.15,4.8,5.15,5222,0
ATIP.US,D,20240705,000000,5.14,5.14,4.8,5,4276,0
ATIP.US,D,20240708,000000,4.7176,5.25,4.7176,5.19,2909,0
ATIP.US,D,20240709,000000,5.11,5.89,5.05,5.69,13158,0
ATIP.US,D,20240710,000000,5.74,6,5.3702,5.872,11999,0
ATIP.US,D,20240711,000000,5.8,5.8,5.62,5.62,933,0
ATIP.US,D,20240712,000000,5.74,5.75,5.4292,5.75,2241,0
ATIP.US,D,20240715,000000,5.74,6,5.72,6,3915,0
ATIP.US,D,20240716,000000,6.01,6.15,5.785,6.15,2125,0
ATIP.US,D,20240717,000000,5.9,5.9,5.5514,5.8664,2012,0
ATIP.US,D,20240718,000000,5.8903,6,5.75,6,1443,0
ATIP.US,D,20240719,000000,5.86,5.89,5.7106,5.89,1258,0
ATIP.US,D,20240722,000000,5.92,5.92,5.7759,5.85,2060,0
ATIP.US,D,20240723,000000,5.8,6.29,5.62,6.13,8300,0
ATIP.US,D,20240724,000000,6.22,6.274,5.76,6.2,3545,0
ATIP.US,D,20240725,000000,5.98,6.15,5.98,6.15,2139,0
ATIP.US,D,20240726,000000,6.1,6.29,5.7349,6.035,2097,0
ATIP.US,D,20240729,000000,6.01,6.34,5.9301,6.19,4609,0
ATIP.US,D,20240730,000000,6.34,6.35,6.3267,6.3267,4460,0
ATIP.US,D,20240731,000000,6.27,6.35,6.03,6.35,3784,0
ATIP.US,D,20240801,000000,6.22,6.22,6,6.21,5986,0
ATIP.US,D,20240802,000000,6.05,6.58,6.05,6.55,5738,0
ATIP.US,D,20240805,000000,6.0383,6.51,6.0383,6.4398,12356,0
ATIP.US,D,20240806,000000,6.59,6.59,6.0701,6.0701,1710,0
ATIP.US,D,20240807,000000,5.99,6.22,5.99,6.1401,5422,0
ATIP.US,D,20240808,000000,6.08,6.39,6.08,6.24,1306,0
ATIP.US,D,20240809,000000,6.18,6.3826,6.18,6.3,1997,0
ATIP.US,D,20240812,000000,6.24,6.49,6.05,6.09,8948,0
ATIP.US,D,20240813,000000,6.12,6.46,6.025,6.17,15127,0
ATIP.US,D,20240815,000000,6.1,6.1,5.71,6,6962,0
ATIP.US,D,20240816,000000,6.08,6.08,5.8,5.8,918,0
ATIP.US,D,20240819,000000,5.6,6.29,5.6,6.0898,15510,0
ATIP.US,D,20240820,000000,6.09,6.1,5.94,5.94,2621,0
ATIP.US,D,20240821,000000,5.9,5.905,5.65,5.905,974,0
ATIP.US,D,20240822,000000,5.78,6,5.66,5.9,7578,0
ATIP.US,D,20240823,000000,5.97,5.97,5.602,5.9391,1299,0
ATIP.US,D,20240826,000000,5.9988,6.12,5.97,6.12,5908,0
ATIP.US,D,20240827,000000,6.02,6.02,6.02,6.02,300,0
ATIP.US,D,20240828,000000,6.05,6.06,6.0189,6.06,933,0
ATIP.US,D,20240829,000000,6,6.225,5.99,6.1,1696,0
ATIP.US,D,20240830,000000,6.06,6.2484,5.925,6.06,2760,0
ATIP.US,D,20240903,000000,6.06,6.15,5.7,6,10704,0
ATIP.US,D,20240904,000000,5.7158,6.03,5.6502,6,4944,0
ATIP.US,D,20240905,000000,6,6.2,5.75,6,14183,0
ATIP.US,D,20240906,000000,6,6.225,5.8212,5.95,6552,0
ATIP.US,D,20240909,000000,5.87,6.28,5.7,5.9,14816,0
ATIP.US,D,20240910,000000,5.83,6.0217,5.71,5.88,14373,0
ATIP.US,D,20240911,000000,5.73,6,5.63,5.78,7152,0
ATIP.US,D,20240912,000000,5.69,6,5.69,5.85,7596,0
ATIP.US,D,20240913,000000,5.76,6,5.67,5.91,6003,0
ATIP.US,D,20240916,000000,5.86,5.951,5.72,5.741,3005,0
ATIP.US,D,20240917,000000,5.73,5.89,5.61,5.8,8629,0
ATIP.US,D,20240918,000000,5.73,5.8746,5.6,5.6,5956,0
ATIP.US,D,20240919,000000,5.764,5.7798,5.58,5.675,3823,0
ATIP.US,D,20240920,000000,5.675,5.9107,5.66,5.91,4000,0
ATIP.US,D,20240923,000000,5.73,6.06,5.65,5.88,14015,0
ATIP.US,D,20240924,000000,5.82,6.1,5.6501,5.89,7998,0
ATIP.US,D,20240925,000000,6.015,6.18,5.73,5.73,15198,0
ATIP.US,D,20240926,000000,5.75,6.125,5.735,6.11,15247,0
ATIP.US,D,20240927,000000,6,6.2,6,6.1,1839,0
ATIP.US,D,20240930,000000,5.86,6.1,5.8599,6.1,4867,0
ATIP.US,D,20241001,000000,6.01,6.0777,5.6878,5.88,1940,0
ATIP.US,D,20241002,000000,5.7846,6.11,5.7846,6.11,1078,0
ATIP.US,D,20241003,000000,6.11,6.11,5.965275,6.11,2508,0
ATIP.US,D,20241004,000000,5.85,6.1114,5.8201,5.96,8794,0
ATIP.US,D,20241007,000000,5.89,6,5.72,5.98,8406,0
ATIP.US,D,20241008,000000,5.979,6.09,5.66,5.92,25157,0
ATIP.US,D,20241009,000000,5.85,6.0501,5.8,5.8,3055,0
ATIP.US,D,20241010,000000,5.79,5.8,5.775,5.8,1075,0
ATIP.US,D,20241011,000000,5.75,5.78,5.74,5.74,1862,0
ATIP.US,D,20241014,000000,5.68,5.8626,5.68,5.83,783,0
ATIP.US,D,20241015,000000,5.8,5.9,5.66,5.7,7678,0
ATIP.US,D,20241016,000000,5.67,6.46,5.67,5.9,24373,0
ATIP.US,D,20241017,000000,6.05,6.37,5.76,6.24,8014,0
ATIP.US,D,20241018,000000,6.2,6.2,6.05,6.05,1732,0
ATIP.US,D,20241021,000000,6,6.09,5.9,6.0699,5394,0
ATIP.US,D,20241022,000000,5.8,6.1499,5.7077,5.97,9971,0
ATIP.US,D,20241023,000000,5.93,6.2,5.7501,5.95,28766,0
ATIP.US,D,20241024,000000,5.87,6.3,5.77,5.83,118203,0
ATIP.US,D,20241025,000000,5.82,6.09,5.75,5.89,7960,0
ATIP.US,D,20241028,000000,5.82,5.9,5.75,5.89,1517,0
ATIP.US,D,20241029,000000,5.79,5.9999,5.44,5.84507,25400,0
ATIP.US,D,20241030,000000,5.98,6.0319,5.4027,5.69,32166,0
ATIP.US,D,20241031,000000,5.65,5.695,5.08,5.38,7147,0
ATIP.US,D,20241101,000000,5.29,5.69,5.29,5.5,5335,0
ATIP.US,D,20241104,000000,5.21,5.7532,5.08,5.15,107280,0
ATIP.US,D,20241105,000000,5.1,5.1,2.519,3.085469,257300,0
ATIP.US,D,20241106,000000,3.21,3.21,2.79,3.05,95687,0
ATIP.US,D,20241107,000000,3.11,3.32,2.62,2.99,76538,0
ATIP.US,D,20241108,000000,3,3.221462,2.53,2.6,59854,0
ATIP.US,D,20241111,000000,2.74,2.77,2.45,2.5,52181,0
ATIP.US,D,20241112,000000,2.5,2.5,2.26,2.45,45206,0
ATIP.US,D,20241113,000000,2.45,2.5,2.18,2.27,43482,0
ATIP.US,D,20241114,000000,2.22,2.2889,2.08,2.13,22179,0
ATIP.US,D,20241115,000000,2.1269,2.1697,1.91,2.03,76569,0
ATIP.US,D,20241118,000000,2.01,2.0347,1.89,1.89,15548,0
ATIP.US,D,20241119,000000,1.8255,1.88,1.66,1.72,61974,0
ATIP.US,D,20241120,000000,1.73,1.73,1.54,1.59,39059,0
ATIP.US,D,20241121,000000,1.62,1.63,1.465,1.51,78328,0
ATIP.US,D,20241122,000000,1.47,2.21,1.457,1.82,488039,0
ATIP.US,D,20241125,000000,1.98,2,1.7,1.76,118687,0
ATIP.US,D,20241126,000000,1.8,1.91,1.58,1.71,90541,0
ATIP.US,D,20241127,000000,1.62,1.71,1.6001,1.67,46284,0
ATIP.US,D,20241129,000000,1.68,1.68,1.5,1.53,37603,0
ATIP.US,D,20241202,000000,1.56,1.93,1.5,1.68,376711,0
ATIP.US,D,20241203,000000,1.77,2.5,1.68,1.79,3667191,0
