<TICKER>,<PER>,<DATE>,<TIME>,<OPEN>,<HIGH>,<LOW>,<CLOSE>,<VOL>,<OPENINT>
BEGS.US,D,20250210,000000,25.29,25.44,25.174,25.3151,9116,0
BEGS.US,D,20250211,000000,25.11,25.28,24.5615,24.5615,5911,0
BEGS.US,D,20250212,000000,24.605,25.37,24.14,25.1956,975,0
BEGS.US,D,20250213,000000,24.9384,25.1695,24.9384,25.1695,1114,0
BEGS.US,D,20250214,000000,25.46,25.46,25.2399,25.266,995,0
BEGS.US,D,20250218,000000,25.053,25.09,24.7,24.7528,2413,0
BEGS.US,D,20250219,000000,25.41,25.41,25.35,25.4007,71452,0
BEGS.US,D,20250220,000000,25.96,25.96,25.6295,25.9338,1565,0
BEGS.US,D,20250221,000000,26.17,26.17,25.32,25.41,3143,0
