<TICKER>,<PER>,<DATE>,<TIME>,<OPEN>,<HIGH>,<LOW>,<CLOSE>,<VOL>,<OPENINT>
BFACF.US,D,20220208,000000,9.8499,9.8499,9.8499,9.8499,515,0
BFACF.US,D,20220209,000000,9.93,9.93,9.7538,9.86,3122,0
BFACF.US,D,20220210,000000,9.8599,9.89,9.7998,9.8,115572,0
BFACF.US,D,20220211,000000,9.81,9.87,9.81,9.8247,18318,0
BFACF.US,D,20220214,000000,9.87,9.87,9.8,9.84,1560,0
BFACF.US,D,20220215,000000,9.84,9.84,9.84,9.84,625,0
BFACF.US,D,20220216,000000,9.84,9.84,9.82,9.83,68138,0
BFACF.US,D,20220217,000000,9.8301,9.89,9.82,9.88,30101,0
BFACF.US,D,20220218,000000,9.89,9.89,9.8,9.86,10764,0
BFACF.US,D,20220222,000000,9.86,9.86,9.86,9.86,114,0
BFACF.US,D,20220223,000000,9.85,9.85,9.81,9.815,1699,0
BFACF.US,D,20220224,000000,9.76,9.83,9.76,9.83,12474,0
BFACF.US,D,20220225,000000,9.85,9.85,9.81,9.81,5818,0
BFACF.US,D,20220228,000000,9.84,9.84,9.84,9.84,275,0
BFACF.US,D,20220301,000000,9.86,9.86,9.85,9.85,2839,0
BFACF.US,D,20220302,000000,9.84,9.86,9.84,9.85,107047,0
BFACF.US,D,20220303,000000,9.85,9.88,9.85,9.87,93207,0
BFACF.US,D,20220304,000000,9.89,9.89,9.89,9.89,230,0
BFACF.US,D,20220307,000000,9.89,9.89,9.88,9.88,2899,0
BFACF.US,D,20220308,000000,9.89,9.89,9.85,9.88,4202,0
BFACF.US,D,20220309,000000,9.89,9.89,9.8899,9.8899,5619,0
BFACF.US,D,20220310,000000,9.89,9.89,9.88,9.89,5268,0
BFACF.US,D,20220311,000000,9.89,9.89,9.87,9.89,175524,0
BFACF.US,D,20220314,000000,9.93,9.93,9.88,9.91,300365,0
BFACF.US,D,20220315,000000,9.865,9.91,9.865,9.9,2738,0
BFACF.US,D,20220316,000000,9.9,9.9,9.845,9.89,35007,0
BFACF.US,D,20220317,000000,9.92,9.92,9.895,9.895,1266,0
BFACF.US,D,20220318,000000,9.9,9.9,9.9,9.9,1089,0
BFACF.US,D,20220321,000000,9.92,9.92,9.89,9.91,9992,0
BFACF.US,D,20220322,000000,9.8,9.91,9.8,9.9,5616,0
BFACF.US,D,20220323,000000,10,10,9.9,9.9,10220,0
BFACF.US,D,20220324,000000,9.96,10.01,9.91,9.915,713993,0
BFACF.US,D,20220325,000000,9.87,9.92,9.87,9.915,25247,0
BFACF.US,D,20220328,000000,10.01,10.01,9.9,9.92,25957,0
BFACF.US,D,20220329,000000,10.01,10.01,9.89,9.89,25903,0
BFACF.US,D,20220330,000000,9.91,9.91,9.88,9.91,118143,0
BFACF.US,D,20220331,000000,9.93,9.93,9.88,9.905,22773,0
BFACF.US,D,20220401,000000,9.91,9.91,9.91,9.91,155,0
BFACF.US,D,20220404,000000,9.91,9.91,9.91,9.91,161,0
BFACF.US,D,20220405,000000,9.93,9.93,9.91,9.91,6203,0
BFACF.US,D,20220406,000000,9.92,9.92,9.9,9.91,5564,0
BFACF.US,D,20220407,000000,9.88,9.92,9.88,9.92,1415,0
BFACF.US,D,20220408,000000,9.94,9.94,9.91,9.91,60419,0
BFACF.US,D,20220411,000000,9.94,9.94,9.93,9.93,17774,0
BFACF.US,D,20220412,000000,9.93,9.94,9.909,9.9399,11931,0
BFACF.US,D,20220413,000000,9.93,9.94,9.929,9.93,51310,0
BFACF.US,D,20220414,000000,9.93,9.95,9.926,9.95,17428,0
BFACF.US,D,20220418,000000,9.96,9.96,9.92,9.96,15711,0
BFACF.US,D,20220419,000000,9.97,9.97,9.93,9.95,68783,0
BFACF.US,D,20220421,000000,9.95,9.95,9.92,9.95,2673,0
BFACF.US,D,20220422,000000,9.95,9.95,9.94,9.94,5231,0
BFACF.US,D,20220425,000000,9.94,9.94,9.94,9.94,200014,0
BFACF.US,D,20220426,000000,9.98,9.98,9.92,9.92,2091,0
BFACF.US,D,20220427,000000,9.92,9.93,9.915,9.93,4380,0
BFACF.US,D,20220428,000000,9.98,9.98,9.94,9.94,2322,0
BFACF.US,D,20220429,000000,9.92,10.175,9.91,9.91,6073,0
BFACF.US,D,20220502,000000,9.93,9.94,9.92,9.94,257260,0
BFACF.US,D,20220503,000000,9.97,9.97,9.95,9.95,302329,0
BFACF.US,D,20220504,000000,9.94,9.94,9.94,9.94,727,0
BFACF.US,D,20220505,000000,9.98,9.98,9.9385,9.95,6606,0
BFACF.US,D,20220506,000000,9.99,9.99,9.93,9.93,109462,0
BFACF.US,D,20220509,000000,9.92,9.94,9.92,9.93,3508,0
BFACF.US,D,20220510,000000,9.96,9.96,9.9,9.9,30481,0
BFACF.US,D,20220511,000000,9.8999,9.91,9.89,9.89,16448,0
BFACF.US,D,20220512,000000,9.88,9.89,9.88,9.89,370685,0
BFACF.US,D,20220513,000000,9.96,9.96,9.89,9.89,42841,0
BFACF.US,D,20220516,000000,9.87,9.8899,9.87,9.87,69005,0
BFACF.US,D,20220519,000000,9.89,9.9137,9.89,9.89,3466,0
BFACF.US,D,20220520,000000,9.95,9.95,9.89,9.89,102612,0
BFACF.US,D,20220523,000000,9.95,9.95,9.88,9.89,3862,0
BFACF.US,D,20220524,000000,9.95,9.95,9.87,9.87,3539,0
BFACF.US,D,20220525,000000,9.87,9.9082,9.87,9.89,111942,0
BFACF.US,D,20220526,000000,9.895,9.895,9.89,9.89,1010032,0
BFACF.US,D,20220527,000000,9.94,9.94,9.9,9.9,119627,0
BFACF.US,D,20220531,000000,9.87,9.89,9.87,9.89,5798,0
BFACF.US,D,20220601,000000,9.89,9.94,9.89,9.9,223101,0
BFACF.US,D,20220606,000000,9.95,9.95,9.9,9.92,1286183,0
BFACF.US,D,20220607,000000,9.92,9.9245,9.9,9.9245,87072,0
BFACF.US,D,20220608,000000,9.92,9.945,9.92,9.92,3705,0
BFACF.US,D,20220609,000000,9.93,9.95,9.93,9.9345,21104,0
BFACF.US,D,20220610,000000,9.9327,9.9327,9.92,9.92,11115,0
BFACF.US,D,20220613,000000,9.93,9.93,9.92,9.92,12285,0
BFACF.US,D,20220614,000000,9.92,9.93,9.92,9.93,220,0
BFACF.US,D,20220615,000000,9.97,9.97,9.97,9.97,124,0
BFACF.US,D,20220616,000000,9.92,9.93,9.92,9.92,3354,0
BFACF.US,D,20220621,000000,9.96,9.96,9.91,9.92,910,0
BFACF.US,D,20220622,000000,9.9,9.91,9.9,9.91,8339,0
BFACF.US,D,20220623,000000,9.91,9.92,9.9,9.92,18677,0
BFACF.US,D,20220627,000000,10.155,10.41,9.9,9.91,2615,0
BFACF.US,D,20220628,000000,9.91,10.0413,9.91,9.91,2706,0
BFACF.US,D,20220629,000000,9.9101,10.1327,9.91,9.91,2727,0
BFACF.US,D,20220630,000000,9.925,9.94,9.91,9.94,25688,0
BFACF.US,D,20220701,000000,9.91,9.91,9.91,9.91,211,0
BFACF.US,D,20220706,000000,9.91,9.94,9.91,9.93,244204,0
BFACF.US,D,20220707,000000,9.91,9.94,9.91,9.93,3579,0
BFACF.US,D,20220708,000000,9.94,9.94,9.94,9.94,723,0
BFACF.US,D,20220711,000000,9.95,9.95,9.93,9.93,1708,0
BFACF.US,D,20220712,000000,9.9301,10.175,9.93,9.93,5345,0
BFACF.US,D,20220713,000000,9.93,9.93,9.93,9.93,125,0
BFACF.US,D,20220714,000000,9.93,9.93,9.92,9.93,35364,0
BFACF.US,D,20220715,000000,9.93,9.93,9.925,9.93,1406,0
BFACF.US,D,20220718,000000,9.96,9.96,9.93,9.93,553,0
BFACF.US,D,20220719,000000,9.93,9.9364,9.93,9.93,465,0
BFACF.US,D,20220720,000000,9.93,9.935,9.92,9.935,6400,0
BFACF.US,D,20220721,000000,9.935,9.935,9.935,9.935,201,0
BFACF.US,D,20220722,000000,9.935,9.95,9.935,9.95,5223,0
BFACF.US,D,20220725,000000,10.01,10.01,9.97,9.985,975,0
BFACF.US,D,20220726,000000,9.95,9.97,9.95,9.965,250335,0
BFACF.US,D,20220727,000000,9.93,9.95,9.93,9.95,375,0
BFACF.US,D,20220728,000000,9.97,9.97,9.93,9.93,1216,0
BFACF.US,D,20220729,000000,9.95,9.97,9.93,9.93,353800,0
BFACF.US,D,20220801,000000,9.94,9.96,9.94,9.96,2497,0
BFACF.US,D,20220802,000000,9.97,9.98,9.95,9.96,11716,0
BFACF.US,D,20220803,000000,9.97,9.97,9.97,9.97,5414,0
BFACF.US,D,20220804,000000,9.95,9.95,9.95,9.95,345001,0
BFACF.US,D,20220805,000000,9.94,9.99,9.94,9.99,10648,0
BFACF.US,D,20220808,000000,9.96,9.96,9.96,9.96,196,0
BFACF.US,D,20220809,000000,9.96,9.98,9.96,9.96,29912,0
BFACF.US,D,20220810,000000,10,10,9.975,9.98,37704,0
BFACF.US,D,20220811,000000,10,10,9.975,9.98,3547,0
BFACF.US,D,20220812,000000,9.94,9.94,9.94,9.94,103,0
BFACF.US,D,20220815,000000,9.94,9.9921,9.94,9.98,18602,0
BFACF.US,D,20220816,000000,9.98,9.98,9.98,9.98,130,0
BFACF.US,D,20220817,000000,9.95,10,9.95,9.98,350325,0
BFACF.US,D,20220818,000000,10.01,10.01,10.01,10.01,106,0
BFACF.US,D,20220819,000000,10.01,10.01,9.98,10.01,414512,0
BFACF.US,D,20220822,000000,10,10,10,10,847,0
BFACF.US,D,20220823,000000,9.98,9.98,9.98,9.98,363,0
BFACF.US,D,20220824,000000,9.94,9.99,9.94,9.99,624,0
BFACF.US,D,20220825,000000,9.98,9.99,9.98,9.99,1945,0
BFACF.US,D,20220826,000000,9.99,9.99,9.99,9.99,1784,0
BFACF.US,D,20220829,000000,10.03,10.03,9.99,9.99,497,0
BFACF.US,D,20220830,000000,9.99,10,9.99,10,56135,0
BFACF.US,D,20220831,000000,10,10.01,9.98,10.01,22936,0
BFACF.US,D,20220901,000000,10.02,10.02,10.01,10.01,5142,0
BFACF.US,D,20220902,000000,10.02,10.02,10.01,10.02,42721,0
BFACF.US,D,20220906,000000,10.01,10.02,10.01,10.02,17460,0
BFACF.US,D,20220907,000000,10.03,10.04,10.03,10.04,148054,0
BFACF.US,D,20220908,000000,10.03,10.05,10.03,10.04,212133,0
BFACF.US,D,20220909,000000,10.06,10.06,10.06,10.06,211,0
BFACF.US,D,20220912,000000,10.06,10.06,10.01,10.03,3542,0
BFACF.US,D,20220913,000000,10.02,10.04,10.02,10.035,197866,0
BFACF.US,D,20220914,000000,10.05,10.05,10.04,10.045,15083,0
BFACF.US,D,20220915,000000,10.05,10.05,10.04,10.05,73376,0
BFACF.US,D,20220916,000000,10.04,10.05,10.04,10.05,22765,0
BFACF.US,D,20220919,000000,10.02,10.05,10.02,10.04,1265339,0
BFACF.US,D,20220920,000000,10.03,10.06,10.03,10.06,12916,0
BFACF.US,D,20220921,000000,10.07,10.07,10.045,10.045,1038,0
BFACF.US,D,20220922,000000,10.02,10.06,10.02,10.06,138412,0
BFACF.US,D,20220923,000000,10.0736,10.0736,10.05,10.05,150513,0
BFACF.US,D,20220926,000000,10.08,10.08,10.05,10.05,521,0
BFACF.US,D,20220927,000000,10.05,10.0501,10.05,10.05,2134,0
BFACF.US,D,20220928,000000,10.09,10.09,10.05,10.07,112898,0
BFACF.US,D,20220929,000000,10.09,10.1,10.06,10.06,457427,0
BFACF.US,D,20220930,000000,10.07,10.0887,10.07,10.0887,628,0
BFACF.US,D,20221003,000000,10.09,10.09,10.09,10.09,2662,0
BFACF.US,D,20221004,000000,10.09,10.09,10.07,10.07,212,0
BFACF.US,D,20221005,000000,10,10.055,10,10,333,0
BFACF.US,D,20221006,000000,10.08,10.08,10.08,10.08,25053,0
BFACF.US,D,20221010,000000,10.08,10.08,10.08,10.08,13677,0
BFACF.US,D,20221011,000000,10.06,10.09,10.06,10.09,12891,0
BFACF.US,D,20221012,000000,10.11,10.11,10.06,10.105,190469,0
BFACF.US,D,20221013,000000,10.02,10.11,10.02,10.11,53496,0
BFACF.US,D,20221014,000000,10.1,10.1,10.1,10.1,638,0
BFACF.US,D,20221017,000000,10.07,10.1,10.07,10.1,707491,0
BFACF.US,D,20221018,000000,10.1,10.1,10.1,10.1,1182,0
BFACF.US,D,20221019,000000,10.07,10.07,10.07,10.07,200,0
BFACF.US,D,20221020,000000,10.07,10.1023,10.07,10.1023,417842,0
BFACF.US,D,20221021,000000,10.11,10.11,10.08,10.08,14559,0
BFACF.US,D,20221024,000000,10.11,10.11,10.11,10.11,125,0
BFACF.US,D,20221025,000000,10.11,10.11,10.11,10.11,122,0
BFACF.US,D,20221026,000000,10.09,10.11,10.08,10.08,9374,0
BFACF.US,D,20221027,000000,10.11,10.11,10.08,10.08,308,0
BFACF.US,D,20221028,000000,10.109,10.109,10.1,10.1,10057,0
BFACF.US,D,20221031,000000,10.15,10.15,10.1,10.1,24226,0
BFACF.US,D,20221101,000000,10.1,10.115,10.1,10.115,27697,0
BFACF.US,D,20221102,000000,10.11,10.12,10.11,10.12,565,0
BFACF.US,D,20221103,000000,10.11,10.1201,10.11,10.12,20962,0
BFACF.US,D,20221104,000000,10.12,10.12,10.12,10.12,3109,0
BFACF.US,D,20221107,000000,10.12,10.1201,10.12,10.12,101258,0
BFACF.US,D,20221108,000000,10.12,10.13,10.12,10.12,123165,0
BFACF.US,D,20221109,000000,10.13,10.14,10.13,10.14,232147,0
BFACF.US,D,20221110,000000,10.135,10.135,10.13,10.13,26509,0
BFACF.US,D,20221111,000000,10.13,10.13,10.13,10.13,110,0
BFACF.US,D,20221114,000000,10.14,10.15,10.14,10.14,44333,0
BFACF.US,D,20221115,000000,10.1402,10.1499,10.1402,10.1499,844,0
BFACF.US,D,20221116,000000,10.16,10.16,10.14,10.15,9155,0
BFACF.US,D,20221117,000000,10.15,10.15,10.15,10.15,297,0
BFACF.US,D,20221118,000000,10.16,10.16,10.16,10.16,196,0
BFACF.US,D,20221121,000000,10.17,10.17,10.16,10.16,464,0
BFACF.US,D,20221122,000000,10.165,10.165,10.165,10.165,218,0
BFACF.US,D,20221123,000000,10.16,10.17,10.16,10.17,23556,0
BFACF.US,D,20221125,000000,10.18,10.18,10.18,10.18,807,0
BFACF.US,D,20221129,000000,10.17,10.18,10.17,10.18,204,0
BFACF.US,D,20221130,000000,10.19,10.19,10.19,10.19,159,0
BFACF.US,D,20221201,000000,10.17,10.18,10.17,10.17,2819,0
BFACF.US,D,20221202,000000,10.18,10.19,10.18,10.19,14171,0
BFACF.US,D,20221205,000000,10.22,10.22,10.19,10.19,1210,0
BFACF.US,D,20221206,000000,10.23,10.23,10.19,10.19,1220463,0
BFACF.US,D,20221207,000000,10.23,10.23,10.23,10.23,115,0
BFACF.US,D,20221208,000000,10.2,10.21,10.2,10.21,6074,0
BFACF.US,D,20221209,000000,10.2,10.2,10.2,10.2,137,0
BFACF.US,D,20221212,000000,10.2,10.21,10.2,10.21,50506,0
BFACF.US,D,20221213,000000,10.2,10.23,10.2,10.2136,6245,0
BFACF.US,D,20221214,000000,10.21,10.22,10.21,10.22,753,0
BFACF.US,D,20221216,000000,10.21,10.22,10.21,10.22,564,0
BFACF.US,D,20221219,000000,10.21,10.22,10.21,10.22,577,0
BFACF.US,D,20221220,000000,10.22,10.23,10.22,10.22,11015,0
BFACF.US,D,20221221,000000,10.25,10.27,10.24,10.24,102038,0
BFACF.US,D,20221222,000000,10.22,10.2825,10.22,10.28,8262,0
BFACF.US,D,20221229,000000,10.28,10.28,10.28,10.28,17644,0
BFACF.US,D,20221230,000000,10.28,10.2801,10.27,10.27,55171,0
BFACF.US,D,20230103,000000,10.255,10.265,10.255,10.26,20374,0
BFACF.US,D,20230104,000000,10.26,10.26,10.26,10.26,5228,0
BFACF.US,D,20230105,000000,10.29,10.29,10.29,10.29,1174543,0
BFACF.US,D,20230106,000000,10.34,10.34,10.275,10.275,7066,0
BFACF.US,D,20230109,000000,10.3,10.3,10.29,10.29,314,0
BFACF.US,D,20230110,000000,10.29,10.29,10.29,10.29,408,0
BFACF.US,D,20230111,000000,10.32,10.32,10.29,10.29,1358,0
BFACF.US,D,20230112,000000,10.32,10.32,10.27,10.27,20978,0
BFACF.US,D,20230113,000000,10.29,10.29,10.29,10.29,29827,0
BFACF.US,D,20230117,000000,10.36,10.36,10.31,10.31,5053,0
BFACF.US,D,20230118,000000,10.29,10.31,10.29,10.31,322,0
BFACF.US,D,20230119,000000,10.31,10.31,10.31,10.31,740,0
BFACF.US,D,20230120,000000,10.32,10.32,10.3,10.31,3354,0
BFACF.US,D,20230123,000000,10.3,10.31,10.3,10.31,26560,0
BFACF.US,D,20230124,000000,10.31,10.31,10.31,10.31,709,0
BFACF.US,D,20230125,000000,10.3,10.31,10.3,10.31,7826,0
BFACF.US,D,20230126,000000,10.31,10.32,10.31,10.31,116357,0
BFACF.US,D,20230127,000000,10.31,10.32,10.31,10.32,876,0
BFACF.US,D,20230130,000000,10.3,10.33,10.3,10.325,129432,0
BFACF.US,D,20230131,000000,10.31,10.3284,10.31,10.3284,448,0
BFACF.US,D,20230201,000000,10.32,10.34,10.32,10.34,226574,0
BFACF.US,D,20230202,000000,10.33,10.34,10.33,10.3372,14227,0
BFACF.US,D,20230203,000000,10.33,10.33,10.33,10.33,121,0
BFACF.US,D,20230206,000000,10.36,10.36,10.33,10.33,510187,0
BFACF.US,D,20230207,000000,10.35,10.36,10.345,10.345,1751,0
BFACF.US,D,20230208,000000,10.35,10.35,10.34,10.34,450,0
BFACF.US,D,20230209,000000,10.35,10.35,10.33,10.34,534,0
BFACF.US,D,20230210,000000,10.34,10.345,10.34,10.3413,651,0
BFACF.US,D,20230213,000000,10.34,10.365,10.34,10.36,469591,0
BFACF.US,D,20230214,000000,10.37,10.37,10.34,10.34,2080,0
BFACF.US,D,20230215,000000,10.37,10.37,10.35,10.36,5905,0
BFACF.US,D,20230216,000000,10.37,10.37,10.36,10.36,1896,0
BFACF.US,D,20230217,000000,10.37,10.37,10.36,10.36,7370,0
BFACF.US,D,20230221,000000,10.38,10.38,10.365,10.37,1600,0
BFACF.US,D,20230222,000000,10.38,10.38,10.36,10.38,968401,0
BFACF.US,D,20230223,000000,10.38,10.38,10.38,10.38,27228,0
BFACF.US,D,20230224,000000,10.38,10.39,10.38,10.39,5297,0
BFACF.US,D,20230227,000000,10.38,10.385,10.38,10.385,6280,0
BFACF.US,D,20230228,000000,10.38,10.405,10.38,10.385,654041,0
BFACF.US,D,20230301,000000,10.38,10.4,10.35,10.35,32008,0
BFACF.US,D,20230302,000000,10.4,10.4,10.385,10.385,15228,0
BFACF.US,D,20230303,000000,10.42,10.42,10.39,10.4,896,0
BFACF.US,D,20230306,000000,10.4,10.4,10.39,10.39,55006,0
BFACF.US,D,20230307,000000,10.41,10.42,10.395,10.4,21328,0
BFACF.US,D,20230308,000000,10.9,10.9,10.4,10.43,1658683,0
BFACF.US,D,20230309,000000,10.45,10.45,10.42,10.42,229196,0
BFACF.US,D,20230310,000000,10.45,10.45,10.42,10.42,6697,0
BFACF.US,D,20230313,000000,10.6,10.6,10.41,10.41,9651,0
BFACF.US,D,20230314,000000,10.43,10.43,10.4202,10.4202,75533,0
BFACF.US,D,20230315,000000,10.45,10.46,10.42,10.42,79346,0
BFACF.US,D,20230316,000000,10.42,10.43,10.42,10.43,656792,0
BFACF.US,D,20230317,000000,10.42,10.46,10.42,10.46,37959,0
BFACF.US,D,20230320,000000,10.53,10.53,10.422,10.46,3991,0
BFACF.US,D,20230321,000000,10.51,10.51,10.46,10.5,517717,0
BFACF.US,D,20230322,000000,10.52,10.52,10.47,10.51,790,0
BFACF.US,D,20230323,000000,10.43,10.48,10.43,10.48,392,0
BFACF.US,D,20230324,000000,10.45,10.455,10.45,10.45,309626,0
BFACF.US,D,20230327,000000,10.55,10.55,10.45,10.45,310346,0
BFACF.US,D,20230328,000000,10.45,10.45,10.45,10.45,4571,0
BFACF.US,D,20230330,000000,10.44,10.44,10.44,10.44,869193,0
BFACF.US,D,20230331,000000,10.44,10.44,10.44,10.44,196,0
BFACF.US,D,20230403,000000,10.44,10.44,10.44,10.44,182410,0
BFACF.US,D,20230404,000000,10.45,10.45,10.44,10.44,5114,0
BFACF.US,D,20230405,000000,10.44,10.44,10.44,10.44,25279,0
BFACF.US,D,20230406,000000,10.44,10.5,10.44,10.48,19392,0
BFACF.US,D,20230410,000000,11,11,10.45,10.46,2831,0
BFACF.US,D,20230411,000000,10.45,10.45,10.44,10.44,275,0
BFACF.US,D,20230412,000000,10.44,10.44,10.44,10.44,3836,0
BFACF.US,D,20230413,000000,10.46,10.46,10.46,10.46,7956,0
BFACF.US,D,20230414,000000,10.45,10.46,10.45,10.46,25609,0
BFACF.US,D,20230417,000000,10.47,10.5,10.46,10.5,697102,0
BFACF.US,D,20230418,000000,10.475,10.4892,10.47,10.47,102930,0
BFACF.US,D,20230419,000000,10.7,10.79,10.47,10.53,126008,0
BFACF.US,D,20230420,000000,10.48,10.51,10.45,10.45,834330,0
BFACF.US,D,20230421,000000,10.46,10.9,10.46,10.9,1992,0
BFACF.US,D,20230424,000000,10.6,10.67,10.5,10.67,7713,0
BFACF.US,D,20230425,000000,10.48,10.51,10.48,10.48,291839,0
BFACF.US,D,20230426,000000,10.49,10.49,10.48,10.48,511304,0
BFACF.US,D,20230427,000000,10.48,10.49,10.48,10.48,35604,0
BFACF.US,D,20230428,000000,10.53,10.53,10.48,10.51,27695,0
BFACF.US,D,20230501,000000,10.49,10.495,10.4899,10.49,183968,0
BFACF.US,D,20230502,000000,10.49,10.5,10.49,10.495,39067,0
BFACF.US,D,20230503,000000,10.49,10.49,10.49,10.49,849,0
BFACF.US,D,20230504,000000,10.5,10.5,10.49,10.49,9579,0
BFACF.US,D,20230505,000000,10.5,10.5,10.49,10.49,166184,0
BFACF.US,D,20230508,000000,10.5,10.5,10.49,10.49,3780,0
BFACF.US,D,20230509,000000,10.49,10.49,10.49,10.49,126,0
BFACF.US,D,20230510,000000,10.5,10.52,10.495,10.52,9632,0
BFACF.US,D,20230511,000000,10.55,10.55,10.5,10.5,206,0
BFACF.US,D,20230512,000000,10.5,10.53,10.5,10.51,2848,0
BFACF.US,D,20230517,000000,11.27,11.27,10.54,10.54,11627,0
BFACF.US,D,20230518,000000,10.535,10.54,10.52,10.52,1500523,0
BFACF.US,D,20230519,000000,10.52,10.52,10.52,10.52,488,0
BFACF.US,D,20230522,000000,10.84,10.84,10.52,10.52,48375,0
BFACF.US,D,20230523,000000,10.52,10.53,10.52,10.53,14878,0
BFACF.US,D,20230525,000000,10.54,10.54,10.53,10.53,1627,0
BFACF.US,D,20230526,000000,10.53,10.55,10.53,10.545,100620,0
BFACF.US,D,20230530,000000,11.2,11.2,10.53,10.55,2561528,0
BFACF.US,D,20230531,000000,10.54,10.55,10.52,10.52,23516,0
BFACF.US,D,20230601,000000,10.53,10.54,10.53,10.54,250686,0
BFACF.US,D,20230602,000000,10.57,10.57,10.555,10.57,19871,0
BFACF.US,D,20230605,000000,10.61,10.61,10.545,10.575,14888,0
BFACF.US,D,20230606,000000,10.57,10.57,10.54,10.54,2671,0
BFACF.US,D,20230607,000000,10.52,10.57,10.52,10.55,4040630,0
BFACF.US,D,20230608,000000,10.55,10.575,10.55,10.56,257286,0
BFACF.US,D,20230609,000000,10.58,10.58,10.55,10.56,5239,0
BFACF.US,D,20230612,000000,10.58,10.58,10.55,10.55,2915,0
BFACF.US,D,20230613,000000,10.55,10.57,10.55,10.57,136409,0
BFACF.US,D,20230614,000000,10.58,10.58,10.56,10.57,28248,0
BFACF.US,D,20230615,000000,10.57,10.58,10.56,10.56,54566,0
BFACF.US,D,20230616,000000,10.58,10.59,10.57,10.57,278822,0
BFACF.US,D,20230620,000000,10.59,10.59,10.57,10.57,23804,0
BFACF.US,D,20230621,000000,10.59,10.59,10.57,10.58,173295,0
BFACF.US,D,20230622,000000,10.57,10.57,10.57,10.57,37705,0
BFACF.US,D,20230623,000000,10.58,10.6158,10.58,10.6158,1984,0
BFACF.US,D,20230626,000000,10.59,10.59,10.58,10.58,3649,0
BFACF.US,D,20230627,000000,10.58,10.6304,10.58,10.59,1825,0
BFACF.US,D,20230628,000000,10.59,10.61,10.58,10.6,57738,0
BFACF.US,D,20230629,000000,10.59,10.61,10.59,10.61,403,0
BFACF.US,D,20230630,000000,10.61,10.61,10.6,10.6,1951,0
BFACF.US,D,20230703,000000,10.6,10.6299,10.6,10.61,3407,0
BFACF.US,D,20230706,000000,10.64,10.64,10.61,10.62,1342,0
BFACF.US,D,20230707,000000,10.64,10.64,10.621,10.6214,2805,0
BFACF.US,D,20230710,000000,10.65,10.65,10.62,10.62,2190,0
BFACF.US,D,20230711,000000,10.62,10.62,10.62,10.62,25541,0
BFACF.US,D,20230712,000000,10.63,10.63,10.63,10.63,366,0
BFACF.US,D,20230713,000000,10.63,10.63,10.63,10.63,552,0
BFACF.US,D,20230714,000000,10.62,10.64,10.62,10.64,4596,0
BFACF.US,D,20230717,000000,10.65,10.78,10.64,10.65,44062,0
BFACF.US,D,20230718,000000,10.66,10.66,10.65,10.65,391,0
BFACF.US,D,20230720,000000,10.65,10.65,10.65,10.65,172,0
BFACF.US,D,20230721,000000,10.65,10.69,10.64,10.64,2723,0
BFACF.US,D,20230724,000000,10.65,10.65,10.65,10.65,90928,0
BFACF.US,D,20230725,000000,10.66,10.69,10.65,10.66,2020,0
BFACF.US,D,20230726,000000,10.65,10.66,10.65,10.66,10258,0
BFACF.US,D,20230727,000000,10.65,10.69,10.65,10.66,43600,0
BFACF.US,D,20230728,000000,10.66,10.71,10.66,10.71,12139,0
BFACF.US,D,20230731,000000,10.74,10.74,10.7,10.71,4494,0
BFACF.US,D,20230801,000000,10.74,10.74,10.72,10.72,215126,0
BFACF.US,D,20230802,000000,10.69,10.72,10.69,10.71,12914,0
BFACF.US,D,20230803,000000,10.7,10.7,10.7,10.7,3548,0
BFACF.US,D,20230807,000000,10.71,10.71,10.685,10.685,1907,0
BFACF.US,D,20230808,000000,10.67,10.72,10.67,10.7,757,0
BFACF.US,D,20230809,000000,10.75,10.75,10.73,10.75,13994,0
BFACF.US,D,20230810,000000,10.75,10.76,10.75,10.76,2756,0
BFACF.US,D,20230811,000000,10.78,10.78,10.76,10.76,4366,0
BFACF.US,D,20230814,000000,10.75,10.77,10.75,10.77,129848,0
BFACF.US,D,20230815,000000,10.765,10.765,10.75,10.76,247121,0
BFACF.US,D,20230816,000000,10.76,10.76,10.76,10.76,153,0
BFACF.US,D,20230817,000000,10.76,10.77,10.76,10.7601,350,0
BFACF.US,D,20230818,000000,10.76,10.77,10.76,10.77,1418,0
BFACF.US,D,20230821,000000,10.77,10.77,10.77,10.77,3817,0
BFACF.US,D,20230822,000000,10.77,10.78,10.77,10.78,105608,0
BFACF.US,D,20230823,000000,10.78,10.79,10.78,10.785,223392,0
BFACF.US,D,20230824,000000,10.8,10.8,10.79,10.79,31021,0
BFACF.US,D,20230825,000000,10.8,10.8,10.79,10.79,586,0
BFACF.US,D,20230828,000000,10.79,10.79,10.79,10.79,208,0
BFACF.US,D,20230829,000000,10.79,10.79,10.79,10.79,153,0
BFACF.US,D,20230830,000000,10.8,10.8,10.7985,10.7985,317,0
BFACF.US,D,20230831,000000,10.8,10.8,10.8,10.8,31429,0
BFACF.US,D,20230901,000000,10.8,10.8,10.8,10.8,205,0
BFACF.US,D,20230905,000000,10.8,10.8,10.8,10.8,129,0
BFACF.US,D,20230906,000000,10.82,10.82,10.8,10.8,25015,0
BFACF.US,D,20230908,000000,10.8,10.8,10.8,10.8,845,0
BFACF.US,D,20230911,000000,10.8,10.82,10.8,10.82,110207,0
BFACF.US,D,20230912,000000,10.85,10.85,10.85,10.85,169,0
BFACF.US,D,20230914,000000,10.81,10.81,10.81,10.81,2703,0
BFACF.US,D,20230919,000000,10.77,10.84,10.77,10.84,240227,0
BFACF.US,D,20230921,000000,10.8639,10.8639,10.8639,10.8639,207,0
BFACF.US,D,20230922,000000,10.88,10.88,10.88,10.88,119,0
BFACF.US,D,20230925,000000,10.88,10.88,10.88,10.88,205,0
BFACF.US,D,20230926,000000,10.82,10.82,10.82,10.82,159,0
BFACF.US,D,20230927,000000,10.88,10.88,10.82,10.82,8378,0
BFACF.US,D,20230928,000000,10.8629,10.8629,10.845,10.845,250494,0
BFACF.US,D,20230929,000000,10.88,10.88,10.88,10.88,113,0
BFACF.US,D,20231003,000000,10.9,10.9,10.8288,10.8288,3765,0
BFACF.US,D,20231005,000000,10.77,10.83,10.77,10.83,329,0
BFACF.US,D,20231006,000000,10.83,10.8373,10.83,10.8373,3188,0
BFACF.US,D,20231010,000000,10.78,10.83,10.78,10.83,235,0
BFACF.US,D,20231011,000000,10.8,10.8,10.77,10.77,2167,0
BFACF.US,D,20231012,000000,10.83,10.83,10.83,10.83,1888,0
BFACF.US,D,20231016,000000,10.76,10.82,10.76,10.8,1792579,0
BFACF.US,D,20231017,000000,10.8,10.84,10.8,10.83,1238558,0
BFACF.US,D,20231018,000000,10.83,10.83,10.83,10.83,531,0
BFACF.US,D,20231019,000000,10.83,10.83,10.82,10.83,407830,0
BFACF.US,D,20231020,000000,10.84,10.84,10.82,10.83,341,0
BFACF.US,D,20231023,000000,10.84,10.84,10.825,10.83,8832,0
BFACF.US,D,20231024,000000,10.83,10.86,10.83,10.83,3905031,0
BFACF.US,D,20231025,000000,10.84,10.84,10.81,10.83,993592,0
BFACF.US,D,20231026,000000,10.83,10.84,10.82,10.83,395991,0
BFACF.US,D,20231027,000000,10.84,10.85,10.83,10.84,385678,0
BFACF.US,D,20231030,000000,10.83,10.8499,10.83,10.835,57327,0
BFACF.US,D,20231031,000000,10.85,10.85,10.834,10.84,182305,0
BFACF.US,D,20231101,000000,10.84,10.84,10.84,10.84,125,0
BFACF.US,D,20231102,000000,10.84,10.85,10.84,10.85,606815,0
BFACF.US,D,20231103,000000,10.855,10.855,10.855,10.855,568066,0
BFACF.US,D,20231106,000000,10.86,10.86,10.81,10.83,208152,0
BFACF.US,D,20231107,000000,10.8,10.86,10.8,10.83,25293,0
BFACF.US,D,20231108,000000,10.82,11.2101,10.82,10.86,22380,0
BFACF.US,D,20231109,000000,11.13,11.13,9.86,10.95,1082,0
BFACF.US,D,20231110,000000,10.85,11.005,9.6001,10.82,12075,0
BFACF.US,D,20231113,000000,11.1,11.55,10.75,11.36,42665,0
BFACF.US,D,20231114,000000,10.74,11.09,10.74,10.89,6174,0
BFACF.US,D,20231115,000000,10.8,10.81,10.79,10.805,603887,0
BFACF.US,D,20231116,000000,10.82,10.86,10.81,10.83,619035,0
BFACF.US,D,20231117,000000,10.83,10.83,10.82,10.82,26538,0
BFACF.US,D,20231120,000000,10.85,10.85,10.82,10.83,305378,0
BFACF.US,D,20231121,000000,10.82,10.83,10.82,10.83,75596,0
BFACF.US,D,20231127,000000,10.8167,10.83,10.8167,10.83,87031,0
BFACF.US,D,20231128,000000,10.78,10.83,10.78,10.83,17077,0
BFACF.US,D,20231129,000000,10.82,10.84,10.82,10.84,1646,0
BFACF.US,D,20231130,000000,10.84,10.84,10.835,10.84,12475,0
BFACF.US,D,20231201,000000,10.9,10.9,10.8109,10.8109,2118,0
BFACF.US,D,20231204,000000,10.82,10.83,10.82,10.83,111511,0
BFACF.US,D,20231205,000000,10.78,10.83,10.78,10.83,115506,0
BFACF.US,D,20231206,000000,10.83,10.83,10.83,10.83,3117,0
BFACF.US,D,20231207,000000,10.84,10.84,10.83,10.84,13628,0
BFACF.US,D,20231208,000000,10.82,10.85,10.82,10.85,916,0
BFACF.US,D,20231211,000000,10.85,10.85,10.84,10.85,6479,0
BFACF.US,D,20231212,000000,10.86,10.86,10.84,10.85,16519,0
BFACF.US,D,20231213,000000,10.84,10.85,10.83,10.84,9440,0
BFACF.US,D,20231214,000000,10.85,10.85,10.83,10.85,840862,0
BFACF.US,D,20231215,000000,10.84,10.94,10.8399,10.94,128196,0
BFACF.US,D,20231219,000000,10.84,10.85,10.84,10.85,827,0
BFACF.US,D,20231220,000000,10.85,10.94,10.85,10.89,412,0
BFACF.US,D,20231221,000000,10.86,10.86,10.86,10.86,282,0
BFACF.US,D,20231222,000000,10.94,10.94,10.94,10.94,263,0
BFACF.US,D,20231226,000000,10.95,10.95,10.85,10.85,315,0
BFACF.US,D,20240102,000000,10.84,10.94,10.84,10.86,509,0
BFACF.US,D,20240103,000000,10.84,10.84,10.84,10.84,367,0
BFACF.US,D,20240108,000000,10.84,10.84,10.84,10.84,116,0
BFACF.US,D,20240109,000000,10.95,10.95,10.95,10.95,104,0
BFACF.US,D,20240110,000000,10.86,10.94,10.86,10.88,353,0
BFACF.US,D,20240111,000000,10.86,10.9,10.86,10.9,397,0
BFACF.US,D,20240112,000000,10.9,10.9,10.9,10.9,137,0
BFACF.US,D,20240116,000000,10.88,10.94,10.88,10.88,76504,0
BFACF.US,D,20240117,000000,10.88,10.88,10.88,10.88,193,0
BFACF.US,D,20240118,000000,10.88,10.88,10.88,10.88,345,0
BFACF.US,D,20240119,000000,10.8992,10.8992,10.8992,10.8992,1019,0
BFACF.US,D,20240123,000000,10.94,10.94,10.93,10.93,389,0
BFACF.US,D,20240125,000000,10.95,10.96,10.8999,10.96,644,0
BFACF.US,D,20240126,000000,10.94,10.94,10.94,10.94,2535,0
BFACF.US,D,20240129,000000,11.09,11.09,10.95,10.95,949,0
BFACF.US,D,20240130,000000,11.05,11.05,10.88,10.89,14057,0
BFACF.US,D,20240131,000000,10.89,10.96,10.89,10.96,2961,0
BFACF.US,D,20240201,000000,10.88,10.9,10.88,10.9,263252,0
BFACF.US,D,20240202,000000,11.05,11.05,11.05,11.05,125,0
BFACF.US,D,20240205,000000,11.05,11.05,10.92,10.92,3405,0
BFACF.US,D,20240206,000000,10.92,10.92,10.92,10.92,17569,0
BFACF.US,D,20240208,000000,10.9224,10.9224,10.9224,10.9224,629,0
BFACF.US,D,20240212,000000,11.05,11.05,10.9424,10.9424,1430,0
BFACF.US,D,20240213,000000,10.92,10.92,10.92,10.92,166,0
BFACF.US,D,20240214,000000,10.93,10.94,10.93,10.94,478,0
BFACF.US,D,20240215,000000,11.05,11.05,11.05,11.05,102,0
BFACF.US,D,20240216,000000,10.93,10.93,10.93,10.93,1060,0
BFACF.US,D,20240220,000000,10.93,10.96,10.93,10.93,2588,0
BFACF.US,D,20240221,000000,10.93,10.93,10.93,10.93,622,0
BFACF.US,D,20240222,000000,10.95,10.95,10.92,10.92,554,0
BFACF.US,D,20240223,000000,10.94,10.94,10.92,10.92,432,0
BFACF.US,D,20240226,000000,10.92,10.92,10.92,10.92,147,0
BFACF.US,D,20240227,000000,10.93,10.93,10.93,10.93,1956,0
BFACF.US,D,20240228,000000,10.95,10.95,10.93,10.93,303,0
BFACF.US,D,20240229,000000,10.95,10.95,10.9499,10.9499,1187,0
BFACF.US,D,20240301,000000,10.98,10.98,10.98,10.98,148,0
BFACF.US,D,20240304,000000,10.94,10.94,10.94,10.94,210,0
BFACF.US,D,20240305,000000,10.9592,10.99,10.9592,10.99,101577,0
BFACF.US,D,20240307,000000,10.98,10.98,10.98,10.98,50023,0
BFACF.US,D,20240312,000000,10.95,10.99,10.95,10.99,631,0
BFACF.US,D,20240314,000000,10.97,11.06,10.97,11.06,357,0
BFACF.US,D,20240315,000000,10.99,10.99,10.99,10.99,1310,0
BFACF.US,D,20240318,000000,10.99,10.99,10.99,10.99,305,0
BFACF.US,D,20240319,000000,10.94,11,10.94,11,1245,0
BFACF.US,D,20240321,000000,10.99,11.02,10.99,11.02,9887,0
BFACF.US,D,20240325,000000,11.05,11.05,11.05,11.05,229,0
BFACF.US,D,20240326,000000,11.0074,11.0074,11.0074,11.0074,278,0
BFACF.US,D,20240327,000000,10.99,10.99,10.99,10.99,214,0
BFACF.US,D,20240328,000000,11.04,11.04,11,11,582,0
BFACF.US,D,20240402,000000,11.03,11.04,11.03,11.035,106789,0
BFACF.US,D,20240403,000000,11.04,11.04,11.04,11.04,462,0
BFACF.US,D,20240405,000000,11.1,11.1,11.1,11.1,251,0
BFACF.US,D,20240408,000000,11.1,11.1,11.1,11.1,105,0
BFACF.US,D,20240410,000000,11.1,11.1,11.1,11.1,128,0
BFACF.US,D,20240411,000000,11.1,11.1,11.04,11.08,1989,0
BFACF.US,D,20240412,000000,11.08,11.08,11.08,11.08,206287,0
BFACF.US,D,20240415,000000,11.08,11.08,11.07,11.07,133729,0
BFACF.US,D,20240416,000000,11.1,11.1,11.1,11.1,297,0
BFACF.US,D,20240418,000000,11.07,11.09,11.07,11.09,2106,0
BFACF.US,D,20240422,000000,11.07,11.15,11.07,11.0764,7434,0
BFACF.US,D,20240423,000000,11.085,11.085,11.08,11.085,60910,0
BFACF.US,D,20240425,000000,11.09,11.09,11.09,11.09,29552,0
BFACF.US,D,20240426,000000,11.09,11.09,11.09,11.09,5301,0
BFACF.US,D,20240429,000000,11.11,11.14,11.11,11.13,101651,0
BFACF.US,D,20240430,000000,11.13,11.13,11.12,11.12,4552,0
BFACF.US,D,20240501,000000,11.14,11.14,11.12,11.12,57068,0
BFACF.US,D,20240502,000000,11.12,11.12,11.12,11.12,4207,0
BFACF.US,D,20240503,000000,11.12,11.12,11.12,11.12,1080,0
BFACF.US,D,20240506,000000,11.11,11.13,11.11,11.12,119624,0
BFACF.US,D,20240507,000000,11.13,11.13,11.12,11.13,1053636,0
BFACF.US,D,20240508,000000,11.14,11.15,11.13,11.14,528218,0
BFACF.US,D,20240509,000000,11.13,11.14,11.13,11.13,604976,0
BFACF.US,D,20240510,000000,11.14,11.14,11.14,11.14,119,0
BFACF.US,D,20240513,000000,11.16,11.16,11.13,11.13,20628,0
BFACF.US,D,20240514,000000,10.9501,11.145,10.9501,11.06,100729,0
BFACF.US,D,20240515,000000,10.9999,11.1101,10.9999,11.06,4884,0
BFACF.US,D,20240516,000000,11.13,11.14,11.01,11.01,5258,0
BFACF.US,D,20240517,000000,11.04,11.04,10.99,11.01,150471,0
BFACF.US,D,20240522,000000,10.96,11.05,10.96,11.04,659,0
BFACF.US,D,20240523,000000,10.97,10.97,10.97,10.97,25910,0
BFACF.US,D,20240528,000000,11.01,11.01,11.01,11.01,177,0
BFACF.US,D,20240529,000000,11.55,11.55,11.55,11.55,127,0
BFACF.US,D,20240530,000000,11.22,11.22,11.01,11.04,3303,0
BFACF.US,D,20240603,000000,10.97,11.1,10.97,11.1,6488,0
BFACF.US,D,20240604,000000,11,11.04,11,11.04,1744526,0
BFACF.US,D,20240605,000000,11.08,11.08,11.02,11.02,12580,0
BFACF.US,D,20240606,000000,11.02,11.03,11.02,11.02,135797,0
BFACF.US,D,20240607,000000,11.03,11.03,11.03,11.03,1825,0
BFACF.US,D,20240610,000000,11.03,11.03,11.025,11.025,314958,0
BFACF.US,D,20240611,000000,10.96,11.03,10.96,11.03,59010,0
BFACF.US,D,20240612,000000,11.04,11.04,11.03,11.03,100007,0
BFACF.US,D,20240613,000000,11.025,11.025,11.025,11.025,4143,0
BFACF.US,D,20240618,000000,10.97,10.97,10.97,10.97,217,0
BFACF.US,D,20240620,000000,10.97,11.03,10.97,11.02,41115,0
BFACF.US,D,20240621,000000,11.04,11.04,11.035,11.04,4111,0
BFACF.US,D,20240624,000000,11.04,11.04,11.04,11.04,317,0
BFACF.US,D,20240625,000000,11.04,11.0401,11.035,11.0401,25278,0
BFACF.US,D,20240626,000000,11.1,11.1,11.1,11.1,126,0
BFACF.US,D,20240627,000000,11.04,11.04,11.04,11.04,170,0
BFACF.US,D,20240703,000000,11.01,11.04,11.01,11.04,417,0
BFACF.US,D,20240708,000000,11.05,11.05,11.05,11.05,2590,0
BFACF.US,D,20240709,000000,10.98,11.06,10.98,11.06,5475,0
BFACF.US,D,20240710,000000,11.08,11.08,11.06,11.07,835,0
BFACF.US,D,20240711,000000,11.08,11.08,11.08,11.08,25134,0
BFACF.US,D,20240712,000000,11.08,11.08,11.08,11.08,419,0
BFACF.US,D,20240715,000000,11.08,11.08,11.05,11.05,894,0
BFACF.US,D,20240716,000000,11.08,11.08,11.08,11.08,218,0
BFACF.US,D,20240717,000000,11.08,11.125,11.06,11.08,6776,0
BFACF.US,D,20240718,000000,11.07,11.08,11.07,11.08,7515,0
BFACF.US,D,20240719,000000,11.07,11.08,11.07,11.07,4542,0
BFACF.US,D,20240722,000000,11.07,11.07,11.07,11.07,104,0
BFACF.US,D,20240723,000000,11.07,11.07,11.07,11.07,109,0
BFACF.US,D,20240724,000000,11.1,11.1,11.1,11.1,173,0
BFACF.US,D,20240725,000000,11.07,11.07,11.07,11.07,164,0
BFACF.US,D,20240729,000000,11.09,11.09,11.09,11.09,103,0
BFACF.US,D,20240730,000000,11.07,11.09,11.07,11.09,434586,0
BFACF.US,D,20240731,000000,11.11,11.11,11.11,11.11,6183,0
BFACF.US,D,20240805,000000,11.1,11.1,11.1,11.1,90905,0
BFACF.US,D,20240813,000000,11.09,11.09,11.09,11.09,117,0
BFACF.US,D,20240814,000000,11.09,11.1,11.07,11.07,1650,0
BFACF.US,D,20240816,000000,11.11,11.11,11.09,11.09,8483,0
BFACF.US,D,20240819,000000,11.09,11.09,11.09,11.09,108,0
BFACF.US,D,20240820,000000,11.11,11.11,11.11,11.11,105,0
BFACF.US,D,20240821,000000,11.11,11.11,11.09,11.09,1024,0
BFACF.US,D,20240822,000000,11.11,11.11,11.11,11.11,107,0
BFACF.US,D,20240826,000000,11.11,11.11,11.11,11.11,303,0
BFACF.US,D,20240827,000000,11.1,11.11,11.1,11.11,100113,0
BFACF.US,D,20240903,000000,11.12,11.12,11.12,11.12,108,0
BFACF.US,D,20240904,000000,11.12,11.12,11.12,11.12,105,0
BFACF.US,D,20240905,000000,11.12,11.12,11.11,11.11,230,0
BFACF.US,D,20240906,000000,11.12,11.12,11.12,11.12,604,0
BFACF.US,D,20240909,000000,11.13,11.13,11.12,11.12,517,0
BFACF.US,D,20240910,000000,11.12,11.12,11.12,11.12,10620,0
BFACF.US,D,20240911,000000,11.12,11.12,11.12,11.12,943,0
BFACF.US,D,20240912,000000,11.12,11.12,11.12,11.12,132,0
BFACF.US,D,20240916,000000,11.1,11.1,11.1,11.1,114,0
BFACF.US,D,20240917,000000,11.13,11.13,11.13,11.13,125,0
BFACF.US,D,20240918,000000,11.12,11.12,11.08,11.08,3667,0
BFACF.US,D,20240919,000000,11.14,11.14,11.14,11.14,169,0
BFACF.US,D,20240920,000000,11.13,11.13,11.07,11.07,460,0
BFACF.US,D,20241001,000000,11.13,11.13,11.13,11.13,121,0
BFACF.US,D,20241003,000000,11.13,11.13,11.11,11.11,1603,0
BFACF.US,D,20241004,000000,11.13,11.13,11.11,11.11,310,0
BFACF.US,D,20241007,000000,11.13,11.13,11.13,11.13,120,0
BFACF.US,D,20241008,000000,11.13,11.13,11.1,11.1,228926,0
BFACF.US,D,20241009,000000,11.1,11.1,11.1,11.1,5614,0
BFACF.US,D,20241011,000000,11.1,11.1,11.1,11.1,50005,0
BFACF.US,D,20241014,000000,11.07,11.07,11.07,11.07,101,0
BFACF.US,D,20241017,000000,11.1,11.1,11.1,11.1,962,0
BFACF.US,D,20241018,000000,11.11,11.11,11.11,11.11,2021,0
BFACF.US,D,20241025,000000,11.13,11.13,11.13,11.13,133,0
BFACF.US,D,20241028,000000,11.13,11.14,11.13,11.13,87862,0
BFACF.US,D,20241030,000000,11.13,11.13,11.13,11.13,106,0
BFACF.US,D,20241031,000000,11.15,11.15,11.15,11.15,120,0
BFACF.US,D,20241101,000000,11.15,11.15,11.15,11.15,1206,0
BFACF.US,D,20241107,000000,11.15,11.15,11.15,11.15,102,0
BFACF.US,D,20241108,000000,11.15,11.15,11.125,11.13,6233,0
BFACF.US,D,20241111,000000,11.13,11.13,11.13,11.13,1108,0
BFACF.US,D,20241115,000000,11.12,11.12,11.12,11.12,301,0
BFACF.US,D,20241122,000000,11.13,11.15,11.115,11.12,43816,0
BFACF.US,D,20241125,000000,11.12,11.129,11.11,11.129,36775,0
BFACF.US,D,20241126,000000,11.125,11.125,11.125,11.125,146,0
BFACF.US,D,20241127,000000,11.12,11.12,11.12,11.12,137,0
BFACF.US,D,20241129,000000,11.11,11.14,11.11,11.11,449,0
BFACF.US,D,20241211,000000,11.13,11.13,11.13,11.13,399,0
BFACF.US,D,20241213,000000,11.14,11.14,11.14,11.14,2240,0
