<TICKER>,<PER>,<DATE>,<TIME>,<OPEN>,<HIGH>,<LOW>,<CLOSE>,<VOL>,<OPENINT>
CSPF.US,D,20250210,000000,25.215,25.22,25.195,25.195,771,0
CSPF.US,D,20250211,000000,25.18,25.18,25.135,25.135,313,0
CSPF.US,D,20250212,000000,25.14,25.14,25.1214,25.1214,75088,0
CSPF.US,D,20250213,000000,25.1198,25.1198,25.11,25.11,1003,0
CSPF.US,D,20250214,000000,25.19,25.19,25.175,25.175,5863,0
CSPF.US,D,20250218,000000,25.21,25.34,25.1951,25.1951,33921,0
CSPF.US,D,20250219,000000,25.25,25.36,25.235,25.235,3277,0
CSPF.US,D,20250220,000000,25.2,25.21,25.18,25.185,3287,0
CSPF.US,D,20250221,000000,25.24,25.29,25.235,25.25,4442,0
