<TICKER>,<PER>,<DATE>,<TIME>,<OPEN>,<HIGH>,<LOW>,<CLOSE>,<VOL>,<OPENINT>
DNMR.US,D,20200601,000000,385.2,386.4,385.2,386.4,50.075,0
DNMR.US,D,20200602,000000,386,386.4,386,386.4,15005.025,0
DNMR.US,D,20200603,000000,388.8,388.8,385.2,385.2,26.775,0
DNMR.US,D,20200604,000000,390,391.6,389.6,389.6,153.9,0
DNMR.US,D,20200605,000000,390,390,390,390,8.5,0
DNMR.US,D,20200608,000000,391.2,391.6,388.7,388.7,13.4,0
DNMR.US,D,20200609,000000,388.8,388.8,388.8,388.8,8,0
DNMR.US,D,20200610,000000,391.2,391.2,387.108,387.6,158,0
DNMR.US,D,20200611,000000,390.8,390.8,387.6,387.6,37.9,0
DNMR.US,D,20200612,000000,388,389.2,385.2,385.2,78.375,0
DNMR.US,D,20200615,000000,384.4,388.8,384.4,386,295,0
DNMR.US,D,20200616,000000,388,388,386,386,315.2,0
DNMR.US,D,20200617,000000,388,398,385.2,386,918,0
DNMR.US,D,20200618,000000,388.8,388.8,386.428,387.2,79.55,0
DNMR.US,D,20200622,000000,390,390,387.6,387.6,76.65,0
DNMR.US,D,20200623,000000,387.6,392.4,387.6,390,8810.25,0
DNMR.US,D,20200624,000000,393.6,393.6,392,392,38.725,0
DNMR.US,D,20200625,000000,396,396,390.8,392,126.95,0
DNMR.US,D,20200626,000000,396,396,390,392.4,169.7,0
DNMR.US,D,20200629,000000,392.8,395.2,390.8,390.8,3149.5,0
DNMR.US,D,20200630,000000,394.4,394.4,390,392,6181.625,0
DNMR.US,D,20200701,000000,390.4,390.8,390,390,235.525,0
DNMR.US,D,20200702,000000,392.4,394,391.6,392.8,138.05,0
DNMR.US,D,20200706,000000,394,394,390.8,390.8,1146.7,0
DNMR.US,D,20200707,000000,390.8,393.6,390.8,393.6,272.6,0
DNMR.US,D,20200709,000000,393.6,393.6,393.6,393.6,30.675,0
DNMR.US,D,20200710,000000,394,394,392,392.8,949.925,0
DNMR.US,D,20200713,000000,394.4,397.44,394.4,397.2,204.25,0
DNMR.US,D,20200714,000000,395.6,396.8,394,395,668.175,0
DNMR.US,D,20200715,000000,394.8,399.6,394.4,398.4,487.925,0
DNMR.US,D,20200716,000000,396.4,403.2,395.6,400,2576.725,0
DNMR.US,D,20200717,000000,404.4,404.8,404.4,404.8,9.15,0
DNMR.US,D,20200720,000000,406.8,406.8,402.8,402.8,35.6,0
DNMR.US,D,20200721,000000,402.8,404,402.8,403.2,182.45,0
DNMR.US,D,20200722,000000,406,406,402.4,402.4,108.7,0
DNMR.US,D,20200723,000000,402,402,397.512,400,263.775,0
DNMR.US,D,20200724,000000,398,400,398,398.4,1944.55,0
DNMR.US,D,20200727,000000,408.452,408.84,398.4,408.84,71.275,0
DNMR.US,D,20200728,000000,396.4,400.384,396,400.384,90.7,0
DNMR.US,D,20200729,000000,405.2,405.2,400.8,401.2,3897.125,0
DNMR.US,D,20200730,000000,401.2,402,401.2,401.2,93.1,0
DNMR.US,D,20200731,000000,404,404,400,400,1662.35,0
DNMR.US,D,20200803,000000,403.6,404,400,400,2138.225,0
DNMR.US,D,20200804,000000,400,403.2,400,400.8,147.85,0
DNMR.US,D,20200805,000000,402,402,400.008,400.8,87.05,0
DNMR.US,D,20200806,000000,400,401.012,399.2,399.2,940.65,0
DNMR.US,D,20200807,000000,400.8,401.2,400.8,401.2,7.5,0
DNMR.US,D,20200810,000000,399.2,399.2,398.96,399.064,890.225,0
DNMR.US,D,20200811,000000,402,402,398,398,15807.5,0
DNMR.US,D,20200812,000000,401.2,401.2,398,398,1638.975,0
DNMR.US,D,20200814,000000,398,400,398,400,224.525,0
DNMR.US,D,20200817,000000,400,400,394.8,394.8,154.75,0
DNMR.US,D,20200818,000000,397,398,396,396,1411.25,0
DNMR.US,D,20200819,000000,396,398,396,396.8,375.525,0
DNMR.US,D,20200820,000000,396,396.4,394,394,1570,0
DNMR.US,D,20200821,000000,394,394.4,394,394.056,133.275,0
DNMR.US,D,20200824,000000,394.4,395.2,393.8,394.8,540,0
DNMR.US,D,20200825,000000,394.8,394.8,394,394,85.6,0
DNMR.US,D,20200826,000000,393.2,393.2,392,392.4,15517.875,0
DNMR.US,D,20200827,000000,392,392,390,390,5011.5,0
DNMR.US,D,20200828,000000,392,392,392,392,50,0
DNMR.US,D,20200831,000000,393.2,393.2,393.2,393.2,36.25,0
DNMR.US,D,20200902,000000,394,394,392.796,394,1547.95,0
DNMR.US,D,20200903,000000,392.8,394,392,394,449.4,0
DNMR.US,D,20200904,000000,395.2,401.6,393.6,398,3084.625,0
DNMR.US,D,20200908,000000,398,398,396,398,3340.925,0
DNMR.US,D,20200909,000000,397.6,400.4,397.6,400.4,1044.25,0
DNMR.US,D,20200910,000000,400,400,398.4,399.6,1425.275,0
DNMR.US,D,20200911,000000,400,402.4,399.6,402,3492.5,0
DNMR.US,D,20200914,000000,398,402.3,398,402,975.4,0
DNMR.US,D,20200915,000000,402,403.2,399.832,403.2,1911.675,0
DNMR.US,D,20200916,000000,403.2,404.8,401.6,404.8,2891.05,0
DNMR.US,D,20200917,000000,405.6,407.6,405.6,406,1999.65,0
DNMR.US,D,20200918,000000,406,408.028,406,408.028,1793.175,0
DNMR.US,D,20200921,000000,406,407.6,390,390,4606.9,0
DNMR.US,D,20200922,000000,402.4,408,400,404.4,1973.95,0
DNMR.US,D,20200923,000000,403.2,405.2,400,404.6,1617.25,0
DNMR.US,D,20200924,000000,401.8,403.2,401.4,401.4,2260.875,0
DNMR.US,D,20200925,000000,402.4,404,401.8,404,837.375,0
DNMR.US,D,20200928,000000,411.2,411.2,406,407.8,1895.975,0
DNMR.US,D,20200929,000000,406,408.4,406,406.4,245.025,0
DNMR.US,D,20200930,000000,402.4,404.8,402.4,403.2,1332.45,0
DNMR.US,D,20201001,000000,401.2,408.4,401.2,408.4,1280.7,0
DNMR.US,D,20201002,000000,408,410,408,410,4830.75,0
DNMR.US,D,20201005,000000,424,424,403.2,410,55710.5,0
DNMR.US,D,20201006,000000,414,415.6,408,410,18294.325,0
DNMR.US,D,20201007,000000,412,412,407.4,408.6,12974.8,0
DNMR.US,D,20201008,000000,412,412,404.4,405.6,7161.325,0
DNMR.US,D,20201009,000000,412,412,402,410,7860.175,0
DNMR.US,D,20201012,000000,414,420.8,412.4,416.8,31534.225,0
DNMR.US,D,20201013,000000,418,423.2,416,422,16688.675,0
DNMR.US,D,20201014,000000,424,434,418,434,32223.325,0
DNMR.US,D,20201015,000000,434,442,430,436,25019.85,0
DNMR.US,D,20201016,000000,444,477.6,440,466,25335.35,0
DNMR.US,D,20201019,000000,470,470,456.8,460,14007.25,0
DNMR.US,D,20201020,000000,468,468,456.8,460,8750.275,0
DNMR.US,D,20201021,000000,457.2,466,441.6,459.2,10168.325,0
DNMR.US,D,20201022,000000,458,465.6,448,458,10309.525,0
DNMR.US,D,20201023,000000,460,463.2,456,456,18448.925,0
DNMR.US,D,20201026,000000,460,460.8,423.6,438,9583.95,0
DNMR.US,D,20201027,000000,445.6,445.6,434,434.4,4104.2,0
DNMR.US,D,20201028,000000,430,444.4,420,430,5538.85,0
DNMR.US,D,20201029,000000,432.4,439.996,422.8,431.2,3359.65,0
DNMR.US,D,20201030,000000,439.2,439.6,420,439.6,6164.55,0
DNMR.US,D,20201102,000000,446,446,431.6,442,8483.5,0
DNMR.US,D,20201103,000000,448,460,442,456,9205.45,0
DNMR.US,D,20201104,000000,458.4,458.4,448.8,455.6,2288.1,0
DNMR.US,D,20201105,000000,452.8,460.8,449.6,457.6,7868.45,0
DNMR.US,D,20201106,000000,459.2,460,452,456.8,2109.2,0
DNMR.US,D,20201109,000000,470,470,440.4,442,3099.8,0
DNMR.US,D,20201110,000000,446,447.2,434.4,434.8,3763.175,0
DNMR.US,D,20201111,000000,440.4,446.8,432,432.004,5269.375,0
DNMR.US,D,20201112,000000,432,441.8,429,430.8,3339.175,0
DNMR.US,D,20201113,000000,442.8,443.2,434,435.2,1900.125,0
DNMR.US,D,20201116,000000,446.8,447.2,438.4,440.4,4518.2,0
DNMR.US,D,20201117,000000,440,440,431.2,438.8,1912.325,0
DNMR.US,D,20201118,000000,444.8,463.6,440,448.4,8051.575,0
DNMR.US,D,20201119,000000,443.6,460,443.6,456,7462.5,0
DNMR.US,D,20201120,000000,460,467.4,451.6,462,11050,0
DNMR.US,D,20201123,000000,468,480,459.6,462.8,5298.325,0
DNMR.US,D,20201124,000000,466,475.552,455.2,462,7114.85,0
DNMR.US,D,20201125,000000,464,465.632,456,459.6,4479.275,0
DNMR.US,D,20201127,000000,473.6,480,462,470.4,6418.8,0
DNMR.US,D,20201130,000000,492.8,508.8,480,500,26920.775,0
DNMR.US,D,20201201,000000,536,540,494.8,510.4,25359.85,0
DNMR.US,D,20201202,000000,506,540,506,532,22370.125,0
DNMR.US,D,20201203,000000,542,584,542,550.8,24419.7,0
DNMR.US,D,20201204,000000,564.8,579.2,550.8,568,17787.275,0
DNMR.US,D,20201207,000000,588,650,570.4,614.4,27925.525,0
DNMR.US,D,20201208,000000,642,650.4,612,612.4,15529.975,0
DNMR.US,D,20201209,000000,676,676.2,558,572.4,19751.2,0
DNMR.US,D,20201210,000000,580,659.2,560.8,640,24649.55,0
DNMR.US,D,20201211,000000,630,649.2,592,606,19261.625,0
DNMR.US,D,20201214,000000,600,635.2,600,630.4,10516.825,0
DNMR.US,D,20201215,000000,620.4,712.4,620.4,681.2,18300.15,0
DNMR.US,D,20201216,000000,662,706,657.204,670.4,12060.975,0
DNMR.US,D,20201217,000000,672.8,700,658,695.6,14837.85,0
DNMR.US,D,20201218,000000,665.2,720,660,720,13449.025,0
DNMR.US,D,20201221,000000,780,780,682,736.8,18035.025,0
DNMR.US,D,20201222,000000,769.2,854.8,763.2,807.6,33334.95,0
DNMR.US,D,20201223,000000,849.6,916.8,800,908.4,27518.75,0
DNMR.US,D,20201224,000000,908,908,836,886,15879.075,0
DNMR.US,D,20201228,000000,974.8,1124.8,850.4,986,75789.75,0
DNMR.US,D,20201229,000000,1040,1060,881.2,968,34108.075,0
DNMR.US,D,20201230,000000,1220,1240,944,952,152450,0
DNMR.US,D,20201231,000000,1013.2,1017.2,939.6,940.4,38150,0
DNMR.US,D,20210104,000000,992,992,808.8,896.4,54512.5,0
DNMR.US,D,20210105,000000,860.4,910.4,837.8,910.4,39232.5,0
DNMR.US,D,20210106,000000,979.6,1076.8,943.256,998.8,80642.5,0
DNMR.US,D,20210107,000000,1048,1069.2,1020.4,1039.6,56865,0
DNMR.US,D,20210108,000000,1080,1109.53,1010.77,1030.4,61702.5,0
DNMR.US,D,20210111,000000,1032.8,1040,990,1001.6,21857.5,0
DNMR.US,D,20210112,000000,1026.8,1050,986,1005.2,37020,0
DNMR.US,D,20210113,000000,1010.4,1045.8,994.8,1020.4,44125,0
DNMR.US,D,20210114,000000,1040,1194,1038.4,1110,76237.5,0
DNMR.US,D,20210115,000000,1096,1168,1090.8,1123.6,35872.5,0
DNMR.US,D,20210119,000000,1196.4,1266.8,1166.4,1191.6,52205,0
DNMR.US,D,20210120,000000,1257.2,1454.8,1228,1374,86182.725,0
DNMR.US,D,20210121,000000,1490,1594.8,1444.8,1518.4,108540.575,0
DNMR.US,D,20210122,000000,1540,1656.4,1520.4,1575.6,118443,0
DNMR.US,D,20210125,000000,1752,1823.6,1600,1702.4,87551.95,0
DNMR.US,D,20210126,000000,1717.6,1973.6,1642.8,1920,79647.725,0
DNMR.US,D,20210127,000000,1881.6,2005.6,1820,2000,80832.55,0
DNMR.US,D,20210128,000000,2000,2020,1804,1940.4,70954.125,0
DNMR.US,D,20210129,000000,1847.6,1938,1656.4,1700,83296.325,0
DNMR.US,D,20210201,000000,1850.4,1859.2,1680.4,1720,40697.175,0
DNMR.US,D,20210202,000000,1745.6,1784,1692.8,1757.2,27745.975,0
DNMR.US,D,20210203,000000,1784,1878.8,1745.6,1832.8,25255.875,0
DNMR.US,D,20210204,000000,1868,2022.4,1820,1950.4,41532.775,0
DNMR.US,D,20210205,000000,2000,2310.4,1920.4,2263.6,65405.45,0
DNMR.US,D,20210208,000000,2328,2501.6,2186.02,2231.6,59349.55,0
DNMR.US,D,20210209,000000,2279.6,2470,2189.6,2456,43568.025,0
DNMR.US,D,20210210,000000,2560,2652,2320.4,2571.6,55815.525,0
DNMR.US,D,20210211,000000,2560,2582.4,2224,2382.4,59035.325,0
DNMR.US,D,20210212,000000,2320,2426.12,2251.2,2312.4,25554.075,0
DNMR.US,D,20210216,000000,2320,2328,2080.8,2119.2,46034.425,0
DNMR.US,D,20210217,000000,1907.6,1949.2,1746.4,1841.2,156990.7,0
DNMR.US,D,20210218,000000,1760,1813.6,1724,1754.8,64127.575,0
DNMR.US,D,20210219,000000,1820,1991.6,1782.54,1974.4,77987.025,0
DNMR.US,D,20210222,000000,1888,1966.8,1825.6,1850.4,38556.15,0
DNMR.US,D,20210223,000000,1714,1810.4,1520,1671.6,99304.175,0
DNMR.US,D,20210224,000000,1720,1756.8,1617.6,1660,45095.35,0
DNMR.US,D,20210225,000000,1672.4,1737.54,1509.68,1556.4,57099.15,0
DNMR.US,D,20210226,000000,1554.8,1600,1448,1525.2,61299.35,0
DNMR.US,D,20210301,000000,1619.6,1719.6,1566.4,1607.6,40658.475,0
DNMR.US,D,20210302,000000,1642.4,1663.2,1522.8,1526,37246.4,0
DNMR.US,D,20210303,000000,1550,1580,1294.4,1369.6,76406.925,0
DNMR.US,D,20210304,000000,1324.4,1407.2,1138.8,1327.2,88336.85,0
DNMR.US,D,20210305,000000,1362.4,1388,1182.4,1312,68149.975,0
DNMR.US,D,20210308,000000,1327.2,1436.8,1268,1356.8,50187.425,0
DNMR.US,D,20210309,000000,1420,1518.8,1371.2,1383.2,70730.45,0
DNMR.US,D,20210310,000000,1434.8,1519.6,1422.14,1483.6,47430.125,0
DNMR.US,D,20210311,000000,1560,1676.4,1520,1564.8,57531.175,0
DNMR.US,D,20210312,000000,1520.4,1688.68,1502,1673.6,39440.75,0
DNMR.US,D,20210315,000000,1748.8,1874,1743.6,1816.4,55808.975,0
DNMR.US,D,20210316,000000,1900.4,1932.4,1809.07,1865.2,73045.3,0
DNMR.US,D,20210317,000000,1770.8,1924.8,1749.2,1858,63135.325,0
DNMR.US,D,20210318,000000,1899.6,2000.2,1872.4,1913.6,85541.275,0
DNMR.US,D,20210319,000000,1960,2054.8,1908,1999.2,169174.125,0
DNMR.US,D,20210322,000000,1999.2,2032.59,1704,1742,110105.625,0
DNMR.US,D,20210323,000000,1640,1786.79,1602,1770.4,82988.225,0
DNMR.US,D,20210324,000000,1740.8,1805.6,1586,1607.6,48649.475,0
DNMR.US,D,20210325,000000,1487.6,1590,1458,1516.8,72974.425,0
DNMR.US,D,20210326,000000,1528.8,1594.4,1462.4,1546.8,37194.775,0
DNMR.US,D,20210329,000000,1550,1574.8,1464,1473.6,57008.3,0
DNMR.US,D,20210330,000000,1288,1366,1214.4,1366,154759.375,0
DNMR.US,D,20210331,000000,1403.6,1608.4,1374.4,1510,88944.725,0
DNMR.US,D,20210401,000000,1564,1576.4,1484,1500.8,33690.625,0
DNMR.US,D,20210405,000000,1550.4,1606.4,1511.2,1525.2,42514.375,0
DNMR.US,D,20210406,000000,1508.8,1588.4,1508.8,1533.2,37267.625,0
DNMR.US,D,20210407,000000,1533.6,1537,1450,1480,37095.375,0
DNMR.US,D,20210408,000000,1502,1523.6,1468,1482.8,21869.35,0
DNMR.US,D,20210409,000000,1470,1478,1349.6,1374.4,51104.65,0
DNMR.US,D,20210412,000000,1394,1394,1326,1326.8,26865.5,0
DNMR.US,D,20210413,000000,1338.8,1348.2,1260.4,1284.8,41718.875,0
DNMR.US,D,20210414,000000,1270.8,1335.6,1244,1312.4,40062.425,0
DNMR.US,D,20210415,000000,1332,1346.8,1264.6,1287.2,42938.525,0
DNMR.US,D,20210416,000000,1256,1280.8,1220.4,1260.4,51659.75,0
DNMR.US,D,20210419,000000,1264,1264.4,1024.4,1039.6,131045.85,0
DNMR.US,D,20210420,000000,1043.2,1046.8,933.8,970.4,135316.1,0
DNMR.US,D,20210421,000000,983.2,1040,950.04,1000,100051.475,0
DNMR.US,D,20210422,000000,1008,1038,834,919.6,324733.225,0
DNMR.US,D,20210423,000000,914.4,997.2,890,954,78313.15,0
DNMR.US,D,20210426,000000,971.6,1127.2,961.2,1090.4,94259.325,0
DNMR.US,D,20210427,000000,1124,1124,1050,1083.6,50208.8,0
DNMR.US,D,20210428,000000,1070.4,1083.2,1008,1058.4,37209.275,0
DNMR.US,D,20210429,000000,1050.4,1068,989.2,1034.8,37327.175,0
DNMR.US,D,20210430,000000,1031.2,1069.6,1007.6,1022,34140.7,0
DNMR.US,D,20210503,000000,1022.8,1056.8,936,945.2,57696.45,0
DNMR.US,D,20210504,000000,922,933.6,810.8,885.6,156106.925,0
DNMR.US,D,20210505,000000,885.6,885.6,814,834,41583.45,0
DNMR.US,D,20210506,000000,802.4,809.2,700,706.4,172048.975,0
DNMR.US,D,20210507,000000,711.2,746,682.8,698,116595.35,0
DNMR.US,D,20210510,000000,718,742.4,652,664.4,83623.35,0
DNMR.US,D,20210511,000000,625.6,687.6,615.2,676,95292.525,0
DNMR.US,D,20210512,000000,668.4,673.6,625.6,635.6,66904.875,0
DNMR.US,D,20210513,000000,640,706.4,636,648,74761.725,0
DNMR.US,D,20210514,000000,657.2,728.8,656.404,708.8,58684.75,0
DNMR.US,D,20210517,000000,700,720.8,670,712,56098.775,0
DNMR.US,D,20210518,000000,704,830.8,686,793.6,140223.425,0
DNMR.US,D,20210519,000000,774,807.2,752.8,800.8,61261.25,0
DNMR.US,D,20210520,000000,832,845.2,802.8,810.8,65663.45,0
DNMR.US,D,20210521,000000,805.6,922,774,878.4,103842.9,0
DNMR.US,D,20210524,000000,890.4,901.6,828.8,841.2,53527.8,0
DNMR.US,D,20210525,000000,845.6,867.6,819.2,829.2,47289.05,0
DNMR.US,D,20210526,000000,828.4,862.4,827.2,831.6,39803.125,0
DNMR.US,D,20210527,000000,848,933.6,836.8,931.2,74157.8,0
DNMR.US,D,20210528,000000,940,942.4,868.8,887.2,48669.775,0
DNMR.US,D,20210601,000000,898,918.8,845.204,875.2,33637.975,0
DNMR.US,D,20210602,000000,878,1028,858.4,976.8,203469.925,0
DNMR.US,D,20210603,000000,973.2,1030,938.4,976.8,54836.25,0
DNMR.US,D,20210604,000000,987.6,1007.6,946.8,1007.6,41425.9,0
DNMR.US,D,20210607,000000,1020,1125.6,993.2,1106.4,60175.65,0
DNMR.US,D,20210608,000000,1133.2,1180,1116.66,1159.6,67989.375,0
DNMR.US,D,20210609,000000,1144,1178,1045.6,1046.4,66084.875,0
DNMR.US,D,20210610,000000,1071.2,1086.8,982.8,993.2,49645.9,0
DNMR.US,D,20210611,000000,1008,1040,983.2,992.4,36863.925,0
DNMR.US,D,20210614,000000,997.6,1014.4,914,919.6,52789.5,0
DNMR.US,D,20210615,000000,923.2,941.2,888,922.8,40972.95,0
DNMR.US,D,20210616,000000,917.2,972.8,908.4,941.2,30577.425,0
DNMR.US,D,20210617,000000,938,980,916.4,942.4,24838.85,0
DNMR.US,D,20210618,000000,944,954.8,883.2,909.2,35080.3,0
DNMR.US,D,20210621,000000,918.4,956,899,929.2,26980.45,0
DNMR.US,D,20210622,000000,940,945.596,884.4,901.6,28281.3,0
DNMR.US,D,20210623,000000,909.2,962.8,906.4,946.8,31622.675,0
DNMR.US,D,20210624,000000,959.6,1012.8,956,999.2,37881.075,0
DNMR.US,D,20210625,000000,1005.2,1017.6,972,982.4,249743.925,0
DNMR.US,D,20210628,000000,981.6,1085.2,980,1021.2,56094.35,0
DNMR.US,D,20210629,000000,1048.4,1052.8,980.4,985.2,37067.8,0
DNMR.US,D,20210630,000000,994,1012.8,952,1002,31692.225,0
DNMR.US,D,20210701,000000,1006.8,1013.92,956.8,980.8,50804.4,0
DNMR.US,D,20210702,000000,989.6,1067.2,976.4,1062,50378.375,0
DNMR.US,D,20210706,000000,1050.8,1087.6,992.44,1011.6,34827.025,0
DNMR.US,D,20210707,000000,1014,1030,921.2,934.4,43379.45,0
DNMR.US,D,20210708,000000,899.6,977.2,891.2,976.8,28070.725,0
DNMR.US,D,20210709,000000,992,1008,955.2,1000,17727.7,0
DNMR.US,D,20210712,000000,995.6,1002.4,954.8,997.2,14614.225,0
DNMR.US,D,20210713,000000,985.2,987.6,912,914.8,33487,0
DNMR.US,D,20210714,000000,921.6,925.2,837.2,847.2,44764.825,0
DNMR.US,D,20210715,000000,850,866.2,764.8,784.4,86291.65,0
DNMR.US,D,20210716,000000,800,814,761.2,766.4,47376.975,0
DNMR.US,D,20210719,000000,756,813.98,739.2,770,52081.875,0
DNMR.US,D,20210720,000000,771.2,798.408,755.2,786.4,29618.875,0
DNMR.US,D,20210721,000000,794.8,820.8,788.4,791.2,25058.45,0
DNMR.US,D,20210722,000000,798.4,799.6,748,770,26551.95,0
DNMR.US,D,20210723,000000,769.6,778,725.6,729.6,32820.1,0
DNMR.US,D,20210726,000000,725.6,743.2,704.8,739.2,38784.825,0
DNMR.US,D,20210727,000000,749.6,759.2,704,709.2,26962.9,0
DNMR.US,D,20210728,000000,711.2,746.2,710.152,742.8,41301.5,0
DNMR.US,D,20210729,000000,747.2,763.6,652.4,669.6,63421.5,0
DNMR.US,D,20210730,000000,684.8,700,658.8,667.2,39239.925,0
DNMR.US,D,20210802,000000,681.4,687.2,639.2,654.8,52228.375,0
DNMR.US,D,20210803,000000,655.2,661.2,628.8,654.4,39654.8,0
DNMR.US,D,20210804,000000,643.2,662,620,626,33600.25,0
DNMR.US,D,20210805,000000,633.6,683.2,625.624,675.6,29969.6,0
DNMR.US,D,20210806,000000,690,710,677.2,684,33779.225,0
DNMR.US,D,20210809,000000,680,715.2,668.8,691.6,18319.275,0
DNMR.US,D,20210810,000000,696,703.6,680.4,690.4,18836,0
DNMR.US,D,20210811,000000,687.2,689.2,622.8,649.2,53529.225,0
DNMR.US,D,20210812,000000,651.2,654.8,621.108,634.4,32051.575,0
DNMR.US,D,20210813,000000,627.2,629,598.4,618.8,55641.15,0
DNMR.US,D,20210816,000000,614,614,522.8,530.8,96604.525,0
DNMR.US,D,20210817,000000,582.8,614,542.4,600.8,163245.85,0
DNMR.US,D,20210818,000000,591.6,642,552,614.8,103399.55,0
DNMR.US,D,20210819,000000,592.8,594.396,552.8,563.2,81738.1,0
DNMR.US,D,20210820,000000,566.4,608,555.2,600.8,54471.525,0
DNMR.US,D,20210823,000000,604.4,663.2,597.868,656.4,64844.8,0
DNMR.US,D,20210824,000000,666,720,660.8,719.6,70243.05,0
DNMR.US,D,20210825,000000,730,779.6,712,748.8,63045.85,0
DNMR.US,D,20210826,000000,736,770.8,727.2,748.4,46078.025,0
DNMR.US,D,20210827,000000,741.2,819.2,741.2,804,54791.275,0
DNMR.US,D,20210830,000000,813.6,821.2,742.8,782.8,60077.05,0
DNMR.US,D,20210831,000000,780,790.4,752,781.6,46717.55,0
DNMR.US,D,20210901,000000,781.6,843.2,771.2,834.8,44565.45,0
DNMR.US,D,20210902,000000,830.4,855.2,808,830.8,26132,0
DNMR.US,D,20210903,000000,825.2,831.2,792.8,822.4,38431.3,0
DNMR.US,D,20210907,000000,820,828,718,720.4,77192.2,0
DNMR.US,D,20210908,000000,732.4,766,708.188,746,50561.025,0
DNMR.US,D,20210909,000000,732,778.8,730.844,740.8,30373.075,0
DNMR.US,D,20210910,000000,744,747.996,695.4,697.2,39645.475,0
DNMR.US,D,20210913,000000,700,738,680.4,714,36528.925,0
DNMR.US,D,20210914,000000,715.6,723.996,672,689.6,35322.175,0
DNMR.US,D,20210915,000000,682,710.8,562,589.2,302740.1,0
DNMR.US,D,20210916,000000,609.6,663.2,594,662.4,112642.225,0
DNMR.US,D,20210917,000000,659.2,683.196,630,666,71298.825,0
DNMR.US,D,20210920,000000,628.8,652,614.8,633.2,41025,0
DNMR.US,D,20210921,000000,639.6,653.56,627.6,630,41146.475,0
DNMR.US,D,20210922,000000,684.4,684.4,622.8,633.6,63344.2,0
DNMR.US,D,20210923,000000,654,707.2,651.376,697.6,52733.025,0
DNMR.US,D,20210924,000000,681.6,703.6,675.6,680.4,36709.75,0
DNMR.US,D,20210927,000000,684.8,737.6,680,722.4,30335.025,0
DNMR.US,D,20210928,000000,708.4,719.6,657.2,665.2,46049.725,0
DNMR.US,D,20210929,000000,674.8,684.8,641.2,650.4,49292.8,0
DNMR.US,D,20210930,000000,658.4,680,651.6,653.6,27091.875,0
DNMR.US,D,20211001,000000,657.2,671.56,636,669.2,25056.7,0
DNMR.US,D,20211004,000000,660.8,660.8,605.2,606,43906.125,0
DNMR.US,D,20211005,000000,606.8,626,597.2,612,34423.275,0
DNMR.US,D,20211006,000000,600.4,612,587.2,606,33475.4,0
DNMR.US,D,20211007,000000,620,628.8,601.2,611.2,29220.4,0
DNMR.US,D,20211008,000000,609.2,612,596.2,600.4,16004.65,0
DNMR.US,D,20211011,000000,598.4,616,593.6,594.4,20365.775,0
DNMR.US,D,20211012,000000,598,598.8,576.4,581.6,35732.65,0
DNMR.US,D,20211013,000000,587.6,588.8,574.8,578.8,31161.65,0
DNMR.US,D,20211014,000000,587.6,594.4,574,580,31886.25,0
DNMR.US,D,20211015,000000,592.4,593.2,572.8,576.8,32171.825,0
DNMR.US,D,20211018,000000,570,572.8,535.6,536.8,57226.825,0
DNMR.US,D,20211019,000000,540,566.8,536,550.8,40606.15,0
DNMR.US,D,20211020,000000,553.6,644.8,543.6,582.8,177282.1,0
DNMR.US,D,20211021,000000,609.2,662.8,604.8,629.6,110972.9,0
DNMR.US,D,20211022,000000,630,634.4,583.2,589.2,60628.25,0
DNMR.US,D,20211025,000000,594.8,608.828,579.6,598.8,53737.55,0
DNMR.US,D,20211026,000000,596,608.8,582.4,592.4,39043.45,0
DNMR.US,D,20211027,000000,594,594.796,576,582.4,26232.8,0
DNMR.US,D,20211028,000000,587.2,595.6,579.2,591.2,39339.425,0
DNMR.US,D,20211029,000000,590.8,603.2,581.2,590.4,30484.85,0
DNMR.US,D,20211101,000000,600,712,600,710.8,107224.9,0
DNMR.US,D,20211102,000000,706,719.2,668.8,718.8,54886.325,0
DNMR.US,D,20211103,000000,710.4,797.6,709.6,772.4,146783.65,0
DNMR.US,D,20211104,000000,770,808,728.4,799.2,56223.35,0
DNMR.US,D,20211105,000000,796,811.2,758,759.6,43428.55,0
DNMR.US,D,20211108,000000,773.6,816,760.4,796,54420.6,0
DNMR.US,D,20211109,000000,784.8,792,724.4,758.4,48340.15,0
DNMR.US,D,20211110,000000,735.2,778,710.8,711.2,36721.225,0
DNMR.US,D,20211111,000000,721.6,742,698.4,704,44222.3,0
DNMR.US,D,20211112,000000,707.2,728,696.8,719.6,26220.2,0
DNMR.US,D,20211115,000000,719.2,722.8,694.4,709.2,50053.5,0
DNMR.US,D,20211116,000000,640.8,641.2,558.4,590.4,226945.15,0
DNMR.US,D,20211117,000000,595.6,648,595.6,648,70283.7,0
DNMR.US,D,20211118,000000,633.6,636.96,552,573.6,105382.875,0
DNMR.US,D,20211119,000000,574.8,595.6,574.8,580,52425.65,0
DNMR.US,D,20211122,000000,580,586.4,536.8,547.2,59166.275,0
DNMR.US,D,20211123,000000,559.6,565.2,521.044,534.8,43118.5,0
DNMR.US,D,20211124,000000,538,563.6,527.6,556,32246.85,0
DNMR.US,D,20211126,000000,531.6,559.2,528.8,555.6,25492.35,0
DNMR.US,D,20211129,000000,547.2,568.6,522,565.2,43066.975,0
DNMR.US,D,20211130,000000,557.6,566,520.8,533.6,54663.65,0
DNMR.US,D,20211201,000000,539.2,541.2,461.2,461.6,78363.15,0
DNMR.US,D,20211202,000000,474.8,496,448,469.2,71173.4,0
DNMR.US,D,20211203,000000,469.2,474,428.4,445.2,68211.825,0
DNMR.US,D,20211206,000000,438.8,472,410.8,467.6,58364.85,0
DNMR.US,D,20211207,000000,482.8,525.2,482.8,508.8,36280.4,0
DNMR.US,D,20211208,000000,512,528,492.8,517.2,29284.25,0
DNMR.US,D,20211209,000000,508.8,523.6,487.6,488.8,22170.35,0
DNMR.US,D,20211210,000000,492,507.6,478.4,486.8,23688.35,0
DNMR.US,D,20211213,000000,478.8,480.8,441.2,447.2,35875.275,0
DNMR.US,D,20211214,000000,434.8,457.2,430.8,435.6,38491.925,0
DNMR.US,D,20211215,000000,440,440.8,413.2,423.6,55251.025,0
DNMR.US,D,20211216,000000,362.4,365.6,333.4,338.4,500966.325,0
DNMR.US,D,20211217,000000,339.2,363.96,328,356,363913,0
DNMR.US,D,20211220,000000,340.4,344.4,327.2,336,106298.85,0
DNMR.US,D,20211221,000000,340,354,337.6,348.8,61364.95,0
DNMR.US,D,20211222,000000,341.6,359.8,338,349.6,54388.275,0
DNMR.US,D,20211223,000000,350,364.8,344,358.8,72566.25,0
DNMR.US,D,20211227,000000,353.6,354,342.8,346.8,66410.875,0
DNMR.US,D,20211228,000000,343.2,353.2,333.2,338.4,59184.75,0
DNMR.US,D,20211229,000000,336.4,337.996,320.8,328,60113.6,0
DNMR.US,D,20211230,000000,325.6,364,325.2,349.2,82024.075,0
DNMR.US,D,20211231,000000,344,354.932,337.2,340.8,41366.175,0
DNMR.US,D,20220103,000000,348,374,344.4,354.4,53890.225,0
DNMR.US,D,20220104,000000,360.8,364.8,331.2,337.2,70352.425,0
DNMR.US,D,20220105,000000,333.6,337.92,303.2,308.8,69851.875,0
DNMR.US,D,20220106,000000,313.6,318.4,289.264,300.4,54281.375,0
DNMR.US,D,20220107,000000,302.8,318,297.2,302,59803.25,0
DNMR.US,D,20220110,000000,298.4,298.8,278.88,288.8,56942.625,0
DNMR.US,D,20220111,000000,290,303.2,281.6,293.2,58298.325,0
DNMR.US,D,20220112,000000,298.8,309.2,284.8,284.8,44448.175,0
DNMR.US,D,20220113,000000,287.6,289.6,266,267.2,68940.1,0
DNMR.US,D,20220114,000000,266,268.8,252.4,265.6,76994.85,0
DNMR.US,D,20220118,000000,251.6,252.8,236.8,237.2,132285.2,0
DNMR.US,D,20220119,000000,240.4,240.4,210.4,216,277546.4,0
DNMR.US,D,20220120,000000,222.4,224.8,196,196.4,202783.475,0
DNMR.US,D,20220121,000000,193.6,200,181.2,181.6,242461.775,0
DNMR.US,D,20220124,000000,172,195.2,158.6,194.4,220175.675,0
DNMR.US,D,20220125,000000,188.4,199.6,184.404,194.4,126911.3,0
DNMR.US,D,20220126,000000,210,211.56,179.2,180.8,127448.7,0
DNMR.US,D,20220127,000000,183.6,186.6,172.4,174.4,110606.825,0
DNMR.US,D,20220128,000000,177.2,184.8,170.2,184,65606.775,0
DNMR.US,D,20220131,000000,185.2,208,184,200.4,93229.625,0
DNMR.US,D,20220201,000000,208,216.4,198.8,208.8,123647.85,0
DNMR.US,D,20220202,000000,208.8,210.8,185.2,185.2,95232.125,0
DNMR.US,D,20220203,000000,182.8,184,162,162.4,95743.85,0
DNMR.US,D,20220204,000000,166,170.8,158.8,163.2,100615.35,0
DNMR.US,D,20220207,000000,166,171.996,154,155.2,97659,0
DNMR.US,D,20220208,000000,156,162.8,153.6,155.6,73931.325,0
DNMR.US,D,20220209,000000,160.4,177.4,155.2,172,170097.575,0
DNMR.US,D,20220210,000000,164.4,176.4,158,158,111904.9,0
DNMR.US,D,20220211,000000,158.4,162.4,144.44,148.4,91753.25,0
DNMR.US,D,20220214,000000,148.8,156,143.6,146.4,74597.725,0
DNMR.US,D,20220215,000000,152.4,170.8,152,162.8,112652.35,0
DNMR.US,D,20220216,000000,160.8,171.6,160,169.6,91436.65,0
DNMR.US,D,20220217,000000,166,167.6,155.2,156,57632.525,0
DNMR.US,D,20220218,000000,155.2,159.2,145.2,146.8,78448.475,0
DNMR.US,D,20220222,000000,146,149.516,137.6,138,88925,0
DNMR.US,D,20220223,000000,143.2,145.6,131.6,133.2,76240.05,0
DNMR.US,D,20220224,000000,124.4,152,123.736,151.6,97259.8,0
DNMR.US,D,20220225,000000,156.8,158.4,144.6,157.6,91328.475,0
DNMR.US,D,20220228,000000,158,164.8,153.6,159.2,83451.425,0
DNMR.US,D,20220301,000000,166.4,197.6,165.6,190.8,229001.475,0
DNMR.US,D,20220302,000000,190.048,191.8,177,183.2,106382.05,0
DNMR.US,D,20220303,000000,184,199.2,182,194.4,91064.95,0
DNMR.US,D,20220304,000000,190,193.2,164.8,166.4,110245.05,0
DNMR.US,D,20220307,000000,168.8,173.2,156.8,157.2,87241.775,0
DNMR.US,D,20220308,000000,157.2,166.4,150.4,158.8,86076.525,0
DNMR.US,D,20220309,000000,166,173.2,157.6,162.4,90761.425,0
DNMR.US,D,20220310,000000,160,162.4,144,146,104284.825,0
DNMR.US,D,20220311,000000,150.4,150.4,142,142.4,61755.85,0
DNMR.US,D,20220314,000000,142,143.6,130.8,136.4,106930.375,0
DNMR.US,D,20220315,000000,136.8,160,130.4,159.6,101256.325,0
DNMR.US,D,20220316,000000,161.6,176.352,161.2,173.6,101678.375,0
DNMR.US,D,20220317,000000,168,195.6,166.8,194.8,111738.175,0
DNMR.US,D,20220318,000000,192.8,226.4,192.004,226.4,204381.8,0
DNMR.US,D,20220321,000000,224,233.176,215.2,228.8,173618.675,0
DNMR.US,D,20220322,000000,231.2,250.692,227.6,237.6,97596.1,0
DNMR.US,D,20220323,000000,234,259.6,231,240,80688.725,0
DNMR.US,D,20220324,000000,243.6,244.8,225.2,235.6,55321.425,0
DNMR.US,D,20220325,000000,238.8,238.8,211.2,230.4,86381.1,0
DNMR.US,D,20220328,000000,232,238,221.8,229.6,35982,0
DNMR.US,D,20220329,000000,233.2,271,230.8,254.8,113441.95,0
DNMR.US,D,20220330,000000,248.8,265.2,236.4,242,67272.625,0
DNMR.US,D,20220331,000000,244.4,245.2,229.4,234.4,93706.5,0
DNMR.US,D,20220401,000000,240,241.6,226,233.2,43089.275,0
DNMR.US,D,20220404,000000,234.8,266,234.4,261.2,83025.05,0
DNMR.US,D,20220405,000000,260.4,263.596,236.8,241.6,52946.225,0
DNMR.US,D,20220406,000000,235.6,238.192,217.312,229.6,70057,0
DNMR.US,D,20220407,000000,232,239.2,212.8,225.2,53735.35,0
DNMR.US,D,20220408,000000,226,226,210.8,211.2,45144,0
DNMR.US,D,20220411,000000,206.4,213.4,198.4,207.6,51993.975,0
DNMR.US,D,20220412,000000,211.2,221.6,203.2,218,38206.575,0
DNMR.US,D,20220413,000000,216.4,217.2,208.4,214.4,33475.9,0
DNMR.US,D,20220414,000000,216,217.6,199.2,200,44561.45,0
DNMR.US,D,20220418,000000,200,204.8,190,204.4,58938.8,0
DNMR.US,D,20220419,000000,206.8,217.4,201.2,214.4,33157.125,0
DNMR.US,D,20220420,000000,214,215.6,192.8,196,56792.375,0
DNMR.US,D,20220421,000000,200.4,207.888,182.6,184,45579.275,0
DNMR.US,D,20220422,000000,182,192,173.6,176.8,54042.35,0
DNMR.US,D,20220425,000000,172.8,180.4,172,176.8,40040.475,0
DNMR.US,D,20220426,000000,176,176.4,166,167.2,40848.95,0
DNMR.US,D,20220427,000000,169.6,173.44,158,159.6,47157.3,0
DNMR.US,D,20220428,000000,160.8,168,153.2,167.6,54164.3,0
DNMR.US,D,20220429,000000,166,172.8,155.6,156.8,43666.45,0
DNMR.US,D,20220502,000000,155.6,171.2,152.8,171.2,49838.15,0
DNMR.US,D,20220503,000000,168.4,185.6,164.4,181.2,50944.675,0
DNMR.US,D,20220504,000000,182.4,189.6,168,189.2,43506.275,0
DNMR.US,D,20220505,000000,183.6,189.2,171.6,177.2,32235.65,0
DNMR.US,D,20220506,000000,174.4,182,164.8,177.2,32572.85,0
DNMR.US,D,20220509,000000,169.6,170,158.2,160.4,37815.55,0
DNMR.US,D,20220510,000000,166,166,142,142,87900.675,0
DNMR.US,D,20220511,000000,154.4,166,136.8,138.4,68939.075,0
DNMR.US,D,20220512,000000,138,142.4,126,133.6,107955.8,0
DNMR.US,D,20220513,000000,140.4,163.6,138.4,159.2,68291.7,0
DNMR.US,D,20220516,000000,158.8,171.2,156.8,161.6,56634.675,0
DNMR.US,D,20220517,000000,166.8,177.6,162.4,177.6,54861.875,0
DNMR.US,D,20220518,000000,176.8,200,171.2,175.6,83637.975,0
DNMR.US,D,20220519,000000,174,197.4,174,189.6,62394.375,0
DNMR.US,D,20220520,000000,192,195.2,160.2,167.6,63550.325,0
DNMR.US,D,20220523,000000,168.8,176.4,164,176.4,34992.925,0
DNMR.US,D,20220524,000000,169.6,172,158,159.2,42487.325,0
DNMR.US,D,20220525,000000,160,166,157.204,165.2,31222.55,0
DNMR.US,D,20220526,000000,166.4,184,164.8,179.6,45905.6,0
DNMR.US,D,20220527,000000,182.4,191.8,182.4,190.4,33610.925,0
DNMR.US,D,20220531,000000,191.6,192.4,171.2,175.6,61776.5,0
DNMR.US,D,20220601,000000,175.6,177.604,166,166.4,33711.9,0
DNMR.US,D,20220602,000000,166.4,172.6,160,167.6,42761.275,0
DNMR.US,D,20220603,000000,162.8,166.4,157.6,162,30748.65,0
DNMR.US,D,20220606,000000,164,167,153.8,161.6,39958.275,0
DNMR.US,D,20220607,000000,157.2,162,154.8,160.8,26313.95,0
DNMR.US,D,20220608,000000,159.6,170.8,158,163.2,32178.15,0
DNMR.US,D,20220609,000000,163.2,163.2,155.6,156,25953.925,0
DNMR.US,D,20220610,000000,153.2,155.4,147.8,152,37753,0
DNMR.US,D,20220613,000000,144,146.4,136.8,139.6,40127.275,0
DNMR.US,D,20220614,000000,141.2,152,138,152,64015.675,0
DNMR.US,D,20220615,000000,151.6,164.6,149.428,162.8,55557.025,0
DNMR.US,D,20220616,000000,152,155.2,146,150.8,45400.8,0
DNMR.US,D,20220617,000000,153.6,163.6,149.2,163.6,63547.6,0
DNMR.US,D,20220621,000000,165.96,175.2,163.6,175.2,56660.825,0
DNMR.US,D,20220622,000000,170,186.8,168.4,185.2,64025.85,0
DNMR.US,D,20220623,000000,184.8,207.2,184.8,205.6,69476.275,0
DNMR.US,D,20220624,000000,208,213.8,202.4,208,137438.975,0
DNMR.US,D,20220627,000000,208,233.6,200.2,232.4,70265.125,0
DNMR.US,D,20220628,000000,229.6,236.8,216.4,220,63417.55,0
DNMR.US,D,20220629,000000,215.2,216.8,198.8,204.4,44561.475,0
DNMR.US,D,20220630,000000,197.2,199.6,178.4,182.4,53112.225,0
DNMR.US,D,20220701,000000,184.4,190.4,178.6,188.8,33137.6,0
DNMR.US,D,20220705,000000,183.2,205.2,178.4,205.2,52761,0
DNMR.US,D,20220706,000000,204.8,211.2,201.6,208.4,36848.675,0
DNMR.US,D,20220707,000000,210.8,215.6,205.2,214.8,30969.575,0
DNMR.US,D,20220708,000000,210.8,212.4,202.4,204,34442.875,0
DNMR.US,D,20220711,000000,200,205.2,190.4,191.2,44510.475,0
DNMR.US,D,20220712,000000,191.2,195.8,184.44,194,21886.875,0
DNMR.US,D,20220713,000000,186.8,211.2,184,209.6,29543.95,0
DNMR.US,D,20220714,000000,203.6,204.8,191.8,198,32328.775,0
DNMR.US,D,20220715,000000,202,203.2,184.4,200.4,31901.95,0
DNMR.US,D,20220718,000000,203.6,214,198,200.4,30894.05,0
DNMR.US,D,20220719,000000,203.6,206.4,198.6,206,26930.45,0
DNMR.US,D,20220720,000000,206.4,217.8,204.4,212.4,37937.675,0
DNMR.US,D,20220721,000000,208,211.968,200.4,202.8,36023.475,0
DNMR.US,D,20220722,000000,204,204,182.4,184.4,35396.525,0
DNMR.US,D,20220725,000000,186.4,186.4,172.8,184.8,38984.975,0
DNMR.US,D,20220726,000000,182,182,173.2,173.2,22002.125,0
DNMR.US,D,20220727,000000,176.8,189.8,174.8,187.2,21585.125,0
DNMR.US,D,20220728,000000,187.2,193.6,182.6,188.4,21171.75,0
DNMR.US,D,20220729,000000,185.6,190,180.8,184.8,16363.125,0
DNMR.US,D,20220801,000000,181.6,184,177.6,178.4,21951.525,0
DNMR.US,D,20220802,000000,173.6,181.6,172,177.6,35892.85,0
DNMR.US,D,20220803,000000,181.2,193.6,179.2,193.2,28673.875,0
DNMR.US,D,20220804,000000,195.2,195.2,187.6,192.8,20531.325,0
DNMR.US,D,20220805,000000,187.2,195.2,184.2,189.2,29715.75,0
DNMR.US,D,20220808,000000,192,205.2,185.8,187.2,55511.425,0
DNMR.US,D,20220809,000000,184.8,186,158.4,162.8,97787.925,0
DNMR.US,D,20220810,000000,170,195.6,164.6,195.2,70082.475,0
DNMR.US,D,20220811,000000,195.6,197.2,187.8,192.4,48269.575,0
DNMR.US,D,20220812,000000,194,227.6,192.84,226.4,88932,0
DNMR.US,D,20220815,000000,220,229,210.8,211.6,42880.325,0
DNMR.US,D,20220816,000000,209.6,231.6,199,218.8,73297.95,0
DNMR.US,D,20220817,000000,213.6,219.6,200.404,205.2,41056,0
DNMR.US,D,20220818,000000,204.8,214.8,201.604,208,29774.425,0
DNMR.US,D,20220819,000000,200,202.4,187.2,190.8,40742.9,0
DNMR.US,D,20220822,000000,184.4,185.6,173.2,176,46535.625,0
DNMR.US,D,20220823,000000,178.8,183.544,172.4,174,35821.625,0
DNMR.US,D,20220824,000000,175.6,190,175.2,189.2,26460.475,0
DNMR.US,D,20220825,000000,192,203,192,200.4,35592.375,0
DNMR.US,D,20220826,000000,187.6,189.6,175.2,179.2,42979.95,0
DNMR.US,D,20220829,000000,177.2,183.2,175.6,176,19814.575,0
DNMR.US,D,20220830,000000,178,178.8,169.568,171.6,23559.2,0
DNMR.US,D,20220831,000000,175.2,179.2,170,178,17507.5,0
DNMR.US,D,20220901,000000,172.4,176.4,166.4,170,25993.875,0
DNMR.US,D,20220902,000000,174.8,174.8,160,161.2,31918.725,0
DNMR.US,D,20220906,000000,164.8,169.6,161.2,166.4,20324.9,0
DNMR.US,D,20220907,000000,162.8,173.6,162.8,172.4,27817.625,0
DNMR.US,D,20220908,000000,165.6,166.8,156,165.2,32343.25,0
DNMR.US,D,20220909,000000,168,176.4,166,172.8,27571.025,0
DNMR.US,D,20220912,000000,175.2,177.6,166.8,169.6,31665.975,0
DNMR.US,D,20220913,000000,160.4,166.8,158.8,162,31473.55,0
DNMR.US,D,20220914,000000,162.8,162.8,157.2,162,23559.875,0
DNMR.US,D,20220915,000000,160,165.6,154,156.4,28483.925,0
DNMR.US,D,20220916,000000,152,154.4,148,150.4,37084.675,0
DNMR.US,D,20220919,000000,147.2,150.6,142.6,147.2,26159.85,0
DNMR.US,D,20220920,000000,146,146,138.8,140.4,25272.7,0
DNMR.US,D,20220921,000000,142.4,148.6,139.6,141.2,23221.475,0
DNMR.US,D,20220922,000000,142,142.8,128.8,130.4,35078.95,0
DNMR.US,D,20220923,000000,127.2,129.6,121.2,124.4,43792.175,0
DNMR.US,D,20220926,000000,122,132.8,116.8,117.2,44422.225,0
DNMR.US,D,20220927,000000,122.4,125,113.6,120.4,44362.875,0
DNMR.US,D,20220928,000000,120,127.2,117.2,125.2,26376.65,0
DNMR.US,D,20220929,000000,121.6,122.4,114,116,30358.25,0
DNMR.US,D,20220930,000000,115.6,125.6,114,118,35238.35,0
DNMR.US,D,20221003,000000,120.8,120.8,114.4,116.4,21114.3,0
DNMR.US,D,20221004,000000,120.8,123.6,118.4,121.6,28520.425,0
DNMR.US,D,20221005,000000,117.6,120.6,114.404,116.8,21067.375,0
DNMR.US,D,20221006,000000,117.2,121.6,114.4,114.8,23595.4,0
DNMR.US,D,20221007,000000,114,115.2,103.2,104.4,35954.725,0
DNMR.US,D,20221010,000000,106,106.2,98.4,100.4,20598.6,0
DNMR.US,D,20221011,000000,98.4,101.596,96,98.8,26415.9,0
DNMR.US,D,20221012,000000,102.8,104.4,94,104,40600.725,0
DNMR.US,D,20221013,000000,98,108,94.4,105.2,35404.925,0
DNMR.US,D,20221014,000000,107.2,107.604,94.4,95.2,25234.625,0
DNMR.US,D,20221017,000000,98.8,100.8,97.2,98,16348.3,0
DNMR.US,D,20221018,000000,99.6,100.4,92.6,95.6,32684.95,0
DNMR.US,D,20221019,000000,93.6,95.58,90,91.2,27794.05,0
DNMR.US,D,20221020,000000,90.8,94.2,86.4,87.2,27315.075,0
DNMR.US,D,20221021,000000,86.8,91,84.8,90.4,22829.025,0
DNMR.US,D,20221024,000000,90.4,90.4,84,88,30423.525,0
DNMR.US,D,20221025,000000,86,99.6,86,95.6,44207.5,0
DNMR.US,D,20221026,000000,94.8,104.8,92,100,30694.825,0
DNMR.US,D,20221027,000000,100,102.2,94.4,94.8,15479.65,0
DNMR.US,D,20221028,000000,94.4,98,91.4,98,17480.25,0
DNMR.US,D,20221031,000000,98.4,106.6,95.8,104.8,22378.85,0
DNMR.US,D,20221101,000000,106,113.12,103.6,112,35798.875,0
DNMR.US,D,20221102,000000,110.8,111.6,102,102,22961.625,0
DNMR.US,D,20221103,000000,99.6,105,98.4,103.2,18517.775,0
DNMR.US,D,20221104,000000,107.2,107.6,98.8,102.8,22161.875,0
DNMR.US,D,20221107,000000,104.8,105.308,93.2,97.2,47694.675,0
DNMR.US,D,20221108,000000,98,100,92,98,52631.15,0
DNMR.US,D,20221109,000000,92.4,116.2,92.4,100.8,55832.9,0
DNMR.US,D,20221110,000000,106.4,111.6,103.2,109.2,58283.15,0
DNMR.US,D,20221111,000000,109.2,120,106,120,33684.825,0
DNMR.US,D,20221114,000000,116.4,118.4,112.4,112.8,24179.575,0
DNMR.US,D,20221115,000000,117.6,129.6,116.4,121.2,41908.6,0
DNMR.US,D,20221116,000000,117.6,118.8,108.804,111.2,28775.95,0
DNMR.US,D,20221117,000000,107.2,114,105.6,113.6,17920.1,0
DNMR.US,D,20221118,000000,117.2,117.2,104,104,28715.55,0
DNMR.US,D,20221121,000000,103.6,108.4,98,99.6,36843.525,0
DNMR.US,D,20221122,000000,101.2,113.2,96.832,108.8,33032.55,0
DNMR.US,D,20221123,000000,109.6,112,103.6,107.2,13820.25,0
DNMR.US,D,20221125,000000,106.8,111.6,104.9,111.6,7954.175,0
DNMR.US,D,20221128,000000,110,113.2,104.8,106,22946.8,0
DNMR.US,D,20221129,000000,105.6,111.8,104.4,110.4,15182.725,0
DNMR.US,D,20221130,000000,110.4,110.86,100.4,106.4,58273.15,0
DNMR.US,D,20221201,000000,107.4,110.48,92.4,92.8,39313.225,0
DNMR.US,D,20221202,000000,92.8,93.6,88,90,40547.875,0
DNMR.US,D,20221205,000000,89.6,92,88.4,88.8,23416.625,0
DNMR.US,D,20221206,000000,88.8,90,80,80.4,63073.1,0
DNMR.US,D,20221207,000000,80.4,80.6,75.2,77.2,44306.275,0
DNMR.US,D,20221208,000000,79.2,83.2,76.4,83.2,35003.625,0
DNMR.US,D,20221209,000000,81.6,83.6,79.2,81.2,26625.5,0
DNMR.US,D,20221212,000000,80.4,81.2,72.8,77.2,51994.025,0
DNMR.US,D,20221213,000000,80,83.8,74,77.6,42317.925,0
DNMR.US,D,20221214,000000,78,80.832,76,80,39584.225,0
DNMR.US,D,20221215,000000,77.2,79.2,74.4,74.4,26688.95,0
DNMR.US,D,20221216,000000,74.4,74.8,67.28,68.4,126755.975,0
DNMR.US,D,20221219,000000,68.4,69.2,65.2,66,35193.5,0
DNMR.US,D,20221220,000000,66,69.6,63.6,68.8,33429.85,0
DNMR.US,D,20221221,000000,68.4,74.8,67.6,71.2,22728.075,0
DNMR.US,D,20221222,000000,68.8,69.6,64,67.6,26607.125,0
DNMR.US,D,20221223,000000,67.2,68.004,64,66.8,20763.825,0
DNMR.US,D,20221227,000000,65.6,66.4,62.8,64.4,34968.375,0
DNMR.US,D,20221228,000000,64,66.4,64,64.4,27486.2,0
DNMR.US,D,20221229,000000,64.4,69.8,64.4,68.4,32139.65,0
DNMR.US,D,20221230,000000,67.2,74.8,66.4,71.6,37055.625,0
DNMR.US,D,20230103,000000,72.8,76.4,70.4,72,24372.125,0
DNMR.US,D,20230104,000000,72.8,77.2,72,73.6,19918.275,0
DNMR.US,D,20230105,000000,72.8,73.2,67.6,67.6,20706.9,0
DNMR.US,D,20230106,000000,68.8,70,64.4,69.2,29563,0
DNMR.US,D,20230109,000000,72,83.6,71.6,76.8,56336,0
DNMR.US,D,20230110,000000,76.4,79.2,74,76.4,21117.7,0
DNMR.US,D,20230111,000000,78.8,84,77,83.6,27851.575,0
DNMR.US,D,20230112,000000,83.6,86,79.6,84.4,30387.775,0
DNMR.US,D,20230113,000000,84.4,93.6,82.6,86,34051.125,0
DNMR.US,D,20230117,000000,86.8,89.6,83.6,89.2,34431.2,0
DNMR.US,D,20230118,000000,90.8,93.2,82.2,83.6,23125.425,0
DNMR.US,D,20230119,000000,84,86.4,80.8,84,19206.475,0
DNMR.US,D,20230120,000000,85.6,92,82.2,88.8,71483,0
DNMR.US,D,20230123,000000,89.6,92.8,86.82,90.4,25908.4,0
DNMR.US,D,20230124,000000,88,93.2,87.6,88.8,16519.15,0
DNMR.US,D,20230125,000000,87.2,89.6,84.8,89.2,15281.25,0
DNMR.US,D,20230126,000000,89.6,91.2,85.2,86.4,16512.65,0
DNMR.US,D,20230127,000000,85.2,100.4,84.8,98,36596.725,0
DNMR.US,D,20230130,000000,96.8,100.4,92,92,22754.225,0
DNMR.US,D,20230131,000000,95.6,98,90,91.2,21616.8,0
DNMR.US,D,20230201,000000,91.2,96,87.2,94,21426.225,0
DNMR.US,D,20230202,000000,98.8,110.34,98.8,108,54275,0
DNMR.US,D,20230203,000000,104.8,111.2,102.46,108.4,33095.5,0
DNMR.US,D,20230206,000000,106.8,108.2,99.8,102.4,19318.575,0
DNMR.US,D,20230207,000000,102.4,103.2,95.6,101.2,21331.025,0
DNMR.US,D,20230208,000000,101.6,106,96.8,97.6,12087.95,0
DNMR.US,D,20230209,000000,101.2,101.2,92,92.8,16174.375,0
DNMR.US,D,20230210,000000,92,92.04,88,91.2,14959.95,0
DNMR.US,D,20230213,000000,91.6,92.4,88,90.8,13470.75,0
DNMR.US,D,20230214,000000,92,93.2,88.4,91.6,22046.325,0
DNMR.US,D,20230215,000000,90.8,97.2,89,96,17235.1,0
DNMR.US,D,20230216,000000,93.6,96.8,90,92.8,17786.75,0
DNMR.US,D,20230217,000000,91.6,92.4,88,88.4,16142.95,0
DNMR.US,D,20230221,000000,87.2,88.396,83.8,84.4,21259.85,0
DNMR.US,D,20230222,000000,84.4,88.4,82.4,83.6,20328.6,0
DNMR.US,D,20230223,000000,84.4,86.4,78.4,80,18414.1,0
DNMR.US,D,20230224,000000,88.8,106.4,82.8,102,274113.7,0
DNMR.US,D,20230227,000000,110,114,99,99.6,114957.625,0
DNMR.US,D,20230228,000000,100.4,105.6,95.212,103.2,30568.375,0
DNMR.US,D,20230301,000000,105.2,109.3,93.2,96,61181.975,0
DNMR.US,D,20230302,000000,94.4,95.4,92.2,94.4,18356.1,0
DNMR.US,D,20230303,000000,96,102.4,95.2,98.8,21714.725,0
DNMR.US,D,20230306,000000,100.4,101.092,94,94.4,28171.4,0
DNMR.US,D,20230307,000000,94,95.6,90.2,92.8,16326.925,0
DNMR.US,D,20230308,000000,92,93.2,88.8,90.4,16406.45,0
DNMR.US,D,20230309,000000,89.6,92,83.4,86.8,29956.1,0
DNMR.US,D,20230310,000000,87.2,87.6,80,82.4,22516.875,0
DNMR.US,D,20230313,000000,81.6,93.4,77.6,89.2,43187.325,0
DNMR.US,D,20230314,000000,90.4,91.6,86.8,87.6,19900.65,0
DNMR.US,D,20230315,000000,84.8,86.8,81.6,84.8,18575.9,0
DNMR.US,D,20230316,000000,83.2,90,82.8,88.4,21867.875,0
DNMR.US,D,20230317,000000,86.4,87.6,80.8,83.6,39886.475,0
DNMR.US,D,20230320,000000,84,84.8,74.4,74.8,50634.925,0
DNMR.US,D,20230321,000000,79.6,84,78,83.6,19378.2,0
DNMR.US,D,20230322,000000,82.8,83.6,72.352,75.2,52860.85,0
DNMR.US,D,20230323,000000,80,84,79.2,83.6,28942.25,0
DNMR.US,D,20230324,000000,82,103.6,80.4,103.6,49238.3,0
DNMR.US,D,20230327,000000,103.6,110,99.2,108,43848.05,0
DNMR.US,D,20230328,000000,102,112.4,102,112,33388.25,0
DNMR.US,D,20230329,000000,106.8,118,104.4,118,33883.225,0
DNMR.US,D,20230330,000000,119.2,132,118.8,123.2,50090.825,0
DNMR.US,D,20230331,000000,123.2,141.2,122.8,138,61999.4,0
DNMR.US,D,20230403,000000,140,162.8,139.6,155.6,73880.45,0
DNMR.US,D,20230404,000000,159.6,183.6,152.4,174.4,129220.5,0
DNMR.US,D,20230405,000000,170.4,174,148,155.6,75890.9,0
DNMR.US,D,20230406,000000,152,164.8,140.404,162.8,45901.9,0
DNMR.US,D,20230410,000000,162.8,172,152.8,160,56161.275,0
DNMR.US,D,20230411,000000,158.8,161.868,151.66,155.2,35845.875,0
DNMR.US,D,20230412,000000,158,170.396,154,154.8,67237.875,0
DNMR.US,D,20230413,000000,155.2,170.8,152.852,167.2,47300.975,0
DNMR.US,D,20230414,000000,167.2,168,160.4,163.6,21671.4,0
DNMR.US,D,20230417,000000,164,178,158.4,165.2,66919.825,0
DNMR.US,D,20230418,000000,166,171.2,156,158.8,30248.1,0
DNMR.US,D,20230419,000000,158.8,165.6,153.2,160.4,22793.425,0
DNMR.US,D,20230420,000000,156,158.4,152.8,154.4,20348.575,0
DNMR.US,D,20230421,000000,154.8,158.8,145.6,147.2,51198.325,0
DNMR.US,D,20230424,000000,146.8,147.892,116,118.8,75231.35,0
DNMR.US,D,20230425,000000,119.2,126.4,116.8,126,29879.175,0
DNMR.US,D,20230426,000000,125.2,125.2,112.8,122,32973.475,0
DNMR.US,D,20230427,000000,122,128.34,122,125.2,21358,0
DNMR.US,D,20230428,000000,124.4,128,121.6,126.4,14224.85,0
DNMR.US,D,20230501,000000,125.6,129.6,115.6,117.2,22394.3,0
DNMR.US,D,20230502,000000,117.6,124,115.2,123.6,14882.975,0
DNMR.US,D,20230503,000000,123.2,126.2,120.8,121.6,15315.275,0
DNMR.US,D,20230504,000000,121.2,123.6,118.4,123.2,8742.45,0
DNMR.US,D,20230505,000000,125.2,133,124,131.2,15155.075,0
DNMR.US,D,20230508,000000,133.6,134.8,128.4,133.2,13222.65,0
DNMR.US,D,20230509,000000,134,135.004,124,127.6,23601.975,0
DNMR.US,D,20230510,000000,129.6,132.4,122.4,123.2,23496.825,0
DNMR.US,D,20230511,000000,126,126.8,117.2,122.8,18515.05,0
DNMR.US,D,20230512,000000,122.4,122.8,114.4,117.2,13291.225,0
DNMR.US,D,20230515,000000,116.8,122.8,114.8,122.8,17268.025,0
DNMR.US,D,20230516,000000,122.4,124,118.2,121.2,17024.575,0
DNMR.US,D,20230517,000000,121.2,137.6,119.6,137.2,22766.425,0
DNMR.US,D,20230518,000000,135.2,135.6,127.6,132.4,23510.05,0
DNMR.US,D,20230519,000000,132.8,137.48,126.4,126.8,18147.975,0
DNMR.US,D,20230522,000000,127.6,135.4,123.2,133.6,21404.375,0
DNMR.US,D,20230523,000000,132.8,142.4,130,130.4,25999.75,0
DNMR.US,D,20230524,000000,128.4,128.8,121.8,123.2,15107.225,0
DNMR.US,D,20230525,000000,123.2,125,118,118.8,19088.25,0
DNMR.US,D,20230526,000000,119.6,122,116.4,120.4,12933.9,0
DNMR.US,D,20230530,000000,122,126.6,121.2,124,18179.8,0
DNMR.US,D,20230531,000000,122.8,124,114.4,115.6,25928.225,0
DNMR.US,D,20230601,000000,119.2,124,117.2,120.4,27904.25,0
DNMR.US,D,20230602,000000,124,127.4,120.4,125.2,19203.8,0
DNMR.US,D,20230605,000000,122.8,126.552,121.6,123.6,13753.35,0
DNMR.US,D,20230606,000000,124,135.2,121.6,129.6,23661.65,0
DNMR.US,D,20230607,000000,132,139.6,131.6,132.4,29033.525,0
DNMR.US,D,20230608,000000,128,128.8,118.4,119.6,38187.475,0
DNMR.US,D,20230609,000000,119.6,123.2,117.2,117.6,21234.6,0
DNMR.US,D,20230612,000000,118.4,118.8,111.6,116.8,26271.375,0
DNMR.US,D,20230613,000000,119.2,124.8,117.6,122.8,27713.1,0
DNMR.US,D,20230614,000000,124.4,125.28,118.4,120,41130.6,0
DNMR.US,D,20230615,000000,119.2,122.4,118,120,16866.475,0
DNMR.US,D,20230616,000000,121.2,121.2,115.6,116,22390.35,0
DNMR.US,D,20230620,000000,115.2,115.6,109.2,114.8,26470.425,0
DNMR.US,D,20230621,000000,113.6,114.8,103.2,103.6,31577.225,0
DNMR.US,D,20230622,000000,106.4,106.4,102,102.4,17749.825,0
DNMR.US,D,20230623,000000,102.8,102.8,92.6,95.2,59070.375,0
DNMR.US,D,20230626,000000,93.2,95.6,90,90.4,30768.675,0
DNMR.US,D,20230627,000000,91.6,94.8,89.4,92.4,19450.775,0
DNMR.US,D,20230628,000000,92,99.2,91,98.4,22608.2,0
DNMR.US,D,20230629,000000,98,102,95.2,96,25029.775,0
DNMR.US,D,20230630,000000,98.4,101.94,95.2,95.2,12236.05,0
DNMR.US,D,20230703,000000,96,99.6,96,98,10164.475,0
DNMR.US,D,20230705,000000,96,97.6,93.8,94.8,13856.75,0
DNMR.US,D,20230706,000000,93.6,94.2,87.6,88.8,35250,0
DNMR.US,D,20230707,000000,89.2,99.2,88.6,96.8,21645.725,0
DNMR.US,D,20230710,000000,96.8,109.2,95.6,109.2,27753.375,0
DNMR.US,D,20230711,000000,108.8,115.6,108.4,113.6,32048.925,0
DNMR.US,D,20230712,000000,116.4,118,111.6,114.4,27677,0
DNMR.US,D,20230713,000000,115.2,120.8,114,116.8,25486.975,0
DNMR.US,D,20230714,000000,116.4,117.2,105,108.4,26011.55,0
DNMR.US,D,20230717,000000,108,113.8,107.2,110.8,17386.8,0
DNMR.US,D,20230718,000000,110,114.8,108.4,114,18220.05,0
DNMR.US,D,20230719,000000,114.8,120,114.78,117.2,25306.275,0
DNMR.US,D,20230720,000000,116,120,110,115.6,21134.075,0
DNMR.US,D,20230721,000000,116.8,120,113.26,115.2,20105.9,0
DNMR.US,D,20230724,000000,115.6,115.6,107,111.2,18225.275,0
DNMR.US,D,20230725,000000,111.6,114.4,110.8,112.4,15573.325,0
DNMR.US,D,20230726,000000,110.8,116.364,110.412,115.2,12572.65,0
DNMR.US,D,20230727,000000,116.8,116.8,109.4,110,19553.675,0
DNMR.US,D,20230728,000000,112,112.4,108.4,109.6,11632.75,0
DNMR.US,D,20230731,000000,110.8,113.2,110.02,112.4,39711.175,0
DNMR.US,D,20230801,000000,110.8,111,101.2,101.6,28948.95,0
DNMR.US,D,20230802,000000,100,103.152,97.2,98.4,17650.85,0
DNMR.US,D,20230803,000000,98.4,108.8,97.2,104.4,16072.7,0
DNMR.US,D,20230804,000000,106,108.4,100,105.2,19491.65,0
DNMR.US,D,20230807,000000,106,106,98,99.6,16643.8,0
DNMR.US,D,20230808,000000,99.6,101.6,94.8,100,15907.45,0
DNMR.US,D,20230809,000000,99.2,100,89.6,93.2,43618.05,0
DNMR.US,D,20230810,000000,94.4,94.4,84.4,86.4,30090.6,0
DNMR.US,D,20230811,000000,86.8,86.8,84,85.6,19101.6,0
DNMR.US,D,20230814,000000,84.8,90.2,82.8,88.4,25132.25,0
DNMR.US,D,20230815,000000,87.2,87.4,79.2,80,36833,0
DNMR.US,D,20230816,000000,81.2,84.4,79.2,79.2,38327.075,0
DNMR.US,D,20230817,000000,80.4,81.6,77.2,77.2,34341.45,0
DNMR.US,D,20230818,000000,76,83.6,76,82.4,17490.575,0
DNMR.US,D,20230821,000000,83.2,84,80.6,83.2,14761.1,0
DNMR.US,D,20230822,000000,85.6,86.4,80.5,82,34988.625,0
DNMR.US,D,20230823,000000,82,86,81.6,84.8,22770.2,0
DNMR.US,D,20230824,000000,88,88,80.4,81.2,20239.525,0
DNMR.US,D,20230825,000000,82,84,78.8,81.2,30304.05,0
DNMR.US,D,20230828,000000,81.6,84.8,80.8,83.6,12269.5,0
DNMR.US,D,20230829,000000,82.8,85.2,80.8,82.8,27077.75,0
DNMR.US,D,20230830,000000,82.8,84,78.4,78.8,20854.775,0
DNMR.US,D,20230831,000000,79.2,80.8,76.4,78,26402.45,0
DNMR.US,D,20230901,000000,79.2,80.8,75.6,76,19293.5,0
DNMR.US,D,20230905,000000,76.8,78,74.8,76,21725.425,0
DNMR.US,D,20230906,000000,76.4,77.2,74,76,20549,0
DNMR.US,D,20230907,000000,75.2,75.8,72.4,75.6,14452.75,0
DNMR.US,D,20230908,000000,74.8,76,72.8,76,10683.675,0
DNMR.US,D,20230911,000000,77.2,81.2,76,80.4,17041.05,0
DNMR.US,D,20230912,000000,80,83.192,79.6,80.8,17410.325,0
DNMR.US,D,20230913,000000,80,80.8,75.6,77.6,17649.725,0
DNMR.US,D,20230914,000000,78.4,82.4,78,82,14029.1,0
DNMR.US,D,20230915,000000,81.6,82.8,78.4,78.4,20419.025,0
DNMR.US,D,20230918,000000,77.6,78,74.4,74.4,10546.8,0
DNMR.US,D,20230919,000000,75.6,76,73.2,74.4,12277.3,0
DNMR.US,D,20230920,000000,76.4,79.2,73.6,73.6,16350.625,0
DNMR.US,D,20230921,000000,73.6,74.4,71.6,72,13697.525,0
DNMR.US,D,20230922,000000,72.8,75,70.8,72.8,15533.025,0
DNMR.US,D,20230925,000000,71.6,75.4,70.8,73.6,11554.15,0
DNMR.US,D,20230926,000000,73.2,75.6,72,72,12500.15,0
DNMR.US,D,20230927,000000,72.8,74.4,70.8,71.6,10979.3,0
DNMR.US,D,20230928,000000,71.6,72.2,69.2,70.4,13312.75,0
DNMR.US,D,20230929,000000,71.6,83.6,71.2,82.8,47692.65,0
DNMR.US,D,20231002,000000,81.2,83,74,76,16709.75,0
DNMR.US,D,20231003,000000,74.4,77.6,74,74.8,8009.875,0
DNMR.US,D,20231004,000000,76.4,76.4,72.2,72.8,12969.9,0
DNMR.US,D,20231005,000000,72.4,73.6,64.4,66.4,31692.05,0
DNMR.US,D,20231006,000000,66.4,69.2,65.6,68,12325.575,0
DNMR.US,D,20231009,000000,66.8,68,64.2,66.8,11726.325,0
DNMR.US,D,20231010,000000,67.2,71.604,67,71.2,12464.6,0
DNMR.US,D,20231011,000000,71.6,73.6,68,68.8,8223.6,0
DNMR.US,D,20231012,000000,69.2,69.2,65.2,66.4,15959.1,0
DNMR.US,D,20231013,000000,67.6,68.4,66.2,66.4,9530.3,0
DNMR.US,D,20231016,000000,66.4,67.6,64.8,65.2,17211.825,0
DNMR.US,D,20231017,000000,64.4,70.4,64,69.6,16526.875,0
DNMR.US,D,20231018,000000,68,69.4,66.4,66.4,10557.85,0
DNMR.US,D,20231019,000000,66.4,67,64.4,64.4,12928.975,0
DNMR.US,D,20231020,000000,64.8,67.4,64,66,15553.45,0
DNMR.US,D,20231023,000000,65.6,66.8,63.6,63.6,18029.25,0
DNMR.US,D,20231024,000000,65.6,67.6,59.6,60,41264.05,0
DNMR.US,D,20231025,000000,60.4,61.6,54,54.4,46544.725,0
DNMR.US,D,20231026,000000,54.4,58,54.4,56.4,16197.925,0
DNMR.US,D,20231027,000000,57.6,58.6,54.4,55.2,19155.2,0
DNMR.US,D,20231030,000000,56.4,56.8,54.4,54.8,14019.3,0
DNMR.US,D,20231031,000000,55.2,58.4,54.8,57.2,19045.25,0
DNMR.US,D,20231101,000000,57.6,57.6,52.8,53.6,30345.275,0
DNMR.US,D,20231102,000000,55.2,58.8,54.8,58.8,13063.25,0
DNMR.US,D,20231103,000000,59.2,66.796,59.2,65.6,25791.425,0
DNMR.US,D,20231106,000000,66,66.8,62.888,65.6,15599.625,0
DNMR.US,D,20231107,000000,64.4,68,64,66.4,11927.425,0
DNMR.US,D,20231108,000000,66.8,68,62.8,65.2,15713.7,0
DNMR.US,D,20231109,000000,64,65.8,61.64,64.8,24435.175,0
DNMR.US,D,20231110,000000,64.8,65.2,61.78,62.4,13634.675,0
DNMR.US,D,20231113,000000,60.8,61.6,54.8,58.8,35926.35,0
DNMR.US,D,20231114,000000,62.4,66.4,60.04,66.4,35434.65,0
DNMR.US,D,20231115,000000,59.6,62.8,59.6,60,45216.225,0
DNMR.US,D,20231116,000000,58.8,60,56.6,59.6,22362.825,0
DNMR.US,D,20231117,000000,59.6,59.6,56,57.2,31112.4,0
DNMR.US,D,20231120,000000,57.6,57.6,51.2,51.6,33565.975,0
DNMR.US,D,20231121,000000,52.4,52.8,48,48.4,32020.3,0
DNMR.US,D,20231122,000000,50,50,42.8,44.4,57210.475,0
DNMR.US,D,20231124,000000,44.8,45.612,43.2,43.6,15472.875,0
DNMR.US,D,20231127,000000,43.6,44.4,38.364,38.644,114114.15,0
DNMR.US,D,20231128,000000,39.6,39.648,34.84,35.032,79939.7,0
DNMR.US,D,20231129,000000,35.6,45.6,35.6,44.8,68092.975,0
DNMR.US,D,20231130,000000,42.8,47.2,42.4,43.6,33036,0
DNMR.US,D,20231201,000000,44,46,41.7,46,19783.25,0
DNMR.US,D,20231204,000000,44.8,48.8,43.6,46.4,27983.975,0
DNMR.US,D,20231205,000000,44.8,45.948,41.6,42.8,24915.95,0
DNMR.US,D,20231206,000000,42.8,45.6,42.8,44,13201.15,0
DNMR.US,D,20231207,000000,44.4,44.4,42,42.4,19146.35,0
DNMR.US,D,20231208,000000,42.4,43.6,38.84,40.4,30628.35,0
DNMR.US,D,20231211,000000,40.4,41.4,37.6,39.12,30775.925,0
DNMR.US,D,20231212,000000,40,40.4,38,39.176,30252.225,0
DNMR.US,D,20231213,000000,39.32,44,38.98,44,26866.1,0
DNMR.US,D,20231214,000000,46.4,52,46.4,49.2,46041.125,0
DNMR.US,D,20231215,000000,50.4,51.6,42,42.4,49802.525,0
DNMR.US,D,20231218,000000,44.8,45.2,42.4,42.8,15516.225,0
DNMR.US,D,20231219,000000,42.4,43.6,38.416,38.732,100659.2,0
DNMR.US,D,20231220,000000,40.4,43.2,40,40.4,41985.575,0
DNMR.US,D,20231221,000000,41.6,41.6,37.672,38.804,59061.925,0
DNMR.US,D,20231222,000000,38.888,39.2,37.68,38.528,31672.2,0
DNMR.US,D,20231226,000000,38.332,42.4,38.04,41.2,37468.35,0
DNMR.US,D,20231227,000000,40,41.2,40,40.4,21291.575,0
DNMR.US,D,20231228,000000,40.4,42.8,40,42.8,27288.025,0
DNMR.US,D,20231229,000000,43.2,43.596,40.6,40.8,19472.825,0
DNMR.US,D,20240102,000000,41.2,42.8,40,41.6,14528.65,0
DNMR.US,D,20240103,000000,40.8,41,37.2,37.28,66440.475,0
DNMR.US,D,20240104,000000,38.416,38.816,36.4,36.88,60362.225,0
DNMR.US,D,20240105,000000,36.4,39.58,36,37.7,33711.475,0
DNMR.US,D,20240108,000000,37.2,41.2,36.7,40.4,35523.7,0
DNMR.US,D,20240109,000000,39.2,39.612,36.952,36.952,23240.725,0
DNMR.US,D,20240110,000000,38.244,38.244,35.676,36.804,37086.6,0
DNMR.US,D,20240111,000000,36.4,37.16,35.2,35.36,23952.7,0
DNMR.US,D,20240112,000000,35.6,36.66,33.204,33.38,20538.15,0
DNMR.US,D,20240116,000000,34.4,34.8,30.844,30.968,29673.6,0
DNMR.US,D,20240117,000000,30.4,31.196,27.04,28.7,39404.75,0
DNMR.US,D,20240118,000000,29.6,30.004,27.6,28.348,23388.475,0
DNMR.US,D,20240119,000000,28.188,29.08,24.728,28.624,60814.25,0
DNMR.US,D,20240122,000000,29.044,31.56,28.044,28.8,35935.25,0
DNMR.US,D,20240123,000000,29.064,29.136,28.4,28.668,13948.625,0
DNMR.US,D,20240124,000000,29.2,31.38,29.04,29.188,33873.575,0
DNMR.US,D,20240125,000000,28.92,31.2,27.3008,27.504,24317.55,0
DNMR.US,D,20240126,000000,28,28.4,27.2,27.304,14006.2,0
DNMR.US,D,20240129,000000,27.5,27.84,25.8,26.196,36802,0
DNMR.US,D,20240130,000000,26.328,26.752,25.064,26,19488.225,0
DNMR.US,D,20240131,000000,25.832,26.4,25.2,25.52,15351.675,0
DNMR.US,D,20240201,000000,25.8,27.68,25.2,25.972,16518.575,0
DNMR.US,D,20240202,000000,25.868,28.4,24.8,27.532,21424.2,0
DNMR.US,D,20240205,000000,27.512,27.512,24.4,24.4,27945.975,0
DNMR.US,D,20240206,000000,24,26,24,26,16303.775,0
DNMR.US,D,20240207,000000,25.988,26.432,24.8,26.396,13501.325,0
DNMR.US,D,20240208,000000,25.508,30.804,25.244,30.4,29961.7,0
DNMR.US,D,20240209,000000,29.6,38.8,29.6,36,44039.1,0
DNMR.US,D,20240212,000000,34,37.988,34,37.02,19635.65,0
DNMR.US,D,20240213,000000,34.924,36.584,33.676,34.38,18548.475,0
DNMR.US,D,20240214,000000,34.32,40.4,34.32,39.856,53189.975,0
DNMR.US,D,20240215,000000,38.604,48,38.604,46.8,40291.65,0
DNMR.US,D,20240216,000000,46,47.2,40.4,41.2,28075.8,0
DNMR.US,D,20240220,000000,42.4,43.148,38.4,39.5,24615.525,0
DNMR.US,D,20240221,000000,39.3,44,39.3,44,19457.575,0
DNMR.US,D,20240222,000000,44.8,47.2,40.4,45.6,21133.875,0
DNMR.US,D,20240223,000000,44.8,45.2,41.6,42.8,11872.975,0
DNMR.US,D,20240226,000000,42.8,49.2,42.8,48.4,26818.85,0
DNMR.US,D,20240227,000000,49.2,51.6,46.8,51.2,22244.025,0
DNMR.US,D,20240228,000000,52,52.2,47.6,49.6,16051.2,0
DNMR.US,D,20240229,000000,49.6,53.6,49.6,53.6,18778.625,0
DNMR.US,D,20240301,000000,54,54.4,50.8,50.8,12119.975,0
DNMR.US,D,20240304,000000,51.2,58.4,50.4,56.8,25759.95,0
DNMR.US,D,20240305,000000,55.6,57.14,53.6,54.8,20305.4,0
DNMR.US,D,20240306,000000,57.2,63.2,53.2,62.4,26849.65,0
DNMR.US,D,20240307,000000,68,73.6,62.4,68,43566.15,0
DNMR.US,D,20240308,000000,68.8,72.8,62.4,66.8,26246.65,0
DNMR.US,D,20240311,000000,65.2,72.4,61.2,68,25835.35,0
DNMR.US,D,20240312,000000,68,68,61.2,66.4,21841.95,0
DNMR.US,D,20240313,000000,65.2,69.6,62.2,62.8,12387.05,0
DNMR.US,D,20240314,000000,61.6,61.6,53.6,54.8,24759.475,0
DNMR.US,D,20240315,000000,54.4,56.8,50,54,30735.75,0
DNMR.US,D,20240318,000000,52.8,53.44,42.4,44,22293.275,0
DNMR.US,D,20240319,000000,44,53.2,42.8,53.2,24048.575,0
DNMR.US,D,20240320,000000,51.6,53.6,48.4,53.2,16601.625,0
DNMR.US,D,20240321,000000,48.8,58,47.6,48,40695.05,0
DNMR.US,D,20240322,000000,47.6,47.6,44.8,45.6,14696.075,0
DNMR.US,D,20240325,000000,47.2,47.6,40.8,43.2,24922.575,0
DNMR.US,D,20240326,000000,43.6,45.2,40.8,41.2,15337.45,0
DNMR.US,D,20240327,000000,42,47.6,41.2,45.2,22826.425,0
DNMR.US,D,20240328,000000,44.4,46.4,42.8,43.6,15138.35,0
DNMR.US,D,20240401,000000,44,47.6,40.6,42,24210.025,0
DNMR.US,D,20240402,000000,40.8,43.2,40,42.4,15377.35,0
DNMR.US,D,20240403,000000,43.2,45.6,41.6,42.4,16805.5,0
DNMR.US,D,20240404,000000,44,46.8,42.4,42.8,15203.55,0
DNMR.US,D,20240405,000000,43.6,43.98,41.2,42,13241.625,0
DNMR.US,D,20240408,000000,42,46.4,41.6,42,25661.725,0
DNMR.US,D,20240409,000000,41.6,42.4,38.4,41.2,28761,0
DNMR.US,D,20240410,000000,39.6,42,37.204,37.588,34590.275,0
DNMR.US,D,20240411,000000,38.4,38.996,33.784,34.508,36212,0
DNMR.US,D,20240412,000000,35.2,35.2,31.004,31.46,44549.15,0
DNMR.US,D,20240415,000000,32.72,32.796,30.8,31.168,38770.075,0
DNMR.US,D,20240416,000000,31.8,32.796,30,31.264,15727.175,0
DNMR.US,D,20240417,000000,32.32,33.56,31.264,31.944,9872.175,0
DNMR.US,D,20240418,000000,32.4,32.78,31.2,31.72,10290.95,0
DNMR.US,D,20240419,000000,31.6,32,30.16,30.788,12806.8,0
DNMR.US,D,20240422,000000,31.4,33.588,29.672,32.068,8648.6,0
DNMR.US,D,20240423,000000,32.052,37,31.244,33.94,46097.175,0
DNMR.US,D,20240424,000000,33.44,35.14,31.2,32.296,15434.9,0
DNMR.US,D,20240425,000000,31.836,32.792,30.82,32.452,10628.5,0
DNMR.US,D,20240426,000000,32.968,33.24,31.24,32.196,10838.2,0
DNMR.US,D,20240429,000000,32.8,35.068,32.796,35.068,12048.2,0
DNMR.US,D,20240430,000000,34.684,34.688,30,30,19892.95,0
DNMR.US,D,20240501,000000,31.2,31.984,27.488,29.504,37075.875,0
DNMR.US,D,20240502,000000,30.488,30.764,28.688,30.668,13274.275,0
DNMR.US,D,20240503,000000,31.28,33.984,30.428,32.204,29329.325,0
DNMR.US,D,20240506,000000,32.616,33.088,32,32.156,20540.3,0
DNMR.US,D,20240507,000000,32.4,35.0944,32.4,32.8,33882.325,0
DNMR.US,D,20240508,000000,32,32.8,30.12,31.592,30294.275,0
DNMR.US,D,20240509,000000,31.956,32.568,30,30.048,14036.65,0
DNMR.US,D,20240510,000000,30.36,31.008,29,30.312,14711.675,0
DNMR.US,D,20240513,000000,30.8,32.28,30.8,31.812,12005.125,0
DNMR.US,D,20240514,000000,32.144,33.152,31.624,32.684,26267.475,0
DNMR.US,D,20240515,000000,33.788,33.788,29.484,29.96,18575.7,0
DNMR.US,D,20240516,000000,30,30.488,29.624,30.108,10514.1,0
DNMR.US,D,20240517,000000,31.2,32.8,30.124,31.488,13333.9,0
DNMR.US,D,20240520,000000,31.256,32.6,31.044,31.92,12121.9,0
DNMR.US,D,20240521,000000,31.836,32.744,31,32.344,13446.45,0
DNMR.US,D,20240522,000000,32.016,32.016,30,30.576,14865.875,0
DNMR.US,D,20240523,000000,30.248,31.1596,27.604,28.368,22323.425,0
DNMR.US,D,20240524,000000,28.8,29.596,26.86,27.104,20318.425,0
DNMR.US,D,20240528,000000,28,30.252,27.644,28.804,22973.85,0
DNMR.US,D,20240529,000000,28.252,30.76,27.72,29.868,13098.125,0
DNMR.US,D,20240530,000000,29.712,30.32,28.8,29.32,9184.3,0
DNMR.US,D,20240531,000000,29.452,31.96,28.712,31.188,13116,0
DNMR.US,D,20240603,000000,29.32,31.164,28,29.2,24218.425,0
DNMR.US,D,20240604,000000,28.08,29.204,27.644,27.648,28591.325,0
DNMR.US,D,20240605,000000,28,28.2,27.2,27.348,12478.125,0
DNMR.US,D,20240606,000000,27.832,27.832,26.2,26.288,13838.275,0
DNMR.US,D,20240607,000000,26,26.796,25.2,25.2,15818.85,0
DNMR.US,D,20240610,000000,25.2,26.852,24.8,26.508,13638.25,0
DNMR.US,D,20240611,000000,26.324,27.32,26.24,27.12,12641.375,0
DNMR.US,D,20240612,000000,28,29.532,27.16,27.548,16856.85,0
DNMR.US,D,20240613,000000,27.136,28.496,26.8,26.892,15217.8,0
DNMR.US,D,20240614,000000,26.8,27.196,25.716,25.904,12646.725,0
DNMR.US,D,20240617,000000,25.6,25.9365,24.74,24.86,12291.275,0
DNMR.US,D,20240618,000000,24.8,25.56,24.8,24.884,11903.825,0
DNMR.US,D,20240620,000000,25.4,25.6,24.4,24.4,17038.7,0
DNMR.US,D,20240621,000000,25.104,26,24.404,24.604,22576.05,0
DNMR.US,D,20240624,000000,26,26.932,24.796,25.836,16954.075,0
DNMR.US,D,20240625,000000,26,26.15,24.936,25.284,18102.05,0
DNMR.US,D,20240626,000000,25.348,28.528,25.348,27.132,26489.25,0
DNMR.US,D,20240627,000000,26.148,29.6,26.148,29.6,18420.025,0
DNMR.US,D,20240628,000000,29.1,29.596,24.128,24.128,259615.55,0
DNMR.US,D,20240701,000000,25.08,26,22.5,22.5,33748.925,0
DNMR.US,D,20240702,000000,22.476,23.176,22.024,22.208,30932.225,0
DNMR.US,D,20240703,000000,22.5,23.044,22.5,22.8,7922.95,0
DNMR.US,D,20240705,000000,23.2,23.396,21.6,21.6,22093.85,0
DNMR.US,D,20240708,000000,21.6,23.144,21.6,22.464,17956.7,0
DNMR.US,D,20240709,000000,22.04,23.196,21.376,22.024,21951.475,0
DNMR.US,D,20240710,000000,21.364,23.156,21.2,22.836,21756.125,0
DNMR.US,D,20240711,000000,23.2,24.972,22.76,24.18,21119.35,0
DNMR.US,D,20240712,000000,24.856,27.368,24.668,27.2,42143.425,0
DNMR.US,D,20240715,000000,26.9,27.892,24,24.648,45996.275,0
DNMR.US,D,20240716,000000,24,25.956,24,25.108,13909.5,0
DNMR.US,D,20240717,000000,24.4,25.592,23.384,23.384,17754.425,0
DNMR.US,D,20240718,000000,23.4,24.8,23.004,23.004,12772.475,0
DNMR.US,D,20240719,000000,23.432,23.96,22.616,23.04,9811.55,0
DNMR.US,D,20240722,000000,23.872,24.336,22.844,23.04,5733.225,0
DNMR.US,D,20240723,000000,23.2,23.76,22.4,22.4,6231.75,0
DNMR.US,D,20240724,000000,22.04,22.768,21.408,21.508,9078.325,0
DNMR.US,D,20240725,000000,21.2,22.232,20.896,21.268,12305.025,0
DNMR.US,D,20240726,000000,21.54,21.876,20.48,20.792,10708.4,0
DNMR.US,D,20240729,000000,23.6,23.82,20.484,20.584,20524.525,0
DNMR.US,D,20240730,000000,20.584,20.924,14.808,15.328,66364.125,0
DNMR.US,D,20240731,000000,16.4,16.6,15.596,15.608,21602.025,0
DNMR.US,D,20240801,000000,15.672,16.32,14,14.844,29503.55,0
DNMR.US,D,20240802,000000,14.76,15.152,14.4,14.616,15197.425,0
DNMR.US,D,20240805,000000,13.588,17.6,12.8,15.92,29805.25,0
DNMR.US,D,20240806,000000,17.34,17.34,16.4,16.404,7159.975,0
DNMR.US,D,20240807,000000,16.4,17.1,16.004,16.412,16820.625,0
DNMR.US,D,20240808,000000,16.88,18.94,16.412,18.48,28443.2,0
DNMR.US,D,20240809,000000,18.4,18.472,15.476,16.272,24169.575,0
DNMR.US,D,20240812,000000,15.22,16.368,13.544,15.784,21960.275,0
DNMR.US,D,20240813,000000,15.784,15.784,14.64,15.204,6203.525,0
DNMR.US,D,20240814,000000,14.8,15.396,13.68,14.152,18567.925,0
DNMR.US,D,20240815,000000,14.2,15.164,14.2,14.8,10046.1,0
DNMR.US,D,20240816,000000,14.476,16.196,14.476,16.196,13952.55,0
DNMR.US,D,20240819,000000,16.816,16.816,15.596,16.4,10769.975,0
DNMR.US,D,20240820,000000,16,16.6,15.144,16.6,9262.525,0
DNMR.US,D,20240821,000000,15.108,16.8,15.108,16.648,16252.975,0
DNMR.US,D,20240822,000000,16.8,16.852,15.2,15.44,11004.75,0
DNMR.US,D,20240823,000000,15.26,16.308,14.8,14.8,11499.75,0
DNMR.US,D,20240826,000000,15.4,15.516,14.4,14.48,12908.025,0
DNMR.US,D,20240827,000000,14.4,15.336,13.6,13.792,13156.425,0
DNMR.US,D,20240828,000000,14.668,14.668,13.392,13.66,9538.175,0
DNMR.US,D,20240829,000000,14,15.284,13.788,15.18,13907.375,0
DNMR.US,D,20240830,000000,15.5,15.8,14.76,15.016,5548.825,0
DNMR.US,D,20240903,000000,15.2,15.2,14.02,14.072,9864.075,0
DNMR.US,D,20240904,000000,14.036,14.76,12.876,13.008,11529.625,0
DNMR.US,D,20240905,000000,12.84,13.4,12.408,12.672,16343.075,0
DNMR.US,D,20240906,000000,13.18,13.18,11.4,12.048,17321.45,0
DNMR.US,D,20240909,000000,12.6,14,12.048,12.6,16975.275,0
DNMR.US,D,20240910,000000,13.2,13.36,11.6,12.88,15945.425,0
DNMR.US,D,20240911,000000,13.2,13.268,12.932,13.108,6452.3,0
DNMR.US,D,20240912,000000,13.04,13.6,13.04,13.2,12990.625,0
DNMR.US,D,20240913,000000,13.2,15.8,13.2,15.8,41075.8,0
DNMR.US,D,20240916,000000,15.6,16.72,15.044,15.956,14730.5,0
DNMR.US,D,20240917,000000,16.6,16.6,15.06,15.332,12973.225,0
DNMR.US,D,20240918,000000,15.2,16,13.728,13.728,16183.925,0
DNMR.US,D,20240919,000000,13.6,16.4,13.6,15.388,19974.9,0
DNMR.US,D,20240920,000000,15.2,15.6,13,13,23815.075,0
DNMR.US,D,20240923,000000,14.484,15.312,14.48,14.8,18821.6,0
DNMR.US,D,20240924,000000,15.2,15.78,14.84,15.1,20198.225,0
DNMR.US,D,20240925,000000,15.1,16.532,15,15,17399.6,0
DNMR.US,D,20240926,000000,15,15.512,14.818,15.372,12615.575,0
DNMR.US,D,20240927,000000,15.68,17.136,15.404,17.136,28043.975,0
DNMR.US,D,20240930,000000,16.8,19.86,16.556,18.168,41348.725,0
DNMR.US,D,20241001,000000,19.672,20,17.36,17.748,25388.95,0
DNMR.US,D,20241002,000000,17.68,18.396,17.2,17.92,8951.775,0
DNMR.US,D,20241003,000000,18.4,18.4,17.056,17.456,6009.15,0
DNMR.US,D,20241004,000000,18.76,20,17.456,20,16182.15,0
DNMR.US,D,20241007,000000,19.684,19.876,17.84,18.616,14601.125,0
DNMR.US,D,20241008,000000,19.68,19.68,17.204,17.492,10283.25,0
DNMR.US,D,20241009,000000,17.296,17.868,16.3,17.12,14227.225,0
DNMR.US,D,20241010,000000,16.8,17.436,16.08,16.632,12096.2,0
DNMR.US,D,20241011,000000,16.34,17.548,16.34,16.692,9051.225,0
DNMR.US,D,20241014,000000,17.2,17.2,15.32,16.32,14651.625,0
DNMR.US,D,20241015,000000,16.056,16.892,14.4,14.98,15879.45,0
DNMR.US,D,20241016,000000,15.296,16.36,15.296,16.36,10966.95,0
DNMR.US,D,20241017,000000,16.36,16.528,15.6364,16.528,14852.825,0
DNMR.US,D,20241018,000000,15.96,17.868,15.96,16,15517.55,0
DNMR.US,D,20241021,000000,16,16.952,16,16.264,8557.925,0
DNMR.US,D,20241022,000000,16,16.956,15.76,16.456,8316.425,0
DNMR.US,D,20241023,000000,16.188,17.184,15.604,16.076,8042,0
DNMR.US,D,20241024,000000,17.572,18,15.368,15.82,15777,0
DNMR.US,D,20241025,000000,16,16.12,15.54,15.768,6866.3,0
DNMR.US,D,20241028,000000,16.12,16.12,14.796,15.56,31840.625,0
DNMR.US,D,20241029,000000,14.96,15.416,14.032,14.44,15668.7,0
DNMR.US,D,20241030,000000,14.4,14.848,13.044,13.204,24505.325,0
DNMR.US,D,20241031,000000,13.4,14.144,12.86,13.08,13571.475,0
DNMR.US,D,20241101,000000,12.8,13.496,12.8,13.32,17999.25,0
DNMR.US,D,20241104,000000,13.2,13.32,11.96,12.624,27527.025,0
DNMR.US,D,20241105,000000,13.116,14,12.456,14,16988.525,0
DNMR.US,D,20241106,000000,13.4,13.4,11.84,12.044,33889.45,0
DNMR.US,D,20241107,000000,13.2,13.92,12.456,12.72,20351.35,0
DNMR.US,D,20241108,000000,12.34,12.4,11.4,11.6,34765.55,0
DNMR.US,D,20241111,000000,11.8,11.8,10,10.168,54285.675,0
DNMR.US,D,20241112,000000,10.032,10.168,10,10.004,23207.9,0
DNMR.US,D,20241113,000000,7.7,18.36,7,10.49,367641,0
DNMR.US,D,20241114,000000,10.4,10.66,7.5,8.81,152857,0
DNMR.US,D,20241115,000000,8.1699,9.6,7.66,8.64,191052,0
DNMR.US,D,20241118,000000,8.2,8.5,7.58,8.04,99424,0
DNMR.US,D,20241119,000000,8.61,8.61,6.1,6.13,253462,0
DNMR.US,D,20241120,000000,6.2734,6.3,5.31,5.71,150985,0
DNMR.US,D,20241121,000000,5.7,5.82,5,5.06,93618,0
DNMR.US,D,20241122,000000,5.1,5.7803,5.07,5.2,66566,0
DNMR.US,D,20241125,000000,5.2,5.2,4.42,4.74,102530,0
DNMR.US,D,20241126,000000,4.73,4.85,4.51,4.5899,35249,0
DNMR.US,D,20241127,000000,4.68,6.1,4.565,6,86202,0
DNMR.US,D,20241129,000000,6,7.2,6,6.5,68402,0
DNMR.US,D,20241202,000000,6.5,6.51,5.2678,5.57,82875,0
DNMR.US,D,20241203,000000,5.62,5.62,5.075,5.19,48303,0
DNMR.US,D,20241204,000000,5.05,5.58,5.05,5.57,33848,0
DNMR.US,D,20241205,000000,5.6668,5.67,4.8009,4.84,53053,0
DNMR.US,D,20241206,000000,5.1484,5.27,4.8,4.88,55332,0
DNMR.US,D,20241209,000000,4.88,5.3,4.7162,5.14,56025,0
DNMR.US,D,20241210,000000,5.03,5.15,4.63,4.67,38789,0
DNMR.US,D,20241211,000000,4.68,4.75,4.28,4.55,68469,0
DNMR.US,D,20241212,000000,4.43,4.53,4.11,4.32,44401,0
DNMR.US,D,20241213,000000,4.3115,4.39,4.1,4.24,44647,0
DNMR.US,D,20241216,000000,4.18,4.2599,3.9101,3.94,66162,0
DNMR.US,D,20241217,000000,3.84,4.0109,3.65,3.76,165306,0
DNMR.US,D,20241218,000000,3.83,3.93,2.83,2.88,204616,0
DNMR.US,D,20241219,000000,2.9374,3,2.45,2.54,201439,0
DNMR.US,D,20241220,000000,2.63,3.76,2.59,3.05,561056,0
DNMR.US,D,20241223,000000,3.05,3.89,2.95,3.81,186484,0
DNMR.US,D,20241224,000000,3.63,3.64,3.1,3.23,123456,0
DNMR.US,D,20241226,000000,3.23,4.6053,3.1,4.36,248786,0
DNMR.US,D,20241227,000000,4.4,6.2,4.4,4.72,434951,0
DNMR.US,D,20241230,000000,4.68,4.74,3.97,4.13,211629,0
