<TICKER>,<PER>,<DATE>,<TIME>,<OPEN>,<HIGH>,<LOW>,<CLOSE>,<VOL>,<OPENINT>
DO.US,D,20220401,000000,7.47,7.47,6.83,6.89,2011591,0
DO.US,D,20220404,000000,7.09,7.16,6.86,7,2095758,0
DO.US,D,20220405,000000,7.18,7.1889,6.71,6.78,1591649,0
DO.US,D,20220406,000000,6.75,6.84,6.65,6.75,1164762,0
DO.US,D,20220407,000000,6.95,6.95,6.7,6.76,904993,0
DO.US,D,20220408,000000,6.92,6.94,6.58,6.64,1506745,0
DO.US,D,20220411,000000,6.65,6.97,6.6,6.97,789724,0
DO.US,D,20220412,000000,7.115,7.25,6.74,7,1943179,0
DO.US,D,20220413,000000,7,7.64,6.88,7.62,2702445,0
DO.US,D,20220414,000000,7.5,7.525,7.26,7.48,2069916,0
DO.US,D,20220418,000000,7.6,7.7,7.4,7.43,1091784,0
DO.US,D,20220419,000000,7.5,7.99,7.43,7.93,1918315,0
DO.US,D,20220420,000000,7.95,7.995,7.68,7.79,1007619,0
DO.US,D,20220421,000000,7.9,7.93,7.345,7.45,1025717,0
DO.US,D,20220422,000000,7.45,7.56,7.06,7.33,721608,0
DO.US,D,20220425,000000,7.01,7.29,6.84,7.26,952035,0
DO.US,D,20220426,000000,7.3,7.49,7.19,7.21,574690,0
DO.US,D,20220427,000000,7.24,7.44,7.225,7.38,844575,0
DO.US,D,20220428,000000,7.4,7.95,7.3412,7.95,1160349,0
DO.US,D,20220429,000000,7.94,8.02,7.69,7.85,1372734,0
DO.US,D,20220502,000000,7.78,7.82,7.34,7.41,821131,0
DO.US,D,20220503,000000,7.36,7.88,7.33,7.85,1350418,0
DO.US,D,20220504,000000,8.05,8.26,7.7839,7.99,3180917,0
DO.US,D,20220505,000000,8.11,8.16,7.65,7.89,1179712,0
DO.US,D,20220506,000000,7.92,7.99,7.76,7.79,2117126,0
DO.US,D,20220509,000000,7.7,7.78,6.92,7.05,1484694,0
DO.US,D,20220510,000000,7.15,7.3,6.65,6.69,1149099,0
DO.US,D,20220511,000000,6.69,7.11,6.69,6.75,1161157,0
DO.US,D,20220512,000000,6.72,6.79,6.37,6.64,1368773,0
DO.US,D,20220513,000000,6.64,7.19,6.64,7.06,1156214,0
DO.US,D,20220516,000000,7.06,7.5,6.925,7.25,1664611,0
DO.US,D,20220517,000000,7.3,7.72,7.25,7.68,1345772,0
DO.US,D,20220518,000000,7.61,7.6742,7.17,7.4,977948,0
DO.US,D,20220519,000000,7.28,7.505,7.2,7.32,836783,0
DO.US,D,20220520,000000,7.35,7.46,7,7.19,869428,0
DO.US,D,20220523,000000,7.42,7.48,7.25,7.4,1528025,0
DO.US,D,20220524,000000,7.34,7.39,7.05,7.28,1332141,0
DO.US,D,20220525,000000,7.34,7.64,7.22,7.56,1622860,0
DO.US,D,20220526,000000,7.64,8.05,7.41,7.97,4911673,0
DO.US,D,20220527,000000,7.84,8.16,7.75,8.1,4748010,0
DO.US,D,20220531,000000,8.23,8.45,7.91,7.96,2774951,0
DO.US,D,20220601,000000,8.12,8.199,7.84,8.07,4097630,0
DO.US,D,20220602,000000,8.08,8.08,7.8,7.9,2578663,0
DO.US,D,20220603,000000,7.82,8.19,7.63,8.16,1614928,0
DO.US,D,20220606,000000,8.45,8.92,8.245,8.71,4064731,0
DO.US,D,20220607,000000,8.73,9.07,8.6,8.81,3007590,0
DO.US,D,20220608,000000,8.88,9.9799,8.86,9.83,6212678,0
DO.US,D,20220609,000000,9.73,9.73,9.26,9.27,2716621,0
DO.US,D,20220610,000000,9.12,9.24,8.36,8.63,1768508,0
DO.US,D,20220613,000000,8.28,8.41,7.92,7.98,2397225,0
DO.US,D,20220614,000000,8.15,8.24,7.56,7.68,2978655,0
DO.US,D,20220615,000000,7.65,8.07,7.65,7.85,2521789,0
DO.US,D,20220616,000000,7.7,7.92,7.38,7.75,3015451,0
DO.US,D,20220617,000000,7.65,7.96,7.41,7.55,8348752,0
DO.US,D,20220621,000000,7.7132,8.01,7.43,7.47,5735188,0
DO.US,D,20220622,000000,7.12,7.25,6.82,7.1,6174985,0
DO.US,D,20220623,000000,7.02,7.24,6.57,6.74,2931977,0
DO.US,D,20220624,000000,6.77,7.12,6.52,6.54,15175023,0
DO.US,D,20220627,000000,6.65,6.845,6.53,6.81,2110363,0
DO.US,D,20220628,000000,7,7.18,6.69,6.71,2730662,0
DO.US,D,20220629,000000,6.73,6.73,6.245,6.31,1784043,0
DO.US,D,20220630,000000,6.14,6.235,5.855,5.89,2109265,0
DO.US,D,20220701,000000,5.86,6.09,5.63,6.09,2127901,0
DO.US,D,20220705,000000,5.98,5.99,5.41,5.72,2365271,0
DO.US,D,20220706,000000,5.65,5.77,5.38,5.48,1277275,0
DO.US,D,20220707,000000,5.6,5.975,5.5839,5.9,813550,0
DO.US,D,20220708,000000,5.9,6.395,5.76,6.35,1593041,0
DO.US,D,20220711,000000,6,6.32,6,6.1,1345791,0
DO.US,D,20220712,000000,6.01,6.1,5.615,5.65,927000,0
DO.US,D,20220713,000000,5.53,5.71,5.51,5.6,1106104,0
DO.US,D,20220714,000000,5.49,5.53,5.17,5.35,1140325,0
DO.US,D,20220715,000000,5.53,5.61,5.37,5.61,1337026,0
DO.US,D,20220718,000000,5.68,5.925,5.66,5.7,787381,0
DO.US,D,20220719,000000,5.75,5.95,5.715,5.94,591307,0
DO.US,D,20220720,000000,5.85,5.93,5.68,5.91,579128,0
DO.US,D,20220721,000000,5.75,5.79,5.43,5.59,886722,0
DO.US,D,20220722,000000,5.58,5.71,5.395,5.41,1245980,0
DO.US,D,20220725,000000,5.47,5.88,5.4,5.88,809866,0
DO.US,D,20220726,000000,5.98,6.06,5.77,5.99,732126,0
DO.US,D,20220727,000000,6.04,6.6808,5.98,6.64,1653168,0
DO.US,D,20220728,000000,6.76,6.79,6.45,6.54,698388,0
DO.US,D,20220729,000000,6.7,6.79,6.5,6.75,941305,0
DO.US,D,20220801,000000,6.64,6.725,6.48,6.66,690601,0
DO.US,D,20220802,000000,6.7,7.38,6.7,7.31,2656271,0
DO.US,D,20220803,000000,7.3,7.3,6.62,6.72,1253690,0
DO.US,D,20220804,000000,6.61,6.81,6.4,6.4,568463,0
DO.US,D,20220805,000000,6.32,6.88,6.29,6.71,521827,0
DO.US,D,20220808,000000,6.68,6.84,6.485,6.63,790949,0
DO.US,D,20220809,000000,6.75,6.93,6.71,6.79,972491,0
DO.US,D,20220810,000000,6.85,7,6.7614,6.99,1205916,0
DO.US,D,20220811,000000,7.13,7.242,6.798,7.05,1738746,0
DO.US,D,20220812,000000,7.03,7.445,7.02,7.28,989177,0
DO.US,D,20220815,000000,6.95,6.97,6.5313,6.9,1015969,0
DO.US,D,20220816,000000,6.93,7.06,6.81,6.94,495437,0
DO.US,D,20220817,000000,6.83,6.97,6.7,6.89,500995,0
DO.US,D,20220818,000000,7.05,7.54,7,7.42,1602541,0
DO.US,D,20220819,000000,7.36,7.55,7.17,7.31,1086553,0
DO.US,D,20220822,000000,7.19,7.3,6.93,7.15,771616,0
DO.US,D,20220823,000000,7.34,7.57,7.22,7.27,816317,0
DO.US,D,20220824,000000,7.3,7.47,7.13,7.29,1026059,0
DO.US,D,20220825,000000,7.3,7.455,7.235,7.37,1097097,0
DO.US,D,20220826,000000,7.34,7.52,7.155,7.22,765823,0
DO.US,D,20220829,000000,7.11,7.55,7.09,7.37,1081534,0
DO.US,D,20220830,000000,7.25,7.285,6.8,6.9,1136433,0
DO.US,D,20220831,000000,6.8,7.29,6.66,7.11,1287176,0
DO.US,D,20220901,000000,7,7.02,6.8,6.94,704255,0
DO.US,D,20220902,000000,7.15,7.495,7.05,7.37,1208240,0
DO.US,D,20220906,000000,7.52,7.54,6.97,6.99,637897,0
DO.US,D,20220907,000000,6.8,7.1,6.71,7.01,864272,0
DO.US,D,20220908,000000,7,7.52,6.94,7.4,819339,0
DO.US,D,20220909,000000,7.59,7.8,7.47,7.71,897051,0
DO.US,D,20220912,000000,7.83,8.04,7.78,8.03,1052972,0
DO.US,D,20220913,000000,7.78,8.17,7.78,7.93,1684265,0
DO.US,D,20220914,000000,8.01,8.415,8.01,8.36,1483104,0
DO.US,D,20220915,000000,8.19,8.4396,8.14,8.32,1239075,0
DO.US,D,20220916,000000,8.18,8.23,7.47,7.6,3533757,0
DO.US,D,20220919,000000,7.28,7.55,7.27,7.43,818959,0
DO.US,D,20220920,000000,7.29,7.4,7.04,7.17,994704,0
DO.US,D,20220921,000000,7.36,7.48,6.96,6.98,969503,0
DO.US,D,20220922,000000,7.04,7.3,6.71,6.73,1081518,0
DO.US,D,20220923,000000,6.45,6.47,6.14,6.33,1529414,0
DO.US,D,20220926,000000,6.27,6.52,6.12,6.25,858829,0
DO.US,D,20220927,000000,6.41,6.7286,6.31,6.43,1100511,0
DO.US,D,20220928,000000,6.54,7.045,6.44,7.02,913964,0
DO.US,D,20220929,000000,6.93,6.93,6.72,6.92,756060,0
DO.US,D,20220930,000000,6.86,7.135,6.6,6.63,1222152,0
DO.US,D,20221003,000000,7.03,7.5,6.98,7.4,1091355,0
DO.US,D,20221004,000000,7.65,7.7,7.41,7.61,864943,0
DO.US,D,20221005,000000,7.54,7.745,7.455,7.73,698220,0
DO.US,D,20221006,000000,7.68,8.075,7.66,7.94,753716,0
DO.US,D,20221007,000000,7.93,8.14,7.81,7.91,743447,0
DO.US,D,20221010,000000,7.89,8.05,7.65,7.94,689316,0
DO.US,D,20221011,000000,7.74,8.07,7.63,7.91,491466,0
DO.US,D,20221012,000000,7.85,8.05,7.76,7.91,586179,0
DO.US,D,20221013,000000,7.79,8.2,7.77,8.1,1105885,0
DO.US,D,20221014,000000,8.09,8.18,7.72,8,882842,0
DO.US,D,20221017,000000,8.18,8.3,8.09,8.22,1975423,0
DO.US,D,20221018,000000,8.33,8.46,8.18,8.3,2146338,0
DO.US,D,20221019,000000,8.29,8.545,8.245,8.53,1643073,0
DO.US,D,20221020,000000,8.65,8.96,8.36,8.47,1290227,0
DO.US,D,20221021,000000,8.53,8.91,8.49,8.78,1140432,0
DO.US,D,20221024,000000,8.79,9.05,8.67,9.04,1107860,0
DO.US,D,20221025,000000,9.07,9.5,9.02,9.39,1147318,0
DO.US,D,20221026,000000,9.5,9.75,9.26,9.44,991710,0
DO.US,D,20221027,000000,9.65,9.84,9.285,9.38,1221557,0
DO.US,D,20221028,000000,9.5,9.7,9.29,9.68,701036,0
DO.US,D,20221031,000000,9.6,9.95,9.5365,9.85,1081558,0
DO.US,D,20221101,000000,10.06,10.06,9.69,9.72,969686,0
DO.US,D,20221102,000000,9.79,10.03,9.56,9.61,1135492,0
DO.US,D,20221103,000000,9.64,10.01,9.47,9.97,1111327,0
DO.US,D,20221104,000000,10.1,10.19,9.715,10,1665957,0
DO.US,D,20221107,000000,10.1,10.15,9.79,10.13,1709660,0
DO.US,D,20221108,000000,10.24,10.25,9.81,10.03,1213359,0
DO.US,D,20221109,000000,9.94,10.01,9.36,9.41,1232643,0
DO.US,D,20221110,000000,9.68,9.74,9.36,9.55,1057955,0
DO.US,D,20221111,000000,9.75,10.01,9.74,9.9,1086771,0
DO.US,D,20221114,000000,9.8,10.08,9.77,9.88,1034112,0
DO.US,D,20221115,000000,9.87,10.105,9.7,10.01,1116015,0
DO.US,D,20221116,000000,9.98,10.05,9.88,9.95,621170,0
DO.US,D,20221117,000000,9.73,9.94,9.6,9.86,524672,0
DO.US,D,20221118,000000,9.72,9.8,9.42,9.6,824449,0
DO.US,D,20221121,000000,9.4,9.47,8.795,9.19,1191733,0
DO.US,D,20221122,000000,9.35,9.67,9.28,9.57,860679,0
DO.US,D,20221123,000000,9.37,9.59,9.23,9.5,858259,0
DO.US,D,20221125,000000,9.47,9.64,9.33,9.41,363499,0
DO.US,D,20221128,000000,9.08,9.335,8.92,9.07,881208,0
DO.US,D,20221129,000000,9.19,9.5,9.05,9.18,1444035,0
DO.US,D,20221130,000000,9.37,9.66,9.15,9.57,3539167,0
DO.US,D,20221201,000000,9.65,9.9,9.64,9.8,1154171,0
DO.US,D,20221202,000000,9.7,9.955,9.56,9.94,826480,0
DO.US,D,20221205,000000,9.96,9.99,9.22,9.26,741642,0
DO.US,D,20221206,000000,9.14,9.36,9.055,9.19,796479,0
DO.US,D,20221207,000000,9.24,9.36,8.8,8.84,819002,0
DO.US,D,20221208,000000,9.1,9.17,8.67,8.75,555729,0
DO.US,D,20221209,000000,8.69,8.79,8.395,8.47,799399,0
DO.US,D,20221212,000000,8.52,9.04,8.51,8.78,796151,0
DO.US,D,20221213,000000,9.04,9.04,8.555,8.96,1226158,0
DO.US,D,20221214,000000,9.09,9.13,8.77,8.86,497571,0
DO.US,D,20221215,000000,8.76,8.94,8.61,8.73,538054,0
DO.US,D,20221216,000000,8.45,8.65,8.42,8.62,1116945,0
DO.US,D,20221219,000000,8.74,8.89,8.51,8.56,380410,0
DO.US,D,20221220,000000,8.57,9.21,8.56,9.17,875567,0
DO.US,D,20221221,000000,9.29,9.59,9.1,9.52,999127,0
DO.US,D,20221222,000000,9.5,9.66,9.33,9.6,888359,0
DO.US,D,20221223,000000,9.8,9.99,9.68,9.97,975806,0
DO.US,D,20221227,000000,10.02,10.135,9.85,10,777078,0
DO.US,D,20221228,000000,10,10.105,9.77,9.99,698287,0
DO.US,D,20221229,000000,9.99,10.27,9.975,10.13,962482,0
DO.US,D,20221230,000000,10.01,10.47,9.88,10.4,1441744,0
DO.US,D,20230103,000000,10.38,10.39,9.2,9.58,1001316,0
DO.US,D,20230104,000000,9.29,9.57,9.2425,9.26,574651,0
DO.US,D,20230105,000000,9.14,9.47,9.05,9.37,428410,0
DO.US,D,20230106,000000,9.55,10.01,9.5,9.9,718440,0
DO.US,D,20230109,000000,10.14,10.39,10.07,10.14,842234,0
DO.US,D,20230110,000000,10.19,11.07,10.12,11.01,1519753,0
DO.US,D,20230111,000000,11.08,11.08,10.66,10.69,575434,0
DO.US,D,20230112,000000,10.73,11.2,10.69,11.09,670638,0
DO.US,D,20230113,000000,11.01,11.44,10.94,11.34,793506,0
DO.US,D,20230117,000000,11.44,11.83,11.42,11.77,1220871,0
DO.US,D,20230118,000000,11.85,11.85,11.21,11.34,993105,0
DO.US,D,20230119,000000,11.33,11.55,11.19,11.52,846538,0
DO.US,D,20230120,000000,11.62,12.09,11.35,11.88,1653163,0
DO.US,D,20230123,000000,11.89,12.01,11.66,11.8,979728,0
DO.US,D,20230124,000000,11.81,11.9,11.57,11.88,573825,0
DO.US,D,20230125,000000,11.74,11.79,11.175,11.68,871185,0
DO.US,D,20230126,000000,11.83,11.95,11.45,11.68,592532,0
DO.US,D,20230127,000000,11.61,11.855,11.58,11.64,474396,0
DO.US,D,20230130,000000,11.6,11.76,11.23,11.28,839276,0
DO.US,D,20230131,000000,11.29,11.55,11.17,11.46,588924,0
DO.US,D,20230201,000000,11.45,12.29,11.45,12.2,2497439,0
DO.US,D,20230202,000000,12.07,12.35,11.73,11.89,1880888,0
DO.US,D,20230203,000000,11.93,12.63,11.93,12.31,1450036,0
DO.US,D,20230206,000000,12.31,12.44,11.765,12.3,1091077,0
DO.US,D,20230207,000000,12.42,12.84,12.3,12.64,2052058,0
DO.US,D,20230208,000000,12.67,12.7499,12.25,12.5,808624,0
DO.US,D,20230209,000000,12.42,12.58,12.07,12.24,1414577,0
DO.US,D,20230210,000000,12.29,12.675,12.29,12.5,714260,0
DO.US,D,20230213,000000,12.44,12.61,12.14,12.45,769181,0
DO.US,D,20230214,000000,12.2,12.52,12.145,12.48,638577,0
DO.US,D,20230215,000000,12.25,12.41,12.125,12.33,722709,0
DO.US,D,20230216,000000,12.18,12.8368,12.17,12.52,1268801,0
DO.US,D,20230217,000000,12.47,12.53,11.97,12.26,1057206,0
DO.US,D,20230221,000000,12.11,12.205,11.16,11.36,1219625,0
DO.US,D,20230222,000000,11.25,11.45,10.6514,10.83,1670204,0
DO.US,D,20230223,000000,11.01,11.11,10.425,10.72,1420804,0
DO.US,D,20230224,000000,10.51,11.41,10.5,11.25,1982406,0
DO.US,D,20230227,000000,11.17,11.95,11.16,11.69,1271378,0
DO.US,D,20230228,000000,12.26,12.53,11.71,11.88,1550117,0
DO.US,D,20230301,000000,11.87,12.315,11.8,12.27,1021287,0
DO.US,D,20230302,000000,12.14,12.61,12.08,12.5,1043404,0
DO.US,D,20230303,000000,12.32,13.3,12.22,12.88,2437928,0
DO.US,D,20230306,000000,12.84,13.12,12.54,13.12,919389,0
DO.US,D,20230307,000000,13.08,13.3,12.45,12.47,1193419,0
DO.US,D,20230308,000000,12.44,12.66,12.05,12.41,737105,0
DO.US,D,20230309,000000,12.42,12.56,11.6147,11.76,1389965,0
DO.US,D,20230310,000000,11.69,11.94,11.12,11.28,1013690,0
DO.US,D,20230313,000000,10.89,11.31,10.66,10.78,1366660,0
DO.US,D,20230314,000000,11.02,11.73,10.91,11.17,1170880,0
DO.US,D,20230315,000000,10.68,10.7,9.64,10,1825637,0
DO.US,D,20230316,000000,9.75,10.34,9.555,10.23,1137643,0
DO.US,D,20230317,000000,10.16,10.16,9.68,9.81,1617380,0
DO.US,D,20230320,000000,9.88,10.27,9.88,10.2,871659,0
DO.US,D,20230321,000000,10.63,11.85,10.53,11.44,2236364,0
DO.US,D,20230322,000000,11.48,11.57,11.065,11.13,913445,0
DO.US,D,20230323,000000,11.21,11.58,10.67,10.99,1700557,0
DO.US,D,20230324,000000,10.76,10.805,10.32,10.67,902314,0
DO.US,D,20230327,000000,10.76,11.31,10.52,11.25,888436,0
DO.US,D,20230328,000000,11.19,11.925,11.08,11.65,1313178,0
DO.US,D,20230329,000000,11.84,12.24,11.75,12.23,1517040,0
DO.US,D,20230330,000000,12.33,12.39,11.6701,11.84,933846,0
DO.US,D,20230331,000000,11.99,12.35,11.88,12.04,1550764,0
DO.US,D,20230403,000000,12.68,13.015,12.575,12.75,1577533,0
DO.US,D,20230404,000000,12.86,12.86,11.73,12.12,817165,0
DO.US,D,20230405,000000,12.11,12.23,11.64,11.74,861722,0
DO.US,D,20230406,000000,11.68,11.7,11.28,11.38,586043,0
DO.US,D,20230410,000000,11.38,11.685,11.35,11.4,1542024,0
DO.US,D,20230411,000000,11.48,11.7,10.97,11.47,1182494,0
DO.US,D,20230412,000000,11.72,11.88,11.4,11.77,592013,0
DO.US,D,20230413,000000,11.76,12.19,11.71,12.06,894741,0
DO.US,D,20230414,000000,12.14,12.49,12.03,12.49,832728,0
DO.US,D,20230417,000000,12.36,12.58,12.1,12.39,573904,0
DO.US,D,20230418,000000,12.36,12.5,11.86,12.31,854728,0
DO.US,D,20230419,000000,12.1,12.1,11.485,11.86,836904,0
DO.US,D,20230420,000000,11.61,11.665,11.09,11.49,845418,0
DO.US,D,20230421,000000,11.52,11.53,11.21,11.37,786630,0
DO.US,D,20230424,000000,11.31,11.94,11.26,11.7,586128,0
DO.US,D,20230425,000000,11.44,11.53,11.08,11.1,511875,0
DO.US,D,20230426,000000,11.15,11.34,10.88,11.06,1114259,0
DO.US,D,20230427,000000,11.06,11.22,10.75,11.14,735095,0
DO.US,D,20230428,000000,11.1,11.69,11.1,11.49,645729,0
DO.US,D,20230501,000000,11.3,11.68,11.21,11.48,547307,0
DO.US,D,20230502,000000,11.25,11.31,10.44,10.68,1337606,0
DO.US,D,20230503,000000,10.44,10.89,10.44,10.58,947059,0
DO.US,D,20230504,000000,10.54,11.2,10.54,11.03,1026373,0
DO.US,D,20230505,000000,11.6,12.03,11.35,11.51,1222100,0
DO.US,D,20230508,000000,11.75,11.99,11.3914,11.59,1496715,0
DO.US,D,20230509,000000,12.1,12.47,11.29,11.33,1421969,0
DO.US,D,20230510,000000,11.5,11.8,11.18,11.43,1001483,0
DO.US,D,20230511,000000,11.12,11.34,10.75,10.98,959873,0
DO.US,D,20230512,000000,11,11.655,11,11.58,1046191,0
DO.US,D,20230515,000000,11.58,11.705,11.39,11.54,709972,0
DO.US,D,20230516,000000,11.48,11.695,11.1501,11.55,741125,0
DO.US,D,20230517,000000,11.82,11.82,11.14,11.53,839281,0
DO.US,D,20230518,000000,11.45,11.78,11.18,11.7,653069,0
DO.US,D,20230519,000000,11.89,11.905,11.42,11.56,663657,0
DO.US,D,20230522,000000,11.56,12.65,11.56,12.28,1056657,0
DO.US,D,20230523,000000,12.34,12.489,12.03,12.07,837420,0
DO.US,D,20230524,000000,12.06,12.35,11.94,12.15,1074598,0
DO.US,D,20230525,000000,11.82,11.92,11.42,11.6,1464245,0
DO.US,D,20230526,000000,11.63,11.84,11.46,11.55,855392,0
DO.US,D,20230530,000000,11.27,11.425,10.98,11.19,1224181,0
DO.US,D,20230531,000000,10.95,11.13,10.81,10.95,1461366,0
DO.US,D,20230601,000000,10.88,11.74,10.83,11.65,1053384,0
DO.US,D,20230602,000000,11.95,12.145,11.68,12.05,903283,0
DO.US,D,20230605,000000,12.31,12.31,11.61,11.72,840998,0
DO.US,D,20230606,000000,11.39,12,11.37,11.97,745928,0
DO.US,D,20230607,000000,12,12.3,12,12.12,714667,0
DO.US,D,20230608,000000,12.08,12.44,12.065,12.17,665297,0
DO.US,D,20230609,000000,12.07,12.08,11.76,12.07,938888,0
DO.US,D,20230612,000000,11.86,11.87,11.41,11.51,1822477,0
DO.US,D,20230613,000000,11.8,12.0101,11.66,11.73,830780,0
DO.US,D,20230614,000000,11.93,12.26,11.77,12.22,1159973,0
DO.US,D,20230615,000000,12.28,12.5,12.16,12.46,721480,0
DO.US,D,20230616,000000,12.65,12.69,12.11,12.22,1326776,0
DO.US,D,20230620,000000,12.06,12.16,11.61,12.12,1042815,0
DO.US,D,20230621,000000,12.06,12.635,12.025,12.48,1491913,0
DO.US,D,20230622,000000,12.26,12.62,12.24,12.61,728864,0
DO.US,D,20230623,000000,12.32,12.5,12.09,12.37,1554668,0
DO.US,D,20230626,000000,12.47,13.06,12.47,12.93,1375149,0
DO.US,D,20230627,000000,12.99,13.1891,12.6,12.61,1654369,0
DO.US,D,20230628,000000,12.55,12.7,12.13,12.4,1366850,0
DO.US,D,20230629,000000,12.64,13.47,12.58,13.39,1934199,0
DO.US,D,20230630,000000,13.68,14.47,13.56,14.24,3089033,0
DO.US,D,20230703,000000,14.39,14.84,14.34,14.47,1143683,0
DO.US,D,20230705,000000,14.58,14.83,14.26,14.71,1625630,0
DO.US,D,20230706,000000,14.5,14.75,14.06,14.48,1633285,0
DO.US,D,20230707,000000,14.5,15.815,14.48,15.68,2637049,0
DO.US,D,20230710,000000,15.79,15.79,15.4,15.66,2224197,0
DO.US,D,20230711,000000,15.8,15.93,15.38,15.6,1675900,0
DO.US,D,20230712,000000,15.84,15.94,15.31,15.63,1346660,0
DO.US,D,20230713,000000,15.72,15.97,15.5,15.69,1094386,0
DO.US,D,20230714,000000,15.55,15.69,15.08,15.15,736764,0
DO.US,D,20230717,000000,15.02,15.53,15,15.32,1018069,0
DO.US,D,20230718,000000,15.59,16.5234,15.49,16.26,2172040,0
DO.US,D,20230719,000000,16.34,16.35,15.58,15.76,970001,0
DO.US,D,20230720,000000,15.77,16.03,15.43,15.45,763967,0
DO.US,D,20230721,000000,15.55,15.6,15.065,15.35,1344694,0
DO.US,D,20230724,000000,15.37,16.11,15.37,15.98,1655891,0
DO.US,D,20230725,000000,15.76,16.15,15.6,16.03,1700272,0
DO.US,D,20230726,000000,15.82,16.06,15.62,15.74,730387,0
DO.US,D,20230727,000000,15.88,16.04,15.3,15.39,778161,0
DO.US,D,20230728,000000,15.52,15.72,15.37,15.44,1365809,0
DO.US,D,20230731,000000,15.55,16.01,15.44,15.83,914945,0
DO.US,D,20230801,000000,15.5,15.675,15.0246,15.64,1007341,0
DO.US,D,20230802,000000,15.41,15.57,14.83,15.17,913937,0
DO.US,D,20230803,000000,15.28,15.614,15.06,15.44,614366,0
DO.US,D,20230804,000000,15.48,15.82,15.35,15.7,893519,0
DO.US,D,20230807,000000,15.79,15.798,14.975,15.11,924191,0
DO.US,D,20230808,000000,14.65,15.01,13.56,14.83,2381060,0
DO.US,D,20230809,000000,15.08,15.327,14.61,14.86,1212862,0
DO.US,D,20230810,000000,14.82,15.165,14.61,14.69,1287884,0
DO.US,D,20230811,000000,14.79,15.385,14.61,15.28,952398,0
DO.US,D,20230814,000000,15.19,15.19,14.82,15.12,746062,0
DO.US,D,20230815,000000,14.9,15.1,14.765,14.85,618457,0
DO.US,D,20230816,000000,15,15.52,14.94,15.07,926122,0
DO.US,D,20230817,000000,15.32,15.3938,15.095,15.19,511184,0
DO.US,D,20230818,000000,14.89,16.04,14.89,15.95,1121899,0
DO.US,D,20230821,000000,16.18,16.46,15.52,15.6,1130963,0
DO.US,D,20230822,000000,15.54,15.76,15.28,15.29,1232492,0
DO.US,D,20230823,000000,14.99,15.26,14.61,15.23,1309904,0
DO.US,D,20230824,000000,15.12,15.12,14.515,14.53,1189679,0
DO.US,D,20230825,000000,14.73,14.77,14.35,14.56,951327,0
DO.US,D,20230828,000000,14.58,14.79,14.3,14.32,973561,0
DO.US,D,20230829,000000,14.24,14.55,13.79,14.33,1182960,0
DO.US,D,20230830,000000,14.4,14.97,14.33,14.9,1381795,0
DO.US,D,20230831,000000,15,15.08,14.78,14.87,1131125,0
DO.US,D,20230901,000000,15.18,15.42,15.1,15.26,1137484,0
DO.US,D,20230905,000000,15.72,15.95,15.46,15.71,2357856,0
DO.US,D,20230906,000000,15.7,15.8153,15,15.38,1599308,0
DO.US,D,20230907,000000,15.2,15.56,15.07,15.21,1404226,0
DO.US,D,20230908,000000,15.24,15.65,15.24,15.53,1130043,0
DO.US,D,20230911,000000,15.75,16.34,15.7488,16.02,1653568,0
DO.US,D,20230912,000000,16.28,17.32,16.25,16.7,1943143,0
DO.US,D,20230913,000000,16.89,16.9,15.72,15.73,1618488,0
DO.US,D,20230914,000000,16.06,16.33,15.73,16.16,1283779,0
DO.US,D,20230915,000000,16.1,16.29,15.63,15.65,2056022,0
DO.US,D,20230918,000000,15.7,15.91,15.54,15.65,1019342,0
DO.US,D,20230919,000000,15.86,15.94,15.14,15.15,1215621,0
DO.US,D,20230920,000000,15,15.42,14.89,15.03,957527,0
DO.US,D,20230921,000000,14.98,15.02,14.51,14.52,975055,0
DO.US,D,20230922,000000,14.64,14.81,14.465,14.55,894106,0
DO.US,D,20230925,000000,14.47,14.8,14.33,14.66,1615335,0
DO.US,D,20230926,000000,14.44,14.73,14.37,14.46,1452944,0
DO.US,D,20230927,000000,14.73,15.13,14.61,14.92,1358733,0
DO.US,D,20230928,000000,14.86,15.12,14.841,15,1373425,0
DO.US,D,20230929,000000,15.03,15.14,14.5,14.68,1374784,0
DO.US,D,20231002,000000,14.68,14.75,13.71,13.94,1726864,0
DO.US,D,20231003,000000,13.61,14.18,13.6,14.13,1240880,0
DO.US,D,20231004,000000,13.82,13.8786,13.372,13.49,1275181,0
DO.US,D,20231005,000000,13.25,13.635,13.25,13.46,1189787,0
DO.US,D,20231006,000000,13.44,13.81,13.32,13.57,1063472,0
DO.US,D,20231009,000000,14.09,14.22,13.88,13.97,1200457,0
DO.US,D,20231010,000000,14.05,14.09,13.79,13.96,974496,0
DO.US,D,20231011,000000,13.75,14.1,13.54,14.03,1086921,0
DO.US,D,20231012,000000,14.25,14.26,13.64,13.74,1381637,0
DO.US,D,20231013,000000,14.06,14.21,13.8858,14.09,714140,0
DO.US,D,20231016,000000,14.14,14.145,13.47,13.61,1819242,0
DO.US,D,20231017,000000,13.56,13.9,13.56,13.76,1074990,0
DO.US,D,20231018,000000,13.79,13.94,13.49,13.62,1239605,0
DO.US,D,20231019,000000,13.55,13.84,13.339,13.65,1364554,0
DO.US,D,20231020,000000,13.55,13.58,12.78,13.11,1515355,0
DO.US,D,20231023,000000,12.97,13.17,12.86,13.04,1164832,0
DO.US,D,20231024,000000,13.02,13.09,12.72,12.76,1042379,0
DO.US,D,20231025,000000,12.76,12.88,12.37,12.61,2802280,0
DO.US,D,20231026,000000,12.46,12.59,12.07,12.28,2129132,0
DO.US,D,20231027,000000,12.36,12.515,12.03,12.38,1262901,0
DO.US,D,20231030,000000,12.53,12.7,12.21,12.37,877659,0
DO.US,D,20231031,000000,12.36,12.511,12.1259,12.41,992252,0
DO.US,D,20231101,000000,12.42,12.99,12.305,12.7,1136104,0
DO.US,D,20231102,000000,12.88,13.685,12.85,13.59,1873847,0
DO.US,D,20231103,000000,13.67,13.74,13.25,13.4,1583287,0
DO.US,D,20231106,000000,13.54,13.55,12.86,13,1685185,0
DO.US,D,20231107,000000,12.64,12.92,12.32,12.36,2146544,0
DO.US,D,20231108,000000,12.22,13.13,12.13,12.98,1757952,0
DO.US,D,20231109,000000,13.2,13.38,12.655,12.67,1544664,0
DO.US,D,20231110,000000,12.87,13.11,12.57,12.61,909569,0
DO.US,D,20231113,000000,12.62,12.795,12.395,12.69,1037417,0
DO.US,D,20231114,000000,12.92,13.09,12.71,13,1128507,0
DO.US,D,20231115,000000,13,13.09,12.4,12.43,1414262,0
DO.US,D,20231116,000000,12.22,12.5,11.8,11.93,1959118,0
DO.US,D,20231117,000000,12.12,12.52,12.065,12.48,1790775,0
DO.US,D,20231120,000000,12.71,12.85,12.23,12.24,1055601,0
DO.US,D,20231121,000000,12.19,12.37,12,12.18,1180313,0
DO.US,D,20231122,000000,11.83,12.4,11.77,12.28,1126872,0
DO.US,D,20231124,000000,12.32,12.975,12.32,12.74,1129292,0
DO.US,D,20231127,000000,12.64,12.75,12.27,12.28,1308976,0
DO.US,D,20231128,000000,12.48,12.78,12.365,12.59,1051329,0
DO.US,D,20231129,000000,12.71,12.87,12.4697,12.59,689435,0
DO.US,D,20231130,000000,12.73,13.04,12.63,12.87,1318691,0
DO.US,D,20231201,000000,12.87,13.3,12.75,13.2,1347703,0
DO.US,D,20231204,000000,13.01,13.0545,12.805,13.02,923329,0
DO.US,D,20231205,000000,12.96,13.04,12.51,12.62,1183942,0
DO.US,D,20231206,000000,12.46,12.575,11.75,11.77,2029343,0
DO.US,D,20231207,000000,11.79,11.92,11.51,11.68,1400037,0
DO.US,D,20231208,000000,11.77,12.4,11.755,12.25,1236400,0
DO.US,D,20231211,000000,12.22,12.31,11.93,11.96,1607914,0
DO.US,D,20231212,000000,11.82,11.82,11.43,11.61,1504398,0
DO.US,D,20231213,000000,11.68,12.24,11.68,12.22,1223004,0
DO.US,D,20231214,000000,12.59,13.22,12.58,12.98,2426375,0
DO.US,D,20231215,000000,13,13.08,12.54,12.61,2035794,0
DO.US,D,20231218,000000,13.02,13.29,12.69,12.7,570208,0
DO.US,D,20231219,000000,12.82,13.2,12.8,13.15,1019712,0
DO.US,D,20231220,000000,13.17,13.4,12.885,12.93,966496,0
DO.US,D,20231221,000000,12.89,13.105,12.74,13.08,534517,0
DO.US,D,20231222,000000,13.12,13.36,12.83,13.15,917193,0
DO.US,D,20231226,000000,13.39,13.825,13.24,13.68,912710,0
DO.US,D,20231227,000000,13.63,13.73,13.405,13.47,541622,0
DO.US,D,20231228,000000,13.35,13.475,13.09,13.1,771120,0
DO.US,D,20231229,000000,13.11,13.14,12.93,13,1261004,0
DO.US,D,20240102,000000,13.08,13.4,12.785,12.87,1076644,0
DO.US,D,20240103,000000,12.9,13.1095,12.74,12.79,836915,0
DO.US,D,20240104,000000,12.97,13.1,12.28,12.31,1042097,0
DO.US,D,20240105,000000,12.43,12.69,12.37,12.47,851492,0
DO.US,D,20240108,000000,12.09,12.46,11.95,12.45,1304067,0
DO.US,D,20240109,000000,12.39,12.39,12,12.05,1009216,0
DO.US,D,20240110,000000,12.07,12.13,11.73,11.85,1160834,0
DO.US,D,20240111,000000,11.89,12.15,11.61,12.11,1489341,0
DO.US,D,20240112,000000,12.45,12.52,12.01,12.13,1460813,0
DO.US,D,20240116,000000,12.03,12.16,11.66,11.81,1915006,0
DO.US,D,20240117,000000,11.68,12.06,11.56,12.01,1646202,0
DO.US,D,20240118,000000,12,12.47,11.81,12.37,1590611,0
DO.US,D,20240119,000000,12.37,12.51,12.135,12.39,1096036,0
DO.US,D,20240122,000000,12.47,12.76,12.35,12.58,1074462,0
DO.US,D,20240123,000000,12.53,12.8195,12.53,12.64,884301,0
DO.US,D,20240124,000000,12.77,12.845,12.46,12.79,1422754,0
DO.US,D,20240125,000000,13.08,13.09,12.625,12.87,824573,0
DO.US,D,20240126,000000,12.92,12.96,12.615,12.76,843149,0
DO.US,D,20240129,000000,12.68,12.82,12.525,12.81,975076,0
DO.US,D,20240130,000000,12.53,12.85,12.15,12.56,1490829,0
DO.US,D,20240131,000000,12.54,12.55,12.165,12.2,1218254,0
DO.US,D,20240201,000000,12.21,12.39,11.885,11.99,1091349,0
DO.US,D,20240202,000000,11.88,11.965,11.675,11.69,1174609,0
DO.US,D,20240205,000000,11.62,11.65,11.31,11.55,1183860,0
DO.US,D,20240206,000000,11.52,11.58,11.165,11.44,3125758,0
DO.US,D,20240207,000000,11.5,11.59,11.1601,11.34,1376820,0
DO.US,D,20240208,000000,11.36,12,11.36,11.88,2903378,0
DO.US,D,20240209,000000,11.79,12.115,11.69,12.01,1431717,0
DO.US,D,20240212,000000,12.05,12.405,12.05,12.37,1016663,0
DO.US,D,20240213,000000,12.2,12.39,11.91,12.07,1673981,0
DO.US,D,20240214,000000,12.22,12.46,12.08,12.15,1533324,0
DO.US,D,20240215,000000,12.23,12.385,12.1,12.26,1788729,0
DO.US,D,20240216,000000,12.25,12.25,11.87,11.9,1398046,0
DO.US,D,20240220,000000,11.79,11.79,11.39,11.53,1845376,0
DO.US,D,20240221,000000,11.6,12.29,11.6,12.05,1348220,0
DO.US,D,20240222,000000,12.07,12.53,11.978,12.34,1182114,0
DO.US,D,20240223,000000,12.25,12.28,11.89,12.05,1160945,0
DO.US,D,20240226,000000,11.99,12.1737,11.895,12.12,843750,0
DO.US,D,20240227,000000,12.1,12.19,11.96,12.08,1218652,0
DO.US,D,20240228,000000,11.53,11.82,11.02,11.18,3219642,0
DO.US,D,20240229,000000,11.35,11.635,11.04,11.09,1916618,0
DO.US,D,20240301,000000,11.3,11.945,11.3,11.85,2241551,0
DO.US,D,20240304,000000,11.85,12.05,11.66,12.02,1815867,0
DO.US,D,20240305,000000,11.78,12.245,11.725,11.75,1469836,0
DO.US,D,20240306,000000,11.99,12.14,11.715,11.79,1056625,0
DO.US,D,20240307,000000,11.86,12.285,11.86,12.2,1199151,0
DO.US,D,20240308,000000,12.26,12.45,12.1,12.28,1460669,0
DO.US,D,20240311,000000,12.19,12.69,12.08,12.62,1415682,0
DO.US,D,20240312,000000,12.61,12.61,12.21,12.47,1316648,0
DO.US,D,20240313,000000,12.59,12.91,12.57,12.73,1256888,0
DO.US,D,20240314,000000,12.72,12.95,12.66,12.85,1682713,0
DO.US,D,20240315,000000,12.81,13.345,12.81,13.04,2231196,0
DO.US,D,20240318,000000,13.09,13.37,12.925,13.06,2004335,0
DO.US,D,20240319,000000,12.99,13.35,12.96,13.24,1972893,0
DO.US,D,20240320,000000,13.06,13.345,12.94,13.17,1670124,0
DO.US,D,20240321,000000,13.17,13.3,13.1201,13.17,1467622,0
DO.US,D,20240322,000000,13.13,13.235,12.86,12.94,1728521,0
DO.US,D,20240325,000000,12.95,13.545,12.95,13.3,1764320,0
DO.US,D,20240326,000000,13.46,13.5,13.01,13.14,894754,0
DO.US,D,20240327,000000,13.14,13.47,13.045,13.44,891494,0
DO.US,D,20240328,000000,13.55,13.71,13.51,13.64,1224827,0
DO.US,D,20240401,000000,13.72,13.825,13.57,13.7,805596,0
DO.US,D,20240402,000000,13.85,14.11,13.75,13.99,1479181,0
DO.US,D,20240403,000000,13.99,14.465,13.99,14.38,1659463,0
DO.US,D,20240404,000000,14.4,14.44,14.06,14.19,1150102,0
DO.US,D,20240405,000000,14.16,14.65,14.03,14.58,1554519,0
DO.US,D,20240408,000000,14.7,14.82,14.21,14.26,1351289,0
DO.US,D,20240409,000000,14.35,14.51,14.012,14.17,1093300,0
DO.US,D,20240410,000000,13.92,14.5,13.69,14.46,1505949,0
DO.US,D,20240411,000000,14.46,14.46,14.1,14.2,1528835,0
DO.US,D,20240412,000000,14.35,14.57,13.9502,14.02,1077672,0
DO.US,D,20240415,000000,14.06,14.175,13.71,13.76,902667,0
DO.US,D,20240416,000000,13.6,13.715,13.41,13.54,1038009,0
DO.US,D,20240417,000000,13.42,13.61,13,13.01,1598713,0
DO.US,D,20240418,000000,13.12,13.26,12.745,12.86,1425375,0
DO.US,D,20240419,000000,12.75,13.02,12.7,12.935,1702111,0
DO.US,D,20240422,000000,12.89,13.375,12.665,13.31,1796651,0
DO.US,D,20240423,000000,13.27,13.61,13.195,13.58,1531942,0
DO.US,D,20240424,000000,13.5,13.54,13.005,13.16,1370005,0
DO.US,D,20240425,000000,13.07,13.125,12.825,13.01,997602,0
DO.US,D,20240426,000000,12.99,13.265,12.92,13.2,1306682,0
DO.US,D,20240429,000000,13.2,13.36,12.955,13.05,1102328,0
DO.US,D,20240430,000000,12.99,13.09,12.22,12.24,2609969,0
DO.US,D,20240501,000000,12.27,12.51,12.145,12.29,1440449,0
DO.US,D,20240502,000000,12.5,12.71,12.325,12.54,1049478,0
DO.US,D,20240503,000000,12.78,13.115,12.72,12.98,1322466,0
DO.US,D,20240506,000000,13.17,13.65,13.16,13.48,1253831,0
DO.US,D,20240507,000000,13.42,13.785,13.42,13.71,1455065,0
DO.US,D,20240508,000000,14.25,14.9,14.23,14.66,3915469,0
DO.US,D,20240509,000000,14.72,14.89,14.35,14.54,3138906,0
DO.US,D,20240510,000000,14.83,14.94,14.22,14.42,1522710,0
DO.US,D,20240513,000000,14.45,14.6,14.155,14.45,1109966,0
DO.US,D,20240514,000000,14.48,14.63,14.34,14.58,1216835,0
DO.US,D,20240515,000000,14.68,14.73,14.235,14.62,880521,0
DO.US,D,20240516,000000,14.6,14.91,14.582,14.73,723820,0
DO.US,D,20240517,000000,14.76,14.97,14.62,14.83,886495,0
DO.US,D,20240520,000000,14.9,15.355,14.87,15.25,1134506,0
DO.US,D,20240521,000000,15.13,15.3,15.08,15.28,1051059,0
DO.US,D,20240522,000000,15.25,15.25,14.52,14.71,1066322,0
DO.US,D,20240523,000000,14.82,14.97,14.335,14.47,829860,0
DO.US,D,20240524,000000,14.54,14.73,14.435,14.48,627317,0
DO.US,D,20240528,000000,14.74,15.16,14.49,15.14,1007770,0
DO.US,D,20240529,000000,15.05,15.18,14.63,14.63,1365070,0
DO.US,D,20240530,000000,14.62,14.99,14.6,14.81,1021934,0
DO.US,D,20240531,000000,14.81,15.19,14.75,15.18,940728,0
DO.US,D,20240603,000000,15.11,15.18,13.935,14.08,1817647,0
DO.US,D,20240604,000000,13.94,13.975,13.26,13.36,2214374,0
DO.US,D,20240605,000000,13.43,13.575,13.21,13.37,1153828,0
DO.US,D,20240606,000000,13.36,13.68,13.29,13.68,1137219,0
DO.US,D,20240607,000000,13.64,14.12,13.44,13.93,2033015,0
DO.US,D,20240610,000000,15.16,15.53,15.06,15.45,22489644,0
DO.US,D,20240611,000000,15.3,15.43,15.1,15.26,5315010,0
DO.US,D,20240612,000000,15.59,15.69,15.34,15.5,5795753,0
DO.US,D,20240613,000000,15.44,15.52,15.23,15.32,4064888,0
DO.US,D,20240614,000000,15.2,15.28,14.95,15.01,4255698,0
DO.US,D,20240617,000000,14.99,15.2,14.92,15.14,2240449,0
DO.US,D,20240618,000000,15.14,15.365,15.14,15.18,1814899,0
DO.US,D,20240620,000000,15.26,15.505,15.2,15.22,2718623,0
DO.US,D,20240621,000000,15.2,15.41,15.1,15.37,4041594,0
DO.US,D,20240624,000000,15.3,15.65,15.3,15.41,2573564,0
DO.US,D,20240625,000000,15.33,15.44,15.24,15.35,1181931,0
DO.US,D,20240626,000000,15.3,15.41,15.235,15.38,2197089,0
DO.US,D,20240627,000000,15.45,15.625,15.42,15.5,1488550,0
DO.US,D,20240628,000000,15.61,15.7,15.41,15.49,2211760,0
DO.US,D,20240701,000000,15.55,15.56,15.11,15.12,1248669,0
DO.US,D,20240702,000000,15.24,15.445,15.16,15.39,1568371,0
DO.US,D,20240703,000000,15.38,15.6,15.37,15.42,1210446,0
DO.US,D,20240705,000000,15.41,15.46,15.26,15.35,1307236,0
DO.US,D,20240708,000000,15.33,15.46,15.33,15.35,1593748,0
DO.US,D,20240709,000000,15.27,15.41,15.16,15.38,1775822,0
DO.US,D,20240710,000000,15.37,15.47,15.29,15.42,3866376,0
DO.US,D,20240711,000000,15.49,15.74,15.4,15.68,2690087,0
DO.US,D,20240712,000000,15.85,15.915,15.72,15.78,2299146,0
DO.US,D,20240715,000000,15.9,16.45,15.82,16.3,3351807,0
DO.US,D,20240716,000000,16.25,16.43,16.06,16.43,1958632,0
DO.US,D,20240717,000000,16.45,16.53,16.205,16.28,1201841,0
DO.US,D,20240718,000000,16.21,16.43,16.045,16.1,1083293,0
DO.US,D,20240719,000000,16.11,16.13,15.91,15.96,714414,0
DO.US,D,20240722,000000,15.98,16.145,15.89,16.07,864610,0
DO.US,D,20240723,000000,15.98,16.28,15.92,16.24,1421741,0
DO.US,D,20240724,000000,16.27,16.34,15.83,15.84,963670,0
DO.US,D,20240725,000000,15.84,16.37,15.751,16.26,1747871,0
DO.US,D,20240726,000000,16.4,16.8,16.32,16.43,3991769,0
DO.US,D,20240729,000000,16.46,16.56,16.1,16.2,2917647,0
DO.US,D,20240730,000000,16.14,16.22,15.89,16.13,1381825,0
DO.US,D,20240731,000000,16.43,16.61,16.29,16.42,1934687,0
DO.US,D,20240801,000000,16.42,16.6,15.75,15.81,3091524,0
DO.US,D,20240802,000000,15.54,15.65,15.06,15.16,2954569,0
DO.US,D,20240805,000000,14.61,14.98,14.57,14.66,2839841,0
DO.US,D,20240806,000000,14.65,14.855,14.53,14.75,3838835,0
DO.US,D,20240807,000000,14.8,15.19,14.7,14.7,2501175,0
DO.US,D,20240808,000000,14.78,14.96,14.71,14.85,1005499,0
DO.US,D,20240809,000000,14.8,14.85,14.595,14.63,850610,0
DO.US,D,20240812,000000,14.72,14.81,14.62,14.66,649404,0
DO.US,D,20240813,000000,14.66,14.66,14.46,14.55,1127263,0
DO.US,D,20240814,000000,14.58,14.595,14.365,14.4,666141,0
DO.US,D,20240815,000000,14.63,14.715,14.48,14.55,745181,0
DO.US,D,20240816,000000,14.44,14.58,14.39,14.42,769088,0
DO.US,D,20240819,000000,14.47,14.565,14.41,14.44,776075,0
DO.US,D,20240820,000000,14.45,14.45,14.105,14.13,962950,0
DO.US,D,20240821,000000,14.28,14.32,14.003,14.07,883722,0
DO.US,D,20240822,000000,14.09,14.13,13.95,13.97,760538,0
DO.US,D,20240823,000000,14.04,14.39,14.04,14.36,2394295,0
DO.US,D,20240826,000000,14.62,14.69,14.425,14.45,650442,0
DO.US,D,20240827,000000,14.43,14.49,14.3,14.34,911109,0
DO.US,D,20240828,000000,14.16,14.28,14.1275,14.21,3087522,0
DO.US,D,20240829,000000,14.35,14.39,14.225,14.29,4030346,0
DO.US,D,20240830,000000,14.23,14.36,14.19,14.34,1240416,0
DO.US,D,20240903,000000,14.24,14.36,13.97,13.99,5888939,0
