<TICKER>,<PER>,<DATE>,<TIME>,<OPEN>,<HIGH>,<LOW>,<CLOSE>,<VOL>,<OPENINT>
DOMA.US,D,20210125,000000,257.25,257.25,250,255.5,8531.44,0
DOMA.US,D,20210126,000000,253.75,256,253,254,6387.56,0
DOMA.US,D,20210127,000000,250.5,253.75,249,251,5268.64,0
DOMA.US,D,20210128,000000,255.5,255.5,250.25,252.25,1763.8,0
DOMA.US,D,20210129,000000,252.75,253.1,251,251,1414.36,0
DOMA.US,D,20210201,000000,251.75,256.25,251.25,253,2959.32,0
DOMA.US,D,20210202,000000,256.25,256.25,253.25,256,3165,0
DOMA.US,D,20210203,000000,258.75,258.75,255,255.25,673.16,0
DOMA.US,D,20210204,000000,255.26,257.25,255.25,255.75,1220.88,0
DOMA.US,D,20210205,000000,255,258.5,255,255.5,2821.28,0
DOMA.US,D,20210208,000000,257.5,261.75,255,255,8320.12,0
DOMA.US,D,20210209,000000,257.25,257.5,255.75,256.5,11250.56,0
DOMA.US,D,20210210,000000,256.75,262.25,253,257.5,11729.28,0
DOMA.US,D,20210211,000000,258.75,262.25,257.5,259.5,21390.68,0
DOMA.US,D,20210212,000000,258.5,262.5,258.5,262.5,5839.96,0
DOMA.US,D,20210216,000000,260.25,262.5,258,259.25,1404,0
DOMA.US,D,20210217,000000,259,261.25,254.25,260,1689.32,0
DOMA.US,D,20210218,000000,259,262.748,259,261.5,26867.88,0
DOMA.US,D,20210219,000000,262.5,265.25,260.5,265.25,10256.76,0
DOMA.US,D,20210222,000000,264.25,264.25,260.25,262.5,8110.56,0
DOMA.US,D,20210223,000000,258.5,260.5,254,260,4463.6,0
DOMA.US,D,20210224,000000,258.25,262,257.75,260,2694.84,0
DOMA.US,D,20210225,000000,260,261,255.25,256,6528.36,0
DOMA.US,D,20210226,000000,255,256,255,255.25,2741.44,0
DOMA.US,D,20210301,000000,256,257.75,253.75,254.75,3482.28,0
DOMA.US,D,20210302,000000,256,256,248.75,249.25,62218.36,0
DOMA.US,D,20210303,000000,259.25,263.747,251,253,364447.48,0
DOMA.US,D,20210304,000000,253,255.25,245,248.75,110014.76,0
DOMA.US,D,20210305,000000,251.25,255.25,250,252.5,77540.64,0
DOMA.US,D,20210308,000000,256.25,258.25,252.5,252.75,23224.36,0
DOMA.US,D,20210309,000000,257.25,257.25,251.5,252.5,20021.96,0
DOMA.US,D,20210310,000000,252.5,257.5,251.5,253.25,33936.04,0
DOMA.US,D,20210311,000000,254.25,255,251.25,253.5,35371.72,0
DOMA.US,D,20210312,000000,252.5,254.875,251.25,254.5,28004.6,0
DOMA.US,D,20210315,000000,254,254,249.25,251.25,34886.88,0
DOMA.US,D,20210316,000000,251,253.25,250.5,253,25409.08,0
DOMA.US,D,20210317,000000,252.5,255.125,251.25,255,36363.4,0
DOMA.US,D,20210318,000000,254.5,255,251.25,251.75,20962.48,0
DOMA.US,D,20210319,000000,251.5,252,250.75,251.5,5142.96,0
DOMA.US,D,20210322,000000,255,255,249.5,250,24792.08,0
DOMA.US,D,20210323,000000,250,250.5,246.75,249.25,17500.16,0
DOMA.US,D,20210324,000000,248.002,250,246.25,246.25,13206.08,0
DOMA.US,D,20210325,000000,246.25,248,244,246,9316.88,0
DOMA.US,D,20210326,000000,246.25,252.25,246.25,249,11579.64,0
DOMA.US,D,20210329,000000,251.25,251.25,249.25,249.25,7430.72,0
DOMA.US,D,20210330,000000,249,255.75,249,255.25,44363.76,0
DOMA.US,D,20210331,000000,254.5,254.5,248.5,252.5,12855.04,0
DOMA.US,D,20210401,000000,251.25,252.75,251,251.75,13321.24,0
DOMA.US,D,20210405,000000,251.75,252.505,250,250.5,18897.76,0
DOMA.US,D,20210406,000000,250.5,251.5,250,250,12526.04,0
DOMA.US,D,20210407,000000,250.5,250.75,248.25,249,11548.36,0
DOMA.US,D,20210408,000000,249.21,249.75,248.75,249,3037.32,0
DOMA.US,D,20210409,000000,249,250,249,249.5,3018.36,0
DOMA.US,D,20210412,000000,249.75,249.75,247.25,247.5,8569,0
DOMA.US,D,20210413,000000,248,248.75,247.5,248,4045.36,0
DOMA.US,D,20210414,000000,250,250,248.25,249.5,2632.36,0
DOMA.US,D,20210415,000000,248.25,249.25,246.5,247.5,7503.84,0
DOMA.US,D,20210416,000000,247.5,248.248,247.5,247.75,2659.32,0
DOMA.US,D,20210419,000000,248.25,248.25,246.5,247.25,5195.12,0
DOMA.US,D,20210420,000000,247,247.5,246.75,247,8172.72,0
DOMA.US,D,20210421,000000,246.75,247,246.25,246.75,7474.48,0
DOMA.US,D,20210422,000000,246.75,247.625,246.75,247,5383.8,0
DOMA.US,D,20210423,000000,246.75,248.25,246.75,248,6549.32,0
DOMA.US,D,20210426,000000,247,249.25,247,249,11660.6,0
DOMA.US,D,20210427,000000,248,250.5,248,250,7523.2,0
DOMA.US,D,20210428,000000,249.5,250,248.5,249.5,5717.08,0
DOMA.US,D,20210429,000000,249.25,250.75,248,249.5,5476.84,0
DOMA.US,D,20210430,000000,249.75,250.5,248.5,249.25,5998.08,0
DOMA.US,D,20210503,000000,249.25,249.25,247.75,248,16803.24,0
DOMA.US,D,20210504,000000,248,248.75,247.75,248.25,6830.64,0
DOMA.US,D,20210505,000000,248.5,248.75,247.5,248.5,4752.64,0
DOMA.US,D,20210506,000000,248,248.75,247.75,248.25,3326.68,0
DOMA.US,D,20210507,000000,247.75,250.375,247.75,250,19119.08,0
DOMA.US,D,20210510,000000,249.75,250,249.25,249.75,5245.56,0
DOMA.US,D,20210511,000000,249,249.525,247,247.5,17076.64,0
DOMA.US,D,20210512,000000,247.75,248.492,247.5,247.75,27392.68,0
DOMA.US,D,20210513,000000,246.75,248.175,246.75,247.75,1083.16,0
DOMA.US,D,20210514,000000,248.5,248.5,247.75,247.75,904.08,0
DOMA.US,D,20210517,000000,247.75,248.125,247.5,247.5,2132.88,0
DOMA.US,D,20210518,000000,247,248.75,247,247.5,1012.44,0
DOMA.US,D,20210519,000000,247.498,248.75,247.25,247.25,462.08,0
DOMA.US,D,20210520,000000,249,249,247.5,247.5,2331.84,0
DOMA.US,D,20210521,000000,247.5,248.498,246.25,247.5,47500.08,0
DOMA.US,D,20210524,000000,248.25,248.25,246.5,247,3096.56,0
DOMA.US,D,20210525,000000,247,247.958,247,247.25,311.68,0
DOMA.US,D,20210526,000000,247.5,248.25,247.5,247.5,768.6,0
DOMA.US,D,20210527,000000,247.75,248,247.5,247.5,22113.56,0
DOMA.US,D,20210528,000000,247.25,248.25,247.25,248.25,1541.92,0
DOMA.US,D,20210601,000000,248,248.5,248,248,3336.64,0
DOMA.US,D,20210602,000000,248.25,248.625,248,248.25,1061.4,0
DOMA.US,D,20210603,000000,248.75,248.75,247.75,247.75,1094.52,0
DOMA.US,D,20210604,000000,248,248.5,247.25,247.25,39691,0
DOMA.US,D,20210607,000000,247.5,248,247.5,247.5,1046.64,0
DOMA.US,D,20210608,000000,247.5,248,247.5,247.5,1505.92,0
DOMA.US,D,20210609,000000,248,248.25,247.75,247.75,10007.6,0
DOMA.US,D,20210610,000000,247.75,248.25,247.75,248,9504.56,0
DOMA.US,D,20210611,000000,247.75,248.5,247.75,248,17427.2,0
DOMA.US,D,20210614,000000,248,248.25,247.5,248,5153.96,0
DOMA.US,D,20210615,000000,247.5,248.25,247.25,248,3877.84,0
DOMA.US,D,20210616,000000,248,248.35,247.772,248,16821,0
DOMA.US,D,20210617,000000,248.25,248.25,248,248.125,204.16,0
DOMA.US,D,20210618,000000,248.25,248.5,247.875,248.25,7733.68,0
DOMA.US,D,20210621,000000,248.25,248.75,248.125,248.25,17157.32,0
DOMA.US,D,20210622,000000,248.25,249.5,247.75,249.25,32213.4,0
DOMA.US,D,20210623,000000,248.75,249.5,248.25,249.25,78130.52,0
DOMA.US,D,20210624,000000,249.25,250,248,248.5,14872.84,0
DOMA.US,D,20210625,000000,248.75,249,248.5,248.75,726.56,0
DOMA.US,D,20210628,000000,248,249.5,248,249.25,1764.6,0
DOMA.US,D,20210629,000000,249.5,249.5,248.5,249,2336.16,0
DOMA.US,D,20210630,000000,249,249.5,248,249.25,18020.56,0
DOMA.US,D,20210701,000000,249.5,249.5,248.625,249.25,5382.88,0
DOMA.US,D,20210702,000000,249.5,249.5,248.75,249.25,811.88,0
DOMA.US,D,20210706,000000,249.5,249.5,249,249.25,2066.36,0
DOMA.US,D,20210707,000000,249.5,249.5,249.25,249.25,1064.36,0
DOMA.US,D,20210708,000000,249.5,249.5,249,249.25,5393.88,0
DOMA.US,D,20210709,000000,249,249.5,249,249.25,4391.56,0
DOMA.US,D,20210712,000000,249.5,249.5,249,249.25,6806.64,0
DOMA.US,D,20210713,000000,249.5,249.5,249.25,249.25,5150.16,0
DOMA.US,D,20210714,000000,249.5,249.5,249.25,249.25,6152.8,0
DOMA.US,D,20210715,000000,249.5,249.5,249,249,41760.96,0
DOMA.US,D,20210716,000000,249.25,249.5,249.25,249.25,11221.28,0
DOMA.US,D,20210719,000000,249.5,249.5,249,249.25,41632.08,0
DOMA.US,D,20210720,000000,249,249.75,249,249.25,13067.36,0
DOMA.US,D,20210721,000000,249.5,249.5,249,249,136915.4,0
DOMA.US,D,20210722,000000,242.75,249.5,238.25,248,8694.64,0
DOMA.US,D,20210723,000000,247.75,250,240.5,241.25,6338.96,0
DOMA.US,D,20210726,000000,241.5,243.5,239.752,240.5,4770.28,0
DOMA.US,D,20210727,000000,239.75,240,221.75,222.25,7452.36,0
DOMA.US,D,20210728,000000,221.25,225,195.75,198.75,22269.84,0
DOMA.US,D,20210729,000000,205,220,170.25,174.75,36922.52,0
DOMA.US,D,20210730,000000,174.5,180.5,160.54,171,24485.36,0
DOMA.US,D,20210802,000000,170.25,192,170,183.5,20939.16,0
DOMA.US,D,20210803,000000,185,185,177.5,180.25,12915.4,0
DOMA.US,D,20210804,000000,184.25,184.25,167.5,175,14690.28,0
DOMA.US,D,20210805,000000,178.5,195.5,177.25,195.5,20349.24,0
DOMA.US,D,20210806,000000,197.75,198.5,180,187.75,21859.92,0
DOMA.US,D,20210809,000000,187.75,190,175,186.5,14431.44,0
DOMA.US,D,20210810,000000,184.5,199,182.75,196.25,21328.6,0
DOMA.US,D,20210811,000000,196.5,211,192,197.25,20775.48,0
DOMA.US,D,20210812,000000,197.5,207.75,195,207.75,15873.32,0
DOMA.US,D,20210813,000000,207.75,232.25,207.75,211.5,24956.16,0
DOMA.US,D,20210816,000000,211.75,215,190,194.75,18152.96,0
DOMA.US,D,20210817,000000,193,194.25,187.75,192.5,17981.4,0
DOMA.US,D,20210818,000000,193.25,197.5,191,195.75,11402.64,0
DOMA.US,D,20210819,000000,194.5,199.75,188,189,12505.28,0
DOMA.US,D,20210820,000000,190,194.5,169.25,181.5,26705.12,0
DOMA.US,D,20210823,000000,186.75,202.75,182.25,193.5,22270.08,0
DOMA.US,D,20210824,000000,189.75,206.25,189.75,202.5,21627.92,0
DOMA.US,D,20210825,000000,196.75,208,196.75,200.75,23073.48,0
DOMA.US,D,20210826,000000,199,207.25,195,203,17343.68,0
DOMA.US,D,20210827,000000,198.5,207.75,197.75,206,24883.04,0
DOMA.US,D,20210830,000000,201.75,217.5,198.5,214.5,24936.12,0
DOMA.US,D,20210831,000000,218.5,221.5,208.75,213,47307.08,0
DOMA.US,D,20210901,000000,209.25,218,204,212.5,16664.64,0
DOMA.US,D,20210902,000000,213.75,224.75,211,216.75,24893.28,0
DOMA.US,D,20210903,000000,218.5,226,212.5,224,37197.64,0
DOMA.US,D,20210907,000000,225,227.5,193.75,197.75,83660.28,0
DOMA.US,D,20210908,000000,196.5,207.5,178.75,186.75,52599.72,0
DOMA.US,D,20210909,000000,178.75,202.25,173.75,187.25,240103,0
DOMA.US,D,20210910,000000,190.25,198.5,175,176.25,95738.44,0
DOMA.US,D,20210913,000000,178.25,188.565,171.25,179.75,80266.28,0
DOMA.US,D,20210914,000000,179.25,193.75,177.75,189.75,40963.12,0
DOMA.US,D,20210915,000000,191,199,185.25,188,53118.4,0
DOMA.US,D,20210916,000000,190.25,207.5,178.75,196,84075.84,0
DOMA.US,D,20210917,000000,204.5,227.5,190.5,216,519641.4,0
DOMA.US,D,20210920,000000,203,203,186.25,195.25,74774.44,0
DOMA.US,D,20210921,000000,197.25,207,184,202,46300.76,0
DOMA.US,D,20210922,000000,200,211.5,195.75,200.5,29994.04,0
DOMA.US,D,20210923,000000,201.25,207.5,198.5,199.5,20160.28,0
DOMA.US,D,20210924,000000,198,202.75,191,199.75,11245,0
DOMA.US,D,20210927,000000,200.5,201.685,187.25,187.5,12798.16,0
DOMA.US,D,20210928,000000,186.25,189.702,178.5,185.75,18754.88,0
DOMA.US,D,20210929,000000,186,192.25,184.25,184.75,6984.76,0
DOMA.US,D,20210930,000000,186.25,190.75,181.75,185,5961.76,0
DOMA.US,D,20211001,000000,185.75,186,179.25,179.75,16553.6,0
DOMA.US,D,20211004,000000,178.75,185.185,177.75,178.25,6175.96,0
DOMA.US,D,20211005,000000,177,179,164.5,171.5,21046.04,0
DOMA.US,D,20211006,000000,171.5,172.5,165.25,168.75,8557.28,0
DOMA.US,D,20211007,000000,170.5,173.125,165,165.75,9782.44,0
DOMA.US,D,20211008,000000,164.25,167.5,164,164.25,7084.52,0
DOMA.US,D,20211011,000000,165.5,169.75,162.25,162.75,5956.84,0
DOMA.US,D,20211012,000000,162.75,166.75,158.5,165.5,8171.72,0
DOMA.US,D,20211013,000000,166.5,174.75,165.5,171.5,18908.44,0
DOMA.US,D,20211014,000000,173.25,174.625,167.5,169.25,10967.84,0
DOMA.US,D,20211015,000000,168.25,169.25,153.5,155,23079.72,0
DOMA.US,D,20211018,000000,156.5,157,147.5,151.75,16360.36,0
DOMA.US,D,20211019,000000,150,153.25,145,148.25,30571.92,0
DOMA.US,D,20211020,000000,149.5,155.25,145.5,150,46415.36,0
DOMA.US,D,20211021,000000,149.75,152.875,145,148.25,20485.4,0
DOMA.US,D,20211022,000000,148.75,152,144.5,148.5,12506.24,0
DOMA.US,D,20211025,000000,171.25,183,161.5,163.75,90547.76,0
DOMA.US,D,20211026,000000,167,167.875,158.75,160,37184.12,0
DOMA.US,D,20211027,000000,160.75,162.5,153.5,156.25,28130.08,0
DOMA.US,D,20211028,000000,156,163,155,158.75,24584.88,0
DOMA.US,D,20211029,000000,160.75,165.5,158,163.25,16368.6,0
DOMA.US,D,20211101,000000,167.5,173.75,164.5,167.75,23366.72,0
DOMA.US,D,20211102,000000,168.75,170,160.25,163.25,19198.44,0
DOMA.US,D,20211103,000000,164.75,171.875,160.75,167.25,22736,0
DOMA.US,D,20211104,000000,167.75,169.75,159,163.5,24889.8,0
DOMA.US,D,20211105,000000,163.5,167.625,160.5,164.75,15365.28,0
DOMA.US,D,20211108,000000,165.25,171,165,168,14399,0
DOMA.US,D,20211109,000000,169.25,169.25,160.5,161.5,20732.64,0
DOMA.US,D,20211110,000000,161.5,169,156.75,163,28938.88,0
DOMA.US,D,20211111,000000,163.5,196.75,163,188.25,77129.28,0
DOMA.US,D,20211112,000000,185,197,185,194.75,48832.12,0
DOMA.US,D,20211115,000000,201,201,187,188.75,41512.8,0
DOMA.US,D,20211116,000000,192.5,199.395,187.25,187.75,50090,0
DOMA.US,D,20211117,000000,185.75,192.5,181.5,186.5,22672.84,0
DOMA.US,D,20211118,000000,185.75,187.5,178.75,181.25,20875.16,0
DOMA.US,D,20211119,000000,179.5,182.5,170.75,171.25,24397.28,0
DOMA.US,D,20211122,000000,171.5,177.248,166.5,168,42812.48,0
DOMA.US,D,20211123,000000,168,171.25,152.25,154,42173,0
DOMA.US,D,20211124,000000,154.5,156.5,149.478,154.5,22522.84,0
DOMA.US,D,20211126,000000,150,155,148.25,154.5,10877.4,0
DOMA.US,D,20211129,000000,157.75,158.75,152.33,154.5,19927.4,0
DOMA.US,D,20211130,000000,152.5,158.5,146.25,157.75,108641.96,0
DOMA.US,D,20211201,000000,157.5,165.5,143,145.25,52208.84,0
DOMA.US,D,20211202,000000,147,149.25,137,139.5,28972.64,0
DOMA.US,D,20211203,000000,150,150,131.75,139.25,36965.68,0
DOMA.US,D,20211206,000000,139.5,140,133.5,137.25,30815.92,0
DOMA.US,D,20211207,000000,140.25,151.75,140,143.75,61880.76,0
DOMA.US,D,20211208,000000,144.75,148,141.5,142.75,37638.68,0
DOMA.US,D,20211209,000000,143,144.25,137.25,138.5,19024.88,0
DOMA.US,D,20211210,000000,138,140.5,133,133.75,35384.6,0
DOMA.US,D,20211213,000000,132.5,135,125.75,127.25,29423.84,0
DOMA.US,D,20211214,000000,123.25,127.5,121.5,126.75,23589.6,0
DOMA.US,D,20211215,000000,127.25,127.25,120.25,123.25,47237.44,0
DOMA.US,D,20211216,000000,135.75,142.25,132.75,135.75,60506.96,0
DOMA.US,D,20211217,000000,137,141,130.75,137.5,40274.16,0
DOMA.US,D,20211220,000000,134.5,136.25,128.875,131,29597.56,0
DOMA.US,D,20211221,000000,132,134,126.75,128,31018.8,0
DOMA.US,D,20211222,000000,128,130.75,123.75,130.25,32962.8,0
DOMA.US,D,20211223,000000,130.75,134.75,127.25,131.25,26669.32,0
DOMA.US,D,20211227,000000,132.25,137.375,130.5,131.75,24194.32,0
DOMA.US,D,20211228,000000,130.25,132.75,128.75,130,13460.84,0
DOMA.US,D,20211229,000000,128,129.452,125.75,126,19449,0
DOMA.US,D,20211230,000000,125.5,132.375,125.5,130,28169.2,0
DOMA.US,D,20211231,000000,130,132.75,127,127,28070.76,0
DOMA.US,D,20220103,000000,128.25,135,127.5,128.75,57008.76,0
DOMA.US,D,20220104,000000,128.5,130,120.375,121.25,40549.92,0
DOMA.US,D,20220105,000000,122,124,115,116,33424.6,0
DOMA.US,D,20220106,000000,118,118,107.75,108.25,75386.88,0
DOMA.US,D,20220107,000000,107.75,112,106.25,107.75,132186.6,0
DOMA.US,D,20220110,000000,106.25,112,106,107.5,50180.6,0
DOMA.US,D,20220111,000000,107.25,114.875,105.5,113.5,31646.24,0
DOMA.US,D,20220112,000000,114.5,117,109.125,109.75,16119.48,0
DOMA.US,D,20220113,000000,112,112,104.25,104.75,55235.56,0
DOMA.US,D,20220114,000000,107,107,99.25,103.75,36051.76,0
DOMA.US,D,20220118,000000,103.5,103.5,95.75,98.75,68328.64,0
DOMA.US,D,20220119,000000,100,104.875,99,99.5,49059.24,0
DOMA.US,D,20220120,000000,101,102.05,95.75,96.5,33890.24,0
DOMA.US,D,20220121,000000,96.5,96.75,90.25,90.5,36554.12,0
DOMA.US,D,20220124,000000,88.25,90.5,82.75,89.5,60243.08,0
DOMA.US,D,20220125,000000,89.5,91.5,85.5,88.5,44251.24,0
DOMA.US,D,20220126,000000,95.75,99.5,91.75,94.5,87210.92,0
DOMA.US,D,20220127,000000,94,98.875,91.5,92,50902.4,0
DOMA.US,D,20220128,000000,91.25,95.25,87.75,94.5,39918.72,0
DOMA.US,D,20220131,000000,95,103,94.75,100,65472.24,0
DOMA.US,D,20220201,000000,101.25,103.25,96.125,100,39926.64,0
DOMA.US,D,20220202,000000,101.5,101.5,93.25,94.25,42805.56,0
DOMA.US,D,20220203,000000,92.5,97.25,92.25,94,36245.88,0
DOMA.US,D,20220204,000000,93.75,95.25,88.25,90,35182.24,0
DOMA.US,D,20220207,000000,89.25,93.25,89.25,90,23514.92,0
DOMA.US,D,20220208,000000,89.75,90,85.25,89,30097.88,0
DOMA.US,D,20220209,000000,89.5,95.5,89.25,93.75,41503.28,0
DOMA.US,D,20220210,000000,91.25,95,87,87.75,58894.32,0
DOMA.US,D,20220211,000000,88.5,88.875,82.125,84.5,48226.56,0
DOMA.US,D,20220214,000000,83.75,85.75,82.375,83,27267.12,0
DOMA.US,D,20220215,000000,84.75,87.375,83,86.75,37568.32,0
DOMA.US,D,20220216,000000,86.75,87.5,84.25,84.5,26289.32,0
DOMA.US,D,20220217,000000,83,85.75,82.75,84.25,44026.88,0
DOMA.US,D,20220218,000000,66,66.25,55,59,346497.56,0
DOMA.US,D,20220222,000000,57.5,63.25,55.25,60,156879.76,0
DOMA.US,D,20220223,000000,59.75,61.71,56.5,58,70194.04,0
DOMA.US,D,20220224,000000,56,62.5,53,62.5,101752.76,0
DOMA.US,D,20220225,000000,66,67.4975,61.5,61.75,51303.4,0
DOMA.US,D,20220228,000000,61.25,66.75,61,66.5,72989.32,0
DOMA.US,D,20220301,000000,66.5,68.75,64,64.25,48575.16,0
DOMA.US,D,20220302,000000,64,67,63.625,64.5,23122,0
DOMA.US,D,20220303,000000,66,68.5,65,65.25,28634.44,0
DOMA.US,D,20220304,000000,65.75,66.5,60.5,60.75,38906.24,0
DOMA.US,D,20220307,000000,62,66.875,61.75,63,78894.96,0
DOMA.US,D,20220308,000000,62.75,65.75,60.75,64.5,52796.88,0
DOMA.US,D,20220309,000000,65.75,66.625,63.75,64.75,60004.4,0
DOMA.US,D,20220310,000000,63.5,65.5,61.75,65.25,27696,0
DOMA.US,D,20220311,000000,65,66.5175,59.875,61.5,99001.96,0
DOMA.US,D,20220314,000000,61.5,62.5,55.5,57,83268.84,0
DOMA.US,D,20220315,000000,53.75,54,50.625,51,140321.84,0
DOMA.US,D,20220316,000000,51.75,53.25,47.75,51.5,156215.72,0
DOMA.US,D,20220317,000000,51.75,53.5,48.0025,52.5,153329.96,0
DOMA.US,D,20220318,000000,51,54,50,53.75,109061.68,0
DOMA.US,D,20220321,000000,54.75,58.75,53.75,58,181248.2,0
DOMA.US,D,20220322,000000,58.25,64.26,58.2025,61.25,147603.08,0
DOMA.US,D,20220323,000000,61,63.5,59.25,61.75,83918.36,0
DOMA.US,D,20220324,000000,63.25,63.5,59.625,63,100250.2,0
DOMA.US,D,20220325,000000,60.75,65,60.25,65,77546.92,0
DOMA.US,D,20220328,000000,64.75,66.5,58.5,58.75,70958.48,0
DOMA.US,D,20220329,000000,59.5,60.75,58.875,60,53286.04,0
DOMA.US,D,20220330,000000,60,60.75,57.75,58.5,45436.32,0
DOMA.US,D,20220331,000000,58.75,60,54,54.25,58570.4,0
DOMA.US,D,20220401,000000,54.75,55.25,52.75,53.5,62918.32,0
DOMA.US,D,20220404,000000,55,56.25,53.75,55.5,68902.96,0
DOMA.US,D,20220405,000000,56,56,52.75,53.25,59089.4,0
DOMA.US,D,20220406,000000,52,53.25,48.25,49.25,79416.04,0
DOMA.US,D,20220407,000000,49,50.475,46.5,48.75,52265.44,0
DOMA.US,D,20220408,000000,47.5,47.75,43.375,46.5,80378.8,0
DOMA.US,D,20220411,000000,46,47,43.5,46,78209.56,0
DOMA.US,D,20220412,000000,47.75,48,44.5,45.5,33870.52,0
DOMA.US,D,20220413,000000,45,47.875,44,47.5,36551.88,0
DOMA.US,D,20220414,000000,46.5,47.75,45.75,46.5,29842.88,0
DOMA.US,D,20220418,000000,46,47,44.125,44.75,39101,0
DOMA.US,D,20220419,000000,44.75,48,43.75,47.75,42642.48,0
DOMA.US,D,20220420,000000,48.5,49.75,46.5,48.75,35744.16,0
DOMA.US,D,20220421,000000,49.25,49.5,46.375,47,30843.56,0
DOMA.US,D,20220422,000000,46.25,47.5,45,46.25,30948.6,0
DOMA.US,D,20220425,000000,45.5,46.75,45.25,46.75,29383.84,0
DOMA.US,D,20220426,000000,47.25,47.25,44.5,46.25,33606.16,0
DOMA.US,D,20220427,000000,45.75,47.25,45.25,46.75,29044.48,0
DOMA.US,D,20220428,000000,46.25,48,43.75,47.25,40785.72,0
DOMA.US,D,20220429,000000,46.75,48,45.875,46.5,27199.36,0
DOMA.US,D,20220502,000000,45.5,47.5,44.875,46,37333.16,0
DOMA.US,D,20220503,000000,46.25,47.5,44.75,45.5,30134.84,0
DOMA.US,D,20220504,000000,45.5,45.5,42,45,42865.88,0
DOMA.US,D,20220505,000000,44.25,44.75,41.25,41.75,28341.32,0
DOMA.US,D,20220506,000000,40.75,43.5,38.875,41.5,51262.2,0
DOMA.US,D,20220509,000000,40,41,37.5,37.5,40650.24,0
DOMA.US,D,20220510,000000,39,39,35,35.75,41468.92,0
DOMA.US,D,20220511,000000,35,37.25,32,36,42865.88,0
DOMA.US,D,20220512,000000,35,37.5,33.75,37.5,54576,0
DOMA.US,D,20220513,000000,38.75,47,38.75,45.75,109293.12,0
DOMA.US,D,20220516,000000,44.25,47,41.125,42.75,55718.2,0
DOMA.US,D,20220517,000000,43.25,46,43,44.75,40912,0
DOMA.US,D,20220518,000000,43.75,45.875,41.75,42.5,38195.88,0
DOMA.US,D,20220519,000000,42.25,44.75,41.75,42.75,39910.24,0
DOMA.US,D,20220520,000000,43.25,46,42.5,44,52608.68,0
DOMA.US,D,20220523,000000,44,46,43,44.25,40082.4,0
DOMA.US,D,20220524,000000,41.25,45,41.25,44.25,63029.56,0
DOMA.US,D,20220525,000000,43,46.5,43,44.5,40933.72,0
DOMA.US,D,20220526,000000,44.25,46.5,43,43.75,143259.04,0
DOMA.US,D,20220527,000000,43.75,48.375,43.75,47,51453.64,0
DOMA.US,D,20220531,000000,46.25,48.5,45.5,47.5,292685.56,0
DOMA.US,D,20220601,000000,47.25,50.5,46.5,48.5,46374.08,0
DOMA.US,D,20220602,000000,48,54.25,47.5,52.25,77581.68,0
DOMA.US,D,20220603,000000,51,52,48.25,49.25,34488.6,0
DOMA.US,D,20220606,000000,50.75,52.375,49,51,40137.28,0
DOMA.US,D,20220607,000000,49,50.75,40.875,47,97033.96,0
DOMA.US,D,20220608,000000,46,48.5,45,48.5,35405,0
DOMA.US,D,20220609,000000,47,49,43.25,43.5,36431.68,0
DOMA.US,D,20220610,000000,43,43.25,41,41.25,18315.28,0
DOMA.US,D,20220613,000000,40.25,40.25,33,33.5,46456,0
DOMA.US,D,20220614,000000,34.75,35.5,31.75,33.75,36989.32,0
DOMA.US,D,20220615,000000,34.25,35.5,32.625,34.25,47079.88,0
DOMA.US,D,20220616,000000,33.75,34,31,31.5,35825.4,0
DOMA.US,D,20220617,000000,32,34.75,31,34.75,61241.6,0
DOMA.US,D,20220621,000000,35.25,36.75,33.25,33.25,52434.12,0
DOMA.US,D,20220622,000000,32.5,34.25,30.25,30.25,59686.72,0
DOMA.US,D,20220623,000000,30.5,31.5,30,30.75,49618.92,0
DOMA.US,D,20220624,000000,31,34.75,29,30.5,593255.36,0
DOMA.US,D,20220627,000000,30.5,30.75,26,26.75,95028.96,0
DOMA.US,D,20220628,000000,27,27.75,23.5038,24.665,110014.72,0
DOMA.US,D,20220629,000000,24.25,24.29,22,23.0625,77948.52,0
DOMA.US,D,20220630,000000,22.6425,26.5,21.7175,25.75,96638.12,0
DOMA.US,D,20220701,000000,24.855,25.7,21.5025,21.785,108443.96,0
DOMA.US,D,20220705,000000,21.9975,23.75,21.5,22.945,50831.44,0
DOMA.US,D,20220706,000000,22.75,22.945,21.54,21.8925,23573.44,0
DOMA.US,D,20220707,000000,22.165,24.69,21.7525,23.87,36252,0
DOMA.US,D,20220708,000000,23.5,25.75,22.4725,25.25,27885.44,0
DOMA.US,D,20220711,000000,25,25.25,22.775,23.0025,28642.92,0
DOMA.US,D,20220712,000000,22.75,25,22.25,23.94,28973.92,0
DOMA.US,D,20220713,000000,23.4525,23.5775,22.125,22.5025,18512.48,0
DOMA.US,D,20220714,000000,22.64,22.7475,21.2525,21.4225,39403.92,0
DOMA.US,D,20220715,000000,23.5,23.5,19.3975,20.435,46914,0
DOMA.US,D,20220718,000000,20.5,21.25,20,20.1125,27676.28,0
DOMA.US,D,20220719,000000,20.92,20.9975,19.3275,19.7525,32336.72,0
DOMA.US,D,20220720,000000,19.965,22.2475,19.75,21.16,35217.96,0
DOMA.US,D,20220721,000000,20.9275,21.325,19.0525,19.8475,34281.32,0
DOMA.US,D,20220722,000000,19.91,20.1721,17.75,17.965,31346.32,0
DOMA.US,D,20220725,000000,17.3975,20.49,17.3975,19.2375,27758.44,0
DOMA.US,D,20220726,000000,19.37,19.37,17.5125,17.5375,18052.88,0
DOMA.US,D,20220727,000000,17.5,18.7,17.2175,18.68,29435.8,0
DOMA.US,D,20220728,000000,17.75,19.0725,17.595,18.5025,15007.84,0
DOMA.US,D,20220729,000000,18.4525,19,18,18.55,17703.8,0
DOMA.US,D,20220801,000000,18.55,18.9975,17.5,18.215,18572.64,0
DOMA.US,D,20220802,000000,18.125,19.4725,18.125,18.4725,20724.12,0
DOMA.US,D,20220803,000000,18.5275,19.75,18.3825,19.135,30258,0
DOMA.US,D,20220804,000000,19.2425,20.6975,18.7525,20.395,30462.08,0
DOMA.US,D,20220805,000000,20,20,18.25,18.4475,35314.96,0
DOMA.US,D,20220808,000000,19.295,19.68,18.315,19.2725,24898.4,0
DOMA.US,D,20220809,000000,19.275,19.2863,17.2625,17.5025,35940.48,0
DOMA.US,D,20220810,000000,18.2475,22.1975,18.0025,21.8775,65655.76,0
DOMA.US,D,20220811,000000,22,23.625,21.7525,23.455,53172.04,0
DOMA.US,D,20220812,000000,24.2475,25.75,22.2475,24.4225,60997.48,0
DOMA.US,D,20220815,000000,24.2975,26.11,23.975,25.25,30807.48,0
DOMA.US,D,20220816,000000,24.5,25.5,24,25.5,25381.2,0
DOMA.US,D,20220817,000000,24.25,24.6575,20.575,21.615,35191.4,0
DOMA.US,D,20220818,000000,21.75,21.9275,20.5,21.6975,21812.84,0
DOMA.US,D,20220819,000000,22.07,22.07,18.765,20.0025,32233,0
DOMA.US,D,20220822,000000,20.37,20.5425,18.8925,19,25385.72,0
DOMA.US,D,20220823,000000,19.09,19.2287,17.625,17.7325,44891.6,0
DOMA.US,D,20220824,000000,17.8175,18.1225,17.25,17.6675,46190.76,0
DOMA.US,D,20220825,000000,18.0225,20.34,17.7525,19.3975,38015.32,0
DOMA.US,D,20220826,000000,19.3,19.3,16.82,17.2225,46146.44,0
DOMA.US,D,20220829,000000,18,18,17.17,17.17,26250.92,0
DOMA.US,D,20220830,000000,17.25,17.25,15.025,15.155,60711.72,0
DOMA.US,D,20220831,000000,15.5,16.2225,15,15.0775,39784.88,0
DOMA.US,D,20220901,000000,15.49,15.745,14.0275,14.6975,32509.68,0
DOMA.US,D,20220902,000000,15.35,15.4925,14.5325,14.725,18669.84,0
DOMA.US,D,20220906,000000,14.75,15.225,13.25,13.5,73332.44,0
DOMA.US,D,20220907,000000,13.75,15.05,13.2525,14.455,62594.28,0
DOMA.US,D,20220908,000000,14.38,15.005,13.875,14.655,41375.48,0
DOMA.US,D,20220909,000000,14.75,15.25,13.875,14.275,21774.08,0
DOMA.US,D,20220912,000000,14.91,16.4775,14.275,15.67,61566.88,0
DOMA.US,D,20220913,000000,15.5,15.6975,14.015,14.5575,35371.4,0
DOMA.US,D,20220914,000000,14.5,15.6375,13.875,14.0625,27007.64,0
DOMA.US,D,20220915,000000,14.7,15,13.875,14.2425,25104.84,0
DOMA.US,D,20220916,000000,14.2425,14.4825,12.75,13.68,108611.32,0
DOMA.US,D,20220919,000000,12.3725,13.75,12.3725,13.47,26725.32,0
DOMA.US,D,20220920,000000,13.43,13.47,12.55,12.6775,17792.08,0
DOMA.US,D,20220921,000000,12.56,12.955,11.75,11.995,29940.16,0
DOMA.US,D,20220922,000000,11.9375,12.5975,11.3,11.62,21739.48,0
DOMA.US,D,20220923,000000,11.55,11.745,10.2975,11.275,29624.56,0
DOMA.US,D,20220926,000000,11.3775,11.9475,10.625,11.37,19354.16,0
DOMA.US,D,20220927,000000,11.2675,11.945,10.625,11.0625,15683.12,0
DOMA.US,D,20220928,000000,11.1025,13.7075,10.7025,12.32,61967.72,0
DOMA.US,D,20220929,000000,12.2725,12.75,11.3,11.415,11892.32,0
DOMA.US,D,20220930,000000,11.7775,11.8975,10.85,10.985,12904.64,0
DOMA.US,D,20221003,000000,11.0225,11.5325,10.2675,11.365,15254.4,0
DOMA.US,D,20221004,000000,11.025,12.025,10.975,11.675,13373.24,0
DOMA.US,D,20221005,000000,11.985,12.5,11.25,12.0725,18136.64,0
DOMA.US,D,20221006,000000,12.0725,13,11.5025,12.0325,17081.2,0
DOMA.US,D,20221007,000000,12.1325,12.6025,11.7,11.9425,10745.32,0
DOMA.US,D,20221010,000000,12,12.4625,11.375,11.9175,16266.12,0
DOMA.US,D,20221011,000000,11.9775,12.5,10.3925,11.9625,21584.52,0
DOMA.US,D,20221012,000000,11.75,12.25,10.75,10.885,19377.56,0
DOMA.US,D,20221013,000000,10.95,11.955,10.625,11.5575,26553.2,0
DOMA.US,D,20221014,000000,11.25,11.975,10.75,10.76,26585.48,0
DOMA.US,D,20221017,000000,11.7475,12.5825,11.455,12.135,17062.32,0
DOMA.US,D,20221018,000000,12.25,16.25,12.25,13.875,107996.96,0
DOMA.US,D,20221019,000000,13.75,14.1925,12.25,12.65,24690.4,0
DOMA.US,D,20221020,000000,12.53,13.7425,12.3075,12.3575,13914.16,0
DOMA.US,D,20221021,000000,13.495,13.5625,12.275,12.64,16350.2,0
DOMA.US,D,20221024,000000,12.25,13.25,12.25,12.5,20333.64,0
DOMA.US,D,20221025,000000,12.3025,12.9875,12.005,12.77,22372.36,0
DOMA.US,D,20221026,000000,13.17,13.3,12.2,12.665,21391.72,0
DOMA.US,D,20221027,000000,12.9825,13.25,12.3875,12.57,9791.12,0
DOMA.US,D,20221028,000000,13.1,13.9325,12.45,12.7475,30428,0
DOMA.US,D,20221031,000000,12.685,13.7825,12.5,13.565,20557.52,0
DOMA.US,D,20221101,000000,13.63,14,13.0525,13.805,28955.76,0
DOMA.US,D,20221102,000000,13.5,13.6675,12.6425,12.76,12121.8,0
DOMA.US,D,20221103,000000,12.8775,12.9225,12.3875,12.6125,17073.64,0
DOMA.US,D,20221104,000000,12.8625,13.2375,12.46,12.7275,8118.4,0
DOMA.US,D,20221107,000000,13.075,13.1375,12.46,12.6075,10142.24,0
DOMA.US,D,20221108,000000,13.2375,13.25,12.4175,12.4675,14810.6,0
DOMA.US,D,20221109,000000,12.5,12.75,11.5,11.5675,15720.44,0
DOMA.US,D,20221110,000000,12.48,12.5,10.5,11,41976.68,0
DOMA.US,D,20221111,000000,11.3075,12.5,10.5,11.25,40719.64,0
DOMA.US,D,20221114,000000,11.25,11.75,10.77,10.8025,22488.32,0
DOMA.US,D,20221115,000000,10.925,12,10.925,11.5125,21612.32,0
DOMA.US,D,20221116,000000,11.05,11.5,10.7825,10.8925,12789.2,0
DOMA.US,D,20221117,000000,11.19,11.19,10.575,11.0225,13621.32,0
DOMA.US,D,20221118,000000,11.9725,11.9725,10.555,11.095,16571.92,0
DOMA.US,D,20221121,000000,11.0375,11.4625,10.75,10.8825,19478.4,0
DOMA.US,D,20221122,000000,11,11.0025,10.5,10.7,18783.44,0
DOMA.US,D,20221123,000000,10.75,10.9875,10.375,10.4425,17506.04,0
DOMA.US,D,20221125,000000,10.445,10.9475,10.445,10.6175,2886.28,0
DOMA.US,D,20221128,000000,10.75,11.3275,10.75,11,13901.44,0
DOMA.US,D,20221129,000000,10.9,11.5,10.25,10.25,28374.48,0
DOMA.US,D,20221130,000000,10.25,10.57,9.75,9.875,121935.68,0
DOMA.US,D,20221201,000000,9.9225,10.3975,9.83,9.9075,26080.48,0
DOMA.US,D,20221202,000000,10.0475,10.8,9.8425,10.4875,19218.44,0
DOMA.US,D,20221205,000000,10.995,10.995,10.0625,10.235,28560.28,0
DOMA.US,D,20221206,000000,10.18,10.4425,9.7525,10.035,33065.52,0
DOMA.US,D,20221207,000000,10.4775,10.5,9.755,9.775,19895.68,0
DOMA.US,D,20221208,000000,9.9975,10.21,9.775,9.9475,13786.12,0
DOMA.US,D,20221209,000000,9.75,10.25,9.75,9.78,11380.56,0
DOMA.US,D,20221212,000000,10,11.375,9.775,11.25,34949.68,0
DOMA.US,D,20221213,000000,11.25,11.375,10.0125,10.405,28783.28,0
DOMA.US,D,20221214,000000,10.25,10.55,10.025,10.5025,26800.6,0
DOMA.US,D,20221215,000000,10.445,10.5,9.75,10.145,37068.48,0
DOMA.US,D,20221216,000000,9.775,10.2225,8.78,10,73620.08,0
DOMA.US,D,20221219,000000,9.9275,10.1325,9.8225,9.9175,33470.68,0
DOMA.US,D,20221220,000000,8.5,10.5,8.5,10.275,38871.76,0
DOMA.US,D,20221221,000000,10.25,10.25,9.75,10.1575,26269.52,0
DOMA.US,D,20221222,000000,9.6025,10,9.1225,9.8425,29814.08,0
DOMA.US,D,20221223,000000,9.47,10.28,9.47,10.26,23247.04,0
DOMA.US,D,20221227,000000,10,10.705,9.745,10.4375,31125.56,0
DOMA.US,D,20221228,000000,10.4975,10.7875,10.44,10.6275,31428.28,0
DOMA.US,D,20221229,000000,10.2125,10.875,10,10.875,28614.2,0
DOMA.US,D,20221230,000000,10,11.6775,10,11.3225,29049.24,0
DOMA.US,D,20230103,000000,11.4975,11.5,10.125,10.2625,17826.52,0
DOMA.US,D,20230104,000000,10.0725,10.8225,10.0725,10.39,16960.32,0
DOMA.US,D,20230105,000000,10.2725,10.375,9.875,10.1875,21334.32,0
DOMA.US,D,20230106,000000,9.725,10.75,9.725,10.375,35856.28,0
DOMA.US,D,20230109,000000,10.425,10.7475,10.005,10.3025,16063.56,0
DOMA.US,D,20230110,000000,10,10.6125,9.9775,10.4025,19307.16,0
DOMA.US,D,20230111,000000,10.55,11,10.195,10.6525,25199.68,0
DOMA.US,D,20230112,000000,10.85,11.335,10.5025,11.1925,13036.56,0
DOMA.US,D,20230113,000000,11.2475,14.3025,11.0535,13.635,50362.16,0
DOMA.US,D,20230117,000000,13.9975,13.9975,13.3,13.6125,14788.16,0
DOMA.US,D,20230118,000000,13.75,13.75,12.715,13.495,13770.36,0
DOMA.US,D,20230119,000000,13.1075,13.4425,12.75,13.255,9881.4,0
DOMA.US,D,20230120,000000,13.5,13.5,12.75,13.125,14932.72,0
DOMA.US,D,20230123,000000,13.73,13.75,12,12.8025,20372.44,0
DOMA.US,D,20230124,000000,13,14.25,12.5,14.25,26923.36,0
DOMA.US,D,20230125,000000,14.225,14.225,13.23,14.13,10966.28,0
DOMA.US,D,20230126,000000,14.25,14.7625,13.7175,14.7625,23264.24,0
DOMA.US,D,20230127,000000,14.76,18.5,14.2125,17.7,50398.72,0
DOMA.US,D,20230130,000000,17.5,18.25,16.8425,17.5,28367.56,0
DOMA.US,D,20230131,000000,17.9975,18,17.25,17.75,17287.64,0
DOMA.US,D,20230201,000000,17.75,17.9775,17.085,17.76,15637.32,0
DOMA.US,D,20230202,000000,17.75,19.175,17.625,18.75,31353.08,0
DOMA.US,D,20230203,000000,18.525,23.6,18.525,22.0275,43082.92,0
DOMA.US,D,20230206,000000,22.5,22.875,20.025,20.69,31574.04,0
DOMA.US,D,20230207,000000,20.5775,21.1711,17.9975,18.3375,25811.52,0
DOMA.US,D,20230208,000000,18.5,18.6775,12.375,12.47,162914.28,0
DOMA.US,D,20230209,000000,13.7475,18.41,12.775,17.5075,214889.32,0
DOMA.US,D,20230210,000000,18.5875,20.73,17.315,18.39,92659.2,0
DOMA.US,D,20230213,000000,17.6175,18.2075,16.0725,16.255,27366.24,0
DOMA.US,D,20230214,000000,17.065,17.5,16.2575,17.34,6331.56,0
DOMA.US,D,20230215,000000,17.2525,18.2475,16.51,17.25,21667.76,0
DOMA.US,D,20230216,000000,17.25,18.5,16.7375,18.3175,14298.28,0
DOMA.US,D,20230217,000000,18.8425,18.8425,17,17.405,10576.24,0
DOMA.US,D,20230221,000000,17.41,17.9,16.325,17.1275,16951.24,0
DOMA.US,D,20230222,000000,17.1275,17.8225,15.7725,16.1525,14100.84,0
DOMA.US,D,20230223,000000,15.75,16.4125,14.0075,14.615,23837.92,0
DOMA.US,D,20230224,000000,14.615,14.8225,13.0325,14.44,24322.24,0
DOMA.US,D,20230227,000000,14.44,15.0625,14.44,15,13073.12,0
DOMA.US,D,20230228,000000,15.2475,15.75,14.2275,14.25,17869.04,0
DOMA.US,D,20230301,000000,15.555,15.75,13.9875,14.24,12244.76,0
DOMA.US,D,20230302,000000,14.5,14.94,13.565,13.6675,9034.52,0
DOMA.US,D,20230303,000000,14.2475,14.8925,13.8225,14.065,32120.64,0
DOMA.US,D,20230306,000000,14.7475,15.25,14.5,15.25,26210.72,0
DOMA.US,D,20230307,000000,14.7925,15.5,14.3075,14.4775,19670.96,0
DOMA.US,D,20230308,000000,15.5,15.5,11.75,12.0775,117787.04,0
DOMA.US,D,20230309,000000,12.25,12.315,10,10.5025,91347.44,0
DOMA.US,D,20230310,000000,11.025,11.7475,10,10.1025,47040.36,0
DOMA.US,D,20230313,000000,10.1025,10.865,9.2725,10.75,39134.64,0
DOMA.US,D,20230314,000000,11.25,12,10.5075,10.7375,45470.92,0
DOMA.US,D,20230315,000000,11.195,11.195,10,10.5,51773.92,0
DOMA.US,D,20230316,000000,10.895,10.895,10.025,10.205,34125.28,0
DOMA.US,D,20230317,000000,10.44,10.4975,9.25,9.305,75735.4,0
DOMA.US,D,20230320,000000,9.7975,10.5,8.75,9.635,39993.72,0
DOMA.US,D,20230321,000000,9.625,10.2475,9.3675,10,23859.32,0
DOMA.US,D,20230322,000000,10.2475,10.2475,9.2525,9.36,23311.04,0
DOMA.US,D,20230323,000000,9.45,10,9,9,23028.92,0
DOMA.US,D,20230324,000000,9.125,9.4325,8.5,8.625,26601.36,0
DOMA.US,D,20230327,000000,9.1875,9.1875,8.625,8.865,37211.04,0
DOMA.US,D,20230328,000000,9,9.5575,8.5025,9,23685.84,0
DOMA.US,D,20230329,000000,8.75,9.46,8.75,9.37,17122.68,0
DOMA.US,D,20230330,000000,9.09,9.74997,9.09,9.675,16968.52,0
DOMA.US,D,20230331,000000,10.025,10.375,9.325,10.1875,25615.16,0
DOMA.US,D,20230403,000000,10,10.4,9.375,9.6775,19047.12,0
DOMA.US,D,20230404,000000,9.75,10,9,9.305,22994.76,0
DOMA.US,D,20230405,000000,9.3375,9.3935,9,9.085,10043.8,0
DOMA.US,D,20230406,000000,9.43,9.43,8.86625,9.025,10246.32,0
DOMA.US,D,20230410,000000,9.25,9.44997,8.5025,8.655,34953.52,0
DOMA.US,D,20230411,000000,8.7775,9.25,8.62,8.7875,18401.96,0
DOMA.US,D,20230412,000000,9,9.1275,8.75,8.965,12402.56,0
DOMA.US,D,20230413,000000,9.075,9.075,8.75,8.8775,9327.16,0
DOMA.US,D,20230414,000000,8.75,9.3925,8.5025,9.345,22281.88,0
DOMA.US,D,20230417,000000,9.3625,9.3625,9,9.125,7107.64,0
DOMA.US,D,20230418,000000,9.225,10,9.225,9.9325,15419.24,0
DOMA.US,D,20230419,000000,10.1025,11.4925,9.75,10.6775,34457.28,0
DOMA.US,D,20230420,000000,10.535,10.9925,9.7925,10.0775,10489.48,0
DOMA.US,D,20230421,000000,9.64,10.125,9.1825,9.24,27374.48,0
DOMA.US,D,20230424,000000,10,10,9.0025,9.2825,10475.52,0
DOMA.US,D,20230425,000000,9.2025,10.43,8.755,9.76,25167.32,0
DOMA.US,D,20230426,000000,9.75,10.2625,9.0625,9.3825,16890.32,0
DOMA.US,D,20230427,000000,9.6525,10.375,9.145,9.695,15708.04,0
DOMA.US,D,20230428,000000,9.65,10.75,9.2325,10.75,30657.08,0
DOMA.US,D,20230501,000000,10.4275,10.5425,9.625,9.8125,30494.84,0
DOMA.US,D,20230502,000000,9.8325,10.1575,9.25,9.605,21133.72,0
DOMA.US,D,20230503,000000,9.5225,10.39,9.4875,9.6025,12386.08,0
DOMA.US,D,20230504,000000,9.375,9.8675,9.25,9.7475,15825.72,0
DOMA.US,D,20230505,000000,9.97,10.375,9.4775,10.31,15510.28,0
DOMA.US,D,20230508,000000,10.225,11.0825,10.225,10.62,15468.56,0
DOMA.US,D,20230509,000000,10.7025,10.7025,9.5075,10.01,20209.28,0
DOMA.US,D,20230510,000000,9.2525,9.8225,8.5,9.625,48602.32,0
DOMA.US,D,20230511,000000,9.3425,9.4775,8.7375,9.0475,27433.2,0
DOMA.US,D,20230512,000000,9.32,9.49498,8.2825,8.635,39011.44,0
DOMA.US,D,20230515,000000,8.795,9.1725,8.25,8.49,29235.12,0
DOMA.US,D,20230516,000000,8.625,8.625,7.775,7.7875,19812.56,0
DOMA.US,D,20230517,000000,7.86,8,7.0075,7.4725,50177.56,0
DOMA.US,D,20230518,000000,7.4725,8.13,7,7.4625,34230.68,0
DOMA.US,D,20230519,000000,7.91,7.91,7.02,7.365,45499.2,0
DOMA.US,D,20230522,000000,7.425,7.5575,7.04,7.485,30002.8,0
DOMA.US,D,20230523,000000,7.5,8.15,7,7.0225,52859.04,0
DOMA.US,D,20230524,000000,7.0375,8.4925,7.025,8,46547.92,0
DOMA.US,D,20230525,000000,8,8.495,7.12125,7.205,45601.04,0
DOMA.US,D,20230526,000000,7.205,7.75,7.13422,7.705,16322.8,0
DOMA.US,D,20230530,000000,7.7925,8.225,7.25,7.4675,22281.24,0
DOMA.US,D,20230531,000000,7.5,7.725,7.25,7.455,23790.44,0
DOMA.US,D,20230601,000000,7.25,7.73,7.25,7.625,28056.16,0
DOMA.US,D,20230602,000000,8.005,8.25,7.375,7.7525,23076.48,0
DOMA.US,D,20230605,000000,8.1625,8.17,7.005,7.0075,35821.6,0
DOMA.US,D,20230606,000000,7.0075,7.7375,6.2775,7.2025,112746.96,0
DOMA.US,D,20230607,000000,7.4425,7.75,7,7.075,38096.92,0
DOMA.US,D,20230608,000000,7.355,7.75,6.6425,6.75,40651.88,0
DOMA.US,D,20230609,000000,6.715,6.755,6.375,6.6825,85604.64,0
DOMA.US,D,20230612,000000,6.7375,6.7375,6.25,6.4525,82021.36,0
DOMA.US,D,20230613,000000,7,7,6.135,6.79,101808.92,0
DOMA.US,D,20230614,000000,6.865,7.3675,6.5,6.75,84414.24,0
DOMA.US,D,20230615,000000,6.91,7.0125,6.4025,6.4375,35695.88,0
DOMA.US,D,20230616,000000,6.8925,6.9425,6.38,6.5625,43806.28,0
DOMA.US,D,20230620,000000,7.0025,7.0025,5.77,6.0625,75363.8,0
DOMA.US,D,20230621,000000,5.75,6.25,5.625,5.86,42405.96,0
DOMA.US,D,20230622,000000,5.7175,6.025,5.20625,5.905,98718.4,0
DOMA.US,D,20230623,000000,5.905,6,5.50125,5.575,564312.92,0
DOMA.US,D,20230626,000000,5.445,5.75,4.3125,4.665,181989.24,0
DOMA.US,D,20230627,000000,4.4625,5.18,4.2525,4.45,76264.6,0
DOMA.US,D,20230628,000000,5.6975,5.6975,4.5025,4.8825,842571.28,0
DOMA.US,D,20230629,000000,5,5.6475,4.375,4.5,228848.36,0
DOMA.US,D,20230630,000000,4.41,5.43,4.31,4.94,412896,0
DOMA.US,D,20230703,000000,4.94,5,4.551,4.81,76667,0
DOMA.US,D,20230705,000000,5.01,5.18,4.86,5.17,188540,0
DOMA.US,D,20230706,000000,5.09,5.48,5.05,5.32,93571,0
DOMA.US,D,20230707,000000,5.31,6.08,5.31,6.06,122224,0
DOMA.US,D,20230710,000000,5.92,6.12,5.521,5.99,108939,0
DOMA.US,D,20230711,000000,5.91,6.4,5.91,6.21,78596,0
DOMA.US,D,20230712,000000,6.14,7.2799,6.14,7.2,204464,0
DOMA.US,D,20230713,000000,7.25,9.44,7.23,8.15,547534,0
DOMA.US,D,20230714,000000,8.11,8.11,6.74,6.87,109952,0
DOMA.US,D,20230717,000000,6.91,7.07,6.725,7.05,43099,0
DOMA.US,D,20230718,000000,6.91,7.2,6.515,7.07,64279,0
DOMA.US,D,20230719,000000,7.12,7.84,7.0351,7.81,77231,0
DOMA.US,D,20230720,000000,7.77,7.8099,7.51,7.62,45244,0
DOMA.US,D,20230721,000000,7.68,7.9999,7.01,7.86,107249,0
DOMA.US,D,20230724,000000,7.88,8.28,7.4406,7.93,95837,0
DOMA.US,D,20230725,000000,7.91,8,7.36,7.44,44395,0
DOMA.US,D,20230726,000000,7.37,8.23,7.13,8.2,99724,0
DOMA.US,D,20230727,000000,8.14,8.2,7.35,7.46,52164,0
DOMA.US,D,20230728,000000,7.6,8.75,7.53,8.61,93771,0
DOMA.US,D,20230731,000000,8.65,9.4,8.27,8.27,95479,0
DOMA.US,D,20230801,000000,8.33,9,8.08,9,64003,0
DOMA.US,D,20230802,000000,8.82,8.8601,7.92,8.11,51346,0
DOMA.US,D,20230803,000000,8.01,8.01,7.2,7.3,46118,0
DOMA.US,D,20230804,000000,7.29,7.88,7.21,7.82,22674,0
DOMA.US,D,20230807,000000,7.76,7.88,7.3582,7.78,27863,0
DOMA.US,D,20230808,000000,7.66,7.68,7.1689,7.41,40674,0
DOMA.US,D,20230809,000000,7.88,7.88,6.4,6.41,95163,0
DOMA.US,D,20230810,000000,6.35,6.5699,5.875,5.91,74157,0
DOMA.US,D,20230811,000000,5.88,5.93,5.3,5.43,70789,0
DOMA.US,D,20230814,000000,5.29,6,5.29,6,45832,0
DOMA.US,D,20230815,000000,6.03,6.0999,5.7801,5.99,41591,0
DOMA.US,D,20230816,000000,6,6.39,5.58,5.6,48926,0
DOMA.US,D,20230817,000000,5.6,5.63,5.0302,5.12,25944,0
DOMA.US,D,20230818,000000,5.11,5.5,5.11,5.3,31639,0
DOMA.US,D,20230821,000000,5.25,5.56,5.07,5.12,11062,0
DOMA.US,D,20230822,000000,5.14,5.2592,4.81,4.88,39882,0
DOMA.US,D,20230823,000000,4.92,5.16,4.75,5.12,30388,0
DOMA.US,D,20230824,000000,5.15,5.82,5.15,5.76,43816,0
DOMA.US,D,20230825,000000,5.78,5.85,5.53,5.8,34251,0
DOMA.US,D,20230828,000000,5.84,5.88,5.615,5.83,8231,0
DOMA.US,D,20230829,000000,5.88,6.11,5.55,6.1,16028,0
DOMA.US,D,20230830,000000,6.03,6.4,6.01,6.33,13486,0
DOMA.US,D,20230831,000000,6.27,6.46,6.12,6.36,35560,0
DOMA.US,D,20230901,000000,6.43,6.62,5.9,6.35,27573,0
DOMA.US,D,20230905,000000,6.25,6.51,6.141,6.43,17404,0
DOMA.US,D,20230906,000000,6.4,6.42,6.1,6.3,44690,0
DOMA.US,D,20230907,000000,6.14,6.42,6.1,6.36,36120,0
DOMA.US,D,20230908,000000,6.32,6.45,6.16,6.29,15951,0
DOMA.US,D,20230911,000000,6.26,6.385,6,6.1,28913,0
DOMA.US,D,20230912,000000,5.99,6.43,5.99,6.05,40215,0
DOMA.US,D,20230913,000000,6.09,6.175,5.76,5.9,31797,0
DOMA.US,D,20230914,000000,5.92,6.06,5.66,5.96,23703,0
DOMA.US,D,20230915,000000,5.85,6.1912,5,5.1,91134,0
DOMA.US,D,20230918,000000,5.1,5.1599,4.7,4.74,45444,0
DOMA.US,D,20230919,000000,4.71,4.7591,4.35,4.44,38976,0
DOMA.US,D,20230920,000000,4.5,4.69,4.5,4.51,19602,0
DOMA.US,D,20230921,000000,4.5,4.675,4.09,4.13,44039,0
DOMA.US,D,20230922,000000,4.31,4.34,3.86,4.05,59803,0
DOMA.US,D,20230925,000000,3.93,4.3099,3.8983,4.2,12504,0
DOMA.US,D,20230926,000000,4.15,4.31,4.11,4.15,7885,0
DOMA.US,D,20230927,000000,4.18,4.49,4.18,4.41,29810,0
DOMA.US,D,20230928,000000,4.38,4.49,4.24,4.36,4041,0
DOMA.US,D,20230929,000000,4.49,5.13,4.48,5.08,13124,0
DOMA.US,D,20231002,000000,5.05,5.05,4.7,5,5689,0
DOMA.US,D,20231003,000000,4.89,5.26,4.65,4.77,26335,0
DOMA.US,D,20231004,000000,4.77,5,4.622,4.93,24768,0
DOMA.US,D,20231005,000000,4.88,5.09,4.6872,4.84,18385,0
DOMA.US,D,20231006,000000,4.69,4.89,4.55,4.75,19696,0
DOMA.US,D,20231009,000000,4.73,4.88,4.73,4.82,12929,0
DOMA.US,D,20231010,000000,4.75,4.87,4.61,4.73,12510,0
DOMA.US,D,20231011,000000,4.73,4.81,4.5671,4.79,7633,0
DOMA.US,D,20231012,000000,4.79,4.88,4.53,4.64,6689,0
DOMA.US,D,20231013,000000,4.66,4.76,4.27,4.28,8758,0
DOMA.US,D,20231016,000000,4.42,4.53,4.36,4.37,4812,0
DOMA.US,D,20231017,000000,4.37,4.75,4.29,4.55,17915,0
DOMA.US,D,20231018,000000,4.51,4.768,4.51,4.6,6780,0
DOMA.US,D,20231019,000000,4.59,4.72,4.29,4.45,37334,0
DOMA.US,D,20231020,000000,4.45,4.73,4.2199,4.51,5414,0
DOMA.US,D,20231023,000000,4.44,4.58,4.08,4.08,26376,0
DOMA.US,D,20231024,000000,4.07,4.39,4.05,4.22,9296,0
DOMA.US,D,20231025,000000,4.12,4.46,4.12,4.29,3871,0
DOMA.US,D,20231026,000000,4.24,4.39,4.0401,4.22,12013,0
DOMA.US,D,20231027,000000,4.0401,4.37,4.0401,4.11,4857,0
DOMA.US,D,20231030,000000,4.12,4.39,4.07,4.16,11925,0
DOMA.US,D,20231031,000000,4.09,4.3,4.045,4.13,10954,0
DOMA.US,D,20231101,000000,4.06,4.14,3.98,4,17234,0
DOMA.US,D,20231102,000000,4.1,4.44,4.04,4.18,11451,0
DOMA.US,D,20231103,000000,4.31,4.88,4.31,4.65,6530,0
DOMA.US,D,20231106,000000,4.66,4.79,4.48,4.73,8459,0
DOMA.US,D,20231107,000000,4.75,5.08,4.5,4.87,19251,0
DOMA.US,D,20231108,000000,5.05,5.41,4.9,5.19,48746,0
DOMA.US,D,20231109,000000,5.16,5.235,4.6634,4.8,22710,0
DOMA.US,D,20231110,000000,4.8,4.96,4.8,4.87,5971,0
DOMA.US,D,20231113,000000,4.94,5.15,4.85,5.11,10643,0
DOMA.US,D,20231114,000000,5.24,5.5,4.9695,5.38,19536,0
DOMA.US,D,20231115,000000,5.37,6,5.27,5.92,68991,0
DOMA.US,D,20231116,000000,5.93,5.93,5.4431,5.59,8396,0
DOMA.US,D,20231117,000000,5.55,5.7672,5.24,5.42,8099,0
DOMA.US,D,20231120,000000,5.35,5.69,5.35,5.45,5363,0
DOMA.US,D,20231121,000000,5.35,5.73,5.11,5.18,11575,0
DOMA.US,D,20231122,000000,5.35,5.45,5.21,5.37,6301,0
DOMA.US,D,20231124,000000,5.29,6.21,5.19,6.06,31703,0
DOMA.US,D,20231127,000000,5.93,6.14,5.73,5.85,13143,0
DOMA.US,D,20231128,000000,5.77,6.2073,5.77,6.01,12066,0
DOMA.US,D,20231129,000000,5.95,6.09,5.885,6,11139,0
DOMA.US,D,20231130,000000,5.92,6.15,5.92,6.13,9222,0
DOMA.US,D,20231201,000000,6.05,6.19,5.56,6,11056,0
DOMA.US,D,20231204,000000,5.85,6.15,5.22,5.52,19373,0
DOMA.US,D,20231205,000000,5.39,5.83,5.39,5.6,14585,0
DOMA.US,D,20231206,000000,5.49,5.99,5.4101,5.59,12243,0
DOMA.US,D,20231207,000000,5.6,6.0299,5.38,5.48,24554,0
DOMA.US,D,20231208,000000,5.37,5.6475,5.28,5.28,14485,0
DOMA.US,D,20231211,000000,5.25,5.69,5.25,5.37,12477,0
DOMA.US,D,20231212,000000,5.28,5.7,4.71,4.73,48291,0
DOMA.US,D,20231213,000000,4.85,5.31,4.7,5.31,15173,0
DOMA.US,D,20231214,000000,5.44,5.54,5.2501,5.41,21839,0
DOMA.US,D,20231215,000000,5.55,5.5842,5.2,5.35,15928,0
DOMA.US,D,20231218,000000,5.28,5.315,4.76,4.76,18789,0
DOMA.US,D,20231219,000000,4.69,4.9099,4.1372,4.23,81776,0
DOMA.US,D,20231220,000000,4.26,4.67,4.235,4.52,20482,0
DOMA.US,D,20231221,000000,4.69,4.97,4.53,4.87,37097,0
DOMA.US,D,20231222,000000,4.8,5.0212,4.697,4.89,15658,0
DOMA.US,D,20231226,000000,4.79,5.0603,4.77,4.86,14395,0
DOMA.US,D,20231227,000000,4.81,4.99,4.65,4.72,24975,0
DOMA.US,D,20231228,000000,4.74,4.75,4.47,4.56,31880,0
DOMA.US,D,20231229,000000,4.47,4.72,4.442,4.63,15531,0
DOMA.US,D,20240102,000000,4.62,4.84,4.55,4.67,15458,0
DOMA.US,D,20240103,000000,4.56,4.68,4.3667,4.56,8660,0
DOMA.US,D,20240104,000000,4.62,4.6997,4.5058,4.65,14393,0
DOMA.US,D,20240105,000000,4.6827,4.6827,4.35,4.42,23876,0
DOMA.US,D,20240108,000000,4.4,4.7325,4.4,4.61,6383,0
DOMA.US,D,20240109,000000,4.49,4.52,4.37,4.37,7012,0
DOMA.US,D,20240110,000000,4.39,4.4706,4.21,4.38,10281,0
DOMA.US,D,20240111,000000,4.3,4.5539,4.19,4.21,6813,0
DOMA.US,D,20240112,000000,4.21,4.4786,4.21,4.32,12177,0
DOMA.US,D,20240116,000000,4.23,4.4706,4.21,4.28,11814,0
DOMA.US,D,20240117,000000,4.17,4.4,4.17,4.29,9759,0
DOMA.US,D,20240118,000000,4.28,4.34,4.18,4.18,4019,0
DOMA.US,D,20240119,000000,4.28,4.29,4.13,4.22,5945,0
DOMA.US,D,20240122,000000,4.18,4.2889,4.13,4.13,15438,0
DOMA.US,D,20240123,000000,4.14,4.2,4.13,4.13,9582,0
DOMA.US,D,20240124,000000,4.1679,4.32,4.13,4.16,6192,0
DOMA.US,D,20240125,000000,4.15,4.295,4.06,4.1,17385,0
DOMA.US,D,20240126,000000,4.05,4.1727,4.02,4.07,11896,0
DOMA.US,D,20240129,000000,4.09,4.58,3.9,4.23,125415,0
DOMA.US,D,20240130,000000,4.13,4.4,4,4.24,56117,0
DOMA.US,D,20240131,000000,4.2,4.7,4.15,4.15,27946,0
DOMA.US,D,20240201,000000,4.15,4.46,4.02,4.1,18612,0
DOMA.US,D,20240202,000000,4.28,4.28,3.95,4.04,10638,0
DOMA.US,D,20240205,000000,4,4.22,3.9,3.94,86040,0
DOMA.US,D,20240206,000000,4.06,4.3795,3.93,4.2461,11382,0
DOMA.US,D,20240207,000000,4.23,4.23,4.11,4.16,9386,0
DOMA.US,D,20240208,000000,4.17,4.35,4.05,4.29,12245,0
DOMA.US,D,20240209,000000,4.31,4.4812,4.1409,4.35,12479,0
DOMA.US,D,20240212,000000,4.4376,4.47,4.18,4.18,9972,0
DOMA.US,D,20240213,000000,4.02,4.2431,3.96,4.21,6350,0
DOMA.US,D,20240214,000000,4.168,4.2802,4.02,4.26,6726,0
DOMA.US,D,20240215,000000,4.19,4.2858,4.17,4.23,11238,0
DOMA.US,D,20240216,000000,4.13,4.28,4.1,4.26,16850,0
DOMA.US,D,20240220,000000,4.2,4.2,4.01,4.09,5355,0
DOMA.US,D,20240221,000000,4,4.1799,4,4.05,11161,0
DOMA.US,D,20240222,000000,4.0517,4.15,4,4.11,47411,0
DOMA.US,D,20240223,000000,4,4.1812,3.9,3.91,9937,0
DOMA.US,D,20240226,000000,3.98,4.15,3.91,3.94,3979,0
DOMA.US,D,20240227,000000,3.94,4.37,3.94,4.11,10375,0
DOMA.US,D,20240228,000000,4.03,4.35,4.03,4.34,7229,0
DOMA.US,D,20240229,000000,4.35,4.5999,4.3401,4.45,3520,0
DOMA.US,D,20240301,000000,4.4551,4.62,4.2901,4.5,19780,0
DOMA.US,D,20240304,000000,4.43,4.51,4.2692,4.47,6497,0
DOMA.US,D,20240305,000000,4.402,4.69,4.35,4.6,9203,0
DOMA.US,D,20240306,000000,4.56,5.71,4.25,5.43,76897,0
DOMA.US,D,20240307,000000,5.52,5.66,5.25,5.35,29787,0
DOMA.US,D,20240308,000000,5.6,5.7361,5.32,5.51,26396,0
DOMA.US,D,20240311,000000,5.4,5.6627,5.28,5.32,9190,0
DOMA.US,D,20240312,000000,5.37,5.693,5.21,5.47,17538,0
DOMA.US,D,20240313,000000,5.39,5.39,4.58,4.64,31595,0
DOMA.US,D,20240314,000000,4.57,4.595,4.2001,4.36,9877,0
DOMA.US,D,20240315,000000,4.26,4.35,4.11,4.15,11930,0
DOMA.US,D,20240318,000000,4.3321,4.37,4.24,4.32,8538,0
DOMA.US,D,20240319,000000,4.42,4.7699,4.305,4.41,6036,0
DOMA.US,D,20240320,000000,4.3,4.52,4.3,4.45,8247,0
DOMA.US,D,20240321,000000,4.5,4.7799,4.5,4.56,16851,0
DOMA.US,D,20240322,000000,4.63,4.63,4.3,4.39,9119,0
DOMA.US,D,20240325,000000,4.49,4.5879,4.4279,4.49,3799,0
DOMA.US,D,20240326,000000,4.57,4.57,4.28,4.28,10120,0
DOMA.US,D,20240327,000000,4.5951,4.5951,4.4,4.4,3484,0
DOMA.US,D,20240328,000000,4.49,4.755,4.49,4.54,21086,0
DOMA.US,D,20240401,000000,6.12,6.15,6.05,6.06,985493,0
DOMA.US,D,20240402,000000,6.07,6.12,6.05,6.06,140524,0
DOMA.US,D,20240403,000000,6.1,6.21,6.06,6.06,134944,0
DOMA.US,D,20240404,000000,6.1,6.12,6.06,6.07,98581,0
DOMA.US,D,20240405,000000,6.06,6.1,6.05,6.05,58759,0
DOMA.US,D,20240408,000000,6.06,6.1,6.05,6.05,33620,0
DOMA.US,D,20240409,000000,6.08,6.11,6.05,6.09,63422,0
DOMA.US,D,20240410,000000,6.06,6.085,6.06,6.06,48067,0
DOMA.US,D,20240411,000000,6.06,6.1,6.06,6.07,32410,0
DOMA.US,D,20240412,000000,6.1,6.1,6.07,6.07,24090,0
DOMA.US,D,20240415,000000,6.07,6.08,6,6.08,56496,0
DOMA.US,D,20240416,000000,6.05,6.08,6.05,6.05,37677,0
DOMA.US,D,20240417,000000,6.05,6.07,6.04,6.04,28836,0
DOMA.US,D,20240418,000000,6.02,6.0504,6.02,6.04,35955,0
DOMA.US,D,20240419,000000,6.04,6.06,5.98,6.01,301590,0
DOMA.US,D,20240422,000000,6.05,6.05,6,6.01,23572,0
DOMA.US,D,20240423,000000,6.01,6.1,6.01,6.06,26744,0
DOMA.US,D,20240424,000000,6.03,6.09,6.03,6.07,14792,0
DOMA.US,D,20240425,000000,6.04,6.13,6.04,6.05,23299,0
DOMA.US,D,20240426,000000,6.09,6.15,6.05,6.05,24395,0
DOMA.US,D,20240429,000000,6.09,6.11,6.06,6.07,20274,0
DOMA.US,D,20240430,000000,6.06,6.1,6.04,6.05,9615,0
DOMA.US,D,20240501,000000,6.03,6.07,6.02,6.03,7085,0
DOMA.US,D,20240502,000000,6.08,6.08,6.015,6.02,12375,0
DOMA.US,D,20240503,000000,6.03,6.07,6.03,6.05,6815,0
DOMA.US,D,20240506,000000,6.05,6.07,6.02,6.02,11829,0
DOMA.US,D,20240507,000000,6.05,6.06,6.02,6.05,17662,0
DOMA.US,D,20240508,000000,6.02,6.08,6.02,6.07,6214,0
DOMA.US,D,20240509,000000,6.05,6.08,6.02,6.03,14284,0
DOMA.US,D,20240510,000000,6.03,6.04,6.02,6.03,10302,0
DOMA.US,D,20240513,000000,6.03,6.0509,6.0212,6.04,9489,0
DOMA.US,D,20240514,000000,6.04,6.08,6.0201,6.06,16427,0
DOMA.US,D,20240515,000000,6.08,6.08,6.02,6.04,13784,0
DOMA.US,D,20240516,000000,6.03,6.06,6.02,6.06,5926,0
DOMA.US,D,20240517,000000,6.04,6.05,6.02,6.02,17373,0
DOMA.US,D,20240520,000000,6.04,6.06,6.03,6.03,11229,0
DOMA.US,D,20240521,000000,6.02,6.05,6.02,6.04,11715,0
DOMA.US,D,20240522,000000,6.02,6.05,6.02,6.04,53401,0
DOMA.US,D,20240523,000000,6.02,6.07,6.02,6.02,22398,0
DOMA.US,D,20240524,000000,6.03,6.06,6.03,6.03,16233,0
DOMA.US,D,20240528,000000,6.03,6.05,6.02,6.02,12884,0
DOMA.US,D,20240529,000000,6.02,6.05,6.02,6.02,34405,0
DOMA.US,D,20240530,000000,6.02,6.04,6.02,6.02,9368,0
DOMA.US,D,20240531,000000,6.02,6.05,5.85,5.87,380210,0
DOMA.US,D,20240603,000000,5.91,5.94,5.66,5.84,76141,0
DOMA.US,D,20240604,000000,5.87,5.9,5.86,5.87,39933,0
DOMA.US,D,20240605,000000,5.9,6.02,5.9,6,33856,0
DOMA.US,D,20240606,000000,5.98,6.02,5.96,5.96,8517,0
DOMA.US,D,20240607,000000,5.9,5.99,5.9,5.96,6363,0
DOMA.US,D,20240610,000000,5.92,5.95,5.9,5.92,4593,0
DOMA.US,D,20240611,000000,5.92,5.99,5.92,5.95,2864,0
DOMA.US,D,20240612,000000,6,6.01,5.9431,5.96,8278,0
DOMA.US,D,20240613,000000,5.99,6.01,5.95,5.99,14280,0
DOMA.US,D,20240614,000000,5.99,6.02,5.98,5.98,16804,0
DOMA.US,D,20240617,000000,5.98,6.02,5.98,5.98,3815,0
DOMA.US,D,20240618,000000,5.98,6.01,5.98,5.98,6552,0
DOMA.US,D,20240620,000000,5.94,5.99,5.91,5.91,16287,0
DOMA.US,D,20240621,000000,5.94,5.98,5.9201,5.96,17511,0
DOMA.US,D,20240624,000000,5.91,5.9757,5.91,5.96,17113,0
DOMA.US,D,20240625,000000,5.98,5.99,5.97,5.97,2851,0
DOMA.US,D,20240626,000000,5.94,5.99,5.94,5.95,5679,0
DOMA.US,D,20240627,000000,5.98,5.98,5.95,5.96,7432,0
DOMA.US,D,20240628,000000,5.99,6.079,5.97,6.07,18848,0
DOMA.US,D,20240701,000000,6.08,6.08,6.04,6.04,3510,0
DOMA.US,D,20240702,000000,6.04,6.05,6.04,6.04,10820,0
DOMA.US,D,20240703,000000,6.03,6.06,6.03,6.045,9804,0
DOMA.US,D,20240705,000000,6.03,6.05,5.984,6.02,8360,0
DOMA.US,D,20240708,000000,6,6.025,6,6,8026,0
DOMA.US,D,20240709,000000,6,6.015,5.99,5.99,4994,0
DOMA.US,D,20240710,000000,6,6.01,5.99,6,9511,0
DOMA.US,D,20240711,000000,6.02,6.02,6,6.01,9679,0
DOMA.US,D,20240712,000000,6,6.02,6,6,5650,0
DOMA.US,D,20240715,000000,6.02,6.02,5.99,5.99,11407,0
DOMA.US,D,20240716,000000,5.98,6.04,5.98,6.02,16119,0
DOMA.US,D,20240717,000000,6.02,6.05,6.01,6.05,50649,0
DOMA.US,D,20240718,000000,6.02,6.1,6.02,6.09,18731,0
DOMA.US,D,20240719,000000,6.05,6.13,6.05,6.05,6435,0
DOMA.US,D,20240722,000000,6.06,6.08,6.04,6.06,11700,0
DOMA.US,D,20240723,000000,6.04,6.06,5.96,5.96,24508,0
DOMA.US,D,20240724,000000,5.96,6.06,5.96,6.0503,21800,0
DOMA.US,D,20240725,000000,6.05,6.08,6.03,6.04,53604,0
DOMA.US,D,20240726,000000,6.06,6.06,6.02,6.04,22721,0
DOMA.US,D,20240729,000000,6.04,6.04,5.9901,6.02,18111,0
DOMA.US,D,20240730,000000,6,6.04,6,6.03,4808,0
DOMA.US,D,20240731,000000,6.04,6.05,6.01,6.01,24928,0
DOMA.US,D,20240801,000000,6,6.05,6,6.03,57367,0
DOMA.US,D,20240802,000000,6.02,6.04,5.99,6.02,16036,0
DOMA.US,D,20240805,000000,5.9,6.015,5.9,5.97,25294,0
DOMA.US,D,20240806,000000,6,6.03,5.94,6.025,45410,0
DOMA.US,D,20240807,000000,5.95,6.03,5.95,6,88460,0
DOMA.US,D,20240808,000000,6.01,6.0201,6.01,6.01,23406,0
DOMA.US,D,20240809,000000,6.01,6.02,6.002,6.01,10623,0
DOMA.US,D,20240812,000000,6,6.01,5.99,6,8008,0
DOMA.US,D,20240813,000000,5.98,6,5.98,5.995,5858,0
DOMA.US,D,20240814,000000,6,6,5.98,5.995,28276,0
DOMA.US,D,20240815,000000,6,6.01,5.98,5.98,14786,0
DOMA.US,D,20240816,000000,5.9988,6.01,5.98,5.98,22895,0
DOMA.US,D,20240819,000000,6,6,5.98,5.98,6516,0
DOMA.US,D,20240820,000000,6,6.01,6,6,11074,0
DOMA.US,D,20240821,000000,6.01,6.06,6.01,6.045,13050,0
DOMA.US,D,20240822,000000,6.06,6.08,6.045,6.045,6456,0
DOMA.US,D,20240823,000000,6.05,6.1116,6.05,6.09,8925,0
DOMA.US,D,20240826,000000,6.08,6.1092,6.06,6.06,34061,0
DOMA.US,D,20240827,000000,6.06,6.12,6.06,6.0916,2520,0
DOMA.US,D,20240828,000000,6.14,6.14,6.09,6.09,18882,0
DOMA.US,D,20240829,000000,6.09,6.12,6.09,6.09,4799,0
DOMA.US,D,20240830,000000,6.09,6.1103,6.09,6.09,5549,0
DOMA.US,D,20240903,000000,6.09,6.12,6.09,6.11,14933,0
DOMA.US,D,20240904,000000,6.09,6.12,6.09,6.1,30913,0
DOMA.US,D,20240905,000000,6.1,6.15,6.1,6.1238,35036,0
DOMA.US,D,20240906,000000,6.14,6.1401,6.12,6.13,35463,0
DOMA.US,D,20240909,000000,6.12,6.14,6.0978,6.12,29840,0
DOMA.US,D,20240910,000000,6.13,6.15,6.12,6.13,11828,0
DOMA.US,D,20240911,000000,6.13,6.16,6.1,6.12,58836,0
DOMA.US,D,20240912,000000,6.12,6.13,6.12,6.1212,6901,0
DOMA.US,D,20240913,000000,6.14,6.145,6.12,6.13,13623,0
DOMA.US,D,20240916,000000,6.12,6.15,6.1,6.12,23866,0
DOMA.US,D,20240917,000000,6.107,6.125,6.1,6.1,8570,0
DOMA.US,D,20240918,000000,6.08,6.12,6.06,6.06,13056,0
DOMA.US,D,20240919,000000,6.09,6.13,6.0604,6.12,53861,0
DOMA.US,D,20240920,000000,6.13,6.15,6.1,6.14,34405,0
DOMA.US,D,20240923,000000,6.14,6.16,6.13,6.15,8720,0
DOMA.US,D,20240924,000000,6.14,6.15,6.13,6.13,15828,0
DOMA.US,D,20240925,000000,6.1323,6.15,6.13,6.13,4878,0
DOMA.US,D,20240926,000000,6.04,6.29,6.04,6.28,589609,0
