<TICKER>,<PER>,<DATE>,<TIME>,<OPEN>,<HIGH>,<LOW>,<CLOSE>,<VOL>,<OPENINT>
EXTOY.US,D,20230830,000000,5.5,5.95,5.5,5.88,567787,0
EXTOY.US,D,20230831,000000,5.9,6.09,5.79,5.85,555419,0
EXTOY.US,D,20230901,000000,5.68,5.9725,5.63,5.83,404929,0
EXTOY.US,D,20230905,000000,5.8,5.8,5.41,5.45,229788,0
EXTOY.US,D,20230906,000000,5.33,5.52,5.2,5.2,165722,0
EXTOY.US,D,20230907,000000,5.13,5.33,5.13,5.14,248236,0
EXTOY.US,D,20230908,000000,5.23,5.5,5,5.33,503447,0
EXTOY.US,D,20230911,000000,5.35,5.75,5.35,5.57,305928,0
EXTOY.US,D,20230912,000000,5.55,5.75,5.53,5.59,394025,0
EXTOY.US,D,20230913,000000,5.55,5.76,5.55,5.69,380066,0
EXTOY.US,D,20230914,000000,5.73,5.8,5.57,5.58,600314,0
EXTOY.US,D,20230915,000000,5.56,5.68,5.43,5.43,479453,0
EXTOY.US,D,20230918,000000,5.44,5.73,5.44,5.69,178512,0
EXTOY.US,D,20230919,000000,5.65,5.77,5.58,5.71,267662,0
EXTOY.US,D,20230920,000000,5.68,5.705,5.58,5.65,216534,0
EXTOY.US,D,20230921,000000,5.55,5.56,5.39,5.39,239470,0
EXTOY.US,D,20230922,000000,5.45,5.6,5.34,5.51,579377,0
EXTOY.US,D,20230925,000000,5.46,5.46,5.35,5.42,189654,0
EXTOY.US,D,20230926,000000,5.33,5.35,5.2,5.25,188822,0
EXTOY.US,D,20230927,000000,5.19,5.22,4.98,5.03,393304,0
EXTOY.US,D,20230928,000000,5.03,5.26,5.03,5.26,1436164,0
EXTOY.US,D,20230929,000000,5.28,5.55,5.28,5.48,9329522,0
EXTOY.US,D,20231002,000000,5.47,5.58,5.41,5.53,2384265,0
EXTOY.US,D,20231003,000000,5.49,5.51,5.22,5.23,765757,0
EXTOY.US,D,20231004,000000,5.11,5.29,5.08,5.13,588457,0
EXTOY.US,D,20231005,000000,5.13,5.18,4.97,4.98,323326,0
EXTOY.US,D,20231006,000000,4.98,4.98,4.8,4.84,374312,0
EXTOY.US,D,20231009,000000,4.87,5.02,4.81,4.97,306255,0
EXTOY.US,D,20231010,000000,4.99,5.11,4.91,5.04,279614,0
EXTOY.US,D,20231011,000000,5.04,5.1,4.99,5.04,361647,0
EXTOY.US,D,20231012,000000,4.96,5.09,4.96,5.02,198832,0
EXTOY.US,D,20231013,000000,5.03,5.08,4.97,5.02,252374,0
EXTOY.US,D,20231016,000000,6.6,6.83,6.56,6.75,2858954,0
EXTOY.US,D,20231017,000000,6.74,6.85,6.69,6.82,1803913,0
EXTOY.US,D,20231018,000000,6.71,6.83,6.71,6.8,1761490,0
EXTOY.US,D,20231019,000000,6.82,6.9,6.78,6.8,436306,0
EXTOY.US,D,20231020,000000,6.8,6.87,6.78,6.8,437288,0
EXTOY.US,D,20231023,000000,6.84,6.84,6.73,6.82,500091,0
EXTOY.US,D,20231024,000000,6.7905,6.85,6.78,6.82,341616,0
EXTOY.US,D,20231025,000000,6.8,6.915,6.78,6.9,1648047,0
EXTOY.US,D,20231026,000000,6.87,6.97,6.82,6.96,392362,0
EXTOY.US,D,20231027,000000,6.99,6.99,6.9,6.97,1090901,0
EXTOY.US,D,20231030,000000,6.95,7,6.9,6.99,245850,0
EXTOY.US,D,20231031,000000,6.93,6.97,6.915,6.96,836640,0
EXTOY.US,D,20231101,000000,6.97,6.99,6.91,6.96,167745,0
EXTOY.US,D,20231102,000000,7.02,7.03,6.95,6.95,78900,0
EXTOY.US,D,20231103,000000,6.9,7.03,6.9,6.94,199589,0
EXTOY.US,D,20231106,000000,6.95,7.11,6.95,7.05,1141358,0
EXTOY.US,D,20231107,000000,7.02,7.1,7.02,7.05,1193153,0
EXTOY.US,D,20231108,000000,7.1,7.11,7.06,7.07,820259,0
EXTOY.US,D,20231109,000000,7.07,7.1,7.055,7.06,884916,0
EXTOY.US,D,20231110,000000,7.06,7.085,7.04,7.07,1423705,0
EXTOY.US,D,20231113,000000,7.05,7.11,7.03,7.1,155076,0
EXTOY.US,D,20231114,000000,7.1,7.18,7.05,7.07,775283,0
EXTOY.US,D,20231115,000000,7.06,7.11,7.06,7.08,178730,0
EXTOY.US,D,20231116,000000,7.08,7.16,7.06,7.06,307663,0
EXTOY.US,D,20231117,000000,7.04,7.07,7.025,7.04,621856,0
EXTOY.US,D,20231120,000000,6.99,7.07,6.99,7.03,229843,0
EXTOY.US,D,20231121,000000,7.07,7.09,7.04,7.05,208672,0
EXTOY.US,D,20231122,000000,7.03,7.05,7.02,7.05,336811,0
EXTOY.US,D,20231124,000000,7.03,7.04,6.5,6.67,301778,0
EXTOY.US,D,20231127,000000,6.75,6.93,6.73,6.92,2575030,0
EXTOY.US,D,20231128,000000,6.91,7,6.91,7,309804,0
EXTOY.US,D,20231129,000000,6.98,7.005,6.92,7,159443,0
EXTOY.US,D,20231130,000000,6.93,7,6.915,7,508258,0
EXTOY.US,D,20231201,000000,6.96,7.07,6.95,7.07,3441427,0
EXTOY.US,D,20231204,000000,7.06,7.06,6.9,7.01,910328,0
EXTOY.US,D,20231205,000000,6.97,7.05,6.92,6.97,958558,0
EXTOY.US,D,20231206,000000,6.9,6.97,6.9,6.97,602677,0
EXTOY.US,D,20231207,000000,7,7,6.92,6.97,2683861,0
EXTOY.US,D,20231208,000000,6.98,7.135,6.98,7.12,1157667,0
EXTOY.US,D,20231211,000000,7.12,7.16,7.1,7.15,697189,0
EXTOY.US,D,20231212,000000,7.09,7.16,7.085,7.15,2694964,0
EXTOY.US,D,20231213,000000,7.15,7.2,7.12,7.18,2121350,0
EXTOY.US,D,20231214,000000,7.14,7.21,7.14,7.17,359502,0
EXTOY.US,D,20231215,000000,7.15,7.17,7.11,7.16,1346461,0
EXTOY.US,D,20231218,000000,7.13,7.16,7.13,7.14,1524579,0
EXTOY.US,D,20231219,000000,7.1,7.16,7.09,7.16,769478,0
EXTOY.US,D,20231220,000000,7.12,7.15,7.12,7.12,302420,0
EXTOY.US,D,20231221,000000,7.15,7.165,7.08,7.15,267567,0
EXTOY.US,D,20231222,000000,7.13,7.155,7.1,7.15,245198,0
EXTOY.US,D,20231226,000000,7.16,7.165,7.105,7.14,120904,0
EXTOY.US,D,20231227,000000,7.13,7.17,7.125,7.15,1531872,0
EXTOY.US,D,20231228,000000,7.16,7.23,7.14,7.23,176060,0
EXTOY.US,D,20231229,000000,7.18,7.205,7.14,7.17,311761,0
EXTOY.US,D,20240102,000000,7.16,7.19,7.14,7.18,1360832,0
EXTOY.US,D,20240103,000000,7.17,7.19,7.16,7.16,1216029,0
EXTOY.US,D,20240104,000000,7.18,7.2,7.15,7.19,1180838,0
EXTOY.US,D,20240105,000000,7.2,7.22,7.17,7.21,641674,0
EXTOY.US,D,20240108,000000,7.21,7.22,7.19,7.2,1971024,0
EXTOY.US,D,20240109,000000,7.2,7.22,7.195,7.2,1745245,0
EXTOY.US,D,20240110,000000,7.21,7.23,7.2,7.23,2838363,0
EXTOY.US,D,20240111,000000,7.24,7.24,7.22,7.22,361208,0
EXTOY.US,D,20240112,000000,7.23,7.25,7.22,7.23,934593,0
EXTOY.US,D,20240116,000000,7.24,7.24,7.2,7.24,1232379,0
EXTOY.US,D,20240117,000000,7.24,7.295,7.22,7.23,809488,0
EXTOY.US,D,20240118,000000,7.25,7.25,6.97,7.09,691071,0
EXTOY.US,D,20240119,000000,7.05,7.08,6.925,6.95,128481,0
EXTOY.US,D,20240122,000000,6.95,7.115,6.95,6.99,449361,0
EXTOY.US,D,20240123,000000,6.98,7.04,6.95,6.97,59245,0
EXTOY.US,D,20240124,000000,7.03,7.06,6.84,6.84,82548,0
EXTOY.US,D,20240125,000000,6.9,6.98,6.895,6.94,63053,0
EXTOY.US,D,20240126,000000,6.94,6.94,6.88,6.91,20733,0
EXTOY.US,D,20240129,000000,6.9001,6.97,6.795,6.9,53539,0
EXTOY.US,D,20240130,000000,6.82,6.82,6.63,6.71,20796,0
EXTOY.US,D,20240131,000000,6.62,6.645,6.26,6.3,80111,0
EXTOY.US,D,20240201,000000,6.05,6.13,5.55,5.6,136010,0
EXTOY.US,D,20240202,000000,5.55,5.73,5.49,5.7,112298,0
EXTOY.US,D,20240205,000000,5.53,5.53,5.37,5.43,85330,0
EXTOY.US,D,20240206,000000,5.34,5.435,5.295,5.43,104385,0
EXTOY.US,D,20240207,000000,5.35,5.5,5.3,5.42,51865,0
EXTOY.US,D,20240208,000000,5.3,5.38,5.26,5.27,62756,0
EXTOY.US,D,20240209,000000,5.26,5.51,5.2,5.35,131117,0
EXTOY.US,D,20240212,000000,5.36,5.45,5.36,5.43,22284,0
EXTOY.US,D,20240213,000000,5.42,5.42,5.28,5.28,19186,0
EXTOY.US,D,20240214,000000,5.15,5.34,4.975,4.98,165131,0
EXTOY.US,D,20240215,000000,5,5.03,4.81,4.9,98665,0
EXTOY.US,D,20240216,000000,4.59,4.98,4.58,4.83,260408,0
EXTOY.US,D,20240220,000000,4.9,5.02,4.84,4.93,369309,0
EXTOY.US,D,20240221,000000,4.93,5.09,4.87,5.05,76829,0
EXTOY.US,D,20240222,000000,4.98,5.015,4.8,4.96,165286,0
EXTOY.US,D,20240223,000000,5.07,5.09,4.83,4.96,148189,0
EXTOY.US,D,20240226,000000,4.94,5.22,4.94,5.18,71956,0
EXTOY.US,D,20240227,000000,5.18,5.47,5.095,5.3,138737,0
EXTOY.US,D,20240228,000000,5.19,5.32,5.13,5.13,92209,0
EXTOY.US,D,20240229,000000,5.15,5.15,5.035,5.06,116523,0
EXTOY.US,D,20240301,000000,4.98,5.06,4.97,5.02,61506,0
EXTOY.US,D,20240304,000000,5,5.01,4.905,4.97,60380,0
EXTOY.US,D,20240305,000000,4.96,5.02,4.87,4.88,29000,0
EXTOY.US,D,20240306,000000,4.82,4.9694,4.82,4.93,67483,0
EXTOY.US,D,20240307,000000,4.91,5.04,4.91,4.99,57114,0
EXTOY.US,D,20240308,000000,5.005,5.04,4.78,4.84,87500,0
EXTOY.US,D,20240311,000000,4.84,4.92,4.79,4.86,41422,0
EXTOY.US,D,20240312,000000,4.86,4.86,4.8,4.8,67031,0
EXTOY.US,D,20240313,000000,4.79,4.905,4.77,4.78,27511,0
EXTOY.US,D,20240314,000000,4.84,4.84,4.7,4.7,65082,0
EXTOY.US,D,20240315,000000,4.7,4.775,4.66,4.7,81531,0
EXTOY.US,D,20240318,000000,4.74,4.88,4.655,4.79,141254,0
EXTOY.US,D,20240319,000000,4.82,5.1,4.725,5.08,168250,0
EXTOY.US,D,20240320,000000,5.1,5.1,4.92,5.06,54932,0
EXTOY.US,D,20240321,000000,4.99,5.0437,4.93,5.03,147132,0
EXTOY.US,D,20240322,000000,5.09,5.1,4.9,4.95,60181,0
EXTOY.US,D,20240325,000000,5.06,5.1,4.925,5.01,34244,0
EXTOY.US,D,20240326,000000,5.02,5.03,4.94,5.03,38508,0
EXTOY.US,D,20240327,000000,4.99,5.14,4.935,5.13,70780,0
EXTOY.US,D,20240328,000000,5.15,5.2801,5.11,5.19,55947,0
EXTOY.US,D,20240401,000000,5.44,5.44,5.08,5.18,53181,0
EXTOY.US,D,20240402,000000,5.07,5.205,5.06,5.11,52680,0
EXTOY.US,D,20240403,000000,5.15,5.235,4.955,5.11,61716,0
EXTOY.US,D,20240404,000000,5.16,5.28,5.14,5.15,34843,0
EXTOY.US,D,20240405,000000,5.11,5.19,5.11,5.14,34246,0
EXTOY.US,D,20240408,000000,5.15,5.27,5.15,5.27,45398,0
EXTOY.US,D,20240409,000000,5.23,5.42,5.15,5.31,122061,0
EXTOY.US,D,20240410,000000,5.3,5.3,5.18,5.23,32352,0
EXTOY.US,D,20240411,000000,5.29,5.3,5.11,5.16,65999,0
EXTOY.US,D,20240412,000000,5.14,5.16,5.06,5.091,55723,0
EXTOY.US,D,20240415,000000,5.05,5.09,4.96,5,51874,0
EXTOY.US,D,20240416,000000,5.06,5.06,4.93,5.02,114687,0
EXTOY.US,D,20240417,000000,5.02,5.02,4.88,4.92,68481,0
EXTOY.US,D,20240418,000000,4.89,4.96,4.75,4.81,74340,0
EXTOY.US,D,20240419,000000,4.72,4.94,4.72,4.81,71662,0
EXTOY.US,D,20240422,000000,4.8,4.83,4.75,4.79,64917,0
EXTOY.US,D,20240423,000000,4.8298,4.8298,4.72,4.72,66503,0
EXTOY.US,D,20240424,000000,4.71,4.75,4.7,4.73,35110,0
EXTOY.US,D,20240425,000000,4.7,4.76,4.7,4.75,39566,0
EXTOY.US,D,20240426,000000,4.79,4.84,4.75,4.78,33513,0
EXTOY.US,D,20240429,000000,4.805,4.91,4.799,4.89,66165,0
EXTOY.US,D,20240430,000000,4.84,4.8982,4.63,4.68,82753,0
EXTOY.US,D,20240501,000000,4.63,4.7699,4.61,4.72,28527,0
EXTOY.US,D,20240502,000000,4.68,4.85,4.68,4.83,233031,0
EXTOY.US,D,20240503,000000,4.86,4.8979,4.7775,4.83,28244,0
EXTOY.US,D,20240506,000000,4.81,4.85,4.79,4.8,20932,0
EXTOY.US,D,20240507,000000,4.85,4.86,4.76,4.77,22764,0
EXTOY.US,D,20240508,000000,4.72,4.81,4.69,4.8,97159,0
EXTOY.US,D,20240509,000000,4.75,4.7899,4.58,4.64,89998,0
EXTOY.US,D,20240510,000000,4.74,4.74,4.6,4.6,121933,0
EXTOY.US,D,20240513,000000,4.61,4.7,4.5995,4.61,18529,0
EXTOY.US,D,20240514,000000,4.72,4.745,4.65,4.7,19375,0
EXTOY.US,D,20240515,000000,4.8,4.8,4.63,4.65,18185,0
EXTOY.US,D,20240516,000000,4.63,4.7729,4.63,4.65,25532,0
EXTOY.US,D,20240517,000000,4.67,4.7499,4.65,4.65,20238,0
EXTOY.US,D,20240520,000000,4.65,4.7499,4.59,4.59,41866,0
EXTOY.US,D,20240521,000000,4.65,4.7286,4.65,4.65,15138,0
EXTOY.US,D,20240522,000000,4.65,4.6525,4.54,4.56,32954,0
EXTOY.US,D,20240523,000000,4.6347,4.64,4.3,4.32,39356,0
EXTOY.US,D,20240524,000000,4.45,4.6321,4.45,4.57,33273,0
EXTOY.US,D,20240528,000000,4.59,4.59,4.48,4.5,184423,0
EXTOY.US,D,20240529,000000,4.46,4.61,4.39,4.39,38054,0
EXTOY.US,D,20240530,000000,4.56,4.5999,4.4633,4.55,14021,0
EXTOY.US,D,20240531,000000,4.7199,4.7199,4.4276,4.59,15938,0
EXTOY.US,D,20240603,000000,4.49,4.67,4.4623,4.5,47877,0
EXTOY.US,D,20240604,000000,4.61,4.6499,4.43,4.5,28249,0
EXTOY.US,D,20240605,000000,4.44,4.64,4.44,4.471,86159,0
EXTOY.US,D,20240606,000000,4.57,4.57,4.47,4.53,5647,0
EXTOY.US,D,20240607,000000,4.55,4.55,4.437,4.51,20274,0
EXTOY.US,D,20240610,000000,4.44,4.53,4.4399,4.5,61404,0
EXTOY.US,D,20240611,000000,4.5,4.52,4.465,4.5,67188,0
EXTOY.US,D,20240612,000000,4.5,4.52,4.32,4.41,75463,0
EXTOY.US,D,20240613,000000,4.41,4.41,4.345,4.4,173876,0
EXTOY.US,D,20240614,000000,4.35,4.5,4.35,4.39,35187,0
EXTOY.US,D,20240617,000000,4.42,4.52,4.3501,4.38,18665,0
EXTOY.US,D,20240618,000000,4.38,4.47,4.35,4.37,44206,0
EXTOY.US,D,20240620,000000,4.35,4.36,4.2701,4.32,75744,0
EXTOY.US,D,20240621,000000,4.27,4.368,4.26,4.26,25780,0
EXTOY.US,D,20240624,000000,4.32,4.32,4.28,4.31,13406,0
EXTOY.US,D,20240625,000000,4.3,4.35,4.25,4.27,18214,0
EXTOY.US,D,20240626,000000,4.25,4.28,4.195,4.21,35228,0
EXTOY.US,D,20240627,000000,4.18,4.22,4.16,4.21,26008,0
EXTOY.US,D,20240628,000000,4.16,4.255,4.12,4.21,68677,0
EXTOY.US,D,20240701,000000,4.25,4.3,4.1056,4.12,21933,0
EXTOY.US,D,20240702,000000,4.17,4.22,4,4.15,31450,0
EXTOY.US,D,20240703,000000,4.15,4.15,4.03,4.08,7687,0
EXTOY.US,D,20240705,000000,4.07,4.1,4.05,4.08,61965,0
EXTOY.US,D,20240708,000000,4.07,4.09,4.06,4.08,17141,0
EXTOY.US,D,20240709,000000,4.06,4.13,4.06,4.09,4194,0
EXTOY.US,D,20240710,000000,4.09,4.25,4.06,4.2,28990,0
EXTOY.US,D,20240711,000000,4.13,4.24,4.13,4.2,36867,0
EXTOY.US,D,20240712,000000,4.19,4.39,4.19,4.39,28577,0
EXTOY.US,D,20240715,000000,4.2,4.41,4.12,4.34,52439,0
EXTOY.US,D,20240716,000000,4.335,4.37,4.27,4.32,13439,0
EXTOY.US,D,20240717,000000,4.38,4.38,4.22,4.26,29839,0
EXTOY.US,D,20240718,000000,4.25,4.25,4.16,4.24,19175,0
EXTOY.US,D,20240719,000000,4.18,4.21,4.15,4.21,7117,0
EXTOY.US,D,20240722,000000,4.16,4.24,4.11,4.24,16301,0
EXTOY.US,D,20240723,000000,4.18,4.2,4.15,4.19,66990,0
EXTOY.US,D,20240724,000000,4.27,4.28,4.15,4.27,24231,0
EXTOY.US,D,20240725,000000,4.28,4.29,4.18,4.29,17979,0
EXTOY.US,D,20240726,000000,4.18,4.35,4.18,4.32,18585,0
EXTOY.US,D,20240729,000000,4.35,4.35,4.18,4.27,21270,0
EXTOY.US,D,20240730,000000,4.24,4.295,4.15,4.295,17045,0
EXTOY.US,D,20240731,000000,4.18,4.39,4.18,4.39,9308,0
EXTOY.US,D,20240801,000000,4.26,4.45,4.26,4.45,19476,0
EXTOY.US,D,20240802,000000,4.45,4.4999,4.13,4.19,102682,0
EXTOY.US,D,20240805,000000,4.12,4.18,4,4.1,46283,0
EXTOY.US,D,20240806,000000,4.14,4.27,4.14,4.2,19699,0
EXTOY.US,D,20240807,000000,4.3,4.3,4.105,4.2,14259,0
EXTOY.US,D,20240808,000000,4.2,4.3833,4.2,4.36,21187,0
EXTOY.US,D,20240809,000000,4.4,4.4,4.29,4.32,10416,0
EXTOY.US,D,20240812,000000,4.22,4.4,4.22,4.31,2832,0
EXTOY.US,D,20240813,000000,4.25,4.54,4.25,4.49,52283,0
EXTOY.US,D,20240814,000000,4.4,4.59,4.4,4.49,8155,0
EXTOY.US,D,20240815,000000,4.59,4.59,4.2807,4.42,24367,0
EXTOY.US,D,20240816,000000,4.5,4.5,4.39,4.39,1277,0
EXTOY.US,D,20240819,000000,4.38,4.5105,4.38,4.5,11260,0
EXTOY.US,D,20240820,000000,4.5,4.5,4.3,4.4,1375,0
EXTOY.US,D,20240821,000000,4.49,4.49,4.272,4.38,8741,0
EXTOY.US,D,20240822,000000,4.28,4.3799,4.26,4.27,6450,0
EXTOY.US,D,20240823,000000,4.21,4.43,4.21,4.36,7651,0
EXTOY.US,D,20240826,000000,4.44,4.45,4.31,4.31,7810,0
EXTOY.US,D,20240827,000000,4.24,4.3205,4.24,4.3205,592,0
EXTOY.US,D,20240828,000000,4.28,4.33,4.28,4.3,6084,0
EXTOY.US,D,20240829,000000,4.23,4.34,4.23,4.24,6621,0
EXTOY.US,D,20240830,000000,4.2,4.31,4.2,4.31,2435,0
EXTOY.US,D,20240903,000000,4.21,4.3,4.17,4.26,17975,0
EXTOY.US,D,20240904,000000,4.26,4.33,4.26,4.29,8682,0
EXTOY.US,D,20240905,000000,4.24,4.3499,4.2,4.28,18145,0
EXTOY.US,D,20240906,000000,4.2,4.31,4.11,4.12,26327,0
EXTOY.US,D,20240909,000000,4.18,4.3,4.18,4.25,6829,0
EXTOY.US,D,20240910,000000,4.2,4.26,4.16,4.23,6265,0
EXTOY.US,D,20240911,000000,4.28,4.29,4.1691,4.29,5275,0
EXTOY.US,D,20240912,000000,4.18,4.31,4.18,4.19,10128,0
EXTOY.US,D,20240913,000000,4.2316,4.2316,4.16,4.19,10861,0
EXTOY.US,D,20240916,000000,4.18,4.2,4.09,4.2,15368,0
EXTOY.US,D,20240917,000000,4.1494,4.235,4.14,4.18,6420,0
EXTOY.US,D,20240918,000000,4.11,4.26,4.1,4.18,9640,0
EXTOY.US,D,20240919,000000,4.15,4.2499,4.1201,4.19,13188,0
EXTOY.US,D,20240920,000000,4.21,4.2678,4.1367,4.21,17350,0
EXTOY.US,D,20240923,000000,4.2,4.3493,4.1244,4.2,40369,0
EXTOY.US,D,20240924,000000,4.27,4.27,4.21,4.26,5434,0
EXTOY.US,D,20240925,000000,4.16,4.2,4.16,4.19,3793,0
EXTOY.US,D,20240926,000000,4.14,4.22,4.11,4.16,7430,0
EXTOY.US,D,20240927,000000,4.15,4.19,4.1346,4.1346,2372,0
EXTOY.US,D,20240930,000000,4.14,4.17,4.02,4.11,17504,0
EXTOY.US,D,20241001,000000,4.13,4.14,4.04,4.0516,13879,0
EXTOY.US,D,20241002,000000,4.05,4.15,4.05,4.1,11765,0
EXTOY.US,D,20241003,000000,4,4.06,4,4.06,816,0
EXTOY.US,D,20241004,000000,4.07,4.23,4.07,4.19,15722,0
EXTOY.US,D,20241007,000000,4.04,4.4,4.04,4.4,93635,0
EXTOY.US,D,20241008,000000,4.4,4.55,4.35,4.52,65673,0
EXTOY.US,D,20241009,000000,4.57,4.8,4.55,4.75,167570,0
EXTOY.US,D,20241010,000000,4.7,4.75,4.5301,4.73,31726,0
EXTOY.US,D,20241011,000000,4.65,4.65,4.09,4.5,78836,0
EXTOY.US,D,20241014,000000,4.57,4.57,4.415,4.51,17958,0
EXTOY.US,D,20241015,000000,4.41,4.45,4.32,4.4,33454,0
EXTOY.US,D,20241016,000000,4.3,4.42,4.285,4.295,80662,0
EXTOY.US,D,20241017,000000,4.49,4.49,4.29,4.34,7925,0
EXTOY.US,D,20241018,000000,4.44,4.4999,4.3,4.35,22160,0
EXTOY.US,D,20241021,000000,4.5679,4.5679,4.35,4.4,39242,0
EXTOY.US,D,20241022,000000,4.47,4.47,4.3669,4.3985,3381,0
EXTOY.US,D,20241023,000000,4.25,4.36,4.25,4.29,12896,0
EXTOY.US,D,20241024,000000,4.21,4.27,4.16,4.22,13048,0
EXTOY.US,D,20241025,000000,4.3,4.3,4.2,4.22,10488,0
EXTOY.US,D,20241028,000000,4.14,4.2597,4.14,4.23,2461,0
EXTOY.US,D,20241029,000000,4.3,4.3,4.13,4.26,34124,0
EXTOY.US,D,20241030,000000,4.35,4.35,4.1102,4.16,15152,0
EXTOY.US,D,20241031,000000,4.2821,4.2821,4.05,4.05,9044,0
EXTOY.US,D,20241101,000000,4,4.15,4,4.09,20181,0
EXTOY.US,D,20241104,000000,4.07,4.25,3.98,4.25,22701,0
EXTOY.US,D,20241105,000000,4.29,4.29,4.07,4.11,5320,0
EXTOY.US,D,20241106,000000,4.06,4.45,3.945,4.2,120500,0
EXTOY.US,D,20241107,000000,4.44,4.55,4.09,4.2,57947,0
EXTOY.US,D,20241108,000000,4.15,4.2,4.03,4.1,8760,0
EXTOY.US,D,20241111,000000,4.24,4.24,3.93,4.05,64859,0
EXTOY.US,D,20241112,000000,4.04,4.08,3.91,3.95,24680,0
EXTOY.US,D,20241113,000000,3.752,4.1,3.7501,3.99,81866,0
EXTOY.US,D,20241114,000000,3.97,4.02,3.71,3.93,93122,0
EXTOY.US,D,20241115,000000,3.912,3.97,3.82,3.9075,8296,0
EXTOY.US,D,20241118,000000,3.9,3.95,3.82,3.95,55669,0
EXTOY.US,D,20241119,000000,3.97,3.97,3.82,3.82,19481,0
EXTOY.US,D,20241120,000000,3.85,3.8501,3.75,3.78,18205,0
EXTOY.US,D,20241121,000000,3.84,3.84,3.8,3.8,13145,0
EXTOY.US,D,20241122,000000,3.88,3.98,3.75,3.82,100741,0
EXTOY.US,D,20241125,000000,3.84,3.85,3.78,3.78,20663,0
EXTOY.US,D,20241126,000000,3.83,3.8768,3.78,3.81,17273,0
EXTOY.US,D,20241127,000000,3.8,3.87,3.8,3.8,14901,0
EXTOY.US,D,20241129,000000,3.76,3.79,3.74,3.74,22367,0
EXTOY.US,D,20241202,000000,3.8093,3.93,3.77,3.81,59144,0
EXTOY.US,D,20241203,000000,3.81,3.8699,3.78,3.8468,95996,0
EXTOY.US,D,20241204,000000,3.9,3.92,3.8,3.83,14374,0
EXTOY.US,D,20241205,000000,3.83,3.895,3.77,3.79,38833,0
EXTOY.US,D,20241206,000000,3.8,3.94,3.8,3.82,15674,0
EXTOY.US,D,20241209,000000,3.89,4,3.89,3.93,21175,0
EXTOY.US,D,20241210,000000,3.94,3.94,3.8353,3.85,46021,0
EXTOY.US,D,20241211,000000,3.877,3.95,3.8452,3.87,27085,0
EXTOY.US,D,20241212,000000,3.88,4,3.81,3.89,36834,0
EXTOY.US,D,20241213,000000,3.89,4.0805,3.89,4.06,22966,0
EXTOY.US,D,20241216,000000,3.965,4,3.9,3.9,7818,0
EXTOY.US,D,20241217,000000,3.91,3.93,3.87,3.87,19306,0
EXTOY.US,D,20241218,000000,3.89,3.93,3.79,3.8,23873,0
EXTOY.US,D,20241219,000000,3.8727,3.89,3.73,3.79,37296,0
EXTOY.US,D,20241220,000000,3.712,3.85,3.67,3.85,62170,0
EXTOY.US,D,20241223,000000,3.8209,3.9,3.75,3.77,53925,0
EXTOY.US,D,20241224,000000,3.8,3.8,3.66,3.735,30011,0
EXTOY.US,D,20241226,000000,3.7,3.75,3.5637,3.69,54291,0
EXTOY.US,D,20241227,000000,3.64,3.65,3.565,3.57,70287,0
EXTOY.US,D,20241230,000000,3.54,3.54,3,3,302092,0
EXTOY.US,D,20241231,000000,3.15,3.75,3.15,3.4,266491,0
EXTOY.US,D,20250102,000000,3.53,3.65,3.4,3.63,99069,0
EXTOY.US,D,20250103,000000,3.6,3.63,3.5001,3.59,117009,0
EXTOY.US,D,20250106,000000,3.59,3.67,3.4893,3.52,46190,0
EXTOY.US,D,20250107,000000,3.59,3.66,3.51,3.63,182180,0
EXTOY.US,D,20250108,000000,3.52,3.67,3.52,3.61,138955,0
