<TICKER>,<PER>,<DATE>,<TIME>,<OPEN>,<HIGH>,<LOW>,<CLOSE>,<VOL>,<OPENINT>
FREY-WS.US,D,20210708,000000,1.9,2.0101,1.9,2.01,6861,0
FREY-WS.US,D,20210709,000000,2.02,2.0446,1.8,1.8699,73615,0
FREY-WS.US,D,20210712,000000,1.9,1.9,1.71,1.81,42798,0
FREY-WS.US,D,20210713,000000,1.75,2.1,1.75,2.05,54412,0
FREY-WS.US,D,20210714,000000,1.9,2.1,1.9,1.95,14451,0
FREY-WS.US,D,20210715,000000,2.01,2.01,1.82,1.85,13361,0
FREY-WS.US,D,20210716,000000,1.9,1.97,1.67,1.7299,101520,0
FREY-WS.US,D,20210719,000000,1.685,1.78,1.6,1.78,27488,0
FREY-WS.US,D,20210720,000000,1.74,1.9,1.65,1.79,41528,0
FREY-WS.US,D,20210721,000000,1.73,1.79,1.6599,1.7335,19929,0
FREY-WS.US,D,20210722,000000,1.71,1.79,1.7,1.79,7567,0
FREY-WS.US,D,20210723,000000,1.73,2.04,1.73,1.99,66358,0
FREY-WS.US,D,20210726,000000,1.89,2.04,1.88,2,37934,0
FREY-WS.US,D,20210727,000000,1.97,2.05,1.85,2,70967,0
FREY-WS.US,D,20210728,000000,1.88,1.95,1.77,1.89,20713,0
FREY-WS.US,D,20210729,000000,1.79,1.8101,1.7795,1.7992,56308,0
FREY-WS.US,D,20210730,000000,1.8101,1.875,1.76,1.84,16025,0
FREY-WS.US,D,20210802,000000,1.7701,1.99,1.7701,1.82,6245,0
FREY-WS.US,D,20210803,000000,1.86,1.8999,1.77,1.8698,16824,0
FREY-WS.US,D,20210804,000000,1.9899,2.14,1.9899,2.1,67988,0
FREY-WS.US,D,20210805,000000,2.3,2.35,2.1406,2.3,73274,0
FREY-WS.US,D,20210806,000000,2.3,2.5999,2.25,2.4103,41598,0
FREY-WS.US,D,20210809,000000,2.42,2.66,2.42,2.6,103604,0
FREY-WS.US,D,20210810,000000,2.7,2.99,2.7,2.95,211276,0
FREY-WS.US,D,20210811,000000,2.88,2.88,1.93,2.55,180944,0
FREY-WS.US,D,20210812,000000,2.6,2.6,2.26,2.4,78333,0
FREY-WS.US,D,20210813,000000,2.32,2.6,2.26,2.4,87633,0
FREY-WS.US,D,20210816,000000,2.28,2.52,2.03,2.1,55828,0
FREY-WS.US,D,20210817,000000,2.2601,2.3119,1.93,1.93,60058,0
FREY-WS.US,D,20210818,000000,2.23,2.23,1.95,2.015,27227,0
FREY-WS.US,D,20210819,000000,2.01,2.03,1.88,1.9182,16269,0
FREY-WS.US,D,20210820,000000,2.02,2.02,1.94,1.99,10959,0
FREY-WS.US,D,20210823,000000,2.1,2.2,2.1,2.14,14102,0
FREY-WS.US,D,20210824,000000,2.43,2.43,2.1505,2.245,22530,0
FREY-WS.US,D,20210825,000000,2.33,2.35,2.07,2.1806,20322,0
FREY-WS.US,D,20210826,000000,2.2,2.2,2.04,2.07,7650,0
FREY-WS.US,D,20210827,000000,2.125,2.2,2.1,2.12,10867,0
FREY-WS.US,D,20210830,000000,2.1817,2.1817,2.01,2.0901,9407,0
FREY-WS.US,D,20210831,000000,2.1,2.114,2.05,2.06,7710,0
FREY-WS.US,D,20210901,000000,2,2.1,1.96,2.06,71334,0
FREY-WS.US,D,20210902,000000,2.05,2.08,2.04,2.06,47050,0
FREY-WS.US,D,20210903,000000,2,2.122,1.995,2.02,12995,0
FREY-WS.US,D,20210907,000000,1.97,2.02,1.97,1.99,204710,0
FREY-WS.US,D,20210908,000000,1.99,2.01,1.99,2.0089,8007,0
FREY-WS.US,D,20210909,000000,1.99,2.215,1.99,2.17,17139,0
FREY-WS.US,D,20210910,000000,2.09,2.225,2.0208,2.21,10963,0
FREY-WS.US,D,20210913,000000,2.08,2.21,2,2.16,11374,0
FREY-WS.US,D,20210914,000000,2.09,2.15,2.01,2.13,26492,0
FREY-WS.US,D,20210915,000000,2.19,2.2,2.05,2.1002,17785,0
FREY-WS.US,D,20210916,000000,2.05,2.14,2.05,2.14,1517,0
FREY-WS.US,D,20210917,000000,2.09,2.3,2.09,2.25,34092,0
FREY-WS.US,D,20210920,000000,2.07,2.22,2.01,2.22,11588,0
FREY-WS.US,D,20210921,000000,2.21,2.27,2.18,2.26,48576,0
FREY-WS.US,D,20210922,000000,2.27,2.66,2.24,2.5601,135915,0
FREY-WS.US,D,20210923,000000,2.49,2.68,2.33,2.45,14301,0
FREY-WS.US,D,20210924,000000,2.37,2.5,2.37,2.45,11382,0
FREY-WS.US,D,20210927,000000,2.44,2.81,2.44,2.72,40163,0
FREY-WS.US,D,20210928,000000,2.65,2.75,2.55,2.75,28255,0
FREY-WS.US,D,20210929,000000,2.66,2.7902,2.66,2.7696,28700,0
FREY-WS.US,D,20210930,000000,2.82,2.97,2.7,2.96,34616,0
FREY-WS.US,D,20211001,000000,2.77,2.9001,2.77,2.89,70564,0
FREY-WS.US,D,20211004,000000,2.89,2.9,2.6,2.8,102466,0
FREY-WS.US,D,20211005,000000,2.6,2.8399,2.5998,2.8,26551,0
FREY-WS.US,D,20211006,000000,2.71,2.71,2.53,2.62,25184,0
FREY-WS.US,D,20211007,000000,2.72,2.75,2.64,2.65,47706,0
FREY-WS.US,D,20211008,000000,2.68,2.73,2.61,2.67,46932,0
FREY-WS.US,D,20211011,000000,2.8,2.8,2.55,2.61,34711,0
FREY-WS.US,D,20211012,000000,2.95,2.98,2.77,2.85,163223,0
FREY-WS.US,D,20211013,000000,2.85,2.95,2.7,2.95,91900,0
FREY-WS.US,D,20211014,000000,2.95,2.98,2.89,2.9101,7944,0
FREY-WS.US,D,20211015,000000,2.95,2.99,2.87,2.97,80499,0
FREY-WS.US,D,20211018,000000,2.97,2.98,2.84,2.89,96667,0
FREY-WS.US,D,20211019,000000,2.85,3,2.85,2.99,104875,0
FREY-WS.US,D,20211020,000000,3.04,3.04,2.78,2.83,102069,0
FREY-WS.US,D,20211021,000000,2.83,2.87,2.82,2.83,57580,0
FREY-WS.US,D,20211022,000000,2.9,2.9307,2.83,2.9,11452,0
FREY-WS.US,D,20211025,000000,3,3.05,2.8801,3,20449,0
FREY-WS.US,D,20211026,000000,3,3.24,3,3.09,125874,0
FREY-WS.US,D,20211027,000000,3,3.25,3,3.16,195300,0
FREY-WS.US,D,20211028,000000,3.16,3.37,3.16,3.16,30209,0
FREY-WS.US,D,20211029,000000,3.16,3.32,3,3.05,33106,0
FREY-WS.US,D,20211101,000000,2.81,3.27,2.81,3.09,63792,0
FREY-WS.US,D,20211102,000000,3.01,3.27,3.01,3.08,26356,0
FREY-WS.US,D,20211103,000000,3.15,3.55,3.15,3.55,165947,0
FREY-WS.US,D,20211104,000000,3.44,3.77,3.44,3.66,166770,0
FREY-WS.US,D,20211105,000000,3.75,3.78,3.6,3.66,98608,0
FREY-WS.US,D,20211108,000000,3.8,3.87,3.63,3.835,90943,0
FREY-WS.US,D,20211109,000000,3.78,3.7801,3.66,3.71,15131,0
FREY-WS.US,D,20211110,000000,3.5413,3.61,3.52,3.61,27360,0
FREY-WS.US,D,20211111,000000,3.55,3.86,3.38,3.8,48367,0
FREY-WS.US,D,20211112,000000,3.8,3.82,3.69,3.71,21039,0
FREY-WS.US,D,20211115,000000,3.8,4.15,3.58,4.12,661520,0
FREY-WS.US,D,20211116,000000,4.18,4.63,4.13,4.52,365253,0
FREY-WS.US,D,20211117,000000,4.6,4.92,4.35,4.4,554061,0
FREY-WS.US,D,20211118,000000,4.3,4.79,3.87,3.98,164720,0
FREY-WS.US,D,20211119,000000,4.39,4.46,3.98,4,111205,0
FREY-WS.US,D,20211122,000000,4,4.3,3.77,3.87,41681,0
FREY-WS.US,D,20211123,000000,3.82,3.91,3.55,3.7899,56516,0
FREY-WS.US,D,20211124,000000,3.67,3.79,3.65,3.7431,18146,0
FREY-WS.US,D,20211126,000000,3.89,3.89,3.63,3.69,4405,0
FREY-WS.US,D,20211129,000000,3.56,3.72,3.56,3.6801,7574,0
FREY-WS.US,D,20211130,000000,3.6,3.68,3.33,3.42,26674,0
FREY-WS.US,D,20211201,000000,3.7,3.7,2.77,2.79,144106,0
FREY-WS.US,D,20211202,000000,2.7,2.94,2.7,2.84,10114,0
FREY-WS.US,D,20211203,000000,2.76,2.76,2.58,2.7,18994,0
FREY-WS.US,D,20211206,000000,2.71,2.7401,2.65,2.65,2542,0
FREY-WS.US,D,20211207,000000,2.83,3.27,2.73,3.25,109821,0
FREY-WS.US,D,20211208,000000,3.33,3.6,3.18,3.51,203534,0
FREY-WS.US,D,20211209,000000,3.67,3.74,3.31,3.31,20849,0
FREY-WS.US,D,20211210,000000,3.57,3.75,3.44,3.58,116036,0
FREY-WS.US,D,20211213,000000,3.84,3.84,3.51,3.57,21708,0
FREY-WS.US,D,20211214,000000,3.595,3.595,3.31,3.4,17139,0
FREY-WS.US,D,20211215,000000,3.58,3.58,3.4008,3.53,9532,0
FREY-WS.US,D,20211216,000000,4.18,4.3,3.6,3.62,38371,0
FREY-WS.US,D,20211217,000000,3.46,3.94,3.345,3.81,50812,0
FREY-WS.US,D,20211220,000000,3.6,3.92,3.5,3.52,33083,0
FREY-WS.US,D,20211221,000000,3.79,3.8701,3.73,3.75,24076,0
FREY-WS.US,D,20211222,000000,3.81,3.85,3.8,3.8,3442,0
FREY-WS.US,D,20211223,000000,3.81,3.81,3.72,3.8,3045,0
FREY-WS.US,D,20211227,000000,3.68,3.8,3.68,3.7489,15589,0
FREY-WS.US,D,20211228,000000,3.91,3.91,3.65,3.65,14854,0
FREY-WS.US,D,20211229,000000,3.65,3.65,3.47,3.47,4634,0
FREY-WS.US,D,20211230,000000,3.47,3.64,3.47,3.64,6674,0
FREY-WS.US,D,20211231,000000,3.91,3.91,3.67,3.7,3469,0
FREY-WS.US,D,20220103,000000,3.9,3.98,3.78,3.91,26489,0
FREY-WS.US,D,20220104,000000,3.77,3.95,3.66,3.8,10585,0
FREY-WS.US,D,20220105,000000,3.8,3.8,3.53,3.53,18710,0
FREY-WS.US,D,20220106,000000,3.37,3.52,3.11,3.14,55815,0
FREY-WS.US,D,20220107,000000,3.24,3.25,2.96,3.06,20283,0
FREY-WS.US,D,20220110,000000,3.19,3.19,2.62,2.95,44017,0
FREY-WS.US,D,20220111,000000,3.11,3.12,2.94,3.08,47869,0
FREY-WS.US,D,20220112,000000,3.19,3.19,3.05,3.15,13839,0
FREY-WS.US,D,20220113,000000,3.33,3.33,2.82,2.87,21780,0
FREY-WS.US,D,20220114,000000,2.9073,2.9073,2.794,2.84,1976,0
FREY-WS.US,D,20220118,000000,2.76,2.8,2.6,2.65,32250,0
FREY-WS.US,D,20220119,000000,2.94,3.1,2.8,3.0573,43314,0
FREY-WS.US,D,20220120,000000,3.32,3.32,3.17,3.17,50794,0
FREY-WS.US,D,20220121,000000,3.2,3.2,2.73,2.84,45289,0
FREY-WS.US,D,20220124,000000,2.7,2.76,2.41,2.76,88389,0
FREY-WS.US,D,20220125,000000,2.76,3.02,2.6424,2.7145,11095,0
FREY-WS.US,D,20220126,000000,2.99,2.99,2.59,2.59,35139,0
FREY-WS.US,D,20220127,000000,2.58,2.6199,2.05,2.23,57275,0
FREY-WS.US,D,20220128,000000,2.21,2.25,2.1,2.13,11326,0
FREY-WS.US,D,20220131,000000,2.02,2.55,2.02,2.55,36904,0
FREY-WS.US,D,20220201,000000,2.84,2.84,2.45,2.72,78357,0
FREY-WS.US,D,20220202,000000,2.7,2.7,2.51,2.57,16008,0
FREY-WS.US,D,20220203,000000,2.55,2.56,2.49,2.51,10741,0
FREY-WS.US,D,20220204,000000,2.4,2.59,2.4,2.57,3002,0
FREY-WS.US,D,20220207,000000,2.59,2.59,2.5,2.52,2463,0
FREY-WS.US,D,20220208,000000,2.6,2.62,2.54,2.61,5163,0
FREY-WS.US,D,20220209,000000,2.54,2.96,2.54,2.95,54110,0
FREY-WS.US,D,20220210,000000,3,3.01,2.76,2.81,18949,0
FREY-WS.US,D,20220211,000000,3.08,3.08,2.64,2.64,6445,0
FREY-WS.US,D,20220214,000000,2.7,2.74,2.65,2.65,2171,0
FREY-WS.US,D,20220215,000000,2.73,2.89,2.7,2.89,3319,0
FREY-WS.US,D,20220216,000000,2.72,2.9,2.72,2.87,2580,0
FREY-WS.US,D,20220217,000000,2.86,2.86,2.71,2.71,1607,0
FREY-WS.US,D,20220218,000000,2.7099,2.7099,2.51,2.61,7010,0
FREY-WS.US,D,20220222,000000,2.51,2.58,2.37,2.37,83835,0
FREY-WS.US,D,20220223,000000,2.52,2.52,2.27,2.33,31464,0
FREY-WS.US,D,20220224,000000,2.17,2.44,2.1275,2.44,12304,0
FREY-WS.US,D,20220225,000000,2.44,2.48,2.31,2.48,12307,0
FREY-WS.US,D,20220228,000000,2.69,2.89,2.56,2.89,59655,0
FREY-WS.US,D,20220301,000000,2.99,2.99,2.56,2.72,23061,0
FREY-WS.US,D,20220302,000000,2.62,2.62,2.57,2.59,15792,0
FREY-WS.US,D,20220303,000000,2.5601,2.6097,2.56,2.56,3558,0
FREY-WS.US,D,20220304,000000,2.63,2.63,2.41,2.41,13406,0
FREY-WS.US,D,20220307,000000,2.56,2.56,2.49,2.51,4539,0
FREY-WS.US,D,20220308,000000,2.47,2.76,2.45,2.66,30627,0
FREY-WS.US,D,20220309,000000,2.66,2.79,2.66,2.7,17154,0
FREY-WS.US,D,20220310,000000,2.7,2.76,2.62,2.76,8833,0
FREY-WS.US,D,20220311,000000,2.86,2.86,2.55,2.59,12711,0
FREY-WS.US,D,20220314,000000,2.66,2.66,2.3,2.55,90130,0
FREY-WS.US,D,20220315,000000,2.54,2.6561,2.45,2.6,14842,0
FREY-WS.US,D,20220316,000000,2.56,2.8,2.56,2.7522,5111,0
FREY-WS.US,D,20220317,000000,2.7101,3,2.71,2.945,18276,0
FREY-WS.US,D,20220318,000000,2.94,3.1,2.91,3.06,9663,0
FREY-WS.US,D,20220321,000000,3.12,3.12,2.92,3,20135,0
FREY-WS.US,D,20220322,000000,3.17,3.49,3.14,3.3083,56438,0
FREY-WS.US,D,20220323,000000,3.61,3.66,3.37,3.56,80507,0
FREY-WS.US,D,20220324,000000,3.75,3.75,3.5101,3.53,18492,0
FREY-WS.US,D,20220325,000000,3.53,3.53,3.33,3.4,16439,0
FREY-WS.US,D,20220328,000000,3.38,3.565,3.38,3.41,8182,0
FREY-WS.US,D,20220329,000000,3.74,3.74,3.47,3.67,34353,0
FREY-WS.US,D,20220330,000000,3.74,4.06,3.74,3.91,72767,0
FREY-WS.US,D,20220331,000000,4,4.28,4,4.22,147655,0
FREY-WS.US,D,20220401,000000,4.53,4.53,4.17,4.41,119742,0
FREY-WS.US,D,20220404,000000,4.5,4.82,4.42,4.81,35475,0
FREY-WS.US,D,20220405,000000,4.92,5,4.36,4.37,25999,0
FREY-WS.US,D,20220406,000000,3.65,4.21,3.63,4.08,13484,0
FREY-WS.US,D,20220407,000000,4.08,4.3,3.92,4.19,27358,0
FREY-WS.US,D,20220408,000000,3.94,4,3.9,3.93,28979,0
FREY-WS.US,D,20220411,000000,3.8,3.95,3.55,3.94,21615,0
FREY-WS.US,D,20220412,000000,3.94,3.94,3.75,3.77,3126,0
FREY-WS.US,D,20220413,000000,3.6,3.88,3.6,3.88,5314,0
FREY-WS.US,D,20220414,000000,3.7764,3.7764,3.72,3.72,6640,0
FREY-WS.US,D,20220418,000000,3.78,3.78,3.55,3.55,72834,0
FREY-WS.US,D,20220419,000000,3.5,3.72,3.4,3.55,40269,0
FREY-WS.US,D,20220420,000000,3.46,3.51,3.26,3.33,24156,0
FREY-WS.US,D,20220421,000000,3.28,3.3702,3,3.01,8841,0
FREY-WS.US,D,20220422,000000,3.1,3.13,2.95,2.95,1377,0
FREY-WS.US,D,20220425,000000,3.01,3.18,2.88,2.94,7171,0
FREY-WS.US,D,20220426,000000,2.85,2.8504,2.7,2.7494,15310,0
FREY-WS.US,D,20220427,000000,2.7,2.7,2.22,2.5,67770,0
FREY-WS.US,D,20220428,000000,2.3,2.7,2.3,2.69,28999,0
FREY-WS.US,D,20220429,000000,2.62,2.83,2.56,2.66,11151,0
FREY-WS.US,D,20220502,000000,2.7,2.8229,2.52,2.8229,9183,0
FREY-WS.US,D,20220503,000000,2.8999,2.9,2.83,2.89,5576,0
FREY-WS.US,D,20220504,000000,2.82,3.07,2.82,3.04,7944,0
FREY-WS.US,D,20220505,000000,3,3,2.58,2.6181,8618,0
FREY-WS.US,D,20220506,000000,2.54,2.59,2.52,2.57,10470,0
FREY-WS.US,D,20220509,000000,2.43,2.43,1.79,1.907,85055,0
FREY-WS.US,D,20220510,000000,1.93,1.93,1.79,1.84,17629,0
FREY-WS.US,D,20220511,000000,1.88,2.26,1.88,1.94,23751,0
FREY-WS.US,D,20220512,000000,1.98,2.12,1.82,2.09,159062,0
FREY-WS.US,D,20220513,000000,2.13,2.38,2.13,2.38,21793,0
FREY-WS.US,D,20220516,000000,2.48,2.48,2.25,2.34,9263,0
FREY-WS.US,D,20220517,000000,2.36,2.45,2.29,2.44,3972,0
FREY-WS.US,D,20220518,000000,2.4,2.4784,2.4,2.4,2149,0
FREY-WS.US,D,20220519,000000,2.35,2.51,2.35,2.5,3435,0
FREY-WS.US,D,20220520,000000,2.45,2.49,2.3,2.49,2535,0
FREY-WS.US,D,20220523,000000,2.45,2.45,2.34,2.4301,2130,0
FREY-WS.US,D,20220524,000000,2.37,2.48,2.37,2.4598,5400,0
FREY-WS.US,D,20220525,000000,2.56,2.56,2.38,2.49,3291,0
FREY-WS.US,D,20220526,000000,2.56,2.56,2.52,2.53,7885,0
FREY-WS.US,D,20220527,000000,2.62,2.65,2.6118,2.64,4965,0
FREY-WS.US,D,20220531,000000,2.64,2.68,2.64,2.64,8700,0
FREY-WS.US,D,20220601,000000,2.68,2.68,2.51,2.51,468,0
FREY-WS.US,D,20220602,000000,2.57,2.67,2.4501,2.65,3479,0
FREY-WS.US,D,20220603,000000,2.5101,2.5101,2.5101,2.5101,1123,0
FREY-WS.US,D,20220606,000000,2.53,2.5614,2.51,2.51,3737,0
FREY-WS.US,D,20220607,000000,2.5,2.5,2.5,2.5,1174,0
FREY-WS.US,D,20220608,000000,2.47,2.5,2.45,2.45,3275,0
FREY-WS.US,D,20220609,000000,2.39,2.4,2.325,2.34,15343,0
FREY-WS.US,D,20220610,000000,2.2,2.38,2.14,2.23,11199,0
FREY-WS.US,D,20220613,000000,2.14,2.14,1.94,2,41001,0
FREY-WS.US,D,20220614,000000,2.04,2.04,1.86,2.02,7075,0
FREY-WS.US,D,20220615,000000,2.0299,2.3,1.916,2.26,6190,0
FREY-WS.US,D,20220616,000000,1.87,2.15,1.87,2.04,5490,0
FREY-WS.US,D,20220617,000000,1.9,2.28,1.9,2.21,9622,0
FREY-WS.US,D,20220621,000000,2.22,2.47,2.13,2.195,16247,0
FREY-WS.US,D,20220622,000000,2.07,2.14,2.07,2.1399,821,0
FREY-WS.US,D,20220623,000000,2.07,2.24,2,2.16,5587,0
FREY-WS.US,D,20220624,000000,2.1,2.27,2.1,2.17,52950,0
FREY-WS.US,D,20220627,000000,2.11,2.5,2.045,2.045,5802,0
FREY-WS.US,D,20220628,000000,2.02,2.1,2,2.03,8030,0
FREY-WS.US,D,20220629,000000,2.2,2.21,1.99,2.06,49636,0
FREY-WS.US,D,20220630,000000,2.25,2.25,1.96,2.08,16383,0
FREY-WS.US,D,20220701,000000,2.17,2.23,2.17,2.23,17490,0
FREY-WS.US,D,20220705,000000,2.04,2.19,2.04,2.19,2365,0
FREY-WS.US,D,20220706,000000,2.26,2.2999,2.15,2.23,1666,0
FREY-WS.US,D,20220707,000000,2.19,2.34,2.19,2.28,11584,0
FREY-WS.US,D,20220708,000000,2.3,2.3,2.2653,2.2653,2244,0
FREY-WS.US,D,20220711,000000,2.19,2.24,2.19,2.24,384,0
FREY-WS.US,D,20220712,000000,2.16,2.31,2.16,2.19,3196,0
FREY-WS.US,D,20220713,000000,2.33,2.33,2.27,2.29,1760,0
FREY-WS.US,D,20220714,000000,2.15,2.29,2.1,2.29,10277,0
FREY-WS.US,D,20220715,000000,2.25,2.3201,2.25,2.3,13305,0
FREY-WS.US,D,20220718,000000,2.25,2.48,2.25,2.4,29224,0
FREY-WS.US,D,20220719,000000,2.48,2.54,2.47,2.52,14187,0
FREY-WS.US,D,20220720,000000,2.59,2.59,2.5543,2.5543,4077,0
FREY-WS.US,D,20220721,000000,2.6,2.72,2.6,2.72,12182,0
FREY-WS.US,D,20220722,000000,2.72,2.75,2.66,2.7,4094,0
FREY-WS.US,D,20220725,000000,2.77,2.77,2.5401,2.622,4938,0
FREY-WS.US,D,20220726,000000,2.53,2.65,2.53,2.6282,977,0
FREY-WS.US,D,20220727,000000,2.69,2.8,2.69,2.79,16635,0
FREY-WS.US,D,20220728,000000,2.71,3.21,2.71,3.11,68189,0
FREY-WS.US,D,20220729,000000,3.19,3.3,3.175,3.27,29645,0
FREY-WS.US,D,20220801,000000,3.36,3.36,3.07,3.36,13994,0
FREY-WS.US,D,20220802,000000,3.51,3.72,3.51,3.69,44425,0
FREY-WS.US,D,20220803,000000,3.75,3.75,3.59,3.7,16470,0
FREY-WS.US,D,20220804,000000,3.59,3.71,3.59,3.7,26342,0
FREY-WS.US,D,20220805,000000,3.75,3.87,3.75,3.87,23927,0
FREY-WS.US,D,20220808,000000,3.87,3.9,3.7,3.8,12348,0
FREY-WS.US,D,20220809,000000,3.8284,3.85,3.695,3.85,58859,0
FREY-WS.US,D,20220810,000000,3.95,3.95,3.81,3.92,41576,0
FREY-WS.US,D,20220811,000000,3.81,4.22,3.81,4.1,107732,0
FREY-WS.US,D,20220812,000000,4.5,4.5,4.11,4.24,29781,0
FREY-WS.US,D,20220815,000000,4.37,4.37,4.1,4.1997,40411,0
FREY-WS.US,D,20220816,000000,4.25,4.25,3.58,3.8,82915,0
FREY-WS.US,D,20220817,000000,3.27,3.72,3.27,3.54,25579,0
FREY-WS.US,D,20220818,000000,3.54,3.75,3.315,3.41,30433,0
FREY-WS.US,D,20220819,000000,3.32,3.32,3.16,3.2,9147,0
FREY-WS.US,D,20220822,000000,3.4,3.4,3.12,3.12,20138,0
FREY-WS.US,D,20220823,000000,3.3,3.3,3,3.05,64754,0
FREY-WS.US,D,20220824,000000,3.24,3.24,2.99,3.05,198195,0
FREY-WS.US,D,20220825,000000,4.01,4.39,3.8,4.01,294153,0
FREY-WS.US,D,20220826,000000,4.32,4.46,3.95,4.01,38365,0
FREY-WS.US,D,20220829,000000,4,4.48,4,4.17,94716,0
FREY-WS.US,D,20220830,000000,4.75,5.24,4.43,4.95,124986,0
FREY-WS.US,D,20220831,000000,5.45,5.45,4.92,5.0501,45564,0
FREY-WS.US,D,20220901,000000,4.92,4.9499,3.85,4.01,33585,0
FREY-WS.US,D,20220902,000000,4.23,4.28,3.715,3.9,11947,0
FREY-WS.US,D,20220906,000000,4.1,4.49,3.92,4.2001,24335,0
FREY-WS.US,D,20220907,000000,4.2,4.7299,4.2,4.72,11241,0
FREY-WS.US,D,20220908,000000,4.85,4.85,4.22,4.39,6912,0
FREY-WS.US,D,20220909,000000,4.47,4.5503,4.4,4.55,9230,0
FREY-WS.US,D,20220912,000000,4.55,4.93,4.53,4.8899,9837,0
FREY-WS.US,D,20220913,000000,4.77,4.78,4.53,4.69,14722,0
FREY-WS.US,D,20220914,000000,4.61,4.91,4.51,4.82,49284,0
FREY-WS.US,D,20220915,000000,4.99,5.43,4.99,5.33,61764,0
FREY-WS.US,D,20220916,000000,5.16,5.16,4.888,4.9402,23080,0
FREY-WS.US,D,20220919,000000,4.95,4.95,4.89,4.89,3552,0
FREY-WS.US,D,20220920,000000,5.2,5.2,4.67,4.787,39634,0
FREY-WS.US,D,20220921,000000,5.08,6.43,5.08,6.2999,138562,0
FREY-WS.US,D,20220922,000000,6.85,6.85,5.9722,6.04,67390,0
FREY-WS.US,D,20220923,000000,5.9,5.9,4.96,5.22,39820,0
FREY-WS.US,D,20220926,000000,5.13,5.91,5.13,5.705,25102,0
FREY-WS.US,D,20220927,000000,6.2,6.2,5.11,5.206,14270,0
FREY-WS.US,D,20220928,000000,5.15,5.7,5.15,5.68,5189,0
FREY-WS.US,D,20220929,000000,5.9999,6,5.06,5.34,20888,0
FREY-WS.US,D,20220930,000000,5.7,5.805,5.4301,5.59,15359,0
FREY-WS.US,D,20221003,000000,5.61,5.9,5.53,5.9,7301,0
FREY-WS.US,D,20221004,000000,5.92,6.8,5.92,6.4,42962,0
FREY-WS.US,D,20221005,000000,6.28,6.7,6.2,6.4,30768,0
FREY-WS.US,D,20221006,000000,6.8,7.1,6.135,6.135,20209,0
FREY-WS.US,D,20221007,000000,5.96,5.97,5.78,5.87,9543,0
FREY-WS.US,D,20221010,000000,5.75,5.75,5.39,5.5347,10028,0
FREY-WS.US,D,20221011,000000,5.6,5.91,5.6,5.72,2151,0
FREY-WS.US,D,20221012,000000,5.515,5.515,5.095,5.36,13591,0
FREY-WS.US,D,20221013,000000,5.01,5.55,4.99,5.45,7241,0
FREY-WS.US,D,20221014,000000,5.42,5.505,4.9,4.9,12291,0
FREY-WS.US,D,20221017,000000,4.89,5.35,4.89,5.07,25731,0
FREY-WS.US,D,20221018,000000,5.08,5.08,4.36,4.5,36363,0
FREY-WS.US,D,20221019,000000,4.58,4.6,4.01,4.6,17355,0
FREY-WS.US,D,20221020,000000,4.4,4.6,4.4,4.6,7650,0
FREY-WS.US,D,20221021,000000,4.3,5.04,4.3,5.04,28677,0
FREY-WS.US,D,20221024,000000,4.86,4.86,4.3,4.61,24172,0
FREY-WS.US,D,20221025,000000,4.84,4.98,4.6099,4.98,21213,0
FREY-WS.US,D,20221026,000000,5.14,5.2,4.81,4.82,10215,0
FREY-WS.US,D,20221027,000000,4.9,5.2,4.9,5.2,17840,0
FREY-WS.US,D,20221028,000000,5.0728,5.33,4.95,5.33,20620,0
FREY-WS.US,D,20221031,000000,5.12,5.8,5.12,5.26,36559,0
FREY-WS.US,D,20221101,000000,5.26,5.35,5.14,5.14,13453,0
FREY-WS.US,D,20221102,000000,5.18,5.18,5.15,5.15,1951,0
FREY-WS.US,D,20221103,000000,4.68,5.26,4.68,5.1701,16457,0
FREY-WS.US,D,20221104,000000,5.26,5.32,4.96,5,31424,0
FREY-WS.US,D,20221107,000000,4.92,5.09,4.87,4.93,33543,0
FREY-WS.US,D,20221108,000000,5.05,5.27,5.02,5.05,17223,0
FREY-WS.US,D,20221109,000000,5.12,5.42,4.9,4.9,14235,0
FREY-WS.US,D,20221110,000000,5.16,5.36,5.09,5.25,139286,0
FREY-WS.US,D,20221111,000000,5.79,6.08,5.38,5.58,175431,0
FREY-WS.US,D,20221114,000000,5.8,6.49,5.43,6.3,146966,0
FREY-WS.US,D,20221115,000000,6.3,6.55,6.15,6.41,84102,0
FREY-WS.US,D,20221116,000000,6.45,6.45,6.0999,6.32,36154,0
FREY-WS.US,D,20221117,000000,6.15,6.34,6.05,6.05,59360,0
FREY-WS.US,D,20221118,000000,6.06,6.06,5.41,5.55,62878,0
FREY-WS.US,D,20221121,000000,5.27,5.6,5.21,5.46,33996,0
FREY-WS.US,D,20221122,000000,5.6,5.88,5.6,5.87,50874,0
FREY-WS.US,D,20221123,000000,5.83,6.13,5.82,5.9383,9746,0
FREY-WS.US,D,20221125,000000,6.16,6.39,6.03,6.03,54550,0
FREY-WS.US,D,20221128,000000,6.5,6.5,5.53,5.57,28438,0
FREY-WS.US,D,20221129,000000,6.07,6.07,5.28,5.4,25309,0
FREY-WS.US,D,20221130,000000,5.9,5.9,5.3706,5.585,9929,0
FREY-WS.US,D,20221201,000000,5.48,5.48,4.45,4.69,38041,0
FREY-WS.US,D,20221202,000000,5.16,5.16,4.7,4.85,14295,0
FREY-WS.US,D,20221205,000000,5.01,5.1,4.55,4.59,21938,0
FREY-WS.US,D,20221206,000000,4.5,4.5,4.1,4.25,28238,0
FREY-WS.US,D,20221207,000000,4.09,4.25,3.99,4.2,12419,0
FREY-WS.US,D,20221208,000000,4.09,4.2,3.95,4,15917,0
FREY-WS.US,D,20221209,000000,3.83,3.97,3.75,3.97,16720,0
FREY-WS.US,D,20221212,000000,3.85,4.22,3.85,4.18,5721,0
FREY-WS.US,D,20221213,000000,4.27,4.28,3.93,4.06,32033,0
FREY-WS.US,D,20221214,000000,4.17,4.18,3.89,4.14,25875,0
FREY-WS.US,D,20221215,000000,4.07,4.07,3.92,4,4307,0
FREY-WS.US,D,20221216,000000,3.7106,3.7106,3.6,3.68,25595,0
FREY-WS.US,D,20221219,000000,3.52,3.52,3.27,3.33,13744,0
FREY-WS.US,D,20221220,000000,3.25,3.34,3.07,3.17,20941,0
FREY-WS.US,D,20221221,000000,3.13,3.23,3.13,3.2,15037,0
FREY-WS.US,D,20221222,000000,3.08,3.08,2.92,3.01,15382,0
FREY-WS.US,D,20221223,000000,2.9,2.94,2.9,2.94,2233,0
FREY-WS.US,D,20221227,000000,2.9,2.9,2.6,2.65,10234,0
FREY-WS.US,D,20221228,000000,2.65,2.72,2.52,2.57,33267,0
FREY-WS.US,D,20221229,000000,2.72,2.82,2.7,2.81,9680,0
FREY-WS.US,D,20221230,000000,2.775,2.83,2.74,2.83,6322,0
FREY-WS.US,D,20230103,000000,2.78,2.96,2.7,2.725,8211,0
FREY-WS.US,D,20230104,000000,2.85,3.12,2.85,3.09,21470,0
FREY-WS.US,D,20230105,000000,3.1,3.1,2.86,3,14587,0
FREY-WS.US,D,20230106,000000,3,3.07,2.976,3.07,15199,0
FREY-WS.US,D,20230109,000000,3.25,3.31,3.15,3.2,12957,0
FREY-WS.US,D,20230110,000000,3.3,3.35,3.16,3.25,120012,0
FREY-WS.US,D,20230111,000000,3.4,3.45,3.3,3.3799,8223,0
FREY-WS.US,D,20230112,000000,3.4999,3.72,3.38,3.72,36943,0
FREY-WS.US,D,20230113,000000,3.72,3.74,3.58,3.73,43310,0
FREY-WS.US,D,20230117,000000,3.83,3.87,3.76,3.78,37345,0
FREY-WS.US,D,20230118,000000,3.86,4.03,3.8,3.85,7464,0
FREY-WS.US,D,20230119,000000,3.6,3.6,3.28,3.43,13327,0
FREY-WS.US,D,20230120,000000,3.485,3.53,3.41,3.53,10313,0
FREY-WS.US,D,20230123,000000,3.58,3.7,3.58,3.67,4691,0
FREY-WS.US,D,20230124,000000,3.52,3.52,3.44,3.45,13340,0
FREY-WS.US,D,20230125,000000,3.27,3.27,2.7,2.9,214960,0
FREY-WS.US,D,20230126,000000,3,3.07,2.845,2.9208,33944,0
FREY-WS.US,D,20230127,000000,2.92,3.115,2.8499,3.11,41864,0
FREY-WS.US,D,20230130,000000,2.89,2.9,2.7,2.9,132784,0
FREY-WS.US,D,20230210,000000,2.88,2.8899,2.8,2.8,10198,0
FREY-WS.US,D,20230213,000000,2.83,2.87,2.79,2.8,43392,0
FREY-WS.US,D,20230214,000000,2.8,2.82,2.75,2.8001,13450,0
FREY-WS.US,D,20230215,000000,2.8,3.13,2.755,3.13,95093,0
FREY-WS.US,D,20230216,000000,2.86,2.9892,2.86,2.88,3194,0
FREY-WS.US,D,20230217,000000,2.76,2.86,2.725,2.84,2750,0
FREY-WS.US,D,20230221,000000,2.9,2.9,2.61,2.61,5195,0
FREY-WS.US,D,20230222,000000,2.6,2.6899,2.6,2.6699,6850,0
FREY-WS.US,D,20230223,000000,2.68,2.78,2.64,2.71,26674,0
FREY-WS.US,D,20230224,000000,2.7,2.7,2.5,2.63,14867,0
FREY-WS.US,D,20230227,000000,2.61,3.16,2.61,3.1194,105421,0
FREY-WS.US,D,20230228,000000,3.04,3.31,3.04,3.04,51556,0
FREY-WS.US,D,20230301,000000,3.15,3.16,3,3.0001,36017,0
FREY-WS.US,D,20230302,000000,3,3.0002,2.8931,2.9986,25315,0
FREY-WS.US,D,20230303,000000,3.3,3.3,3.11,3.13,12350,0
FREY-WS.US,D,20230306,000000,3.135,3.29,3.0001,3.13,5371,0
FREY-WS.US,D,20230307,000000,3.08,3.24,2.9,3.1,101444,0
FREY-WS.US,D,20230308,000000,3.15,3.15,2.88,2.95,7109,0
FREY-WS.US,D,20230309,000000,2.9,2.9,2.6,2.6,8873,0
FREY-WS.US,D,20230310,000000,2.7,2.7,2.4,2.53,32451,0
FREY-WS.US,D,20230313,000000,2.4,2.62,2.3405,2.53,10349,0
FREY-WS.US,D,20230314,000000,2.61,2.61,2.32,2.5,10244,0
FREY-WS.US,D,20230315,000000,2.35,2.4,2.23,2.36,58208,0
FREY-WS.US,D,20230316,000000,2.23,2.42,2.23,2.42,5830,0
FREY-WS.US,D,20230317,000000,2.37,2.42,2.3,2.42,44320,0
FREY-WS.US,D,20230320,000000,2.3,2.305,2.23,2.25,84248,0
FREY-WS.US,D,20230321,000000,2.3399,2.34,2.1999,2.33,53173,0
FREY-WS.US,D,20230322,000000,2.25,2.3088,2.25,2.28,12300,0
FREY-WS.US,D,20230323,000000,2.23,2.33,2.2,2.2,58998,0
FREY-WS.US,D,20230324,000000,2.15,2.18,2.03,2.15,373186,0
FREY-WS.US,D,20230327,000000,2.07,2.16,2.07,2.1,24560,0
FREY-WS.US,D,20230328,000000,2.25,2.29,2.15,2.2,126627,0
FREY-WS.US,D,20230329,000000,2.5,2.625,2.24,2.56,16970,0
FREY-WS.US,D,20230330,000000,2.6,2.9197,2.6,2.9,14237,0
FREY-WS.US,D,20230331,000000,2.96,3,2.86,2.86,13850,0
FREY-WS.US,D,20230403,000000,2.76,2.89,2.7499,2.76,2339,0
FREY-WS.US,D,20230404,000000,3,3,2.49,2.53,5716,0
FREY-WS.US,D,20230405,000000,2.53,2.53,2.33,2.46,8075,0
FREY-WS.US,D,20230410,000000,2.33,2.4,2.28,2.37,5024,0
FREY-WS.US,D,20230411,000000,2.62,2.65,2.62,2.63,4111,0
FREY-WS.US,D,20230412,000000,2.82,2.82,2.7,2.76,7775,0
FREY-WS.US,D,20230413,000000,2.72,2.75,2.67,2.67,1937,0
FREY-WS.US,D,20230414,000000,2.66,2.67,2.66,2.67,1117,0
FREY-WS.US,D,20230417,000000,2.48,2.5621,2.47,2.5621,1792,0
FREY-WS.US,D,20230418,000000,2.45,2.45,2.27,2.42,156696,0
FREY-WS.US,D,20230419,000000,2.26,2.46,2.26,2.44,146200,0
FREY-WS.US,D,20230420,000000,2.3,2.35,2.1209,2.34,85572,0
FREY-WS.US,D,20230421,000000,2.25,2.25,2.175,2.25,52674,0
FREY-WS.US,D,20230424,000000,2.25,2.25,2.18,2.25,2732,0
FREY-WS.US,D,20230425,000000,2.165,2.21,2,2.21,56987,0
FREY-WS.US,D,20230426,000000,2.22,2.22,2.02,2.08,4201,0
FREY-WS.US,D,20230427,000000,2.15,2.15,2.04,2.13,740,0
FREY-WS.US,D,20230428,000000,2,2.15,2,2.15,1285,0
FREY-WS.US,D,20230501,000000,2.02,2.02,1.95,2.02,25883,0
FREY-WS.US,D,20230502,000000,1.87,2.04,1.73,2.04,165285,0
FREY-WS.US,D,20230503,000000,2.24,2.24,1.82,1.93,58130,0
FREY-WS.US,D,20230505,000000,1.9,2.0999,1.9,2.0999,1511,0
FREY-WS.US,D,20230508,000000,1.99,2.185,1.99,2.185,1530,0
FREY-WS.US,D,20230509,000000,2.2,2.35,2.2,2.3,3910,0
FREY-WS.US,D,20230510,000000,2.3,2.3,2.25,2.25,8437,0
FREY-WS.US,D,20230511,000000,2.26,2.26,2.2297,2.2298,3831,0
FREY-WS.US,D,20230512,000000,2.2,2.2,2.19,2.2,1592,0
FREY-WS.US,D,20230515,000000,2.32,2.32,2.15,2.15,9051,0
FREY-WS.US,D,20230516,000000,2.15,2.15,2.07,2.1,1834,0
FREY-WS.US,D,20230517,000000,2.07,2.2792,2.07,2.185,30499,0
FREY-WS.US,D,20230518,000000,2.31,2.31,2.0599,2.11,23414,0
FREY-WS.US,D,20230519,000000,2.1301,2.1461,2.09,2.1461,10393,0
FREY-WS.US,D,20230522,000000,2.08,2.3,2.08,2.29,7275,0
FREY-WS.US,D,20230524,000000,2.0977,2.1,2.08,2.09,24763,0
FREY-WS.US,D,20230525,000000,2.07,2.07,1.96,2,24923,0
FREY-WS.US,D,20230526,000000,2.2,2.2,2.05,2.1,3645,0
FREY-WS.US,D,20230530,000000,2.05,2.05,2.05,2.05,1535,0
FREY-WS.US,D,20230531,000000,2.05,2.05,2.05,2.05,162,0
FREY-WS.US,D,20230601,000000,2.1299,2.19,2.1299,2.19,6470,0
FREY-WS.US,D,20230602,000000,2.19,2.19,2.1,2.12,1174,0
FREY-WS.US,D,20230606,000000,2.13,2.23,2.13,2.23,3689,0
FREY-WS.US,D,20230607,000000,2.26,2.33,2.18,2.25,9718,0
FREY-WS.US,D,20230608,000000,2.23,2.27,2.21,2.27,5221,0
FREY-WS.US,D,20230609,000000,2.37,2.45,2.2097,2.3,6927,0
FREY-WS.US,D,20230612,000000,2.1,2.25,2.1,2.2309,12951,0
FREY-WS.US,D,20230613,000000,2.41,2.53,2.33,2.33,5220,0
FREY-WS.US,D,20230614,000000,2.35,2.35,2.34,2.34,548,0
FREY-WS.US,D,20230615,000000,2.5,2.5,2.37,2.3799,1205,0
FREY-WS.US,D,20230616,000000,2.18,2.37,2.18,2.37,11554,0
FREY-WS.US,D,20230620,000000,2.23,2.35,2.23,2.3438,4331,0
FREY-WS.US,D,20230621,000000,2.23,2.33,2.19,2.19,818,0
FREY-WS.US,D,20230622,000000,2.15,2.16,2.04,2.05,59931,0
FREY-WS.US,D,20230623,000000,2.04,2.04,2,2.01,12595,0
FREY-WS.US,D,20230626,000000,2.08,2.08,2.08,2.08,756,0
FREY-WS.US,D,20230627,000000,2.1,2.25,2.1,2.2499,8036,0
FREY-WS.US,D,20230628,000000,1.97,2.33,1.97,2.26,4051,0
FREY-WS.US,D,20230629,000000,2.78,3.0001,2.71,2.85,27294,0
FREY-WS.US,D,20230630,000000,2.86,3.1097,2.82,2.96,4106,0
FREY-WS.US,D,20230703,000000,3,3.0637,2.99,3.0499,25956,0
FREY-WS.US,D,20230706,000000,3.19,3.19,2.64,2.65,5079,0
FREY-WS.US,D,20230707,000000,2.73,3,2.73,2.87,13782,0
FREY-WS.US,D,20230710,000000,3,3.16,2.87,3.1,10806,0
FREY-WS.US,D,20230711,000000,3.03,3.19,3,3.07,45201,0
FREY-WS.US,D,20230712,000000,3.11,3.11,3.025,3.025,2703,0
FREY-WS.US,D,20230713,000000,3.1,3.4,2.995,3.25,30156,0
FREY-WS.US,D,20230714,000000,3.5,3.61,2.72,3.2,41286,0
FREY-WS.US,D,20230717,000000,3.13,3.33,3.0301,3.2,14384,0
FREY-WS.US,D,20230718,000000,2.86,3,2.8,3,11728,0
FREY-WS.US,D,20230719,000000,3.3,3.3,2.67,2.8,67721,0
FREY-WS.US,D,20230720,000000,2.55,2.62,2.42,2.55,6181,0
FREY-WS.US,D,20230724,000000,2.61,2.61,2.42,2.42,4212,0
FREY-WS.US,D,20230725,000000,2.38,2.38,2.3,2.3,20528,0
FREY-WS.US,D,20230726,000000,2.42,2.42,2.3,2.3,1017,0
FREY-WS.US,D,20230727,000000,2.4,2.4101,2.4,2.4101,3028,0
FREY-WS.US,D,20230728,000000,2.4462,2.58,2.4,2.58,904,0
FREY-WS.US,D,20230731,000000,2.73,2.73,2.5695,2.5695,1656,0
FREY-WS.US,D,20230801,000000,2.65,2.65,2.5532,2.5532,2202198,0
FREY-WS.US,D,20230802,000000,2.43,2.43,2.43,2.43,544,0
FREY-WS.US,D,20230803,000000,2.4,2.4001,2.31,2.32,26584,0
FREY-WS.US,D,20230804,000000,2.33,2.51,2.28,2.28,4258,0
FREY-WS.US,D,20230807,000000,2.275,2.43,1.99,2.1,30845,0
FREY-WS.US,D,20230808,000000,2.1,2.2003,2.1,2.15,10399,0
FREY-WS.US,D,20230809,000000,2.18,2.18,2.1,2.175,1631,0
FREY-WS.US,D,20230810,000000,2.14,2.14,1.96,2.02,4338,0
FREY-WS.US,D,20230811,000000,2.16,2.16,1.9,2.14,11082,0
FREY-WS.US,D,20230814,000000,2.45,2.45,2.1236,2.19,2328,0
FREY-WS.US,D,20230815,000000,2.18,2.18,1.84,2.11,11977,0
FREY-WS.US,D,20230817,000000,1.94,1.94,1.62,1.8,46892,0
FREY-WS.US,D,20230818,000000,1.79,1.97,1.79,1.91,507282,0
FREY-WS.US,D,20230821,000000,2.17,2.17,1.8,1.95,16940,0
FREY-WS.US,D,20230822,000000,1.81,1.93,1.75,1.8,24434,0
FREY-WS.US,D,20230823,000000,1.75,1.75,1.7,1.7217,3087,0
FREY-WS.US,D,20230824,000000,1.63,1.63,1.53,1.57,9332,0
FREY-WS.US,D,20230825,000000,1.6579,1.73,1.4501,1.73,5269,0
FREY-WS.US,D,20230828,000000,1.68,1.68,1.68,1.68,744,0
FREY-WS.US,D,20230829,000000,1.68,1.6801,1.625,1.625,10073,0
FREY-WS.US,D,20230830,000000,1.6,1.6,1.48,1.54,11284,0
FREY-WS.US,D,20230831,000000,1.5,1.5,1.48,1.48,8510,0
FREY-WS.US,D,20230901,000000,1.49,1.51,1.47,1.48,11741,0
FREY-WS.US,D,20230905,000000,1.58,1.58,1.45,1.45,2987,0
FREY-WS.US,D,20230906,000000,1.47,1.57,1.47,1.5101,2761,0
FREY-WS.US,D,20230907,000000,1.51,1.51,1.42,1.48,3054,0
FREY-WS.US,D,20230908,000000,1.411,1.411,1.3715,1.375,10336,0
FREY-WS.US,D,20230911,000000,1.45,1.45,1.31,1.31,10410,0
FREY-WS.US,D,20230912,000000,1.32,1.36,1.2201,1.36,26082,0
FREY-WS.US,D,20230913,000000,1.34,1.34,1.1699,1.26,1035676,0
FREY-WS.US,D,20230914,000000,1.22,1.3,1.22,1.28,36706,0
FREY-WS.US,D,20230915,000000,1.22,1.24,1.1599,1.22,32739,0
FREY-WS.US,D,20230918,000000,1.11,1.21,1.1,1.17,31368,0
FREY-WS.US,D,20230919,000000,1.05,1.13,1,1.11,24510,0
FREY-WS.US,D,20230920,000000,1.27,1.27,1.08,1.1183,18893,0
FREY-WS.US,D,20230921,000000,1,1.025,0.9601,0.99,11050,0
FREY-WS.US,D,20230922,000000,1.01,1.095,0.9768,1.08,21334,0
FREY-WS.US,D,20230925,000000,1.08,1.2,1.08,1.19,15807,0
FREY-WS.US,D,20230926,000000,1.3,1.3,0.93,1.02,26198,0
FREY-WS.US,D,20230927,000000,1.04,1.05,0.96,1,33921,0
FREY-WS.US,D,20230928,000000,0.95,1,0.9385,1,15039,0
FREY-WS.US,D,20230929,000000,1.01,1.04,0.97,1,15029,0
FREY-WS.US,D,20231002,000000,0.9,0.9003,0.891,0.9,8821,0
FREY-WS.US,D,20231003,000000,0.89,0.89,0.8674,0.8674,1947,0
FREY-WS.US,D,20231004,000000,0.99,1.0265,0.9322,0.9598,8382,0
FREY-WS.US,D,20231005,000000,0.9,0.9,0.82,0.82,11797,0
FREY-WS.US,D,20231006,000000,0.84,0.9341,0.8,0.8501,17644,0
FREY-WS.US,D,20231009,000000,0.85,0.85,0.77,0.85,67852,0
FREY-WS.US,D,20231010,000000,0.8283,0.895,0.820101,0.8215,1917,0
FREY-WS.US,D,20231011,000000,0.82,0.85,0.8,0.85,34015,0
FREY-WS.US,D,20231012,000000,0.85,0.86,0.6301,0.74,105591,0
FREY-WS.US,D,20231013,000000,0.68555,0.7228,0.68555,0.7,75841,0
FREY-WS.US,D,20231016,000000,0.7,0.7,0.640744,0.662,69225,0
FREY-WS.US,D,20231017,000000,0.6231,0.76,0.55,0.76,42983,0
FREY-WS.US,D,20231018,000000,0.72,0.72,0.605,0.635,9461,0
FREY-WS.US,D,20231019,000000,0.65,0.65,0.591,0.591,2002182,0
FREY-WS.US,D,20231020,000000,0.58,0.58,0.5,0.5227,25797,0
FREY-WS.US,D,20231023,000000,0.5239,0.55,0.47,0.55,48285,0
FREY-WS.US,D,20231024,000000,0.46,0.53,0.46,0.53,12128,0
FREY-WS.US,D,20231025,000000,0.5275,0.54,0.435,0.4555,4983,0
FREY-WS.US,D,20231026,000000,0.5215,0.55,0.4524,0.4524,7125,0
FREY-WS.US,D,20231027,000000,0.45,0.45,0.43,0.45,2018,0
FREY-WS.US,D,20231030,000000,0.475899,0.476,0.4175,0.449,12621,0
FREY-WS.US,D,20231031,000000,0.4243,0.4524,0.4111,0.4481,18524,0
FREY-WS.US,D,20231101,000000,0.45,0.45,0.38,0.417249,1837,0
FREY-WS.US,D,20231102,000000,0.48,0.5125,0.48,0.5099,14679,0
FREY-WS.US,D,20231103,000000,0.54,0.54,0.4836,0.52,27696,0
FREY-WS.US,D,20231106,000000,0.455,0.485,0.455,0.465,9749,0
FREY-WS.US,D,20231107,000000,0.45,0.4646,0.44,0.4425,15769,0
FREY-WS.US,D,20231108,000000,0.4949,0.4999,0.3831,0.4201,5341,0
FREY-WS.US,D,20231109,000000,0.33,0.33,0.1283,0.181,153987,0
FREY-WS.US,D,20231110,000000,0.144,0.1495,0.086,0.1,1383075,0
FREY-WS.US,D,20231113,000000,0.11,0.15,0.1099,0.1182,202204,0
FREY-WS.US,D,20231114,000000,0.14,0.1658,0.097,0.1658,196303,0
FREY-WS.US,D,20231115,000000,0.17,0.25,0.1665,0.22,246598,0
FREY-WS.US,D,20231116,000000,0.225,0.25,0.1731,0.1775,77696,0
FREY-WS.US,D,20231117,000000,0.1375,0.1815,0.1375,0.18,41391,0
FREY-WS.US,D,20231121,000000,0.18,0.18,0.18,0.18,100,0
FREY-WS.US,D,20231122,000000,0.2475,0.25,0.215,0.234251,6418,0
FREY-WS.US,D,20231124,000000,0.25,0.25,0.22,0.25,1568,0
FREY-WS.US,D,20231127,000000,0.25,0.25,0.1474,0.21,21316,0
FREY-WS.US,D,20231128,000000,0.2,0.2,0.1501,0.1637,950,0
FREY-WS.US,D,20231129,000000,0.16,0.2097,0.154999,0.2097,12983,0
FREY-WS.US,D,20231130,000000,0.2475,0.25,0.2,0.2,41579,0
FREY-WS.US,D,20231201,000000,0.20149,0.25,0.20149,0.2453,68637,0
FREY-WS.US,D,20231204,000000,0.27,0.3,0.231,0.26,27899,0
FREY-WS.US,D,20231205,000000,0.28,0.28,0.24,0.2452,19033,0
FREY-WS.US,D,20231206,000000,0.26,0.31,0.25,0.3,24472,0
FREY-WS.US,D,20231207,000000,0.2516,0.2516,0.2516,0.2516,1539,0
FREY-WS.US,D,20231208,000000,0.2416,0.2541,0.2416,0.2516,2465,0
FREY-WS.US,D,20231211,000000,0.251,0.251,0.21,0.21,1578,0
FREY-WS.US,D,20231212,000000,0.27,0.3,0.1801,0.1801,14623,0
FREY-WS.US,D,20231213,000000,0.161,0.2105,0.161,0.1851,24092,0
FREY-WS.US,D,20231214,000000,0.21,0.2201,0.2001,0.2201,16437,0
FREY-WS.US,D,20231215,000000,0.22,0.2201,0.2054,0.2201,5163,0
FREY-WS.US,D,20231218,000000,0.25,0.25,0.2202,0.2203,2408,0
FREY-WS.US,D,20231219,000000,0.2125,0.2459,0.195,0.2003,20511,0
FREY-WS.US,D,20231220,000000,0.1998,0.2,0.15,0.18,69294,0
FREY-WS.US,D,20231221,000000,0.17,0.2,0.17,0.1941,58863,0
FREY-WS.US,D,20231222,000000,0.1755,0.18,0.17,0.17,20788,0
FREY-WS.US,D,20231226,000000,0.17,0.200101,0.17,0.1913,21127,0
FREY-WS.US,D,20231227,000000,0.214951,0.2399,0.172,0.2,37837,0
FREY-WS.US,D,20231228,000000,0.2,0.2279,0.1721,0.1805,20283,0
FREY-WS.US,D,20231229,000000,0.172,0.2,0.1521,0.2,103540,0
FREY-WS.US,D,20240102,000000,0.16,0.19,0.16,0.1675,24983,0
FREY-WS.US,D,20240103,000000,0.17,0.17,0.159999,0.17,10711,0
FREY-WS.US,D,20240104,000000,0.155,0.181,0.152,0.18,19828,0
FREY-WS.US,D,20240105,000000,0.15,0.1507,0.1011,0.15,96201,0
FREY-WS.US,D,20240108,000000,0.14,0.15,0.1331,0.1499,9138,0
FREY-WS.US,D,20240109,000000,0.14375,0.14375,0.14,0.14,1419,0
FREY-WS.US,D,20240110,000000,0.15,0.16,0.134999,0.1599,23177,0
FREY-WS.US,D,20240111,000000,0.145,0.145,0.1361,0.14,54775,0
FREY-WS.US,D,20240112,000000,0.1425,0.1425,0.13,0.14,26850,0
FREY-WS.US,D,20240116,000000,0.13,0.16,0.13,0.14,112146,0
FREY-WS.US,D,20240117,000000,0.132,0.1443,0.12,0.1301,23911,0
FREY-WS.US,D,20240118,000000,0.14,0.14,0.13,0.13,3614,0
FREY-WS.US,D,20240119,000000,0.12,0.1381,0.12,0.132,14705,0
FREY-WS.US,D,20240122,000000,0.13,0.143,0.12999,0.143,21070,0
FREY-WS.US,D,20240123,000000,0.15,0.15,0.15,0.15,123,0
FREY-WS.US,D,20240124,000000,0.135,0.165,0.135,0.1399,3551,0
FREY-WS.US,D,20240125,000000,0.14,0.14,0.14,0.14,2040,0
FREY-WS.US,D,20240126,000000,0.14,0.14,0.13,0.13,52120,0
FREY-WS.US,D,20240129,000000,0.110101,0.15,0.110101,0.15,2484,0
FREY-WS.US,D,20240131,000000,0.1299,0.1546,0.1299,0.1546,7175,0
FREY-WS.US,D,20240201,000000,0.16,0.16,0.15,0.15,35244,0
FREY-WS.US,D,20240206,000000,0.18,0.18,0.15,0.15,7225,0
FREY-WS.US,D,20240207,000000,0.15,0.16,0.1313,0.1313,4765,0
FREY-WS.US,D,20240208,000000,0.15,0.1567,0.1301,0.144449,40231,0
FREY-WS.US,D,20240209,000000,0.155,0.1687,0.1462,0.1462,74779,0
FREY-WS.US,D,20240212,000000,0.148,0.163,0.148,0.1623,136900,0
FREY-WS.US,D,20240213,000000,0.1477,0.1555,0.14,0.15045,38191,0
FREY-WS.US,D,20240214,000000,0.18,0.18,0.14,0.15,20420,0
FREY-WS.US,D,20240215,000000,0.16,0.16,0.15,0.15,14443,0
FREY-WS.US,D,20240216,000000,0.136,0.165799,0.136,0.164901,19539,0
FREY-WS.US,D,20240220,000000,0.145,0.162451,0.145,0.159949,5191,0
FREY-WS.US,D,20240221,000000,0.1501,0.1501,0.145078,0.1453,13642,0
FREY-WS.US,D,20240222,000000,0.174949,0.174949,0.15,0.167401,6393,0
FREY-WS.US,D,20240223,000000,0.1501,0.1709,0.1501,0.16,23907,0
FREY-WS.US,D,20240226,000000,0.16,0.1937,0.16,0.19,41486,0
FREY-WS.US,D,20240227,000000,0.19,0.19,0.146,0.1899,11684,0
FREY-WS.US,D,20240228,000000,0.1551,0.205,0.1551,0.1799,8203,0
FREY-WS.US,D,20240229,000000,0.155,0.1881,0.155,0.174899,1900,0
FREY-WS.US,D,20240304,000000,0.2077,0.2077,0.17,0.178001,13130,0
FREY-WS.US,D,20240305,000000,0.1551,0.17,0.1306,0.14,16375,0
FREY-WS.US,D,20240306,000000,0.14,0.16999,0.14,0.169899,1430,0
FREY-WS.US,D,20240307,000000,0.185,0.185,0.1566,0.1581,9048,0
FREY-WS.US,D,20240308,000000,0.17501,0.17501,0.17501,0.17501,138,0
FREY-WS.US,D,20240311,000000,0.19,0.19,0.19,0.19,2491,0
FREY-WS.US,D,20240312,000000,0.18,0.183938,0.18,0.183938,640,0
FREY-WS.US,D,20240313,000000,0.1975,0.1975,0.175,0.175,14653,0
FREY-WS.US,D,20240314,000000,0.18,0.18,0.1555,0.17001,19965,0
FREY-WS.US,D,20240315,000000,0.17,0.17,0.17,0.17,23160,0
FREY-WS.US,D,20240318,000000,0.17,0.175,0.17,0.17,12570,0
FREY-WS.US,D,20240319,000000,0.17,0.17,0.16275,0.17,1130,0
FREY-WS.US,D,20240320,000000,0.169899,0.17,0.146178,0.1631,23939,0
FREY-WS.US,D,20240321,000000,0.1664,0.18,0.1664,0.18,3376,0
FREY-WS.US,D,20240322,000000,0.18,0.18,0.17,0.1747,10601,0
FREY-WS.US,D,20240325,000000,0.17,0.17,0.17,0.17,1122,0
FREY-WS.US,D,20240326,000000,0.17,0.1956,0.17,0.1956,1400,0
FREY-WS.US,D,20240327,000000,0.19,0.19,0.19,0.19,1100,0
FREY-WS.US,D,20240328,000000,0.1501,0.1801,0.1501,0.18,300,0
FREY-WS.US,D,20240401,000000,0.18,0.18,0.18,0.18,115,0
FREY-WS.US,D,20240402,000000,0.16,0.16,0.16,0.16,1290,0
FREY-WS.US,D,20240404,000000,0.1962,0.2273,0.1951,0.1951,6946,0
FREY-WS.US,D,20240405,000000,0.198,0.198,0.175,0.175,6400,0
FREY-WS.US,D,20240408,000000,0.1626,0.2,0.1626,0.2,12450,0
FREY-WS.US,D,20240409,000000,0.1476,0.1952,0.1476,0.1952,1100,0
FREY-WS.US,D,20240410,000000,0.1516,0.1633,0.1501,0.1633,1376,0
FREY-WS.US,D,20240415,000000,0.2,0.2,0.17,0.17,22771,0
FREY-WS.US,D,20240416,000000,0.1907,0.1907,0.19,0.19,2181,0
FREY-WS.US,D,20240417,000000,0.24,0.24,0.1899,0.1899,450,0
FREY-WS.US,D,20240418,000000,0.17,0.17,0.1301,0.1345,538,0
FREY-WS.US,D,20240423,000000,0.1899,0.1899,0.1899,0.1899,2315,0
FREY-WS.US,D,20240424,000000,0.1618,0.1627,0.1406,0.1425,6676,0
FREY-WS.US,D,20240425,000000,0.15375,0.15375,0.15375,0.15375,264,0
FREY-WS.US,D,20240429,000000,0.177899,0.177899,0.1683,0.1683,1950,0
FREY-WS.US,D,20240430,000000,0.17,0.172,0.17,0.172,200,0
FREY-WS.US,D,20240502,000000,0.1725,0.1725,0.1663,0.1663,3007,0
FREY-WS.US,D,20240503,000000,0.1541,0.1725,0.1322,0.1322,4100,0
FREY-WS.US,D,20240506,000000,0.1725,0.1725,0.1525,0.16,7108,0
FREY-WS.US,D,20240507,000000,0.1425,0.1671,0.1425,0.1671,1221,0
FREY-WS.US,D,20240508,000000,0.1687,0.2175,0.1687,0.19,14165,0
FREY-WS.US,D,20240509,000000,0.1851,0.19,0.1851,0.1854,2365,0
FREY-WS.US,D,20240510,000000,0.1719,0.1728,0.17,0.17,11010,0
FREY-WS.US,D,20240513,000000,0.19,0.19,0.19,0.19,150,0
FREY-WS.US,D,20240514,000000,0.2,0.2,0.1677,0.1678,13712,0
FREY-WS.US,D,20240515,000000,0.15,0.18,0.15,0.18,935,0
FREY-WS.US,D,20240516,000000,0.1551,0.1559,0.155,0.155,5157,0
FREY-WS.US,D,20240517,000000,0.18,0.1899,0.1701,0.18,2350,0
FREY-WS.US,D,20240520,000000,0.1755,0.1755,0.17,0.17,3180,0
FREY-WS.US,D,20240521,000000,0.17,0.17,0.17,0.17,103,0
FREY-WS.US,D,20240522,000000,0.2,0.259,0.2,0.24,53618,0
FREY-WS.US,D,20240523,000000,0.26,0.26,0.21,0.23,11106,0
FREY-WS.US,D,20240524,000000,0.24,0.24,0.24,0.24,1000,0
FREY-WS.US,D,20240528,000000,0.3,0.3,0.2225,0.2308,12306,0
FREY-WS.US,D,20240529,000000,0.2307,0.2307,0.2307,0.2307,142,0
FREY-WS.US,D,20240530,000000,0.21,0.29,0.21,0.2409,4702,0
FREY-WS.US,D,20240531,000000,0.21,0.2699,0.21,0.2372,2394,0
FREY-WS.US,D,20240603,000000,0.2196,0.2499,0.21,0.225,2564,0
FREY-WS.US,D,20240605,000000,0.2488,0.2488,0.201,0.201,5300,0
FREY-WS.US,D,20240606,000000,0.2374,0.25,0.202,0.25,8638,0
FREY-WS.US,D,20240610,000000,0.24,0.2664,0.2149,0.2149,9364,0
FREY-WS.US,D,20240611,000000,0.207,0.207,0.202,0.204,1900,0
FREY-WS.US,D,20240612,000000,0.202,0.2755,0.187,0.187,8839,0
FREY-WS.US,D,20240613,000000,0.187,0.187,0.187,0.187,250,0
FREY-WS.US,D,20240614,000000,0.177,0.207,0.177,0.1871,2936,0
FREY-WS.US,D,20240618,000000,0.17,0.17,0.16,0.16,2919,0
FREY-WS.US,D,20240620,000000,0.18,0.182,0.1515,0.1515,101068,0
FREY-WS.US,D,20240621,000000,0.17,0.24,0.17,0.17,6900,0
FREY-WS.US,D,20240624,000000,0.180101,0.180101,0.17,0.17,3503,0
FREY-WS.US,D,20240625,000000,0.1425,0.1425,0.1425,0.1425,230,0
FREY-WS.US,D,20240626,000000,0.155,0.155,0.145,0.145,13000,0
FREY-WS.US,D,20240627,000000,0.18,0.180251,0.1485,0.15,7699,0
FREY-WS.US,D,20240628,000000,0.18,0.1801,0.15,0.15,3750,0
FREY-WS.US,D,20240701,000000,0.17,0.17,0.15,0.15,2732,0
FREY-WS.US,D,20240703,000000,0.153,0.153,0.1411,0.149074,906,0
FREY-WS.US,D,20240708,000000,0.131,0.131,0.131,0.131,500,0
FREY-WS.US,D,20240709,000000,0.15,0.1649,0.15,0.1648,7680,0
FREY-WS.US,D,20240711,000000,0.1683,0.1907,0.1683,0.1907,3500,0
FREY-WS.US,D,20240712,000000,0.2,0.2,0.1401,0.1401,43399,0
FREY-WS.US,D,20240715,000000,0.17,0.17,0.17,0.17,3751,0
FREY-WS.US,D,20240716,000000,0.175,0.199799,0.17,0.199799,12130,0
FREY-WS.US,D,20240717,000000,0.175,0.175,0.175,0.175,190,0
FREY-WS.US,D,20240718,000000,0.1973,0.1993,0.1425,0.1425,1863,0
FREY-WS.US,D,20240719,000000,0.141,0.1424,0.141,0.141,7625,0
FREY-WS.US,D,20240722,000000,0.17,0.1856,0.17,0.1856,362,0
FREY-WS.US,D,20240723,000000,0.2,0.2,0.17,0.1801,20300,0
FREY-WS.US,D,20240724,000000,0.1445,0.1445,0.131,0.1406,4255,0
FREY-WS.US,D,20240725,000000,0.1614,0.1818,0.1403,0.18,13787,0
FREY-WS.US,D,20240726,000000,0.1423,0.15,0.14,0.145,24496,0
FREY-WS.US,D,20240729,000000,0.1428,0.1801,0.14,0.16,9009,0
FREY-WS.US,D,20240730,000000,0.1691,0.1858,0.16,0.16,6940,0
FREY-WS.US,D,20240731,000000,0.175,0.1996,0.16,0.16,5517,0
FREY-WS.US,D,20240801,000000,0.17,0.17,0.1326,0.1327,8618,0
FREY-WS.US,D,20240802,000000,0.16645,0.16645,0.16645,0.16645,100,0
FREY-WS.US,D,20240806,000000,0.1416,0.1416,0.1416,0.1416,100,0
FREY-WS.US,D,20240807,000000,0.1262,0.1807,0.125,0.1807,1050,0
FREY-WS.US,D,20240809,000000,0.14,0.14,0.14,0.14,2000,0
FREY-WS.US,D,20240813,000000,0.139,0.139,0.128,0.1281,18460,0
FREY-WS.US,D,20240815,000000,0.1499,0.1499,0.1294,0.1294,4700,0
FREY-WS.US,D,20240816,000000,0.13,0.13,0.0412,0.13,17525,0
FREY-WS.US,D,20240819,000000,0.0656,0.12,0.052,0.12,48802,0
FREY-WS.US,D,20240820,000000,0.12,0.1474,0.08,0.099503,71185,0
FREY-WS.US,D,20240821,000000,0.11,0.11,0.0875,0.0875,6304,0
FREY-WS.US,D,20240822,000000,0.095,0.0975,0.0651,0.0709,16450,0
FREY-WS.US,D,20240823,000000,0.08,0.0853,0.08,0.0853,9885,0
FREY-WS.US,D,20240826,000000,0.149,0.149,0.149,0.149,1965,0
FREY-WS.US,D,20240827,000000,0.149,0.149,0.07,0.07,3204,0
FREY-WS.US,D,20240828,000000,0.0998,0.1197,0.0998,0.0998,1591,0
FREY-WS.US,D,20240829,000000,0.0722,0.101,0.0715,0.1,1700,0
FREY-WS.US,D,20240903,000000,0.109,0.115,0.085,0.085,3310,0
FREY-WS.US,D,20240904,000000,0.08,0.08,0.070156,0.08,2608,0
FREY-WS.US,D,20240905,000000,0.07,0.1,0.0653,0.08,29988,0
FREY-WS.US,D,20240906,000000,0.08,0.08,0.0651,0.0651,8255,0
FREY-WS.US,D,20240909,000000,0.07,0.07,0.0651,0.07,3274,0
FREY-WS.US,D,20240910,000000,0.09,0.09,0.07,0.0701,15383,0
FREY-WS.US,D,20240911,000000,0.07,0.07,0.07,0.07,270,0
FREY-WS.US,D,20240912,000000,0.089899,0.09,0.089899,0.09,5100,0
FREY-WS.US,D,20240913,000000,0.09,0.0999,0.09,0.0999,4329,0
FREY-WS.US,D,20240916,000000,0.075,0.1,0.075,0.1,2155,0
FREY-WS.US,D,20240917,000000,0.073,0.0999,0.073,0.0975,4330,0
FREY-WS.US,D,20240918,000000,0.0975,0.0975,0.0751,0.0752,800,0
FREY-WS.US,D,20240919,000000,0.0752,0.0752,0.0656,0.0656,5459,0
FREY-WS.US,D,20240920,000000,0.096,0.096,0.092,0.092,6245,0
FREY-WS.US,D,20240925,000000,0.089,0.095,0.089,0.089,1695,0
FREY-WS.US,D,20240926,000000,0.0707,0.0707,0.0586,0.0646,4551,0
FREY-WS.US,D,20240930,000000,0.089,0.089,0.0556,0.0556,3370,0
FREY-WS.US,D,20241002,000000,0.070549,0.070549,0.070549,0.070549,550,0
FREY-WS.US,D,20241003,000000,0.068,0.068,0.0604,0.0605,5956,0
FREY-WS.US,D,20241004,000000,0.0815,0.089,0.0566,0.089,19155,0
FREY-WS.US,D,20241007,000000,0.0605,0.08,0.0571,0.0571,8000,0
FREY-WS.US,D,20241009,000000,0.07,0.089,0.069999,0.089,3600,0
FREY-WS.US,D,20241010,000000,0.089,0.089,0.041,0.0507,4729,0
FREY-WS.US,D,20241011,000000,0.044101,0.0698,0.044,0.0698,2400,0
FREY-WS.US,D,20241014,000000,0.0698,0.089,0.0452,0.0452,1718,0
FREY-WS.US,D,20241015,000000,0.08,0.0887,0.0501,0.0887,845,0
FREY-WS.US,D,20241016,000000,0.0555,0.075,0.0511,0.06757,1500,0
FREY-WS.US,D,20241017,000000,0.0697,0.0697,0.0697,0.0697,500,0
FREY-WS.US,D,20241018,000000,0.0614,0.0669,0.05,0.05,4060,0
FREY-WS.US,D,20241021,000000,0.0697,0.072517,0.036301,0.0549,60200,0
FREY-WS.US,D,20241022,000000,0.0505,0.0549,0.0368,0.0549,3054,0
FREY-WS.US,D,20241024,000000,0.05,0.06,0.05,0.051,10445,0
FREY-WS.US,D,20241025,000000,0.07,0.0892,0.0626,0.0892,38749,0
FREY-WS.US,D,20241028,000000,0.0606,0.1,0.05,0.05,41550,0
FREY-WS.US,D,20241029,000000,0.0531,0.1,0.052,0.052,37224,0
FREY-WS.US,D,20241030,000000,0.0551,0.0848,0.0533,0.054,26097,0
FREY-WS.US,D,20241031,000000,0.06,0.0718,0.0501,0.0718,15450,0
FREY-WS.US,D,20241101,000000,0.0593,0.076,0.0425,0.076,14271,0
FREY-WS.US,D,20241104,000000,0.0512,0.0638,0.051,0.0638,51450,0
FREY-WS.US,D,20241105,000000,0.0688,0.069,0.05,0.0605,9961,0
FREY-WS.US,D,20241106,000000,0.064499,0.155,0.064499,0.103,181394,0
FREY-WS.US,D,20241107,000000,0.12,0.2049,0.11279,0.15,64285,0
FREY-WS.US,D,20241108,000000,0.1802,0.198,0.0902,0.099,143377,0
FREY-WS.US,D,20241111,000000,0.0939,0.1104,0.0736,0.0805,191849,0
FREY-WS.US,D,20241112,000000,0.0932,0.1142,0.09,0.11,29113,0
FREY-WS.US,D,20241113,000000,0.14,0.17,0.11,0.12,14657,0
FREY-WS.US,D,20241114,000000,0.12,0.1359,0.09,0.1,5610,0
FREY-WS.US,D,20241115,000000,0.10515,0.1525,0.10515,0.1525,24823,0
FREY-WS.US,D,20241118,000000,0.19,0.2002,0.132,0.16,60360,0
FREY-WS.US,D,20241119,000000,0.16,0.16,0.1321,0.1385,13200,0
FREY-WS.US,D,20241120,000000,0.15,0.1547,0.15,0.1547,200,0
FREY-WS.US,D,20241121,000000,0.1547,0.16,0.125,0.125,31440,0
FREY-WS.US,D,20241122,000000,0.15,0.15,0.11,0.14,23502,0
FREY-WS.US,D,20241125,000000,0.12,0.15,0.102,0.12,35453,0
FREY-WS.US,D,20241126,000000,0.12,0.13,0.1,0.11,6987,0
FREY-WS.US,D,20241127,000000,0.11,0.11,0.099999,0.11,5125,0
FREY-WS.US,D,20241129,000000,0.1164,0.1175,0.1149,0.1149,3285,0
FREY-WS.US,D,20241202,000000,0.114149,0.1154,0.114149,0.1154,6366,0
FREY-WS.US,D,20241203,000000,0.09,0.1,0.0551,0.09,106549,0
FREY-WS.US,D,20241204,000000,0.09,0.09,0.09,0.09,21013,0
FREY-WS.US,D,20241205,000000,0.087646,0.09,0.0707,0.071,14082,0
FREY-WS.US,D,20241206,000000,0.0715,0.075,0.0552,0.07,151488,0
FREY-WS.US,D,20241209,000000,0.08,0.1148,0.0705,0.082,334826,0
FREY-WS.US,D,20241210,000000,0.085,0.0896,0.065,0.0845,62989,0
FREY-WS.US,D,20241211,000000,0.0825,0.09,0.0825,0.09,31921,0
FREY-WS.US,D,20241212,000000,0.0995,0.1183,0.0825,0.114,21559,0
FREY-WS.US,D,20241213,000000,0.097551,0.1117,0.097551,0.105,4183,0
FREY-WS.US,D,20241216,000000,0.098999,0.1103,0.074,0.08,72840,0
FREY-WS.US,D,20241217,000000,0.0801,0.106,0.0801,0.095,7041,0
FREY-WS.US,D,20241218,000000,0.103,0.2,0.094,0.1499,145104,0
FREY-WS.US,D,20241219,000000,0.136,0.1725,0.136,0.17,4751,0
FREY-WS.US,D,20241220,000000,0.1414,0.22,0.1414,0.2,137403,0
FREY-WS.US,D,20241223,000000,0.1924,0.3275,0.1911,0.3059,141779,0
FREY-WS.US,D,20241224,000000,0.3,0.4275,0.3,0.33,213718,0
FREY-WS.US,D,20241226,000000,0.35,0.49,0.33,0.4,198786,0
FREY-WS.US,D,20241227,000000,0.4467,0.4467,0.37,0.41,121897,0
FREY-WS.US,D,20241230,000000,0.409899,0.41,0.31,0.3578,42395,0
FREY-WS.US,D,20241231,000000,0.36,0.36,0.2245,0.2601,94163,0
FREY-WS.US,D,20250102,000000,0.34375,0.35,0.2525,0.28,29920,0
FREY-WS.US,D,20250103,000000,0.38,0.41,0.3025,0.38,174291,0
FREY-WS.US,D,20250106,000000,0.3661,0.385,0.3225,0.3762,89159,0
FREY-WS.US,D,20250107,000000,0.3762,0.46,0.31,0.38,65296,0
FREY-WS.US,D,20250108,000000,0.35,0.354999,0.27,0.35,50403,0
FREY-WS.US,D,20250110,000000,0.3846,0.3846,0.2425,0.244,23597,0
FREY-WS.US,D,20250113,000000,0.320749,0.320749,0.2441,0.2441,4792,0
FREY-WS.US,D,20250114,000000,0.2441,0.2673,0.1636,0.2348,40900,0
FREY-WS.US,D,20250115,000000,0.4,0.4,0.2236,0.2236,18623,0
FREY-WS.US,D,20250116,000000,0.3,0.3,0.22,0.25,29347,0
FREY-WS.US,D,20250117,000000,0.377499,0.377499,0.25,0.26,6174,0
FREY-WS.US,D,20250121,000000,0.300001,0.33,0.2361,0.2651,4099,0
FREY-WS.US,D,20250122,000000,0.1843,0.25,0.18,0.2201,12093,0
FREY-WS.US,D,20250124,000000,0.241,0.2498,0.1907,0.245401,6640,0
FREY-WS.US,D,20250127,000000,0.21838,0.2423,0.19,0.2053,7051,0
FREY-WS.US,D,20250128,000000,0.1818,0.2222,0.1818,0.2222,700,0
FREY-WS.US,D,20250129,000000,0.200701,0.200701,0.200701,0.200701,606,0
FREY-WS.US,D,20250130,000000,0.2192,0.2214,0.19,0.1919,2308,0
FREY-WS.US,D,20250131,000000,0.1919,0.2198,0.18,0.2,13600,0
FREY-WS.US,D,20250204,000000,0.217701,0.232691,0.1859,0.191,23437,0
FREY-WS.US,D,20250205,000000,0.1841,0.23,0.1841,0.23,16600,0
FREY-WS.US,D,20250206,000000,0.25,0.25,0.22,0.22,20473,0
FREY-WS.US,D,20250207,000000,0.2259,0.2259,0.1841,0.1841,1250,0
FREY-WS.US,D,20250210,000000,0.1851,0.191,0.1599,0.16,40150,0
FREY-WS.US,D,20250211,000000,0.1599,0.16,0.155,0.1599,16800,0
FREY-WS.US,D,20250212,000000,0.14625,0.16,0.14625,0.16,20318,0
FREY-WS.US,D,20250213,000000,0.156722,0.19,0.156722,0.17,61023,0
FREY-WS.US,D,20250214,000000,0.17,0.215,0.1699,0.21,244171,0
FREY-WS.US,D,20250218,000000,0.1983,0.2,0.176,0.182,23288,0
FREY-WS.US,D,20250219,000000,0.176,0.199499,0.132,0.199499,10379,0
FREY-WS.US,D,20250220,000000,0.19,0.2099,0.170001,0.2099,16260,0
FREY-WS.US,D,20250221,000000,0.159,0.1975,0.145,0.15,23386,0
