<TICKER>,<PER>,<DATE>,<TIME>,<OPEN>,<HIGH>,<LOW>,<CLOSE>,<VOL>,<OPENINT>
GATO.US,D,20201028,000000,6.5,6.75,5.78,6.6,3342186,0
GATO.US,D,20201029,000000,6.8,6.8,6.01,6.57,1232596,0
GATO.US,D,20201030,000000,6.78,6.84,6.45,6.7,460603,0
GATO.US,D,20201102,000000,6.95,6.95,6.53,6.86,441117,0
GATO.US,D,20201103,000000,6.8,6.95,6.56,6.95,327555,0
GATO.US,D,20201104,000000,6.9,6.95,6.75,6.95,321921,0
GATO.US,D,20201105,000000,7,7.08,6.83,7.03,597701,0
GATO.US,D,20201106,000000,7.03,7.06,6.96,7.01,529068,0
GATO.US,D,20201109,000000,6.9,6.97,6.57,6.77,339291,0
GATO.US,D,20201110,000000,6.8,6.94,6.55,6.78,115881,0
GATO.US,D,20201111,000000,6.66,6.88,6.51,6.55,131925,0
GATO.US,D,20201112,000000,6.54,6.69,6.47,6.62,139378,0
GATO.US,D,20201113,000000,6.75,6.84,6.575,6.68,160864,0
GATO.US,D,20201116,000000,6.78,6.99,6.62,6.76,248115,0
GATO.US,D,20201117,000000,6.87,6.92,6.62,6.78,248070,0
GATO.US,D,20201118,000000,6.8,6.91,6.4,6.46,332504,0
GATO.US,D,20201119,000000,6.4,6.62,6.16,6.32,321611,0
GATO.US,D,20201120,000000,6.33,6.53,6.21,6.4,167093,0
GATO.US,D,20201123,000000,6.6,6.71,6.2,6.35,463919,0
GATO.US,D,20201124,000000,6.4,6.48,5.95,6.08,620579,0
GATO.US,D,20201125,000000,6.4,6.43,6.18,6.33,328307,0
GATO.US,D,20201127,000000,6.41,6.74,6.35,6.72,287236,0
GATO.US,D,20201130,000000,6.74,6.85,6.63,6.85,252027,0
GATO.US,D,20201201,000000,7,7.37,6.83,7.13,393881,0
GATO.US,D,20201202,000000,7.2,7.53,7.01,7.07,576111,0
GATO.US,D,20201203,000000,7,7.41,6.99,7.21,123301,0
GATO.US,D,20201204,000000,7.23,7.5,7.1,7.16,176592,0
GATO.US,D,20201207,000000,7.16,7.48,7.05,7.09,351656,0
GATO.US,D,20201208,000000,7.19,7.19,6.98,7.01,258357,0
GATO.US,D,20201209,000000,7.19,7.28,6.72,6.81,145048,0
GATO.US,D,20201210,000000,6.84,7.14,6.84,6.98,188748,0
GATO.US,D,20201211,000000,7.09,7.68,7.04,7.52,465077,0
GATO.US,D,20201214,000000,7.9,9.34,7.85,8.73,2645413,0
GATO.US,D,20201215,000000,8.93,9.31,8.77,8.95,1477843,0
GATO.US,D,20201216,000000,9.06,9.2,8.77,9.1,902127,0
GATO.US,D,20201217,000000,9.37,9.76,9.35,9.72,1149032,0
GATO.US,D,20201218,000000,9.81,9.97,9.11,9.2,5849632,0
GATO.US,D,20201221,000000,9.2,9.68,9.1501,9.54,777706,0
GATO.US,D,20201222,000000,9.61,9.83,9.31,9.45,895175,0
GATO.US,D,20201223,000000,9.5,9.51,9.23,9.43,291768,0
GATO.US,D,20201224,000000,9.28,9.51,9.24,9.41,128804,0
GATO.US,D,20201228,000000,9.5,9.59,9.15,9.46,353457,0
GATO.US,D,20201229,000000,9.46,9.55,9.19,9.49,325208,0
GATO.US,D,20201230,000000,9.69,12.29,9.5,12.02,1426898,0
GATO.US,D,20201231,000000,12.41,13.42,12.13,13.03,767658,0
GATO.US,D,20210104,000000,13.94,15.72,13.75,15.38,880481,0
GATO.US,D,20210105,000000,15.45,15.6055,13.67,14.46,683965,0
GATO.US,D,20210106,000000,14.25,14.45,13.7,14.21,631916,0
GATO.US,D,20210107,000000,14.3,14.675,13.76,14.22,325284,0
GATO.US,D,20210108,000000,13.85,13.93,12.725,13.71,704976,0
GATO.US,D,20210111,000000,13.05,13.71,13,13.56,346085,0
GATO.US,D,20210112,000000,13.73,13.755,12.7206,13.04,354767,0
GATO.US,D,20210113,000000,12.94,13.5,12.33,13.47,336216,0
GATO.US,D,20210114,000000,13.46,15.22,13.1,14.83,741675,0
GATO.US,D,20210115,000000,14.28,14.7,12.32,12.53,614328,0
GATO.US,D,20210119,000000,12.76,14.24,12.41,14.16,454992,0
GATO.US,D,20210120,000000,14.54,14.56,13.21,13.23,473356,0
GATO.US,D,20210121,000000,13.35,13.64,12.4,12.76,415429,0
GATO.US,D,20210122,000000,12.72,13.07,11.61,12.75,519513,0
GATO.US,D,20210125,000000,12.9,13.85,11.8,12.2,477947,0
GATO.US,D,20210126,000000,12.21,12.97,12.21,12.45,187452,0
GATO.US,D,20210127,000000,12.33,12.33,11.12,11.16,427816,0
GATO.US,D,20210128,000000,12.85,14.14,12.32,13.06,835897,0
GATO.US,D,20210129,000000,14.38,15.0509,12.9288,13.21,960804,0
GATO.US,D,20210201,000000,19.04,24,13.81,14.72,5841716,0
GATO.US,D,20210202,000000,13.75,13.75,12,13.21,1464322,0
GATO.US,D,20210203,000000,13.64,13.75,12.73,13.28,900144,0
GATO.US,D,20210204,000000,12.6,13.32,12.3004,13.1,696341,0
GATO.US,D,20210205,000000,13.57,14.63,13.29,14.62,1241936,0
GATO.US,D,20210208,000000,15.43,15.72,14.8284,15.4,869499,0
GATO.US,D,20210209,000000,15.33,16.08,14.9,15.29,850138,0
GATO.US,D,20210210,000000,15.35,15.448,14.27,14.88,624169,0
GATO.US,D,20210211,000000,14.88,15.37,14.21,14.44,341038,0
GATO.US,D,20210212,000000,14.33,15.34,14.12,14.98,564129,0
GATO.US,D,20210216,000000,15.05,15.88,14.86,15.35,801839,0
GATO.US,D,20210217,000000,15.01,15.3,14.38,14.39,588884,0
GATO.US,D,20210218,000000,14.4,14.6781,12.92,13.31,866907,0
GATO.US,D,20210219,000000,13.7,14,13.09,13.26,605522,0
GATO.US,D,20210222,000000,13.39,15.5809,13.21,15.26,1187478,0
GATO.US,D,20210223,000000,15,16.97,14.07,16.56,1497253,0
GATO.US,D,20210224,000000,16.41,17.8,15.8,16.69,1147652,0
GATO.US,D,20210225,000000,16.43,16.79,14.73,14.79,780979,0
GATO.US,D,20210226,000000,14.47,14.77,13.25,13.96,709233,0
GATO.US,D,20210301,000000,14.49,14.675,12.87,12.98,569271,0
GATO.US,D,20210302,000000,12.99,14.21,12.91,13.83,757694,0
GATO.US,D,20210303,000000,13.75,14.36,12.83,13.12,650494,0
GATO.US,D,20210304,000000,13.02,13.35,12.05,13,739998,0
GATO.US,D,20210305,000000,12.9,13,11.79,12.68,675011,0
GATO.US,D,20210308,000000,12.7,12.9899,12.26,12.52,276577,0
GATO.US,D,20210309,000000,13.21,14.85,12.95,14.4,552830,0
GATO.US,D,20210310,000000,14.2,15.1138,14.0267,14.83,407534,0
GATO.US,D,20210311,000000,15.2,15.3249,14.03,14.12,620059,0
GATO.US,D,20210312,000000,13.73,14.63,13.34,14.12,533762,0
GATO.US,D,20210315,000000,14.26,15.08,14.26,14.82,393173,0
GATO.US,D,20210316,000000,14.85,15.32,14.52,14.82,475952,0
GATO.US,D,20210317,000000,14.82,15.69,13.95,15.63,745201,0
GATO.US,D,20210318,000000,15.51,16.1,14.76,14.91,484746,0
GATO.US,D,20210319,000000,14.88,14.99,14.22,14.56,799923,0
GATO.US,D,20210322,000000,14.3,14.33,13.2,13.21,485574,0
GATO.US,D,20210323,000000,13.1,13.138,11.86,11.9,655452,0
GATO.US,D,20210324,000000,12.02,12.57,11.75,11.76,271013,0
GATO.US,D,20210325,000000,11.62,11.92,10.97,11.5,465300,0
GATO.US,D,20210326,000000,11.77,11.77,10.99,11.49,302692,0
GATO.US,D,20210329,000000,11.6,11.6,10.34,10.84,356196,0
GATO.US,D,20210330,000000,10.74,10.9,10.18,10.2,384418,0
GATO.US,D,20210331,000000,10.38,10.56,9.88,9.97,568235,0
GATO.US,D,20210401,000000,10.23,10.65,10.02,10.49,737197,0
GATO.US,D,20210405,000000,10.74,10.74,9.96,10.28,426844,0
GATO.US,D,20210406,000000,10.42,11.37,10.35,10.63,837509,0
GATO.US,D,20210407,000000,10.55,10.71,10.3,10.37,349887,0
GATO.US,D,20210408,000000,10.82,11.06,10.41,10.5,425458,0
GATO.US,D,20210409,000000,10.32,10.38,10.07,10.23,187997,0
GATO.US,D,20210412,000000,10.25,10.38,9.52,9.7,440287,0
GATO.US,D,20210413,000000,9.92,10.33,9.82,10.17,351301,0
GATO.US,D,20210414,000000,10.26,10.63,10.24,10.38,305897,0
GATO.US,D,20210415,000000,10.6,12.29,10.45,11.19,1809146,0
GATO.US,D,20210416,000000,11.36,11.425,10.3,10.33,735690,0
GATO.US,D,20210419,000000,10.55,10.56,9.26,9.32,1159255,0
GATO.US,D,20210420,000000,9.32,9.86,9.31,9.35,500194,0
GATO.US,D,20210421,000000,9.35,9.9999,9.32,9.98,640270,0
GATO.US,D,20210422,000000,9.93,10.13,9.731,9.86,378881,0
GATO.US,D,20210423,000000,10,10.55,9.87,10.39,478689,0
GATO.US,D,20210426,000000,10.53,11.38,10.47,11.18,586337,0
GATO.US,D,20210427,000000,11.19,11.59,10.9,10.98,501613,0
GATO.US,D,20210428,000000,10.8,12.14,10.75,11.97,534652,0
GATO.US,D,20210429,000000,11.91,12.02,11.05,11.52,457320,0
GATO.US,D,20210430,000000,11.39,11.8,11.38,11.48,843115,0
GATO.US,D,20210503,000000,11.99,12.07,11.52,11.74,513755,0
GATO.US,D,20210504,000000,11.74,11.94,11.05,11.32,608275,0
GATO.US,D,20210505,000000,11.42,11.45,11.12,11.33,178128,0
GATO.US,D,20210506,000000,11.7,11.92,11.37,11.49,582910,0
GATO.US,D,20210507,000000,11.82,11.92,11.12,11.81,687001,0
GATO.US,D,20210510,000000,12.2,13.19,11.4149,11.62,1080845,0
GATO.US,D,20210511,000000,11.3,12.5713,11.2101,12.52,513051,0
GATO.US,D,20210512,000000,12.44,12.99,11.75,12.07,677465,0
GATO.US,D,20210513,000000,11.85,12.142,11.215,11.4,537365,0
GATO.US,D,20210514,000000,11.74,12.21,11.58,12.17,327884,0
GATO.US,D,20210517,000000,12.32,14.215,12.32,14.14,945589,0
GATO.US,D,20210518,000000,14.17,14.67,13.53,13.98,578031,0
GATO.US,D,20210519,000000,13.84,14.38,13.5,13.95,553249,0
GATO.US,D,20210520,000000,13.76,15.41,13.72,15.34,862900,0
GATO.US,D,20210521,000000,15.58,16.22,15.29,16.19,829727,0
GATO.US,D,20210524,000000,16.12,16.5,15.37,16.24,632658,0
GATO.US,D,20210525,000000,15.97,16.825,15.52,16.45,732959,0
GATO.US,D,20210526,000000,16.65,17,15.42,15.88,621051,0
GATO.US,D,20210527,000000,16.2,16.44,15.62,16.44,672033,0
GATO.US,D,20210528,000000,16.21,17.15,16.21,17.04,592236,0
GATO.US,D,20210601,000000,17.4,17.4,16.61,17,548871,0
GATO.US,D,20210602,000000,17.13,17.28,16.725,17.26,319897,0
GATO.US,D,20210603,000000,16.7,16.86,15.6501,16.07,575668,0
GATO.US,D,20210604,000000,16.42,17.49,16.42,16.81,461858,0
GATO.US,D,20210607,000000,16.76,18.9154,16.7,18.56,917614,0
GATO.US,D,20210608,000000,18.4,18.58,17.76,18.26,388025,0
GATO.US,D,20210609,000000,18.33,18.66,17.925,18,346030,0
GATO.US,D,20210610,000000,17.91,20.26,17.91,19.38,1037942,0
GATO.US,D,20210611,000000,19.34,19.45,17.94,18.12,512988,0
GATO.US,D,20210614,000000,17.61,18.3699,17.35,17.93,448653,0
GATO.US,D,20210615,000000,17.96,18.96,17.58,18.68,725982,0
GATO.US,D,20210616,000000,18.76,19.36,18.25,18.98,740291,0
GATO.US,D,20210617,000000,17.81,18.58,16.18,17.94,2085938,0
GATO.US,D,20210618,000000,17.94,18.84,17.675,18.73,1223255,0
GATO.US,D,20210621,000000,18.35,19.45,17.901,18.46,1184417,0
GATO.US,D,20210622,000000,18.16,18.35,17.44,18.08,449279,0
GATO.US,D,20210623,000000,18.43,19.35,18.1,18.81,581298,0
GATO.US,D,20210624,000000,18.99,19.8299,18.68,19.3,492847,0
GATO.US,D,20210625,000000,19.62,19.66,17.7,17.76,2182486,0
GATO.US,D,20210628,000000,17.79,18.245,16.34,16.78,737853,0
GATO.US,D,20210629,000000,16.27,16.86,16.27,16.45,386001,0
GATO.US,D,20210630,000000,16.58,17.72,16.41,17.49,480313,0
GATO.US,D,20210701,000000,17.93,17.98,17.09,17.61,203308,0
GATO.US,D,20210702,000000,17.95,18.4,17.5901,18.06,292177,0
GATO.US,D,20210706,000000,18.55,18.708,17.63,18.08,304686,0
GATO.US,D,20210707,000000,18.08,18.75,17.825,18.61,282155,0
GATO.US,D,20210708,000000,18.75,19.1,17.665,18.65,424362,0
GATO.US,D,20210709,000000,18.4,19.45,18.22,19.43,245527,0
GATO.US,D,20210712,000000,19.36,20,18.94,19.37,393607,0
GATO.US,D,20210713,000000,17.66,17.97,14.81,15.31,2137981,0
GATO.US,D,20210714,000000,15.7,15.705,14.225,14.52,2102420,0
GATO.US,D,20210715,000000,14,14.085,13.355,13.43,6283942,0
GATO.US,D,20210716,000000,13.37,13.55,12.55,12.68,2154369,0
GATO.US,D,20210719,000000,12.3,12.87,12.08,12.7,1265066,0
GATO.US,D,20210720,000000,13.25,13.25,12.45,12.69,1647107,0
GATO.US,D,20210721,000000,12.68,14,12.59,13.72,1342428,0
GATO.US,D,20210722,000000,13.66,13.97,13.055,13.51,448223,0
GATO.US,D,20210723,000000,13.32,13.43,12.6417,13.05,654224,0
GATO.US,D,20210726,000000,13.26,13.8,13.1209,13.38,487952,0
GATO.US,D,20210727,000000,13.33,13.57,12.75,13.52,624945,0
GATO.US,D,20210728,000000,13.6,14.08,13.58,13.84,909237,0
GATO.US,D,20210729,000000,14.17,14.41,13.8,13.97,1086763,0
GATO.US,D,20210730,000000,13.95,14.08,13.6,13.64,598855,0
GATO.US,D,20210802,000000,13.73,13.95,13.54,13.58,297967,0
GATO.US,D,20210803,000000,13.59,13.99,13.5,13.94,433376,0
GATO.US,D,20210804,000000,14.02,14.18,13.44,13.63,534891,0
GATO.US,D,20210805,000000,13.46,14.16,13.45,13.7,618992,0
GATO.US,D,20210806,000000,13.5,13.7,12.84,13.5,875963,0
GATO.US,D,20210809,000000,13.5,13.9,12.9,13.03,1188162,0
GATO.US,D,20210810,000000,13.15,13.43,12.855,12.96,1352676,0
GATO.US,D,20210811,000000,13.1,14.2,12.86,14.03,962690,0
GATO.US,D,20210812,000000,13.9,13.97,13.23,13.57,485745,0
GATO.US,D,20210813,000000,13.73,13.95,13.49,13.63,490743,0
GATO.US,D,20210816,000000,13.53,13.53,12.8,12.96,618181,0
GATO.US,D,20210817,000000,12.67,13.01,12.35,12.57,433323,0
GATO.US,D,20210818,000000,12.56,12.65,11.94,12.47,979556,0
GATO.US,D,20210819,000000,12.35,12.5673,12.05,12.34,492906,0
GATO.US,D,20210820,000000,12.26,12.81,12.26,12.58,415476,0
GATO.US,D,20210823,000000,12.96,13.62,12.96,13.19,581072,0
GATO.US,D,20210824,000000,13.33,13.51,12.88,13.22,496926,0
GATO.US,D,20210825,000000,13.14,13.62,12.92,13.4,308192,0
GATO.US,D,20210826,000000,13.25,13.94,13.24,13.44,503952,0
GATO.US,D,20210827,000000,13.46,14.365,13.46,14.34,772188,0
GATO.US,D,20210830,000000,14.46,14.62,13.76,14,405046,0
GATO.US,D,20210831,000000,13.93,14.45,13.93,14.34,419665,0
GATO.US,D,20210901,000000,14.54,14.65,13.83,14.09,635514,0
GATO.US,D,20210902,000000,14.64,14.78,14.125,14.2,513421,0
GATO.US,D,20210903,000000,14.56,15.25,14.25,14.82,795811,0
GATO.US,D,20210907,000000,14.6,15.08,14.37,14.89,695937,0
GATO.US,D,20210908,000000,14.74,14.79,14.17,14.42,643856,0
GATO.US,D,20210909,000000,14.48,14.82,13.86,13.92,553245,0
GATO.US,D,20210910,000000,13.92,14.63,13.6,13.97,696384,0
GATO.US,D,20210913,000000,13.96,14.27,13.52,13.89,667933,0
GATO.US,D,20210914,000000,13.93,14.41,13.75,14.06,528560,0
GATO.US,D,20210915,000000,14.06,14.4,13.79,13.91,423371,0
GATO.US,D,20210916,000000,13.61,13.61,12.7,13.33,840429,0
GATO.US,D,20210917,000000,13.39,13.39,12.78,12.81,2869481,0
GATO.US,D,20210920,000000,12.48,12.9,12.28,12.53,909686,0
GATO.US,D,20210921,000000,12.71,12.89,12.339,12.59,740048,0
GATO.US,D,20210922,000000,12.65,12.86,12.27,12.35,727108,0
GATO.US,D,20210923,000000,12.25,12.59,12.1,12.39,664029,0
GATO.US,D,20210924,000000,12.21,12.55,12.09,12.09,581527,0
GATO.US,D,20210927,000000,12.16,12.53,12.06,12.19,564953,0
GATO.US,D,20210928,000000,12.1,12.1,11.66,11.85,522543,0
GATO.US,D,20210929,000000,11.85,11.9,11.03,11.15,1025785,0
GATO.US,D,20210930,000000,11.46,11.9,11.22,11.63,891270,0
GATO.US,D,20211001,000000,11.82,11.82,11.3,11.49,590545,0
GATO.US,D,20211004,000000,11.42,11.52,11.15,11.25,544000,0
GATO.US,D,20211005,000000,11.14,11.195,10.8,11.1,767537,0
GATO.US,D,20211006,000000,11.11,11.18,10.8,11.1,617939,0
GATO.US,D,20211007,000000,10.93,11.34,10.73,10.79,950047,0
GATO.US,D,20211008,000000,11.05,11.2355,10.87,10.93,518121,0
GATO.US,D,20211011,000000,10.89,11.04,10.72,10.73,313130,0
GATO.US,D,20211012,000000,10.82,11.18,10.7,11.14,705975,0
GATO.US,D,20211013,000000,11.37,12.36,11.37,12.03,1024650,0
GATO.US,D,20211014,000000,12.26,12.4599,12.03,12.26,655653,0
GATO.US,D,20211015,000000,11.99,12.31,11.87,12,415686,0
GATO.US,D,20211018,000000,11.95,12.0399,11.51,11.52,526987,0
GATO.US,D,20211019,000000,12.11,12.41,11.8,12.13,616041,0
GATO.US,D,20211020,000000,12.32,12.98,12.11,12.76,856757,0
GATO.US,D,20211021,000000,12.58,12.8805,12.46,12.8,543558,0
GATO.US,D,20211022,000000,12.96,13.48,12.72,12.83,897945,0
GATO.US,D,20211025,000000,12.93,13.17,12.6,13,539393,0
GATO.US,D,20211026,000000,12.92,12.98,12.68,12.87,391256,0
GATO.US,D,20211027,000000,12.76,13.35,12.68,13.05,485834,0
GATO.US,D,20211028,000000,13.1,13.22,12.775,12.99,744922,0
GATO.US,D,20211029,000000,12.72,12.785,11.81,12.1,1354774,0
GATO.US,D,20211101,000000,12.26,12.76,11.96,12.59,395110,0
GATO.US,D,20211102,000000,12.39,12.54,11.75,12.03,739559,0
GATO.US,D,20211103,000000,11.81,12.52,11.8,12.42,415433,0
GATO.US,D,20211104,000000,12.7,12.9,12.34,12.46,393839,0
GATO.US,D,20211105,000000,12.62,12.97,12.33,12.91,620555,0
GATO.US,D,20211108,000000,12.84,13.08,12.37,12.85,510725,0
GATO.US,D,20211109,000000,12.74,13.38,12.65,13.3,629694,0
GATO.US,D,20211110,000000,13.67,13.989,13.38,13.4,710933,0
GATO.US,D,20211111,000000,13.85,13.89,13.29,13.61,638427,0
GATO.US,D,20211112,000000,13.47,14.19,13.43,13.98,734555,0
GATO.US,D,20211115,000000,13.97,14.25,13.67,13.71,462569,0
GATO.US,D,20211116,000000,13.54,13.76,13.28,13.76,659470,0
GATO.US,D,20211117,000000,14.04,14.59,13.972,14.31,591502,0
GATO.US,D,20211118,000000,14.14,14.27,13.9,14.23,333898,0
GATO.US,D,20211119,000000,14.12,14.63,14.07,14.11,452486,0
GATO.US,D,20211122,000000,13.57,14.22,13.28,13.55,661994,0
GATO.US,D,20211123,000000,13.18,13.59,13.01,13.4,649775,0
GATO.US,D,20211124,000000,13.23,13.63,13.205,13.56,381135,0
GATO.US,D,20211126,000000,13.3,13.4751,12.72,13.27,434504,0
GATO.US,D,20211129,000000,13.18,13.4,12.99,13.16,451528,0
GATO.US,D,20211130,000000,13.3,13.56,12.77,13.51,1930270,0
GATO.US,D,20211201,000000,13.68,13.68,11.5,11.51,938161,0
GATO.US,D,20211202,000000,11.71,11.7876,10.71,11.39,967871,0
GATO.US,D,20211203,000000,11.34,11.52,10.94,11.28,690029,0
GATO.US,D,20211206,000000,11.09,11.5,10.86,11.49,406788,0
GATO.US,D,20211207,000000,11.52,11.92,11.5,11.6,320924,0
GATO.US,D,20211208,000000,11.6,12.02,11.41,11.98,502842,0
GATO.US,D,20211209,000000,11.67,11.69,11.31,11.38,461058,0
GATO.US,D,20211210,000000,11.61,11.61,11.09,11.13,359535,0
GATO.US,D,20211213,000000,11.13,11.7132,10.81,10.9,943971,0
GATO.US,D,20211214,000000,10.65,10.85,10.25,10.3,897985,0
GATO.US,D,20211215,000000,10.19,10.37,9.67,10.3,1193173,0
GATO.US,D,20211216,000000,10.68,10.95,10.4,10.46,1151742,0
GATO.US,D,20211217,000000,10.51,10.61,10.05,10.17,3394532,0
GATO.US,D,20211220,000000,10,10.41,9.92,10.07,557969,0
GATO.US,D,20211221,000000,10.3,10.82,10.25,10.71,901577,0
GATO.US,D,20211222,000000,10.69,11.039,10.57,10.88,664074,0
GATO.US,D,20211223,000000,10.79,10.94,10.61,10.8,516764,0
GATO.US,D,20211227,000000,10.71,10.94,10.5,10.6,514464,0
GATO.US,D,20211228,000000,10.59,10.86,10.31,10.34,309594,0
GATO.US,D,20211229,000000,10.14,10.29,9.88,9.93,458490,0
GATO.US,D,20211230,000000,9.96,10.32,9.96,10.13,580523,0
GATO.US,D,20211231,000000,10.28,10.4489,10.2,10.38,390277,0
GATO.US,D,20220103,000000,10.23,10.59,10.13,10.37,753955,0
GATO.US,D,20220104,000000,10.47,10.55,10.16,10.18,521283,0
GATO.US,D,20220105,000000,10.24,10.58,9.78,9.8,476493,0
GATO.US,D,20220106,000000,9.56,9.75,9.22,9.37,821142,0
GATO.US,D,20220107,000000,9.4,9.67,9.17,9.57,489718,0
GATO.US,D,20220110,000000,9.65,10.14,9.53,10.14,596388,0
GATO.US,D,20220111,000000,10.22,10.4247,10.05,10.29,592818,0
GATO.US,D,20220112,000000,10.46,10.6,10.29,10.5,547172,0
GATO.US,D,20220113,000000,10.5,10.545,10.1,10.13,497272,0
GATO.US,D,20220114,000000,10.15,10.32,9.81,10.05,410315,0
GATO.US,D,20220118,000000,9.93,10.37,9.76,10.2,849176,0
GATO.US,D,20220119,000000,10.42,11.65,10.3,11.35,1554525,0
GATO.US,D,20220120,000000,11.64,11.699,11.07,11.08,966418,0
GATO.US,D,20220121,000000,11.12,11.12,10.28,10.3,886818,0
GATO.US,D,20220124,000000,10.02,10.12,9.36,10.06,1014324,0
GATO.US,D,20220125,000000,9.86,10.25,9.58,10.19,724419,0
GATO.US,D,20220126,000000,4.22,4.32,3,3.17,18403134,0
GATO.US,D,20220127,000000,3.07,3.08,2.68,2.81,6907505,0
GATO.US,D,20220128,000000,2.77,3.06,2.77,3.06,4442425,0
GATO.US,D,20220131,000000,3.08,3.249,2.96,3.11,3505417,0
GATO.US,D,20220201,000000,3.19,3.37,3.07,3.23,2284414,0
GATO.US,D,20220202,000000,3.25,3.35,3.05,3.25,2690255,0
GATO.US,D,20220203,000000,3.2,3.245,2.965,2.99,2575684,0
GATO.US,D,20220204,000000,2.94,3.12,2.91,3.11,3023228,0
GATO.US,D,20220207,000000,3.07,3.42,3.07,3.4,2565047,0
GATO.US,D,20220208,000000,3.35,3.47,3.24,3.45,1279320,0
GATO.US,D,20220209,000000,3.47,3.47,3.25,3.31,1834008,0
GATO.US,D,20220210,000000,3.24,3.565,3.2133,3.3,1317960,0
GATO.US,D,20220211,000000,3.27,3.46,3.24,3.36,1155073,0
GATO.US,D,20220214,000000,3.41,3.54,3.37,3.52,1462347,0
GATO.US,D,20220215,000000,3.41,3.58,3.29,3.57,1215620,0
GATO.US,D,20220216,000000,3.54,3.62,3.34,3.46,2038900,0
GATO.US,D,20220217,000000,3.43,3.5096,3.32,3.39,1123047,0
GATO.US,D,20220218,000000,3.38,3.39,3.18,3.2,878103,0
GATO.US,D,20220222,000000,3.22,3.32,3.1,3.18,1113921,0
GATO.US,D,20220223,000000,3.15,3.33,3.15,3.21,1006885,0
GATO.US,D,20220224,000000,3.31,3.4,3.16,3.36,1455430,0
GATO.US,D,20220225,000000,3.34,3.3557,3.18,3.35,1120773,0
GATO.US,D,20220228,000000,3.4,3.48,3.32,3.37,1310872,0
GATO.US,D,20220301,000000,3.34,3.72,3.34,3.7,1270075,0
GATO.US,D,20220302,000000,3.56,3.79,3.53,3.77,994356,0
GATO.US,D,20220303,000000,3.77,3.85,3.64,3.82,1035636,0
GATO.US,D,20220304,000000,3.88,3.93,3.79,3.84,1098916,0
GATO.US,D,20220307,000000,3.94,4.37,3.92,4.17,1716667,0
GATO.US,D,20220308,000000,4.31,4.77,4.22,4.25,2673896,0
GATO.US,D,20220309,000000,4.11,4.745,3.94,4.72,1479513,0
GATO.US,D,20220310,000000,4.69,4.9,4.61,4.77,901230,0
GATO.US,D,20220311,000000,4.7,4.81,4.49,4.63,1211803,0
GATO.US,D,20220314,000000,4.525,4.55,4.32,4.42,1488284,0
GATO.US,D,20220315,000000,4.35,4.74,4.27,4.69,1417155,0
GATO.US,D,20220316,000000,4.6,4.94,4.57,4.94,1388012,0
GATO.US,D,20220317,000000,5.04,5.465,5.03,5.18,1749631,0
GATO.US,D,20220318,000000,5.09,5.28,4.92,5.27,5134493,0
GATO.US,D,20220321,000000,5.23,5.26,4.92,4.95,1365963,0
GATO.US,D,20220322,000000,4.95,4.97,4.6,4.68,697246,0
GATO.US,D,20220323,000000,4.68,4.83,4.565,4.6,965401,0
GATO.US,D,20220324,000000,4.66,4.87,4.64,4.73,1512511,0
GATO.US,D,20220325,000000,4.74,4.77,4.3,4.36,916793,0
GATO.US,D,20220328,000000,4.27,4.31,4.06,4.13,849634,0
GATO.US,D,20220329,000000,4.05,4.41,4.03,4.39,751621,0
GATO.US,D,20220330,000000,4.42,4.4999,4.215,4.24,502189,0
GATO.US,D,20220331,000000,4.26,4.39,4.19,4.32,720341,0
GATO.US,D,20220401,000000,4.28,4.445,4.27,4.44,440845,0
GATO.US,D,20220404,000000,4.51,4.68,4.47,4.64,763819,0
GATO.US,D,20220405,000000,4.67,4.74,4.47,4.49,663737,0
GATO.US,D,20220406,000000,4.47,4.5,4.3,4.4,531298,0
GATO.US,D,20220407,000000,4.38,4.53,4.35,4.49,453044,0
GATO.US,D,20220408,000000,4.68,4.94,4.67,4.72,1214292,0
GATO.US,D,20220411,000000,4.85,4.86,4.5,4.56,704351,0
GATO.US,D,20220412,000000,4.71,4.88,4.62,4.76,740484,0
GATO.US,D,20220413,000000,4.81,5.185,4.81,5.13,711952,0
GATO.US,D,20220414,000000,5.17,5.17,4.895,5.01,504088,0
GATO.US,D,20220418,000000,5.13,5.19,4.685,4.7,587074,0
GATO.US,D,20220419,000000,4.7,4.785,4.6,4.69,499111,0
GATO.US,D,20220420,000000,4.75,4.87,4.56,4.61,497265,0
GATO.US,D,20220421,000000,4.62,4.645,4.195,4.32,838809,0
GATO.US,D,20220422,000000,4.18,4.26,3.98,4.03,871832,0
GATO.US,D,20220425,000000,3.95,3.98,3.675,3.84,963950,0
GATO.US,D,20220426,000000,3.83,3.8422,3.455,3.49,646368,0
GATO.US,D,20220427,000000,3.56,3.645,3.42,3.43,547327,0
GATO.US,D,20220428,000000,3.41,3.47,3.14,3.46,1045389,0
GATO.US,D,20220429,000000,3.54,3.58,3.31,3.38,1224265,0
GATO.US,D,20220502,000000,3.25,3.3,3.135,3.21,1326196,0
GATO.US,D,20220503,000000,3.21,3.4,3.11,3.32,791220,0
GATO.US,D,20220504,000000,3.32,3.42,3.15,3.39,806709,0
GATO.US,D,20220505,000000,3.37,3.372,3.04,3.12,886269,0
GATO.US,D,20220506,000000,3.17,3.17,2.93,2.98,542275,0
GATO.US,D,20220509,000000,3.06,3.06,2.75,2.81,1033541,0
GATO.US,D,20220510,000000,2.99,3.02,2.79,2.87,1369200,0
GATO.US,D,20220511,000000,2.92,3.2,2.89,2.94,1222550,0
GATO.US,D,20220512,000000,2.81,2.92,2.7,2.9,1842201,0
GATO.US,D,20220513,000000,2.9,3.24,2.84,3.13,1052356,0
GATO.US,D,20220516,000000,3.16,3.25,3.06,3.09,755093,0
GATO.US,D,20220517,000000,3.17,3.32,3.13,3.26,603450,0
GATO.US,D,20220518,000000,3.23,3.23,2.93,2.94,774263,0
GATO.US,D,20220519,000000,3,3.2,3,3.05,739042,0
GATO.US,D,20220520,000000,3.05,3.13,2.895,3,840162,0
GATO.US,D,20220523,000000,3.05,3.1,2.985,3.08,460723,0
GATO.US,D,20220524,000000,3.06,3.105,2.925,3.08,828505,0
GATO.US,D,20220525,000000,3.03,3.11,2.98,3.09,498172,0
GATO.US,D,20220526,000000,3.1,3.225,3.05,3.2,523124,0
GATO.US,D,20220527,000000,3.27,3.295,3.175,3.21,528650,0
GATO.US,D,20220531,000000,3.13,3.28,3.07,3.08,2179346,0
GATO.US,D,20220601,000000,3.25,3.26,3,3.1,945098,0
GATO.US,D,20220602,000000,3.13,3.515,3.13,3.47,753664,0
GATO.US,D,20220603,000000,3.4,3.435,3.31,3.4,593226,0
GATO.US,D,20220606,000000,3.39,3.4554,3.07,3.2,968898,0
GATO.US,D,20220607,000000,3.14,3.44,3.1,3.42,977294,0
GATO.US,D,20220608,000000,3.39,3.4,3.305,3.32,474095,0
GATO.US,D,20220609,000000,3.29,3.42,3.17,3.29,828660,0
GATO.US,D,20220610,000000,3.19,3.53,3.14,3.53,734227,0
GATO.US,D,20220613,000000,3.39,3.39,3.14,3.2,887739,0
GATO.US,D,20220614,000000,3.18,3.1924,3,3.01,527144,0
GATO.US,D,20220615,000000,3.12,3.155,2.93,3.07,905177,0
GATO.US,D,20220616,000000,3.01,3.055,2.85,2.98,843549,0
GATO.US,D,20220617,000000,2.98,3.04,2.885,2.93,1248562,0
GATO.US,D,20220621,000000,2.97,3.21,2.935,3.12,743825,0
GATO.US,D,20220622,000000,3.13,3.26,3.075,3.13,844460,0
GATO.US,D,20220623,000000,3.14,3.2,2.895,2.98,1088520,0
GATO.US,D,20220624,000000,3,3.4,2.9698,3.32,6637286,0
GATO.US,D,20220627,000000,3.38,3.47,3.16,3.16,858273,0
GATO.US,D,20220628,000000,3.19,3.26,2.935,2.95,965983,0
GATO.US,D,20220629,000000,3,3.02,2.885,2.91,907712,0
GATO.US,D,20220630,000000,2.85,2.98,2.84,2.87,1126523,0
GATO.US,D,20220701,000000,2.79,2.93,2.755,2.92,1025765,0
GATO.US,D,20220705,000000,2.91,2.96,2.55,2.63,956471,0
GATO.US,D,20220706,000000,2.66,2.7,2.4,2.5,659446,0
GATO.US,D,20220707,000000,2.5,2.685,2.5,2.58,651231,0
GATO.US,D,20220708,000000,2.62,2.7,2.535,2.64,438267,0
GATO.US,D,20220711,000000,2.64,2.73,2.58,2.61,627143,0
GATO.US,D,20220712,000000,2.62,2.97,2.61,2.91,779693,0
GATO.US,D,20220713,000000,2.89,3.085,2.831,3.08,681738,0
GATO.US,D,20220714,000000,2.97,2.995,2.795,2.97,556859,0
GATO.US,D,20220715,000000,2.97,2.97,2.69,2.82,485537,0
GATO.US,D,20220718,000000,2.88,2.965,2.82,2.91,451048,0
GATO.US,D,20220719,000000,2.96,3.04,2.88,2.94,613951,0
GATO.US,D,20220720,000000,2.98,3.13,2.93,2.98,434032,0
GATO.US,D,20220721,000000,2.98,3.1,2.945,3.1,422102,0
GATO.US,D,20220722,000000,3.09,3.22,2.935,2.97,352275,0
GATO.US,D,20220725,000000,2.96,2.99,2.805,2.93,339013,0
GATO.US,D,20220726,000000,2.93,3.07,2.93,3.02,318535,0
GATO.US,D,20220727,000000,3.06,3.26,2.95,3.26,401460,0
GATO.US,D,20220728,000000,3.33,3.54,3.28,3.48,450488,0
GATO.US,D,20220729,000000,3.51,3.785,3.38,3.72,341204,0
GATO.US,D,20220801,000000,3.7,3.7,3.47,3.57,259579,0
GATO.US,D,20220802,000000,3.67,3.76,3.45,3.62,410966,0
GATO.US,D,20220803,000000,3.67,3.92,3.64,3.91,524461,0
GATO.US,D,20220804,000000,4.02,4.36,3.82,4.27,783801,0
GATO.US,D,20220805,000000,4.09,4.255,3.995,4.25,451713,0
GATO.US,D,20220808,000000,4.33,4.42,4.235,4.37,384374,0
GATO.US,D,20220809,000000,4.37,4.42,4.13,4.33,345039,0
GATO.US,D,20220810,000000,4.39,4.44,4.22,4.3,309143,0
GATO.US,D,20220811,000000,4.34,4.34,3.93,3.95,358047,0
GATO.US,D,20220812,000000,4.03,4.31,3.96,4.28,305179,0
GATO.US,D,20220815,000000,4.17,4.3,4.09,4.21,276289,0
GATO.US,D,20220816,000000,4.15,4.21,4,4.02,223623,0
GATO.US,D,20220817,000000,3.97,3.97,3.67,3.67,269456,0
GATO.US,D,20220818,000000,3.69,3.77,3.62,3.64,255203,0
GATO.US,D,20220819,000000,3.6,3.63,3.425,3.45,182387,0
GATO.US,D,20220822,000000,3.34,3.48,3.29,3.41,177782,0
GATO.US,D,20220823,000000,3.4,3.6501,3.4,3.5,172727,0
GATO.US,D,20220824,000000,3.47,3.65,3.45,3.63,155570,0
GATO.US,D,20220825,000000,3.68,3.68,3.46,3.51,162554,0
GATO.US,D,20220826,000000,3.44,3.49,3.15,3.27,234830,0
GATO.US,D,20220829,000000,3.2,3.34,3.07,3.09,270392,0
GATO.US,D,20220830,000000,3.12,3.155,3.0389,3.07,250243,0
GATO.US,D,20220831,000000,3.05,3.12,3.015,3.04,385543,0
GATO.US,D,20220901,000000,2.97,2.985,2.77,2.78,561505,0
GATO.US,D,20220902,000000,2.88,2.91,2.78,2.81,464684,0
GATO.US,D,20220906,000000,2.82,2.9,2.73,2.75,242657,0
GATO.US,D,20220907,000000,2.73,2.82,2.65,2.79,309283,0
GATO.US,D,20220908,000000,2.78,2.82,2.705,2.75,281091,0
GATO.US,D,20220909,000000,2.81,2.84,2.69,2.77,475204,0
GATO.US,D,20220912,000000,2.87,3.01,2.81,2.92,553813,0
GATO.US,D,20220913,000000,2.89,2.89,2.67,2.68,418530,0
GATO.US,D,20220914,000000,2.74,2.75,2.57,2.6,588811,0
GATO.US,D,20220915,000000,2.57,2.655,2.5,2.57,661641,0
GATO.US,D,20220916,000000,2.52,2.645,2.48,2.59,1238219,0
GATO.US,D,20220919,000000,2.61,2.69,2.5601,2.62,378898,0
GATO.US,D,20220920,000000,2.59,2.61,2.48,2.55,390219,0
GATO.US,D,20220921,000000,2.59,2.6601,2.5,2.57,398218,0
GATO.US,D,20220922,000000,2.61,2.6501,2.46,2.51,305637,0
GATO.US,D,20220923,000000,2.43,2.43,2.29,2.35,393000,0
GATO.US,D,20220926,000000,2.26,2.43,2.2,2.23,452579,0
GATO.US,D,20220927,000000,2.33,2.38,2.295,2.33,266973,0
GATO.US,D,20220928,000000,2.36,2.56,2.35,2.53,323768,0
GATO.US,D,20220929,000000,2.48,2.59,2.4,2.59,235933,0
GATO.US,D,20220930,000000,2.54,2.73,2.53,2.68,349664,0
GATO.US,D,20221003,000000,2.86,3.3,2.86,3.05,1249047,0
GATO.US,D,20221004,000000,3.3,3.34,3.06,3.21,361599,0
GATO.US,D,20221005,000000,3.12,3.21,2.97,3.2,453134,0
GATO.US,D,20221006,000000,3.17,3.24,3.1,3.15,284599,0
GATO.US,D,20221007,000000,3.06,3.06,2.83,2.84,410918,0
GATO.US,D,20221010,000000,2.77,2.97,2.74,2.85,151291,0
GATO.US,D,20221011,000000,2.82,3.0022,2.57,2.58,951460,0
GATO.US,D,20221012,000000,2.79,3.43,2.78,3.33,2333662,0
GATO.US,D,20221013,000000,3.21,3.5,3.06,3.45,1185466,0
GATO.US,D,20221014,000000,3.38,3.48,3.06,3.11,411248,0
GATO.US,D,20221017,000000,3.2,3.36,3.2,3.24,193500,0
GATO.US,D,20221018,000000,3.33,3.48,3.32,3.45,308231,0
GATO.US,D,20221019,000000,3.35,3.35,3.105,3.16,362363,0
GATO.US,D,20221020,000000,3.18,3.43,3.15,3.24,422623,0
GATO.US,D,20221021,000000,3.29,3.462,3.21,3.43,275348,0
GATO.US,D,20221024,000000,3.41,3.475,3.29,3.46,345412,0
GATO.US,D,20221025,000000,3.46,3.68,3.46,3.5,326666,0
GATO.US,D,20221026,000000,3.56,3.82,3.56,3.74,339936,0
GATO.US,D,20221027,000000,3.78,3.78,3.4614,3.5,223917,0
GATO.US,D,20221028,000000,3.43,3.43,3.25,3.37,183672,0
GATO.US,D,20221031,000000,3.35,3.41,3.27,3.3,114833,0
GATO.US,D,20221101,000000,3.42,3.52,3.36,3.37,178555,0
GATO.US,D,20221102,000000,3.39,3.52,3.05,3.11,378850,0
GATO.US,D,20221103,000000,3.01,3.19,2.9901,3.13,165773,0
GATO.US,D,20221104,000000,3.32,3.53,3.28,3.49,271606,0
GATO.US,D,20221107,000000,3.53,3.635,3.5,3.56,210272,0
GATO.US,D,20221108,000000,3.53,3.89,3.42,3.76,371356,0
GATO.US,D,20221109,000000,3.68,3.7,3.32,3.33,243475,0
GATO.US,D,20221110,000000,3.65,3.78,3.52,3.66,407922,0
GATO.US,D,20221111,000000,3.69,3.93,3.67,3.89,284511,0
GATO.US,D,20221114,000000,3.8,4.09,3.79,4.02,262429,0
GATO.US,D,20221115,000000,4.08,4.11,3.7,3.7,216632,0
GATO.US,D,20221116,000000,3.7,3.73,3.605,3.63,130380,0
GATO.US,D,20221117,000000,3.52,3.57,3.44,3.52,151982,0
GATO.US,D,20221118,000000,3.51,3.566,3.44,3.56,99302,0
GATO.US,D,20221121,000000,3.51,3.55,3.365,3.43,149775,0
GATO.US,D,20221122,000000,3.48,3.671,3.4,3.59,187887,0
GATO.US,D,20221123,000000,3.59,3.72,3.55,3.69,143426,0
GATO.US,D,20221125,000000,3.75,3.77,3.56,3.58,104338,0
GATO.US,D,20221128,000000,3.54,3.59,3.39,3.41,199626,0
GATO.US,D,20221129,000000,3.51,3.6559,3.465,3.63,167409,0
GATO.US,D,20221130,000000,3.72,3.81,3.6,3.81,323369,0
GATO.US,D,20221201,000000,3.93,4.09,3.92,4,262728,0
GATO.US,D,20221202,000000,3.85,4.15,3.845,4.08,270012,0
GATO.US,D,20221205,000000,4.01,4.045,3.82,3.83,200063,0
GATO.US,D,20221206,000000,3.8,3.945,3.8,3.86,165656,0
GATO.US,D,20221207,000000,3.88,4.09,3.88,4.07,224616,0
GATO.US,D,20221208,000000,4.14,4.15,3.99,4.02,192781,0
GATO.US,D,20221209,000000,4.03,4.27,3.97,4.03,300700,0
GATO.US,D,20221212,000000,4.01,4.175,3.91,4.11,160473,0
GATO.US,D,20221213,000000,4.29,4.68,4.29,4.43,520488,0
GATO.US,D,20221214,000000,4.4,4.49,4.22,4.22,361817,0
GATO.US,D,20221215,000000,4.02,4.14,3.94,3.94,287217,0
GATO.US,D,20221216,000000,3.9,4.05,3.88,3.94,1021894,0
GATO.US,D,20221219,000000,3.95,4.065,3.91,3.94,464050,0
GATO.US,D,20221220,000000,4.01,4.11,3.71,3.85,1347413,0
GATO.US,D,20221221,000000,3.9,3.98,3.85,3.93,372421,0
GATO.US,D,20221222,000000,3.85,4.3,3.75,4.28,638317,0
GATO.US,D,20221223,000000,4.32,4.37,4.12,4.29,382908,0
GATO.US,D,20221227,000000,4.28,4.505,4.25,4.5,233472,0
GATO.US,D,20221228,000000,4.41,4.4369,4.23,4.23,212371,0
GATO.US,D,20221229,000000,4.31,4.385,4.14,4.14,223846,0
GATO.US,D,20221230,000000,4.15,4.19,4.035,4.09,90352,0
GATO.US,D,20230103,000000,4.14,4.49,4.14,4.31,393855,0
GATO.US,D,20230104,000000,4.41,4.4997,4.33,4.48,395204,0
GATO.US,D,20230105,000000,4.35,4.39,4.145,4.28,211993,0
GATO.US,D,20230106,000000,4.4,4.49,4.28,4.28,159717,0
GATO.US,D,20230109,000000,4.29,4.4,4.24,4.36,253163,0
GATO.US,D,20230110,000000,4.35,4.485,4.29,4.42,217129,0
GATO.US,D,20230111,000000,4.55,5.02,4.48,4.89,1122243,0
GATO.US,D,20230112,000000,5.02,5.195,4.94,4.94,425790,0
GATO.US,D,20230113,000000,4.89,5.185,4.88,5.16,311484,0
GATO.US,D,20230117,000000,5.05,5.09,4.87,5.02,306439,0
GATO.US,D,20230118,000000,5.13,5.2201,4.88,4.88,194318,0
GATO.US,D,20230119,000000,4.88,5.04,4.82,4.97,230334,0
GATO.US,D,20230120,000000,5,5.25,4.96,5.25,351697,0
GATO.US,D,20230123,000000,5.2,5.29,5.06,5.18,306354,0
GATO.US,D,20230124,000000,5.2,5.3767,5.02,5.3,231746,0
GATO.US,D,20230125,000000,5.15,5.5,5.125,5.44,364610,0
GATO.US,D,20230126,000000,5.44,5.625,5.39,5.46,321189,0
GATO.US,D,20230127,000000,5.37,5.37,5.1025,5.24,288352,0
GATO.US,D,20230130,000000,5.16,5.24,5.03,5.15,253937,0
GATO.US,D,20230131,000000,5.11,5.29,5.04,5.16,204197,0
GATO.US,D,20230201,000000,5.18,5.5,5.09,5.39,404970,0
GATO.US,D,20230202,000000,5.52,5.54,5.14,5.28,435298,0
GATO.US,D,20230203,000000,5.09,5.2,4.99,5.16,382752,0
GATO.US,D,20230206,000000,5.01,5.12,4.88,4.94,241014,0
GATO.US,D,20230207,000000,4.96,5.06,4.87,4.94,285141,0
GATO.US,D,20230208,000000,5,5,4.82,4.83,229647,0
GATO.US,D,20230209,000000,4.88,4.9015,4.59,4.61,401933,0
GATO.US,D,20230210,000000,4.53,4.73,4.51,4.68,294019,0
GATO.US,D,20230213,000000,4.68,4.71,4.495,4.67,332537,0
GATO.US,D,20230214,000000,4.68,4.87,4.58,4.81,300705,0
GATO.US,D,20230215,000000,4.67,4.71,4.57,4.71,255475,0
GATO.US,D,20230216,000000,4.64,4.91,4.532,4.82,306254,0
GATO.US,D,20230217,000000,4.7,4.8,4.68,4.71,203220,0
GATO.US,D,20230221,000000,4.68,4.76,4.47,4.49,307604,0
GATO.US,D,20230222,000000,4.46,4.64,4.375,4.54,350985,0
GATO.US,D,20230223,000000,4.57,4.64,4.38,4.51,298195,0
GATO.US,D,20230224,000000,4.51,4.51,4.055,4.09,422936,0
GATO.US,D,20230227,000000,4.11,4.2201,4.05,4.06,198226,0
GATO.US,D,20230228,000000,4.06,4.15,4,4.04,212158,0
GATO.US,D,20230301,000000,4.09,4.46,4.09,4.44,246546,0
GATO.US,D,20230302,000000,4.4,4.58,4.33,4.56,219503,0
GATO.US,D,20230303,000000,4.56,4.75,4.51,4.69,274575,0
GATO.US,D,20230306,000000,4.66,4.675,4.435,4.45,486577,0
GATO.US,D,20230307,000000,4.33,4.53,4.33,4.51,820259,0
GATO.US,D,20230308,000000,4.52,4.59,4.39,4.41,402073,0
GATO.US,D,20230309,000000,4.48,4.4927,4.37,4.44,355148,0
GATO.US,D,20230310,000000,4.46,4.625,4.41,4.6,577536,0
GATO.US,D,20230313,000000,4.84,5.18,4.44,4.5,1123146,0
GATO.US,D,20230314,000000,4.5,4.75,4.5,4.59,552889,0
GATO.US,D,20230315,000000,4.69,4.74,4.485,4.51,998418,0
GATO.US,D,20230316,000000,4.5,4.61,4.49,4.51,780711,0
GATO.US,D,20230317,000000,4.67,4.85,4.5,4.69,1185238,0
GATO.US,D,20230320,000000,4.81,4.87,4.62,4.73,649873,0
GATO.US,D,20230321,000000,4.6,4.65,4.5,4.63,720823,0
GATO.US,D,20230322,000000,4.69,4.778,4.62,4.63,324205,0
GATO.US,D,20230323,000000,4.63,4.78,4.605,4.7,327491,0
GATO.US,D,20230324,000000,4.73,4.73,4.5,4.61,392440,0
GATO.US,D,20230327,000000,4.58,4.71,4.58,4.66,235922,0
GATO.US,D,20230328,000000,4.8,5.14,4.73,5.08,535188,0
GATO.US,D,20230329,000000,5.1,5.6956,5.1,5.64,727087,0
GATO.US,D,20230330,000000,5.65,6.79,5.56,6.73,2290018,0
GATO.US,D,20230331,000000,6.6,6.78,6.375,6.53,1308364,0
GATO.US,D,20230403,000000,6.45,6.9,6.31,6.81,1197794,0
GATO.US,D,20230404,000000,6.88,6.94,5.81,6.36,1141094,0
GATO.US,D,20230405,000000,6.39,6.74,6.29,6.66,759275,0
GATO.US,D,20230406,000000,6.56,6.9,6.5,6.7,750016,0
GATO.US,D,20230410,000000,6.65,6.81,6.51,6.66,759502,0
GATO.US,D,20230411,000000,6.73,7.49,6.64,7.19,1065791,0
GATO.US,D,20230412,000000,7.44,7.44,7.01,7.22,742201,0
GATO.US,D,20230413,000000,7.4,7.4282,7.145,7.37,638985,0
GATO.US,D,20230414,000000,7.33,7.33,7.03,7.18,378050,0
GATO.US,D,20230417,000000,7.15,7.3,7.06,7.11,418455,0
GATO.US,D,20230418,000000,7.06,7.27,6.78,6.89,606369,0
GATO.US,D,20230419,000000,6.75,6.85,6.52,6.57,439277,0
GATO.US,D,20230420,000000,6.62,6.8,6.55,6.66,345081,0
GATO.US,D,20230421,000000,6.5,6.5,6.025,6.2,621373,0
GATO.US,D,20230424,000000,6.17,6.3,6,6.2,367615,0
GATO.US,D,20230425,000000,6.16,6.16,5.9,6.12,412739,0
GATO.US,D,20230426,000000,6.21,6.245,5.975,6,351024,0
GATO.US,D,20230427,000000,6.05,6.1174,5.86,6.08,367930,0
GATO.US,D,20230428,000000,6.12,6.15,5.9,5.97,484180,0
GATO.US,D,20230501,000000,6.03,6.44,6.01,6.07,446032,0
GATO.US,D,20230502,000000,6.02,6.47,5.91,6.43,509545,0
GATO.US,D,20230503,000000,6.33,6.56,6.26,6.35,496548,0
GATO.US,D,20230504,000000,6.48,6.5891,6.3001,6.38,367357,0
GATO.US,D,20230505,000000,6.12,6.3399,5.92,6.32,417559,0
GATO.US,D,20230508,000000,6.35,6.3799,6.15,6.2,231164,0
GATO.US,D,20230509,000000,6.2,6.28,6.1,6.24,200608,0
GATO.US,D,20230510,000000,6.28,6.41,6.06,6.15,284257,0
GATO.US,D,20230511,000000,5.99,6.03,5.6,5.61,345283,0
GATO.US,D,20230512,000000,5.61,5.66,5.35,5.49,446625,0
GATO.US,D,20230515,000000,5.5,5.69,5.42,5.53,235505,0
GATO.US,D,20230516,000000,5.42,5.52,5.28,5.36,233002,0
GATO.US,D,20230517,000000,5.29,5.395,5.23,5.37,228882,0
GATO.US,D,20230518,000000,5.24,5.34,5.17,5.28,335133,0
GATO.US,D,20230519,000000,5.34,5.4,5.2,5.28,379846,0
GATO.US,D,20230522,000000,5.28,5.38,5.09,5.13,322617,0
GATO.US,D,20230523,000000,5.1,5.23,5.07,5.23,297788,0
GATO.US,D,20230524,000000,5.23,5.23,4.9901,5.05,335127,0
GATO.US,D,20230525,000000,5.06,5.06,4.815,4.88,288543,0
GATO.US,D,20230526,000000,4.99,4.99,4.7,4.71,263776,0
GATO.US,D,20230530,000000,4.69,4.75,4.48,4.52,356471,0
GATO.US,D,20230531,000000,4.52,4.72,4.45,4.5,532590,0
GATO.US,D,20230601,000000,4.52,4.795,4.52,4.72,374559,0
GATO.US,D,20230602,000000,4.7,4.7801,4.47,4.57,476527,0
GATO.US,D,20230605,000000,4.52,4.72,4.52,4.56,250161,0
GATO.US,D,20230606,000000,4.58,4.605,4.495,4.6,181945,0
GATO.US,D,20230607,000000,4.62,4.695,4.4873,4.5,653552,0
GATO.US,D,20230608,000000,4.6,4.71,4.43,4.43,349228,0
GATO.US,D,20230609,000000,4.4,4.445,4.28,4.31,296928,0
GATO.US,D,20230612,000000,4.23,4.2625,4.08,4.09,332157,0
GATO.US,D,20230613,000000,4.18,4.29,4.07,4.07,347891,0
GATO.US,D,20230614,000000,4.16,4.21,3.98,3.99,482726,0
GATO.US,D,20230615,000000,3.96,4.04,3.84,4.04,505342,0
GATO.US,D,20230616,000000,4.07,4.135,3.97,4.04,564321,0
GATO.US,D,20230620,000000,4,4,3.88,3.91,318228,0
GATO.US,D,20230621,000000,3.87,3.93,3.76,3.81,299543,0
GATO.US,D,20230622,000000,3.78,3.8,3.71,3.75,216380,0
GATO.US,D,20230623,000000,3.76,3.815,3.65,3.71,508329,0
GATO.US,D,20230626,000000,3.83,3.88,3.75,3.81,258315,0
GATO.US,D,20230627,000000,3.97,4.03,3.81,4,512243,0
GATO.US,D,20230628,000000,3.98,3.98,3.51,3.74,830175,0
GATO.US,D,20230629,000000,3.68,3.97,3.57,3.96,640645,0
GATO.US,D,20230630,000000,3.92,3.92,3.62,3.78,515906,0
GATO.US,D,20230703,000000,3.78,4.135,3.78,4.07,243618,0
GATO.US,D,20230705,000000,4.1,4.26,4.03,4.11,635894,0
GATO.US,D,20230706,000000,4.01,4.21,4.01,4.19,452819,0
GATO.US,D,20230707,000000,4.24,4.31,4.15,4.19,382106,0
GATO.US,D,20230710,000000,4.15,4.465,4.15,4.44,260418,0
GATO.US,D,20230711,000000,4.63,4.63,4.22,4.24,196060,0
GATO.US,D,20230712,000000,4.31,4.795,4.31,4.75,472621,0
GATO.US,D,20230713,000000,4.85,5.04,4.78,4.89,418883,0
GATO.US,D,20230714,000000,4.87,4.9196,4.735,4.83,272453,0
GATO.US,D,20230717,000000,4.68,4.76,4.6073,4.72,188550,0
GATO.US,D,20230718,000000,4.78,4.885,4.71,4.88,211756,0
GATO.US,D,20230719,000000,4.88,4.97,4.83,4.94,227491,0
GATO.US,D,20230720,000000,4.94,4.945,4.855,4.9,182006,0
GATO.US,D,20230721,000000,4.89,4.94,4.66,4.73,223931,0
GATO.US,D,20230724,000000,4.74,4.865,4.73,4.79,191406,0
GATO.US,D,20230725,000000,4.8,5.035,4.8,5,207452,0
GATO.US,D,20230726,000000,5,5.125,4.935,5.1,228405,0
GATO.US,D,20230727,000000,5.08,5.0897,4.85,4.92,441359,0
GATO.US,D,20230728,000000,5.01,5.03,4.9401,5.01,145548,0
GATO.US,D,20230731,000000,5.13,5.265,5.09,5.19,145702,0
GATO.US,D,20230801,000000,5.04,5.04,4.9,4.95,277361,0
GATO.US,D,20230802,000000,4.9,4.9,4.685,4.75,305867,0
GATO.US,D,20230803,000000,4.78,4.87,4.72,4.84,242812,0
GATO.US,D,20230804,000000,4.88,4.97,4.79,4.88,370888,0
GATO.US,D,20230807,000000,4.87,4.87,4.54,4.62,300993,0
GATO.US,D,20230808,000000,4.49,4.66,4.4,4.62,310400,0
GATO.US,D,20230809,000000,4.37,4.6,3.9,4.19,619639,0
GATO.US,D,20230810,000000,4.17,4.3925,4.12,4.36,319958,0
GATO.US,D,20230811,000000,4.36,4.43,4.245,4.32,1100261,0
GATO.US,D,20230814,000000,4.32,4.465,4.24,4.43,693194,0
GATO.US,D,20230815,000000,4.39,4.48,4.34,4.37,448796,0
GATO.US,D,20230816,000000,4.32,4.36,4.05,4.05,279108,0
GATO.US,D,20230817,000000,4.07,4.17,4.07,4.11,224328,0
GATO.US,D,20230818,000000,4.09,4.12,4.01,4.1,436235,0
GATO.US,D,20230821,000000,4.12,4.18,4.05,4.09,154032,0
GATO.US,D,20230822,000000,4.11,4.13,4.025,4.12,154615,0
GATO.US,D,20230823,000000,4.19,4.46,4.14,4.44,208543,0
GATO.US,D,20230824,000000,4.44,4.52,4.34,4.4,185766,0
GATO.US,D,20230825,000000,4.4,4.49,4.3,4.4,124908,0
GATO.US,D,20230828,000000,4.39,4.54,4.39,4.52,181871,0
GATO.US,D,20230829,000000,4.49,4.73,4.49,4.73,182726,0
GATO.US,D,20230830,000000,4.8,4.82,4.57,4.7,454357,0
GATO.US,D,20230831,000000,4.69,4.695,4.51,4.57,252085,0
GATO.US,D,20230901,000000,4.66,4.76,4.6,4.68,825090,0
GATO.US,D,20230905,000000,4.6,4.6,4.44,4.56,349940,0
GATO.US,D,20230906,000000,4.54,4.56,4.47,4.5,311643,0
GATO.US,D,20230907,000000,4.48,4.65,4.4,4.65,450550,0
GATO.US,D,20230908,000000,4.82,5.3588,4.73,5.04,682476,0
GATO.US,D,20230911,000000,5.09,5.21,5.06,5.17,277834,0
GATO.US,D,20230912,000000,5.14,5.51,5.1084,5.4,846568,0
GATO.US,D,20230913,000000,5.4,5.71,5.4,5.58,510712,0
GATO.US,D,20230914,000000,5.75,6.005,5.7,5.98,428353,0
GATO.US,D,20230915,000000,6.09,6.1,5.915,5.99,524319,0
GATO.US,D,20230918,000000,5.98,5.98,5.7,5.83,343854,0
GATO.US,D,20230919,000000,5.9,5.9,5.51,5.54,236261,0
GATO.US,D,20230920,000000,5.44,5.72,5.42,5.59,161450,0
GATO.US,D,20230921,000000,5.5,5.605,5.41,5.53,103806,0
GATO.US,D,20230922,000000,5.61,5.77,5.59,5.66,281995,0
GATO.US,D,20230925,000000,5.62,5.68,5.5,5.61,143723,0
GATO.US,D,20230926,000000,5.56,5.56,5.3,5.3,406133,0
GATO.US,D,20230927,000000,5.23,5.29,5.005,5.13,789580,0
GATO.US,D,20230928,000000,5.38,5.46,5.025,5.14,616051,0
GATO.US,D,20230929,000000,5.28,5.43,5.065,5.18,1566197,0
GATO.US,D,20231002,000000,5.19,5.19,4.98,5.12,519487,0
GATO.US,D,20231003,000000,5.11,5.12,4.73,4.73,466660,0
GATO.US,D,20231004,000000,4.74,4.765,4.59,4.61,258410,0
GATO.US,D,20231005,000000,4.54,4.82,4.5,4.79,209152,0
GATO.US,D,20231006,000000,4.83,4.96,4.76,4.89,1212084,0
GATO.US,D,20231009,000000,4.95,5.085,4.8,4.93,371340,0
GATO.US,D,20231010,000000,4.95,5,4.855,4.89,210008,0
GATO.US,D,20231011,000000,5.02,5.13,4.835,4.9,289972,0
GATO.US,D,20231012,000000,4.85,4.85,4.54,4.58,229212,0
GATO.US,D,20231013,000000,4.7,5.0501,4.7,5.01,347090,0
GATO.US,D,20231016,000000,4.96,5.1,4.9,4.98,193633,0
GATO.US,D,20231017,000000,4.99,5.23,4.95,5.17,327091,0
GATO.US,D,20231018,000000,5.21,5.33,5.07,5.09,560321,0
GATO.US,D,20231019,000000,5.06,5.06,4.91,5.01,315139,0
GATO.US,D,20231020,000000,5.09,5.2299,4.96,5.07,345721,0
GATO.US,D,20231023,000000,4.91,5.09,4.75,4.97,325555,0
GATO.US,D,20231024,000000,4.8,5.1,4.8,5.09,321985,0
GATO.US,D,20231025,000000,5.04,5.158,4.86,4.87,281693,0
GATO.US,D,20231026,000000,4.83,4.92,4.66,4.76,308486,0
GATO.US,D,20231027,000000,4.81,5.03,4.76,5.01,373183,0
GATO.US,D,20231030,000000,5.07,5.15,4.97,5,243438,0
GATO.US,D,20231031,000000,4.95,5.08,4.82,4.87,342279,0
GATO.US,D,20231101,000000,4.96,5.14,4.75,4.93,385573,0
GATO.US,D,20231102,000000,4.98,5.03,4.61,4.84,325088,0
GATO.US,D,20231103,000000,4.91,5.11,4.86,4.98,541525,0
GATO.US,D,20231106,000000,4.97,5.01,4.84,4.92,289431,0
GATO.US,D,20231107,000000,4.91,4.91,4.39,4.78,409826,0
GATO.US,D,20231108,000000,4.69,4.87,4.62,4.74,196631,0
GATO.US,D,20231109,000000,4.75,4.92,4.64,4.65,266866,0
GATO.US,D,20231110,000000,4.72,4.72,4.515,4.61,174036,0
GATO.US,D,20231113,000000,4.52,4.89,4.51,4.83,398349,0
GATO.US,D,20231114,000000,4.98,5.29,4.95,5.2,276664,0
GATO.US,D,20231115,000000,5.27,5.48,5.24,5.46,283477,0
GATO.US,D,20231116,000000,5.48,5.72,5.48,5.5,341088,0
GATO.US,D,20231117,000000,5.74,5.7999,5.575,5.67,251340,0
GATO.US,D,20231120,000000,5.47,5.84,5.46,5.83,175115,0
GATO.US,D,20231121,000000,5.88,6.08,5.88,6.01,290719,0
GATO.US,D,20231122,000000,6.05,6.07,5.79,5.85,270357,0
GATO.US,D,20231124,000000,5.84,6.0915,5.84,5.94,161872,0
GATO.US,D,20231127,000000,6.1,6.23,6,6.12,299576,0
GATO.US,D,20231128,000000,6.14,6.3,6.06,6.3,248622,0
GATO.US,D,20231129,000000,6.3,6.3,6.09,6.21,204174,0
GATO.US,D,20231130,000000,6.16,6.34,6.06,6.33,222177,0
GATO.US,D,20231201,000000,6.33,6.4,6.08,6.28,415262,0
GATO.US,D,20231204,000000,6.14,6.2335,5.94,6.09,308210,0
GATO.US,D,20231205,000000,6.03,6.13,5.96,6.13,293118,0
GATO.US,D,20231206,000000,6.15,6.19,5.94,5.95,169646,0
GATO.US,D,20231207,000000,6,6,5.81,5.93,146779,0
GATO.US,D,20231208,000000,5.81,5.97,5.72,5.76,211728,0
GATO.US,D,20231211,000000,5.64,5.85,5.57,5.8,238577,0
GATO.US,D,20231212,000000,5.77,5.82,5.505,5.54,195992,0
GATO.US,D,20231213,000000,5.59,6.225,5.55,6.15,577052,0
GATO.US,D,20231214,000000,6.33,6.75,6.32,6.69,555998,0
GATO.US,D,20231215,000000,6.59,6.74,6.51,6.55,789878,0
GATO.US,D,20231218,000000,6.55,6.58,6.4001,6.54,194748,0
GATO.US,D,20231219,000000,6.57,7.01,6.57,6.96,217187,0
GATO.US,D,20231220,000000,7.03,7.06,6.55,6.55,335918,0
GATO.US,D,20231221,000000,6.65,6.9,6.63,6.86,225248,0
GATO.US,D,20231222,000000,7,7.375,6.87,6.87,442006,0
GATO.US,D,20231226,000000,6.82,6.935,6.8,6.92,220132,0
GATO.US,D,20231227,000000,6.95,7.0495,6.865,6.99,219199,0
GATO.US,D,20231228,000000,6.93,6.93,6.67,6.71,229563,0
GATO.US,D,20231229,000000,6.62,6.73,6.44,6.54,422221,0
GATO.US,D,20240102,000000,6.54,6.55,6.075,6.14,308039,0
GATO.US,D,20240103,000000,5.94,6,5.8299,5.85,293670,0
GATO.US,D,20240104,000000,5.85,6.0492,5.79,5.98,275750,0
GATO.US,D,20240105,000000,5.97,6.13,5.86,5.92,274587,0
GATO.US,D,20240108,000000,5.81,5.86,5.695,5.72,162030,0
GATO.US,D,20240109,000000,5.75,5.77,5.58,5.61,198328,0
GATO.US,D,20240110,000000,5.7,6.06,5.7,6.02,327083,0
GATO.US,D,20240111,000000,6.14,6.4,5.935,6.16,364207,0
GATO.US,D,20240112,000000,6.35,6.73,6.35,6.41,314563,0
GATO.US,D,20240116,000000,6.23,6.2835,6.09,6.1,185373,0
GATO.US,D,20240117,000000,5.98,6.15,5.87,6.14,248642,0
GATO.US,D,20240118,000000,6.2,6.2,5.88,6,208865,0
GATO.US,D,20240119,000000,6.07,6.12,5.925,5.98,206036,0
GATO.US,D,20240122,000000,5.9,6.19,5.8399,6.19,164673,0
GATO.US,D,20240123,000000,6.29,6.29,6.08,6.14,114492,0
GATO.US,D,20240124,000000,6.05,6.19,5.82,5.96,376748,0
GATO.US,D,20240125,000000,6.12,6.515,6.1,6.48,312570,0
GATO.US,D,20240126,000000,6.41,6.51,6.27,6.33,188225,0
GATO.US,D,20240129,000000,6.4,6.9,6.2308,6.85,747477,0
GATO.US,D,20240130,000000,6.74,6.79,6.19,6.21,355630,0
GATO.US,D,20240131,000000,6.28,6.4678,6.12,6.12,216490,0
GATO.US,D,20240201,000000,6.25,6.618,6.19,6.59,255521,0
GATO.US,D,20240202,000000,6.53,6.82,6.31,6.76,405683,0
GATO.US,D,20240205,000000,6.66,6.66,6.47,6.59,160315,0
GATO.US,D,20240206,000000,6.68,6.68,6.5,6.57,177607,0
GATO.US,D,20240207,000000,6.65,6.735,6.5,6.59,211517,0
GATO.US,D,20240208,000000,6.58,6.71,6.55,6.6,135292,0
GATO.US,D,20240209,000000,6.56,6.5742,6.49,6.52,102100,0
GATO.US,D,20240212,000000,6.57,6.68,6.49,6.59,178215,0
GATO.US,D,20240213,000000,6.4,6.4,5.92,5.93,342301,0
GATO.US,D,20240214,000000,5.97,5.9753,5.82,5.85,229817,0
GATO.US,D,20240215,000000,5.91,6.185,5.89,5.98,257823,0
GATO.US,D,20240216,000000,5.96,6.065,5.89,5.99,258972,0
GATO.US,D,20240220,000000,6.04,6.04,5.78,5.91,382285,0
GATO.US,D,20240221,000000,6.43,6.43,5.55,5.61,269377,0
GATO.US,D,20240222,000000,5.65,5.65,5.42,5.56,298325,0
GATO.US,D,20240223,000000,5.65,5.84,5.5,5.82,244321,0
GATO.US,D,20240226,000000,5.75,5.81,5.63,5.77,139720,0
GATO.US,D,20240227,000000,5.83,5.84,5.6,5.6,140612,0
GATO.US,D,20240228,000000,5.72,5.84,5.66,5.72,186017,0
GATO.US,D,20240229,000000,5.86,5.948,5.81,5.88,121676,0
GATO.US,D,20240301,000000,5.93,6.4,5.85,6.39,376752,0
GATO.US,D,20240304,000000,6.64,7.1,6.55,6.99,569269,0
GATO.US,D,20240305,000000,7.07,7.088,6.78,6.95,287655,0
GATO.US,D,20240306,000000,7.1,7.39,6.85,7.32,526091,0
GATO.US,D,20240307,000000,7.38,7.75,7.33,7.69,399293,0
GATO.US,D,20240308,000000,7.78,7.89,7.32,7.68,356254,0
GATO.US,D,20240311,000000,7.66,7.8894,7.38,7.49,409453,0
GATO.US,D,20240312,000000,7.47,7.78,7.22,7.77,356156,0
GATO.US,D,20240313,000000,7.8,8.2,7.73,7.99,421295,0
GATO.US,D,20240314,000000,7.9,7.988,7.59,7.79,269034,0
GATO.US,D,20240315,000000,7.77,8.17,7.77,8.17,750910,0
GATO.US,D,20240318,000000,8.17,8.17,7.78,7.86,263936,0
GATO.US,D,20240319,000000,7.72,7.94,7.6057,7.81,296060,0
GATO.US,D,20240320,000000,7.77,8.67,7.66,8.51,429155,0
GATO.US,D,20240321,000000,8.72,8.8244,7.92,7.94,519268,0
GATO.US,D,20240322,000000,7.9,8.24,7.78,8.05,308441,0
GATO.US,D,20240325,000000,8.15,8.21,7.99,8.1,167490,0
GATO.US,D,20240326,000000,8.28,8.37,7.9315,8.01,204903,0
GATO.US,D,20240327,000000,8.07,8.32,8.07,8.17,250063,0
GATO.US,D,20240328,000000,8.26,8.51,8.07,8.39,269289,0
GATO.US,D,20240401,000000,8.4,8.82,8.33,8.45,291265,0
GATO.US,D,20240402,000000,8.57,8.82,8.36,8.78,318351,0
GATO.US,D,20240403,000000,8.86,9.57,8.86,9.51,530896,0
GATO.US,D,20240404,000000,9.49,9.59,9.07,9.09,400316,0
GATO.US,D,20240405,000000,8.67,9.48,8.3392,9.27,808668,0
GATO.US,D,20240408,000000,9.55,9.59,9.2,9.27,460755,0
GATO.US,D,20240409,000000,9.54,9.792,9.24,9.32,500080,0
GATO.US,D,20240410,000000,8.81,9.78,8.69,9.64,609216,0
GATO.US,D,20240411,000000,9.79,9.818,9.46,9.72,291758,0
GATO.US,D,20240412,000000,10.07,10.9583,9.48,9.8,1221151,0
GATO.US,D,20240415,000000,10,10.1557,9.55,9.62,520730,0
GATO.US,D,20240416,000000,9.37,9.75,9.2016,9.66,390544,0
GATO.US,D,20240417,000000,9.78,10.022,9.52,9.63,362631,0
GATO.US,D,20240418,000000,9.83,9.92,9.59,9.61,265094,0
GATO.US,D,20240419,000000,9.51,9.86,9.51,9.68,534475,0
GATO.US,D,20240422,000000,9.22,9.78,9.18,9.41,415046,0
GATO.US,D,20240423,000000,9.6,10.21,9.55,10.12,731624,0
GATO.US,D,20240424,000000,10.15,10.15,9.81,9.91,281914,0
GATO.US,D,20240425,000000,9.8,10.35,9.71,10.16,362966,0
GATO.US,D,20240426,000000,10.23,10.43,10.1,10.24,338435,0
GATO.US,D,20240429,000000,10.28,10.4,10.06,10.15,205537,0
GATO.US,D,20240430,000000,9.66,9.95,9.5,9.57,396782,0
GATO.US,D,20240501,000000,9.61,9.98,9.55,9.68,332340,0
GATO.US,D,20240502,000000,9.54,9.8797,9.51,9.77,238558,0
GATO.US,D,20240503,000000,9.91,10.01,9.66,9.76,235202,0
GATO.US,D,20240506,000000,9.8,10.31,9.8,10.3,296089,0
GATO.US,D,20240507,000000,10.26,10.87,10.1,10.52,747225,0
GATO.US,D,20240508,000000,10.31,10.9099,10.2,10.48,434529,0
GATO.US,D,20240509,000000,10.79,11.06,10.58,10.86,713968,0
GATO.US,D,20240510,000000,10.94,11.04,10.4735,10.59,354348,0
GATO.US,D,20240513,000000,10.62,10.855,10.3024,10.74,526890,0
GATO.US,D,20240514,000000,10.75,10.92,10.56,10.67,359101,0
GATO.US,D,20240515,000000,10.89,11.36,10.27,11.25,676013,0
GATO.US,D,20240516,000000,11.1,11.26,10.89,11.1,446959,0
GATO.US,D,20240517,000000,11.58,12.126,11.34,11.91,866579,0
GATO.US,D,20240520,000000,12.01,12.38,11.73,12.32,590216,0
GATO.US,D,20240521,000000,12.14,12.28,11.89,11.99,509875,0
GATO.US,D,20240522,000000,12.15,12.43,11.73,11.74,762584,0
GATO.US,D,20240523,000000,11.94,12.42,11.53,11.55,601609,0
GATO.US,D,20240524,000000,11.76,12.09,11.68,11.88,510677,0
GATO.US,D,20240528,000000,12.33,13.3,12.14,12.34,804701,0
GATO.US,D,20240529,000000,11.98,12.47,11.9328,12.28,507730,0
GATO.US,D,20240530,000000,12.22,12.589,12.18,12.25,415452,0
GATO.US,D,20240531,000000,12.35,12.46,12,12.4,1666865,0
GATO.US,D,20240603,000000,12.52,12.5599,12.08,12.27,483315,0
GATO.US,D,20240604,000000,12.08,12.17,11.43,11.46,686099,0
GATO.US,D,20240605,000000,11.5,11.63,11.31,11.45,587214,0
GATO.US,D,20240606,000000,11.5,12.04,11.4801,11.73,359592,0
GATO.US,D,20240607,000000,11.4,11.5689,10.92,11.11,760053,0
GATO.US,D,20240610,000000,11.19,11.19,10.77,10.95,465342,0
GATO.US,D,20240611,000000,10.79,11.06,10.66,11.05,348259,0
GATO.US,D,20240612,000000,11.47,11.59,11.105,11.19,398387,0
GATO.US,D,20240613,000000,11.12,11.16,10.75,10.81,285267,0
GATO.US,D,20240614,000000,10.88,11.15,10.75,11.12,398099,0
GATO.US,D,20240617,000000,11.14,11.4,10.57,10.58,606030,0
GATO.US,D,20240618,000000,10.54,10.979,10.46,10.76,464728,0
GATO.US,D,20240620,000000,10.88,11.2,10.81,11.04,636895,0
GATO.US,D,20240621,000000,11.01,11.12,10.51,10.59,1355950,0
GATO.US,D,20240624,000000,10.64,10.88,10.5,10.79,548404,0
GATO.US,D,20240625,000000,10.69,10.74,10.39,10.49,569701,0
GATO.US,D,20240626,000000,10.4,10.69,10.35,10.57,512185,0
GATO.US,D,20240627,000000,10.66,10.82,10.42,10.42,308484,0
GATO.US,D,20240628,000000,10.51,10.6399,10.32,10.44,806631,0
GATO.US,D,20240701,000000,10.45,10.55,10.28,10.35,321653,0
GATO.US,D,20240702,000000,10.32,10.39,10.07,10.25,309134,0
GATO.US,D,20240703,000000,10.51,11.1,10.49,10.75,367034,0
GATO.US,D,20240705,000000,10.88,11.19,10.5671,11.1,534582,0
GATO.US,D,20240708,000000,10.93,11.53,10.87,11.42,479789,0
GATO.US,D,20240709,000000,11.43,11.61,11.1,11.15,299858,0
GATO.US,D,20240710,000000,11.44,13.82,11.44,13.51,1398790,0
GATO.US,D,20240711,000000,13.92,13.98,13.28,13.74,804517,0
GATO.US,D,20240712,000000,13.61,13.99,13.45,13.67,713005,0
GATO.US,D,20240715,000000,13.77,14.39,13.32,13.88,504397,0
GATO.US,D,20240716,000000,13.94,14.45,13.83,14.11,511658,0
GATO.US,D,20240717,000000,14.02,14.1888,13.49,13.53,559782,0
GATO.US,D,20240718,000000,13.62,13.62,12.75,13.09,453451,0
GATO.US,D,20240719,000000,12.78,13.2,12.56,12.82,326300,0
GATO.US,D,20240722,000000,12.8,12.975,12.57,12.85,304477,0
GATO.US,D,20240723,000000,12.71,13.14,12.7,12.87,270933,0
GATO.US,D,20240724,000000,13,13.378,12.19,12.22,440742,0
GATO.US,D,20240725,000000,11.89,12.26,11.6,12.02,354401,0
GATO.US,D,20240726,000000,12.23,12.3808,11.98,12.17,239629,0
GATO.US,D,20240729,000000,12.3,12.41,11.82,12.11,211149,0
GATO.US,D,20240730,000000,12.15,12.5,11.94,12.22,264772,0
GATO.US,D,20240731,000000,12.6,12.91,12.36,12.71,352730,0
GATO.US,D,20240801,000000,12.72,13.02,11.95,12.21,482234,0
GATO.US,D,20240802,000000,12.29,12.5499,11.19,11.47,585216,0
GATO.US,D,20240805,000000,10.1,10.778,9.57,10.63,588403,0
GATO.US,D,20240806,000000,10.72,10.9964,10.3619,10.83,326708,0
GATO.US,D,20240807,000000,11.3,11.62,10.045,10.11,413778,0
GATO.US,D,20240808,000000,10.34,10.91,10.08,10.63,382601,0
GATO.US,D,20240809,000000,10.72,10.72,10.4001,10.62,217410,0
GATO.US,D,20240812,000000,11.04,11.79,10.9,11.63,711648,0
GATO.US,D,20240813,000000,11.6,12.04,11.6,11.95,233247,0
GATO.US,D,20240814,000000,11.94,12.01,11.71,11.89,256722,0
GATO.US,D,20240815,000000,12.12,12.42,11.76,12.17,273574,0
GATO.US,D,20240816,000000,12.29,12.5999,11.91,12.15,839483,0
GATO.US,D,20240819,000000,12.15,12.9,12.11,12.57,620924,0
GATO.US,D,20240820,000000,12.87,13.35,12.78,13.01,398602,0
GATO.US,D,20240821,000000,13.01,13.3,12.84,13.09,302663,0
GATO.US,D,20240822,000000,12.96,13.025,12.62,12.73,209133,0
GATO.US,D,20240823,000000,12.87,13.14,12.68,13.03,305221,0
GATO.US,D,20240826,000000,13.05,13.1,12.53,12.59,275019,0
GATO.US,D,20240827,000000,12.4,12.6,12.1,12.52,178387,0
GATO.US,D,20240828,000000,12.16,12.3,11.97,12.15,300072,0
GATO.US,D,20240829,000000,12.16,12.42,12.09,12.32,153094,0
GATO.US,D,20240830,000000,12.3,12.59,12.13,12.58,484073,0
GATO.US,D,20240903,000000,12.5,12.65,11.54,11.67,495718,0
GATO.US,D,20240904,000000,11.59,12.03,11.3782,11.62,378717,0
GATO.US,D,20240905,000000,12.14,12.75,11.48,12.18,3802022,0
GATO.US,D,20240906,000000,12.22,12.42,11.47,11.5,2339062,0
GATO.US,D,20240909,000000,11.67,11.98,11.545,11.61,831176,0
GATO.US,D,20240910,000000,11.74,12.05,11.58,12.02,886958,0
GATO.US,D,20240911,000000,11.99,13.05,11.85,13.04,1153437,0
GATO.US,D,20240912,000000,13.31,14.76,13.25,14.58,1940770,0
GATO.US,D,20240913,000000,14.99,15.6,14.83,15.45,1768685,0
GATO.US,D,20240916,000000,15.31,15.75,15.17,15.5,1614635,0
GATO.US,D,20240917,000000,15.23,15.84,15.2,15.34,1193245,0
GATO.US,D,20240918,000000,15.5,15.95,14.75,14.76,1599096,0
GATO.US,D,20240919,000000,15.28,15.46,15.01,15.09,1153762,0
GATO.US,D,20240920,000000,15.32,15.61,15.23,15.59,1770607,0
GATO.US,D,20240923,000000,15.5,15.94,15.18,15.18,572982,0
GATO.US,D,20240924,000000,15.38,16.45,15.27,16.26,1383571,0
GATO.US,D,20240925,000000,16.2,16.445,16.015,16.11,1062307,0
GATO.US,D,20240926,000000,16.5,16.65,16.34,16.38,1155362,0
GATO.US,D,20240927,000000,16.29,16.4799,15.76,15.9,794472,0
GATO.US,D,20240930,000000,15.53,15.69,14.9519,15.08,1438366,0
GATO.US,D,20241001,000000,15.27,15.67,15.05,15.36,1576820,0
GATO.US,D,20241002,000000,15.38,15.98,15.38,15.84,1297497,0
GATO.US,D,20241003,000000,15.71,15.9,15.47,15.86,914402,0
GATO.US,D,20241004,000000,15.77,16.88,15.77,15.91,1269846,0
GATO.US,D,20241007,000000,15.74,15.78,15.31,15.51,757086,0
GATO.US,D,20241008,000000,15.3,15.83,15.17,15.8,1161984,0
GATO.US,D,20241009,000000,15.71,15.78,15.391,15.71,733305,0
GATO.US,D,20241010,000000,15.78,16.75,15.68,16.6,1168110,0
GATO.US,D,20241011,000000,16.73,16.95,16.43,16.43,680878,0
GATO.US,D,20241014,000000,16.28,16.48,16.1622,16.47,284896,0
GATO.US,D,20241015,000000,16.4,16.74,16.12,16.7,373488,0
GATO.US,D,20241016,000000,16.9,17.3506,16.44,16.45,640845,0
GATO.US,D,20241017,000000,16.63,16.63,15.83,15.99,532082,0
GATO.US,D,20241018,000000,16.29,18.64,16.29,18.47,1209414,0
GATO.US,D,20241021,000000,19.53,19.7513,18.75,19.26,1321838,0
GATO.US,D,20241022,000000,19.59,20.22,19.46,19.96,1396730,0
GATO.US,D,20241023,000000,19.37,19.72,19.11,19.69,826907,0
GATO.US,D,20241024,000000,19.9,20.04,19.02,19.72,859273,0
GATO.US,D,20241025,000000,19.56,19.725,18.94,19.28,465762,0
GATO.US,D,20241028,000000,19.25,19.58,19.1332,19.31,371284,0
GATO.US,D,20241029,000000,19.57,20.31,19.57,19.99,788815,0
GATO.US,D,20241030,000000,19.69,19.85,18.94,19.42,496337,0
GATO.US,D,20241031,000000,18.74,18.82,18.05,18.55,1061545,0
GATO.US,D,20241101,000000,18.92,18.96,18.07,18.09,563187,0
GATO.US,D,20241104,000000,18.18,18.28,17.46,17.6,419688,0
GATO.US,D,20241105,000000,17.7,18,17.23,17.4,381430,0
GATO.US,D,20241106,000000,16.41,17.055,16.03,16.58,742171,0
GATO.US,D,20241107,000000,16.89,17.29,16.62,17.03,538431,0
GATO.US,D,20241108,000000,16.86,16.86,16.18,16.35,378983,0
GATO.US,D,20241111,000000,15.78,15.98,15.0988,15.51,1430848,0
GATO.US,D,20241112,000000,15.25,15.85,15.21,15.84,1354699,0
GATO.US,D,20241113,000000,16.28,16.31,15.39,15.45,1396825,0
GATO.US,D,20241114,000000,15.3,16.59,15.27,16.21,1940403,0
GATO.US,D,20241115,000000,16.4241,16.64,15.66,15.9,6661821,0
GATO.US,D,20241118,000000,16.65,17.06,16.465,16.66,733684,0
GATO.US,D,20241119,000000,16.73,16.896,16.27,16.76,668422,0
GATO.US,D,20241120,000000,16.59,16.69,16.14,16.43,522306,0
GATO.US,D,20241121,000000,16.65,16.65,16.06,16.18,387742,0
GATO.US,D,20241122,000000,16.24,16.27,15.812,15.83,529748,0
GATO.US,D,20241125,000000,14.978,15.4878,14.86,15.35,658131,0
GATO.US,D,20241126,000000,15.35,15.5,15.2,15.48,719997,0
GATO.US,D,20241127,000000,15.645,15.86,15.39,15.42,436301,0
GATO.US,D,20241129,000000,15.64,15.86,15.36,15.46,310702,0
GATO.US,D,20241202,000000,15.04,15.28,14.82,14.95,300694,0
GATO.US,D,20241203,000000,15.04,16.07,15.04,15.97,410697,0
GATO.US,D,20241204,000000,15.88,16.26,15.72,15.79,333549,0
GATO.US,D,20241205,000000,15.82,15.84,15.37,15.66,255917,0
GATO.US,D,20241206,000000,15.55,15.65,15.08,15.34,278830,0
GATO.US,D,20241209,000000,16.31,17.26,16.29,16.41,544043,0
GATO.US,D,20241210,000000,16.713,16.713,16.08,16.14,351707,0
GATO.US,D,20241211,000000,16.33,17.08,16.28,16.91,464335,0
GATO.US,D,20241212,000000,16.2514,16.345,15.61,15.68,292162,0
GATO.US,D,20241213,000000,15.29,15.56,15.08,15.27,390456,0
GATO.US,D,20241216,000000,15.21,15.41,14.86,15,393320,0
GATO.US,D,20241217,000000,14.72,14.94,14.54,14.87,532313,0
GATO.US,D,20241218,000000,14.66,14.76,13.865,13.98,578849,0
GATO.US,D,20241219,000000,14.2328,14.2328,13.77,13.82,438238,0
GATO.US,D,20241220,000000,13.89,14.39,13.79,13.82,1339719,0
GATO.US,D,20241223,000000,13.7375,14.06,13.69,13.94,553173,0
GATO.US,D,20241224,000000,14,14.15,13.885,14.14,108938,0
GATO.US,D,20241226,000000,14.17,14.77,14.15,14.42,333196,0
GATO.US,D,20241227,000000,14.18,14.26,13.86,14.09,318888,0
GATO.US,D,20241230,000000,13.81,14.06,13.6,13.7,241940,0
GATO.US,D,20241231,000000,13.82,14.09,13.66,13.98,352463,0
GATO.US,D,20250102,000000,14.39,15.2,14.23,15.14,350652,0
GATO.US,D,20250103,000000,15.01,15.2,14.56,14.76,374145,0
GATO.US,D,20250106,000000,14.85,15.29,14.521,14.71,432260,0
GATO.US,D,20250107,000000,15.04,15.68,14.93,15.08,338984,0
GATO.US,D,20250108,000000,15.12,15.21,14.64,14.96,317299,0
GATO.US,D,20250110,000000,15.45,15.45,14.8,14.91,434416,0
GATO.US,D,20250113,000000,14.65,14.65,14.11,14.15,472967,0
GATO.US,D,20250114,000000,14.205,15.14,14.17,14.86,387647,0
GATO.US,D,20250115,000000,15.42,15.46,14.16,14.4,7810666,0
