<TICKER>,<PER>,<DATE>,<TIME>,<OPEN>,<HIGH>,<LOW>,<CLOSE>,<VOL>,<OPENINT>
GMUB.US,D,20240729,000000,50.18,50.18,50.155,50.155,2507,0
GMUB.US,D,20240730,000000,50.195,50.195,50.195,50.195,1,0
GMUB.US,D,20240731,000000,50.21,50.25,50.21,50.25,605,0
GMUB.US,D,20240801,000000,50.34,50.36,50.34,50.36,367,0
GMUB.US,D,20240802,000000,50.555,50.555,50.555,50.555,1,0
GMUB.US,D,20240805,000000,50.69,50.69,50.69,50.69,369,0
GMUB.US,D,20240806,000000,50.58,50.6,50.58,50.6,300,0
GMUB.US,D,20240807,000000,50.52,50.55,50.42,50.42,11301,0
GMUB.US,D,20240808,000000,50.3799,50.3799,50.35,50.35,24616,0
GMUB.US,D,20240809,000000,50.41,50.475,50.405,50.475,7710,0
GMUB.US,D,20240812,000000,50.415,50.46,50.415,50.435,2515,0
GMUB.US,D,20240813,000000,50.53,50.61,50.495,50.6,19659,0
GMUB.US,D,20240814,000000,50.56,50.585,50.56,50.585,305,0
GMUB.US,D,20240815,000000,50.43,50.43,50.43,50.43,6,0
GMUB.US,D,20240816,000000,50.54,50.565,50.54,50.565,356,0
GMUB.US,D,20240819,000000,50.49,50.49,50.49,50.49,122,0
GMUB.US,D,20240820,000000,50.55,50.55,50.55,50.55,574,0
GMUB.US,D,20240821,000000,50.545,50.545,50.545,50.545,2,0
GMUB.US,D,20240822,000000,50.54,50.54,50.54,50.54,404,0
GMUB.US,D,20240823,000000,50.5622,50.62,50.5622,50.58,3466,0
GMUB.US,D,20240826,000000,50.66,50.66,50.635,50.635,489,0
GMUB.US,D,20240827,000000,50.63,50.63,50.63,50.63,62,0
GMUB.US,D,20240828,000000,50.61,50.62,50.61,50.62,1050,0
GMUB.US,D,20240829,000000,50.57,50.58,50.57,50.58,985,0
GMUB.US,D,20240830,000000,50.55,50.55,50.55,50.55,338,0
GMUB.US,D,20240903,000000,50.48,50.48,50.48,50.48,1,0
GMUB.US,D,20240904,000000,50.44,50.5,50.44,50.5,1421,0
GMUB.US,D,20240905,000000,50.55,50.55,50.525,50.525,401,0
GMUB.US,D,20240906,000000,50.56,50.6,50.55,50.6,6358,0
GMUB.US,D,20240909,000000,50.68,50.68,50.66,50.66,179,0
GMUB.US,D,20240910,000000,50.68,50.68,50.58,50.615,35380,0
GMUB.US,D,20240911,000000,50.62,50.65,50.62,50.65,1500,0
GMUB.US,D,20240912,000000,50.65,50.665,50.65,50.665,1056,0
GMUB.US,D,20240913,000000,50.725,50.725,50.725,50.725,2,0
GMUB.US,D,20240916,000000,50.77,50.79,50.77,50.79,1303,0
GMUB.US,D,20240917,000000,50.74,50.77,50.74,50.77,375,0
GMUB.US,D,20240918,000000,50.73,50.73,50.72,50.72,444,0
GMUB.US,D,20240919,000000,50.75,50.78,50.73,50.73,892,0
GMUB.US,D,20240920,000000,50.74,50.74,50.74,50.74,343,0
GMUB.US,D,20240923,000000,50.71,50.71,50.71,50.71,343,0
GMUB.US,D,20240924,000000,50.715,50.715,50.715,50.715,6,0
GMUB.US,D,20240925,000000,50.73,50.73,50.73,50.73,406,0
GMUB.US,D,20240926,000000,50.78,50.78,50.72,50.72,4343,0
GMUB.US,D,20240927,000000,50.82,50.82,50.82,50.82,6,0
GMUB.US,D,20241001,000000,50.75,50.77,50.75,50.77,375,0
GMUB.US,D,20241002,000000,50.74,50.79,50.74,50.765,671,0
GMUB.US,D,20241003,000000,50.78,50.815,50.78,50.815,376,0
GMUB.US,D,20241004,000000,50.75,50.7889,50.71,50.71,1610,0
GMUB.US,D,20241007,000000,50.59,50.59,50.59,50.59,508,0
GMUB.US,D,20241008,000000,50.53,50.61,50.53,50.61,10058,0
GMUB.US,D,20241009,000000,50.49,50.49,50.49,50.49,7,0
GMUB.US,D,20241010,000000,50.5,50.5,50.495,50.495,1406,0
GMUB.US,D,20241011,000000,50.525,50.525,50.525,50.525,23,0
GMUB.US,D,20241014,000000,50.46,50.46,50.46,50.46,7,0
GMUB.US,D,20241015,000000,50.57,50.57,50.555,50.555,300,0
GMUB.US,D,20241016,000000,50.63,50.63,50.63,50.63,382,0
GMUB.US,D,20241017,000000,50.57,50.59,50.5699,50.59,2920,0
GMUB.US,D,20241018,000000,50.615,50.615,50.615,50.615,99,0
GMUB.US,D,20241021,000000,50.53,50.53,50.53,50.53,300,0
GMUB.US,D,20241022,000000,50.41,50.41,50.41,50.41,300,0
GMUB.US,D,20241023,000000,50.25,50.28,50.21,50.21,3004,0
GMUB.US,D,20241024,000000,50.07,50.105,50.07,50.105,117,0
GMUB.US,D,20241025,000000,50.23,50.23,50.2104,50.23,1318,0
GMUB.US,D,20241028,000000,50.255,50.255,50.255,50.255,17,0
GMUB.US,D,20241029,000000,50.21,50.23,50.21,50.23,1880,0
GMUB.US,D,20241030,000000,49.65,50.1758,49.65,50.1758,214,0
GMUB.US,D,20241031,000000,50.2748,50.2748,50.2748,50.2748,17,0
GMUB.US,D,20241101,000000,50.17,50.17,50.17,50.17,117,0
GMUB.US,D,20241104,000000,50.17,50.2099,50.17,50.2099,100,0
GMUB.US,D,20241105,000000,50.2,50.235,50.2,50.235,100,0
GMUB.US,D,20241106,000000,49.46,49.83,49.46,49.83,301,0
GMUB.US,D,20241107,000000,49.82,49.9502,49.82,49.9502,201,0
GMUB.US,D,20241108,000000,50.09,50.1451,50.09,50.1451,206,0
GMUB.US,D,20241112,000000,50.155,50.23,50.1536,50.1536,1179,0
GMUB.US,D,20241114,000000,49.75,50.2076,49.75,50.2076,100,0
GMUB.US,D,20241115,000000,50.29,50.29,50.19,50.29,375,0
GMUB.US,D,20241118,000000,50.23,50.275,50.23,50.275,100,0
GMUB.US,D,20241120,000000,50.2,50.34,50.19,50.34,488,0
GMUB.US,D,20241122,000000,50.36,50.36,50.3019,50.3019,1560,0
GMUB.US,D,20241127,000000,50.53,50.59,50.53,50.59,611,0
GMUB.US,D,20241129,000000,50.69,50.69,50.69,50.69,100,0
GMUB.US,D,20241203,000000,50.58,50.58,50.58,50.58,101,0
GMUB.US,D,20241206,000000,50.47,50.71,50.47,50.48,359,0
GMUB.US,D,20241217,000000,50.379,50.379,50.26,50.26,100,0
GMUB.US,D,20241219,000000,49.88,49.88,49.8061,49.8061,25902,0
GMUB.US,D,20241220,000000,49.93,50,49.91,49.91,5727,0
GMUB.US,D,20241223,000000,49.81,49.83,49.8,49.83,827,0
GMUB.US,D,20241226,000000,49.91,49.945,49.91,49.945,301,0
GMUB.US,D,20241227,000000,49.94,49.94,49.9033,49.91,946,0
GMUB.US,D,20241230,000000,50.0473,50.06,50.035,50.035,1686,0
GMUB.US,D,20241231,000000,49.93,49.93,49.87,49.87,251,0
GMUB.US,D,20250103,000000,50.01,50.01,49.95,49.95,145,0
GMUB.US,D,20250106,000000,50.03,50.03,50.005,50.005,1224,0
GMUB.US,D,20250107,000000,50,50,50,50,373,0
GMUB.US,D,20250114,000000,49.54,49.61,49.53,49.565,1143,0
GMUB.US,D,20250115,000000,49.7699,49.79,49.735,49.79,1964,0
GMUB.US,D,20250116,000000,49.81,49.81,49.77,49.81,257,0
GMUB.US,D,20250117,000000,49.9,49.9,49.9,49.9,111,0
GMUB.US,D,20250122,000000,50.03,50.03,50.03,50.03,103,0
GMUB.US,D,20250131,000000,50.165,50.165,50.1127,50.1127,960,0
GMUB.US,D,20250203,000000,50.03,50.03,50.01,50.01,433,0
GMUB.US,D,20250204,000000,49.01,50.06,49.01,50.06,250,0
GMUB.US,D,20250206,000000,50.23,50.24,50.23,50.24,1200,0
GMUB.US,D,20250207,000000,50.2,50.2,50.2,50.2,245,0
GMUB.US,D,20250210,000000,50.15,50.15,50.135,50.135,137,0
GMUB.US,D,20250214,000000,50.11,50.11,50.08,50.11,349,0
GMUB.US,D,20250218,000000,50.02,50.02,50.02,50.02,199,0
GMUB.US,D,20250220,000000,50.11,50.14,50.11,50.14,755,0
GMUB.US,D,20250221,000000,50.25,50.25,50.25,50.25,199,0
