<TICKER>,<PER>,<DATE>,<TIME>,<OPEN>,<HIGH>,<LOW>,<CLOSE>,<VOL>,<OPENINT>
GRND-WS.US,D,20221121,000000,1.13,1.44,0.7746,0.7746,584052,0
GRND-WS.US,D,20221122,000000,0.62,0.95,0.62,0.75,334122,0
GRND-WS.US,D,20221123,000000,0.8,0.839,0.6125,0.7,164335,0
GRND-WS.US,D,20221125,000000,0.6501,0.7,0.6501,0.69,19381,0
GRND-WS.US,D,20221128,000000,0.66,0.66,0.44,0.47,347211,0
GRND-WS.US,D,20221129,000000,0.5,0.52,0.45,0.46,188380,0
GRND-WS.US,D,20221130,000000,0.499899,0.59,0.45,0.55,67423,0
GRND-WS.US,D,20221201,000000,0.57,0.66,0.57,0.61,44236,0
GRND-WS.US,D,20221202,000000,0.64,0.7175,0.6016,0.68,46804,0
GRND-WS.US,D,20221205,000000,0.650101,0.7225,0.650101,0.67,700,0
GRND-WS.US,D,20221206,000000,0.7,0.7478,0.66,0.7,24076,0
GRND-WS.US,D,20221207,000000,0.7,0.7088,0.6,0.64,78038,0
GRND-WS.US,D,20221208,000000,0.657173,0.7,0.65,0.7,6860,0
GRND-WS.US,D,20221209,000000,0.61,0.65,0.61,0.64,16482,0
GRND-WS.US,D,20221212,000000,0.642857,0.65,0.5,0.510957,117085,0
GRND-WS.US,D,20221213,000000,0.551,0.6,0.551,0.551,45064,0
GRND-WS.US,D,20221214,000000,0.551,0.6,0.511,0.52,17355,0
GRND-WS.US,D,20221215,000000,0.511,0.56,0.511,0.521,16705,0
GRND-WS.US,D,20221216,000000,0.6,0.63,0.55,0.57,4336,0
GRND-WS.US,D,20221219,000000,0.5701,0.6,0.51,0.51,1854,0
GRND-WS.US,D,20221220,000000,0.51,0.51,0.44,0.44,30329,0
GRND-WS.US,D,20221221,000000,0.471,0.5,0.471,0.5,4986,0
GRND-WS.US,D,20221222,000000,0.559,0.559,0.5,0.5,26625,0
GRND-WS.US,D,20221223,000000,0.471,0.471,0.471,0.471,235,0
GRND-WS.US,D,20221227,000000,0.442601,0.4655,0.442601,0.451,7916,0
GRND-WS.US,D,20221228,000000,0.601,0.601,0.4511,0.511,1425,0
GRND-WS.US,D,20221229,000000,0.5,0.5,0.5,0.5,130,0
GRND-WS.US,D,20221230,000000,0.4652,0.49,0.4652,0.48,460,0
GRND-WS.US,D,20230103,000000,0.475,0.49,0.463,0.463,2787,0
GRND-WS.US,D,20230104,000000,0.48,0.483,0.48,0.483,1223,0
GRND-WS.US,D,20230105,000000,0.456,0.6103,0.45,0.45,23193,0
GRND-WS.US,D,20230106,000000,0.4559,0.6148,0.45,0.5547,13444,0
GRND-WS.US,D,20230109,000000,0.6375,0.6375,0.5468,0.5469,3051,0
GRND-WS.US,D,20230110,000000,0.533001,0.6164,0.51,0.5122,50429,0
GRND-WS.US,D,20230111,000000,0.5999,0.5999,0.5999,0.5999,170,0
GRND-WS.US,D,20230112,000000,0.6096,0.610438,0.6095,0.6102,8657,0
GRND-WS.US,D,20230113,000000,0.6,0.63,0.6,0.63,7400,0
GRND-WS.US,D,20230117,000000,0.6475,0.6517,0.6475,0.65,39374,0
GRND-WS.US,D,20230119,000000,0.65001,0.65001,0.65,0.65,1304,0
GRND-WS.US,D,20230120,000000,0.6663,0.6825,0.65,0.65,12424,0
GRND-WS.US,D,20230123,000000,0.6494,0.65,0.6487,0.6499,447,0
GRND-WS.US,D,20230124,000000,0.64,0.65,0.54,0.65,45632,0
GRND-WS.US,D,20230125,000000,0.65,0.6525,0.6074,0.6431,19485,0
GRND-WS.US,D,20230126,000000,0.634999,0.65,0.5794,0.5794,9238,0
GRND-WS.US,D,20230127,000000,0.6498,0.6498,0.6498,0.6498,186,0
GRND-WS.US,D,20230130,000000,0.6,0.64,0.4925,0.5601,16639,0
GRND-WS.US,D,20230210,000000,1.01,1.045,0.995,1,41865,0
GRND-WS.US,D,20230213,000000,0.97,1.06,0.97,1,16369,0
GRND-WS.US,D,20230214,000000,1,1,1,1,2997,0
GRND-WS.US,D,20230215,000000,0.9,0.9099,0.81,0.82,31388,0
GRND-WS.US,D,20230216,000000,0.81,1.04,0.77,1.04,42952,0
GRND-WS.US,D,20230217,000000,1.04,1.05,1,1,225822,0
GRND-WS.US,D,20230221,000000,1,1.02,1,1,67122,0
GRND-WS.US,D,20230223,000000,1,1,0.9999,0.9999,4675,0
GRND-WS.US,D,20230224,000000,1,1,0.995,0.995,4342,0
GRND-WS.US,D,20230228,000000,1,1.12,1,1.07,14907,0
GRND-WS.US,D,20230301,000000,1.05,1.05,0.96,1,12000,0
GRND-WS.US,D,20230302,000000,0.95,1.07,0.95,1.07,68662,0
GRND-WS.US,D,20230303,000000,1.01,1.08,0.96,1.04,38676,0
GRND-WS.US,D,20230306,000000,1.01,1.35,1.0075,1.33,86045,0
GRND-WS.US,D,20230307,000000,1,1.14,0.9,1.1399,390739,0
GRND-WS.US,D,20230308,000000,0.92,1,0.92,0.95,6430,0
GRND-WS.US,D,20230309,000000,0.95,0.951,0.9,0.9,35690,0
GRND-WS.US,D,20230310,000000,0.85,0.95,0.85,0.8801,3020,0
GRND-WS.US,D,20230313,000000,0.96,0.99,0.91,0.95,3607,0
GRND-WS.US,D,20230314,000000,0.979999,0.979999,0.930602,0.930602,200,0
GRND-WS.US,D,20230315,000000,0.95,0.95,0.87,0.9096,2850,0
GRND-WS.US,D,20230316,000000,0.929,0.929,0.9,0.9,1108,0
GRND-WS.US,D,20230317,000000,0.86,0.9,0.86,0.8842,1207,0
GRND-WS.US,D,20230320,000000,0.85,0.94,0.85,0.9,15759,0
GRND-WS.US,D,20230321,000000,0.9,0.92,0.89,0.89,6723,0
GRND-WS.US,D,20230322,000000,0.86,0.8601,0.85,0.85,1662,0
GRND-WS.US,D,20230323,000000,0.8731,0.9,0.87,0.9,577,0
GRND-WS.US,D,20230324,000000,0.85,0.85,0.82,0.84,6284,0
GRND-WS.US,D,20230327,000000,0.84,0.88,0.84,0.88,915,0
GRND-WS.US,D,20230328,000000,0.850101,0.865,0.850101,0.865,900,0
GRND-WS.US,D,20230329,000000,0.89,0.9,0.89,0.8982,661,0
GRND-WS.US,D,20230330,000000,0.9,0.9,0.891,0.9,86727,0
GRND-WS.US,D,20230331,000000,0.88,0.89,0.85,0.89,2500,0
GRND-WS.US,D,20230403,000000,0.8552,0.86,0.8552,0.86,1404,0
GRND-WS.US,D,20230404,000000,0.87,0.88,0.7763,0.78,34651,0
GRND-WS.US,D,20230405,000000,0.73,0.76,0.73,0.7533,5684,0
GRND-WS.US,D,20230406,000000,0.792,0.82,0.77,0.82,4569,0
GRND-WS.US,D,20230410,000000,0.82,0.82,0.7416,0.7708,1480,0
GRND-WS.US,D,20230411,000000,0.75,0.770001,0.75,0.77,1220,0
GRND-WS.US,D,20230412,000000,0.76,0.79,0.75,0.79,1300,0
GRND-WS.US,D,20230413,000000,0.71,0.749999,0.71,0.74,15357,0
GRND-WS.US,D,20230414,000000,0.700101,0.700101,0.700101,0.700101,400,0
GRND-WS.US,D,20230417,000000,0.73,0.74,0.73,0.73,1600,0
GRND-WS.US,D,20230419,000000,0.8811,0.8811,0.8811,0.8811,125,0
GRND-WS.US,D,20230420,000000,0.85,0.850933,0.84,0.850933,5600,0
GRND-WS.US,D,20230421,000000,0.9,0.9,0.8399,0.8399,800,0
GRND-WS.US,D,20230424,000000,0.83,0.861251,0.7719,0.8,3751,0
GRND-WS.US,D,20230427,000000,0.6919,0.8694,0.6748,0.790001,13053,0
GRND-WS.US,D,20230428,000000,0.83,0.884,0.83,0.884,2227,0
GRND-WS.US,D,20230501,000000,0.8,0.84,0.8,0.8316,1000,0
GRND-WS.US,D,20230502,000000,0.7419,0.8747,0.701,0.789,4704,0
GRND-WS.US,D,20230503,000000,0.7001,0.7799,0.7001,0.7799,1902,0
GRND-WS.US,D,20230504,000000,0.829,0.829,0.789,0.8,1100,0
GRND-WS.US,D,20230505,000000,0.66,0.8,0.66,0.77,8933,0
GRND-WS.US,D,20230510,000000,0.7821,0.79,0.757499,0.757499,3800,0
GRND-WS.US,D,20230511,000000,0.73,0.7821,0.73,0.768101,350,0
GRND-WS.US,D,20230512,000000,0.680101,0.76,0.65,0.752,4236,0
GRND-WS.US,D,20230515,000000,0.7821,0.7821,0.7821,0.7821,100,0
GRND-WS.US,D,20230516,000000,0.7014,0.71,0.6998,0.71,2925,0
GRND-WS.US,D,20230517,000000,0.69,0.7524,0.682888,0.71,11001,0
GRND-WS.US,D,20230518,000000,0.789899,0.789899,0.7,0.7,1668,0
GRND-WS.US,D,20230519,000000,0.7025,0.73,0.7,0.73,1729,0
GRND-WS.US,D,20230522,000000,0.79,0.8,0.73,0.76,9891,0
GRND-WS.US,D,20230523,000000,0.8,0.8,0.8,0.8,400,0
GRND-WS.US,D,20230524,000000,0.79,0.79,0.79,0.79,600,0
GRND-WS.US,D,20230525,000000,0.79,0.79,0.79,0.79,2501,0
GRND-WS.US,D,20230526,000000,0.740001,0.740001,0.69,0.69,500,0
GRND-WS.US,D,20230530,000000,0.74,0.74,0.74,0.74,1000,0
GRND-WS.US,D,20230531,000000,0.6948,0.6948,0.67,0.67,15502,0
GRND-WS.US,D,20230601,000000,0.66,0.7,0.65,0.69,5752,0
GRND-WS.US,D,20230602,000000,0.7,0.7,0.7,0.7,200,0
GRND-WS.US,D,20230605,000000,0.69,0.69,0.69,0.69,2625,0
GRND-WS.US,D,20230606,000000,0.7,0.7,0.64,0.7,65525,0
GRND-WS.US,D,20230612,000000,0.7,0.7,0.6725,0.7,7406,0
GRND-WS.US,D,20230613,000000,0.68,0.68,0.671249,0.68,2544,0
GRND-WS.US,D,20230614,000000,0.69,0.69,0.6525,0.6525,2357,0
GRND-WS.US,D,20230615,000000,0.655,0.68,0.62,0.64,43500,0
GRND-WS.US,D,20230616,000000,0.69,0.7,0.69,0.7,809,0
GRND-WS.US,D,20230620,000000,0.7,0.7,0.68,0.6999,7881,0
GRND-WS.US,D,20230621,000000,0.69,0.7,0.659,0.69,1536,0
GRND-WS.US,D,20230622,000000,0.69,0.7,0.69,0.7,2701,0
GRND-WS.US,D,20230623,000000,0.6998,0.7,0.6998,0.7,105000,0
GRND-WS.US,D,20230626,000000,0.7,0.7,0.660001,0.69,399362,0
GRND-WS.US,D,20230627,000000,0.67,0.6868,0.66,0.66,2451,0
GRND-WS.US,D,20230628,000000,0.64,0.68,0.64,0.68,1699,0
GRND-WS.US,D,20230629,000000,0.68,0.68,0.64,0.679899,242266,0
GRND-WS.US,D,20230630,000000,0.6732,0.7,0.6732,0.7,2363,0
GRND-WS.US,D,20230703,000000,0.7,0.7,0.7,0.7,1605,0
GRND-WS.US,D,20230705,000000,0.7,0.7,0.7,0.7,312,0
GRND-WS.US,D,20230706,000000,0.7,0.7,0.7,0.7,101,0
GRND-WS.US,D,20230707,000000,0.7,0.7,0.7,0.7,400,0
GRND-WS.US,D,20230710,000000,0.7,0.7,0.635,0.7,9300,0
GRND-WS.US,D,20230711,000000,0.7,0.7,0.68236,0.7,9310,0
GRND-WS.US,D,20230712,000000,0.7,0.7,0.6999,0.7,2000,0
GRND-WS.US,D,20230713,000000,0.7,0.7,0.7,0.7,12520,0
GRND-WS.US,D,20230714,000000,0.7,0.7,0.7,0.7,13749,0
GRND-WS.US,D,20230717,000000,0.7,0.7,0.7,0.7,1311,0
GRND-WS.US,D,20230718,000000,0.7,0.73,0.66,0.73,12501,0
GRND-WS.US,D,20230719,000000,0.73,0.73,0.73,0.73,1200,0
GRND-WS.US,D,20230720,000000,0.7,0.7,0.69,0.69,1300,0
GRND-WS.US,D,20230721,000000,0.7,0.7,0.69,0.69,1905,0
GRND-WS.US,D,20230724,000000,0.699,0.79,0.690101,0.75,9627,0
GRND-WS.US,D,20230727,000000,0.69,0.77,0.69,0.7699,401,0
GRND-WS.US,D,20230728,000000,0.76,0.76,0.76,0.76,1202,0
GRND-WS.US,D,20230731,000000,0.77,0.77,0.73,0.7628,851,0
GRND-WS.US,D,20230801,000000,0.730001,0.77,0.730001,0.77,510,0
GRND-WS.US,D,20230802,000000,0.6969,0.79,0.69,0.79,6837,0
GRND-WS.US,D,20230807,000000,0.79,0.7925,0.7875,0.7925,1702,0
GRND-WS.US,D,20230809,000000,0.7,0.7025,0.66,0.66,23701,0
GRND-WS.US,D,20230810,000000,0.7,0.7,0.637499,0.64,17000,0
GRND-WS.US,D,20230811,000000,0.6,0.61,0.5456,0.61,25087,0
GRND-WS.US,D,20230814,000000,0.6975,0.6975,0.6975,0.6975,106,0
GRND-WS.US,D,20230815,000000,0.75,0.7875,0.6442,0.659,167980,0
GRND-WS.US,D,20230816,000000,0.6666,0.6666,0.62,0.65,715,0
GRND-WS.US,D,20230817,000000,0.66,0.7325,0.6447,0.7,22408,0
GRND-WS.US,D,20230818,000000,0.7,0.7,0.6999,0.6999,6238,0
GRND-WS.US,D,20230821,000000,0.7,0.7625,0.7,0.7,92111,0
GRND-WS.US,D,20230822,000000,0.7,0.76,0.69,0.7493,101277,0
GRND-WS.US,D,20230823,000000,0.7,0.7875,0.69,0.7001,164500,0
GRND-WS.US,D,20230824,000000,0.7,0.7171,0.640001,0.7,158828,0
GRND-WS.US,D,20230825,000000,0.7,0.7,0.6708,0.7,32848,0
GRND-WS.US,D,20230828,000000,0.7,0.7806,0.68,0.7762,96330,0
GRND-WS.US,D,20230829,000000,0.7225,0.7225,0.6901,0.7,106600,0
GRND-WS.US,D,20230830,000000,0.695,0.7,0.6847,0.6847,7329,0
GRND-WS.US,D,20230831,000000,0.6775,0.7,0.655,0.6827,1877,0
GRND-WS.US,D,20230901,000000,0.7,0.7,0.6999,0.6999,4033,0
GRND-WS.US,D,20230905,000000,0.7,0.749,0.6999,0.7,51219,0
GRND-WS.US,D,20230906,000000,0.7,0.7775,0.65,0.7,212057,0
GRND-WS.US,D,20230907,000000,0.705,0.925,0.69,0.88,985748,0
GRND-WS.US,D,20230908,000000,0.86,0.89,0.79,0.86,270516,0
GRND-WS.US,D,20230911,000000,0.716,0.89,0.716,0.89,2254,0
GRND-WS.US,D,20230912,000000,0.86,0.89,0.86,0.8734,13916,0
GRND-WS.US,D,20230913,000000,0.88,0.9,0.88,0.9,2907,0
GRND-WS.US,D,20230914,000000,0.92,0.96,0.91001,0.96,8559,0
GRND-WS.US,D,20230915,000000,0.96,0.99,0.96,0.99,10435,0
GRND-WS.US,D,20230918,000000,0.93,0.9899,0.93,0.94,1200,0
GRND-WS.US,D,20230919,000000,0.955,0.955,0.93,0.93,600,0
GRND-WS.US,D,20230921,000000,0.83,0.88,0.83,0.8787,401,0
GRND-WS.US,D,20230925,000000,0.8294,0.89,0.741,0.7488,439837,0
GRND-WS.US,D,20230926,000000,0.72,0.83,0.7,0.79,71194,0
GRND-WS.US,D,20230927,000000,0.85,0.86,0.85,0.86,5112,0
GRND-WS.US,D,20230928,000000,0.87,0.87,0.81,0.8232,5615,0
GRND-WS.US,D,20230929,000000,0.7979,0.7979,0.79,0.7901,1907,0
GRND-WS.US,D,20231002,000000,0.84,0.86,0.84,0.85,2007,0
GRND-WS.US,D,20231003,000000,0.86,0.89,0.840201,0.840201,3906,0
GRND-WS.US,D,20231004,000000,0.85,0.92,0.8495,0.9195,9673,0
GRND-WS.US,D,20231005,000000,0.874999,0.9,0.874999,0.88,343,0
GRND-WS.US,D,20231006,000000,0.9,0.92,0.86,0.88,4940,0
GRND-WS.US,D,20231009,000000,0.9,0.93,0.83,0.91,19424,0
GRND-WS.US,D,20231010,000000,0.9,0.909,0.82,0.84,11608,0
GRND-WS.US,D,20231011,000000,0.9,0.93,0.8995,0.92,10993,0
GRND-WS.US,D,20231012,000000,0.9,0.9,0.9,0.9,757,0
GRND-WS.US,D,20231013,000000,0.85,0.871901,0.85,0.85,303,0
GRND-WS.US,D,20231016,000000,0.88,0.94,0.88,0.9,8397,0
GRND-WS.US,D,20231017,000000,0.95,0.95,0.94,0.94,1514,0
GRND-WS.US,D,20231018,000000,0.90001,0.90001,0.90001,0.90001,3507,0
GRND-WS.US,D,20231019,000000,0.99,0.99,0.8718,0.9109,26807,0
GRND-WS.US,D,20231020,000000,0.92,0.99,0.91,0.91,95880,0
GRND-WS.US,D,20231023,000000,0.95,0.96,0.95,0.96,4100,0
GRND-WS.US,D,20231024,000000,0.95,0.98,0.95,0.98,1625,0
GRND-WS.US,D,20231025,000000,0.99,0.99,0.99,0.99,24935,0
GRND-WS.US,D,20231026,000000,0.98,1.06,0.98,1.05,9921,0
GRND-WS.US,D,20231101,000000,0.9401,1,0.9401,0.9492,1900,0
GRND-WS.US,D,20231102,000000,0.94,0.9462,0.93,0.9462,111100,0
GRND-WS.US,D,20231103,000000,0.9,1,0.9,0.9788,3608,0
GRND-WS.US,D,20231107,000000,1,1,0.95,0.95,1011,0
GRND-WS.US,D,20231113,000000,0.8202,0.9285,0.8202,0.9001,18191,0
GRND-WS.US,D,20231114,000000,1.04,1.22,1.04,1.18,71561,0
GRND-WS.US,D,20231115,000000,1.23,1.25,1.16,1.16,104238,0
GRND-WS.US,D,20231116,000000,1.13,1.17,0.95,1.08,16262,0
GRND-WS.US,D,20231117,000000,1.04,1.0501,1.02,1.0501,6474,0
GRND-WS.US,D,20231120,000000,0.971,1.2,0.971,1.2,10229,0
GRND-WS.US,D,20231121,000000,1.085,1.085,1.085,1.085,229,0
GRND-WS.US,D,20231124,000000,1.11,1.11,1.11,1.11,101,0
GRND-WS.US,D,20231127,000000,1.0738,1.0738,1.0738,1.0738,1000,0
GRND-WS.US,D,20231128,000000,0.899,1.13,0.899,1.06,202248,0
GRND-WS.US,D,20231129,000000,1.16,1.2,1.08,1.18,1500,0
GRND-WS.US,D,20231130,000000,1.2,1.2,1.2,1.2,13399,0
GRND-WS.US,D,20231201,000000,1.2,1.32,1.1999,1.32,36748,0
GRND-WS.US,D,20231204,000000,1.2,1.2802,1.18,1.25,1895,0
GRND-WS.US,D,20231205,000000,1.41,1.42,1.39,1.4,2138,0
GRND-WS.US,D,20231206,000000,1.4,1.49,1.34,1.49,75013,0
GRND-WS.US,D,20231207,000000,1.44,1.49,1.41,1.47,118913,0
GRND-WS.US,D,20231208,000000,1.49,1.55,1.42,1.45,20446,0
GRND-WS.US,D,20231211,000000,1.37,1.69,1.37,1.67,77225,0
GRND-WS.US,D,20231212,000000,1.7,1.74,1.625,1.74,38170,0
GRND-WS.US,D,20231213,000000,1.74,1.74,1.62,1.74,97646,0
GRND-WS.US,D,20231214,000000,1.6,1.8,1.6,1.75,100032,0
GRND-WS.US,D,20231215,000000,1.62,1.7,1.545,1.57,109812,0
GRND-WS.US,D,20231218,000000,1.57,1.6,1.41,1.51,142148,0
GRND-WS.US,D,20231219,000000,1.52,1.585,1.52,1.585,3859,0
GRND-WS.US,D,20231220,000000,1.6,1.75,1.6,1.71,31788,0
GRND-WS.US,D,20231221,000000,1.7085,1.77,1.6904,1.6904,1881,0
GRND-WS.US,D,20231222,000000,1.75,1.77,1.69,1.71,10123,0
GRND-WS.US,D,20231226,000000,1.77,1.83,1.7519,1.83,4055,0
GRND-WS.US,D,20231227,000000,1.85,1.99,1.78,1.86,190073,0
GRND-WS.US,D,20231228,000000,1.98,1.99,1.85,1.85,407053,0
GRND-WS.US,D,20231229,000000,1.85,1.935,1.81,1.81,625440,0
GRND-WS.US,D,20240102,000000,1.81,1.94,1.71,1.8,247373,0
GRND-WS.US,D,20240103,000000,1.76,1.76,1.76,1.76,678,0
GRND-WS.US,D,20240104,000000,1.83,1.85,1.83,1.84,665,0
GRND-WS.US,D,20240105,000000,1.785,1.785,1.785,1.785,203,0
GRND-WS.US,D,20240108,000000,1.85,1.89,1.81,1.84,1938,0
GRND-WS.US,D,20240109,000000,1.83,1.9,1.83,1.84,12070,0
GRND-WS.US,D,20240110,000000,1.81,1.9,1.8,1.88,65441,0
GRND-WS.US,D,20240111,000000,1.895,1.895,1.85,1.895,2360,0
GRND-WS.US,D,20240112,000000,1.9,1.93,1.9,1.93,793,0
GRND-WS.US,D,20240117,000000,1.94,1.94,1.94,1.94,290,0
GRND-WS.US,D,20240118,000000,1.85,1.9,1.74,1.9,5658,0
GRND-WS.US,D,20240119,000000,1.86,1.86,1.85,1.85,400,0
GRND-WS.US,D,20240122,000000,1.9,1.91,1.85,1.91,3574,0
GRND-WS.US,D,20240123,000000,1.89,1.89,1.8477,1.89,38227,0
GRND-WS.US,D,20240125,000000,1.9,1.9,1.9,1.9,178,0
GRND-WS.US,D,20240126,000000,1.9,2.09,1.9,2.09,105401,0
GRND-WS.US,D,20240129,000000,2.09,2.09,1.92,1.94,170562,0
GRND-WS.US,D,20240130,000000,1.75,2,1.75,1.96,4250,0
GRND-WS.US,D,20240131,000000,2.08,2.09,1.95,1.96,8855,0
GRND-WS.US,D,20240201,000000,2,2,1.8,1.885,12290,0
GRND-WS.US,D,20240202,000000,1.86,1.87,1.86,1.87,783,0
GRND-WS.US,D,20240205,000000,1.8377,1.87,1.8377,1.87,326,0
GRND-WS.US,D,20240206,000000,1.82,1.89,1.82,1.8899,1724,0
GRND-WS.US,D,20240207,000000,1.82,1.82,1.82,1.82,100,0
GRND-WS.US,D,20240208,000000,1.81,1.85,1.6688,1.8,17647,0
GRND-WS.US,D,20240209,000000,1.8299,1.835,1.82,1.82,5112,0
GRND-WS.US,D,20240212,000000,1.76,1.81,1.76,1.8099,40944,0
GRND-WS.US,D,20240213,000000,1.71,1.74,1.71,1.71,4626,0
GRND-WS.US,D,20240214,000000,1.8,1.8,1.66,1.72,3353,0
GRND-WS.US,D,20240215,000000,1.82,1.82,1.82,1.82,100,0
GRND-WS.US,D,20240216,000000,1.775,1.84,1.775,1.84,260,0
GRND-WS.US,D,20240222,000000,1.72,1.85,1.69,1.83,5616,0
GRND-WS.US,D,20240223,000000,1.67,1.85,1.66,1.8,25595,0
GRND-WS.US,D,20240226,000000,1.75,1.75,1.71,1.73,61160,0
GRND-WS.US,D,20240227,000000,1.73,1.75,1.71,1.73,29334,0
GRND-WS.US,D,20240228,000000,1.72,1.75,1.66,1.75,26664,0
GRND-WS.US,D,20240229,000000,1.7499,1.75,1.64,1.67,3110,0
GRND-WS.US,D,20240304,000000,1.75,1.75,1.58,1.63,38291,0
GRND-WS.US,D,20240305,000000,1.69,1.7,1.65,1.65,5730,0
GRND-WS.US,D,20240306,000000,1.65,1.7325,1.49,1.62,24597,0
GRND-WS.US,D,20240307,000000,1.74,1.75,1.69,1.75,123192,0
GRND-WS.US,D,20240308,000000,1.75,2.09,1.74,2,141147,0
GRND-WS.US,D,20240311,000000,2.06,2.09,2.01,2.09,14192,0
GRND-WS.US,D,20240312,000000,2,2.29,1.99,2.2501,112818,0
GRND-WS.US,D,20240313,000000,2.21,2.39,2.21,2.39,41020,0
GRND-WS.US,D,20240314,000000,2.39,2.39,2.03,2.23,31165,0
GRND-WS.US,D,20240315,000000,2.21,2.28,2.21,2.23,22972,0
GRND-WS.US,D,20240318,000000,2.1501,2.37,2.1501,2.29,147007,0
GRND-WS.US,D,20240319,000000,2.35,2.3736,2.25,2.37,75906,0
GRND-WS.US,D,20240320,000000,2.37,2.49,2.35,2.49,121867,0
GRND-WS.US,D,20240321,000000,2.48,2.48,2.26,2.41,25252,0
GRND-WS.US,D,20240322,000000,2.3,2.39,2.3,2.39,1653,0
GRND-WS.US,D,20240325,000000,2.28,2.28,2.28,2.28,542,0
GRND-WS.US,D,20240326,000000,2.25,2.344,2.24,2.344,1070,0
GRND-WS.US,D,20240328,000000,2.279,2.31,2.27,2.31,400,0
GRND-WS.US,D,20240402,000000,2.27,2.43,2.27,2.42,931,0
GRND-WS.US,D,20240403,000000,2.48,2.62,2.39,2.47,74034,0
GRND-WS.US,D,20240404,000000,2.5,2.7,2.5,2.53,30762,0
GRND-WS.US,D,20240405,000000,2.45,2.45,2.45,2.45,359,0
GRND-WS.US,D,20240408,000000,2.61,2.61,2.61,2.61,1118,0
GRND-WS.US,D,20240410,000000,2.43,2.485,2.42,2.42,3269,0
GRND-WS.US,D,20240411,000000,2.41,2.52,2.38,2.52,8813,0
GRND-WS.US,D,20240415,000000,2.31,2.31,2.3,2.3,1107,0
GRND-WS.US,D,20240416,000000,2.1001,2.23,2.1001,2.23,762,0
GRND-WS.US,D,20240417,000000,2.13,2.13,2.1,2.1001,771,0
GRND-WS.US,D,20240418,000000,2.15,2.28,2.15,2.28,2593,0
GRND-WS.US,D,20240419,000000,2.29,2.315,2.15,2.15,1172,0
GRND-WS.US,D,20240422,000000,2.16,2.1635,2.15,2.1635,1357,0
GRND-WS.US,D,20240423,000000,2.09,2.09,2.09,2.09,515,0
GRND-WS.US,D,20240424,000000,2.04,2.15,2.04,2.15,1500,0
GRND-WS.US,D,20240425,000000,2.05,2.18,2.05,2.18,233,0
GRND-WS.US,D,20240430,000000,2.12,2.12,2.12,2.12,110,0
GRND-WS.US,D,20240502,000000,2.3,2.3,2.25,2.25,282,0
GRND-WS.US,D,20240503,000000,2.42,2.42,2.42,2.42,110,0
GRND-WS.US,D,20240506,000000,2.4,2.4,2.4,2.4,1461,0
GRND-WS.US,D,20240507,000000,2.49,2.49,2.49,2.49,5490,0
GRND-WS.US,D,20240509,000000,2.45,2.51,2.45,2.51,1549,0
GRND-WS.US,D,20240510,000000,2.39,2.3938,2.27,2.29,111201,0
GRND-WS.US,D,20240515,000000,2.3,2.3,2.3,2.3,4001,0
GRND-WS.US,D,20240517,000000,2.01,2.08,2.01,2.08,1143,0
GRND-WS.US,D,20240520,000000,2,2,2,2,6469,0
GRND-WS.US,D,20240521,000000,2,2.0399,2,2.02,13791,0
GRND-WS.US,D,20240522,000000,2,2,2,2,1056,0
GRND-WS.US,D,20240523,000000,1.97,1.97,1.92,1.92,559,0
GRND-WS.US,D,20240524,000000,2,2,2,2,30021,0
GRND-WS.US,D,20240528,000000,1.96,1.96,1.85,1.93,2295,0
GRND-WS.US,D,20240529,000000,1.99,1.99,1.99,1.99,397,0
GRND-WS.US,D,20240530,000000,1.99,2.05,1.99,2.05,1989,0
GRND-WS.US,D,20240531,000000,2.09,2.09,2,2,390,0
GRND-WS.US,D,20240603,000000,2,2.13,1.5,2.02,67268,0
GRND-WS.US,D,20240604,000000,1.98,1.99,1.97,1.97,4834,0
GRND-WS.US,D,20240605,000000,1.95,1.985,1.9,1.985,27970,0
GRND-WS.US,D,20240606,000000,2,2,1.8,1.93,5745,0
GRND-WS.US,D,20240607,000000,2.04,2.045,2,2.045,791,0
GRND-WS.US,D,20240610,000000,1.9,1.9,1.83,1.89,20254,0
GRND-WS.US,D,20240611,000000,1.84,1.88,1.84,1.88,11594,0
GRND-WS.US,D,20240612,000000,1.96,1.96,1.8,1.88,110713,0
GRND-WS.US,D,20240613,000000,1.94,1.98,1.91,1.98,7742,0
GRND-WS.US,D,20240614,000000,2,2.39,2,2.22,80466,0
GRND-WS.US,D,20240617,000000,2.49,2.49,2.14,2.15,35767,0
GRND-WS.US,D,20240618,000000,2.16,2.18,2.16,2.17,33874,0
GRND-WS.US,D,20240624,000000,2.051,2.051,2.051,2.051,385,0
GRND-WS.US,D,20240625,000000,2.23,2.25,2.23,2.24,8581,0
GRND-WS.US,D,20240626,000000,2.3,3.19,2.3,2.99,667135,0
GRND-WS.US,D,20240627,000000,2.9,3.28,2.9,3.28,159681,0
GRND-WS.US,D,20240628,000000,2.921,3.29,2.921,3.25,38691,0
GRND-WS.US,D,20240701,000000,3.2,3.2,2.84,2.84,173626,0
GRND-WS.US,D,20240702,000000,2.9,2.9,2.83,2.9,131152,0
GRND-WS.US,D,20240703,000000,2.8901,2.9899,2.89,2.9899,120862,0
GRND-WS.US,D,20240705,000000,2.9,3,2.9,3,18261,0
GRND-WS.US,D,20240708,000000,3,3,2.94,3,5476,0
GRND-WS.US,D,20240709,000000,3,3.2,2.98,3.11,54128,0
GRND-WS.US,D,20240710,000000,2.99,3.07,2.99,3.07,402,0
GRND-WS.US,D,20240711,000000,2.97,3.21,2.97,3.21,201,0
GRND-WS.US,D,20240712,000000,3.1999,3.2,3.1999,3.2,423,0
GRND-WS.US,D,20240715,000000,3.2,3.25,3.17,3.25,1811,0
GRND-WS.US,D,20240716,000000,3.25,3.35,3.17,3.17,26374,0
GRND-WS.US,D,20240719,000000,3.01,3.01,2.94,2.94,1101,0
GRND-WS.US,D,20240722,000000,2.8803,3.08,2.83,3.08,24795,0
GRND-WS.US,D,20240724,000000,2.81,2.82,2.76,2.79,17922,0
GRND-WS.US,D,20240726,000000,2.84,2.84,2.84,2.84,311,0
GRND-WS.US,D,20240729,000000,2.9,2.9,2.9,2.9,100,0
GRND-WS.US,D,20240730,000000,2.89,3,2.89,3,1165,0
GRND-WS.US,D,20240731,000000,3,3.06,2.93,3.06,6900,0
GRND-WS.US,D,20240801,000000,2.93,3.07,2.65,2.84,3822,0
GRND-WS.US,D,20240802,000000,2.5,2.71,2.5,2.7067,4900,0
GRND-WS.US,D,20240805,000000,2.49,2.79,2.49,2.76,4896,0
GRND-WS.US,D,20240808,000000,2.5,2.61,2.37,2.61,1410,0
GRND-WS.US,D,20240809,000000,2.77,2.95,2.77,2.95,500,0
GRND-WS.US,D,20240814,000000,3.09,3.09,3.0101,3.0101,5545,0
GRND-WS.US,D,20240815,000000,3,3,3,3,1073,0
GRND-WS.US,D,20240819,000000,3,3,2.94,2.96,16032,0
GRND-WS.US,D,20240820,000000,3.0501,3.15,3.05,3.15,5921,0
GRND-WS.US,D,20240821,000000,3.11,3.125,3.11,3.125,1353,0
GRND-WS.US,D,20240822,000000,3.03,3.21,3.03,3.21,51113,0
GRND-WS.US,D,20240823,000000,3.21,3.34,3.19,3.22,22568,0
GRND-WS.US,D,20240826,000000,3.2,3.2,3.09,3.19,72879,0
GRND-WS.US,D,20240827,000000,3.15,3.15,3.08,3.08,15622,0
GRND-WS.US,D,20240828,000000,2.86,3,2.86,3,1600,0
GRND-WS.US,D,20240829,000000,3,3.1,2.96,3.1,2554,0
GRND-WS.US,D,20240830,000000,3.1,3.1,2.99,3.1,566,0
GRND-WS.US,D,20240904,000000,2.96,3,2.92,3,7562,0
GRND-WS.US,D,20240905,000000,3,3.02,2.88,2.96,81278,0
GRND-WS.US,D,20240906,000000,3,3,2.91,2.91,3517,0
GRND-WS.US,D,20240909,000000,3.07,3.08,2.94,3.08,1203,0
GRND-WS.US,D,20240910,000000,2.975,2.975,2.9,2.9,5708,0
GRND-WS.US,D,20240911,000000,2.86,3,2.86,2.9,2466,0
GRND-WS.US,D,20240913,000000,3.01,3.25,3.01,3.12,63797,0
GRND-WS.US,D,20240916,000000,3.28,3.28,3.13,3.1501,128609,0
GRND-WS.US,D,20240917,000000,3.14,3.2,3.12,3.1601,17909,0
GRND-WS.US,D,20240918,000000,3.22,3.29,3.16,3.19,9087,0
GRND-WS.US,D,20240919,000000,3.29,3.37,3.2615,3.27,6727,0
GRND-WS.US,D,20240920,000000,3.275,3.275,3.0101,3.0101,892,0
GRND-WS.US,D,20240923,000000,3.1,3.1,3.1,3.1,15091,0
GRND-WS.US,D,20240924,000000,3.1,3.1,3.09,3.09,1750,0
GRND-WS.US,D,20240925,000000,3.18,3.29,3.18,3.29,6200,0
GRND-WS.US,D,20240926,000000,3.38,3.39,3.15,3.15,2116,0
GRND-WS.US,D,20240930,000000,3.14,3.14,3.03,3.03,1150,0
GRND-WS.US,D,20241001,000000,2.9,2.995,2.9,2.95,3873,0
GRND-WS.US,D,20241002,000000,2.91,2.91,2.91,2.91,201,0
GRND-WS.US,D,20241003,000000,2.93,2.93,2.93,2.93,241,0
GRND-WS.US,D,20241004,000000,2.82,2.91,2.8,2.91,6601,0
GRND-WS.US,D,20241007,000000,2.96,2.96,2.96,2.96,297,0
GRND-WS.US,D,20241008,000000,3.17,3.59,3.17,3.59,658264,0
GRND-WS.US,D,20241009,000000,3.59,3.69,3.35,3.4401,42066,0
GRND-WS.US,D,20241010,000000,3.4,3.4,3.4,3.4,11421,0
GRND-WS.US,D,20241011,000000,3.3517,3.3517,3.3517,3.3517,21422,0
GRND-WS.US,D,20241014,000000,3.66,3.66,3.46,3.51,6093,0
GRND-WS.US,D,20241015,000000,3.66,3.66,3.4839,3.4839,60602,0
GRND-WS.US,D,20241016,000000,3.3,3.5,3.3,3.5,2474,0
GRND-WS.US,D,20241017,000000,3.29,3.29,3.29,3.29,103,0
GRND-WS.US,D,20241018,000000,3.3,3.3,3.23,3.23,2100,0
GRND-WS.US,D,20241021,000000,3.24,3.24,3.24,3.24,101,0
GRND-WS.US,D,20241022,000000,3.48,4.06,3.48,3.96,342041,0
GRND-WS.US,D,20241023,000000,3.99,4.0001,3.9,3.91,20038,0
GRND-WS.US,D,20241028,000000,3.74,3.96,3.7,3.96,249571,0
GRND-WS.US,D,20241030,000000,3.89,3.99,3.89,3.99,263,0
GRND-WS.US,D,20241031,000000,3.83,3.99,3.82,3.99,401,0
GRND-WS.US,D,20241101,000000,4,4,4,4,100,0
GRND-WS.US,D,20241105,000000,4,4.07,4,4.07,157974,0
GRND-WS.US,D,20241106,000000,4.19,4.49,4.01,4.49,29607,0
GRND-WS.US,D,20241107,000000,4.49,4.69,4.35,4.66,183208,0
GRND-WS.US,D,20241108,000000,4.75,4.79,4.32,4.77,14791,0
GRND-WS.US,D,20241111,000000,4.75,4.89,4.54,4.8034,3322,0
GRND-WS.US,D,20241112,000000,4.88,4.9,4.53,4.65,18064,0
GRND-WS.US,D,20241113,000000,4.39,4.39,4.39,4.39,102,0
GRND-WS.US,D,20241114,000000,4.47,4.6,4.41,4.44,237627,0
GRND-WS.US,D,20241115,000000,4.49,4.49,4.275,4.275,108999,0
GRND-WS.US,D,20241118,000000,4.55,4.74,4.55,4.74,4103,0
GRND-WS.US,D,20241119,000000,4.76,4.79,4.66,4.78,12414,0
GRND-WS.US,D,20241120,000000,4.75,4.81,4.59,4.635,7051,0
GRND-WS.US,D,20241121,000000,4.6739,4.85,4.5,4.82,3356,0
GRND-WS.US,D,20241122,000000,4.62,4.99,4.62,4.87,75456,0
GRND-WS.US,D,20241125,000000,4.95,4.99,3.94,4.92,203918,0
GRND-WS.US,D,20241126,000000,4.87,4.95,4.82,4.835,9560,0
GRND-WS.US,D,20241127,000000,4.73,4.95,4.73,4.73,1300,0
GRND-WS.US,D,20241129,000000,4.95,5,4.77,4.92,164030,0
GRND-WS.US,D,20241202,000000,4.82,5,4.61,4.9,4731,0
GRND-WS.US,D,20241203,000000,4.93,5.05,4.92,5.04,18728,0
GRND-WS.US,D,20241204,000000,5,5.0342,5,5.0101,11335,0
GRND-WS.US,D,20241205,000000,5,5.05,4.85,4.85,268587,0
GRND-WS.US,D,20241206,000000,4.87,5.45,4.85,5.31,143626,0
GRND-WS.US,D,20241209,000000,5.47,5.7,4.99,5.12,23147,0
GRND-WS.US,D,20241210,000000,5.12,5.29,5.11,5.25,26131,0
GRND-WS.US,D,20241211,000000,5,5.32,4.92,5.29,225456,0
GRND-WS.US,D,20241212,000000,5.37,5.37,5.25,5.25,3423,0
GRND-WS.US,D,20241213,000000,5.01,5.2084,5.01,5.14,7348,0
GRND-WS.US,D,20241216,000000,5.39,6.18,5.39,5.93,124157,0
GRND-WS.US,D,20241217,000000,5.98,5.98,5.47,5.86,61247,0
GRND-WS.US,D,20241218,000000,5.9,6.18,5.67,5.76,213556,0
GRND-WS.US,D,20241219,000000,5.99,6.0109,5.84,6,23842,0
GRND-WS.US,D,20241220,000000,5.89,6.5332,5.89,6.2487,113037,0
GRND-WS.US,D,20241223,000000,6.715,6.715,6.31,6.53,59033,0
GRND-WS.US,D,20241224,000000,6.56,6.64,6.47,6.5,4582,0
GRND-WS.US,D,20241226,000000,6.51,7,6.51,6.97,58868,0
GRND-WS.US,D,20241227,000000,6.85,7,6.48,6.68,45522,0
GRND-WS.US,D,20241230,000000,6.6,7,6.6,6.91,68101,0
GRND-WS.US,D,20241231,000000,6.98,6.98,6.66,6.75,7253,0
GRND-WS.US,D,20250102,000000,6.77,6.94,6.73,6.75,124528,0
GRND-WS.US,D,20250103,000000,6.9,6.97,6.75,6.81,355298,0
GRND-WS.US,D,20250106,000000,6.67,6.81,6.23,6.24,431666,0
GRND-WS.US,D,20250107,000000,6.41,6.422,6.09,6.24,18209,0
GRND-WS.US,D,20250108,000000,6.22,6.33,6.13,6.25,27269,0
GRND-WS.US,D,20250110,000000,5.84,6,5.72,5.83,29082,0
GRND-WS.US,D,20250113,000000,5.66,5.798,5.66,5.73,19520,0
GRND-WS.US,D,20250114,000000,5.79,5.98,5.79,5.8701,28068,0
GRND-WS.US,D,20250115,000000,6.15,6.15,5.97,6.1,15527,0
GRND-WS.US,D,20250116,000000,6.19,6.19,5.97,6.06,11671,0
GRND-WS.US,D,20250117,000000,6.18,6.26,5.96,6.08,23252,0
GRND-WS.US,D,20250121,000000,6.09,6.2727,6.06,6.22,18410,0
GRND-WS.US,D,20250122,000000,6.34,6.36,5.93,5.94,22106,0
GRND-WS.US,D,20250123,000000,5.98,5.98,5.79,5.86,1750,0
GRND-WS.US,D,20250124,000000,6.46,6.84,6.46,6.67,556126,0
GRND-WS.US,D,20250127,000000,6.5,6.65,6.33,6.5,516210,0
GRND-WS.US,D,20250128,000000,6.35,6.63,6.35,6.59,194919,0
GRND-WS.US,D,20250129,000000,6.5909,6.61,6.45,6.5501,415087,0
GRND-WS.US,D,20250130,000000,6.6,6.71,6.37,6.41,218023,0
GRND-WS.US,D,20250131,000000,6.4545,6.57,6.23,6.44,226706,0
GRND-WS.US,D,20250203,000000,6.6,6.66,6.48,6.58,144236,0
GRND-WS.US,D,20250204,000000,6.75,6.75,6.46,6.58,278971,0
GRND-WS.US,D,20250205,000000,6.6,6.6,6.48,6.58,124060,0
GRND-WS.US,D,20250206,000000,6.64,6.65,6.48,6.62,134586,0
GRND-WS.US,D,20250207,000000,6.58,6.75,6.47,6.62,362501,0
GRND-WS.US,D,20250210,000000,6.7,6.7,6.44,6.5,392473,0
GRND-WS.US,D,20250211,000000,6.5,6.57,6.5,6.53,8693,0
GRND-WS.US,D,20250212,000000,6.55,7,6.51,7,124073,0
GRND-WS.US,D,20250213,000000,7,7.15,6.6,7.11,177846,0
GRND-WS.US,D,20250214,000000,7,7,6.62,6.73,98891,0
GRND-WS.US,D,20250218,000000,6.7,7.16,6.58,7.06,323228,0
GRND-WS.US,D,20250219,000000,6.68,7.14,6.52,6.57,33003,0
GRND-WS.US,D,20250220,000000,6.76,6.76,6.42,6.5,83519,0
GRND-WS.US,D,20250221,000000,6.48,6.54,6.46,6.5,82075,0
