<TICKER>,<PER>,<DATE>,<TIME>,<OPEN>,<HIGH>,<LOW>,<CLOSE>,<VOL>,<OPENINT>
INST.US,D,20210722,000000,23.05,23.75,20.13,20.98,2949721,0
INST.US,D,20210723,000000,20.68,21.25,20,20.35,1009957,0
INST.US,D,20210726,000000,20.17,20.73,19.69,20.15,451803,0
INST.US,D,20210727,000000,20.01,20.13,19.01,19.75,433205,0
INST.US,D,20210728,000000,19.79,20.38,18.52,18.97,340784,0
INST.US,D,20210729,000000,19.22,19.84,19.053,19.54,89832,0
INST.US,D,20210730,000000,19.3,20.535,18.77,20.27,123088,0
INST.US,D,20210802,000000,20.19,20.3,19.81,20.08,94614,0
INST.US,D,20210803,000000,20.64,20.64,19.48,20.15,73785,0
INST.US,D,20210804,000000,20,20.4,19.6,20.05,108989,0
INST.US,D,20210805,000000,19.9,21.9756,19.78,21.65,247967,0
INST.US,D,20210806,000000,21.37,21.99,20.9,21.07,229416,0
INST.US,D,20210809,000000,21.38,21.38,19.42,19.45,150478,0
INST.US,D,20210810,000000,19.49,21.175,18.8,20.28,170670,0
INST.US,D,20210811,000000,20.27,20.5,19.3,19.51,157676,0
INST.US,D,20210812,000000,19.83,19.83,19.07,19.66,48788,0
INST.US,D,20210813,000000,19.66,20.16,19.4056,19.98,64676,0
INST.US,D,20210816,000000,20.28,20.88,19.73,20.05,77334,0
INST.US,D,20210817,000000,20.5,21.26,19.57,20.7,133806,0
INST.US,D,20210818,000000,22.1,23.5,21.28,21.44,592604,0
INST.US,D,20210819,000000,21.44,21.64,20,20.49,251103,0
INST.US,D,20210820,000000,20.9,21.23,20.15,21.04,176532,0
INST.US,D,20210823,000000,21.41,23.23,21.23,22.19,89957,0
INST.US,D,20210824,000000,22.53,24.37,22.07,23.33,361184,0
INST.US,D,20210825,000000,23.22,24.1,22.21,22.56,155477,0
INST.US,D,20210826,000000,22.35,23.81,22.2006,23.39,192435,0
INST.US,D,20210827,000000,23.68,25.58,23.03,25.05,180267,0
INST.US,D,20210830,000000,25.42,25.42,22.17,24.03,331120,0
INST.US,D,20210831,000000,24.56,26.29,22.45,22.9,293363,0
INST.US,D,20210901,000000,22.95,23.3425,22.29,23,90238,0
INST.US,D,20210902,000000,23,23.005,22.34,22.52,129943,0
INST.US,D,20210903,000000,22.43,23.45,22.11,23.32,114671,0
INST.US,D,20210907,000000,22.99,23.68,21.69,22.3,251443,0
INST.US,D,20210908,000000,22.18,22.6799,22.01,22.23,124452,0
INST.US,D,20210909,000000,22.05,23,22.05,22.36,103122,0
INST.US,D,20210910,000000,22.68,23,22,22.1,127352,0
INST.US,D,20210913,000000,22.32,22.555,19.69,20.46,188666,0
INST.US,D,20210914,000000,20.32,20.69,19.7,20.3,203842,0
INST.US,D,20210915,000000,20.01,20.97,20.01,20.23,143032,0
INST.US,D,20210916,000000,20.21,21.44,20.21,21.04,194187,0
INST.US,D,20210917,000000,21.04,21.74,20.26,20.67,1562826,0
INST.US,D,20210920,000000,20.18,20.495,19.59,20.04,195079,0
INST.US,D,20210921,000000,20.09,20.6,19.88,20.56,173527,0
INST.US,D,20210922,000000,20.6,21.58,20.26,21.42,145889,0
INST.US,D,20210923,000000,21.54,21.84,21,21.68,119781,0
INST.US,D,20210924,000000,21.38,22.55,21.05,22.08,57463,0
INST.US,D,20210927,000000,22.01,23.3299,21.62,23.1,115399,0
INST.US,D,20210928,000000,22.7,23.15,22.28,22.5,113981,0
INST.US,D,20210929,000000,22.63,23.19,22.15,22.98,76108,0
INST.US,D,20210930,000000,23.04,23.04,21.5,22.59,295021,0
INST.US,D,20211001,000000,22.62,23.5,21.8427,23.42,95771,0
INST.US,D,20211004,000000,23.53,23.9,22.53,22.83,123358,0
INST.US,D,20211005,000000,23.02,23.33,22.89,23,34306,0
INST.US,D,20211006,000000,22.8,24.03,22.8,23.7,122048,0
INST.US,D,20211007,000000,23.91,25.01,23.6,24.94,69423,0
INST.US,D,20211008,000000,24.82,24.95,24.05,24.11,45838,0
INST.US,D,20211011,000000,24.47,24.47,23.07,23.44,28003,0
INST.US,D,20211012,000000,23.64,24.53,23.64,24.25,90455,0
INST.US,D,20211013,000000,24.36,26.5599,23.57,24.51,214604,0
INST.US,D,20211014,000000,24.76,25.575,24.1401,25,171483,0
INST.US,D,20211015,000000,25.28,25.28,24.02,24.17,108104,0
INST.US,D,20211018,000000,23.89,24.565,23.47,24.12,50585,0
INST.US,D,20211019,000000,23.9719,25.51,23.9719,25.28,57742,0
INST.US,D,20211020,000000,25.24,25.475,24.815,25.12,59700,0
INST.US,D,20211021,000000,25.27,26.1895,25.14,25.49,55034,0
INST.US,D,20211022,000000,25.8945,26.2299,25.16,25.55,36100,0
INST.US,D,20211025,000000,25.8,26.55,24.965,25.88,337416,0
INST.US,D,20211026,000000,26.07,27.5,25.79,26.82,278607,0
INST.US,D,20211027,000000,26.73,26.73,24.77,24.82,49458,0
INST.US,D,20211028,000000,24.46,25.63,24.04,25.55,41733,0
INST.US,D,20211029,000000,25.49,25.56,24.63,25.22,167179,0
INST.US,D,20211101,000000,25.4,26.1,25.4,25.64,106075,0
INST.US,D,20211102,000000,25.23,26.175,24.6601,26.05,287820,0
INST.US,D,20211103,000000,25.93,27.0999,25.48,26.73,404567,0
INST.US,D,20211104,000000,26.85,26.92,25.8725,26.08,51229,0
INST.US,D,20211105,000000,26.35,27.045,25.9716,26.38,317912,0
INST.US,D,20211108,000000,26.46,27.03,26.06,26.44,58426,0
INST.US,D,20211109,000000,27.74,29.59,27.74,28.2,804170,0
INST.US,D,20211110,000000,28.72,28.92,26.61,27.66,275646,0
INST.US,D,20211111,000000,27.5,27.79,26.25,26.26,127148,0
INST.US,D,20211112,000000,26.49,26.56,25.61,26.46,56348,0
INST.US,D,20211115,000000,26.5,26.5,24.4,24.86,135776,0
INST.US,D,20211116,000000,24.74,25.49,23.4,25.2,270875,0
INST.US,D,20211117,000000,25.22,25.83,24.9,25.5,138706,0
INST.US,D,20211118,000000,25.14,25.6522,24.42,25,283992,0
INST.US,D,20211119,000000,25.35,26.75,25.17,25.87,436105,0
INST.US,D,20211122,000000,26.08,26.08,24.14,24.14,218420,0
INST.US,D,20211123,000000,24.21,24.5499,22.41,22.6,412108,0
INST.US,D,20211124,000000,22.43,23.32,22.031,22.96,112408,0
INST.US,D,20211126,000000,22.62,23.32,22.22,22.94,61839,0
INST.US,D,20211129,000000,23.31,23.9,22.73,22.9,525295,0
INST.US,D,20211130,000000,22.88,23.375,21.995,22.27,110201,0
INST.US,D,20211201,000000,22.85,23.065,21.63,21.7,91657,0
INST.US,D,20211202,000000,21.54,22.42,21.01,21.62,143195,0
INST.US,D,20211203,000000,21.55,21.8,19.85,20.48,259817,0
INST.US,D,20211206,000000,20.79,21.91,19.84,21.63,216089,0
INST.US,D,20211207,000000,21.93,23.07,21.8,22.49,88811,0
INST.US,D,20211208,000000,22.35,23.32,22.35,22.56,100099,0
INST.US,D,20211209,000000,23.94,24.77,23.49,23.57,308022,0
INST.US,D,20211210,000000,23.65,24.3,23.23,24.14,239909,0
INST.US,D,20211213,000000,24.28,24.76,21.97,22.7,214097,0
INST.US,D,20211214,000000,22.29,23.24,21.8,23.2,202002,0
INST.US,D,20211215,000000,23.02,23.39,21.675,23.15,214651,0
INST.US,D,20211216,000000,23.29,23.51,21.685,22.01,183026,0
INST.US,D,20211217,000000,21.7,23.27,21.22,22.99,166735,0
INST.US,D,20211220,000000,22.47,23.26,22.32,23.07,88196,0
INST.US,D,20211221,000000,23.27,23.5,22.7,23.26,98577,0
INST.US,D,20211222,000000,23.2,23.52,22.72,22.99,43857,0
INST.US,D,20211223,000000,22.94,23.34,22.84,23.11,57466,0
INST.US,D,20211227,000000,23,23.76,23,23.53,32395,0
INST.US,D,20211228,000000,23.5,24.11,23.34,23.53,81789,0
INST.US,D,20211229,000000,23.63,23.63,22.74,23.15,88315,0
INST.US,D,20211230,000000,23.15,23.68,22.97,23.19,116072,0
INST.US,D,20211231,000000,23.24,24.27,23.23,23.98,96982,0
INST.US,D,20220103,000000,24.1,24.47,23.62,23.81,72591,0
INST.US,D,20220104,000000,23.84,23.84,22.5,23.41,109608,0
INST.US,D,20220105,000000,23.03,23.13,21.51,22.02,150764,0
INST.US,D,20220106,000000,21.64,22.23,20.745,20.9,481643,0
INST.US,D,20220107,000000,21,21.14,20.04,20.49,115148,0
INST.US,D,20220110,000000,20.28,21.24,19.79,20.83,252543,0
INST.US,D,20220111,000000,20.67,21.785,20.67,21.38,95817,0
INST.US,D,20220112,000000,21.51,21.76,20.82,21.55,105575,0
INST.US,D,20220113,000000,21.58,21.58,20.91,20.97,80036,0
INST.US,D,20220114,000000,20.77,21.75,20.58,20.98,193783,0
INST.US,D,20220118,000000,21.2,22.01,20.73,20.79,249752,0
INST.US,D,20220119,000000,21,21.61,20.72,21.01,140698,0
INST.US,D,20220120,000000,21.15,21.88,21.05,21.17,71851,0
INST.US,D,20220121,000000,21.07,21.98,21,21.12,321633,0
INST.US,D,20220124,000000,20.3,23.29,19.73,23.19,179402,0
INST.US,D,20220125,000000,22.88,23.93,22.615,22.9,527296,0
INST.US,D,20220126,000000,23.3,24.275,22.5,22.67,140671,0
INST.US,D,20220127,000000,23,23.47,22.48,22.63,93803,0
INST.US,D,20220128,000000,22.75,23.65,22,23.61,92242,0
INST.US,D,20220131,000000,23.51,24.38,22.97,23.1,260546,0
INST.US,D,20220201,000000,23.46,23.85,22.69,23.79,208627,0
INST.US,D,20220202,000000,23.84,23.84,22.8405,22.98,52853,0
INST.US,D,20220203,000000,22.7,22.81,22.32,22.39,47525,0
INST.US,D,20220204,000000,22.24,23.93,22.16,23.01,191626,0
INST.US,D,20220207,000000,23.26,23.78,23.22,23.64,86396,0
INST.US,D,20220208,000000,23.49,24.4,23.37,24.28,82494,0
INST.US,D,20220209,000000,24.5,24.55,23.55,24.06,59650,0
INST.US,D,20220210,000000,23.42,24.77,23.31,23.85,69176,0
INST.US,D,20220211,000000,24.01,24.33,23.03,23.27,57889,0
INST.US,D,20220214,000000,23.39,23.91,22.8,23.38,70598,0
INST.US,D,20220215,000000,23.67,24.94,23.43,24.43,124417,0
INST.US,D,20220216,000000,24.54,24.77,23.95,24.34,211889,0
INST.US,D,20220217,000000,24.07,24.23,22.72,22.77,61201,0
INST.US,D,20220218,000000,22.75,23.69,22.24,22.5,173764,0
INST.US,D,20220222,000000,22.21,22.39,21.4,21.64,99810,0
INST.US,D,20220223,000000,21.87,21.9,20.915,21.02,116855,0
INST.US,D,20220224,000000,20.47,21.99,20.47,21.76,224449,0
INST.US,D,20220225,000000,21.84,22.95,21.3,22.95,118248,0
INST.US,D,20220228,000000,22.64,23.0448,21.87,22.41,90896,0
INST.US,D,20220301,000000,22.12,22.36,21.36,21.53,52247,0
INST.US,D,20220302,000000,21.6,22.3,21.4552,22,246258,0
INST.US,D,20220303,000000,21.95,21.95,20.8,21.19,169877,0
INST.US,D,20220304,000000,20.95,21.31,20.3,20.47,159141,0
INST.US,D,20220307,000000,20.31,20.4,19.61,20.23,106576,0
INST.US,D,20220308,000000,20.16,20.61,19.26,19.8,100476,0
INST.US,D,20220309,000000,20.15,21.3,20.02,21,176445,0
INST.US,D,20220310,000000,20.51,20.95,20.355,20.75,61953,0
INST.US,D,20220311,000000,20.83,20.92,20.21,20.38,58713,0
INST.US,D,20220314,000000,20.49,20.79,19.64,19.93,74176,0
INST.US,D,20220315,000000,20.14,20.14,19.45,19.78,81717,0
INST.US,D,20220316,000000,19.9,20.66,19.63,20.61,119805,0
INST.US,D,20220317,000000,20.47,21.22,20.175,20.63,91363,0
INST.US,D,20220318,000000,20.64,21.12,19.72,20.73,141521,0
INST.US,D,20220321,000000,20.8,20.96,19.79,19.79,207435,0
INST.US,D,20220322,000000,19.89,20.985,19.89,20.24,264211,0
INST.US,D,20220323,000000,20.12,20.53,19.03,19.47,293211,0
INST.US,D,20220324,000000,19.51,20.19,19.305,20.19,102529,0
INST.US,D,20220325,000000,20.29,20.61,19.32,19.65,90184,0
INST.US,D,20220328,000000,19.4,19.93,19.28,19.72,85957,0
INST.US,D,20220329,000000,19.92,20.215,19.48,19.99,117983,0
INST.US,D,20220330,000000,19.83,20.325,19.69,20.05,103030,0
INST.US,D,20220331,000000,19.98,20.44,19.96,20.06,71306,0
INST.US,D,20220401,000000,20.05,20.809,20.05,20.71,50384,0
INST.US,D,20220404,000000,20.78,21.39,20.78,21.33,43133,0
INST.US,D,20220405,000000,21.17,21.24,20.31,20.4,32625,0
INST.US,D,20220406,000000,20.08,20.08,19.37,19.46,53076,0
INST.US,D,20220407,000000,19.49,19.61,18.78,19.18,67674,0
INST.US,D,20220408,000000,19.04,19.38,18.695,18.79,70203,0
INST.US,D,20220411,000000,18.66,19.21,18.51,19,33492,0
INST.US,D,20220412,000000,19.21,19.75,19.02,19.03,70635,0
INST.US,D,20220413,000000,19.25,19.77,19.25,19.56,21546,0
INST.US,D,20220414,000000,19.64,19.64,18.82,18.89,66613,0
INST.US,D,20220418,000000,18.94,18.94,18.01,18.4,37421,0
INST.US,D,20220419,000000,18.39,18.91,18.17,18.46,120704,0
INST.US,D,20220420,000000,18.63,18.74,18.19,18.35,42129,0
INST.US,D,20220421,000000,18.51,18.51,17.62,17.68,85402,0
INST.US,D,20220422,000000,17.71,18.21,17.18,17.63,75029,0
INST.US,D,20220425,000000,17.68,18.31,17.48,18.18,39827,0
INST.US,D,20220426,000000,17.95,18.27,17.3,17.59,50547,0
INST.US,D,20220427,000000,17.68,17.985,17.25,17.75,57507,0
INST.US,D,20220428,000000,17.81,18.49,17.34,18.31,36781,0
INST.US,D,20220429,000000,18.08,18.45,17.815,18.1,71339,0
INST.US,D,20220502,000000,17.87,19.45,17.87,19.13,186493,0
INST.US,D,20220503,000000,19.85,20.19,18.32,18.47,230292,0
INST.US,D,20220504,000000,18.43,18.62,17.015,18.54,49067,0
INST.US,D,20220505,000000,18.2,18.225,17.38,17.99,93272,0
INST.US,D,20220506,000000,17.79,18.35,17.28,17.68,69811,0
INST.US,D,20220509,000000,17.67,17.76,16.93,17.21,76982,0
INST.US,D,20220510,000000,17.43,17.43,16.31,16.58,152831,0
INST.US,D,20220511,000000,16.68,17.08,15.93,16.06,67332,0
INST.US,D,20220512,000000,15.95,17.02,15.68,16.84,81767,0
INST.US,D,20220513,000000,17.11,17.785,17.01,17.5,83693,0
INST.US,D,20220516,000000,17.01,17.34,16.35,16.51,91270,0
INST.US,D,20220517,000000,16.92,17.16,16.15,16.97,115330,0
INST.US,D,20220518,000000,16.84,17.12,16.5,16.74,114479,0
INST.US,D,20220519,000000,16.61,17.03,15.83,16.5,164989,0
INST.US,D,20220520,000000,16.78,17.06,16.18,16.55,164789,0
INST.US,D,20220523,000000,16.65,16.95,15.89,16.89,133114,0
INST.US,D,20220524,000000,16.68,17.47,16.23,17.01,232249,0
INST.US,D,20220525,000000,17.1,17.48,16.745,16.97,82084,0
INST.US,D,20220526,000000,17.3,18.19,17.06,17.89,156311,0
INST.US,D,20220527,000000,18.01,18.45,17.75,18.04,77170,0
INST.US,D,20220531,000000,18.08,18.08,17.55,17.85,67646,0
INST.US,D,20220601,000000,18.04,18.88,18,18.57,76209,0
INST.US,D,20220602,000000,18.49,19.44,18.49,19.22,219016,0
INST.US,D,20220603,000000,18.99,19.22,18.02,18.31,133746,0
INST.US,D,20220606,000000,18.53,19.16,18.21,19.06,123332,0
INST.US,D,20220607,000000,18.75,19.55,18.75,19.52,189295,0
INST.US,D,20220608,000000,19.17,19.92,19.17,19.51,68272,0
INST.US,D,20220609,000000,19.38,19.87,19.0501,19.37,107383,0
INST.US,D,20220610,000000,19.12,19.65,18.67,19.47,195862,0
INST.US,D,20220613,000000,18.97,19.15,18.11,18.26,202939,0
INST.US,D,20220614,000000,18.21,18.86,17.97,18.57,179853,0
INST.US,D,20220615,000000,18.77,20.85,18.73,20.54,244730,0
INST.US,D,20220616,000000,20.01,20.185,19.5249,19.75,187878,0
INST.US,D,20220617,000000,19.88,21.37,19.7626,21.22,236871,0
INST.US,D,20220621,000000,21.29,21.69,20.775,20.9,222078,0
INST.US,D,20220622,000000,20.56,22.08,20.56,21.39,188494,0
INST.US,D,20220623,000000,21.5,22.32,21.3812,21.88,143730,0
INST.US,D,20220624,000000,22.16,23.06,21.17,22.42,821663,0
INST.US,D,20220627,000000,22.51,22.81,21.9676,22.36,74904,0
INST.US,D,20220628,000000,22.27,22.85,22.02,22.25,85208,0
INST.US,D,20220629,000000,22.22,23.35,22.15,23.31,91738,0
INST.US,D,20220630,000000,22.95,23.27,22.353,22.7,92099,0
INST.US,D,20220701,000000,22.43,22.9409,21.95,22.05,106147,0
INST.US,D,20220705,000000,21.8,23.18,21.45,23.18,147718,0
INST.US,D,20220706,000000,22.98,23.47,22.72,22.97,97961,0
INST.US,D,20220707,000000,23,23.58,22.95,23.11,130343,0
INST.US,D,20220708,000000,23.03,23.43,22.36,23.26,117364,0
INST.US,D,20220711,000000,22.99,23.15,22.54,22.75,63000,0
INST.US,D,20220712,000000,22.89,23.335,22.33,22.41,59692,0
INST.US,D,20220713,000000,21.88,22.75,21.84,22.51,53443,0
INST.US,D,20220714,000000,22.2,23.06,21.74,22.94,75451,0
INST.US,D,20220715,000000,23.08,23.59,22.67,23.46,72660,0
INST.US,D,20220718,000000,23.58,23.68,22.64,22.82,122120,0
INST.US,D,20220719,000000,22.93,23.38,22.6,22.98,147249,0
INST.US,D,20220720,000000,23.01,23.855,22.86,23.73,278203,0
INST.US,D,20220721,000000,23.78,24.48,23.49,23.79,412152,0
INST.US,D,20220722,000000,23.95,24.48,23.42,23.79,185049,0
INST.US,D,20220725,000000,23.68,23.88,22.79,23.56,343226,0
INST.US,D,20220726,000000,23.46,23.9,23.075,23.5,187095,0
INST.US,D,20220727,000000,23.72,25,23.72,24.22,276833,0
INST.US,D,20220728,000000,24.3,24.59,23.83,24.42,288805,0
INST.US,D,20220729,000000,24.38,24.46,23.59,24.44,360151,0
INST.US,D,20220801,000000,24.3,25.32,24.0008,24.53,523215,0
INST.US,D,20220802,000000,24.79,24.98,24.19,24.22,367185,0
INST.US,D,20220803,000000,24.49,24.885,23.95,24.6,515378,0
INST.US,D,20220804,000000,24.33,24.57,24.02,24.43,501531,0
INST.US,D,20220805,000000,24.29,25.08,24.225,24.81,406359,0
INST.US,D,20220808,000000,24.81,25.365,24.49,25,487520,0
INST.US,D,20220809,000000,24.83,25.575,24.76,25.22,318507,0
INST.US,D,20220810,000000,25.47,25.84,24.95,25,188889,0
INST.US,D,20220811,000000,25.11,25.205,24.65,24.75,117120,0
INST.US,D,20220812,000000,24.99,25.085,24.68,24.74,142593,0
INST.US,D,20220815,000000,24.75,24.915,24.25,24.54,221414,0
INST.US,D,20220816,000000,24.45,24.96,24.12,24.58,187351,0
INST.US,D,20220817,000000,24.26,24.57,23.9,24.4,146504,0
INST.US,D,20220818,000000,24.11,24.86,23.95,24.71,125549,0
INST.US,D,20220819,000000,24.6,24.74,24.11,24.29,98555,0
INST.US,D,20220822,000000,23.95,23.95,23.05,23.07,169567,0
INST.US,D,20220823,000000,23,23.31,22.72,23.11,172925,0
INST.US,D,20220824,000000,23.42,23.77,23.39,23.49,186087,0
INST.US,D,20220825,000000,23.6,23.63,23.25,23.57,142065,0
INST.US,D,20220826,000000,23.6,23.6,23.07,23.33,144824,0
INST.US,D,20220829,000000,23.05,23.55,22.955,22.96,143569,0
INST.US,D,20220830,000000,23,23.435,22.34,22.62,623491,0
INST.US,D,20220831,000000,22.57,23.04,22.36,22.73,165999,0
INST.US,D,20220901,000000,22.61,22.89,22.189,22.39,290319,0
INST.US,D,20220902,000000,22.39,22.49,21.52,21.71,276255,0
INST.US,D,20220906,000000,21.89,22.97,21.59,22.37,334749,0
INST.US,D,20220907,000000,22.43,23.16,22.13,23.04,212076,0
INST.US,D,20220908,000000,22.8,23.21,22.4,22.7,217197,0
INST.US,D,20220909,000000,22.66,23.24,22.63,23.08,247267,0
INST.US,D,20220912,000000,23.24,23.44,23.08,23.3,139876,0
INST.US,D,20220913,000000,22.71,23.54,22.71,23.38,233506,0
INST.US,D,20220914,000000,23.4,23.6,22.92,23.31,202669,0
INST.US,D,20220915,000000,23.08,23.6,22.89,23.29,216614,0
INST.US,D,20220916,000000,22.96,23.12,21.54,21.76,1412697,0
INST.US,D,20220919,000000,21.39,22.0455,21.39,21.93,184546,0
INST.US,D,20220920,000000,21.69,22,21.45,21.72,123223,0
INST.US,D,20220921,000000,21.91,22.65,21.71,22.42,180199,0
INST.US,D,20220922,000000,22.27,22.67,22.2,22.51,221624,0
INST.US,D,20220923,000000,22.38,22.47,22.005,22.32,189199,0
INST.US,D,20220926,000000,22.32,22.74,22.04,22.47,182331,0
INST.US,D,20220927,000000,22.52,22.96,22.39,22.67,270491,0
INST.US,D,20220928,000000,22.6,22.615,22.11,22.51,215039,0
INST.US,D,20220929,000000,22.32,22.72,22.2,22.5,180572,0
INST.US,D,20220930,000000,22.38,22.715,22.16,22.28,239434,0
INST.US,D,20221003,000000,22.44,22.78,22.04,22.49,157671,0
INST.US,D,20221004,000000,22.77,23.05,22.5,22.61,160760,0
INST.US,D,20221005,000000,22.31,22.53,22.1449,22.2,107471,0
INST.US,D,20221006,000000,22.36,22.5442,21.92,22.2,172329,0
INST.US,D,20221007,000000,22.11,22.48,21.6,21.89,87835,0
INST.US,D,20221010,000000,21.97,21.97,21.08,21.16,114040,0
INST.US,D,20221011,000000,21.08,21.23,20.77,21,171350,0
INST.US,D,20221012,000000,21.12,21.4,20.85,21.37,111007,0
INST.US,D,20221013,000000,21.02,21.54,20.33,21.12,278125,0
INST.US,D,20221014,000000,21.28,21.295,20.52,20.74,127624,0
INST.US,D,20221017,000000,21.09,22.03,21,21.89,370166,0
INST.US,D,20221018,000000,22.34,23.38,21.97,23.31,198880,0
INST.US,D,20221019,000000,23.05,23.33,22.77,23.31,144012,0
INST.US,D,20221020,000000,23.42,24.21,23.34,23.89,198427,0
INST.US,D,20221021,000000,23.96,24.095,23.06,23.1,233310,0
INST.US,D,20221024,000000,23.23,23.23,22.63,23.05,132491,0
INST.US,D,20221025,000000,23.16,24.35,23.055,24.05,151294,0
INST.US,D,20221026,000000,23.82,24.26,23.27,23.29,119256,0
INST.US,D,20221027,000000,23.5,23.75,22.91,23.52,223338,0
INST.US,D,20221028,000000,23.77,24.34,23.545,24.16,102353,0
INST.US,D,20221031,000000,23.94,24.53,23.54,23.62,281832,0
INST.US,D,20221101,000000,23.84,24.1495,23.445,23.84,182394,0
INST.US,D,20221102,000000,23.95,24.515,21.24,22.67,553893,0
INST.US,D,20221103,000000,22.36,23.81,21.7,23.41,231929,0
INST.US,D,20221104,000000,23.29,23.6,22.3,22.36,329489,0
INST.US,D,20221107,000000,22.27,22.27,21.49,22.01,211914,0
INST.US,D,20221108,000000,21.97,22.6,21.69,22.25,233815,0
INST.US,D,20221109,000000,22.23,22.58,21.77,21.89,391825,0
INST.US,D,20221110,000000,22.61,22.945,21.53,22.61,286877,0
INST.US,D,20221111,000000,22.74,23.68,22.41,23.59,249295,0
INST.US,D,20221114,000000,23.4,23.91,23.16,23.25,202810,0
INST.US,D,20221115,000000,23.59,24.1,23.25,23.39,142291,0
INST.US,D,20221116,000000,23.16,23.16,22.44,22.69,169921,0
INST.US,D,20221117,000000,22.52,23.8,22,23.26,359995,0
INST.US,D,20221118,000000,23.66,23.67,23.3,23.55,135168,0
INST.US,D,20221121,000000,23.29,23.29,22.76,23.05,152702,0
INST.US,D,20221122,000000,23.25,23.66,22.4298,23.43,113168,0
INST.US,D,20221123,000000,23.66,24.26,23.3,23.7,168538,0
INST.US,D,20221125,000000,23.85,24.22,23.585,24.04,64937,0
INST.US,D,20221128,000000,23.84,24.67,23.78,24.42,308091,0
INST.US,D,20221129,000000,24.19,24.59,23.88,24.53,257649,0
INST.US,D,20221130,000000,24.5,25.19,23.78,25.11,182124,0
INST.US,D,20221201,000000,24.92,25.98,24.84,25.89,496886,0
INST.US,D,20221202,000000,25.63,25.71,24.73,25.11,400350,0
INST.US,D,20221205,000000,25.01,25.67,24.5501,25.2,403021,0
INST.US,D,20221206,000000,25.2,25.3,24.09,24.15,313126,0
INST.US,D,20221207,000000,23.94,23.94,23.04,23.28,125691,0
INST.US,D,20221208,000000,23.38,24.01,23.0441,23.73,179642,0
INST.US,D,20221209,000000,23.6,23.97,23.54,23.75,154351,0
INST.US,D,20221212,000000,23.79,24.31,23.79,24.28,356705,0
INST.US,D,20221213,000000,24.5,24.9899,24.155,24.61,435390,0
INST.US,D,20221214,000000,24.55,25.14,24.41,24.72,171914,0
INST.US,D,20221215,000000,24.57,25.12,23.97,24.23,113359,0
INST.US,D,20221216,000000,24.01,24.57,23.76,23.9,387647,0
INST.US,D,20221219,000000,23.89,24.31,23.45,23.74,120543,0
INST.US,D,20221220,000000,23.61,24.09,23.32,23.88,114859,0
INST.US,D,20221221,000000,23.89,24.47,23.06,24.21,152275,0
INST.US,D,20221222,000000,24.05,24.54,23.35,24.04,62016,0
INST.US,D,20221223,000000,23.97,24.541,23.78,23.99,90220,0
INST.US,D,20221227,000000,23.94,24.09,23.6,23.71,46500,0
INST.US,D,20221228,000000,23.57,24.03,23.0719,23.6,51161,0
INST.US,D,20221229,000000,23.56,23.98,22.86,23.85,86634,0
INST.US,D,20221230,000000,23.79,24.06,23.28,23.44,70887,0
INST.US,D,20230103,000000,23.56,25.69,23.13,25.28,803157,0
INST.US,D,20230104,000000,25.7,26.32,24.48,24.51,290425,0
INST.US,D,20230105,000000,24.66,24.75,24.1019,24.47,140573,0
INST.US,D,20230106,000000,24.69,24.7,24.16,24.52,111154,0
INST.US,D,20230109,000000,24.24,24.98,24.24,24.4,111916,0
INST.US,D,20230110,000000,24.46,24.6384,23.76,24.35,155981,0
INST.US,D,20230111,000000,24.62,24.7092,24,24.44,134607,0
INST.US,D,20230112,000000,24.58,25.23,24.03,25.1,295849,0
INST.US,D,20230113,000000,25.27,25.705,25.05,25.39,135253,0
INST.US,D,20230117,000000,25.42,26.98,25.12,26.65,199736,0
INST.US,D,20230118,000000,27.13,31.47,26.5,27,809714,0
INST.US,D,20230119,000000,26.72,27.5,26.05,26.05,238196,0
INST.US,D,20230120,000000,26.15,26.75,25.34,25.84,114777,0
INST.US,D,20230123,000000,25.93,26.07,25.38,25.75,170820,0
INST.US,D,20230124,000000,25.5,26.82,25.31,26.41,153648,0
INST.US,D,20230125,000000,26.11,26.2,25.63,26.1,57545,0
INST.US,D,20230126,000000,26.31,26.86,26.18,26.57,71512,0
INST.US,D,20230127,000000,26.45,27.1,26.45,26.93,106927,0
INST.US,D,20230130,000000,26.66,27,26.6,26.71,91133,0
INST.US,D,20230131,000000,26.81,27.09,26.59,27.03,96036,0
INST.US,D,20230201,000000,27.06,28.03,26.641,27.78,220533,0
INST.US,D,20230202,000000,28.25,28.395,27.611,28.16,158715,0
INST.US,D,20230203,000000,27.81,28.44,27.3101,28.03,203423,0
INST.US,D,20230206,000000,27.83,28.14,27.6,27.73,124174,0
INST.US,D,20230207,000000,27.6,28.03,27.22,27.91,119890,0
INST.US,D,20230208,000000,27.72,28.2842,26.95,27.09,130030,0
INST.US,D,20230209,000000,27.48,27.7,27.22,27.25,109777,0
INST.US,D,20230210,000000,27.18,27.87,27.01,27.52,211125,0
INST.US,D,20230213,000000,27.75,27.75,26.675,27.02,272613,0
INST.US,D,20230214,000000,27.12,27.55,25.69,27.02,282810,0
INST.US,D,20230215,000000,27.07,27.81,26.33,26.98,140288,0
INST.US,D,20230216,000000,26.56,26.94,26.16,26.56,148411,0
INST.US,D,20230217,000000,26.45,26.68,25.8479,26.52,134384,0
INST.US,D,20230221,000000,26.14,26.85,26.14,26.79,155610,0
INST.US,D,20230222,000000,26.69,26.915,25.93,26.12,205329,0
INST.US,D,20230223,000000,26.15,26.51,25.61,26.13,164461,0
INST.US,D,20230224,000000,25.82,26.39,25.58,26.29,128214,0
INST.US,D,20230227,000000,26.43,26.51,26.02,26.12,127328,0
INST.US,D,20230228,000000,26.16,26.3,25.48,25.77,517532,0
INST.US,D,20230301,000000,25.72,26,25,25.16,218799,0
INST.US,D,20230302,000000,25.01,25.33,24.73,24.8,168609,0
INST.US,D,20230303,000000,24.85,25.35,24.63,25.29,167672,0
INST.US,D,20230306,000000,25.32,25.66,24.7001,24.99,107478,0
INST.US,D,20230307,000000,24.92,25.12,24.6461,24.82,85818,0
INST.US,D,20230308,000000,24.76,24.85,24.38,24.5,73128,0
INST.US,D,20230309,000000,24.43,24.43,23.8,24.07,149902,0
INST.US,D,20230310,000000,23.93,23.93,23.25,23.45,185434,0
INST.US,D,20230313,000000,23.25,24,22.9925,23.73,189913,0
INST.US,D,20230314,000000,24.01,24.34,23.855,24.18,151558,0
INST.US,D,20230315,000000,23.82,24.38,23.6001,24.24,209753,0
INST.US,D,20230316,000000,23.89,24.66,23.79,24.55,97822,0
INST.US,D,20230317,000000,24.59,24.7875,24.185,24.28,184457,0
INST.US,D,20230320,000000,24.38,24.7,23.9352,24.51,88249,0
INST.US,D,20230321,000000,24.76,24.87,24.57,24.82,68857,0
INST.US,D,20230322,000000,24.85,25.18,24.6,24.61,79230,0
INST.US,D,20230323,000000,24.78,25.14,24.54,24.92,68264,0
INST.US,D,20230324,000000,24.86,25.27,24.69,25.24,61427,0
INST.US,D,20230327,000000,25.39,25.68,25.35,25.59,67408,0
INST.US,D,20230328,000000,25.47,25.9,25.22,25.49,112741,0
INST.US,D,20230329,000000,25.53,25.635,25.025,25.23,93338,0
INST.US,D,20230330,000000,25.32,25.32,24.87,25.22,63622,0
INST.US,D,20230331,000000,25.36,26.28,25.24,25.9,85262,0
INST.US,D,20230403,000000,25.8,25.8,25.19,25.69,82030,0
INST.US,D,20230404,000000,25.63,26.11,25.57,26.03,83541,0
INST.US,D,20230405,000000,25.85,25.92,25.02,25.19,87080,0
INST.US,D,20230406,000000,25.16,25.75,24.65,25.59,105592,0
INST.US,D,20230410,000000,25.42,25.89,25.175,25.87,133634,0
INST.US,D,20230411,000000,25.91,26.08,25.26,25.76,134112,0
INST.US,D,20230412,000000,25.86,25.86,25.2,25.4,64608,0
INST.US,D,20230413,000000,25.43,25.87,25.41,25.78,77645,0
INST.US,D,20230414,000000,25.75,26.265,25.5,25.7,49389,0
INST.US,D,20230417,000000,25.84,26.43,25.41,26.27,104997,0
INST.US,D,20230418,000000,26.34,26.34,25.7,25.91,78133,0
INST.US,D,20230419,000000,25.63,26.24,25.63,25.99,52111,0
INST.US,D,20230420,000000,25.9,26.27,25.85,26.24,61821,0
INST.US,D,20230421,000000,26.12,26.93,26.12,26.48,192954,0
INST.US,D,20230424,000000,26.39,26.39,25.7066,26.12,97630,0
INST.US,D,20230425,000000,25.92,25.985,25.58,25.83,111670,0
INST.US,D,20230426,000000,25.74,26.12,25.56,25.84,259485,0
INST.US,D,20230427,000000,26.07,26.74,25.85,26.55,90091,0
INST.US,D,20230428,000000,26.39,26.73,26.16,26.53,107913,0
INST.US,D,20230501,000000,26.38,27.13,26.24,26.6,125003,0
INST.US,D,20230502,000000,28,28,25.96,26.1,179749,0
INST.US,D,20230503,000000,26.22,27.13,25.75,26.44,149701,0
INST.US,D,20230504,000000,26.3,26.335,25.42,25.67,175872,0
INST.US,D,20230505,000000,25.82,25.895,25.05,25.09,164928,0
INST.US,D,20230508,000000,25.11,25.75,24.93,25.42,125453,0
INST.US,D,20230509,000000,25.3,25.52,25.02,25.08,66396,0
INST.US,D,20230510,000000,25.33,25.35,24.08,24.4,132702,0
INST.US,D,20230511,000000,24.33,24.33,23.69,23.97,91298,0
INST.US,D,20230512,000000,23.97,23.99,23.35,23.48,77516,0
INST.US,D,20230515,000000,23.5,23.73,23.19,23.7,147374,0
INST.US,D,20230516,000000,23.49,23.96,23.42,23.67,98101,0
INST.US,D,20230517,000000,23.73,24.25,23.545,24.03,111627,0
INST.US,D,20230518,000000,24,24.32,23.67,23.94,111604,0
INST.US,D,20230519,000000,24.12,24.26,23.63,23.7,81357,0
INST.US,D,20230522,000000,23.78,24.09,23.64,23.97,87573,0
INST.US,D,20230523,000000,24,24.73,23.755,24.52,115790,0
INST.US,D,20230524,000000,24.29,24.5,23.94,24.18,91176,0
INST.US,D,20230525,000000,24.23,24.79,23.94,24.08,61510,0
INST.US,D,20230526,000000,24.02,24.5,23.975,24.13,55553,0
INST.US,D,20230530,000000,24.14,24.435,24.04,24.38,58752,0
INST.US,D,20230531,000000,24.27,24.6,24.16,24.56,96257,0
INST.US,D,20230601,000000,24.35,24.865,24.03,24.65,108551,0
INST.US,D,20230602,000000,24.65,24.91,24.38,24.75,173949,0
INST.US,D,20230605,000000,24.56,24.6,24.2,24.31,147623,0
INST.US,D,20230606,000000,24.24,25.09,23.67,25.02,169301,0
INST.US,D,20230607,000000,25.05,25.94,24.85,25.53,160630,0
INST.US,D,20230608,000000,24.8,24.95,24.21,24.67,160287,0
INST.US,D,20230609,000000,24.77,25.24,24.28,24.3,172213,0
INST.US,D,20230612,000000,24.27,25.77,23.99,25.56,225772,0
INST.US,D,20230613,000000,25.57,26.2763,25.57,25.98,98659,0
INST.US,D,20230614,000000,25.94,26.185,25.29,25.31,125735,0
INST.US,D,20230615,000000,25.23,25.82,25.17,25.41,230378,0
INST.US,D,20230616,000000,25.57,25.74,24.7,24.8,337564,0
INST.US,D,20230620,000000,24.69,25.35,24.475,24.98,199802,0
INST.US,D,20230621,000000,24.93,25.115,24.025,24.12,156374,0
INST.US,D,20230622,000000,24.04,24.63,23.96,24.2,265910,0
INST.US,D,20230623,000000,24.06,24.445,24.04,24.17,764838,0
INST.US,D,20230626,000000,24.15,24.51,24.05,24.19,87581,0
INST.US,D,20230627,000000,24.29,24.46,24.15,24.19,86748,0
INST.US,D,20230628,000000,24.21,24.75,24.21,24.74,64929,0
INST.US,D,20230629,000000,24.8,25.05,24.65,24.93,91816,0
INST.US,D,20230630,000000,25.09,25.4514,25.09,25.16,62286,0
INST.US,D,20230703,000000,24.96,25.22,24.8,25.21,33922,0
INST.US,D,20230705,000000,24.97,25.2,24.9,25.03,63275,0
INST.US,D,20230706,000000,25.23,25.75,25.02,25.58,93246,0
INST.US,D,20230707,000000,25.52,26.17,25.52,25.79,84812,0
INST.US,D,20230710,000000,25.65,26.17,25.65,26.15,104609,0
INST.US,D,20230711,000000,26.15,26.76,25.95,26.73,96214,0
INST.US,D,20230712,000000,27.16,27.885,26.97,27.81,177895,0
INST.US,D,20230713,000000,27.92,28.4778,27.87,28.35,127247,0
INST.US,D,20230714,000000,28.24,28.5,27.89,28.15,76293,0
INST.US,D,20230717,000000,28.1,28.45,27.9,28,57940,0
INST.US,D,20230718,000000,27.88,27.9439,26.7,26.85,136068,0
INST.US,D,20230719,000000,26.9,27.05,26.4,26.5,87573,0
INST.US,D,20230720,000000,26.47,26.7,25.97,26.17,89097,0
INST.US,D,20230721,000000,26.48,27.36,26.09,26.29,145154,0
INST.US,D,20230724,000000,26.24,26.575,26.07,26.45,62623,0
INST.US,D,20230725,000000,26.3,26.76,26.3,26.67,85415,0
INST.US,D,20230726,000000,26.58,26.81,26.45,26.75,57655,0
INST.US,D,20230727,000000,26.81,26.81,26.1675,26.31,73372,0
INST.US,D,20230728,000000,26.6,26.82,26.43,26.62,128315,0
INST.US,D,20230731,000000,26.5,27.17,26.46,27.17,106561,0
INST.US,D,20230801,000000,27.53,27.85,26.78,27.36,124182,0
INST.US,D,20230802,000000,27.15,27.24,26.78,27.17,82077,0
INST.US,D,20230803,000000,26.83,27.24,26.66,26.93,81434,0
INST.US,D,20230804,000000,26.87,27.2,26.53,26.58,99260,0
INST.US,D,20230807,000000,26.53,27.31,26.47,27.05,90798,0
INST.US,D,20230808,000000,26.75,26.75,25.99,26.27,86861,0
INST.US,D,20230809,000000,26.19,26.495,25.475,25.55,75582,0
INST.US,D,20230810,000000,25.59,25.665,25.05,25.4,75152,0
INST.US,D,20230811,000000,25.14,25.69,25.14,25.6,97736,0
INST.US,D,20230814,000000,25.47,25.78,25.37,25.64,96263,0
INST.US,D,20230815,000000,25.48,25.95,25.33,25.83,76731,0
INST.US,D,20230816,000000,25.79,25.98,25.72,25.77,50120,0
INST.US,D,20230817,000000,25.76,25.895,25.465,25.6,59746,0
INST.US,D,20230818,000000,25.43,25.97,25.3425,25.66,47591,0
INST.US,D,20230821,000000,25.64,25.85,25.39,25.43,70557,0
INST.US,D,20230822,000000,25.51,25.75,25.435,25.45,57922,0
INST.US,D,20230823,000000,25.56,26,25.52,25.9,79421,0
INST.US,D,20230824,000000,25.9,26.46,25.6,25.61,61940,0
INST.US,D,20230825,000000,25.67,26.075,25.57,25.89,69756,0
INST.US,D,20230828,000000,25.92,26.175,25.62,25.7,49887,0
INST.US,D,20230829,000000,25.61,26.18,25.585,26.01,64618,0
INST.US,D,20230830,000000,25.54,26.1,25.54,25.78,135425,0
INST.US,D,20230831,000000,25.87,26.08,25.64,25.91,116293,0
INST.US,D,20230901,000000,25.87,26.23,25.76,26.06,102502,0
INST.US,D,20230905,000000,25.75,25.82,25.42,25.46,113694,0
INST.US,D,20230906,000000,25.31,25.75,25.16,25.49,204527,0
INST.US,D,20230907,000000,25.19,25.34,24.96,25.28,138160,0
INST.US,D,20230908,000000,24.9,25.27,24.16,25.1,113842,0
INST.US,D,20230911,000000,25.13,25.195,24.87,24.94,84387,0
INST.US,D,20230912,000000,24.72,24.74,24.19,24.47,181297,0
INST.US,D,20230913,000000,24.44,24.68,24.36,24.62,109957,0
INST.US,D,20230914,000000,24.73,24.79,24.34,24.6,120802,0
INST.US,D,20230915,000000,24.47,24.49,23.7,24.45,297045,0
INST.US,D,20230918,000000,24.45,24.64,24.33,24.57,150145,0
INST.US,D,20230919,000000,24.5,24.65,24.16,24.6,127794,0
INST.US,D,20230920,000000,24.65,24.99,24.59,24.95,98319,0
INST.US,D,20230921,000000,24.8,25.34,24.8,25.07,137523,0
INST.US,D,20230922,000000,25.2,25.5,25.16,25.32,96242,0
INST.US,D,20230925,000000,25.26,25.46,25.19,25.35,57198,0
INST.US,D,20230926,000000,25.16,25.22,24.72,25.06,136125,0
INST.US,D,20230927,000000,25.1,25.29,24.78,25.05,79315,0
INST.US,D,20230928,000000,24.98,25.7349,24.9502,25.55,87679,0
INST.US,D,20230929,000000,25.6,25.89,25.35,25.4,85397,0
INST.US,D,20231002,000000,25.48,25.7099,24.97,25.15,157043,0
INST.US,D,20231003,000000,25.09,25.29,24.61,25.1,123530,0
INST.US,D,20231004,000000,25.19,26.11,24.7,26.01,156569,0
INST.US,D,20231005,000000,25.9,26.07,25.485,25.73,191349,0
INST.US,D,20231006,000000,25.67,26.675,25.67,26.45,72146,0
INST.US,D,20231009,000000,26.2,26.99,26.15,26.9,110521,0
INST.US,D,20231010,000000,27,27.245,26.8,26.86,77315,0
INST.US,D,20231011,000000,27.02,27.11,26.6,26.74,71042,0
INST.US,D,20231012,000000,26.62,27,26.4,26.64,90382,0
INST.US,D,20231013,000000,26.58,26.58,25.71,25.87,185512,0
INST.US,D,20231016,000000,26.06,26.45,26.06,26.34,132292,0
INST.US,D,20231017,000000,26.14,27.07,26.14,26.71,103506,0
INST.US,D,20231018,000000,26.5,26.66,26.34,26.47,64950,0
INST.US,D,20231019,000000,26.46,26.5,25.99,26.11,59470,0
INST.US,D,20231020,000000,26.2,26.2,25.38,25.55,65442,0
INST.US,D,20231023,000000,25.48,25.66,25.18,25.36,64063,0
INST.US,D,20231024,000000,25.48,25.96,25.42,25.67,94653,0
INST.US,D,20231025,000000,25.53,25.63,24.716,24.75,93275,0
INST.US,D,20231026,000000,24.87,25.62,24.32,24.47,116556,0
INST.US,D,20231027,000000,24.67,24.67,24.03,24.25,154248,0
INST.US,D,20231030,000000,24.13,24.39,23.98,24.24,139620,0
INST.US,D,20231031,000000,25.49,26.6,24.15,24.63,403211,0
INST.US,D,20231101,000000,24.52,24.82,24.18,24.33,96013,0
INST.US,D,20231102,000000,24.56,24.82,23.58,24.19,405373,0
INST.US,D,20231103,000000,24.29,24.795,24.29,24.52,154059,0
INST.US,D,20231106,000000,24.5,24.61,23.99,24.58,137605,0
INST.US,D,20231107,000000,24.49,24.9,24.49,24.7,215020,0
INST.US,D,20231108,000000,24.87,24.905,24.57,24.7,157280,0
INST.US,D,20231109,000000,24.81,24.81,24.04,24.3,120418,0
INST.US,D,20231110,000000,24.28,24.72,24.0601,24.48,119789,0
INST.US,D,20231113,000000,24.35,24.71,24.23,24.63,148912,0
INST.US,D,20231114,000000,25,25.5,24.8,25.49,264729,0
INST.US,D,20231115,000000,25.27,25.4,24.96,25.03,200116,0
INST.US,D,20231116,000000,25.16,25.66,25.16,25.31,140358,0
INST.US,D,20231117,000000,25.32,25.48,25.06,25.28,112115,0
INST.US,D,20231120,000000,25.19,25.6034,25.19,25.3,58568,0
INST.US,D,20231121,000000,25.1,25.22,24.87,24.96,77027,0
INST.US,D,20231122,000000,25.2,25.31,24.79,24.92,85539,0
INST.US,D,20231124,000000,24.92,25.45,24.92,25.43,76560,0
INST.US,D,20231127,000000,25.31,25.66,25.12,25.51,151094,0
INST.US,D,20231128,000000,25.45,26.1,25.45,25.62,175658,0
INST.US,D,20231129,000000,25.88,26.67,25.88,26.47,175308,0
INST.US,D,20231130,000000,26.47,26.54,25.88,26.15,170035,0
INST.US,D,20231201,000000,26.08,26.69,26.08,26.44,186226,0
INST.US,D,20231204,000000,26.04,26.67,25.8,26.26,438106,0
INST.US,D,20231205,000000,26.24,26.74,26.08,26.66,199999,0
INST.US,D,20231206,000000,26.47,26.805,26.05,26.18,250948,0
INST.US,D,20231207,000000,26.09,26.42,25.97,26.13,166979,0
INST.US,D,20231208,000000,25.95,27.16,25.93,27.15,326939,0
INST.US,D,20231211,000000,27.15,27.495,26.8,26.95,215163,0
INST.US,D,20231212,000000,26.87,27.21,26.63,26.98,153317,0
INST.US,D,20231213,000000,26.89,27.72,26.89,27.7,630981,0
INST.US,D,20231214,000000,27.76,28.19,27.65,28.06,798704,0
INST.US,D,20231215,000000,28.21,28.25,26.62,26.85,911045,0
INST.US,D,20231218,000000,26.87,27.2,26.43,26.83,605388,0
INST.US,D,20231219,000000,26.96,27.26,26.66,27.09,628608,0
INST.US,D,20231220,000000,27.12,27.55,26.96,27,195890,0
INST.US,D,20231221,000000,27.12,27.285,26.93,27.22,177803,0
INST.US,D,20231222,000000,27.37,27.82,27.28,27.81,146714,0
INST.US,D,20231226,000000,27.86,28.035,27.65,27.99,164187,0
INST.US,D,20231227,000000,27.82,28.055,27.82,28.02,153853,0
INST.US,D,20231228,000000,27.9,27.98,27.43,27.48,164776,0
INST.US,D,20231229,000000,27.38,27.675,27,27.01,173389,0
INST.US,D,20240102,000000,26.54,26.9944,25.72,26,392119,0
INST.US,D,20240103,000000,25.63,25.74,25.01,25.08,300841,0
INST.US,D,20240104,000000,25.08,25.42,24.66,24.89,434202,0
INST.US,D,20240105,000000,25.97,26.21,24.76,24.79,440982,0
INST.US,D,20240108,000000,24.9,25.29,24.87,25.24,469316,0
INST.US,D,20240109,000000,25.05,25.2,24.79,25.04,328295,0
INST.US,D,20240110,000000,25.03,25.55,25.03,25.39,338307,0
INST.US,D,20240111,000000,25.6,25.63,24.99,25.27,343091,0
INST.US,D,20240112,000000,25.57,25.79,25.2,25.69,184412,0
INST.US,D,20240116,000000,25.49,25.82,25.16,25.31,171307,0
INST.US,D,20240117,000000,25.12,25.48,24.87,25.48,172928,0
INST.US,D,20240118,000000,25.76,25.76,25.23,25.41,146864,0
INST.US,D,20240119,000000,25.54,25.54,24.95,25.28,144558,0
INST.US,D,20240122,000000,25.57,25.94,25.47,25.76,155306,0
INST.US,D,20240123,000000,25.96,25.96,25.59,25.81,138054,0
INST.US,D,20240124,000000,25.94,25.94,25.405,25.55,192882,0
INST.US,D,20240125,000000,25.8,25.8,25.11,25.12,130317,0
INST.US,D,20240126,000000,25.22,25.4,25.03,25.19,168418,0
INST.US,D,20240129,000000,25.19,25.69,25.1,25.68,160121,0
INST.US,D,20240130,000000,25.54,25.6,25.2468,25.28,105152,0
INST.US,D,20240131,000000,25.22,25.25,24.61,24.63,169394,0
INST.US,D,20240201,000000,24.76,25.18,24.69,24.99,168149,0
INST.US,D,20240202,000000,24.89,25.05,24.55,24.66,129799,0
INST.US,D,20240205,000000,24.63,24.63,24.18,24.37,213738,0
INST.US,D,20240206,000000,24.5,24.84,24.4,24.46,162485,0
INST.US,D,20240207,000000,24.44,24.83,24.36,24.57,167178,0
INST.US,D,20240208,000000,24.57,24.79,24.36,24.39,360014,0
INST.US,D,20240209,000000,24.55,24.98,24.45,24.73,541403,0
INST.US,D,20240212,000000,24.92,24.92,24.54,24.87,331968,0
INST.US,D,20240213,000000,24.13,24.43,23.97,23.97,320059,0
INST.US,D,20240214,000000,24.21,24.7,24.15,24.58,291124,0
INST.US,D,20240215,000000,24.68,24.725,24.34,24.4,441641,0
INST.US,D,20240216,000000,24.3,24.59,24.17,24.31,280708,0
INST.US,D,20240220,000000,24.1,24.175,23.46,23.59,542958,0
INST.US,D,20240221,000000,23.53,24.3231,21.94,22.78,617927,0
INST.US,D,20240222,000000,23.03,23.175,22.53,22.71,452508,0
INST.US,D,20240223,000000,22.78,23.21,22.72,23.04,326315,0
INST.US,D,20240226,000000,22.93,23.265,22.91,22.92,347385,0
INST.US,D,20240227,000000,22.96,23.02,22.7,22.85,331081,0
INST.US,D,20240228,000000,22.72,22.95,22.61,22.78,308244,0
INST.US,D,20240229,000000,22.98,23.11,22.83,22.92,249511,0
INST.US,D,20240301,000000,22.84,22.91,22.67,22.82,254296,0
INST.US,D,20240304,000000,22.72,22.82,21.83,21.91,558595,0
INST.US,D,20240305,000000,21.75,21.8629,21.21,21.41,422981,0
INST.US,D,20240306,000000,21.74,21.9,21.1,21.29,341339,0
INST.US,D,20240307,000000,21.42,21.59,21.01,21.07,220783,0
INST.US,D,20240308,000000,21.07,21.41,21.07,21.22,264963,0
INST.US,D,20240311,000000,21.15,21.3599,20.95,21.05,307712,0
INST.US,D,20240312,000000,21.05,21.68,20.8386,21.5,634823,0
INST.US,D,20240313,000000,21.5,21.88,21.351,21.45,466712,0
INST.US,D,20240314,000000,21.42,21.56,21.13,21.2,280409,0
INST.US,D,20240315,000000,21.05,21.67,21.05,21.66,620904,0
INST.US,D,20240318,000000,21.71,21.99,21.53,21.6,280176,0
INST.US,D,20240319,000000,21.54,21.72,21.3765,21.65,150682,0
INST.US,D,20240320,000000,21.57,21.605,21.25,21.41,214359,0
INST.US,D,20240321,000000,21.61,21.61,20.85,20.92,183774,0
INST.US,D,20240322,000000,20.84,21.12,20.695,20.8,364865,0
INST.US,D,20240325,000000,20.88,20.9165,20.64,20.66,170082,0
INST.US,D,20240326,000000,20.74,20.74,20.295,20.38,228783,0
INST.US,D,20240327,000000,20.54,21.25,20.39,21.2,432064,0
INST.US,D,20240328,000000,21.2,21.49,21.14,21.38,363123,0
INST.US,D,20240401,000000,21.39,21.48,21.135,21.3,237061,0
INST.US,D,20240402,000000,21,21.05,20.62,20.76,189763,0
INST.US,D,20240403,000000,20.72,20.72,20.21,20.27,173667,0
INST.US,D,20240404,000000,20.41,20.8,20.29,20.61,170699,0
INST.US,D,20240405,000000,20.57,21.02,20.363,20.83,177253,0
INST.US,D,20240408,000000,20.88,21.01,20.66,20.8,166432,0
INST.US,D,20240409,000000,20.86,21.1,20.76,20.95,83321,0
INST.US,D,20240410,000000,20.51,20.72,20.42,20.49,282705,0
INST.US,D,20240411,000000,20.54,20.745,20.17,20.72,254297,0
INST.US,D,20240412,000000,20.55,20.595,19.975,20.02,154936,0
INST.US,D,20240415,000000,20.03,20.12,19.61,19.64,172849,0
INST.US,D,20240416,000000,19.51,19.75,19.285,19.53,195417,0
INST.US,D,20240417,000000,19.61,19.72,19.19,19.2,226162,0
INST.US,D,20240418,000000,19.2,19.37,18.98,19.22,187816,0
INST.US,D,20240419,000000,19.13,19.36,19.01,19.07,171898,0
INST.US,D,20240422,000000,19.1,19.26,18.9984,19.18,345721,0
INST.US,D,20240423,000000,19.22,19.58,19.19,19.32,130439,0
INST.US,D,20240424,000000,19.25,19.49,19.16,19.48,173930,0
INST.US,D,20240425,000000,19.32,19.33,19.16,19.22,117277,0
INST.US,D,20240426,000000,19.31,19.74,19.31,19.65,133621,0
INST.US,D,20240429,000000,19.69,19.81,19.44,19.49,221863,0
INST.US,D,20240430,000000,19.31,19.45,19.13,19.13,232880,0
INST.US,D,20240501,000000,19.16,19.78,19.12,19.45,217436,0
INST.US,D,20240502,000000,19.55,19.63,19.38,19.56,226188,0
INST.US,D,20240503,000000,19.86,19.95,19.62,19.65,145840,0
INST.US,D,20240506,000000,19.73,20,19.73,19.82,159127,0
INST.US,D,20240507,000000,19.76,19.95,19.6327,19.91,208422,0
INST.US,D,20240508,000000,19.78,20.62,19.78,20.11,406082,0
INST.US,D,20240509,000000,20.02,20.75,19.605,19.7,411607,0
INST.US,D,20240510,000000,19.82,19.89,19.44,19.79,376074,0
INST.US,D,20240513,000000,19.96,20.13,19.695,19.74,280772,0
INST.US,D,20240514,000000,19.96,19.96,19.54,19.73,252352,0
INST.US,D,20240515,000000,19.82,19.83,19.59,19.64,215634,0
INST.US,D,20240516,000000,19.59,20.24,19.545,20.23,319290,0
INST.US,D,20240517,000000,20.24,20.28,20.05,20.27,185660,0
INST.US,D,20240520,000000,20.75,22.62,20.43,22.45,1147423,0
INST.US,D,20240521,000000,22.14,22.29,21.73,21.75,416973,0
INST.US,D,20240522,000000,21.69,22.08,21.56,21.99,265889,0
INST.US,D,20240523,000000,21.94,21.96,21.275,21.6,322004,0
INST.US,D,20240524,000000,21.63,21.92,21.57,21.78,292755,0
INST.US,D,20240528,000000,21.89,22.45,21.735,22.26,418680,0
INST.US,D,20240529,000000,21.97,22.01,21.56,21.85,332660,0
INST.US,D,20240530,000000,21.84,22.13,21.725,22.05,287026,0
INST.US,D,20240531,000000,22.44,22.44,21.72,22.15,349358,0
INST.US,D,20240603,000000,22.33,22.45,21.8,21.98,402953,0
INST.US,D,20240604,000000,21.94,22.15,21.65,22.11,514157,0
INST.US,D,20240605,000000,22.05,22.58,22.04,22.46,359200,0
INST.US,D,20240606,000000,22.32,22.45,21.86,22.3,207812,0
INST.US,D,20240607,000000,22.69,22.885,22.06,22.1,260629,0
INST.US,D,20240610,000000,21.94,23.12,21.94,22.8,722600,0
INST.US,D,20240611,000000,22.72,24.57,22.64,23.86,1420489,0
INST.US,D,20240612,000000,24.12,24.9,23.975,24.43,814947,0
INST.US,D,20240613,000000,24.33,24.58,23.88,24.29,449375,0
INST.US,D,20240614,000000,24.03,24.74,24.03,24.66,542597,0
INST.US,D,20240617,000000,24.55,24.58,24.15,24.27,257094,0
INST.US,D,20240618,000000,24.3,24.485,23.95,24.24,240986,0
INST.US,D,20240620,000000,24.21,24.24,23.72,23.76,363204,0
INST.US,D,20240621,000000,23.76,24.14,23.41,24.08,872764,0
INST.US,D,20240624,000000,24,24.36,23.77,23.81,302282,0
INST.US,D,20240625,000000,23.79,24.26,23.74,24.17,218810,0
INST.US,D,20240626,000000,24.14,24.36,23.9,24.2,710391,0
INST.US,D,20240627,000000,24.27,24.5,23.65,23.67,400344,0
INST.US,D,20240628,000000,23.82,23.82,23.01,23.41,1379863,0
INST.US,D,20240701,000000,23.49,23.63,23.18,23.46,713880,0
INST.US,D,20240702,000000,23.47,23.82,23.425,23.76,258325,0
INST.US,D,20240703,000000,23.91,24.1,23.42,23.44,138584,0
INST.US,D,20240705,000000,24.85,25.27,24.26,24.68,979466,0
INST.US,D,20240708,000000,24.61,24.98,24.14,24.24,442021,0
INST.US,D,20240709,000000,24.18,24.41,23.85,24.27,485756,0
INST.US,D,20240710,000000,24.33,24.62,24.17,24.49,243578,0
INST.US,D,20240711,000000,24.87,25.3,24.61,24.8,676723,0
INST.US,D,20240712,000000,24.85,25.74,24.85,25.35,688124,0
INST.US,D,20240715,000000,25.43,25.55,24.7,25,324394,0
INST.US,D,20240716,000000,25.14,25.4,24.8,24.86,313342,0
INST.US,D,20240717,000000,24.72,25.56,24.72,25.1,315480,0
INST.US,D,20240718,000000,25.01,25.4,24.81,25.24,204849,0
INST.US,D,20240719,000000,25.27,27.7,22.61,22.9,2176573,0
INST.US,D,20240722,000000,22.83,23.13,22.49,22.9,302249,0
INST.US,D,20240723,000000,22.92,23.14,22.5,22.97,456568,0
INST.US,D,20240724,000000,22.72,22.985,22.64,22.73,577872,0
INST.US,D,20240725,000000,23.3,23.3,23.11,23.2,4062300,0
INST.US,D,20240726,000000,23.25,23.78,23.2,23.38,1294333,0
INST.US,D,20240729,000000,23.3,23.42,23.24,23.29,781026,0
INST.US,D,20240730,000000,23.32,23.45,23.28,23.38,681759,0
INST.US,D,20240731,000000,23.45,23.59,23.35,23.36,519993,0
INST.US,D,20240801,000000,23.37,23.455,23.35,23.36,336790,0
INST.US,D,20240802,000000,23.35,23.4,23.29,23.32,808188,0
INST.US,D,20240805,000000,23.2,23.35,23.195,23.32,2382367,0
INST.US,D,20240806,000000,23.36,23.38,23.25,23.26,805997,0
INST.US,D,20240807,000000,23.28,23.35,23.12,23.27,2469093,0
INST.US,D,20240808,000000,23.31,23.35,23.27,23.27,430436,0
INST.US,D,20240809,000000,23.27,23.32,23.27,23.29,709016,0
INST.US,D,20240812,000000,23.28,23.3,23.28,23.29,263914,0
INST.US,D,20240813,000000,23.34,23.35,23.28,23.3,338558,0
INST.US,D,20240814,000000,23.3,23.35,23.28,23.31,369527,0
INST.US,D,20240815,000000,23.4,23.4,23.31,23.34,257697,0
INST.US,D,20240816,000000,23.36,23.36,23.3,23.31,219526,0
INST.US,D,20240819,000000,23.32,23.39,23.32,23.36,532100,0
INST.US,D,20240820,000000,23.36,23.37,23.36,23.36,155544,0
INST.US,D,20240821,000000,23.4,23.44,23.375,23.41,492327,0
INST.US,D,20240822,000000,23.45,23.45,23.41,23.41,185799,0
INST.US,D,20240823,000000,23.39,23.43,23.39,23.41,242445,0
INST.US,D,20240826,000000,23.42,23.46,23.41,23.43,238380,0
INST.US,D,20240827,000000,23.42,23.46,23.4,23.44,546596,0
INST.US,D,20240828,000000,23.43,23.46,23.395,23.43,340342,0
INST.US,D,20240829,000000,23.48,23.48,23.43,23.43,283124,0
INST.US,D,20240830,000000,23.48,23.58,23.43,23.43,203022,0
INST.US,D,20240903,000000,23.43,23.48,23.38,23.39,348029,0
INST.US,D,20240904,000000,23.4,23.46,23.37,23.43,490999,0
INST.US,D,20240905,000000,23.43,23.47,23.43,23.43,215777,0
INST.US,D,20240906,000000,23.43,23.47,23.43,23.45,292690,0
INST.US,D,20240909,000000,23.45,23.56,23.45,23.51,299477,0
INST.US,D,20240910,000000,23.5,23.56,23.48,23.51,239431,0
INST.US,D,20240911,000000,23.5,23.54,23.47,23.51,602413,0
INST.US,D,20240912,000000,23.54,23.57,23.48,23.51,965155,0
INST.US,D,20240913,000000,23.51,23.56,23.51,23.54,301778,0
INST.US,D,20240916,000000,23.52,23.58,23.52,23.58,771633,0
INST.US,D,20240917,000000,23.56,23.57,23.5,23.52,471308,0
INST.US,D,20240918,000000,23.52,23.54,23.51,23.54,421784,0
INST.US,D,20240919,000000,23.53,23.57,23.52,23.52,301517,0
INST.US,D,20240920,000000,23.52,23.55,23.5,23.52,579413,0
INST.US,D,20240923,000000,23.54,23.54,23.5,23.51,233983,0
INST.US,D,20240924,000000,23.51,23.54,23.51,23.53,128855,0
INST.US,D,20240925,000000,23.51,23.53,23.44,23.45,281850,0
INST.US,D,20240926,000000,23.48,23.53,23.48,23.52,282739,0
INST.US,D,20240927,000000,23.53,23.535,23.505,23.52,163520,0
INST.US,D,20240930,000000,23.51,23.55,23.51,23.55,425709,0
INST.US,D,20241001,000000,23.52,23.565,23.52,23.55,539932,0
INST.US,D,20241002,000000,23.53,23.55,23.52,23.53,120515,0
INST.US,D,20241003,000000,23.53,23.545,23.52,23.52,183830,0
INST.US,D,20241004,000000,23.55,23.55,23.52,23.53,138616,0
INST.US,D,20241007,000000,23.53,23.55,23.52,23.55,360408,0
INST.US,D,20241008,000000,23.55,23.55,23.53,23.55,143807,0
INST.US,D,20241009,000000,23.53,23.57,23.53,23.56,73490,0
INST.US,D,20241010,000000,23.55,23.56,23.52,23.55,287261,0
INST.US,D,20241011,000000,23.54,23.57,23.54,23.56,103114,0
INST.US,D,20241014,000000,23.56,23.58,23.54,23.57,97583,0
INST.US,D,20241015,000000,23.56,23.58,23.5,23.52,303257,0
INST.US,D,20241016,000000,23.54,23.54,23.5,23.5,586690,0
INST.US,D,20241017,000000,23.5,23.57,23.5,23.57,145036,0
INST.US,D,20241018,000000,23.57,23.57,23.54,23.55,164230,0
INST.US,D,20241021,000000,23.52,23.55,23.51,23.51,459516,0
INST.US,D,20241022,000000,23.51,23.53,23.48,23.5,616570,0
INST.US,D,20241023,000000,23.49,23.53,23.48,23.48,1608607,0
INST.US,D,20241024,000000,23.51,23.57,23.47,23.54,816919,0
INST.US,D,20241025,000000,23.51,23.55,23.49,23.51,540745,0
INST.US,D,20241028,000000,23.55,23.55,23.49,23.53,692173,0
INST.US,D,20241029,000000,23.51,23.545,23.5,23.52,560845,0
INST.US,D,20241030,000000,23.5,23.53,23.48,23.5,1652925,0
INST.US,D,20241031,000000,23.49,23.57,23.48,23.54,853491,0
INST.US,D,20241101,000000,23.57,23.59,23.54,23.57,902085,0
INST.US,D,20241104,000000,23.57,23.57,23.54,23.56,295425,0
INST.US,D,20241105,000000,23.57,23.59,23.55,23.57,857867,0
INST.US,D,20241106,000000,23.58,23.58,23.55,23.58,1289071,0
INST.US,D,20241107,000000,23.58,23.62,23.56,23.59,564944,0
INST.US,D,20241108,000000,23.59,23.6,23.58,23.59,365537,0
INST.US,D,20241111,000000,23.6,23.77,23.575,23.58,325401,0
INST.US,D,20241112,000000,23.58,23.62,23.58,23.6,2693523,0
