<TICKER>,<PER>,<DATE>,<TIME>,<OPEN>,<HIGH>,<LOW>,<CLOSE>,<VOL>,<OPENINT>
JADE.US,D,20240520,000000,48.05,48.3,48.05,48.14,6343,0
JADE.US,D,20240521,000000,47.86,47.89,47.73,47.8231,1592,0
JADE.US,D,20240522,000000,47.81,47.81,47.55,47.55,3788,0
JADE.US,D,20240523,000000,47.93,47.93,47.3273,47.3273,453,0
JADE.US,D,20240524,000000,47.27,47.51,47.27,47.36,1396,0
JADE.US,D,20240528,000000,47.56,47.56,47.42,47.42,1295,0
JADE.US,D,20240529,000000,46.6467,46.6467,46.6467,46.6467,236,0
JADE.US,D,20240530,000000,46.5198,46.5198,46.5198,46.5198,43,0
JADE.US,D,20240531,000000,46.01,46.06,45.8,46.0106,809,0
JADE.US,D,20240603,000000,46.56,46.56,46.51,46.5424,488,0
JADE.US,D,20240604,000000,45.9851,45.9851,45.9851,45.9851,121,0
JADE.US,D,20240605,000000,46.7,46.777,46.695,46.771,2207,0
JADE.US,D,20240606,000000,46.9501,47.0121,46.9501,47.0121,205,0
JADE.US,D,20240607,000000,46.84,46.84,46.36,46.3982,874,0
JADE.US,D,20240610,000000,46.443,46.609,46.37,46.609,580,0
JADE.US,D,20240611,000000,46.35,46.35,46.21,46.3124,663,0
JADE.US,D,20240612,000000,46.74,47.01,46.74,46.791,412,0
JADE.US,D,20240613,000000,46.8241,46.8241,46.8241,46.8241,1,0
JADE.US,D,20240614,000000,46.795,46.93,46.795,46.8496,434,0
JADE.US,D,20240617,000000,47.2139,47.2139,47.2139,47.2139,71,0
JADE.US,D,20240618,000000,47.6113,47.6113,47.6113,47.6113,9,0
JADE.US,D,20240620,000000,47.96,47.96,47.7673,47.7673,659,0
JADE.US,D,20240621,000000,47.769,47.77,47.7003,47.7003,1532,0
JADE.US,D,20240624,000000,47.71,47.77,47.5692,47.5692,1153,0
JADE.US,D,20240625,000000,47.56,47.7056,47.53,47.7056,1214,0
JADE.US,D,20240626,000000,47.6,47.6751,47.58,47.6751,729,0
JADE.US,D,20240627,000000,47.65,47.65,47.65,47.65,311,0
JADE.US,D,20240628,000000,47.89,47.91,47.7527,47.7527,519,0
JADE.US,D,20240701,000000,47.71,47.71,47.6779,47.6779,157,0
JADE.US,D,20240702,000000,47.7814,47.7814,47.7814,47.7814,11,0
JADE.US,D,20240703,000000,48.3272,48.3272,48.3272,48.3272,33,0
JADE.US,D,20240705,000000,48.58,48.5929,48.5199,48.5929,335,0
JADE.US,D,20240708,000000,48.63,48.6301,48.5779,48.5779,729,0
JADE.US,D,20240709,000000,48.7939,48.7939,48.7939,48.7939,78,0
JADE.US,D,20240710,000000,49.1052,49.1052,49.1052,49.1052,123,0
JADE.US,D,20240711,000000,49.62,49.62,49.2336,49.2336,401,0
JADE.US,D,20240712,000000,49.44,49.5172,49.44,49.5172,517,0
JADE.US,D,20240715,000000,48.9668,48.9668,48.9668,48.9668,323,0
JADE.US,D,20240716,000000,49.1801,49.1801,49.1801,49.1801,186,0
JADE.US,D,20240717,000000,48.2772,48.2772,48.2772,48.2772,43,0
JADE.US,D,20240718,000000,48.0519,48.0519,48.0519,48.0519,69,0
JADE.US,D,20240719,000000,47.67,47.6899,47.29,47.5651,2541,0
JADE.US,D,20240722,000000,47.8538,47.8538,47.8538,47.8538,59,0
JADE.US,D,20240723,000000,47.6827,47.77,47.5601,47.6207,636,0
JADE.US,D,20240724,000000,46.6833,46.6833,46.6833,46.6833,38,0
JADE.US,D,20240725,000000,46.56,46.56,46.4736,46.4736,240,0
JADE.US,D,20240726,000000,46.9419,46.9419,46.9419,46.9419,59,0
JADE.US,D,20240729,000000,46.5761,46.6588,46.5761,46.6588,196,0
JADE.US,D,20240730,000000,46.3252,46.3252,46.3252,46.3252,21,0
JADE.US,D,20240731,000000,47.4115,47.4115,47.4115,47.4115,31,0
JADE.US,D,20240801,000000,46.5784,46.5784,46.5784,46.5784,11,0
JADE.US,D,20240802,000000,45.85,45.85,45.71,45.71,435,0
JADE.US,D,20240805,000000,44.28,44.3479,44.28,44.3479,344,0
JADE.US,D,20240806,000000,44.79,44.86,44.509,44.509,453,0
JADE.US,D,20240807,000000,45.81,45.81,44.9935,44.9935,369,0
JADE.US,D,20240808,000000,45.61,46.0571,45.61,46.0571,383,0
JADE.US,D,20240809,000000,46.2,46.3757,46.2,46.3757,384,0
JADE.US,D,20240812,000000,46.6918,46.6918,46.6918,46.6918,13,0
JADE.US,D,20240813,000000,47.2354,47.2354,47.2354,47.2354,82,0
JADE.US,D,20240814,000000,46.904,47.0428,46.904,47.0428,418,0
JADE.US,D,20240815,000000,47.5842,47.5842,47.5842,47.5842,22,0
JADE.US,D,20240816,000000,48.0754,48.0754,48.0754,48.0754,155,0
JADE.US,D,20240819,000000,48.2,48.6,48.2,48.4911,561,0
JADE.US,D,20240820,000000,48.2591,48.2591,48.2591,48.2591,58,0
JADE.US,D,20240821,000000,48.3915,48.3915,48.3915,48.3915,24,0
JADE.US,D,20240822,000000,47.614,47.614,47.614,47.614,60,0
JADE.US,D,20240823,000000,48.5797,48.5797,48.5797,48.5797,64,0
JADE.US,D,20240826,000000,48.38,48.38,48.118,48.118,268,0
JADE.US,D,20240827,000000,48.155,48.1957,48.15,48.1957,255,0
JADE.US,D,20240828,000000,47.7399,47.7399,47.7399,47.7399,103,0
JADE.US,D,20240829,000000,47.8653,47.8653,47.8653,47.8653,39,0
JADE.US,D,20240830,000000,48.0281,48.0281,48.0281,48.0281,2,0
JADE.US,D,20240903,000000,46.9488,46.9488,46.9488,46.9488,32,0
JADE.US,D,20240904,000000,46.9975,46.9975,46.9975,46.9975,7,0
JADE.US,D,20240905,000000,46.9992,46.9992,46.9992,46.9992,11,0
JADE.US,D,20240906,000000,46.27,46.345,46.1786,46.1786,322,0
JADE.US,D,20240909,000000,46.5271,46.5271,46.5271,46.5271,53,0
JADE.US,D,20240910,000000,46.3006,46.3006,46.3006,46.3006,2,0
JADE.US,D,20240911,000000,46.6815,46.6815,46.6815,46.6815,3,0
JADE.US,D,20240912,000000,47.1039,47.1039,47.1039,47.1039,1,0
JADE.US,D,20240913,000000,47.3724,47.3724,47.3724,47.3724,50,0
JADE.US,D,20240916,000000,47.5048,47.5048,47.5048,47.5048,62,0
JADE.US,D,20240917,000000,47.4128,47.4128,47.4128,47.4128,14,0
JADE.US,D,20240918,000000,48.03,48.05,47.4547,47.4547,308,0
JADE.US,D,20240919,000000,48.27,48.4138,48.27,48.4138,405,0
JADE.US,D,20240920,000000,48.21,48.21,48.2014,48.2014,126,0
JADE.US,D,20240923,000000,48.59,48.59,48.4468,48.4468,195,0
JADE.US,D,20240924,000000,49.8,49.9776,49.8,49.9776,333,0
JADE.US,D,20240925,000000,49.2884,49.2884,49.2884,49.2884,31,0
JADE.US,D,20240926,000000,51.07,51.2203,50.91,51.2203,233,0
JADE.US,D,20240927,000000,50.95,50.96,50.807,50.807,769,0
JADE.US,D,20241001,000000,50.28,50.28,50.2168,50.2168,130,0
JADE.US,D,20241002,000000,51.0749,51.0749,51.0749,51.0749,5,0
JADE.US,D,20241003,000000,50.7,50.7,50.6098,50.6098,181,0
JADE.US,D,20241004,000000,51.12,51.2597,51.055,51.2597,350,0
JADE.US,D,20241007,000000,51.77,51.77,51.7608,51.7608,411,0
JADE.US,D,20241008,000000,50.36,50.4077,50.21,50.4077,752,0
JADE.US,D,20241009,000000,49.998,49.998,49.998,49.998,216,0
JADE.US,D,20241010,000000,50.1465,50.1465,50.1465,50.1465,72,0
JADE.US,D,20241011,000000,50.6081,50.6081,50.6081,50.6081,1,0
JADE.US,D,20241014,000000,50.636,50.636,50.636,50.636,17,0
JADE.US,D,20241015,000000,49.5336,49.5336,49.5336,49.5336,26,0
JADE.US,D,20241016,000000,50.1,50.1,49.8586,49.8586,152,0
JADE.US,D,20241017,000000,49.6485,49.6485,49.6485,49.6485,191,0
JADE.US,D,20241018,000000,50.1802,50.1802,50.1802,50.1802,11,0
JADE.US,D,20241021,000000,49.7936,49.7936,49.7936,49.7936,20,0
JADE.US,D,20241022,000000,49.8869,49.8869,49.8869,49.8869,1,0
JADE.US,D,20241023,000000,49.6156,49.6156,49.6156,49.6156,11,0
JADE.US,D,20241024,000000,49.4384,49.4384,49.4384,49.4384,75,0
JADE.US,D,20241025,000000,49.5147,49.5147,49.5147,49.5147,5,0
JADE.US,D,20241028,000000,49.5623,49.5623,49.5623,49.5623,1,0
JADE.US,D,20241029,000000,49.3157,49.3157,49.3157,49.3157,6,0
JADE.US,D,20241030,000000,48.8268,48.8268,48.8268,48.8268,6,0
JADE.US,D,20241031,000000,48.3625,48.3625,48.3625,48.3625,8,0
JADE.US,D,20241104,000000,48.7784,48.7784,48.7784,48.7784,1,0
JADE.US,D,20241105,000000,49.4723,49.4723,49.4723,49.4723,1,0
JADE.US,D,20241106,000000,49.1157,49.1157,49.1157,49.1157,23,0
JADE.US,D,20241107,000000,50.0683,50.0683,50.0683,50.0683,10,0
JADE.US,D,20241108,000000,48.9994,48.9994,48.9994,48.9994,36,0
JADE.US,D,20241119,000000,47.7,47.8297,47.7,47.8297,224,0
JADE.US,D,20241121,000000,47.7,47.8045,47.7,47.799,268,0
JADE.US,D,20241122,000000,47.85,48.0568,47.82,48.0568,1203,0
JADE.US,D,20241220,000000,47.46,47.6113,47.46,47.6113,146,0
JADE.US,D,20241223,000000,47.5,47.8845,47.5,47.8845,287,0
JADE.US,D,20241226,000000,47.2,47.2,47.1994,47.1994,154,0
JADE.US,D,20250108,000000,46.65,46.7059,46.65,46.7059,128,0
JADE.US,D,20250127,000000,46.86,46.95,46.7977,46.7977,1150,0
JADE.US,D,20250128,000000,46.76,47.2657,46.76,47.2657,130,0
JADE.US,D,20250129,000000,47.5,47.5,47.2649,47.2649,134,0
JADE.US,D,20250213,000000,48.3,48.4354,48.3,48.4354,625,0
JADE.US,D,20250214,000000,48.6,48.9199,48.6,48.9199,118,0
