<TICKER>,<PER>,<DATE>,<TIME>,<OPEN>,<HIGH>,<LOW>,<CLOSE>,<VOL>,<OPENINT>
JWSM-U.US,D,20210204,000000,10.88,10.9,10.73,10.8,3148075,0
JWSM-U.US,D,20210205,000000,10.83,10.9,10.76,10.84,1379434,0
JWSM-U.US,D,20210208,000000,10.96,10.96,10.75,10.81,1946964,0
JWSM-U.US,D,20210209,000000,10.82,10.82,10.7,10.74,1371357,0
JWSM-U.US,D,20210210,000000,10.79,10.83,10.66,10.78,829757,0
JWSM-U.US,D,20210211,000000,10.74,10.79,10.63,10.65,819196,0
JWSM-U.US,D,20210212,000000,10.68,10.82,10.65,10.68,1153301,0
JWSM-U.US,D,20210216,000000,10.78,10.78,10.62,10.69,1669613,0
JWSM-U.US,D,20210217,000000,10.75,10.75,10.64,10.68,989652,0
JWSM-U.US,D,20210218,000000,10.67,10.73,10.64,10.72,613358,0
JWSM-U.US,D,20210219,000000,10.75,10.97,10.74,10.9,2112620,0
JWSM-U.US,D,20210222,000000,10.95,10.95,10.78,10.84,373164,0
JWSM-U.US,D,20210223,000000,10.64,10.75,10.57,10.7,1150213,0
JWSM-U.US,D,20210224,000000,10.76,10.78,10.66,10.69,283775,0
JWSM-U.US,D,20210225,000000,10.71,10.84,10.55,10.64,796514,0
JWSM-U.US,D,20210226,000000,10.62,10.655,10.47,10.6,798439,0
JWSM-U.US,D,20210301,000000,10.64,10.655,10.55,10.57,477518,0
JWSM-U.US,D,20210302,000000,10.57,10.58,10.4,10.45,312926,0
JWSM-U.US,D,20210303,000000,10.48,10.55,10.2,10.2,1550492,0
JWSM-U.US,D,20210304,000000,10.2,10.2499,10.09,10.2,1238827,0
JWSM-U.US,D,20210305,000000,10.17,10.35,10.15,10.25,468862,0
JWSM-U.US,D,20210308,000000,10.25,10.32,10.23,10.28,1092349,0
JWSM-U.US,D,20210309,000000,10.32,10.35,10.22,10.25,213986,0
JWSM-U.US,D,20210310,000000,10.28,10.36,10.18,10.3,380459,0
JWSM-U.US,D,20210311,000000,10.35,10.35,10.25,10.31,129074,0
JWSM-U.US,D,20210312,000000,10.3,10.35,10.27,10.32,89275,0
JWSM-U.US,D,20210315,000000,10.33,10.33,10.27,10.289,457551,0
JWSM-U.US,D,20210316,000000,10.25,10.27,10.2,10.2,225701,0
JWSM-U.US,D,20210317,000000,10.2,10.25,10.19,10.2,138626,0
JWSM-U.US,D,20210318,000000,10.23,10.26,10.2,10.25,524736,0
JWSM-U.US,D,20210319,000000,10.221,10.26,10.21,10.25,162542,0
JWSM-U.US,D,20210322,000000,10.25,10.27,10.2,10.25,111932,0
JWSM-U.US,D,20210323,000000,10.26,10.26,10.07,10.13,1057178,0
JWSM-U.US,D,20210324,000000,10.23,10.26,10.01,10.02,306737,0
JWSM-U.US,D,20210325,000000,9.95,10.03,9.9,10.03,1140751,0
JWSM-U.US,D,20210326,000000,10,10.2,10,10.14,237339,0
JWSM-U.US,D,20210329,000000,10.15,10.25,10.11,10.19,308383,0
JWSM-U.US,D,20210330,000000,10.15,10.23,10.1,10.2,482673,0
JWSM-U.US,D,20210331,000000,10.2,10.25,10.06,10.15,95315,0
JWSM-U.US,D,20210401,000000,10.15,10.21,10.15,10.2,164590,0
JWSM-U.US,D,20210405,000000,10.25,10.25,10.12,10.18,130190,0
JWSM-U.US,D,20210406,000000,10.21,10.2498,10.2,10.23,70989,0
JWSM-U.US,D,20210407,000000,10.25,10.28,10.18,10.21,117053,0
JWSM-U.US,D,20210408,000000,10.2,10.35,10.2,10.3,174010,0
JWSM-U.US,D,20210409,000000,10.34,10.34,10.28,10.29,24708,0
JWSM-U.US,D,20210412,000000,10.2,10.33,10.2,10.24,55024,0
JWSM-U.US,D,20210413,000000,10.2,10.28,10.2,10.25,67967,0
JWSM-U.US,D,20210414,000000,10.22,10.3,10.22,10.244,62978,0
JWSM-U.US,D,20210415,000000,10.225,10.27,10.21,10.21,396173,0
JWSM-U.US,D,20210416,000000,10.226,10.26,10.22,10.2379,45691,0
JWSM-U.US,D,20210419,000000,10.2,10.25,10.2,10.24,45243,0
JWSM-U.US,D,20210420,000000,10.21,10.218,10.13,10.17,78406,0
JWSM-U.US,D,20210421,000000,10.15,10.21,10.15,10.17,157008,0
JWSM-U.US,D,20210422,000000,10.15,10.17,10.13,10.17,10422,0
JWSM-U.US,D,20210423,000000,10.12,10.18,10.12,10.18,20453,0
JWSM-U.US,D,20210426,000000,10.14,10.22,10.11,10.16,164457,0
JWSM-U.US,D,20210427,000000,10.11,10.23,10.11,10.21,81364,0
JWSM-U.US,D,20210428,000000,10.21,10.26,10.21,10.229,61511,0
JWSM-U.US,D,20210429,000000,10.23,10.27,10.19,10.19,162795,0
JWSM-U.US,D,20210430,000000,10.15,10.215,10.15,10.2,7315,0
JWSM-U.US,D,20210503,000000,10.2,10.24,10.19,10.2,223353,0
JWSM-U.US,D,20210504,000000,10.17,10.22,10.15,10.22,34047,0
JWSM-U.US,D,20210505,000000,10.2,10.23,10.1818,10.1975,24100,0
JWSM-U.US,D,20210506,000000,10.17,10.23,10.16,10.1828,52593,0
JWSM-U.US,D,20210507,000000,10.15,10.195,10.12,10.15,536370,0
JWSM-U.US,D,20210510,000000,10.1526,10.154,10.12,10.13,23507,0
JWSM-U.US,D,20210511,000000,10.1,10.15,10.1,10.12,125560,0
JWSM-U.US,D,20210512,000000,10.12,10.13,10.05,10.05,613331,0
JWSM-U.US,D,20210513,000000,10.04,10.05,10.0201,10.03,26920,0
JWSM-U.US,D,20210514,000000,10.03,10.07,10.03,10.04,245553,0
JWSM-U.US,D,20210517,000000,10.02,10.05,10,10.01,127390,0
JWSM-U.US,D,20210518,000000,10.02,10.04,10.0055,10.04,44678,0
JWSM-U.US,D,20210519,000000,10.04,10.08,10.02,10.08,25522,0
JWSM-U.US,D,20210520,000000,10.05,10.06,10.039,10.06,20543,0
JWSM-U.US,D,20210521,000000,10.07,10.08,10.03,10.05,143383,0
JWSM-U.US,D,20210524,000000,10.05,10.07,10.01,10.02,564790,0
JWSM-U.US,D,20210525,000000,10.025,10.05,10.02,10.02,180548,0
JWSM-U.US,D,20210526,000000,10.02,10.06,10.01,10.02,288336,0
JWSM-U.US,D,20210527,000000,10.04,10.05,10,10.05,690863,0
JWSM-U.US,D,20210528,000000,10.02,10.05,10.02,10.05,10997,0
JWSM-U.US,D,20210601,000000,10.04,10.08,10.03,10.08,24891,0
JWSM-U.US,D,20210602,000000,10.05,10.1248,10.05,10.11,20910,0
JWSM-U.US,D,20210603,000000,10.13,10.1306,10.11,10.11,8074,0
JWSM-U.US,D,20210604,000000,10.12,10.12,10.06,10.11,283204,0
JWSM-U.US,D,20210607,000000,10.07,10.21,10.065,10.15,44843,0
JWSM-U.US,D,20210608,000000,10.1201,10.13,10.12,10.13,13615,0
JWSM-U.US,D,20210609,000000,10.14,10.15,10.11,10.13,53000,0
JWSM-U.US,D,20210610,000000,10.14,10.18,10.14,10.18,28024,0
JWSM-U.US,D,20210611,000000,10.16,10.2,10.16,10.2,12204,0
JWSM-U.US,D,20210614,000000,10.1801,10.1801,10.15,10.1501,7668,0
JWSM-U.US,D,20210615,000000,10.1635,10.2,10.15,10.15,9326,0
JWSM-U.US,D,20210616,000000,10.15,10.16,10.11,10.15,10477,0
JWSM-U.US,D,20210617,000000,10.1444,10.15,10.13,10.13,2233,0
JWSM-U.US,D,20210618,000000,10.13,10.13,10.11,10.12,8116,0
JWSM-U.US,D,20210621,000000,10.12,10.16,10.1,10.14,150288,0
JWSM-U.US,D,20210622,000000,10.1001,10.12,10.09,10.09,157338,0
JWSM-U.US,D,20210623,000000,10.06,10.11,10.06,10.1,66705,0
JWSM-U.US,D,20210624,000000,10.08,10.12,10.08,10.1,125524,0
JWSM-U.US,D,20210625,000000,10.11,10.12,10.08,10.11,74013,0
JWSM-U.US,D,20210628,000000,10.1,10.11,10.04,10.07,446082,0
JWSM-U.US,D,20210629,000000,10.07,10.11,10.06,10.07,580745,0
JWSM-U.US,D,20210630,000000,10.08,10.1,10.06,10.06,227562,0
JWSM-U.US,D,20210701,000000,10.08,10.13,10.06,10.1,662557,0
JWSM-U.US,D,20210702,000000,10.1,10.1,10.1,10.1,151,0
JWSM-U.US,D,20210706,000000,10.08,10.12,10.07,10.12,88262,0
JWSM-U.US,D,20210707,000000,10.0963,10.12,10.09,10.12,12726,0
JWSM-U.US,D,20210708,000000,10.075,10.13,10.075,10.12,9550,0
JWSM-U.US,D,20210709,000000,10.12,10.13,10.08,10.09,132985,0
JWSM-U.US,D,20210712,000000,10.11,10.12,10.09,10.12,42145,0
JWSM-U.US,D,20210713,000000,10.12,10.12,10.09,10.1,64740,0
JWSM-U.US,D,20210714,000000,10.1,10.12,10.09,10.1,424003,0
JWSM-U.US,D,20210715,000000,10.08,10.1002,10.08,10.1,8157,0
JWSM-U.US,D,20210716,000000,10.1,10.1222,10.1,10.12,27214,0
JWSM-U.US,D,20210719,000000,10.06,10.11,10.05,10.08,132288,0
JWSM-U.US,D,20210720,000000,10.08,10.1,10.07,10.09,63862,0
JWSM-U.US,D,20210721,000000,10.08,10.1,10.06,10.06,26032,0
JWSM-U.US,D,20210722,000000,10.0606,10.1,10.0606,10.08,4075,0
JWSM-U.US,D,20210723,000000,10.04,10.1,10.04,10.09,4924,0
JWSM-U.US,D,20210726,000000,10.05,10.1,10.04,10.05,876866,0
JWSM-U.US,D,20210727,000000,10.075,10.078,10.03,10.04,15717,0
JWSM-U.US,D,20210728,000000,10.04,10.079,10.03,10.03,121107,0
JWSM-U.US,D,20210729,000000,10.04,10.05,10.03,10.03,23325,0
JWSM-U.US,D,20210730,000000,10.04,10.04,10.01,10.03,78022,0
JWSM-U.US,D,20210802,000000,10.0017,10.04,10,10.02,87663,0
JWSM-U.US,D,20210803,000000,10.03,10.03,10,10.02,406775,0
JWSM-U.US,D,20210804,000000,10.05,10.06,10,10,80255,0
JWSM-U.US,D,20210805,000000,10,10.03,9.98,10.02,60047,0
JWSM-U.US,D,20210806,000000,9.98,10.0041,9.95,10,32449,0
JWSM-U.US,D,20210809,000000,10,10.01,9.9941,10,213180,0
JWSM-U.US,D,20210810,000000,9.99,10.01,9.98,10.01,30039,0
JWSM-U.US,D,20210811,000000,10.015,10.03,9.99,10.01,208506,0
JWSM-U.US,D,20210812,000000,10,10.0499,9.9924,10.0499,17173,0
JWSM-U.US,D,20210813,000000,10.04,10.05,10.0133,10.05,4598,0
JWSM-U.US,D,20210816,000000,10,10.02,9.99,9.99,216595,0
JWSM-U.US,D,20210817,000000,10.01,10.03,9.99,10,208694,0
JWSM-U.US,D,20210818,000000,10,10.01,9.95,9.98,202676,0
JWSM-U.US,D,20210819,000000,9.96,9.98,9.945,9.95,55380,0
JWSM-U.US,D,20210820,000000,9.9593,9.98,9.93,9.97,58888,0
JWSM-U.US,D,20210823,000000,9.95,9.9563,9.95,9.95,6162,0
JWSM-U.US,D,20210824,000000,9.95,9.9628,9.95,9.95,45626,0
JWSM-U.US,D,20210825,000000,9.945,9.95,9.94,9.9402,41189,0
JWSM-U.US,D,20210826,000000,9.9401,9.9509,9.94,9.9509,715,0
JWSM-U.US,D,20210827,000000,9.91,9.99,9.91,9.95,50545,0
JWSM-U.US,D,20210830,000000,9.93,9.9575,9.92,9.9545,69059,0
JWSM-U.US,D,20210831,000000,9.97,9.97,9.94,9.97,259199,0
JWSM-U.US,D,20210901,000000,9.99,9.99,9.95,9.98,3457,0
JWSM-U.US,D,20210902,000000,9.98,10,9.98,9.9938,25539,0
JWSM-U.US,D,20210903,000000,9.9501,10,9.9501,10,20532,0
JWSM-U.US,D,20210907,000000,10,10,9.965,9.99,209373,0
JWSM-U.US,D,20210908,000000,9.971,10,9.97,9.97,350297,0
JWSM-U.US,D,20210909,000000,9.98,10,9.98,10,10264,0
JWSM-U.US,D,20210910,000000,9.9729,10,9.9729,9.99,210189,0
JWSM-U.US,D,20210913,000000,10,10.02,9.99,10,37460,0
JWSM-U.US,D,20210914,000000,10,10.02,10,10,69422,0
JWSM-U.US,D,20210915,000000,9.985,10,9.985,10,7948,0
JWSM-U.US,D,20210916,000000,10.02,10.02,10.0104,10.0104,2259,0
JWSM-U.US,D,20210917,000000,9.92,10.05,9.92,10.01,16284,0
JWSM-U.US,D,20210920,000000,9.98,9.9801,9.98,9.9801,526,0
JWSM-U.US,D,20210921,000000,9.9856,10.02,9.97,10.005,8212,0
JWSM-U.US,D,20210922,000000,10.01,10.02,9.99,9.99,2961,0
JWSM-U.US,D,20210923,000000,10,10.02,9.99,9.99,12145,0
JWSM-U.US,D,20210924,000000,10,10.02,10,10.02,10286,0
JWSM-U.US,D,20210927,000000,10,10.05,10,10.03,1467,0
JWSM-U.US,D,20210928,000000,9.99,10.01,9.98,10,29476,0
JWSM-U.US,D,20210929,000000,10.02,10.05,10,10.01,12748,0
JWSM-U.US,D,20210930,000000,10.02,10.05,10.02,10.04,32486,0
JWSM-U.US,D,20211001,000000,10.04,10.05,10.0101,10.03,38894,0
JWSM-U.US,D,20211004,000000,10.03,10.05,10,10.05,44335,0
JWSM-U.US,D,20211005,000000,10.045,10.05,10.0354,10.05,805,0
JWSM-U.US,D,20211006,000000,10.03,10.07,10.03,10.05,198273,0
JWSM-U.US,D,20211007,000000,9.97,10.08,9.97,10.08,2813,0
JWSM-U.US,D,20211008,000000,10.04,10.04,10.04,10.04,3299,0
JWSM-U.US,D,20211011,000000,9.99,10.08,9.99,10.08,967,0
JWSM-U.US,D,20211012,000000,10.02,10.09,10.02,10.09,35395,0
JWSM-U.US,D,20211013,000000,10.05,10.06,10.04,10.06,405031,0
JWSM-U.US,D,20211014,000000,10.05,10.06,10.0406,10.06,1412,0
JWSM-U.US,D,20211015,000000,10.0754,10.0754,10.0605,10.0605,350,0
JWSM-U.US,D,20211018,000000,10.05,10.05,10.03,10.04,33013,0
JWSM-U.US,D,20211019,000000,10.05,10.0502,10.03,10.03,6303,0
JWSM-U.US,D,20211020,000000,10.06,10.06,10.0313,10.04,13373,0
JWSM-U.US,D,20211021,000000,10.02,10.055,10.02,10.03,1578,0
JWSM-U.US,D,20211022,000000,10.01,10.05,10,10.05,2656,0
JWSM-U.US,D,20211025,000000,10.04,10.08,10.02,10.08,4248,0
JWSM-U.US,D,20211026,000000,10.07,10.11,10.06,10.11,404782,0
JWSM-U.US,D,20211027,000000,10.08,10.09,10.05,10.05,3231,0
JWSM-U.US,D,20211028,000000,10.1,10.11,10.08,10.11,11552,0
JWSM-U.US,D,20211029,000000,10.11,10.11,10.06,10.08,12031,0
JWSM-U.US,D,20211101,000000,10.09,10.11,10.08,10.105,2166,0
JWSM-U.US,D,20211102,000000,10.1,10.1036,10.1,10.1,7604,0
JWSM-U.US,D,20211103,000000,10.0844,10.12,10.08,10.08,23134,0
JWSM-U.US,D,20211104,000000,10.08,10.0816,10.08,10.0816,292,0
JWSM-U.US,D,20211105,000000,10.09,10.09,10.07,10.09,22079,0
JWSM-U.US,D,20211108,000000,10.065,10.09,10.065,10.09,2951,0
JWSM-U.US,D,20211109,000000,10.1,10.11,10.09,10.09,2703,0
JWSM-U.US,D,20211110,000000,10.1,10.1,10.09,10.09,1358,0
JWSM-U.US,D,20211111,000000,10.09,10.1,10.09,10.1,1066,0
JWSM-U.US,D,20211112,000000,10.08,10.115,10.08,10.115,10765,0
JWSM-U.US,D,20211115,000000,10.1,10.14,10.1,10.11,1346,0
JWSM-U.US,D,20211116,000000,10.12,10.12,10.12,10.12,258,0
JWSM-U.US,D,20211117,000000,10.12,10.12,10.09,10.1,10032,0
JWSM-U.US,D,20211118,000000,10.12,10.12,10.12,10.12,847,0
JWSM-U.US,D,20211119,000000,10.11,10.13,10.09,10.13,684,0
JWSM-U.US,D,20211122,000000,10.1,10.13,10.08,10.11,5394,0
JWSM-U.US,D,20211123,000000,10.11,10.19,10.1,10.19,2726,0
JWSM-U.US,D,20211124,000000,10.13,10.1701,10.13,10.14,11675,0
JWSM-U.US,D,20211126,000000,10.07,10.13,10.07,10.12,2550,0
JWSM-U.US,D,20211129,000000,10.1,10.12,10.1,10.12,1252,0
JWSM-U.US,D,20211130,000000,10.1,10.15,10.08,10.13,18281,0
JWSM-U.US,D,20211201,000000,10.11,10.11,10.095,10.1,11006,0
JWSM-U.US,D,20211202,000000,10.1,10.1,10.1,10.1,13252,0
JWSM-U.US,D,20211203,000000,10.07,10.09,10.02,10.05,4546935,0
JWSM-U.US,D,20211206,000000,10.05,10.07,10.04,10.05,113460,0
JWSM-U.US,D,20211207,000000,10.06,10.07,10.06,10.07,4190,0
JWSM-U.US,D,20211208,000000,10.06,10.06,10.05,10.06,44064,0
JWSM-U.US,D,20211209,000000,10.06,10.065,10.04,10.06,16471,0
JWSM-U.US,D,20211210,000000,10.05,10.05,10.04,10.05,7410,0
JWSM-U.US,D,20211213,000000,10.03,10.05,10.03,10.04,14760,0
JWSM-U.US,D,20211214,000000,10.02,10.03,10.02,10.03,4514,0
JWSM-U.US,D,20211215,000000,10,10.05,10,10,8340,0
JWSM-U.US,D,20211216,000000,10.01,10.05,10.01,10.05,2595,0
JWSM-U.US,D,20211217,000000,10.04,10.05,9.99,10.05,3101,0
JWSM-U.US,D,20211220,000000,9.99,10,9.99,10,570,0
JWSM-U.US,D,20211222,000000,10.0499,10.0499,10.01,10.0427,3451,0
JWSM-U.US,D,20211223,000000,10,10.0299,10,10.02,2624,0
JWSM-U.US,D,20211227,000000,10,10,9.99,9.99,3641,0
JWSM-U.US,D,20211228,000000,9.99,10.01,9.98,9.98,24532,0
JWSM-U.US,D,20211229,000000,9.98,10.01,9.98,10.0001,14419,0
JWSM-U.US,D,20211230,000000,9.98,10.01,9.98,10.01,11386,0
JWSM-U.US,D,20211231,000000,10.01,10.03,10,10.03,17049,0
JWSM-U.US,D,20220103,000000,10.035,10.035,10,10.01,1808,0
JWSM-U.US,D,20220104,000000,9.9904,9.9904,9.99,9.99,4238,0
JWSM-U.US,D,20220105,000000,10.035,10.04,10.01,10.01,43613,0
JWSM-U.US,D,20220106,000000,9.99,10,9.98,10,17166,0
JWSM-U.US,D,20220107,000000,9.95,10.02,9.95,10,7877,0
JWSM-U.US,D,20220110,000000,10,10.02,9.99,10.007,29944,0
JWSM-U.US,D,20220112,000000,9.975,9.99,9.975,9.975,650,0
JWSM-U.US,D,20220113,000000,10.04,10.04,9.98,9.98,2010,0
JWSM-U.US,D,20220114,000000,9.97,10,9.97,9.99,1869,0
JWSM-U.US,D,20220118,000000,9.94,10,9.94,10,9475,0
JWSM-U.US,D,20220119,000000,9.97,10,9.96,9.97,3016,0
JWSM-U.US,D,20220120,000000,9.92,10.02,9.92,9.96,4687,0
JWSM-U.US,D,20220121,000000,9.95,9.97,9.93,9.93,32664,0
JWSM-U.US,D,20220124,000000,9.9,9.95,9.9,9.95,67418,0
JWSM-U.US,D,20220125,000000,9.915,9.95,9.91,9.9247,3125,0
JWSM-U.US,D,20220126,000000,9.9,9.9,9.9,9.9,2422,0
JWSM-U.US,D,20220127,000000,9.9,9.92,9.9,9.9,1159,0
JWSM-U.US,D,20220128,000000,9.9,9.9,9.88,9.88,1095,0
JWSM-U.US,D,20220131,000000,9.9,9.9,9.9,9.9,900,0
JWSM-U.US,D,20220201,000000,9.9,9.9,9.89,9.89,600,0
JWSM-U.US,D,20220202,000000,9.9,9.96,9.89,9.96,108788,0
JWSM-U.US,D,20220203,000000,9.9001,9.99,9.9,9.99,2600,0
JWSM-U.US,D,20220204,000000,9.92,10,9.915,10,2458,0
JWSM-U.US,D,20220207,000000,9.91,9.95,9.91,9.94,1724,0
JWSM-U.US,D,20220208,000000,10,10,9.9,9.935,1440,0
JWSM-U.US,D,20220209,000000,9.9,10,9.9,10,1830,0
JWSM-U.US,D,20220210,000000,9.96,9.96,9.92,9.92,8583,0
JWSM-U.US,D,20220211,000000,9.9,9.9,9.9,9.9,2050,0
JWSM-U.US,D,20220214,000000,9.93,9.98,9.92,9.96,6000,0
JWSM-U.US,D,20220215,000000,9.91,9.95,9.91,9.95,2197,0
JWSM-U.US,D,20220216,000000,9.92,9.95,9.91,9.94,1682,0
JWSM-U.US,D,20220217,000000,9.92,9.92,9.92,9.92,121,0
JWSM-U.US,D,20220218,000000,9.91,9.91,9.9,9.91,6048,0
JWSM-U.US,D,20220222,000000,9.9,9.91,9.9,9.91,1250,0
JWSM-U.US,D,20220223,000000,9.9,9.9,9.86,9.86,62040,0
JWSM-U.US,D,20220224,000000,9.85,9.86,9.83,9.86,12000,0
JWSM-U.US,D,20220225,000000,9.86,9.87,9.85,9.87,12302,0
JWSM-U.US,D,20220228,000000,9.8567,9.8601,9.8567,9.86,3191,0
JWSM-U.US,D,20220301,000000,9.87,9.87,9.85,9.85,3154,0
JWSM-U.US,D,20220302,000000,9.86,9.86,9.86,9.86,385,0
JWSM-U.US,D,20220303,000000,9.85,9.89,9.85,9.89,2712,0
JWSM-U.US,D,20220304,000000,9.935,9.935,9.9,9.9,939,0
JWSM-U.US,D,20220307,000000,9.9,9.9022,9.9,9.9,7379,0
JWSM-U.US,D,20220308,000000,9.9,9.9,9.9,9.9,42508,0
JWSM-U.US,D,20220309,000000,9.9,9.9001,9.9,9.9,983,0
JWSM-U.US,D,20220310,000000,9.9009,9.9009,9.84,9.85,29894,0
JWSM-U.US,D,20220311,000000,9.8978,9.9002,9.89,9.9,3226,0
JWSM-U.US,D,20220315,000000,9.85,9.85,9.83,9.84,7222,0
JWSM-U.US,D,20220316,000000,9.84,9.8557,9.75,9.85,117260,0
JWSM-U.US,D,20220317,000000,9.85,9.85,9.85,9.85,2023,0
JWSM-U.US,D,20220318,000000,9.8642,9.8642,9.8642,9.8642,290,0
JWSM-U.US,D,20220321,000000,9.855,9.86,9.855,9.86,1090,0
JWSM-U.US,D,20220322,000000,9.85,9.875,9.85,9.875,14686,0
JWSM-U.US,D,20220323,000000,9.87,9.88,9.87,9.88,5789,0
JWSM-U.US,D,20220324,000000,9.893,9.9,9.8807,9.8807,3497,0
JWSM-U.US,D,20220325,000000,9.83,9.87,9.83,9.87,1185,0
JWSM-U.US,D,20220328,000000,9.8701,9.885,9.87,9.885,1547,0
JWSM-U.US,D,20220329,000000,9.88,9.92,9.88,9.91,2976,0
JWSM-U.US,D,20220330,000000,9.9,9.9,9.9,9.9,520,0
JWSM-U.US,D,20220331,000000,9.89,9.9,9.89,9.89,10876,0
JWSM-U.US,D,20220405,000000,9.84,9.95,9.84,9.94,3071,0
JWSM-U.US,D,20220406,000000,9.97,9.98,9.965,9.98,810,0
JWSM-U.US,D,20220408,000000,9.97,10.02,9.97,10.02,2034,0
JWSM-U.US,D,20220411,000000,10.02,10.02,10.02,10.02,100,0
JWSM-U.US,D,20220412,000000,9.95,9.99,9.95,9.99,10150,0
JWSM-U.US,D,20220413,000000,10.01,10.01,9.94,9.95,6968,0
JWSM-U.US,D,20220414,000000,9.93,10,9.93,10,204,0
JWSM-U.US,D,20220418,000000,9.96,9.9682,9.96,9.9682,450,0
JWSM-U.US,D,20220420,000000,9.88,9.97,9.88,9.96,29645,0
JWSM-U.US,D,20220422,000000,9.9,9.95,9.9,9.94,50050,0
JWSM-U.US,D,20220425,000000,9.99,9.99,9.96,9.96,5737,0
JWSM-U.US,D,20220426,000000,9.93,9.95,9.93,9.93,747,0
JWSM-U.US,D,20220427,000000,9.96,9.98,9.955,9.97,78135,0
JWSM-U.US,D,20220428,000000,9.92,9.98,9.92,9.96,1698,0
JWSM-U.US,D,20220429,000000,9.9711,9.9711,9.96,9.97,1304,0
JWSM-U.US,D,20220502,000000,9.95,9.96,9.95,9.96,10582,0
JWSM-U.US,D,20220503,000000,9.9,9.96,9.89,9.94,26546,0
JWSM-U.US,D,20220504,000000,9.92,9.96,9.92,9.93,66523,0
JWSM-U.US,D,20220505,000000,9.93,9.96,9.915,9.9281,1944,0
JWSM-U.US,D,20220509,000000,9.89,9.915,9.89,9.9,9761,0
JWSM-U.US,D,20220510,000000,9.9,9.92,9.9,9.9,94545,0
JWSM-U.US,D,20220511,000000,9.88,9.89,9.86,9.86,9807,0
JWSM-U.US,D,20220512,000000,9.87,9.87,9.84,9.85,148433,0
JWSM-U.US,D,20220513,000000,9.84,9.86,9.83,9.84,12749,0
JWSM-U.US,D,20220516,000000,9.86,9.86,9.86,9.86,1006,0
JWSM-U.US,D,20220517,000000,9.87,9.87,9.865,9.868,2037,0
JWSM-U.US,D,20220518,000000,9.86,9.88,9.86,9.88,145937,0
JWSM-U.US,D,20220519,000000,9.86,9.88,9.86,9.88,17899,0
JWSM-U.US,D,20220520,000000,9.8824,9.8824,9.8824,9.8824,2200,0
JWSM-U.US,D,20220523,000000,9.87,9.88,9.87,9.88,2507,0
JWSM-U.US,D,20220524,000000,9.9,9.9,9.86,9.86,12980,0
JWSM-U.US,D,20220525,000000,9.88,9.882,9.8786,9.8786,1872,0
JWSM-U.US,D,20220526,000000,9.9,9.9,9.9,9.9,1125,0
JWSM-U.US,D,20220531,000000,9.87,9.88,9.87,9.88,5500,0
JWSM-U.US,D,20220601,000000,9.88,9.8876,9.8701,9.8851,4800,0
JWSM-U.US,D,20220602,000000,9.89,9.89,9.89,9.89,555,0
JWSM-U.US,D,20220603,000000,9.88,9.88,9.88,9.88,500,0
JWSM-U.US,D,20220606,000000,9.88,9.88,9.88,9.88,2121,0
JWSM-U.US,D,20220607,000000,9.895,9.896,9.89,9.89,1736,0
JWSM-U.US,D,20220608,000000,9.89,9.92,9.89,9.91,5288,0
JWSM-U.US,D,20220610,000000,9.915,9.915,9.9007,9.9007,1500,0
JWSM-U.US,D,20220613,000000,9.89,9.8901,9.89,9.8901,4150,0
JWSM-U.US,D,20220614,000000,9.89,9.915,9.89,9.9,1078,0
JWSM-U.US,D,20220615,000000,9.9127,9.915,9.9127,9.915,220,0
JWSM-U.US,D,20220617,000000,9.87,9.88,9.87,9.87,3484,0
JWSM-U.US,D,20220621,000000,9.87,9.91,9.87,9.91,3125,0
JWSM-U.US,D,20220622,000000,9.88,9.88,9.88,9.88,480,0
JWSM-U.US,D,20220627,000000,9.88,9.92,9.88,9.9,4314,0
JWSM-U.US,D,20220628,000000,9.9,9.91,9.9,9.9,2912,0
JWSM-U.US,D,20220630,000000,9.91,9.91,9.86,9.89,87896,0
JWSM-U.US,D,20220705,000000,9.8886,9.8886,9.8744,9.8744,1330,0
JWSM-U.US,D,20220706,000000,9.87,9.87,9.87,9.87,5450,0
JWSM-U.US,D,20220707,000000,9.87,9.88,9.87,9.88,2302,0
JWSM-U.US,D,20220708,000000,9.865,9.87,9.865,9.87,19779,0
JWSM-U.US,D,20220711,000000,9.88,9.89,9.88,9.89,1834,0
JWSM-U.US,D,20220712,000000,9.91,9.91,9.86,9.86,7702,0
JWSM-U.US,D,20220713,000000,9.87,9.87,9.86,9.86,1220,0
JWSM-U.US,D,20220715,000000,9.86,9.86,9.86,9.86,46400,0
JWSM-U.US,D,20220719,000000,9.89,9.91,9.89,9.91,1500,0
JWSM-U.US,D,20220721,000000,9.9,9.91,9.88,9.88,2015,0
JWSM-U.US,D,20220722,000000,9.91,9.91,9.91,9.91,1436,0
JWSM-U.US,D,20220725,000000,9.91,9.91,9.91,9.91,725,0
JWSM-U.US,D,20220726,000000,9.9,9.9,9.9,9.9,596,0
JWSM-U.US,D,20220727,000000,9.89,9.92,9.89,9.92,13115,0
JWSM-U.US,D,20220728,000000,9.88,9.91,9.88,9.89,8962,0
JWSM-U.US,D,20220729,000000,9.88,9.88,9.88,9.88,1554,0
JWSM-U.US,D,20220801,000000,9.87,9.89,9.87,9.88,300,0
JWSM-U.US,D,20220802,000000,9.89,9.89,9.89,9.89,106,0
JWSM-U.US,D,20220803,000000,9.91,9.91,9.91,9.91,1138,0
JWSM-U.US,D,20220804,000000,9.9035,9.9035,9.9035,9.9035,1000,0
JWSM-U.US,D,20220808,000000,9.91,9.91,9.91,9.91,110,0
JWSM-U.US,D,20220809,000000,9.9,9.9,9.9,9.9,4400,0
JWSM-U.US,D,20220810,000000,9.91,9.91,9.89,9.89,580,0
JWSM-U.US,D,20220811,000000,9.92,9.93,9.9,9.9,948,0
JWSM-U.US,D,20220812,000000,9.9101,9.9101,9.91,9.91,1000,0
JWSM-U.US,D,20220815,000000,9.9101,9.9101,9.91,9.91,300,0
JWSM-U.US,D,20220816,000000,9.91,9.93,9.9,9.93,5226,0
JWSM-U.US,D,20220818,000000,9.92,9.92,9.9167,9.92,1500,0
JWSM-U.US,D,20220819,000000,9.92,9.92,9.92,9.92,500,0
JWSM-U.US,D,20220823,000000,9.92,9.9201,9.92,9.92,12000,0
JWSM-U.US,D,20220824,000000,9.91,9.923,9.91,9.91,11363,0
JWSM-U.US,D,20220825,000000,9.93,9.9301,9.92,9.93,9794,0
JWSM-U.US,D,20220829,000000,9.93,9.94,9.92,9.94,15187,0
JWSM-U.US,D,20220830,000000,9.92,9.93,9.92,9.9201,1740,0
JWSM-U.US,D,20220831,000000,9.93,9.93,9.93,9.93,2120,0
JWSM-U.US,D,20220901,000000,9.94,9.94,9.94,9.94,420,0
JWSM-U.US,D,20220902,000000,9.94,9.94,9.94,9.94,600,0
JWSM-U.US,D,20220906,000000,9.94,9.94,9.93,9.93,2080,0
JWSM-U.US,D,20220907,000000,9.96,9.96,9.96,9.96,150,0
JWSM-U.US,D,20220908,000000,9.94,9.95,9.94,9.94,410,0
JWSM-U.US,D,20220909,000000,9.94,9.94,9.94,9.94,3000,0
JWSM-U.US,D,20220912,000000,9.94,9.94,9.94,9.94,175,0
JWSM-U.US,D,20220913,000000,9.94,9.96,9.94,9.95,3907,0
JWSM-U.US,D,20220914,000000,9.93,9.93,9.93,9.93,5000,0
JWSM-U.US,D,20220916,000000,9.952,9.97,9.952,9.97,704,0
JWSM-U.US,D,20220919,000000,9.96,9.9619,9.95,9.96,2992,0
JWSM-U.US,D,20220920,000000,9.9401,9.979,9.9401,9.96,3575,0
JWSM-U.US,D,20220921,000000,9.97,9.97,9.9699,9.9699,1500,0
JWSM-U.US,D,20220922,000000,9.93,9.96,9.93,9.96,1298,0
JWSM-U.US,D,20220923,000000,9.97,9.97,9.95,9.97,3290,0
JWSM-U.US,D,20220926,000000,9.96,9.96,9.95,9.95,400,0
JWSM-U.US,D,20220927,000000,9.949,9.95,9.94,9.95,41148,0
JWSM-U.US,D,20220928,000000,9.94,9.94,9.93,9.93,5499,0
JWSM-U.US,D,20220929,000000,9.96,9.965,9.94,9.96,160244,0
JWSM-U.US,D,20220930,000000,9.95,9.96,9.9404,9.96,3500,0
JWSM-U.US,D,20221003,000000,9.96,9.97,9.93,9.95,303856,0
JWSM-U.US,D,20221004,000000,9.96,9.96,9.95,9.96,15231,0
JWSM-U.US,D,20221005,000000,9.96,9.96,9.96,9.96,700,0
JWSM-U.US,D,20221006,000000,9.975,9.975,9.975,9.975,100,0
JWSM-U.US,D,20221010,000000,9.96,9.96,9.96,9.96,300,0
JWSM-U.US,D,20221011,000000,9.96,9.96,9.96,9.96,1326,0
JWSM-U.US,D,20221012,000000,9.96,9.96,9.96,9.96,789,0
JWSM-U.US,D,20221013,000000,9.96,9.96,9.96,9.96,2956,0
JWSM-U.US,D,20221014,000000,9.9603,9.9603,9.96,9.96,2788,0
JWSM-U.US,D,20221018,000000,9.96,9.96,9.96,9.96,901,0
JWSM-U.US,D,20221021,000000,9.98,9.98,9.96,9.98,813,0
JWSM-U.US,D,20221024,000000,9.99,9.99,9.99,9.99,2394,0
JWSM-U.US,D,20221025,000000,10,10,9.99,10,9130,0
JWSM-U.US,D,20221026,000000,10.01,10.01,10.01,10.01,100,0
JWSM-U.US,D,20221028,000000,10,10,9.99,9.99,1261,0
JWSM-U.US,D,20221101,000000,10,10.0001,10,10.0001,200,0
JWSM-U.US,D,20221102,000000,10.03,10.05,10.03,10.05,20812,0
JWSM-U.US,D,20221103,000000,10.03,10.03,10.03,10.03,900,0
JWSM-U.US,D,20221104,000000,10.03,10.03,10.03,10.03,10086,0
JWSM-U.US,D,20221107,000000,10.03,10.04,10.025,10.03,287208,0
JWSM-U.US,D,20221108,000000,10.03,10.04,10.03,10.04,679,0
JWSM-U.US,D,20221110,000000,10.03,10.03,10.03,10.03,648,0
JWSM-U.US,D,20221111,000000,10.04,10.04,10.04,10.04,189,0
JWSM-U.US,D,20221114,000000,10.04,10.04,10.0301,10.0301,75234,0
JWSM-U.US,D,20221115,000000,10.05,10.06,10.04,10.06,1300,0
JWSM-U.US,D,20221116,000000,10.04,10.06,10.03,10.06,60223,0
JWSM-U.US,D,20221118,000000,10.034,10.065,10.034,10.065,800,0
JWSM-U.US,D,20221121,000000,10.04,10.0401,10.04,10.04,1500,0
JWSM-U.US,D,20221123,000000,10.05,10.05,10.05,10.05,200,0
JWSM-U.US,D,20221128,000000,10.04,10.04,10.04,10.04,5313,0
JWSM-U.US,D,20221129,000000,10.0401,10.05,10.04,10.05,1558,0
JWSM-U.US,D,20221130,000000,10.03,10.057,10.03,10.05,18400,0
JWSM-U.US,D,20221202,000000,10.0522,10.0522,10.05,10.05,4000,0
JWSM-U.US,D,20221206,000000,10.08,10.08,10.08,10.08,97675,0
JWSM-U.US,D,20221207,000000,10.08,10.08,10.07,10.08,4356,0
JWSM-U.US,D,20221209,000000,10.08,10.08,10.07,10.08,126198,0
JWSM-U.US,D,20221212,000000,10.08,10.0868,10.08,10.08,7240,0
JWSM-U.US,D,20221213,000000,10.08,10.1,10.08,10.08,13400,0
JWSM-U.US,D,20221214,000000,10.08,10.08,10.08,10.08,101,0
JWSM-U.US,D,20221215,000000,10.08,10.08,10.08,10.08,1000,0
JWSM-U.US,D,20221216,000000,10.08,10.0812,10.08,10.08,1411,0
JWSM-U.US,D,20221219,000000,10.11,10.11,10.1,10.11,650,0
JWSM-U.US,D,20221220,000000,10.11,10.11,10.11,10.11,810,0
JWSM-U.US,D,20221221,000000,10.05,10.05,10.04,10.04,1500,0
JWSM-U.US,D,20221222,000000,10.09,10.0904,10.09,10.0902,4493,0
JWSM-U.US,D,20221227,000000,10.1054,10.1054,10.1054,10.1054,500,0
JWSM-U.US,D,20221228,000000,10.1,10.13,10.09,10.11,41838,0
JWSM-U.US,D,20221229,000000,10.12,10.12,10.08,10.08,1484,0
JWSM-U.US,D,20221230,000000,10.11,10.12,10.11,10.1199,1661,0
JWSM-U.US,D,20230103,000000,10.13,10.13,10.1299,10.13,886,0
JWSM-U.US,D,20230104,000000,10.13,10.13,10.13,10.13,3089,0
JWSM-U.US,D,20230105,000000,10.13,10.13,10.13,10.13,2100,0
JWSM-U.US,D,20230106,000000,10.13,10.14,10.13,10.13,5960,0
JWSM-U.US,D,20230110,000000,10.15,10.155,10.14,10.155,6240,0
JWSM-U.US,D,20230111,000000,10.14,10.14,10.14,10.14,200,0
JWSM-U.US,D,20230117,000000,10.15,10.16,10.14,10.15,36106,0
JWSM-U.US,D,20230118,000000,10.15,10.1624,10.15,10.15,94084,0
JWSM-U.US,D,20230119,000000,10.15,10.1788,10.15,10.15,59836,0
JWSM-U.US,D,20230120,000000,10.16,10.16,10.16,10.16,425,0
JWSM-U.US,D,20230123,000000,10.15,10.16,10.15,10.16,4761,0
JWSM-U.US,D,20230124,000000,10.16,10.17,10.16,10.16,46282,0
JWSM-U.US,D,20230125,000000,10.17,10.1701,10.17,10.17,6389,0
JWSM-U.US,D,20230126,000000,10.18,10.19,10.18,10.19,4933,0
JWSM-U.US,D,20230130,000000,10.19,10.19,10.1898,10.19,2110,0
JWSM-U.US,D,20230203,000000,10.19,10.19,10.1,10.1001,4091,0
JWSM-U.US,D,20230206,000000,10.1499,10.15,10.1214,10.1214,2964,0
JWSM-U.US,D,20230207,000000,10.1,10.12,10.1,10.11,8282,0
JWSM-U.US,D,20230208,000000,10.11,10.41,10.1,10.41,31945,0
JWSM-U.US,D,20230209,000000,10.32,10.32,10.32,10.32,100,0
JWSM-U.US,D,20230213,000000,10.12,10.12,10.11,10.11,617,0
JWSM-U.US,D,20230214,000000,10.11,10.1101,10.11,10.11,3202,0
JWSM-U.US,D,20230215,000000,10.11,10.11,10.09,10.1,2299,0
JWSM-U.US,D,20230216,000000,10.11,10.12,10.09,10.12,1100,0
JWSM-U.US,D,20230227,000000,10.07,10.23,10.0288,10.18,11546,0
JWSM-U.US,D,20230228,000000,10.1,10.1,10.1,10.1,200,0
JWSM-U.US,D,20230301,000000,10.1,10.17,10.1,10.17,250,0
JWSM-U.US,D,20230303,000000,10.09,10.09,10.05,10.08,830,0
JWSM-U.US,D,20230306,000000,10.09,10.09,10.04,10.04,874,0
JWSM-U.US,D,20230308,000000,10.05,10.06,10.0478,10.0478,1100,0
JWSM-U.US,D,20230309,000000,10.05,10.05,10.05,10.05,1219,0
JWSM-U.US,D,20230310,000000,10.0228,10.0228,10.01,10.01,2000,0
JWSM-U.US,D,20230316,000000,10.04,10.04,10.03,10.04,3223,0
JWSM-U.US,D,20230317,000000,10.05,10.05,10.035,10.05,10900,0
JWSM-U.US,D,20230320,000000,10.04,10.05,10.04,10.05,1917,0
JWSM-U.US,D,20230321,000000,10.04,10.07,10,10.06,25677,0
JWSM-U.US,D,20230323,000000,10.02,10.0446,10.02,10.02,2250,0
JWSM-U.US,D,20230324,000000,10.01,10.035,10,10.0052,8200,0
JWSM-U.US,D,20230327,000000,10,10.0001,10,10.0001,600,0
JWSM-U.US,D,20230328,000000,10.01,10.01,10.01,10.01,2500,0
JWSM-U.US,D,20230403,000000,10.04,10.04,10.03,10.0315,69210,0
JWSM-U.US,D,20230404,000000,10.03,10.03,10.0299,10.0299,5310,0
JWSM-U.US,D,20230405,000000,10.03,10.03,10.03,10.03,13009,0
JWSM-U.US,D,20230412,000000,10.02,10.02,10.015,10.02,9633,0
JWSM-U.US,D,20230413,000000,10,10,9.9998,10,6781,0
JWSM-U.US,D,20230414,000000,10,10,10,10,4173,0
JWSM-U.US,D,20230417,000000,10,10.01,10,10.01,1200,0
JWSM-U.US,D,20230418,000000,10.02,10.02,10.02,10.02,330,0
JWSM-U.US,D,20230424,000000,10.02,10.02,10.02,10.02,542,0
JWSM-U.US,D,20230425,000000,10.04,10.06,10.04,10.06,4700,0
JWSM-U.US,D,20230427,000000,10.32,10.82,10.32,10.82,2108,0
JWSM-U.US,D,20230428,000000,10.04,10.33,10.04,10.1,1138,0
JWSM-U.US,D,20230504,000000,10.17,10.2,10.17,10.2,2100,0
JWSM-U.US,D,20230508,000000,10.25,10.26,10.25,10.26,800,0
JWSM-U.US,D,20230509,000000,10.055,10.055,10.055,10.055,801,0
JWSM-U.US,D,20230510,000000,10.05,10.15,10.05,10.15,528,0
JWSM-U.US,D,20230511,000000,10.26,10.35,10.2201,10.35,6848,0
JWSM-U.US,D,20230512,000000,10.3,10.3,10.3,10.3,200,0
JWSM-U.US,D,20230515,000000,10.37,10.44,10.37,10.44,1603,0
JWSM-U.US,D,20230519,000000,10.4,10.4,10.39,10.4,2295,0
JWSM-U.US,D,20230525,000000,10.12,10.12,10.12,10.12,2080,0
JWSM-U.US,D,20230526,000000,10.42,10.42,10.42,10.42,200,0
JWSM-U.US,D,20230530,000000,10.43,10.44,10.43,10.44,2147,0
JWSM-U.US,D,20230531,000000,10.44,10.65,10.28,10.6,8353,0
JWSM-U.US,D,20230601,000000,10.77,10.77,10.46,10.54,926,0
JWSM-U.US,D,20230602,000000,10.7,10.7,10.54,10.7,7109,0
JWSM-U.US,D,20230612,000000,10.12,10.12,10.12,10.12,204,0
JWSM-U.US,D,20230613,000000,10.23,10.63,10.23,10.63,1273,0
JWSM-U.US,D,20230614,000000,10.55,10.55,10.55,10.55,2094,0
JWSM-U.US,D,20230616,000000,10.4,10.4,10.4,10.4,100,0
JWSM-U.US,D,20230621,000000,10.6999,10.7,10.6898,10.69,600,0
JWSM-U.US,D,20230623,000000,10.6,10.75,10.6,10.7,1581,0
JWSM-U.US,D,20230628,000000,10.69,10.69,10.69,10.69,300,0
JWSM-U.US,D,20230629,000000,10.65,10.65,10.51,10.51,2119,0
JWSM-U.US,D,20230630,000000,10.64,10.65,10.64,10.65,2750,0
JWSM-U.US,D,20230705,000000,10.64,10.65,10.64,10.65,671,0
JWSM-U.US,D,20230706,000000,10.64,10.65,10.64,10.65,1375,0
JWSM-U.US,D,20230711,000000,10.8,10.8,10.8,10.8,366,0
JWSM-U.US,D,20230713,000000,10.7,10.7,10.69,10.7,3700,0
JWSM-U.US,D,20230717,000000,10.69,10.7,10.69,10.7,1051,0
JWSM-U.US,D,20230726,000000,10.56,10.56,10.56,10.56,100,0
JWSM-U.US,D,20230727,000000,10.5,10.6,10.5,10.6,5260,0
JWSM-U.US,D,20230801,000000,10.6,10.65,10.6,10.65,2522,0
JWSM-U.US,D,20230804,000000,10.65,10.65,10.65,10.65,501,0
JWSM-U.US,D,20230808,000000,10.65,10.65,10.65,10.65,2089,0
JWSM-U.US,D,20230810,000000,10.7,10.7,10.7,10.7,2000,0
JWSM-U.US,D,20230816,000000,10.72,10.72,10.72,10.72,461,0
JWSM-U.US,D,20230817,000000,10.73,10.73,10.73,10.73,140,0
JWSM-U.US,D,20230821,000000,10.71,10.71,10.71,10.71,620,0
JWSM-U.US,D,20230823,000000,10.71,10.7101,10.71,10.7101,6023,0
JWSM-U.US,D,20230825,000000,10.71,10.7101,10.71,10.71,600,0
JWSM-U.US,D,20230831,000000,10.71,10.85,10.71,10.85,1869,0
JWSM-U.US,D,20230905,000000,10.8,10.8,10.8,10.8,211,0
JWSM-U.US,D,20230912,000000,10.719,10.719,10.7101,10.7101,4090,0
JWSM-U.US,D,20230914,000000,10.73,10.73,10.72,10.73,1300,0
JWSM-U.US,D,20230919,000000,10.73,10.73,10.71,10.73,2080,0
JWSM-U.US,D,20230925,000000,10.73,10.73,10.73,10.73,600,0
JWSM-U.US,D,20230927,000000,10.71,10.71,10.71,10.71,100,0
JWSM-U.US,D,20230928,000000,10.74,10.74,10.74,10.74,100,0
JWSM-U.US,D,20230929,000000,10.74,10.74,10.74,10.74,100,0
JWSM-U.US,D,20231002,000000,10.71,10.71,10.71,10.71,100,0
JWSM-U.US,D,20231003,000000,10.75,10.75,10.75,10.75,100,0
JWSM-U.US,D,20231004,000000,10.71,10.71,10.71,10.71,100,0
JWSM-U.US,D,20231005,000000,10.75,10.75,10.75,10.75,100,0
JWSM-U.US,D,20231006,000000,10.71,10.71,10.71,10.71,100,0
JWSM-U.US,D,20231009,000000,10.7104,10.7424,10.7104,10.72,700,0
JWSM-U.US,D,20231011,000000,10.75,10.78,10.75,10.78,4100,0
JWSM-U.US,D,20231016,000000,10.71,10.72,10.71,10.72,887,0
JWSM-U.US,D,20231017,000000,10.71,10.71,10.71,10.71,1500,0
JWSM-U.US,D,20231025,000000,10.71,10.71,10.71,10.71,100,0
JWSM-U.US,D,20231026,000000,10.75,10.84,10.75,10.82,5514,0
JWSM-U.US,D,20231101,000000,10.7752,10.7752,10.7752,10.7752,2000,0
JWSM-U.US,D,20231107,000000,10.75,10.75,10.71,10.7101,1203,0
JWSM-U.US,D,20231108,000000,10.83,10.8301,10.83,10.83,486,0
JWSM-U.US,D,20231110,000000,10.83,10.83,10.83,10.83,621,0
JWSM-U.US,D,20231120,000000,10.83,10.83,10.83,10.83,100,0
JWSM-U.US,D,20231121,000000,10.83,10.83,10.83,10.83,100,0
JWSM-U.US,D,20231122,000000,10.83,10.83,10.83,10.83,102,0
JWSM-U.US,D,20231124,000000,10.83,10.83,10.83,10.83,100,0
JWSM-U.US,D,20231127,000000,10.83,10.83,10.83,10.83,100,0
JWSM-U.US,D,20231128,000000,10.83,10.83,10.83,10.83,101,0
JWSM-U.US,D,20231129,000000,10.83,10.8301,10.81,10.81,3098,0
JWSM-U.US,D,20231207,000000,10.83,10.83,10.83,10.83,100,0
JWSM-U.US,D,20231208,000000,10.83,10.83,10.83,10.83,600,0
JWSM-U.US,D,20231212,000000,10.83,10.83,10.83,10.83,1050,0
JWSM-U.US,D,20231220,000000,10.83,10.83,10.83,10.83,100,0
JWSM-U.US,D,20231221,000000,10.83,10.83,10.83,10.83,105,0
JWSM-U.US,D,20231222,000000,10.83,10.83,10.83,10.83,2161,0
JWSM-U.US,D,20231227,000000,10.83,10.83,10.83,10.83,2491,0
JWSM-U.US,D,20240104,000000,10.89,10.89,10.89,10.89,603,0
JWSM-U.US,D,20240105,000000,10.89,10.89,10.89,10.89,500,0
JWSM-U.US,D,20240108,000000,10.89,10.9109,10.89,10.91,4688,0
JWSM-U.US,D,20240109,000000,10.89,10.89,10.89,10.89,100,0
JWSM-U.US,D,20240110,000000,10.9,10.9,10.9,10.9,303,0
JWSM-U.US,D,20240111,000000,10.93,10.93,10.93,10.93,401,0
JWSM-U.US,D,20240116,000000,10.91,10.91,10.91,10.91,101,0
JWSM-U.US,D,20240117,000000,10.8901,10.8901,10.89,10.89,500,0
JWSM-U.US,D,20240118,000000,10.84,10.85,10.84,10.85,1978,0
JWSM-U.US,D,20240119,000000,11,11,11,11,207,0
JWSM-U.US,D,20240125,000000,11,11,10.6211,10.99,2700,0
JWSM-U.US,D,20240129,000000,11,11,11,11,467,0
JWSM-U.US,D,20240202,000000,9.91,10.9,9.91,10.9,300,0
JWSM-U.US,D,20240205,000000,10.69,10.69,10.69,10.69,105,0
JWSM-U.US,D,20240206,000000,10.69,10.69,10.69,10.69,710,0
JWSM-U.US,D,20240207,000000,11.39,11.43,10.51,10.51,900,0
JWSM-U.US,D,20240209,000000,10.87,10.87,10.87,10.87,110,0
JWSM-U.US,D,20240213,000000,10.8,10.8,10.8,10.8,2110,0
JWSM-U.US,D,20240215,000000,10.82,10.82,10.8,10.8,2290,0
JWSM-U.US,D,20240222,000000,10.95,10.95,10.95,10.95,2849,0
JWSM-U.US,D,20240229,000000,10.29,10.29,10.29,10.29,333,0
JWSM-U.US,D,20240308,000000,11.06,11.5,11.06,11.23,6307,0
JWSM-U.US,D,20240311,000000,10.87,10.87,10.87,10.87,200,0
JWSM-U.US,D,20240312,000000,11,11,11,11,158,0
JWSM-U.US,D,20240319,000000,11,11,11,11,100,0
JWSM-U.US,D,20240321,000000,11.02,11.02,11.02,11.02,119,0
JWSM-U.US,D,20240322,000000,11.02,11.02,11.02,11.02,128,0
JWSM-U.US,D,20240325,000000,11.02,11.02,11.02,11.02,118,0
JWSM-U.US,D,20240326,000000,11.02,11.02,11.02,11.02,155,0
JWSM-U.US,D,20240327,000000,11.02,11.02,11.02,11.02,110,0
JWSM-U.US,D,20240402,000000,11,11,11,11,480,0
JWSM-U.US,D,20240405,000000,11,11,11,11,166,0
JWSM-U.US,D,20240408,000000,11,11,11,11,216,0
JWSM-U.US,D,20240412,000000,11,11,11,11,159,0
JWSM-U.US,D,20240417,000000,11,11,11,11,2918,0
JWSM-U.US,D,20240418,000000,11,11,11,11,3612,0
JWSM-U.US,D,20240423,000000,11,11,11,11,233,0
JWSM-U.US,D,20240429,000000,11.05,11.05,11,11.05,700,0
JWSM-U.US,D,20240430,000000,11.21,12.08,11.05,11.05,1641,0
JWSM-U.US,D,20240503,000000,11.585,11.585,11.585,11.585,143,0
JWSM-U.US,D,20240513,000000,11,11,11,11,100,0
JWSM-U.US,D,20240515,000000,11.3,11.85,11.1,11.1,3986,0
JWSM-U.US,D,20240516,000000,11.45,11.45,11.1,11.1,1955,0
JWSM-U.US,D,20240517,000000,11.44,11.44,11.2,11.2,908,0
JWSM-U.US,D,20240520,000000,11,11.44,11,11.22,10455,0
JWSM-U.US,D,20240521,000000,11.44,11.44,11.44,11.44,730,0
JWSM-U.US,D,20240522,000000,11.23,11.23,11.21,11.21,230,0
JWSM-U.US,D,20240523,000000,11.28,11.28,11.28,11.28,203,0
JWSM-U.US,D,20240528,000000,11.22,11.22,11.22,11.22,506,0
JWSM-U.US,D,20240530,000000,11.08,11.28,11.08,11.28,785,0
JWSM-U.US,D,20240531,000000,11,11,11,11,114,0
JWSM-U.US,D,20240604,000000,11,11,11,11,803,0
JWSM-U.US,D,20240605,000000,11.01,11.01,11.01,11.01,282,0
JWSM-U.US,D,20240606,000000,11.56,11.56,11.56,11.56,102,0
JWSM-U.US,D,20240612,000000,11.11,11.3,11.11,11.3,600,0
JWSM-U.US,D,20240617,000000,11,11,11,11,104,0
JWSM-U.US,D,20240625,000000,11,11.27,11,11.11,1010,0
JWSM-U.US,D,20240627,000000,11.11,11.11,11.11,11.11,950,0
JWSM-U.US,D,20240708,000000,11,11,11,11,227,0
JWSM-U.US,D,20240709,000000,11.12,11.12,11.12,11.12,173,0
JWSM-U.US,D,20240710,000000,11.12,11.12,11.12,11.12,156,0
JWSM-U.US,D,20240711,000000,11.12,11.12,11.12,11.12,100,0
JWSM-U.US,D,20240712,000000,11.12,11.12,11.12,11.12,220,0
JWSM-U.US,D,20240715,000000,11.12,11.13,11.12,11.12,4230,0
JWSM-U.US,D,20240717,000000,11.12,11.12,11.12,11.12,112,0
JWSM-U.US,D,20240725,000000,11.12,11.12,11.12,11.12,100,0
JWSM-U.US,D,20240726,000000,11.12,11.12,11.12,11.12,235,0
JWSM-U.US,D,20240806,000000,11.12,11.12,11.12,11.12,100,0
JWSM-U.US,D,20240807,000000,11.12,11.12,11.12,11.12,100,0
JWSM-U.US,D,20240808,000000,11.12,11.12,11.12,11.12,100,0
JWSM-U.US,D,20240809,000000,11.12,11.12,11.12,11.12,100,0
JWSM-U.US,D,20240815,000000,11.12,11.12,11.12,11.12,2823,0
JWSM-U.US,D,20240816,000000,11.3,12,11.3,12,3383,0
JWSM-U.US,D,20240826,000000,11.12,11.12,11.12,11.12,195,0
JWSM-U.US,D,20240903,000000,11.12,11.12,11.12,11.12,338,0
JWSM-U.US,D,20240905,000000,11.12,11.12,11.12,11.12,308,0
JWSM-U.US,D,20240910,000000,11.21,11.21,11.12,11.12,3775,0
JWSM-U.US,D,20240912,000000,11.2,11.2,11.2,11.2,612,0
JWSM-U.US,D,20240913,000000,11.19,11.19,11.17,11.17,300,0
JWSM-U.US,D,20241017,000000,11.31,11.31,11.29,11.31,4500,0
JWSM-U.US,D,20241025,000000,11.46,11.48,11.42,11.48,2000,0
