<TICKER>,<PER>,<DATE>,<TIME>,<OPEN>,<HIGH>,<LOW>,<CLOSE>,<VOL>,<OPENINT>
LLAP.US,D,20210428,000000,9.83,9.83,9.82,9.83,4222,0
LLAP.US,D,20210429,000000,9.9,9.99,9.89,9.89,2384,0
LLAP.US,D,20210507,000000,9.8553,9.8553,9.85,9.85,2202,0
LLAP.US,D,20210510,000000,9.85,9.85,9.83,9.84,6089,0
LLAP.US,D,20210511,000000,9.65,9.65,9.65,9.65,201,0
LLAP.US,D,20210518,000000,9.7,9.7,9.7,9.7,104,0
LLAP.US,D,20210519,000000,9.65,9.65,9.65,9.65,49956,0
LLAP.US,D,20210526,000000,9.9,9.9,9.75,9.75,11522,0
LLAP.US,D,20210527,000000,9.7404,9.7404,9.7404,9.7404,915,0
LLAP.US,D,20210528,000000,9.74,9.74,9.74,9.74,100,0
LLAP.US,D,20210601,000000,9.74,9.74,9.69,9.69,495,0
LLAP.US,D,20210602,000000,9.78,9.78,9.78,9.78,1019,0
LLAP.US,D,20210608,000000,9.77,9.77,9.75,9.75,621,0
LLAP.US,D,20210609,000000,9.75,9.75,9.75,9.75,101,0
LLAP.US,D,20210610,000000,9.75,9.75,9.75,9.75,921,0
LLAP.US,D,20210611,000000,9.77,9.77,9.72,9.77,1600,0
LLAP.US,D,20210615,000000,9.75,9.75,9.73,9.73,113275,0
LLAP.US,D,20210617,000000,9.78,9.78,9.72,9.73,3866,0
LLAP.US,D,20210618,000000,9.75,9.75,9.75,9.75,25016,0
LLAP.US,D,20210621,000000,9.79,9.79,9.65,9.67,81778,0
LLAP.US,D,20210622,000000,9.695,9.7,9.66,9.665,265801,0
LLAP.US,D,20210623,000000,9.7,9.7,9.67,9.69,5742,0
LLAP.US,D,20210624,000000,9.63,9.68,9.63,9.68,9626,0
LLAP.US,D,20210625,000000,9.7,9.7,9.7,9.7,24337,0
LLAP.US,D,20210628,000000,9.66,9.7,9.66,9.7,14646,0
LLAP.US,D,20210629,000000,9.7,9.7,9.69,9.7,3180,0
LLAP.US,D,20210630,000000,9.66,9.66,9.66,9.66,13127,0
LLAP.US,D,20210701,000000,9.7,9.72,9.7,9.72,8219,0
LLAP.US,D,20210706,000000,9.64,9.64,9.64,9.64,200,0
LLAP.US,D,20210707,000000,9.62,9.69,9.62,9.69,1425,0
LLAP.US,D,20210708,000000,9.69,9.75,9.65,9.75,462657,0
LLAP.US,D,20210709,000000,9.7,9.74,9.64,9.65,7859,0
LLAP.US,D,20210712,000000,9.78,9.78,9.65,9.69,9604,0
LLAP.US,D,20210713,000000,9.7,9.7,9.67,9.69,1009,0
LLAP.US,D,20210714,000000,9.62,9.69,9.62,9.69,12149,0
LLAP.US,D,20210715,000000,9.64,9.64,9.64,9.64,100,0
LLAP.US,D,20210716,000000,9.7,9.75,9.67,9.67,23504,0
LLAP.US,D,20210719,000000,9.65,9.6999,9.65,9.69,801567,0
LLAP.US,D,20210720,000000,9.72,9.72,9.64,9.69,1958,0
LLAP.US,D,20210721,000000,9.71,9.71,9.64,9.65,1101,0
LLAP.US,D,20210722,000000,9.79,9.79,9.66,9.72,2175,0
LLAP.US,D,20210723,000000,9.71,9.74,9.67,9.74,1991,0
LLAP.US,D,20210726,000000,9.65,9.685,9.65,9.685,201,0
LLAP.US,D,20210727,000000,9.64,9.64,9.64,9.64,768,0
LLAP.US,D,20210729,000000,9.63,9.68,9.63,9.68,335,0
LLAP.US,D,20210730,000000,9.68,9.75,9.68,9.75,77597,0
LLAP.US,D,20210802,000000,9.74,9.74,9.6673,9.74,2182,0
LLAP.US,D,20210803,000000,9.75,9.75,9.707,9.707,304,0
LLAP.US,D,20210804,000000,9.75,9.75,9.62,9.6496,10720,0
LLAP.US,D,20210805,000000,9.7,9.7,9.64,9.68,1144,0
LLAP.US,D,20210806,000000,9.63,9.69,9.63,9.69,11896,0
LLAP.US,D,20210809,000000,9.64,9.66,9.64,9.66,1142,0
LLAP.US,D,20210810,000000,9.62,9.7,9.62,9.7,1744,0
LLAP.US,D,20210811,000000,9.7,9.7,9.65,9.686,751,0
LLAP.US,D,20210812,000000,9.68,9.74,9.68,9.74,5460,0
LLAP.US,D,20210816,000000,9.69,9.69,9.65,9.65,630,0
LLAP.US,D,20210817,000000,9.65,9.68,9.63,9.68,42655,0
LLAP.US,D,20210820,000000,9.72,9.72,9.72,9.72,197,0
LLAP.US,D,20210824,000000,9.72,9.72,9.72,9.72,103,0
LLAP.US,D,20210826,000000,9.71,9.71,9.71,9.71,266,0
LLAP.US,D,20210827,000000,9.7,9.7,9.675,9.675,200,0
LLAP.US,D,20210830,000000,9.67,9.67,9.67,9.67,100,0
LLAP.US,D,20210831,000000,9.66,9.95,9.66,9.95,15897,0
LLAP.US,D,20210901,000000,9.75,9.75,9.75,9.75,1546,0
LLAP.US,D,20210902,000000,9.75,9.75,9.69,9.69,233880,0
LLAP.US,D,20210913,000000,9.69,9.69,9.69,9.69,150,0
LLAP.US,D,20210915,000000,9.67,9.69,9.67,9.69,2100,0
LLAP.US,D,20210917,000000,9.75,9.75,9.749,9.75,5000,0
LLAP.US,D,20210920,000000,9.75,9.75,9.75,9.75,673,0
LLAP.US,D,20210922,000000,9.71,9.774,9.67,9.774,3780,0
LLAP.US,D,20210923,000000,9.75,9.75,9.67,9.75,17437,0
LLAP.US,D,20210924,000000,9.75,9.75,9.68,9.72,8012,0
LLAP.US,D,20210927,000000,9.68,9.75,9.67,9.7,12328,0
LLAP.US,D,20210928,000000,9.71,9.74,9.71,9.74,253793,0
LLAP.US,D,20210929,000000,9.71,9.71,9.6787,9.69,100200,0
LLAP.US,D,20210930,000000,9.75,9.75,9.69,9.73,22538,0
LLAP.US,D,20211001,000000,9.75,9.75,9.69,9.69,29127,0
LLAP.US,D,20211004,000000,9.72,9.73,9.69,9.73,8886,0
LLAP.US,D,20211005,000000,9.73,9.73,9.7,9.7,190744,0
LLAP.US,D,20211006,000000,9.66,9.72,9.66,9.72,121999,0
LLAP.US,D,20211007,000000,9.74,9.74,9.74,9.74,1900,0
LLAP.US,D,20211011,000000,9.7185,9.72,9.71,9.71,1288,0
LLAP.US,D,20211012,000000,9.75,9.75,9.71,9.7244,16806,0
LLAP.US,D,20211013,000000,9.7295,9.73,9.7295,9.73,346,0
LLAP.US,D,20211014,000000,9.75,9.75,9.72,9.73,2866,0
LLAP.US,D,20211015,000000,9.7299,9.74,9.7299,9.73,5638,0
LLAP.US,D,20211018,000000,9.69,9.69,9.69,9.69,252,0
LLAP.US,D,20211019,000000,9.73,9.73,9.73,9.73,210,0
LLAP.US,D,20211021,000000,9.74,9.7497,9.74,9.74,661,0
LLAP.US,D,20211022,000000,9.7238,9.74,9.7238,9.74,8726,0
LLAP.US,D,20211025,000000,9.7,9.75,9.7,9.7387,4903,0
LLAP.US,D,20211026,000000,9.71,9.71,9.7,9.7,18796,0
LLAP.US,D,20211027,000000,9.7,9.7,9.7,9.7,555,0
LLAP.US,D,20211028,000000,9.69,10.015,9.69,9.89,811395,0
LLAP.US,D,20211029,000000,10,10.1,9.88,9.89,8609921,0
LLAP.US,D,20211101,000000,9.92,10,9.89,9.94,1306480,0
LLAP.US,D,20211102,000000,9.95,9.95,9.9,9.9,1067907,0
LLAP.US,D,20211103,000000,9.88,9.93,9.88,9.9,222259,0
LLAP.US,D,20211104,000000,9.9,9.93,9.89,9.93,274313,0
LLAP.US,D,20211105,000000,9.9,9.95,9.88,9.9,280672,0
LLAP.US,D,20211108,000000,9.88,9.91,9.88,9.91,116298,0
LLAP.US,D,20211109,000000,9.91,9.91,9.88,9.9,300418,0
LLAP.US,D,20211110,000000,9.88,9.9099,9.88,9.9,741372,0
LLAP.US,D,20211111,000000,9.9,9.9,9.88,9.9,42512,0
LLAP.US,D,20211112,000000,9.87,9.92,9.87,9.92,2107215,0
LLAP.US,D,20211115,000000,9.93,9.94,9.9001,9.94,137179,0
LLAP.US,D,20211116,000000,9.94,9.95,9.91,9.92,47007,0
LLAP.US,D,20211117,000000,9.93,9.96,9.8802,9.96,88646,0
LLAP.US,D,20211118,000000,9.92,9.96,9.9,9.94,18602,0
LLAP.US,D,20211119,000000,9.95,9.97,9.9,9.93,15775,0
LLAP.US,D,20211122,000000,9.97,9.97,9.9,9.93,23135,0
LLAP.US,D,20211123,000000,9.94,9.99,9.9,9.99,37947,0
LLAP.US,D,20211124,000000,9.92,9.97,9.87,9.9,51643,0
LLAP.US,D,20211126,000000,9.87,9.89,9.84,9.85,120828,0
LLAP.US,D,20211129,000000,9.88,9.9,9.85,9.86,732368,0
LLAP.US,D,20211130,000000,9.8603,9.9,9.8603,9.89,306587,0
LLAP.US,D,20211201,000000,9.94,9.94,9.87,9.89,137602,0
LLAP.US,D,20211202,000000,9.87,9.9183,9.87,9.885,85534,0
LLAP.US,D,20211203,000000,9.88,9.9299,9.87,9.88,195902,0
LLAP.US,D,20211206,000000,9.87,9.91,9.87,9.88,173398,0
LLAP.US,D,20211207,000000,9.88,9.9,9.88,9.8951,43728,0
LLAP.US,D,20211208,000000,9.92,9.92,9.89,9.9,411367,0
LLAP.US,D,20211209,000000,9.91,9.9131,9.87,9.87,161793,0
LLAP.US,D,20211210,000000,9.87,9.9,9.87,9.9,59988,0
LLAP.US,D,20211213,000000,9.92,9.92,9.88,9.89,4812,0
LLAP.US,D,20211214,000000,9.899,9.9,9.8801,9.89,301269,0
LLAP.US,D,20211215,000000,9.9,9.9,9.88,9.88,204881,0
LLAP.US,D,20211216,000000,9.88,9.885,9.85,9.88,794372,0
LLAP.US,D,20211217,000000,9.8701,9.89,9.87,9.87,14756,0
LLAP.US,D,20211220,000000,9.87,9.88,9.87,9.87,8042,0
LLAP.US,D,20211221,000000,9.875,9.88,9.8701,9.88,6159,0
LLAP.US,D,20211222,000000,9.88,9.8898,9.87,9.87,3460,0
LLAP.US,D,20211223,000000,9.87,9.89,9.87,9.89,52344,0
LLAP.US,D,20211227,000000,9.9,9.9,9.88,9.9,7370,0
LLAP.US,D,20211228,000000,9.84,9.89,9.84,9.89,26773,0
LLAP.US,D,20211229,000000,9.9,9.9,9.87,9.8831,30070,0
LLAP.US,D,20211230,000000,9.9,9.9,9.86,9.89,58926,0
LLAP.US,D,20211231,000000,9.86,9.89,9.86,9.89,86653,0
LLAP.US,D,20220103,000000,9.9,9.9199,9.86,9.9,82883,0
LLAP.US,D,20220104,000000,9.89,9.91,9.89,9.9,73365,0
LLAP.US,D,20220105,000000,9.92,9.92,9.89,9.89,282766,0
LLAP.US,D,20220106,000000,9.89,9.9,9.89,9.89,83638,0
LLAP.US,D,20220107,000000,9.9,9.9,9.89,9.89,101072,0
LLAP.US,D,20220110,000000,9.91,9.91,9.8801,9.89,9186,0
LLAP.US,D,20220111,000000,9.88,9.895,9.88,9.89,77799,0
LLAP.US,D,20220112,000000,9.9,9.9,9.88,9.895,6940,0
LLAP.US,D,20220113,000000,9.91,9.91,9.88,9.89,16070,0
LLAP.US,D,20220114,000000,9.91,9.91,9.8824,9.89,5393,0
LLAP.US,D,20220118,000000,9.88,9.8999,9.88,9.89,36430,0
LLAP.US,D,20220119,000000,9.885,9.91,9.88,9.89,31966,0
LLAP.US,D,20220120,000000,9.9,9.9,9.88,9.88,20647,0
LLAP.US,D,20220121,000000,9.87,9.8986,9.86,9.86,285099,0
LLAP.US,D,20220124,000000,9.85,9.875,9.85,9.8601,8207,0
LLAP.US,D,20220125,000000,9.85,9.9,9.85,9.87,317244,0
LLAP.US,D,20220126,000000,9.76,9.8565,9.76,9.85,5559,0
LLAP.US,D,20220127,000000,9.85,9.881,9.85,9.8505,2707,0
LLAP.US,D,20220128,000000,9.85,9.88,9.85,9.855,28034,0
LLAP.US,D,20220131,000000,9.8793,9.9,9.85,9.89,16058,0
LLAP.US,D,20220201,000000,9.9,9.95,9.88,9.94,69763,0
LLAP.US,D,20220202,000000,9.9,9.94,9.9,9.9367,5198,0
LLAP.US,D,20220203,000000,9.9,9.93,9.89,9.9,27688,0
LLAP.US,D,20220204,000000,9.9,9.9,9.88,9.89,97262,0
LLAP.US,D,20220207,000000,9.91,9.91,9.88,9.89,46498,0
LLAP.US,D,20220208,000000,9.89,9.93,9.89,9.9,78493,0
LLAP.US,D,20220209,000000,9.89,9.8999,9.89,9.8999,11580,0
LLAP.US,D,20220210,000000,9.89,9.92,9.89,9.92,137912,0
LLAP.US,D,20220211,000000,9.92,9.93,9.9001,9.92,99801,0
LLAP.US,D,20220214,000000,9.91,9.93,9.91,9.93,609539,0
LLAP.US,D,20220215,000000,9.93,9.9447,9.92,9.94,955369,0
LLAP.US,D,20220216,000000,9.94,9.94,9.92,9.93,572684,0
LLAP.US,D,20220217,000000,9.93,9.93,9.915,9.92,714100,0
LLAP.US,D,20220218,000000,9.94,9.94,9.9126,9.93,854332,0
LLAP.US,D,20220222,000000,9.92,9.94,9.91,9.91,328082,0
LLAP.US,D,20220223,000000,9.92,9.93,9.91,9.92,309536,0
LLAP.US,D,20220224,000000,9.91,9.921,9.91,9.92,156041,0
LLAP.US,D,20220225,000000,9.93,9.93,9.92,9.92,302733,0
LLAP.US,D,20220228,000000,9.92,9.93,9.91,9.92,296051,0
LLAP.US,D,20220301,000000,9.92,9.93,9.92,9.93,60287,0
LLAP.US,D,20220302,000000,9.92,9.94,9.92,9.93,524452,0
LLAP.US,D,20220303,000000,9.93,9.95,9.93,9.94,147490,0
LLAP.US,D,20220304,000000,9.95,9.95,9.94,9.94,59432,0
LLAP.US,D,20220307,000000,9.95,9.96,9.94,9.94,134059,0
LLAP.US,D,20220308,000000,9.95,9.96,9.95,9.95,367316,0
LLAP.US,D,20220309,000000,9.95,9.96,9.95,9.95,30346,0
LLAP.US,D,20220310,000000,9.95,9.95,9.93,9.93,139423,0
LLAP.US,D,20220311,000000,9.95,9.95,9.93,9.94,117030,0
LLAP.US,D,20220314,000000,9.95,9.95,9.92,9.92,642635,0
LLAP.US,D,20220315,000000,9.96,9.965,9.915,9.93,467902,0
LLAP.US,D,20220316,000000,9.94,9.94,9.92,9.92,202944,0
LLAP.US,D,20220317,000000,9.4,9.84,8.79,9.71,550712,0
LLAP.US,D,20220318,000000,9.66,9.82,8.25,8.4,466949,0
LLAP.US,D,20220321,000000,8.46,8.7,7.98,8.55,141629,0
LLAP.US,D,20220322,000000,8.67,9.17,8.5,8.91,253253,0
LLAP.US,D,20220323,000000,8.87,9.74,8.87,9.73,330819,0
LLAP.US,D,20220324,000000,10.02,10.9788,9.8,10.19,687579,0
LLAP.US,D,20220325,000000,10.27,11.53,9.89,10.96,406505,0
LLAP.US,D,20220328,000000,12.69,12.69,8.82,11.8,2879800,0
LLAP.US,D,20220329,000000,11.77,11.77,9.6,9.86,783137,0
LLAP.US,D,20220330,000000,9.81,9.81,8.57,8.71,739867,0
LLAP.US,D,20220331,000000,8.76,9.0199,6.71,6.88,949664,0
LLAP.US,D,20220401,000000,6.89,8.03,6.65,7.33,909164,0
LLAP.US,D,20220404,000000,7.33,7.565,6.9,7.12,384636,0
LLAP.US,D,20220405,000000,7.12,7.5904,6.65,7,1762756,0
LLAP.US,D,20220406,000000,6.8,7.19,6.51,6.67,554875,0
LLAP.US,D,20220407,000000,6.69,6.7,6,6.04,421029,0
LLAP.US,D,20220408,000000,6.29,7.15,5.75,6.22,2256732,0
LLAP.US,D,20220411,000000,6.19,6.2,5.13,5.15,1007785,0
LLAP.US,D,20220412,000000,5.06,5.11,4.26,4.33,869126,0
LLAP.US,D,20220413,000000,4.3,4.68,3.8,4.35,1178671,0
LLAP.US,D,20220414,000000,4.44,4.59,4.03,4.24,721486,0
LLAP.US,D,20220418,000000,4.2,4.42,3.83,3.88,651006,0
LLAP.US,D,20220419,000000,3.88,5.49,3.88,4.98,2701058,0
LLAP.US,D,20220420,000000,5.11,8,5.11,5.83,20660710,0
LLAP.US,D,20220421,000000,5.48,5.66,4.51,4.63,1759464,0
LLAP.US,D,20220422,000000,4.8,5.3,4.6304,4.75,1342456,0
LLAP.US,D,20220425,000000,4.83,4.99,4.53,4.9,758567,0
LLAP.US,D,20220426,000000,4.85,5.29,4.69,4.88,950816,0
LLAP.US,D,20220427,000000,4.91,5.0988,4.37,4.58,679649,0
LLAP.US,D,20220428,000000,4.59,4.8,4.21,4.63,483708,0
LLAP.US,D,20220429,000000,4.63,4.95,4.42,4.61,332855,0
LLAP.US,D,20220502,000000,4.58,4.88,4.41,4.58,456598,0
LLAP.US,D,20220503,000000,4.64,5.2,4.4,5.13,419468,0
LLAP.US,D,20220504,000000,5,5.1858,4.68,4.98,329200,0
LLAP.US,D,20220505,000000,4.85,5.22,4.45,4.5,380536,0
LLAP.US,D,20220506,000000,4.55,5.05,4.38,4.93,362146,0
LLAP.US,D,20220509,000000,4.8,5.03,4.34,4.42,344054,0
LLAP.US,D,20220510,000000,4.43,4.58,4.11,4.25,359603,0
LLAP.US,D,20220511,000000,4.22,4.43,4.0227,4.05,240779,0
LLAP.US,D,20220512,000000,4.02,4.3594,3.7,4.33,765363,0
LLAP.US,D,20220513,000000,4.65,4.72,4,4.08,461667,0
LLAP.US,D,20220516,000000,4.05,4.15,3.7,3.76,544141,0
LLAP.US,D,20220517,000000,3.81,4.52,3.635,4.52,492597,0
LLAP.US,D,20220518,000000,4.58,5.05,4.36,5,784678,0
LLAP.US,D,20220519,000000,4.84,4.99,4.4,4.81,514566,0
LLAP.US,D,20220520,000000,4.72,5.4836,4.666,5.18,650243,0
LLAP.US,D,20220523,000000,5.34,5.84,4.955,5.62,472731,0
LLAP.US,D,20220524,000000,5.49,5.5,5.07,5.12,260568,0
LLAP.US,D,20220525,000000,5,5.26,4.63,4.74,368811,0
LLAP.US,D,20220526,000000,4.68,5.07,4.68,4.97,310849,0
LLAP.US,D,20220527,000000,4.97,5.25,4.785,4.9,274168,0
LLAP.US,D,20220531,000000,4.85,5.31,4.85,5.19,323198,0
LLAP.US,D,20220601,000000,5.1,5.58,5.09,5.54,421645,0
LLAP.US,D,20220602,000000,5.43,6.1098,5.36,5.77,446775,0
LLAP.US,D,20220603,000000,5.72,6.5,5.5801,5.89,645023,0
LLAP.US,D,20220606,000000,6.03,6.12,5.27,6.08,761758,0
LLAP.US,D,20220607,000000,6.18,6.33,5.4,5.42,686171,0
LLAP.US,D,20220608,000000,5.51,5.58,5.16,5.22,357692,0
LLAP.US,D,20220609,000000,5.16,5.545,4.85,4.85,387428,0
LLAP.US,D,20220610,000000,4.64,4.95,4.38,4.39,262657,0
LLAP.US,D,20220613,000000,4.34,4.37,3.9,3.92,399290,0
LLAP.US,D,20220614,000000,3.95,4.47,3.92,4.14,429872,0
LLAP.US,D,20220615,000000,4.4,4.78,4.24,4.71,397033,0
LLAP.US,D,20220616,000000,4.72,5.306,4.66,5.25,682668,0
LLAP.US,D,20220617,000000,5.11,5.57,4.77,5.34,3185264,0
LLAP.US,D,20220621,000000,5.4,5.68,5.28,5.33,273682,0
LLAP.US,D,20220622,000000,5.29,5.49,5.17,5.32,302432,0
LLAP.US,D,20220623,000000,5.34,6.48,5.34,6.48,1177607,0
LLAP.US,D,20220624,000000,6.33,6.68,4.905,5.05,3188816,0
LLAP.US,D,20220627,000000,5.46,5.46,4.7801,5.03,550051,0
LLAP.US,D,20220628,000000,5.04,5.1588,4.65,4.71,306603,0
LLAP.US,D,20220629,000000,4.65,4.7798,4.42,4.47,339367,0
LLAP.US,D,20220630,000000,4.42,4.82,4.411,4.58,228347,0
LLAP.US,D,20220701,000000,4.59,4.7,4.12,4.16,453896,0
LLAP.US,D,20220705,000000,4.11,4.43,4.07,4.43,296072,0
LLAP.US,D,20220706,000000,4.4,4.6,4.31,4.56,281399,0
LLAP.US,D,20220707,000000,4.63,4.94,4.63,4.9,189555,0
LLAP.US,D,20220708,000000,4.77,5.22,4.77,5.22,256245,0
LLAP.US,D,20220711,000000,5.06,5.25,4.87,5.12,96120,0
LLAP.US,D,20220712,000000,5.02,5.19,4.42,4.72,317853,0
LLAP.US,D,20220713,000000,4.49,4.74,4.42,4.66,152080,0
LLAP.US,D,20220714,000000,4.64,4.685,4.4,4.47,154572,0
LLAP.US,D,20220715,000000,4.54,4.64,4.36,4.57,152978,0
LLAP.US,D,20220718,000000,4.35,4.64,4.35,4.5,126022,0
LLAP.US,D,20220719,000000,4.56,4.65,4.42,4.58,174007,0
LLAP.US,D,20220720,000000,4.59,4.68,4.5,4.52,144311,0
LLAP.US,D,20220721,000000,4.62,4.74,4.4,4.46,134228,0
LLAP.US,D,20220722,000000,4.63,4.67,4.41,4.46,228369,0
LLAP.US,D,20220725,000000,4.52,4.67,4.38,4.64,205525,0
LLAP.US,D,20220726,000000,4.64,4.64,4.37,4.43,170086,0
LLAP.US,D,20220727,000000,4.45,4.5,4.35,4.39,132074,0
LLAP.US,D,20220728,000000,4.5,4.56,4.35,4.38,160534,0
LLAP.US,D,20220729,000000,4.34,4.35,4.21,4.24,174967,0
LLAP.US,D,20220801,000000,4.28,4.29,4.11,4.18,173453,0
LLAP.US,D,20220802,000000,4.2,4.325,4.2,4.3,89067,0
LLAP.US,D,20220803,000000,4.41,4.46,4.28,4.38,159144,0
LLAP.US,D,20220804,000000,4.42,4.42,4.19,4.25,148232,0
LLAP.US,D,20220805,000000,4.25,4.31,4.15,4.27,102502,0
LLAP.US,D,20220808,000000,4.3,4.57,4.18,4.45,199325,0
LLAP.US,D,20220809,000000,4.44,4.6,4.25,4.46,204448,0
LLAP.US,D,20220810,000000,4.51,4.51,4.265,4.44,187415,0
LLAP.US,D,20220811,000000,4.4,4.52,4.16,4.16,242677,0
LLAP.US,D,20220812,000000,4.16,4.3,4.1479,4.26,223264,0
LLAP.US,D,20220815,000000,4.33,4.61,4.15,4.3,267346,0
LLAP.US,D,20220816,000000,4.32,4.57,4.1,4.5,362572,0
LLAP.US,D,20220817,000000,4.5,4.66,4.4,4.63,348258,0
LLAP.US,D,20220818,000000,4.67,4.68,4.33,4.38,216906,0
LLAP.US,D,20220819,000000,4.35,4.53,4.26,4.41,157054,0
LLAP.US,D,20220822,000000,4.41,4.41,4.06,4.09,214425,0
LLAP.US,D,20220823,000000,4.13,4.38,4.07,4.32,139907,0
LLAP.US,D,20220824,000000,4.34,4.34,4.09,4.14,187463,0
LLAP.US,D,20220825,000000,4.13,4.21,4.0627,4.2,106692,0
LLAP.US,D,20220826,000000,4.19,4.19,4.01,4.05,148533,0
LLAP.US,D,20220829,000000,4,4.1299,3.9,3.98,115957,0
LLAP.US,D,20220830,000000,4.06,4.08,3.865,4.01,107396,0
LLAP.US,D,20220831,000000,4.03,4.29,3.85,4.2,165987,0
LLAP.US,D,20220901,000000,4.2,4.23,3.97,4.16,110522,0
LLAP.US,D,20220902,000000,4.23,4.25,4.01,4.17,96578,0
LLAP.US,D,20220906,000000,4.11,4.21,3.97,4.11,129201,0
LLAP.US,D,20220907,000000,4.14,4.14,3.9,3.99,145014,0
LLAP.US,D,20220908,000000,3.96,4.15,3.89,4.11,187932,0
LLAP.US,D,20220909,000000,4.14,4.14,4.01,4.04,155566,0
LLAP.US,D,20220912,000000,4.16,4.41,4.08,4.21,559399,0
LLAP.US,D,20220913,000000,4.14,4.2,3.92,3.98,265801,0
LLAP.US,D,20220914,000000,4.03,4.1,3.93,3.96,163815,0
LLAP.US,D,20220915,000000,3.94,3.9899,3.8,3.82,252953,0
LLAP.US,D,20220916,000000,3.8,3.825,3.65,3.7,318468,0
LLAP.US,D,20220919,000000,3.67,3.716,3.31,3.33,350116,0
LLAP.US,D,20220920,000000,3.34,3.4,2.99,3.02,544526,0
LLAP.US,D,20220921,000000,3.03,3.09,2.9808,3.03,278955,0
LLAP.US,D,20220922,000000,2.95,3,2.69,2.8,977440,0
LLAP.US,D,20220923,000000,2.7,2.74,2.58,2.59,457717,0
LLAP.US,D,20220926,000000,2.51,2.59,2.34,2.35,446210,0
LLAP.US,D,20220927,000000,2.38,2.43,2.26,2.35,277404,0
LLAP.US,D,20220928,000000,2.31,2.43,2.3,2.37,660243,0
LLAP.US,D,20220929,000000,2.35,2.35,1.93,2.15,1516474,0
LLAP.US,D,20220930,000000,2.08,2.18,1.74,1.77,3153487,0
LLAP.US,D,20221003,000000,1.8,1.82,1.69,1.7,2389732,0
LLAP.US,D,20221004,000000,1.7,1.95,1.7,1.95,1434628,0
LLAP.US,D,20221005,000000,1.95,1.98,1.91,1.96,383903,0
LLAP.US,D,20221006,000000,1.96,2.01,1.87,1.93,360387,0
LLAP.US,D,20221007,000000,1.96,1.98,1.93,1.95,406026,0
LLAP.US,D,20221010,000000,1.94,2.49,1.94,2.33,3580349,0
LLAP.US,D,20221011,000000,2.37,2.4089,2.18,2.22,1084075,0
LLAP.US,D,20221012,000000,2.21,2.28,2.16,2.2,494566,0
LLAP.US,D,20221013,000000,2.15,2.16,1.98,2.11,360511,0
LLAP.US,D,20221014,000000,2.14,2.19,2,2.03,157459,0
LLAP.US,D,20221017,000000,2.06,2.327,2.03,2.28,489261,0
LLAP.US,D,20221018,000000,2.33,2.55,2.3,2.41,1296457,0
LLAP.US,D,20221019,000000,2.42,2.67,2.34,2.39,832344,0
LLAP.US,D,20221020,000000,2.44,2.59,2.39,2.43,480251,0
LLAP.US,D,20221021,000000,2.43,2.7,2.34,2.62,742415,0
LLAP.US,D,20221024,000000,2.6,2.63,2.44,2.52,439255,0
LLAP.US,D,20221025,000000,2.515,2.59,2.44,2.47,358103,0
LLAP.US,D,20221026,000000,2.37,2.5,2.36,2.49,289309,0
LLAP.US,D,20221027,000000,2.47,2.665,2.47,2.56,277218,0
LLAP.US,D,20221028,000000,2.58,2.66,2.51,2.56,248871,0
LLAP.US,D,20221031,000000,3.4,3.41,2.61,2.62,20413313,0
LLAP.US,D,20221101,000000,2.62,2.81,2.43,2.76,2208427,0
LLAP.US,D,20221102,000000,2.78,2.94,2.69,2.72,1683753,0
LLAP.US,D,20221103,000000,2.75,2.92,2.54,2.57,1118257,0
LLAP.US,D,20221104,000000,2.62,2.69,2.51,2.64,643477,0
LLAP.US,D,20221107,000000,2.71,2.82,2.63,2.68,995299,0
LLAP.US,D,20221108,000000,2.74,2.81,2.65,2.8,553984,0
LLAP.US,D,20221109,000000,2.84,2.95,2.7101,2.8,1324152,0
LLAP.US,D,20221110,000000,2.88,2.93,2.7223,2.75,795442,0
LLAP.US,D,20221111,000000,2.75,2.8699,2.48,2.49,1508735,0
LLAP.US,D,20221114,000000,2.55,2.82,2.48,2.78,1027087,0
LLAP.US,D,20221115,000000,2.83,2.83,2.56,2.67,1172505,0
LLAP.US,D,20221116,000000,2.6,2.78,2.5685,2.67,1421117,0
LLAP.US,D,20221117,000000,2.69,2.72,2.55,2.66,716246,0
LLAP.US,D,20221118,000000,2.69,2.71,2.6,2.67,605961,0
LLAP.US,D,20221121,000000,2.65,2.705,2.59,2.59,443013,0
LLAP.US,D,20221122,000000,2.56,2.62,2.5003,2.54,362916,0
LLAP.US,D,20221123,000000,2.54,2.665,2.54,2.64,462653,0
LLAP.US,D,20221125,000000,2.66,2.7299,2.65,2.7,226195,0
LLAP.US,D,20221128,000000,2.69,2.73,2.45,2.45,574573,0
LLAP.US,D,20221129,000000,2.47,2.51,2.43,2.44,544576,0
LLAP.US,D,20221130,000000,2.48,2.48,2.24,2.36,827068,0
LLAP.US,D,20221201,000000,2.37,2.3892,2.23,2.28,529699,0
LLAP.US,D,20221202,000000,2.29,2.3,2.105,2.14,681620,0
LLAP.US,D,20221205,000000,2.13,2.225,2.05,2.05,592409,0
LLAP.US,D,20221206,000000,2.04,2.0786,1.94,1.95,752368,0
LLAP.US,D,20221207,000000,1.97,2.0305,1.75,1.78,1205609,0
LLAP.US,D,20221208,000000,1.84,1.9,1.78,1.79,602324,0
LLAP.US,D,20221209,000000,1.8,1.83,1.62,1.63,907394,0
LLAP.US,D,20221212,000000,1.65,1.66,1.44,1.48,1125706,0
LLAP.US,D,20221213,000000,1.51,1.56,1.41,1.42,769928,0
LLAP.US,D,20221214,000000,1.45,1.51,1.37,1.44,1450503,0
LLAP.US,D,20221215,000000,1.42,1.4381,1.35,1.41,1387886,0
LLAP.US,D,20221216,000000,1.49,1.55,1.33,1.38,3155474,0
LLAP.US,D,20221219,000000,1.39,1.41,1.31,1.35,1201546,0
LLAP.US,D,20221220,000000,1.3,1.4,1.29,1.35,890300,0
LLAP.US,D,20221221,000000,1.42,1.57,1.35,1.56,1119773,0
LLAP.US,D,20221222,000000,1.56,1.56,1.44,1.49,774701,0
LLAP.US,D,20221223,000000,1.5,1.5,1.3815,1.45,874097,0
LLAP.US,D,20221227,000000,1.44,1.45,1.42,1.44,245926,0
LLAP.US,D,20221228,000000,1.45,1.5,1.41,1.43,353955,0
LLAP.US,D,20221229,000000,1.44,1.4591,1.39,1.43,638789,0
LLAP.US,D,20221230,000000,1.4,1.59,1.39,1.58,932577,0
LLAP.US,D,20230103,000000,1.62,1.69,1.5,1.51,949936,0
LLAP.US,D,20230104,000000,1.49,1.53,1.42,1.46,676760,0
LLAP.US,D,20230105,000000,1.48,1.4877,1.31,1.33,529350,0
LLAP.US,D,20230106,000000,1.36,1.38,1.34,1.38,275557,0
LLAP.US,D,20230109,000000,1.43,1.5199,1.41,1.49,728742,0
LLAP.US,D,20230110,000000,1.49,1.53,1.48,1.5,510309,0
LLAP.US,D,20230111,000000,1.52,1.54,1.49,1.54,261977,0
LLAP.US,D,20230112,000000,1.56,1.85,1.52,1.68,1308175,0
LLAP.US,D,20230113,000000,1.7,1.93,1.68,1.85,949855,0
LLAP.US,D,20230117,000000,1.9,1.99,1.78,1.85,836723,0
LLAP.US,D,20230118,000000,1.88,1.9085,1.76,1.8,759342,0
LLAP.US,D,20230119,000000,1.78,1.84,1.61,1.81,868501,0
LLAP.US,D,20230120,000000,1.8,1.87,1.7828,1.87,453230,0
LLAP.US,D,20230123,000000,1.87,2.06,1.83,1.99,1290097,0
LLAP.US,D,20230124,000000,2.03,2.03,1.8285,1.9,904285,0
LLAP.US,D,20230125,000000,1.86,2.07,1.84,2.03,798919,0
LLAP.US,D,20230126,000000,2.05,2.06,1.88,1.91,441052,0
LLAP.US,D,20230127,000000,1.9,1.985,1.88,1.95,413236,0
LLAP.US,D,20230130,000000,1.93,1.9485,1.85,1.88,306058,0
LLAP.US,D,20230131,000000,1.9,2,1.86,1.94,640076,0
LLAP.US,D,20230201,000000,1.96,2.035,1.89,2.03,681638,0
LLAP.US,D,20230202,000000,2.06,2.15,1.97,2.02,945195,0
LLAP.US,D,20230203,000000,2,2.05,1.92,1.94,530887,0
LLAP.US,D,20230206,000000,2,2.01,1.87,1.88,420348,0
LLAP.US,D,20230207,000000,1.91,1.93,1.78,1.93,1033156,0
LLAP.US,D,20230208,000000,1.93,1.93,1.82,1.84,456850,0
LLAP.US,D,20230209,000000,1.88,1.88,1.785,1.81,399178,0
LLAP.US,D,20230210,000000,1.79,1.85,1.745,1.8,446343,0
LLAP.US,D,20230213,000000,1.8,1.83,1.75,1.82,209872,0
LLAP.US,D,20230214,000000,1.82,1.855,1.775,1.84,287257,0
LLAP.US,D,20230215,000000,1.84,1.94,1.8201,1.94,800498,0
LLAP.US,D,20230216,000000,1.9,1.93,1.83,1.86,352203,0
LLAP.US,D,20230217,000000,1.88,1.88,1.77,1.8,459366,0
LLAP.US,D,20230221,000000,1.79,1.83,1.69,1.71,452971,0
LLAP.US,D,20230222,000000,2.93,3.45,2.56,2.93,177304855,0
LLAP.US,D,20230223,000000,3.12,3.25,2.75,2.97,46156658,0
LLAP.US,D,20230224,000000,2.84,2.94,2.66,2.7,11638193,0
LLAP.US,D,20230227,000000,2.72,3.33,2.62,2.74,32479416,0
LLAP.US,D,20230228,000000,2.8,3.025,2.61,2.66,13796396,0
LLAP.US,D,20230301,000000,2.65,2.6798,2.36,2.54,7975459,0
LLAP.US,D,20230302,000000,2.4,2.44,2.3,2.38,4823038,0
LLAP.US,D,20230303,000000,2.39,2.53,2.32,2.43,6064781,0
LLAP.US,D,20230306,000000,2.45,2.46,2.31,2.34,3774607,0
LLAP.US,D,20230307,000000,2.34,2.4199,2.2315,2.26,3246042,0
LLAP.US,D,20230308,000000,2.24,2.4,2.21,2.34,3043236,0
LLAP.US,D,20230309,000000,2.35,2.38,2.05,2.06,3659447,0
LLAP.US,D,20230310,000000,2.03,2.195,2,2.11,3366820,0
LLAP.US,D,20230313,000000,2,2.08,1.93,1.94,3616841,0
LLAP.US,D,20230314,000000,1.99,2.19,1.94,2.15,3656129,0
LLAP.US,D,20230315,000000,2.06,2.12,1.92,2,2285310,0
LLAP.US,D,20230316,000000,1.99,2.11,1.95,2.05,1681775,0
LLAP.US,D,20230317,000000,2.03,2.035,1.74,1.75,4917286,0
LLAP.US,D,20230320,000000,1.8,1.8,1.69,1.73,3031539,0
LLAP.US,D,20230321,000000,1.92,1.92,1.52,1.6,15079978,0
LLAP.US,D,20230322,000000,1.62,1.76,1.58,1.59,5915662,0
LLAP.US,D,20230323,000000,1.62,1.67,1.54,1.57,3084740,0
LLAP.US,D,20230324,000000,1.56,1.59,1.49,1.59,2563918,0
LLAP.US,D,20230327,000000,1.62,1.6989,1.61,1.68,2688650,0
LLAP.US,D,20230328,000000,1.64,1.66,1.54,1.55,2505161,0
LLAP.US,D,20230329,000000,1.56,1.59,1.51,1.59,2039137,0
LLAP.US,D,20230330,000000,1.58,1.69,1.58,1.64,2571550,0
LLAP.US,D,20230331,000000,1.66,1.8785,1.6585,1.84,4531599,0
LLAP.US,D,20230403,000000,1.87,1.975,1.815,1.86,3375264,0
LLAP.US,D,20230404,000000,1.77,1.82,1.71,1.79,2683435,0
LLAP.US,D,20230405,000000,1.76,1.78,1.62,1.65,2071345,0
LLAP.US,D,20230406,000000,1.66,1.73,1.585,1.72,1642110,0
LLAP.US,D,20230410,000000,1.68,1.875,1.68,1.84,2537567,0
LLAP.US,D,20230411,000000,1.79,1.87,1.73,1.77,2627475,0
LLAP.US,D,20230412,000000,1.8,1.82,1.74,1.77,1226649,0
LLAP.US,D,20230413,000000,1.77,1.865,1.75,1.83,1449850,0
LLAP.US,D,20230414,000000,1.83,1.8585,1.765,1.78,1471273,0
LLAP.US,D,20230417,000000,1.78,1.95,1.771,1.9,2344370,0
LLAP.US,D,20230418,000000,1.92,2,1.86,1.99,1961853,0
LLAP.US,D,20230419,000000,1.97,2.01,1.91,1.94,2709938,0
LLAP.US,D,20230420,000000,1.9,2.005,1.85,1.97,2652171,0
LLAP.US,D,20230421,000000,1.96,2.04,1.9505,2,1593879,0
LLAP.US,D,20230424,000000,1.98,1.99,1.7,1.74,3739398,0
LLAP.US,D,20230425,000000,1.78,1.78,1.65,1.69,1980456,0
LLAP.US,D,20230426,000000,1.7,1.71,1.62,1.63,1916827,0
LLAP.US,D,20230427,000000,1.77,1.91,1.73,1.86,4927216,0
LLAP.US,D,20230428,000000,1.81,1.84,1.75,1.78,2207040,0
LLAP.US,D,20230501,000000,1.8,1.8185,1.68,1.74,1637858,0
LLAP.US,D,20230502,000000,1.72,1.73,1.67,1.7,1140561,0
LLAP.US,D,20230503,000000,1.73,1.77,1.71,1.73,1057486,0
LLAP.US,D,20230504,000000,1.75,1.76,1.7,1.74,983674,0
LLAP.US,D,20230505,000000,1.79,1.8,1.69,1.7,1604730,0
LLAP.US,D,20230508,000000,1.73,1.86,1.69,1.85,1966750,0
LLAP.US,D,20230509,000000,1.81,1.87,1.76,1.85,1253174,0
LLAP.US,D,20230510,000000,1.86,1.95,1.8515,1.88,1780833,0
LLAP.US,D,20230511,000000,1.87,1.88,1.81,1.84,842972,0
LLAP.US,D,20230512,000000,1.87,1.94,1.84,1.87,1668290,0
LLAP.US,D,20230515,000000,1.77,1.839,1.535,1.54,4753533,0
LLAP.US,D,20230516,000000,1.65,1.65,1.55,1.56,2409598,0
LLAP.US,D,20230517,000000,1.58,1.595,1.48,1.55,3466130,0
LLAP.US,D,20230518,000000,1.58,1.6,1.485,1.5,2235994,0
LLAP.US,D,20230519,000000,1.55,1.56,1.49,1.5,1980201,0
LLAP.US,D,20230522,000000,1.53,1.68,1.515,1.67,3802423,0
LLAP.US,D,20230523,000000,1.65,1.68,1.55,1.56,2882450,0
LLAP.US,D,20230524,000000,1.49,1.52,1.42,1.43,5456602,0
LLAP.US,D,20230525,000000,1.35,1.42,1.23,1.24,8265006,0
LLAP.US,D,20230526,000000,1.22,1.23,1.17,1.19,5798786,0
LLAP.US,D,20230530,000000,1.23,1.3,1.11,1.15,3871292,0
LLAP.US,D,20230531,000000,1.23,1.23,1.12,1.17,2550990,0
LLAP.US,D,20230601,000000,1.17,1.3,1.15,1.27,3044176,0
LLAP.US,D,20230602,000000,1.28,1.34,1.24,1.28,2398682,0
LLAP.US,D,20230605,000000,1.3,1.35,1.25,1.27,2170922,0
LLAP.US,D,20230606,000000,1.25,1.31,1.2277,1.27,3035853,0
LLAP.US,D,20230607,000000,1.29,1.4,1.28,1.36,3656867,0
LLAP.US,D,20230608,000000,1.38,1.45,1.3615,1.4,2156385,0
LLAP.US,D,20230609,000000,1.42,1.445,1.35,1.4,1854438,0
LLAP.US,D,20230612,000000,1.41,1.45,1.3501,1.44,1929473,0
LLAP.US,D,20230613,000000,1.44,1.4715,1.39,1.42,1784560,0
LLAP.US,D,20230614,000000,1.41,1.44,1.35,1.36,1413665,0
LLAP.US,D,20230615,000000,1.37,1.39,1.34,1.36,1411884,0
LLAP.US,D,20230616,000000,1.36,1.38,1.3,1.35,2352239,0
LLAP.US,D,20230620,000000,1.36,1.43,1.35,1.42,1787516,0
LLAP.US,D,20230621,000000,1.42,1.44,1.36,1.38,2019549,0
LLAP.US,D,20230622,000000,1.38,1.39,1.33,1.34,1590005,0
LLAP.US,D,20230623,000000,1.33,1.34,1.25,1.3,8661199,0
LLAP.US,D,20230626,000000,1.31,1.33,1.25,1.31,1805574,0
LLAP.US,D,20230627,000000,1.33,1.48,1.3,1.4,3903096,0
LLAP.US,D,20230628,000000,1.4,1.41,1.37,1.39,1142690,0
LLAP.US,D,20230629,000000,1.43,1.51,1.39,1.47,3236806,0
LLAP.US,D,20230630,000000,1.5,1.57,1.48,1.5,2041579,0
LLAP.US,D,20230703,000000,1.53,1.54,1.45,1.54,1806461,0
LLAP.US,D,20230705,000000,1.54,1.54,1.41,1.43,4794394,0
LLAP.US,D,20230706,000000,1.56,1.605,1.37,1.4,4427832,0
LLAP.US,D,20230707,000000,1.42,1.64,1.38,1.6,6251491,0
LLAP.US,D,20230710,000000,1.62,1.78,1.59,1.76,5615409,0
LLAP.US,D,20230711,000000,1.79,1.84,1.715,1.74,3602679,0
LLAP.US,D,20230712,000000,1.79,1.84,1.74,1.76,3108295,0
LLAP.US,D,20230713,000000,1.78,1.8,1.71,1.73,1750737,0
LLAP.US,D,20230714,000000,1.74,1.75,1.605,1.63,2232416,0
LLAP.US,D,20230717,000000,1.64,1.69,1.56,1.62,1946756,0
LLAP.US,D,20230718,000000,1.63,1.77,1.6,1.61,3285455,0
LLAP.US,D,20230719,000000,1.63,1.66,1.595,1.63,1512594,0
LLAP.US,D,20230720,000000,1.63,1.64,1.58,1.59,1401256,0
LLAP.US,D,20230721,000000,1.59,1.6092,1.54,1.55,1412005,0
LLAP.US,D,20230724,000000,1.55,1.56,1.44,1.47,2091801,0
LLAP.US,D,20230725,000000,1.46,1.4999,1.4,1.42,1544124,0
LLAP.US,D,20230726,000000,1.44,1.44,1.36,1.41,1242041,0
LLAP.US,D,20230727,000000,1.44,1.44,1.315,1.34,1713999,0
LLAP.US,D,20230728,000000,1.44,1.5099,1.38,1.48,2676969,0
LLAP.US,D,20230731,000000,1.49,1.62,1.47,1.5,2692270,0
LLAP.US,D,20230801,000000,1.49,1.51,1.45,1.48,1413853,0
LLAP.US,D,20230802,000000,1.45,1.4697,1.39,1.41,1963614,0
LLAP.US,D,20230803,000000,1.39,1.41,1.34,1.36,1242778,0
LLAP.US,D,20230804,000000,1.38,1.3999,1.29,1.32,2608487,0
LLAP.US,D,20230807,000000,1.32,1.33,1.27,1.3,1571352,0
LLAP.US,D,20230808,000000,1.29,1.3,1.25,1.28,1223685,0
LLAP.US,D,20230809,000000,1.28,1.285,1.18,1.19,2475297,0
LLAP.US,D,20230810,000000,1.19,1.24,1.17,1.17,2201226,0
LLAP.US,D,20230811,000000,1.18,1.21,1.15,1.21,1901263,0
LLAP.US,D,20230814,000000,1.21,1.25,1.17,1.21,2173989,0
LLAP.US,D,20230815,000000,1.22,1.41,1.0801,1.33,7615089,0
LLAP.US,D,20230816,000000,1.31,1.37,1.26,1.28,2643728,0
LLAP.US,D,20230817,000000,1.31,1.31,1.18,1.24,3157332,0
LLAP.US,D,20230818,000000,1.19,1.26,1.16,1.24,2409417,0
LLAP.US,D,20230821,000000,1.23,1.235,1.16,1.21,3217297,0
LLAP.US,D,20230822,000000,1.21,1.2399,1.14,1.16,2412387,0
LLAP.US,D,20230823,000000,1.17,1.19,1.14,1.17,1833239,0
LLAP.US,D,20230824,000000,1.17,1.175,1.1,1.14,2061646,0
LLAP.US,D,20230825,000000,1.14,1.2,1.1,1.18,1817567,0
LLAP.US,D,20230828,000000,1.2,1.3,1.15,1.22,2901244,0
LLAP.US,D,20230829,000000,1.22,1.28,1.214,1.23,1956925,0
LLAP.US,D,20230830,000000,1.24,1.25,1.18,1.19,1208173,0
LLAP.US,D,20230831,000000,1.24,1.25,1.19,1.22,1702849,0
LLAP.US,D,20230901,000000,1.22,1.24,1.2,1.22,1479304,0
LLAP.US,D,20230905,000000,1.24,1.25,1.19,1.21,1538028,0
LLAP.US,D,20230906,000000,1.21,1.23,1.185,1.19,1118339,0
LLAP.US,D,20230907,000000,1.2,1.2573,1.18,1.24,1936625,0
LLAP.US,D,20230908,000000,1.25,1.28,1.22,1.26,1406029,0
LLAP.US,D,20230911,000000,1.28,1.45,1.26,1.4,3291637,0
LLAP.US,D,20230912,000000,1.39,1.46,1.35,1.44,3452093,0
LLAP.US,D,20230913,000000,1.43,1.5,1.41,1.42,2268464,0
LLAP.US,D,20230914,000000,1.42,1.54,1.4,1.53,2300474,0
LLAP.US,D,20230915,000000,1.53,1.58,1.41,1.46,4631525,0
LLAP.US,D,20230918,000000,1.49,1.49,1.41,1.42,2532430,0
LLAP.US,D,20230919,000000,1.18,1.33,1.13,1.14,7679293,0
LLAP.US,D,20230920,000000,1.16,1.16,1.13,1.14,2688387,0
LLAP.US,D,20230921,000000,1.15,1.15,1.02,1.07,4686952,0
LLAP.US,D,20230922,000000,1.06,1.06,1,1.01,3125794,0
LLAP.US,D,20230925,000000,1.03,1.03,0.7901,0.9113,11711379,0
LLAP.US,D,20230926,000000,0.91,0.9485,0.8651,0.8851,5141941,0
LLAP.US,D,20230927,000000,0.88,0.9279,0.851,0.857,4793841,0
LLAP.US,D,20230928,000000,0.86,0.8993,0.8395,0.8486,4635775,0
LLAP.US,D,20230929,000000,0.86,0.8933,0.8263,0.8324,4857953,0
LLAP.US,D,20231002,000000,0.8357,0.85,0.765,0.7998,5525018,0
LLAP.US,D,20231003,000000,0.7938,0.7938,0.703,0.7063,5625656,0
LLAP.US,D,20231004,000000,0.6742,0.7765,0.625,0.7531,13506554,0
LLAP.US,D,20231005,000000,0.7601,0.7666,0.7204,0.7665,3498420,0
LLAP.US,D,20231006,000000,0.7631,0.8175,0.74,0.7819,4092278,0
LLAP.US,D,20231009,000000,0.79,0.7993,0.746,0.7806,4166684,0
LLAP.US,D,20231010,000000,0.7701,0.8398,0.7578,0.7992,3607590,0
LLAP.US,D,20231011,000000,0.82,0.8202,0.718,0.722,6074488,0
LLAP.US,D,20231012,000000,0.7333,0.7465,0.7,0.7218,5116528,0
LLAP.US,D,20231013,000000,0.7377,0.7837,0.70265,0.7128,4827084,0
LLAP.US,D,20231016,000000,0.73,0.75,0.71,0.7308,2061108,0
LLAP.US,D,20231017,000000,0.7368,0.7498,0.7227,0.7359,2051394,0
LLAP.US,D,20231018,000000,0.7367,0.7416,0.6968,0.7186,1700042,0
LLAP.US,D,20231019,000000,0.7132,0.7231,0.6557,0.6664,2667768,0
LLAP.US,D,20231020,000000,0.6662,0.6772,0.641,0.6627,2869009,0
LLAP.US,D,20231023,000000,0.6549,0.6851,0.62,0.6509,3389112,0
LLAP.US,D,20231024,000000,0.74,0.7949,0.675,0.6833,10129500,0
LLAP.US,D,20231025,000000,0.7138,0.8574,0.68,0.8252,12008337,0
LLAP.US,D,20231026,000000,0.87,0.9099,0.7905,0.837,6987401,0
LLAP.US,D,20231027,000000,0.828,0.8555,0.78,0.8303,7414860,0
LLAP.US,D,20231030,000000,0.85,0.855,0.7636,0.7797,2987752,0
LLAP.US,D,20231031,000000,0.7898,0.8133,0.761,0.7989,2402588,0
LLAP.US,D,20231101,000000,0.8,0.833,0.772,0.7918,2897366,0
LLAP.US,D,20231102,000000,0.809,0.895,0.8035,0.8891,4201324,0
LLAP.US,D,20231103,000000,0.9038,0.97,0.8949,0.951,4200483,0
LLAP.US,D,20231106,000000,0.9575,0.9721,0.8943,0.917,3074709,0
LLAP.US,D,20231107,000000,0.9139,0.932083,0.8782,0.8974,2065615,0
LLAP.US,D,20231108,000000,0.8943,0.8943,0.806,0.82,2281839,0
LLAP.US,D,20231109,000000,0.8266,0.8525,0.81,0.82,1625420,0
LLAP.US,D,20231110,000000,0.75,0.8262,0.7272,0.7465,3154374,0
LLAP.US,D,20231113,000000,0.756,0.8055,0.7462,0.7481,2930672,0
LLAP.US,D,20231114,000000,0.7286,0.745,0.671,0.7117,4095965,0
LLAP.US,D,20231115,000000,0.7225,0.7675,0.7095,0.7222,2008191,0
LLAP.US,D,20231116,000000,0.74,0.7404,0.69,0.735,2234116,0
LLAP.US,D,20231117,000000,0.7332,0.764,0.7245,0.7434,2431987,0
LLAP.US,D,20231120,000000,0.76,0.793,0.7353,0.7877,1972770,0
LLAP.US,D,20231121,000000,0.7877,0.8048,0.7542,0.7675,2064411,0
LLAP.US,D,20231122,000000,0.78,0.8002,0.7602,0.784,1404014,0
LLAP.US,D,20231124,000000,0.7855,0.8693,0.781,0.8522,1803414,0
LLAP.US,D,20231127,000000,0.84,0.84,0.8,0.8079,2983943,0
LLAP.US,D,20231128,000000,0.81,0.8466,0.79,0.7942,1757359,0
LLAP.US,D,20231129,000000,0.8181,0.839,0.8055,0.8235,1627572,0
LLAP.US,D,20231130,000000,0.8342,0.835,0.8002,0.81,1092598,0
LLAP.US,D,20231201,000000,0.801,0.83,0.8,0.83,1138351,0
LLAP.US,D,20231204,000000,0.82,0.9563,0.8176,0.9377,4671283,0
LLAP.US,D,20231205,000000,0.94,0.9749,0.8962,0.91,3890200,0
LLAP.US,D,20231206,000000,0.91,0.9148,0.87,0.8753,2031861,0
LLAP.US,D,20231207,000000,0.8851,1.02,0.8814,1,4359407,0
LLAP.US,D,20231208,000000,0.99,1.04,0.9702,1.03,2705839,0
LLAP.US,D,20231211,000000,1.05,1.07,0.6797,0.7247,14408560,0
LLAP.US,D,20231212,000000,0.7295,0.8182,0.7206,0.7741,8267362,0
LLAP.US,D,20231213,000000,0.7774,0.98,0.7643,0.94,7075006,0
LLAP.US,D,20231214,000000,0.9701,1.05,0.9084,0.9201,5143198,0
LLAP.US,D,20231215,000000,0.9508,0.96,0.8701,0.8843,6035518,0
LLAP.US,D,20231218,000000,0.8872,0.8983,0.8103,0.8613,4364401,0
LLAP.US,D,20231219,000000,0.865,0.9548,0.8621,0.8741,2125659,0
LLAP.US,D,20231220,000000,0.8849,0.8975,0.8511,0.8691,3084762,0
LLAP.US,D,20231221,000000,0.98,1.03,0.9241,1.03,5565309,0
LLAP.US,D,20231222,000000,1.02,1.12,1,1.09,4515884,0
LLAP.US,D,20231226,000000,1.1,1.14,1.05,1.12,3231322,0
LLAP.US,D,20231227,000000,1.13,1.25,1.105,1.25,4509291,0
LLAP.US,D,20231228,000000,1.23,1.3195,1.17,1.22,4480235,0
LLAP.US,D,20231229,000000,1.2,1.22,1.0601,1.14,4415265,0
LLAP.US,D,20240102,000000,1.26,1.43,1.23,1.26,8812937,0
LLAP.US,D,20240103,000000,1.26,1.3299,1.195,1.24,3708632,0
LLAP.US,D,20240104,000000,1.25,1.26,1.12,1.13,2520531,0
LLAP.US,D,20240105,000000,1.12,1.15,1.04,1.14,3267254,0
LLAP.US,D,20240108,000000,1.07,1.07,0.861,0.9037,17683592,0
LLAP.US,D,20240109,000000,0.9309,1.0688,0.88,1.02,7623912,0
LLAP.US,D,20240110,000000,1.03,1.03,0.942,0.98,4681755,0
LLAP.US,D,20240111,000000,0.98,0.9899,0.8877,0.9066,4185069,0
LLAP.US,D,20240112,000000,0.91,0.9498,0.8921,0.9102,3230825,0
LLAP.US,D,20240116,000000,0.93,0.9465,0.83755,0.858,3193566,0
LLAP.US,D,20240117,000000,0.86,0.8698,0.8101,0.8565,3345776,0
LLAP.US,D,20240118,000000,0.8725,0.8778,0.8189,0.8432,2651318,0
LLAP.US,D,20240119,000000,0.85,0.8551,0.81,0.8414,2177816,0
LLAP.US,D,20240122,000000,0.8372,0.917,0.83,0.8994,1921370,0
LLAP.US,D,20240123,000000,0.9133,0.938,0.8778,0.905,2086156,0
LLAP.US,D,20240124,000000,0.9246,0.954,0.8312,0.8398,2629117,0
LLAP.US,D,20240125,000000,0.84,0.8458,0.7711,0.8019,3658254,0
LLAP.US,D,20240126,000000,0.7999,0.8379,0.7834,0.8001,2446048,0
LLAP.US,D,20240129,000000,0.802,0.8398,0.7902,0.8357,2220529,0
LLAP.US,D,20240130,000000,0.8389,0.849,0.82,0.8325,1338191,0
LLAP.US,D,20240131,000000,0.82,0.8929,0.8014,0.8277,2050345,0
LLAP.US,D,20240201,000000,0.8474,0.8489,0.7811,0.8111,2528967,0
LLAP.US,D,20240202,000000,0.8042,0.8079,0.76,0.7826,2217265,0
LLAP.US,D,20240205,000000,0.83,0.8306,0.7473,0.7473,3030509,0
LLAP.US,D,20240206,000000,0.7568,0.84,0.741,0.84,3526853,0
LLAP.US,D,20240207,000000,0.84,0.84,0.792,0.8107,1347265,0
LLAP.US,D,20240208,000000,0.83,0.9089,0.8086,0.8567,2153396,0
LLAP.US,D,20240209,000000,0.8798,0.9327,0.8547,0.9251,2630533,0
LLAP.US,D,20240212,000000,0.93,0.98,0.93,0.9306,2053475,0
LLAP.US,D,20240213,000000,0.9,0.934,0.8462,0.8492,1775537,0
LLAP.US,D,20240214,000000,0.86,0.9033,0.86,0.8834,1504491,0
LLAP.US,D,20240215,000000,0.8834,0.957,0.8822,0.9482,3038183,0
LLAP.US,D,20240216,000000,0.952,0.988,0.9217,0.9509,2308938,0
LLAP.US,D,20240220,000000,0.9745,1.05,0.9745,1,2797950,0
LLAP.US,D,20240221,000000,1,1.01,0.9403,0.9599,3167935,0
LLAP.US,D,20240222,000000,0.9895,0.9895,0.9299,0.9678,2719283,0
LLAP.US,D,20240223,000000,0.9553,0.9749,0.9313,0.9323,2545627,0
LLAP.US,D,20240226,000000,0.95,1.03,0.9465,1.02,2693394,0
LLAP.US,D,20240227,000000,1.02,1.05,1.01,1.03,1778246,0
LLAP.US,D,20240228,000000,1.03,1.13,1.02,1.08,3737185,0
LLAP.US,D,20240229,000000,1.1,1.13,1.06,1.08,1984967,0
LLAP.US,D,20240301,000000,1.1,1.1,1.03,1.07,2608953,0
LLAP.US,D,20240304,000000,1.1,1.29,1.09,1.18,15968145,0
LLAP.US,D,20240305,000000,1.24,1.34,1.13,1.17,8981304,0
LLAP.US,D,20240306,000000,1.25,1.27,1.19,1.23,7615796,0
LLAP.US,D,20240307,000000,1.23,1.24,1.16,1.17,3895779,0
LLAP.US,D,20240308,000000,1.18,1.22,1.15,1.19,3781177,0
LLAP.US,D,20240311,000000,1.22,1.25,1.2,1.2,2480817,0
LLAP.US,D,20240312,000000,1.21,1.22,1.18,1.2,2424356,0
LLAP.US,D,20240313,000000,1.21,1.28,1.19,1.21,3563244,0
LLAP.US,D,20240314,000000,1.23,1.25,1.19,1.19,2578549,0
LLAP.US,D,20240315,000000,1.19,1.23,1.16,1.23,5214286,0
LLAP.US,D,20240318,000000,1.21,1.21,1.17,1.17,2005936,0
LLAP.US,D,20240319,000000,1.18,1.18,1.1201,1.14,3282887,0
LLAP.US,D,20240320,000000,1.14,1.21,1.11,1.18,2157432,0
LLAP.US,D,20240321,000000,1.18,1.21,1.14,1.15,2690077,0
LLAP.US,D,20240322,000000,1.16,1.16,1.07,1.09,3710054,0
LLAP.US,D,20240325,000000,1.09,1.1,1.02,1.07,4876036,0
LLAP.US,D,20240326,000000,1.08,1.22,1.06,1.19,4031199,0
LLAP.US,D,20240327,000000,1.18,1.29,1.14,1.26,4190488,0
LLAP.US,D,20240328,000000,1.26,1.38,1.26,1.31,5388824,0
LLAP.US,D,20240401,000000,1.35,1.4,1.32,1.36,5291150,0
LLAP.US,D,20240402,000000,1.23,1.3291,1.18,1.19,4200594,0
LLAP.US,D,20240403,000000,1.2,1.3,1.16,1.27,3435565,0
LLAP.US,D,20240404,000000,1.3,1.37,1.28,1.35,4511092,0
LLAP.US,D,20240405,000000,1.33,1.475,1.32,1.4,4982830,0
LLAP.US,D,20240408,000000,1.41,1.55,1.4,1.53,5086308,0
LLAP.US,D,20240409,000000,1.52,1.615,1.47,1.54,4496427,0
LLAP.US,D,20240410,000000,1.49,1.54,1.41,1.46,4627169,0
LLAP.US,D,20240411,000000,1.45,1.57,1.44,1.52,3302474,0
LLAP.US,D,20240412,000000,1.52,1.59,1.44,1.47,3144603,0
LLAP.US,D,20240415,000000,1.45,1.4795,1.31,1.33,3308016,0
LLAP.US,D,20240416,000000,1.41,1.49,1.35,1.41,2865873,0
LLAP.US,D,20240417,000000,1.48,1.49,1.4101,1.45,1582675,0
LLAP.US,D,20240418,000000,1.46,1.46,1.34,1.35,2135609,0
LLAP.US,D,20240419,000000,1.36,1.38,1.29,1.3,1694222,0
LLAP.US,D,20240422,000000,1.31,1.33,1.26,1.3,1827695,0
LLAP.US,D,20240423,000000,1.3,1.37,1.3,1.34,1059853,0
LLAP.US,D,20240424,000000,1.33,1.38,1.3,1.31,1230975,0
LLAP.US,D,20240425,000000,1.3,1.38,1.28,1.38,1417758,0
LLAP.US,D,20240426,000000,1.38,1.4,1.32,1.34,1233339,0
LLAP.US,D,20240429,000000,1.35,1.415,1.33,1.36,1031172,0
LLAP.US,D,20240430,000000,1.33,1.35,1.28,1.32,873301,0
LLAP.US,D,20240501,000000,1.3,1.3299,1.27,1.28,1196077,0
LLAP.US,D,20240502,000000,1.31,1.31,1.26,1.29,2315056,0
LLAP.US,D,20240503,000000,1.05,1.12,1.03,1.07,5263047,0
LLAP.US,D,20240506,000000,1.06,1.1,1.05,1.06,1933400,0
LLAP.US,D,20240507,000000,1.07,1.08,1.02,1.05,2482221,0
LLAP.US,D,20240508,000000,1.05,1.0502,1.01,1.02,1991263,0
LLAP.US,D,20240509,000000,1.01,1.04,0.9801,1.03,2154869,0
LLAP.US,D,20240510,000000,1.04,1.06,1.02,1.04,1377484,0
LLAP.US,D,20240513,000000,1.07,1.1,1.03,1.05,2404571,0
LLAP.US,D,20240514,000000,0.9711,1.02,0.8899,0.8987,12320914,0
LLAP.US,D,20240515,000000,0.94,0.9888,0.907,0.9696,5473023,0
LLAP.US,D,20240516,000000,0.9867,1.04,0.9301,1.01,2428934,0
LLAP.US,D,20240517,000000,1.01,1.05,0.9647,1,2387534,0
LLAP.US,D,20240520,000000,1,1.02,0.972,1.02,2321338,0
LLAP.US,D,20240521,000000,0.9905,1.06,0.9844,1,1558127,0
LLAP.US,D,20240522,000000,0.985,1.01,0.9551,0.9602,1679787,0
LLAP.US,D,20240523,000000,0.96,0.9794,0.905,0.916,2225251,0
LLAP.US,D,20240524,000000,0.93,0.9548,0.923,0.9518,1007606,0
LLAP.US,D,20240528,000000,0.9411,1.01,0.933,0.985,2470109,0
LLAP.US,D,20240529,000000,0.98,0.98,0.9404,0.96,1820147,0
LLAP.US,D,20240530,000000,0.95,0.995,0.9405,0.9721,2368174,0
LLAP.US,D,20240531,000000,0.9665,0.998,0.9038,0.9174,2293532,0
LLAP.US,D,20240603,000000,0.93,0.9365,0.8319,0.8365,4380367,0
LLAP.US,D,20240604,000000,0.86,0.867,0.8026,0.8116,4510669,0
LLAP.US,D,20240605,000000,0.8611,0.8611,0.7811,0.8004,4014792,0
LLAP.US,D,20240606,000000,0.78,0.8187,0.78,0.8007,2821156,0
LLAP.US,D,20240607,000000,0.8,0.8022,0.7444,0.7444,5094423,0
LLAP.US,D,20240610,000000,0.75,0.7742,0.7282,0.7328,2428410,0
LLAP.US,D,20240611,000000,0.7104,0.939899,0.7104,0.9226,9851056,0
LLAP.US,D,20240612,000000,0.9101,0.9512,0.79505,0.808,7535849,0
LLAP.US,D,20240613,000000,0.8159,0.8255,0.79,0.79,2754205,0
LLAP.US,D,20240614,000000,0.7902,0.8186,0.7117,0.7451,6785286,0
LLAP.US,D,20240617,000000,0.76,0.7716,0.7377,0.7422,3467322,0
LLAP.US,D,20240618,000000,0.75,0.83,0.75,0.7648,7615852,0
LLAP.US,D,20240620,000000,0.78,0.7953,0.761,0.7839,3688369,0
LLAP.US,D,20240621,000000,0.784,0.791,0.74,0.7414,3084835,0
LLAP.US,D,20240624,000000,0.74,0.749,0.6624,0.71,7543079,0
LLAP.US,D,20240625,000000,0.7098,0.7749,0.68305,0.7261,4956069,0
LLAP.US,D,20240626,000000,0.7312,0.7746,0.7213,0.7498,3849452,0
LLAP.US,D,20240627,000000,0.754,0.7971,0.732,0.78,4963559,0
LLAP.US,D,20240628,000000,0.778,0.83,0.7763,0.82,11964140,0
LLAP.US,D,20240701,000000,0.82,0.85,0.781,0.8318,4053108,0
LLAP.US,D,20240702,000000,0.8341,0.84,0.780101,0.8027,2131628,0
LLAP.US,D,20240703,000000,0.81,0.84,0.783,0.84,1322241,0
LLAP.US,D,20240705,000000,0.83,0.8797,0.8088,0.8605,2986330,0
LLAP.US,D,20240708,000000,0.8641,0.8929,0.8232,0.8409,3135611,0
LLAP.US,D,20240709,000000,0.85,0.871,0.8322,0.842,3893108,0
LLAP.US,D,20240710,000000,0.86,0.86,0.775,0.7847,3896429,0
LLAP.US,D,20240711,000000,0.8056,0.8592,0.8,0.854,3953709,0
LLAP.US,D,20240712,000000,0.854,0.8798,0.8268,0.8555,4825591,0
LLAP.US,D,20240715,000000,0.8466,0.8702,0.814,0.8433,4863733,0
LLAP.US,D,20240716,000000,0.8675,0.92,0.8496,0.9027,8501244,0
LLAP.US,D,20240717,000000,0.8977,0.94,0.87,0.9171,5503686,0
LLAP.US,D,20240718,000000,0.9141,0.9255,0.8558,0.8673,3761030,0
LLAP.US,D,20240719,000000,0.88,0.9118,0.85,0.8954,2772810,0
LLAP.US,D,20240722,000000,0.9,0.9,0.8415,0.8644,1980960,0
LLAP.US,D,20240723,000000,0.85,0.8868,0.8023,0.8554,3218145,0
LLAP.US,D,20240724,000000,0.76,0.769799,0.6808,0.72,11658775,0
LLAP.US,D,20240725,000000,0.74,0.7408,0.709,0.7091,2326777,0
LLAP.US,D,20240726,000000,0.71,0.7361,0.6808,0.7089,4995621,0
LLAP.US,D,20240729,000000,0.718,0.73,0.7005,0.7227,3138142,0
LLAP.US,D,20240730,000000,0.7258,0.748,0.711,0.7245,2068501,0
LLAP.US,D,20240731,000000,0.7244,0.738,0.7176,0.7197,1326715,0
LLAP.US,D,20240801,000000,0.7278,0.75,0.6911,0.7201,1946364,0
LLAP.US,D,20240802,000000,0.715,0.7243,0.6956,0.7004,1271329,0
LLAP.US,D,20240805,000000,0.679,0.6892,0.6244,0.6358,4875277,0
LLAP.US,D,20240806,000000,0.68,0.6875,0.660101,0.6825,3032516,0
LLAP.US,D,20240807,000000,0.69,0.6977,0.6746,0.6901,3895505,0
LLAP.US,D,20240808,000000,0.73,0.7852,0.701,0.774,4356622,0
LLAP.US,D,20240809,000000,0.7739,0.85,0.7051,0.7104,6078977,0
LLAP.US,D,20240812,000000,0.6999,0.71,0.6435,0.6497,6498695,0
LLAP.US,D,20240813,000000,0.6581,0.6581,0.4363,0.4614,14939403,0
LLAP.US,D,20240814,000000,0.5,0.5,0.38,0.4001,12387406,0
LLAP.US,D,20240815,000000,0.2696,0.2777,0.228,0.2425,40781305,0
LLAP.US,D,20240816,000000,0.243,0.2517,0.236,0.251,15552058,0
LLAP.US,D,20240819,000000,0.251,0.335,0.251,0.28,29780907,0
LLAP.US,D,20240820,000000,0.275,0.29,0.2503,0.29,13765628,0
LLAP.US,D,20240821,000000,0.2848,0.3016,0.275,0.2986,7192184,0
LLAP.US,D,20240822,000000,0.285,0.2965,0.273,0.2763,4589899,0
LLAP.US,D,20240823,000000,0.2761,0.278,0.264,0.2657,3949666,0
LLAP.US,D,20240826,000000,0.2672,0.269399,0.2485,0.2571,4802539,0
LLAP.US,D,20240827,000000,0.2549,0.2549,0.2487,0.2492,2730118,0
LLAP.US,D,20240828,000000,0.2525,0.2525,0.2416,0.2453,3744349,0
LLAP.US,D,20240829,000000,0.2406,0.251,0.2406,0.2471,3577238,0
LLAP.US,D,20240830,000000,0.25,0.25,0.2423,0.245,2033882,0
LLAP.US,D,20240903,000000,0.2475,0.2499,0.2408,0.2416,6246460,0
LLAP.US,D,20240904,000000,0.24,0.2493,0.24,0.242,5122251,0
LLAP.US,D,20240905,000000,0.245,0.247,0.2421,0.2451,2550916,0
LLAP.US,D,20240906,000000,0.243,0.244882,0.24,0.2408,1968765,0
LLAP.US,D,20240909,000000,0.2499,0.2499,0.2415,0.242,3333331,0
LLAP.US,D,20240910,000000,0.24,0.2487,0.24,0.2486,5340633,0
LLAP.US,D,20240911,000000,0.244,0.265,0.2426,0.2549,8899035,0
LLAP.US,D,20240912,000000,0.25,0.26,0.2423,0.26,9888213,0
LLAP.US,D,20240913,000000,0.2525,0.275,0.246,0.2665,9922973,0
LLAP.US,D,20240916,000000,0.265,0.28,0.2465,0.2465,13987167,0
LLAP.US,D,20240917,000000,0.2507,0.2546,0.2441,0.2451,3673840,0
LLAP.US,D,20240918,000000,0.2436,0.2512,0.2421,0.2421,3791114,0
LLAP.US,D,20240919,000000,0.2482,0.2482,0.2415,0.2475,4266831,0
LLAP.US,D,20240920,000000,0.2415,0.2501,0.2415,0.2445,7355532,0
LLAP.US,D,20240923,000000,0.246,0.249,0.242,0.2475,4337612,0
LLAP.US,D,20240924,000000,0.2467,0.25,0.2441,0.2476,4171897,0
LLAP.US,D,20240925,000000,0.2486,0.2585,0.2459,0.2585,2312215,0
LLAP.US,D,20240926,000000,0.2481,0.2579,0.247,0.2486,4192929,0
LLAP.US,D,20240927,000000,0.25,0.2619,0.2499,0.26,7469477,0
LLAP.US,D,20240930,000000,0.2622,0.27,0.2506,0.2512,3859425,0
LLAP.US,D,20241001,000000,0.25,0.26,0.25,0.2501,4026891,0
LLAP.US,D,20241002,000000,0.25,0.2509,0.2454,0.2477,3766474,0
LLAP.US,D,20241003,000000,0.246,0.2529,0.246,0.2484,2528424,0
LLAP.US,D,20241004,000000,0.249,0.2538,0.2483,0.2501,1738287,0
LLAP.US,D,20241007,000000,0.2476,0.26,0.2472,0.249,6438420,0
LLAP.US,D,20241008,000000,0.249,0.249,0.2472,0.2472,2976480,0
LLAP.US,D,20241009,000000,0.2472,0.25,0.2461,0.2461,5274117,0
LLAP.US,D,20241010,000000,0.2474,0.2497,0.245,0.2456,4310743,0
LLAP.US,D,20241011,000000,0.2452,0.2501,0.2431,0.2477,7370962,0
LLAP.US,D,20241014,000000,0.2462,0.2493,0.246,0.2482,2954093,0
LLAP.US,D,20241015,000000,0.2482,0.2499,0.2465,0.2487,4464770,0
LLAP.US,D,20241016,000000,0.2487,0.253,0.2472,0.249,3923319,0
LLAP.US,D,20241017,000000,0.248,0.25,0.2471,0.2486,4371852,0
LLAP.US,D,20241018,000000,0.248,0.25,0.2475,0.2491,4162474,0
LLAP.US,D,20241021,000000,0.2478,0.2497,0.2463,0.2474,8264157,0
LLAP.US,D,20241022,000000,0.2474,0.2493,0.2473,0.2487,4082101,0
LLAP.US,D,20241023,000000,0.2476,0.249,0.2471,0.2487,7841955,0
LLAP.US,D,20241024,000000,0.248,0.248,0.2446,0.2455,8332979,0
LLAP.US,D,20241025,000000,0.2448,0.249,0.2448,0.2474,4761461,0
LLAP.US,D,20241028,000000,0.2439,0.2493,0.2439,0.2491,2674065,0
LLAP.US,D,20241029,000000,0.2492,0.2512,0.2491,0.25,19713746,0
