<TICKER>,<PER>,<DATE>,<TIME>,<OPEN>,<HIGH>,<LOW>,<CLOSE>,<VOL>,<OPENINT>
MNTN.US,D,20220118,000000,9.89,9.97,9.89,9.92,15851,0
MNTN.US,D,20220119,000000,9.89,9.9,9.89,9.9,63744,0
MNTN.US,D,20220120,000000,9.89,9.89,9.86,9.86,72747,0
MNTN.US,D,20220121,000000,9.91,9.91,9.89,9.89,197809,0
MNTN.US,D,20220124,000000,9.88,9.88,9.88,9.88,1830,0
MNTN.US,D,20220125,000000,9.91,9.91,9.88,9.91,102260,0
MNTN.US,D,20220126,000000,9.88,9.88,9.87,9.87,2904,0
MNTN.US,D,20220127,000000,9.88,9.88,9.88,9.88,1221,0
MNTN.US,D,20220128,000000,9.87,9.87,9.87,9.87,2750,0
MNTN.US,D,20220201,000000,9.91,9.91,9.9,9.91,6354,0
MNTN.US,D,20220202,000000,9.93,9.93,9.93,9.93,102,0
MNTN.US,D,20220204,000000,9.89,9.902,9.89,9.902,2250,0
MNTN.US,D,20220209,000000,9.9,9.9,9.89,9.89,6830,0
MNTN.US,D,20220216,000000,9.92,9.92,9.9098,9.9098,279,0
MNTN.US,D,20220217,000000,9.9,9.9,9.89,9.89,5556,0
MNTN.US,D,20220218,000000,9.9,9.9,9.9,9.9,1751,0
MNTN.US,D,20220222,000000,9.93,9.93,9.9,9.9,15400,0
MNTN.US,D,20220223,000000,9.93,9.93,9.93,9.93,2023,0
MNTN.US,D,20220224,000000,9.91,9.91,9.91,9.91,5110,0
MNTN.US,D,20220303,000000,9.91,9.95,9.9,9.95,12730,0
MNTN.US,D,20220307,000000,9.92,9.92,9.92,9.92,1700,0
MNTN.US,D,20220308,000000,9.95,9.95,9.95,9.95,100,0
MNTN.US,D,20220309,000000,9.97,9.97,9.97,9.97,127,0
MNTN.US,D,20220310,000000,9.97,9.97,9.97,9.97,103,0
MNTN.US,D,20220311,000000,9.96,9.97,9.92,9.92,2480,0
MNTN.US,D,20220318,000000,9.93,9.93,9.93,9.93,101,0
MNTN.US,D,20220328,000000,9.97,9.97,9.93,9.93,227,0
MNTN.US,D,20220329,000000,9.955,9.955,9.93,9.93,831,0
MNTN.US,D,20220401,000000,9.94,9.94,9.94,9.94,13500,0
MNTN.US,D,20220407,000000,9.96,9.96,9.96,9.96,101,0
MNTN.US,D,20220408,000000,9.96,9.96,9.95,9.96,9046,0
MNTN.US,D,20220411,000000,9.96,9.96,9.96,9.96,578,0
MNTN.US,D,20220413,000000,9.98,9.99,9.97,9.98,468076,0
MNTN.US,D,20220414,000000,9.99,9.99,9.99,9.99,800,0
MNTN.US,D,20220418,000000,9.99,9.99,9.98,9.98,3636,0
MNTN.US,D,20220421,000000,10.04,10.04,10,10,906,0
MNTN.US,D,20220427,000000,9.99,9.99,9.98,9.98,19232,0
MNTN.US,D,20220428,000000,9.98,10,9.98,9.99,4849,0
MNTN.US,D,20220503,000000,10.05,10.05,10.05,10.05,100,0
MNTN.US,D,20220509,000000,10,10,10,10,102,0
MNTN.US,D,20220512,000000,9.96,9.98,9.96,9.98,300000,0
MNTN.US,D,20220513,000000,9.96,9.98,9.94,9.95,353489,0
MNTN.US,D,20220516,000000,9.95,9.95,9.95,9.95,400,0
MNTN.US,D,20220517,000000,9.94,9.95,9.94,9.95,22951,0
MNTN.US,D,20220518,000000,9.94,9.96,9.94,9.96,78033,0
MNTN.US,D,20220520,000000,10.02,10.02,10.02,10.02,223,0
MNTN.US,D,20220523,000000,10.02,10.02,10.02,10.02,105,0
MNTN.US,D,20220531,000000,10.03,10.03,9.96,9.97,35501,0
MNTN.US,D,20220601,000000,10,10,9.97,9.97,20000,0
MNTN.US,D,20220603,000000,9.97,9.97,9.97,9.97,39121,0
MNTN.US,D,20220606,000000,10.04,10.04,9.99,9.99,350,0
MNTN.US,D,20220607,000000,9.97,9.97,9.97,9.97,1731,0
MNTN.US,D,20220609,000000,9.97,9.97,9.97,9.97,627,0
MNTN.US,D,20220614,000000,10,10,9.98,9.98,1565,0
MNTN.US,D,20220615,000000,10.03,10.03,9.98,9.98,104145,0
MNTN.US,D,20220616,000000,9.98,9.98,9.98,9.98,103,0
MNTN.US,D,20220617,000000,9.98,9.98,9.97,9.98,20872,0
MNTN.US,D,20220621,000000,10.05,10.05,10.05,10.05,100,0
MNTN.US,D,20220623,000000,9.98,9.98,9.97,9.98,5375,0
MNTN.US,D,20220627,000000,9.98,9.98,9.97,9.98,5000,0
MNTN.US,D,20220628,000000,9.98,10.01,9.97,10.01,398161,0
MNTN.US,D,20220629,000000,10.01,10.01,10.01,10.01,4210,0
MNTN.US,D,20220630,000000,9.97,9.98,9.97,9.98,6026,0
MNTN.US,D,20220711,000000,9.98,9.98,9.9794,9.9798,12909,0
MNTN.US,D,20220719,000000,9.97,9.97,9.97,9.97,102,0
MNTN.US,D,20220721,000000,10,10.01,10,10.01,2960,0
MNTN.US,D,20220722,000000,10.05,10.05,10.04,10.04,1200,0
MNTN.US,D,20220725,000000,10,10.025,10,10.025,5101,0
MNTN.US,D,20220726,000000,10.03,10.03,10.03,10.03,138,0
MNTN.US,D,20220728,000000,10.0193,10.05,10.0193,10.05,3976,0
MNTN.US,D,20220729,000000,10.04,10.04,10.035,10.04,420,0
MNTN.US,D,20220802,000000,10.05,10.05,10.02,10.03,3958,0
MNTN.US,D,20220803,000000,10.07,10.07,10.07,10.07,300,0
MNTN.US,D,20220804,000000,10.05,10.05,10.05,10.05,404,0
MNTN.US,D,20220805,000000,10,10.035,10,10.035,1809,0
MNTN.US,D,20220809,000000,10.04,10.04,10.04,10.04,32794,0
MNTN.US,D,20220815,000000,10.04,10.04,10.04,10.04,100,0
MNTN.US,D,20220822,000000,10.04,10.04,10.04,10.04,49936,0
MNTN.US,D,20220824,000000,10.04,10.04,10.03,10.03,2551,0
MNTN.US,D,20220829,000000,10,10.03,10,10.0001,1985,0
MNTN.US,D,20220830,000000,10.03,10.05,10.02,10.03,1801,0
MNTN.US,D,20220831,000000,10.07,10.07,10.03,10.03,3170,0
MNTN.US,D,20220901,000000,10.04,10.04,10.035,10.04,922,0
MNTN.US,D,20220902,000000,10.01,10.01,10.01,10.01,501,0
MNTN.US,D,20220907,000000,10.01,10.0465,10.01,10.01,7100,0
MNTN.US,D,20220912,000000,10.03,10.03,10.025,10.03,1001,0
MNTN.US,D,20220915,000000,10.01,10.03,10.01,10.03,5400,0
MNTN.US,D,20220916,000000,10,10.03,10,10.03,2187,0
MNTN.US,D,20220919,000000,10.04,10.04,10.04,10.04,100,0
MNTN.US,D,20220920,000000,10.0399,10.0399,10.0399,10.0399,123,0
MNTN.US,D,20220921,000000,10.04,10.04,10.04,10.04,135,0
MNTN.US,D,20220922,000000,10.04,10.04,10.04,10.04,134,0
MNTN.US,D,20220923,000000,10.0399,10.04,10.0399,10.04,600,0
MNTN.US,D,20220926,000000,10.02,10.04,10.02,10.03,3895,0
MNTN.US,D,20220927,000000,10.03,10.04,10.03,10.04,12380,0
MNTN.US,D,20220928,000000,10.04,10.05,10.04,10.05,79987,0
MNTN.US,D,20220929,000000,10.05,10.06,10.05,10.06,1602,0
MNTN.US,D,20220930,000000,10.05,10.05,10.05,10.05,45550,0
MNTN.US,D,20221003,000000,10.05,10.05,10.05,10.05,24113,0
MNTN.US,D,20221004,000000,10.05,10.0601,10.05,10.0601,21161,0
MNTN.US,D,20221005,000000,10.08,10.08,10.06,10.06,1411,0
MNTN.US,D,20221006,000000,10.07,10.0702,10.07,10.07,19964,0
MNTN.US,D,20221007,000000,10.06,10.06,10.06,10.06,140,0
MNTN.US,D,20221010,000000,10.06,10.06,10.06,10.06,100,0
MNTN.US,D,20221011,000000,10.06,10.06,10.06,10.06,234,0
MNTN.US,D,20221012,000000,10.06,10.07,10.06,10.07,7141,0
MNTN.US,D,20221014,000000,10.06,10.06,10.06,10.06,1601,0
MNTN.US,D,20221018,000000,10.06,10.06,10.06,10.06,6301,0
MNTN.US,D,20221019,000000,10.08,10.08,10.07,10.07,15150,0
MNTN.US,D,20221024,000000,10.1,10.1,10.1,10.1,103,0
MNTN.US,D,20221026,000000,10.09,10.1,10.08,10.1,97092,0
MNTN.US,D,20221027,000000,10.1,10.1,10.1,10.1,374577,0
MNTN.US,D,20221028,000000,10.1,10.1,10.1,10.1,30093,0
MNTN.US,D,20221104,000000,10.14,10.14,10.14,10.14,300,0
MNTN.US,D,20221107,000000,10.13,10.13,10.13,10.13,25850,0
MNTN.US,D,20221109,000000,10.15,10.15,10.15,10.15,105,0
MNTN.US,D,20221110,000000,10.12,10.13,10.12,10.12,10390,0
MNTN.US,D,20221114,000000,10.18,10.18,10.12,10.12,2705,0
MNTN.US,D,20221115,000000,10.12,10.12,10.12,10.12,1237,0
MNTN.US,D,20221118,000000,10.14,10.14,10.14,10.14,240,0
MNTN.US,D,20221121,000000,10.12,10.12,10.12,10.12,102,0
MNTN.US,D,20221122,000000,10.13,10.15,10.13,10.1493,215826,0
MNTN.US,D,20221123,000000,10.1514,10.1514,10.1514,10.1514,101,0
MNTN.US,D,20221125,000000,10.19,10.19,10.155,10.155,200,0
MNTN.US,D,20221128,000000,10.19,10.19,10.19,10.19,144,0
MNTN.US,D,20221129,000000,10.175,10.19,10.17,10.17,1109690,0
MNTN.US,D,20221130,000000,10.17,10.19,10.17,10.17,4500,0
MNTN.US,D,20221201,000000,10.15,10.17,10.15,10.17,3178,0
MNTN.US,D,20221205,000000,10.16,10.17,10.16,10.17,25776,0
MNTN.US,D,20221206,000000,10.16,10.16,10.16,10.16,19324,0
MNTN.US,D,20221207,000000,10.2,10.2,10.2,10.2,100,0
MNTN.US,D,20221208,000000,10.18,10.18,10.18,10.18,20002,0
MNTN.US,D,20221213,000000,10.16,10.17,10.16,10.17,24361,0
MNTN.US,D,20221219,000000,10.18,10.18,10.16,10.17,16472,0
MNTN.US,D,20221220,000000,10.14,10.14,10.14,10.14,186,0
MNTN.US,D,20221222,000000,10.13,10.18,10.13,10.18,40879,0
MNTN.US,D,20221228,000000,10.185,10.19,10.185,10.19,3202,0
MNTN.US,D,20221229,000000,10.15,10.21,10.14,10.21,124182,0
MNTN.US,D,20221230,000000,10.23,10.23,10.23,10.23,1752,0
MNTN.US,D,20230103,000000,10.24,10.24,10.24,10.24,301,0
MNTN.US,D,20230104,000000,10.25,10.25,10.24,10.245,20188,0
MNTN.US,D,20230105,000000,10.25,10.26,10.25,10.25,1252,0
MNTN.US,D,20230106,000000,10.24,10.24,10.24,10.24,1006,0
MNTN.US,D,20230109,000000,10.25,10.26,10.25,10.26,14191,0
MNTN.US,D,20230110,000000,10.28,10.28,10.26,10.26,2410,0
MNTN.US,D,20230118,000000,10.28,10.29,10.28,10.29,684937,0
MNTN.US,D,20230120,000000,10.31,10.32,10.3,10.3,143440,0
MNTN.US,D,20230123,000000,10.3,10.3,10.3,10.3,507,0
MNTN.US,D,20230124,000000,10.3,10.32,10.3,10.3127,312328,0
MNTN.US,D,20230125,000000,10.31,10.31,10.31,10.31,324544,0
MNTN.US,D,20230126,000000,10.32,10.3201,10.31,10.32,15635,0
MNTN.US,D,20230127,000000,10.32,10.32,10.32,10.32,14783,0
MNTN.US,D,20230130,000000,10.33,10.33,10.32,10.32,50330,0
MNTN.US,D,20230131,000000,10.32,10.32,10.31,10.32,45650,0
MNTN.US,D,20230201,000000,10.33,10.33,10.33,10.33,22760,0
MNTN.US,D,20230202,000000,10.33,10.33,10.32,10.33,68240,0
MNTN.US,D,20230203,000000,10.33,10.33,10.33,10.33,50612,0
MNTN.US,D,20230206,000000,10.33,10.33,10.33,10.33,100,0
MNTN.US,D,20230207,000000,10.34,10.34,10.335,10.335,19406,0
MNTN.US,D,20230208,000000,10.33,10.35,10.33,10.33,43411,0
MNTN.US,D,20230209,000000,10.33,10.34,10.33,10.34,520,0
MNTN.US,D,20230210,000000,10.34,10.34,10.33,10.33,838,0
MNTN.US,D,20230215,000000,10.33,10.33,10.33,10.33,2081,0
MNTN.US,D,20230216,000000,10.34,10.34,10.33,10.33,38842,0
MNTN.US,D,20230217,000000,10.34,10.34,10.33,10.33,1650,0
MNTN.US,D,20230221,000000,10.36,10.36,10.36,10.36,106,0
MNTN.US,D,20230222,000000,10.36,10.36,10.3301,10.3301,404,0
MNTN.US,D,20230223,000000,10.36,10.38,10.35,10.3718,62851,0
MNTN.US,D,20230301,000000,10.395,10.395,10.39,10.39,2900,0
MNTN.US,D,20230302,000000,10.39,10.415,10.39,10.4,5703,0
MNTN.US,D,20230307,000000,10.4,10.42,10.4,10.41,157229,0
MNTN.US,D,20230308,000000,10.43,10.43,10.42,10.43,96100,0
MNTN.US,D,20230309,000000,10.43,10.44,10.43,10.43,104800,0
MNTN.US,D,20230310,000000,10.43,10.43,10.43,10.43,180000,0
MNTN.US,D,20230313,000000,10.43,10.45,10.43,10.43,52311,0
MNTN.US,D,20230314,000000,10.44,10.44,10.44,10.44,2020,0
MNTN.US,D,20230315,000000,10.44,10.44,10.43,10.435,5761,0
MNTN.US,D,20230316,000000,10.43,10.44,10.43,10.44,335227,0
MNTN.US,D,20230317,000000,10.44,10.44,10.44,10.44,362955,0
MNTN.US,D,20230320,000000,10.44,10.44,10.44,10.44,101,0
MNTN.US,D,20230323,000000,10.445,10.445,10.445,10.445,50000,0
MNTN.US,D,20230324,000000,10.45,10.45,10.44,10.445,3033,0
MNTN.US,D,20230327,000000,10.45,10.46,10.45,10.46,485870,0
MNTN.US,D,20230328,000000,10.45,10.46,10.45,10.45,43500,0
MNTN.US,D,20230329,000000,10.45,10.46,10.45,10.46,27758,0
MNTN.US,D,20230330,000000,10.48,10.48,10.48,10.48,106,0
MNTN.US,D,20230404,000000,10.46,10.47,10.46,10.46,4174,0
MNTN.US,D,20230405,000000,10.46,10.46,10.44,10.46,31376,0
MNTN.US,D,20230406,000000,10.47,10.47,10.46,10.46,387939,0
MNTN.US,D,20230410,000000,10.47,10.47,10.46,10.47,29596,0
MNTN.US,D,20230411,000000,10.47,10.48,10.47,10.47,109448,0
MNTN.US,D,20230412,000000,10.47,10.48,10.47,10.48,24583,0
MNTN.US,D,20230413,000000,10.51,10.51,10.51,10.51,105,0
MNTN.US,D,20230414,000000,10.48,10.5,10.48,10.5,202,0
MNTN.US,D,20230417,000000,10.48,10.485,10.48,10.48,86253,0
MNTN.US,D,20230418,000000,10.49,10.49,10.475,10.48,61938,0
MNTN.US,D,20230419,000000,10.485,10.485,10.48,10.48,271648,0
MNTN.US,D,20230420,000000,10.48,10.48,10.475,10.475,24636,0
MNTN.US,D,20230421,000000,10.48,10.48,10.48,10.48,1400,0
MNTN.US,D,20230424,000000,10.48,10.49,10.48,10.49,8706,0
MNTN.US,D,20230425,000000,10.48,10.48,10.48,10.48,3835,0
MNTN.US,D,20230426,000000,10.48,10.5,10.48,10.48,400000,0
MNTN.US,D,20230427,000000,10.49,10.5126,10.49,10.49,140690,0
MNTN.US,D,20230428,000000,10.5,10.5125,10.5,10.51,216609,0
MNTN.US,D,20230501,000000,10.5001,10.51,10.5,10.505,110697,0
MNTN.US,D,20230502,000000,10.51,10.52,10.505,10.51,360322,0
MNTN.US,D,20230503,000000,10.51,10.51,10.51,10.51,9853,0
MNTN.US,D,20230504,000000,10.51,10.51,10.51,10.51,257635,0
MNTN.US,D,20230505,000000,10.51,10.51,10.51,10.51,104121,0
MNTN.US,D,20230508,000000,10.51,10.52,10.51,10.51,230151,0
MNTN.US,D,20230509,000000,10.52,10.53,10.515,10.53,100302,0
MNTN.US,D,20230510,000000,10.53,10.53,10.53,10.53,2800,0
MNTN.US,D,20230512,000000,10.52,10.53,10.52,10.53,2650,0
MNTN.US,D,20230515,000000,10.53,10.53,10.53,10.53,100,0
MNTN.US,D,20230516,000000,10.54,10.54,10.54,10.54,200,0
MNTN.US,D,20230517,000000,10.55,10.56,10.55,10.56,92943,0
MNTN.US,D,20230522,000000,10.57,10.59,10.57,10.59,35585,0
MNTN.US,D,20230523,000000,10.6,10.6,10.55,10.58,1146,0
MNTN.US,D,20230524,000000,10.6,10.6,10.57,10.57,253,0
MNTN.US,D,20230525,000000,10.6,10.6,10.59,10.6,34792,0
MNTN.US,D,20230526,000000,10.62,10.62,10.62,10.62,185,0
MNTN.US,D,20230530,000000,10.63,10.63,10.63,10.63,105,0
MNTN.US,D,20230602,000000,10.61,10.61,10.61,10.61,686949,0
MNTN.US,D,20230605,000000,10.6268,10.6268,10.6268,10.6268,51,0
MNTN.US,D,20230607,000000,10.64,10.64,10.64,10.64,116,0
MNTN.US,D,20230608,000000,10.62,10.625,10.61,10.61,4806,0
MNTN.US,D,20230609,000000,10.63,10.63,10.615,10.62,99527,0
MNTN.US,D,20230612,000000,10.62,10.62,10.62,10.62,126,0
MNTN.US,D,20230613,000000,10.63,10.63,10.63,10.63,250100,0
MNTN.US,D,20230614,000000,10.63,10.65,10.63,10.63,2404,0
MNTN.US,D,20230615,000000,10.64,10.64,10.64,10.64,118,0
MNTN.US,D,20230616,000000,10.6799,10.6799,10.63,10.6332,1838,0
MNTN.US,D,20230620,000000,10.64,10.655,10.63,10.63,1839,0
MNTN.US,D,20230621,000000,10.64,10.64,10.63,10.63,6714,0
MNTN.US,D,20230622,000000,10.65,10.65,10.65,10.65,1727,0
MNTN.US,D,20230626,000000,10.67,10.67,10.67,10.67,103,0
MNTN.US,D,20230627,000000,10.67,10.67,10.67,10.67,111,0
MNTN.US,D,20230628,000000,10.65,10.66,10.64,10.65,20235,0
MNTN.US,D,20230629,000000,10.6512,10.66,10.65,10.66,106053,0
MNTN.US,D,20230630,000000,10.67,10.67,10.65,10.65,5826,0
MNTN.US,D,20230703,000000,10.65,10.65,10.65,10.65,128,0
MNTN.US,D,20230705,000000,10.655,10.66,10.655,10.66,70502,0
MNTN.US,D,20230706,000000,10.66,10.67,10.66,10.66,145352,0
MNTN.US,D,20230707,000000,10.66,10.66,10.66,10.66,72704,0
MNTN.US,D,20230710,000000,10.67,10.67,10.665,10.67,91802,0
MNTN.US,D,20230712,000000,10.6722,10.6722,10.67,10.67,92640,0
MNTN.US,D,20230713,000000,10.68,10.68,10.67,10.67,2162,0
MNTN.US,D,20230717,000000,10.68,10.68,10.66,10.67,389472,0
MNTN.US,D,20230718,000000,10.68,10.68,10.67,10.67,427,0
MNTN.US,D,20230719,000000,10.7,10.7,10.7,10.7,2777,0
MNTN.US,D,20230720,000000,10.7,10.7,10.685,10.69,2794,0
MNTN.US,D,20230721,000000,10.685,10.685,10.685,10.685,204,0
MNTN.US,D,20230724,000000,10.68,10.75,10.68,10.69,7494,0
MNTN.US,D,20230725,000000,10.7,10.74,10.69,10.69,206722,0
MNTN.US,D,20230726,000000,10.7,10.73,10.69,10.73,66045,0
MNTN.US,D,20230727,000000,10.7,10.7,10.695,10.7,1264,0
MNTN.US,D,20230728,000000,10.7048,10.7048,10.7,10.7,1370,0
MNTN.US,D,20230731,000000,10.7,10.7,10.7,10.7,1666,0
MNTN.US,D,20230801,000000,10.71,10.71,10.71,10.71,136,0
MNTN.US,D,20230802,000000,10.71,10.71,10.71,10.71,1533,0
MNTN.US,D,20230804,000000,10.75,10.75,10.7,10.7,1179634,0
MNTN.US,D,20230807,000000,10.75,10.75,10.7195,10.72,700,0
MNTN.US,D,20230808,000000,10.71,10.725,10.71,10.72,819,0
MNTN.US,D,20230809,000000,10.75,10.99,10.72,10.74,17674,0
MNTN.US,D,20230810,000000,10.71,10.71,10.71,10.71,222,0
MNTN.US,D,20230811,000000,10.7,10.7,10.7,10.7,244,0
MNTN.US,D,20230814,000000,10.75,10.94,10.75,10.78,3388566,0
MNTN.US,D,20230815,000000,10.78,10.78,10.775,10.78,1289584,0
MNTN.US,D,20230816,000000,10.78,10.78,10.775,10.78,129361,0
MNTN.US,D,20230817,000000,10.77,10.785,10.77,10.77,1204739,0
MNTN.US,D,20230818,000000,11,11.3245,10.73,10.78,310923,0
MNTN.US,D,20230821,000000,10.78,11.18,10.77,10.78,1066755,0
MNTN.US,D,20230822,000000,10.78,10.8,10.78,10.78,412431,0
MNTN.US,D,20230823,000000,10.9,10.9,10.78,10.79,26474,0
MNTN.US,D,20230824,000000,10.75,10.8015,10.75,10.8,1144,0
MNTN.US,D,20230825,000000,10.8,10.8,10.8,10.8,1295,0
MNTN.US,D,20230828,000000,10.81,10.82,10.795,10.8,674659,0
MNTN.US,D,20230829,000000,10.8,10.81,10.8,10.8,192595,0
MNTN.US,D,20230830,000000,10.81,10.82,10.79,10.79,1147515,0
MNTN.US,D,20230831,000000,10.81,10.81,10.8,10.8,352374,0
MNTN.US,D,20230901,000000,10.82,10.82,10.8,10.82,2485,0
MNTN.US,D,20230905,000000,10.81,10.81,10.8,10.8,2626,0
MNTN.US,D,20230906,000000,10.8,10.81,10.8,10.8,6362,0
MNTN.US,D,20230907,000000,10.8,10.8,10.8,10.8,5208,0
MNTN.US,D,20230908,000000,10.8,10.82,10.8,10.82,5437,0
MNTN.US,D,20230911,000000,10.81,10.82,10.81,10.82,1846,0
MNTN.US,D,20230912,000000,10.81,10.82,10.8,10.82,1451,0
MNTN.US,D,20230913,000000,10.82,10.82,10.81,10.81,8292,0
MNTN.US,D,20230914,000000,10.82,10.82,10.81,10.82,28987,0
MNTN.US,D,20230915,000000,10.81,10.82,10.81,10.81,18934,0
MNTN.US,D,20230918,000000,10.81,10.81,10.81,10.81,1241,0
MNTN.US,D,20230919,000000,10.82,10.82,10.82,10.82,101,0
MNTN.US,D,20230920,000000,10.82,10.82,10.81,10.81,2004,0
MNTN.US,D,20230921,000000,10.81,10.82,10.81,10.81,13159,0
MNTN.US,D,20230922,000000,10.8198,10.8198,10.8,10.8,3144,0
MNTN.US,D,20230925,000000,10.83,10.83,10.8,10.81,2174,0
MNTN.US,D,20230926,000000,10.82,10.82,10.81,10.82,334210,0
MNTN.US,D,20230928,000000,10.8288,10.8288,10.8288,10.8288,189,0
MNTN.US,D,20230929,000000,11.1,11.1,10.82,10.82,155532,0
MNTN.US,D,20231002,000000,10.83,10.9669,10.815,10.82,59023,0
MNTN.US,D,20231003,000000,10.83,10.83,10.825,10.83,55818,0
MNTN.US,D,20231004,000000,10.83,10.9167,10.83,10.85,11804,0
MNTN.US,D,20231005,000000,10.83,10.86,10.83,10.83,8231,0
MNTN.US,D,20231006,000000,10.9,11.71,10.83,10.83,27662,0
MNTN.US,D,20231009,000000,11.3,11.91,10.83,10.83,21545,0
MNTN.US,D,20231010,000000,10.84,11.25,10.83,10.83,7713,0
MNTN.US,D,20231011,000000,10.96,11.83,10.83,10.83,19899,0
MNTN.US,D,20231012,000000,10.83,11.3263,10.82,10.83,17472,0
MNTN.US,D,20231013,000000,10.83,11.2551,10.83,10.84,24563,0
MNTN.US,D,20231016,000000,10.82,11.1295,10.82,10.85,21877,0
MNTN.US,D,20231017,000000,10.84,11.275,10.84,10.86,83600,0
MNTN.US,D,20231018,000000,10.85,11.25,10.85,10.85,16781,0
MNTN.US,D,20231019,000000,10.85,11.2491,10.84,10.86,219395,0
MNTN.US,D,20231020,000000,10.84,11.235,10.82,10.85,15741,0
MNTN.US,D,20231023,000000,10.84,11.215,10.84,10.86,22940,0
MNTN.US,D,20231024,000000,10.84,11.08,10.84,10.88,24608,0
MNTN.US,D,20231025,000000,10.84,11.395,10.84,10.85,20071,0
MNTN.US,D,20231026,000000,10.84,10.9,10.84,10.86,13920,0
MNTN.US,D,20231027,000000,10.9,11.37,10.88,10.92,24304,0
MNTN.US,D,20231030,000000,10.8819,10.9,10.86,10.9,11469,0
MNTN.US,D,20231101,000000,10.85,10.895,10.85,10.895,53701,0
MNTN.US,D,20231102,000000,10.88,10.91,10.88,10.89,1977,0
MNTN.US,D,20231103,000000,10.88,10.88,10.88,10.88,42394,0
MNTN.US,D,20231106,000000,10.88,10.9,10.88,10.89,54221,0
MNTN.US,D,20231107,000000,10.88,10.881,10.88,10.88,3810,0
MNTN.US,D,20231108,000000,10.88,10.88,10.88,10.88,1721,0
MNTN.US,D,20231109,000000,10.88,10.92,10.88,10.92,2143,0
MNTN.US,D,20231110,000000,10.95,10.95,10.88,10.88,26181,0
MNTN.US,D,20231113,000000,10.89,10.89,10.89,10.89,854,0
MNTN.US,D,20231115,000000,10.88,11.0652,10.88,10.92,7272,0
MNTN.US,D,20231116,000000,10.92,10.92,10.85,10.86,921854,0
MNTN.US,D,20231117,000000,10.86,10.87,10.85,10.85,26834,0
MNTN.US,D,20231120,000000,10.851,10.86,10.85,10.86,67600,0
MNTN.US,D,20231121,000000,10.855,10.855,10.85,10.8502,127933,0
MNTN.US,D,20231122,000000,10.86,10.86,10.86,10.86,3418,0
MNTN.US,D,20231124,000000,10.855,10.855,10.85,10.85,1856,0
MNTN.US,D,20231127,000000,10.9,10.9,10.855,10.855,846,0
MNTN.US,D,20231128,000000,10.855,10.855,10.855,10.855,332,0
MNTN.US,D,20231129,000000,10.855,10.855,10.855,10.855,1606,0
MNTN.US,D,20231130,000000,10.9,10.9,10.86,10.86,209,0
MNTN.US,D,20231201,000000,10.9,10.9,10.85,10.8532,102090,0
MNTN.US,D,20231204,000000,10.8516,10.86,10.85,10.86,24534,0
MNTN.US,D,20231205,000000,10.86,10.86,10.86,10.86,5966,0
MNTN.US,D,20231206,000000,10.82,10.89,10.82,10.86,349608,0
MNTN.US,D,20231207,000000,10.92,10.92,10.83,10.87,141830,0
MNTN.US,D,20231208,000000,10.87,10.875,10.87,10.875,2044,0
MNTN.US,D,20231211,000000,10.87,10.89,10.87,10.89,28632,0
MNTN.US,D,20231212,000000,10.87,10.87,10.87,10.87,366,0
MNTN.US,D,20231213,000000,10.87,10.87,10.87,10.87,193,0
MNTN.US,D,20231214,000000,10.88,10.88,10.88,10.88,650026,0
MNTN.US,D,20231215,000000,10.88,10.8844,10.88,10.88,2023,0
MNTN.US,D,20231219,000000,10.885,10.885,10.88,10.885,735,0
MNTN.US,D,20231220,000000,10.895,10.9,10.895,10.9,21334,0
MNTN.US,D,20231221,000000,10.9,10.9,10.9,10.9,268,0
MNTN.US,D,20231222,000000,10.96,10.96,10.88,10.9,267714,0
MNTN.US,D,20231226,000000,10.9,10.9,10.9,10.9,289,0
MNTN.US,D,20231228,000000,10.9,10.9,10.9,10.9,108286,0
MNTN.US,D,20231229,000000,10.9,10.96,10.9,10.94,59429,0
MNTN.US,D,20240102,000000,10.96,10.96,10.91,10.91,1268,0
MNTN.US,D,20240103,000000,10.91,10.91,10.91,10.91,175,0
MNTN.US,D,20240108,000000,10.91,10.91,10.91,10.91,1233,0
MNTN.US,D,20240109,000000,10.92,10.94,10.92,10.94,25358,0
MNTN.US,D,20240110,000000,10.92,10.921,10.92,10.921,1561,0
MNTN.US,D,20240111,000000,10.92,10.92,10.92,10.92,100366,0
MNTN.US,D,20240112,000000,10.9698,10.97,10.9215,10.9303,4074,0
MNTN.US,D,20240116,000000,10.96,10.96,10.96,10.96,117,0
MNTN.US,D,20240117,000000,10.92,10.93,10.92,10.93,27216,0
MNTN.US,D,20240118,000000,10.92,10.97,10.92,10.97,6640,0
MNTN.US,D,20240119,000000,10.97,10.97,10.92,10.97,638,0
MNTN.US,D,20240122,000000,10.97,10.97,10.97,10.97,114,0
MNTN.US,D,20240123,000000,10.97,10.97,10.97,10.97,117,0
MNTN.US,D,20240124,000000,10.92,10.95,10.92,10.92,11943,0
MNTN.US,D,20240126,000000,10.92,10.92,10.92,10.92,102,0
MNTN.US,D,20240130,000000,10.92,10.945,10.92,10.92,1155161,0
MNTN.US,D,20240201,000000,10.94,10.94,10.94,10.94,251,0
MNTN.US,D,20240202,000000,10.94,10.95,10.94,10.95,3103,0
MNTN.US,D,20240208,000000,10.92,10.97,10.92,10.96,110252,0
MNTN.US,D,20240209,000000,10.96,10.96,10.94,10.96,1682,0
MNTN.US,D,20240212,000000,10.96,10.96,10.9478,10.96,1948,0
MNTN.US,D,20240213,000000,11.02,11.04,10.9901,11.03,494419,0
MNTN.US,D,20240214,000000,11.03,11.03,11.03,11.03,137810,0
MNTN.US,D,20240215,000000,11.02,11.05,11.02,11.04,54344,0
MNTN.US,D,20240220,000000,11.03,11.0303,11.01,11.0202,42295,0
MNTN.US,D,20240221,000000,10.95,10.95,10.95,10.95,1136,0
MNTN.US,D,20240222,000000,11.09,11.09,11.0601,11.09,499,0
MNTN.US,D,20240226,000000,11.01,11.31,11.01,11.31,1333,0
MNTN.US,D,20240228,000000,11.18,11.18,11.18,11.18,490,0
MNTN.US,D,20240229,000000,11.2,11.2,11.2,11.2,2138,0
MNTN.US,D,20240301,000000,10.98,11.23,10.98,11.13,4570,0
MNTN.US,D,20240305,000000,11.08,11.125,11.08,11.125,977,0
MNTN.US,D,20240306,000000,11.1,11.1,11.08,11.08,14586,0
MNTN.US,D,20240312,000000,11.0905,11.0905,11.0905,11.0905,1191,0
MNTN.US,D,20240315,000000,11.15,11.15,11.15,11.15,112,0
MNTN.US,D,20240319,000000,11.15,11.16,11.15,11.16,482,0
MNTN.US,D,20240320,000000,11.17,11.17,11.16,11.16,224,0
MNTN.US,D,20240321,000000,11.13,11.13,11.13,11.13,93431,0
MNTN.US,D,20240322,000000,11.16,11.16,11.16,11.16,380,0
MNTN.US,D,20240325,000000,11.17,11.17,11.17,11.17,240,0
MNTN.US,D,20240326,000000,11.17,11.17,11.17,11.17,123,0
MNTN.US,D,20240327,000000,11.16,11.165,11.16,11.16,10820,0
MNTN.US,D,20240328,000000,11.17,11.17,11.17,11.17,2154,0
MNTN.US,D,20240401,000000,11.165,11.165,11.16,11.16,1834,0
MNTN.US,D,20240403,000000,11.16,11.17,11.16,11.17,301,0
MNTN.US,D,20240404,000000,11.17,11.17,11.165,11.17,5634,0
MNTN.US,D,20240405,000000,11.17,11.17,11.17,11.17,4030,0
MNTN.US,D,20240408,000000,11.17,11.17,11.17,11.17,1601,0
MNTN.US,D,20240410,000000,11.17,11.1799,11.17,11.17,200581,0
MNTN.US,D,20240411,000000,11.16,11.18,11.16,11.18,269637,0
MNTN.US,D,20240412,000000,11.19,11.2,11.19,11.1999,4099,0
MNTN.US,D,20240415,000000,11.1827,11.1827,11.1827,11.1827,520,0
MNTN.US,D,20240416,000000,11.2,11.24,11.2,11.24,3609,0
MNTN.US,D,20240417,000000,11.24,11.24,11.226,11.2399,2891,0
MNTN.US,D,20240418,000000,11.24,11.24,11.24,11.24,10528,0
MNTN.US,D,20240422,000000,11.24,11.24,11.24,11.24,4251,0
MNTN.US,D,20240423,000000,11.24,11.24,11.24,11.24,5033,0
MNTN.US,D,20240424,000000,11.4,11.4,11.4,11.4,322,0
MNTN.US,D,20240425,000000,11.35,11.35,11.35,11.35,121,0
MNTN.US,D,20240426,000000,11.35,11.35,11.35,11.35,252,0
MNTN.US,D,20240429,000000,11.35,11.35,11.35,11.35,100,0
MNTN.US,D,20240430,000000,11.24,11.24,11.24,11.24,7817,0
MNTN.US,D,20240506,000000,11.25,11.27,11.24,11.24,4758,0
MNTN.US,D,20240507,000000,11.24,11.24,11.24,11.24,139,0
MNTN.US,D,20240508,000000,11.26,11.27,11.26,11.27,392,0
MNTN.US,D,20240509,000000,11.25,11.26,11.25,11.26,585,0
MNTN.US,D,20240510,000000,11.27,11.27,11.27,11.27,232,0
MNTN.US,D,20240513,000000,11.26,11.27,11.25,11.25,200903,0
MNTN.US,D,20240514,000000,11.27,11.27,11.27,11.27,178,0
MNTN.US,D,20240515,000000,11.26,11.26,11.26,11.26,219,0
MNTN.US,D,20240521,000000,11.26,11.26,11.26,11.26,3790,0
MNTN.US,D,20240523,000000,11.27,11.27,11.27,11.27,149,0
MNTN.US,D,20240529,000000,11.27,11.27,11.25,11.25,1663,0
MNTN.US,D,20240530,000000,11.25,11.26,11.25,11.25,426120,0
MNTN.US,D,20240531,000000,11.26,11.26,11.2475,11.26,276146,0
MNTN.US,D,20240603,000000,11.25,11.27,11.25,11.27,5202,0
MNTN.US,D,20240604,000000,11.26,11.26,11.25,11.25,3103,0
MNTN.US,D,20240605,000000,11.25,11.25,11.25,11.25,242,0
MNTN.US,D,20240607,000000,11.24,11.24,11.24,11.24,368,0
MNTN.US,D,20240610,000000,11.24,11.24,11.24,11.24,787,0
MNTN.US,D,20240611,000000,11.24,11.24,11.24,11.24,7400,0
MNTN.US,D,20240612,000000,11.2699,11.27,11.26,11.269,4529,0
MNTN.US,D,20240613,000000,11.3,11.3,11.2677,11.2677,998,0
MNTN.US,D,20240614,000000,11.2475,11.2475,11.2475,11.2475,213,0
MNTN.US,D,20240617,000000,11.3,11.3,11.3,11.3,203,0
MNTN.US,D,20240618,000000,11.28,11.28,11.24,11.24,479,0
MNTN.US,D,20240620,000000,11.24,11.27,11.24,11.27,852,0
MNTN.US,D,20240701,000000,11.24,11.27,11.24,11.27,3329,0
MNTN.US,D,20240703,000000,11.24,11.24,11.24,11.24,2501,0
MNTN.US,D,20240705,000000,11.27,11.28,11.26,11.28,4063,0
MNTN.US,D,20240708,000000,11.29,11.29,11.258,11.258,702,0
MNTN.US,D,20240712,000000,11.2698,11.27,11.2698,11.27,1495,0
MNTN.US,D,20240715,000000,11.27,11.27,11.26,11.26,28607,0
MNTN.US,D,20240716,000000,11.26,11.27,11.26,11.26,81102,0
MNTN.US,D,20240717,000000,11.27,11.27,11.25,11.25,42706,0
MNTN.US,D,20240718,000000,11.28,11.28,11.28,11.28,300,0
MNTN.US,D,20240719,000000,11.24,11.25,11.24,11.25,7205,0
MNTN.US,D,20240722,000000,11.25,11.25,11.25,11.25,259,0
MNTN.US,D,20240723,000000,11.25,11.25,11.25,11.25,803,0
MNTN.US,D,20240724,000000,11.25,11.25,11.25,11.25,2085,0
MNTN.US,D,20240725,000000,11.24,11.26,11.24,11.26,379,0
MNTN.US,D,20240726,000000,11.25,11.25,11.25,11.25,853,0
MNTN.US,D,20240729,000000,11.25,11.25,11.25,11.25,681,0
MNTN.US,D,20240730,000000,11.245,11.25,11.24,11.25,5300,0
MNTN.US,D,20240731,000000,11.28,11.28,11.2499,11.2499,6620,0
MNTN.US,D,20240802,000000,11.28,11.28,11.28,11.28,1565,0
MNTN.US,D,20240806,000000,11.279,11.28,11.279,11.28,6536,0
MNTN.US,D,20240807,000000,11.31,11.31,11.265,11.265,1603,0
MNTN.US,D,20240808,000000,11.31,11.31,11.265,11.27,1205,0
MNTN.US,D,20240812,000000,11.25,11.28,11.25,11.25,55405,0
MNTN.US,D,20240813,000000,11.27,11.29,11.27,11.2889,28803,0
MNTN.US,D,20240814,000000,11.29,11.29,11.29,11.29,13461,0
MNTN.US,D,20240816,000000,11.31,11.31,11.29,11.29,2602,0
MNTN.US,D,20240819,000000,11.31,11.31,11.28,11.31,263403,0
MNTN.US,D,20240820,000000,11.29,11.3,11.28,11.29,127673,0
MNTN.US,D,20240821,000000,11.285,11.29,11.28,11.29,14968,0
MNTN.US,D,20240822,000000,11.28,11.3,11.28,11.299,143624,0
MNTN.US,D,20240823,000000,11.3,11.31,11.29,11.3094,51442,0
MNTN.US,D,20240826,000000,11.31,11.33,11.28,11.3,28965,0
MNTN.US,D,20240827,000000,11.33,11.33,11.3,11.32,11317,0
MNTN.US,D,20240828,000000,11.28,11.335,11.28,11.292,18440,0
MNTN.US,D,20240829,000000,11.29,11.3068,11.29,11.3,83738,0
MNTN.US,D,20240830,000000,11.27,11.2701,11.2673,11.2673,6336,0
MNTN.US,D,20240903,000000,11.27,11.27,11.27,11.27,248,0
MNTN.US,D,20240904,000000,11.27,11.29,11.27,11.27,67200,0
MNTN.US,D,20240905,000000,11.2846,11.29,11.28,11.28,754,0
MNTN.US,D,20240906,000000,11.29,12.18,11.29,11.38,71340,0
MNTN.US,D,20240909,000000,11.34,11.39,11.33,11.39,4876,0
MNTN.US,D,20240910,000000,11.35,11.35,11.32,11.33,9063,0
MNTN.US,D,20240911,000000,11.32,11.33,11.32,11.33,314,0
MNTN.US,D,20240912,000000,11.32,11.78,11.31,11.31,18146,0
MNTN.US,D,20240913,000000,11.29,11.29,11.29,11.29,114,0
MNTN.US,D,20240916,000000,11.3,11.85,11.29,11.32,8320,0
MNTN.US,D,20240918,000000,11.29,11.3,11.29,11.3,956,0
MNTN.US,D,20240919,000000,11.29,11.3,11.29,11.3,687,0
MNTN.US,D,20240920,000000,11.3,11.3,11.3,11.3,551,0
MNTN.US,D,20240923,000000,11.29,11.325,11.29,11.325,3450,0
MNTN.US,D,20240924,000000,11.35,11.35,11.35,11.35,102,0
MNTN.US,D,20240925,000000,11.35,11.35,11.35,11.35,289,0
MNTN.US,D,20240926,000000,11.35,11.36,11.31,11.35,27098,0
MNTN.US,D,20240927,000000,11.52,11.52,11.32,11.36,487,0
MNTN.US,D,20240930,000000,11.31,11.4,11.31,11.37,19185,0
MNTN.US,D,20241001,000000,11.35,11.36,11.31,11.33,6743,0
MNTN.US,D,20241002,000000,11.3899,11.3899,11.38,11.38,267,0
MNTN.US,D,20241003,000000,11.31,11.39,11.31,11.39,868,0
MNTN.US,D,20241004,000000,11.32,11.38,11.32,11.33,5190,0
MNTN.US,D,20241007,000000,11.37,11.37,11.37,11.37,116,0
MNTN.US,D,20241008,000000,11.39,11.39,11.37,11.37,2586,0
MNTN.US,D,20241009,000000,11.3993,11.3993,11.3892,11.3892,206,0
MNTN.US,D,20241015,000000,11.38,11.38,11.38,11.38,128,0
MNTN.US,D,20241018,000000,11.31,11.38,11.31,11.38,520,0
MNTN.US,D,20241021,000000,11.38,11.38,11.38,11.38,124,0
MNTN.US,D,20241022,000000,11.38,11.38,11.38,11.38,102,0
MNTN.US,D,20241023,000000,11.392,11.392,11.392,11.392,208,0
MNTN.US,D,20241024,000000,11.38,11.38,11.38,11.38,102,0
MNTN.US,D,20241029,000000,11.4,11.4,11.4,11.4,101,0
MNTN.US,D,20241031,000000,11.39,11.39,11.39,11.39,101,0
MNTN.US,D,20241105,000000,11.375,11.4,11.375,11.4,600,0
MNTN.US,D,20241106,000000,11.4,11.4,11.4,11.4,101,0
MNTN.US,D,20241107,000000,11.4,11.4,11.4,11.4,103,0
MNTN.US,D,20241111,000000,11.4,11.45,11.35,11.45,62997,0
MNTN.US,D,20241112,000000,11.41,11.43,11.41,11.43,12877,0
MNTN.US,D,20241115,000000,11.39,11.43,11.35,11.39,37771,0
MNTN.US,D,20241118,000000,11.39,11.44,11.36,11.36,99043,0
MNTN.US,D,20241119,000000,11.36,11.4,11.32,11.375,36741,0
MNTN.US,D,20241120,000000,11.41,11.41,11.39,11.4096,3892,0
MNTN.US,D,20241121,000000,11.4,11.825,11.34,11.36,4717,0
MNTN.US,D,20241122,000000,11.35,11.37,11.34,11.37,3977,0
MNTN.US,D,20241125,000000,11.39,11.39,11.39,11.39,1383,0
MNTN.US,D,20241127,000000,11.53,11.65,11.53,11.65,939,0
