<TICKER>,<PER>,<DATE>,<TIME>,<OPEN>,<HIGH>,<LOW>,<CLOSE>,<VOL>,<OPENINT>
MRDB.US,D,20221220,000000,6.5,6.5,4.75,5.28,64500,0
MRDB.US,D,20221221,000000,5.31,5.81,4.3,4.41,77069,0
MRDB.US,D,20221222,000000,4.3,4.9,3.9674,4.7838,67119,0
MRDB.US,D,20221223,000000,4.86,4.86,4,4.11,117257,0
MRDB.US,D,20221227,000000,4.47,4.47,3.85,3.97,45068,0
MRDB.US,D,20221228,000000,4.18,4.2,3.4,3.65,110069,0
MRDB.US,D,20221229,000000,3.5101,3.8864,3.27,3.73,51805,0
MRDB.US,D,20221230,000000,3.7,4.6,3.55,3.99,184330,0
MRDB.US,D,20230103,000000,4.09,4.09,3.56,3.63,59018,0
MRDB.US,D,20230104,000000,3.6584,3.9397,3.62,3.89,33509,0
MRDB.US,D,20230105,000000,3.88,3.88,3.52,3.79,38036,0
MRDB.US,D,20230106,000000,3.58,3.75,3.35,3.7199,204820,0
MRDB.US,D,20230109,000000,3.69,3.98,3.59,3.68,100561,0
MRDB.US,D,20230110,000000,3.78,3.79,3.52,3.79,35237,0
MRDB.US,D,20230111,000000,3.8,3.9899,3.6,3.86,111311,0
MRDB.US,D,20230112,000000,3.97,4.08,3.84,3.87,42503,0
MRDB.US,D,20230113,000000,4,4,3.8,3.99,17809,0
MRDB.US,D,20230117,000000,4.04,4.04,3.75,3.779,78904,0
MRDB.US,D,20230118,000000,3.8,3.8,3.45,3.45,64874,0
MRDB.US,D,20230119,000000,3.55,3.63,3.25,3.33,38297,0
MRDB.US,D,20230120,000000,3.6,3.7,3.32,3.38,104608,0
MRDB.US,D,20230123,000000,3.54,3.6,3.44,3.56,60362,0
MRDB.US,D,20230124,000000,3.67,3.78,3.46,3.47,38212,0
MRDB.US,D,20230125,000000,3.44,3.47,3.32,3.41,70387,0
MRDB.US,D,20230126,000000,3.54,3.68,3.2,3.35,113236,0
MRDB.US,D,20230127,000000,3.29,3.65,3.29,3.63,34397,0
MRDB.US,D,20230130,000000,3.6,3.6,3.48,3.49,15832,0
MRDB.US,D,20230131,000000,3.59,3.6,3.49,3.55,34580,0
MRDB.US,D,20230201,000000,3.5,3.68,3.4,3.55,54859,0
MRDB.US,D,20230202,000000,3.7,3.7,3.431,3.5,44378,0
MRDB.US,D,20230203,000000,3.3,3.61,3.3,3.5,110627,0
MRDB.US,D,20230206,000000,3.45,3.5,3.31,3.48,66220,0
MRDB.US,D,20230207,000000,3.43,3.5,3.41,3.48,47450,0
MRDB.US,D,20230208,000000,3.39,3.45,3.32,3.36,19395,0
MRDB.US,D,20230209,000000,3.36,3.49,3.31,3.37,21949,0
MRDB.US,D,20230210,000000,3.41,3.41,3.2,3.29,19289,0
MRDB.US,D,20230213,000000,3.31,3.48,3.14,3.37,17102,0
MRDB.US,D,20230214,000000,3.49,3.49,3.2338,3.3,9807,0
MRDB.US,D,20230215,000000,3.262,3.36,3.24,3.35,27700,0
MRDB.US,D,20230216,000000,3.26,3.31,2.8,2.93,206490,0
MRDB.US,D,20230217,000000,2.99,2.99,2.6,2.8,83161,0
MRDB.US,D,20230221,000000,2.92,2.92,2.52,2.78,60872,0
MRDB.US,D,20230222,000000,2.7,2.89,2.63,2.76,42893,0
MRDB.US,D,20230223,000000,2.8116,2.9,2.63,2.75,37179,0
MRDB.US,D,20230224,000000,2.67,2.94,2.47,2.66,189590,0
MRDB.US,D,20230227,000000,2.79,2.8,2.55,2.66,59505,0
MRDB.US,D,20230228,000000,2.56,2.71,2.525,2.64,78961,0
MRDB.US,D,20230301,000000,2.65,2.65,2.21,2.38,117911,0
MRDB.US,D,20230302,000000,2.32,2.38,2.22,2.3,26633,0
MRDB.US,D,20230303,000000,2.26,2.51,2.1,2.16,236494,0
MRDB.US,D,20230306,000000,2.16,2.78,2.16,2.5,311616,0
MRDB.US,D,20230307,000000,2.6,3.4427,2.41,2.88,545987,0
MRDB.US,D,20230308,000000,2.62,3,2.55,2.97,119470,0
MRDB.US,D,20230309,000000,2.81,3.1764,2.75,2.75,139033,0
MRDB.US,D,20230310,000000,2.75,2.79,2.33,2.34,117745,0
MRDB.US,D,20230313,000000,2.35,2.52,2.298,2.36,121767,0
MRDB.US,D,20230314,000000,2.4,2.5,2.19,2.26,132833,0
MRDB.US,D,20230315,000000,2.21,2.38,2,2.13,176498,0
MRDB.US,D,20230316,000000,2.18,2.3433,2.1,2.1,105016,0
MRDB.US,D,20230317,000000,2.35,2.35,1.8,1.9,569631,0
MRDB.US,D,20230320,000000,1.88,1.917,1.6,1.64,263943,0
MRDB.US,D,20230321,000000,1.6,1.7789,1.6,1.62,180614,0
MRDB.US,D,20230322,000000,1.58,1.649,1.38,1.4,102967,0
MRDB.US,D,20230323,000000,1.3,1.52,1.3,1.43,78615,0
MRDB.US,D,20230324,000000,1.47,1.47,1.3,1.31,127280,0
MRDB.US,D,20230327,000000,1.4,1.4,1.11,1.21,150730,0
MRDB.US,D,20230328,000000,1.19,1.23,1.13,1.22,105867,0
MRDB.US,D,20230329,000000,1.26,1.35,1.21,1.31,61451,0
MRDB.US,D,20230330,000000,1.36,1.44,1.32,1.36,66967,0
MRDB.US,D,20230331,000000,1.41,1.41,1.27,1.38,20922,0
MRDB.US,D,20230403,000000,1.43,1.43,1.3,1.32,13947,0
MRDB.US,D,20230404,000000,1.3483,1.3499,1.25,1.29,35692,0
MRDB.US,D,20230405,000000,1.2966,1.3,1.2,1.22,22009,0
MRDB.US,D,20230406,000000,1.24,1.32,1.2,1.24,64413,0
MRDB.US,D,20230410,000000,1.24,1.32,1.2,1.3,171021,0
MRDB.US,D,20230411,000000,1.26,1.3,1.24,1.24,33698,0
MRDB.US,D,20230412,000000,1.29,1.29,1.2,1.23,45856,0
MRDB.US,D,20230413,000000,1.29,1.38,1.25,1.31,83807,0
MRDB.US,D,20230414,000000,1.42,1.42,1.3,1.33,28700,0
MRDB.US,D,20230417,000000,1.36,1.42,1.31,1.37,43078,0
MRDB.US,D,20230418,000000,1.48,1.48,1.3,1.37,21075,0
MRDB.US,D,20230419,000000,1.31,1.345,1.22,1.29,114311,0
MRDB.US,D,20230420,000000,1.3,1.56,1.3,1.56,154408,0
MRDB.US,D,20230421,000000,1.51,1.6182,1.42,1.51,60784,0
MRDB.US,D,20230424,000000,1.6,1.6,1.41,1.44,28781,0
MRDB.US,D,20230425,000000,1.51,1.51,1.26,1.32,19159,0
MRDB.US,D,20230426,000000,1.3,1.3,1.28,1.28,35347,0
MRDB.US,D,20230427,000000,1.3,1.3,1.25,1.3,31772,0
MRDB.US,D,20230428,000000,1.3,1.3,1.24,1.24,27079,0
MRDB.US,D,20230501,000000,1.3,1.3,1.21,1.27,14197,0
MRDB.US,D,20230502,000000,1.3,1.3,1.2,1.28,44579,0
MRDB.US,D,20230503,000000,1.3,1.3,1.2,1.22,26647,0
MRDB.US,D,20230504,000000,1.23,1.28,1.16,1.16,26632,0
MRDB.US,D,20230505,000000,1.24,1.24,1.15,1.23,36810,0
MRDB.US,D,20230508,000000,1.2,1.24,1.16,1.23,37805,0
MRDB.US,D,20230509,000000,1.19,1.19,1.13,1.18,18881,0
MRDB.US,D,20230510,000000,1.16,1.19,1.1,1.12,90340,0
MRDB.US,D,20230511,000000,1.1,1.12,1.02,1.1,139073,0
MRDB.US,D,20230512,000000,1.19,1.19,1.01,1.04,42234,0
MRDB.US,D,20230515,000000,1.01,1.03,0.9201,0.9911,154593,0
MRDB.US,D,20230516,000000,0.9614,0.99,0.9401,0.97,50614,0
MRDB.US,D,20230517,000000,1,1,0.94,0.98,52570,0
MRDB.US,D,20230518,000000,0.99,0.9999,0.98,0.9873,3534,0
MRDB.US,D,20230519,000000,1,1,0.8424,0.8901,111125,0
MRDB.US,D,20230522,000000,0.97,0.97,0.87,0.9,81415,0
MRDB.US,D,20230523,000000,0.95,0.95,0.85,0.89,50541,0
MRDB.US,D,20230524,000000,0.8801,0.8801,0.85,0.878,19506,0
MRDB.US,D,20230525,000000,0.85,0.88,0.841,0.85,38144,0
MRDB.US,D,20230526,000000,0.95,0.95,0.87,0.8701,47033,0
MRDB.US,D,20230530,000000,0.95,0.95,0.85,0.88,133320,0
MRDB.US,D,20230531,000000,0.9,1,0.87,0.87,111177,0
MRDB.US,D,20230601,000000,0.87,0.8726,0.84,0.85,34856,0
MRDB.US,D,20230602,000000,0.9569,0.9569,0.8869,0.95,71886,0
MRDB.US,D,20230605,000000,1,1.09,0.96,1.08,58934,0
MRDB.US,D,20230606,000000,1.1,1.15,1.06,1.1079,76523,0
MRDB.US,D,20230607,000000,1.05,1.1,1,1.04,131571,0
MRDB.US,D,20230608,000000,1,1.0299,0.9,0.9,67667,0
MRDB.US,D,20230609,000000,0.87,0.97,0.8644,0.92,81149,0
MRDB.US,D,20230612,000000,0.92,1,0.92,0.9662,117024,0
MRDB.US,D,20230613,000000,0.9372,1.02,0.9372,0.99,29163,0
MRDB.US,D,20230614,000000,0.991,1.06,0.9861,1.03,86663,0
MRDB.US,D,20230615,000000,1,1.04,0.9593,0.9842,22811,0
MRDB.US,D,20230616,000000,1.0196,1.07,0.98,1.05,52304,0
MRDB.US,D,20230620,000000,0.95,0.96,0.93,0.95,46805,0
MRDB.US,D,20230621,000000,0.97,0.9752,0.936,0.9462,65749,0
MRDB.US,D,20230622,000000,0.9,0.9,0.8678,0.8987,57569,0
MRDB.US,D,20230623,000000,0.8887,0.93,0.8716,0.8946,50277,0
MRDB.US,D,20230626,000000,0.9,0.92,0.8793,0.92,43725,0
MRDB.US,D,20230627,000000,0.93,0.93,0.91,0.93,34746,0
MRDB.US,D,20230628,000000,0.9,0.9,0.87,0.89,28765,0
MRDB.US,D,20230629,000000,0.89,0.895,0.82,0.856,114986,0
MRDB.US,D,20230630,000000,0.8603,0.8899,0.8603,0.8603,3250,0
MRDB.US,D,20230703,000000,0.822,0.8605,0.781,0.8603,26243,0
MRDB.US,D,20230705,000000,0.86,0.8799,0.844,0.8799,31961,0
MRDB.US,D,20230706,000000,0.85,0.9,0.85,0.8999,13563,0
MRDB.US,D,20230707,000000,0.9,0.9,0.86,0.87,37230,0
MRDB.US,D,20230710,000000,0.95,1.01,0.9105,0.97,48101,0
MRDB.US,D,20230711,000000,0.98,1.03,0.9527,0.97,54646,0
MRDB.US,D,20230712,000000,0.92,0.95,0.9,0.941499,41293,0
MRDB.US,D,20230713,000000,0.93,0.99,0.913,0.99,27207,0
MRDB.US,D,20230714,000000,0.99,0.99,0.9584,0.9798,20980,0
MRDB.US,D,20230717,000000,0.9383,0.98,0.93,0.94,5777,0
MRDB.US,D,20230718,000000,0.95,0.97,0.8701,0.9497,32568,0
MRDB.US,D,20230719,000000,0.92,0.92,0.902,0.902,3105,0
MRDB.US,D,20230720,000000,0.9,0.92,0.865,0.92,31181,0
MRDB.US,D,20230721,000000,0.9199,0.92,0.8958,0.8958,5569,0
MRDB.US,D,20230724,000000,0.93,0.9515,0.8902,0.9515,26501,0
MRDB.US,D,20230725,000000,0.9699,0.9699,0.924025,0.966,8385,0
MRDB.US,D,20230726,000000,0.956,0.966,0.936099,0.9361,2787,0
MRDB.US,D,20230727,000000,1.02,1.02,0.903,0.9166,25290,0
MRDB.US,D,20230728,000000,0.9166,0.9498,0.9166,0.9236,3145,0
MRDB.US,D,20230731,000000,0.95,0.9595,0.9103,0.9289,13619,0
MRDB.US,D,20230801,000000,0.93,0.93,0.8998,0.9298,9941,0
MRDB.US,D,20230802,000000,0.94,0.94,0.89,0.9125,14352,0
MRDB.US,D,20230803,000000,0.9201,0.9798,0.9201,0.9347,65315,0
MRDB.US,D,20230804,000000,0.95,0.9999,0.93,0.9319,7356,0
MRDB.US,D,20230807,000000,0.96,0.9898,0.9054,0.9295,9879,0
MRDB.US,D,20230808,000000,0.9402,0.940299,0.91,0.91,2078,0
MRDB.US,D,20230809,000000,1,1,0.89,0.9201,13923,0
MRDB.US,D,20230810,000000,0.9,0.92,0.89,0.92,15206,0
MRDB.US,D,20230811,000000,0.92,0.92,0.9085,0.92,4862,0
MRDB.US,D,20230814,000000,0.94,0.94,0.8802,0.9399,8218,0
MRDB.US,D,20230815,000000,0.9001,0.93,0.9001,0.93,6897,0
MRDB.US,D,20230816,000000,0.93,0.93,0.9,0.9203,2938,0
MRDB.US,D,20230817,000000,0.9,0.9,0.69,0.728885,87690,0
MRDB.US,D,20230818,000000,0.72,0.7967,0.7173,0.7501,18820,0
MRDB.US,D,20230821,000000,0.7798,0.7798,0.7,0.705,24441,0
MRDB.US,D,20230822,000000,0.7198,0.7398,0.715,0.7398,7672,0
MRDB.US,D,20230823,000000,0.74,0.7798,0.7202,0.749999,86418,0
MRDB.US,D,20230824,000000,0.7498,0.7498,0.64,0.655,79463,0
MRDB.US,D,20230825,000000,0.669,0.75,0.669,0.7221,78586,0
MRDB.US,D,20230828,000000,0.738,0.749,0.64,0.64,92525,0
MRDB.US,D,20230829,000000,0.645,0.66,0.63,0.655,61074,0
MRDB.US,D,20230830,000000,0.6698,0.7,0.655,0.6774,78377,0
MRDB.US,D,20230831,000000,0.65,0.6708,0.56,0.5821,112123,0
MRDB.US,D,20230901,000000,0.5743,0.59,0.566,0.569,9252,0
MRDB.US,D,20230905,000000,0.5807,0.5807,0.5217,0.5335,139403,0
MRDB.US,D,20230906,000000,0.5366,0.5366,0.405,0.4202,271357,0
MRDB.US,D,20230907,000000,0.44,0.4898,0.4203,0.44,67619,0
MRDB.US,D,20230908,000000,0.47,0.47,0.4302,0.46,29912,0
MRDB.US,D,20230911,000000,0.49,0.49,0.4502,0.4602,66174,0
MRDB.US,D,20230912,000000,0.445,0.48,0.41,0.466,87827,0
MRDB.US,D,20230913,000000,0.45,0.4737,0.45,0.45,53029,0
MRDB.US,D,20230914,000000,0.45,0.4698,0.4334,0.4334,222770,0
MRDB.US,D,20230915,000000,0.4698,0.4698,0.4275,0.4275,357694,0
MRDB.US,D,20230918,000000,0.45,0.5078,0.4287,0.4356,197081,0
MRDB.US,D,20230919,000000,0.46,0.46,0.4202,0.4317,78522,0
MRDB.US,D,20230920,000000,0.4598,0.4887,0.446345,0.4702,188746,0
MRDB.US,D,20230921,000000,0.4998,0.4998,0.45,0.4619,48548,0
MRDB.US,D,20230922,000000,0.4619,0.4794,0.4619,0.466,27669,0
MRDB.US,D,20230925,000000,0.4798,0.5098,0.4515,0.4845,143444,0
MRDB.US,D,20230926,000000,0.47,0.491,0.4202,0.4771,121268,0
MRDB.US,D,20230927,000000,0.4605,0.4898,0.4604,0.4606,8051,0
MRDB.US,D,20230928,000000,0.4836,0.4836,0.4699,0.4699,15463,0
MRDB.US,D,20230929,000000,0.4899,0.4899,0.43,0.4798,232552,0
MRDB.US,D,20231002,000000,0.5,0.5051,0.462,0.5,167259,0
MRDB.US,D,20231003,000000,0.495,0.5298,0.48,0.5298,45510,0
MRDB.US,D,20231004,000000,0.5398,0.5998,0.512,0.595,58907,0
MRDB.US,D,20231005,000000,0.6,0.633,0.5995,0.5995,33318,0
MRDB.US,D,20231006,000000,0.5995,0.6166,0.545,0.587,26218,0
MRDB.US,D,20231009,000000,0.65,0.65,0.6,0.6159,56654,0
MRDB.US,D,20231010,000000,0.6155,0.69,0.6155,0.67,88933,0
MRDB.US,D,20231011,000000,0.666,0.71,0.666,0.6902,96702,0
MRDB.US,D,20231012,000000,0.7191,0.768,0.699,0.7403,31784,0
MRDB.US,D,20231013,000000,0.741,0.7596,0.67,0.71,41288,0
MRDB.US,D,20231016,000000,0.7398,0.7398,0.65,0.65,34315,0
MRDB.US,D,20231017,000000,0.65,0.7287,0.64,0.6771,58637,0
MRDB.US,D,20231018,000000,0.7098,0.7098,0.594,0.6599,39046,0
MRDB.US,D,20231019,000000,0.6802,0.6803,0.641,0.6556,4508,0
MRDB.US,D,20231020,000000,0.6302,0.642,0.5533,0.597,45438,0
MRDB.US,D,20231023,000000,0.6102,0.6102,0.581,0.608,1728,0
MRDB.US,D,20231024,000000,0.6298,0.7098,0.6002,0.6019,44375,0
MRDB.US,D,20231025,000000,0.6098,0.6098,0.578,0.5896,29980,0
MRDB.US,D,20231026,000000,0.5802,0.5802,0.52,0.5602,7098,0
MRDB.US,D,20231027,000000,0.5598,0.5603,0.5,0.501,27903,0
MRDB.US,D,20231030,000000,0.5477,0.5477,0.44,0.445,24885,0
MRDB.US,D,20231031,000000,0.4302,0.46,0.4302,0.4472,7806,0
MRDB.US,D,20231101,000000,0.438,0.4514,0.4204,0.45,15703,0
MRDB.US,D,20231102,000000,0.4666,0.4666,0.4,0.4595,27169,0
MRDB.US,D,20231103,000000,0.48,0.48,0.444,0.45,16736,0
MRDB.US,D,20231106,000000,0.4398,0.45,0.38,0.3951,46106,0
MRDB.US,D,20231107,000000,0.4098,0.42,0.395201,0.4,22611,0
MRDB.US,D,20231108,000000,0.4,0.4096,0.393701,0.4096,16479,0
MRDB.US,D,20231109,000000,0.4,0.4,0.3855,0.3908,12602,0
MRDB.US,D,20231110,000000,0.392,0.3989,0.381,0.3855,13311,0
MRDB.US,D,20231113,000000,0.3856,0.3923,0.3678,0.3798,38052,0
MRDB.US,D,20231114,000000,0.3702,0.4004,0.3563,0.395,22485,0
MRDB.US,D,20231115,000000,0.4073,0.4073,0.3807,0.382,27751,0
MRDB.US,D,20231116,000000,0.4146,0.4146,0.3702,0.375,22785,0
MRDB.US,D,20231117,000000,0.3702,0.3857,0.36,0.3857,20350,0
MRDB.US,D,20231120,000000,0.3587,0.37,0.35,0.37,18259,0
MRDB.US,D,20231121,000000,0.36,0.3699,0.34,0.3504,70673,0
MRDB.US,D,20231122,000000,0.3371,0.367,0.3371,0.3598,13032,0
MRDB.US,D,20231124,000000,0.3598,0.37,0.350749,0.352,4152,0
MRDB.US,D,20231127,000000,0.3698,0.3896,0.3008,0.3542,51143,0
MRDB.US,D,20231128,000000,0.3699,0.3699,0.3535,0.3634,3552,0
MRDB.US,D,20231129,000000,0.3798,0.3798,0.3118,0.32,73034,0
MRDB.US,D,20231130,000000,0.3056,0.335,0.3056,0.3338,12106,0
MRDB.US,D,20231201,000000,0.3504,0.3796,0.31,0.366,77730,0
MRDB.US,D,20231204,000000,0.35,0.3698,0.3396,0.3698,21828,0
MRDB.US,D,20231205,000000,0.3601,0.3601,0.344,0.344,18479,0
MRDB.US,D,20231206,000000,0.3598,0.3598,0.3296,0.3364,139142,0
MRDB.US,D,20231207,000000,0.328,0.328,0.2983,0.2983,9423,0
MRDB.US,D,20231208,000000,0.25,0.3079,0.25,0.301,27064,0
MRDB.US,D,20231211,000000,0.331,0.331,0.2903,0.309,29070,0
MRDB.US,D,20231212,000000,0.2951,0.31,0.28,0.28,36281,0
MRDB.US,D,20231213,000000,0.4,0.43,0.3001,0.43,243342,0
MRDB.US,D,20231214,000000,0.46,0.46,0.3538,0.3833,150480,0
MRDB.US,D,20231215,000000,0.3829,0.393,0.3372,0.3372,16440,0
MRDB.US,D,20231218,000000,0.3648,0.3648,0.3207,0.3212,28287,0
MRDB.US,D,20231219,000000,0.353,0.37,0.3401,0.364,55174,0
MRDB.US,D,20231220,000000,0.4,0.4,0.321001,0.3595,45491,0
MRDB.US,D,20231221,000000,0.3595,0.36,0.32781,0.3598,28149,0
MRDB.US,D,20231222,000000,0.3433,0.372,0.32,0.352,82125,0
MRDB.US,D,20231226,000000,0.33,0.3587,0.3025,0.3587,32317,0
MRDB.US,D,20231227,000000,0.35,0.365,0.32,0.3405,103941,0
MRDB.US,D,20231228,000000,0.37,0.37,0.3215,0.3277,38088,0
MRDB.US,D,20231229,000000,0.318,0.318,0.2506,0.2799,216428,0
MRDB.US,D,20240102,000000,0.2715,0.2784,0.267101,0.2673,14071,0
MRDB.US,D,20240103,000000,0.2904,0.2904,0.2619,0.2639,14216,0
MRDB.US,D,20240104,000000,0.264,0.2694,0.2401,0.2588,65486,0
MRDB.US,D,20240105,000000,0.2464,0.2572,0.22,0.22,79349,0
MRDB.US,D,20240108,000000,0.21,0.2244,0.181,0.1888,126891,0
MRDB.US,D,20240109,000000,0.195,0.199599,0.182,0.1948,77376,0
MRDB.US,D,20240110,000000,0.2,0.2,0.1805,0.2,57562,0
MRDB.US,D,20240111,000000,0.2,0.2,0.18,0.1802,102995,0
MRDB.US,D,20240112,000000,0.189,0.189,0.1748,0.1782,34300,0
MRDB.US,D,20240116,000000,0.173,0.18,0.173,0.175,40660,0
MRDB.US,D,20240117,000000,0.18,0.1954,0.1746,0.183,108336,0
MRDB.US,D,20240118,000000,0.184,0.1849,0.1733,0.18,63575,0
MRDB.US,D,20240119,000000,0.175,0.1845,0.1722,0.184,49558,0
MRDB.US,D,20240122,000000,0.184,0.1885,0.1836,0.1836,21541,0
MRDB.US,D,20240123,000000,0.189,0.189,0.1802,0.1812,19315,0
MRDB.US,D,20240124,000000,0.189,0.199,0.1851,0.199,28908,0
MRDB.US,D,20240125,000000,0.199,0.2108,0.1902,0.196,60637,0
MRDB.US,D,20240126,000000,0.191,0.201,0.191,0.1999,11188,0
MRDB.US,D,20240129,000000,0.204,0.205,0.1901,0.203,36900,0
MRDB.US,D,20240130,000000,0.2,0.209,0.1731,0.1969,21623,0
MRDB.US,D,20240131,000000,0.1844,0.199,0.1741,0.1741,25267,0
MRDB.US,D,20240201,000000,0.1828,0.2064,0.182,0.2064,23758,0
MRDB.US,D,20240202,000000,0.155,0.2018,0.155,0.2,37457,0
MRDB.US,D,20240205,000000,0.209,0.209,0.19,0.19,20136,0
MRDB.US,D,20240206,000000,0.209,0.2588,0.18,0.2406,2781517,0
MRDB.US,D,20240207,000000,0.433,0.495,0.3451,0.47,37830032,0
MRDB.US,D,20240208,000000,0.43,0.45,0.353,0.3745,1726236,0
MRDB.US,D,20240209,000000,0.4,0.4068,0.33705,0.38,820430,0
MRDB.US,D,20240212,000000,0.4,0.4,0.3215,0.3561,292518,0
MRDB.US,D,20240213,000000,0.3454,0.3969,0.34,0.3771,668483,0
MRDB.US,D,20240214,000000,0.3658,0.43,0.3406,0.43,273962,0
MRDB.US,D,20240215,000000,0.4,0.4,0.34,0.3497,238768,0
MRDB.US,D,20240216,000000,0.3498,0.44,0.2759,0.34,1203441,0
MRDB.US,D,20240220,000000,0.37,0.395,0.340867,0.3494,408225,0
MRDB.US,D,20240221,000000,0.372,0.372,0.3318,0.34,185367,0
MRDB.US,D,20240222,000000,0.34,0.3544,0.33,0.35,115176,0
MRDB.US,D,20240223,000000,0.368,0.369,0.34,0.35,322700,0
MRDB.US,D,20240226,000000,0.35,0.35,0.34,0.34,32559,0
MRDB.US,D,20240227,000000,0.342,0.3514,0.34,0.3401,57912,0
MRDB.US,D,20240228,000000,0.36,0.372,0.3401,0.35,240189,0
MRDB.US,D,20240229,000000,0.35,0.3598,0.3286,0.333,71980,0
MRDB.US,D,20240301,000000,0.3514,0.3617,0.333,0.3359,42905,0
MRDB.US,D,20240304,000000,0.35,0.3718,0.332,0.3456,362578,0
MRDB.US,D,20240305,000000,0.3352,0.3566,0.2999,0.3099,306450,0
MRDB.US,D,20240306,000000,0.32,0.3498,0.32,0.335,74454,0
MRDB.US,D,20240307,000000,0.3288,0.351,0.321,0.3453,149290,0
MRDB.US,D,20240308,000000,0.35,0.355,0.34,0.3455,183984,0
MRDB.US,D,20240311,000000,0.33,0.3475,0.33,0.3383,75855,0
MRDB.US,D,20240312,000000,0.3383,0.3489,0.25,0.276,292609,0
MRDB.US,D,20240313,000000,0.268,0.3177,0.268,0.3102,104597,0
MRDB.US,D,20240314,000000,0.307,0.3102,0.2865,0.2951,48570,0
MRDB.US,D,20240315,000000,0.3098,0.319,0.285,0.294,32715,0
MRDB.US,D,20240318,000000,0.299,0.3277,0.28601,0.2982,190657,0
MRDB.US,D,20240319,000000,0.3131,0.3131,0.25,0.2516,307743,0
MRDB.US,D,20240320,000000,0.25,0.264,0.2439,0.25,192578,0
MRDB.US,D,20240321,000000,0.255,0.2561,0.2,0.2016,515625,0
MRDB.US,D,20240322,000000,0.21,0.2236,0.2088,0.2236,238091,0
MRDB.US,D,20240325,000000,0.23,0.238,0.2111,0.238,129240,0
MRDB.US,D,20240326,000000,0.2346,0.237,0.2201,0.226,6204207,0
MRDB.US,D,20240327,000000,0.3689,0.4739,0.333,0.439,28157754,0
MRDB.US,D,20240328,000000,0.4,0.5195,0.4,0.45,6002465,0
MRDB.US,D,20240401,000000,0.45,0.4958,0.43,0.49,1500377,0
MRDB.US,D,20240402,000000,0.48,0.48,0.455,0.4686,715592,0
MRDB.US,D,20240403,000000,0.4761,0.4874,0.4511,0.4556,410412,0
MRDB.US,D,20240404,000000,0.45,0.47,0.435,0.4599,391515,0
MRDB.US,D,20240405,000000,0.45,0.4712,0.437,0.47,559169,0
MRDB.US,D,20240408,000000,0.47,0.4792,0.45,0.47,364007,0
MRDB.US,D,20240409,000000,0.475,0.496,0.4567,0.472,483807,0
MRDB.US,D,20240410,000000,0.4578,0.48,0.454,0.4745,180999,0
MRDB.US,D,20240411,000000,0.48,0.48,0.46041,0.47265,112570,0
MRDB.US,D,20240412,000000,0.48,0.488,0.4701,0.4841,91720,0
MRDB.US,D,20240415,000000,0.48,0.48,0.4311,0.48,279028,0
MRDB.US,D,20240416,000000,0.48,0.495,0.4441,0.49,265464,0
MRDB.US,D,20240417,000000,0.482,0.482,0.434,0.441,221736,0
MRDB.US,D,20240418,000000,0.4416,0.45279,0.391,0.4199,273304,0
MRDB.US,D,20240419,000000,0.475,0.56,0.45,0.539,2176205,0
MRDB.US,D,20240422,000000,0.505,0.5205,0.45,0.4583,764256,0
MRDB.US,D,20240423,000000,0.4711,0.5228,0.4711,0.4948,337398,0
MRDB.US,D,20240424,000000,0.5,0.5497,0.5,0.54,595298,0
MRDB.US,D,20240425,000000,0.515,0.5499,0.515,0.5317,868820,0
MRDB.US,D,20240426,000000,0.517,0.5399,0.517,0.531,268504,0
MRDB.US,D,20240429,000000,0.527,0.5308,0.521,0.5276,137088,0
MRDB.US,D,20240430,000000,0.54,0.54,0.5239,0.525,99296,0
MRDB.US,D,20240501,000000,0.525,0.54,0.5023,0.52,1021291,0
MRDB.US,D,20240502,000000,0.53,0.5369,0.5145,0.53,116934,0
MRDB.US,D,20240503,000000,0.51,0.54,0.5001,0.522,451627,0
MRDB.US,D,20240506,000000,0.5101,0.522,0.495,0.5031,142246,0
MRDB.US,D,20240507,000000,0.51,0.51,0.4901,0.4993,166891,0
MRDB.US,D,20240508,000000,0.50173,0.5189,0.495,0.5015,66712,0
MRDB.US,D,20240509,000000,0.51,0.518,0.5044,0.5079,18349,0
MRDB.US,D,20240510,000000,0.5011,0.5225,0.4999,0.5175,49788,0
MRDB.US,D,20240513,000000,0.522,0.5499,0.505,0.5083,277632,0
MRDB.US,D,20240514,000000,0.508,0.529,0.4999,0.506,99732,0
MRDB.US,D,20240515,000000,0.5,0.5298,0.5,0.503,102105,0
MRDB.US,D,20240516,000000,0.5051,0.5181,0.5,0.5021,237315,0
MRDB.US,D,20240517,000000,0.5299,0.5299,0.501,0.502,336050,0
MRDB.US,D,20240520,000000,0.501,0.5197,0.501,0.5032,74036,0
MRDB.US,D,20240521,000000,0.501,0.5189,0.501,0.5073,57490,0
MRDB.US,D,20240522,000000,0.5073,0.52,0.5053,0.5108,27552,0
MRDB.US,D,20240523,000000,0.525,0.525,0.4999,0.5166,46618,0
MRDB.US,D,20240524,000000,0.52,0.54,0.52,0.5313,288121,0
MRDB.US,D,20240528,000000,0.535,0.535,0.5221,0.53,111619,0
MRDB.US,D,20240529,000000,0.5101,0.5289,0.5011,0.51365,117858,0
MRDB.US,D,20240530,000000,0.528,0.535,0.5193,0.5223,492607,0
MRDB.US,D,20240531,000000,0.5291,0.534,0.5195,0.5299,42754,0
MRDB.US,D,20240603,000000,0.5103,0.535,0.5103,0.5301,100404,0
MRDB.US,D,20240604,000000,0.5301,0.537,0.5114,0.5271,106258,0
MRDB.US,D,20240605,000000,0.52,0.54,0.52,0.5358,316813,0
MRDB.US,D,20240606,000000,0.54,0.54,0.5112,0.5309,430471,0
MRDB.US,D,20240607,000000,0.5291,0.534,0.5209,0.5293,284188,0
MRDB.US,D,20240610,000000,0.52,0.5355,0.52,0.5281,127752,0
MRDB.US,D,20240611,000000,0.5251,0.5355,0.525,0.5355,681667,0
MRDB.US,D,20240612,000000,0.525,0.5398,0.525,0.53235,47359,0
MRDB.US,D,20240613,000000,0.525,0.5357,0.525,0.5357,27770,0
MRDB.US,D,20240614,000000,0.5275,0.5376,0.525,0.53385,58022,0
MRDB.US,D,20240617,000000,0.525,0.5377,0.525,0.5377,230827,0
MRDB.US,D,20240618,000000,0.5353,0.5467,0.5352,0.5352,75141,0
MRDB.US,D,20240620,000000,0.535,0.5352,0.5099,0.5099,178857,0
MRDB.US,D,20240621,000000,0.501,0.54,0.501,0.54,120611,0
MRDB.US,D,20240624,000000,0.5238,0.5446,0.5238,0.5306,132200,0
MRDB.US,D,20240625,000000,0.5188,0.5412,0.5188,0.5321,26539,0
MRDB.US,D,20240626,000000,0.5291,0.532,0.5276,0.5299,9232,0
MRDB.US,D,20240627,000000,0.5299,0.5391,0.5221,0.5389,20362,0
MRDB.US,D,20240628,000000,0.5141,0.5451,0.5141,0.5336,78004,0
MRDB.US,D,20240701,000000,0.5101,0.54,0.5101,0.54,45676,0
MRDB.US,D,20240702,000000,0.5137,0.5453,0.5137,0.5438,39803,0
MRDB.US,D,20240703,000000,0.545,0.5498,0.539,0.5471,25895,0
MRDB.US,D,20240705,000000,0.54,0.547,0.5341,0.5459,94151,0
MRDB.US,D,20240708,000000,0.55,0.55,0.5311,0.5388,64864,0
MRDB.US,D,20240709,000000,0.53,0.54,0.5251,0.5349,302623,0
MRDB.US,D,20240710,000000,0.542,0.5448,0.5212,0.539,305487,0
MRDB.US,D,20240711,000000,0.535,0.5445,0.532,0.5401,83696,0
MRDB.US,D,20240712,000000,0.526,0.58,0.526,0.562,224890,0
MRDB.US,D,20240715,000000,0.56,0.56,0.5423,0.5471,31594,0
MRDB.US,D,20240716,000000,0.546,0.56,0.546,0.546,22454,0
MRDB.US,D,20240717,000000,0.56,0.56,0.5455,0.5498,5857,0
MRDB.US,D,20240718,000000,0.5498,0.5498,0.5447,0.5449,39514,0
MRDB.US,D,20240719,000000,0.54,0.5487,0.536,0.5429,102227,0
MRDB.US,D,20240722,000000,0.544,0.544,0.54,0.5438,155781,0
MRDB.US,D,20240723,000000,0.5449,0.5449,0.538,0.5391,81891,0
MRDB.US,D,20240724,000000,0.5341,0.543,0.5341,0.537,32541,0
MRDB.US,D,20240725,000000,0.545,0.545,0.5411,0.542,7838,0
MRDB.US,D,20240726,000000,0.5451,0.5451,0.5401,0.5402,20631,0
MRDB.US,D,20240729,000000,0.543,0.55,0.543,0.5445,656776,0
MRDB.US,D,20240730,000000,0.5477,0.5699,0.5377,0.543,344306,0
MRDB.US,D,20240731,000000,0.5495,0.5495,0.5425,0.5494,3053,0
MRDB.US,D,20240801,000000,0.5495,0.56,0.5402,0.5566,55985,0
MRDB.US,D,20240802,000000,0.553,0.5547,0.544,0.545,69073,0
MRDB.US,D,20240805,000000,0.543,0.5562,0.5425,0.545,47497,0
MRDB.US,D,20240806,000000,0.545,0.5484,0.545,0.5456,14314,0
MRDB.US,D,20240807,000000,0.545,0.5504,0.545,0.545,25382,0
MRDB.US,D,20240808,000000,0.5456,0.5499,0.5456,0.5473,2183,0
MRDB.US,D,20240809,000000,0.55,0.55,0.545,0.547961,7295,0
MRDB.US,D,20240812,000000,0.545,0.5521,0.545,0.551,8988,0
MRDB.US,D,20240813,000000,0.545,0.5508,0.545,0.5452,6001,0
MRDB.US,D,20240814,000000,0.5489,0.5494,0.5452,0.548,4982,0
MRDB.US,D,20240815,000000,0.5452,0.5484,0.54,0.5432,30098,0
MRDB.US,D,20240816,000000,0.545,0.5477,0.545,0.5477,9118,0
MRDB.US,D,20240819,000000,0.55,0.55,0.5421,0.5469,74554,0
MRDB.US,D,20240820,000000,0.55,0.55,0.5442,0.5451,16782,0
MRDB.US,D,20240821,000000,0.5455,0.5479,0.5455,0.5479,12066,0
MRDB.US,D,20240822,000000,0.5451,0.5498,0.5451,0.5456,25569,0
MRDB.US,D,20240823,000000,0.5451,0.5499,0.5451,0.5494,130310,0
