<TICKER>,<PER>,<DATE>,<TIME>,<OPEN>,<HIGH>,<LOW>,<CLOSE>,<VOL>,<OPENINT>
NAPA.US,D,20210318,000000,18.6,19.39,16.99,17.18,11906434,0
NAPA.US,D,20210319,000000,17.48,19.05,17.2,19,2489440,0
NAPA.US,D,20210322,000000,19.99,20.7299,19.02,19.4,996852,0
NAPA.US,D,20210323,000000,19.55,20.06,19.2364,19.78,1897793,0
NAPA.US,D,20210324,000000,20,20.5,18.53,18.6,1954613,0
NAPA.US,D,20210325,000000,18.25,18.25,16.4,17.5,1371801,0
NAPA.US,D,20210326,000000,17.52,17.91,17.04,17.75,1109421,0
NAPA.US,D,20210329,000000,17.8,17.98,17.05,17.28,664403,0
NAPA.US,D,20210330,000000,17.29,17.48,16.51,16.81,773061,0
NAPA.US,D,20210331,000000,16.98,17.48,16.74,16.78,573774,0
NAPA.US,D,20210401,000000,16.79,17.725,16.78,17.48,558634,0
NAPA.US,D,20210405,000000,17.5,17.75,17.121,17.52,359948,0
NAPA.US,D,20210406,000000,17.55,17.73,17.22,17.54,192078,0
NAPA.US,D,20210407,000000,17.74,17.74,17.2,17.59,611806,0
NAPA.US,D,20210408,000000,17.84,18.1,17.5,18.08,497713,0
NAPA.US,D,20210409,000000,17.88,18.98,17.69,18.9,300921,0
NAPA.US,D,20210412,000000,18.4,18.81,17.64,18.77,596663,0
NAPA.US,D,20210413,000000,18.8,18.83,18.1,18.32,604840,0
NAPA.US,D,20210414,000000,18.32,18.57,18.01,18.03,233631,0
NAPA.US,D,20210415,000000,18.16,18.2194,17.7,17.85,225597,0
NAPA.US,D,20210416,000000,17.93,18.45,17.61,18.25,519682,0
NAPA.US,D,20210419,000000,18.38,18.44,17.97,18.41,718475,0
NAPA.US,D,20210420,000000,18.23,18.85,18.195,18.35,329555,0
NAPA.US,D,20210421,000000,18.17,18.275,17.87,18.12,212136,0
NAPA.US,D,20210422,000000,17.86,18.15,17.71,17.89,201961,0
NAPA.US,D,20210423,000000,17.91,17.99,17.7,17.77,194332,0
NAPA.US,D,20210426,000000,17.85,18.27,17.77,18.08,189302,0
NAPA.US,D,20210427,000000,18.2,18.24,17.9,18.03,148519,0
NAPA.US,D,20210428,000000,18.01,18.39,17.95,18.23,279571,0
NAPA.US,D,20210429,000000,18.22,18.68,18.22,18.58,306828,0
NAPA.US,D,20210430,000000,18.48,18.74,18.395,18.71,221689,0
NAPA.US,D,20210503,000000,18.71,19.32,18.71,19.31,268067,0
NAPA.US,D,20210504,000000,19.31,19.6965,19.22,19.43,199141,0
NAPA.US,D,20210505,000000,19.47,19.47,19.21,19.22,75312,0
NAPA.US,D,20210506,000000,19.22,19.2626,17.4,17.49,331950,0
NAPA.US,D,20210507,000000,17.67,18.27,17.4125,18.25,123754,0
NAPA.US,D,20210510,000000,18.25,18.26,17.4348,17.55,161934,0
NAPA.US,D,20210511,000000,17.41,17.54,16.93,16.99,333777,0
NAPA.US,D,20210512,000000,16.97,17.47,16.78,16.8,392244,0
NAPA.US,D,20210513,000000,16.92,17.15,16.1567,16.41,450997,0
NAPA.US,D,20210514,000000,16.5,17.04,16.29,17,960145,0
NAPA.US,D,20210517,000000,17.13,18.64,16.75,18.31,416431,0
NAPA.US,D,20210518,000000,18.34,18.85,18.06,18.64,159339,0
NAPA.US,D,20210519,000000,18.41,18.7794,18.27,18.67,265128,0
NAPA.US,D,20210520,000000,18.55,18.9,18.5458,18.59,223059,0
NAPA.US,D,20210521,000000,18.61,18.9802,18.61,18.66,141267,0
NAPA.US,D,20210524,000000,19.17,19.6,18.73,18.74,295110,0
NAPA.US,D,20210525,000000,18.78,19.0816,18.6,18.67,229080,0
NAPA.US,D,20210526,000000,18.77,18.95,18.38,18.84,438058,0
NAPA.US,D,20210527,000000,18.95,18.95,18.45,18.5,167608,0
NAPA.US,D,20210528,000000,18.52,18.71,18.14,18.18,190829,0
NAPA.US,D,20210601,000000,18.71,19.1,18.24,19.02,257344,0
NAPA.US,D,20210602,000000,19.12,19.55,19.0201,19.35,209593,0
NAPA.US,D,20210603,000000,19.23,19.275,18.5,18.82,265544,0
NAPA.US,D,20210604,000000,18.92,19.2,18.7,19.17,240644,0
NAPA.US,D,20210607,000000,19.17,19.22,18.68,18.93,333368,0
NAPA.US,D,20210608,000000,19.5,22.47,19.15,22.05,1583890,0
NAPA.US,D,20210609,000000,22.12,22.2815,20.725,21.35,519315,0
NAPA.US,D,20210610,000000,21.48,22.59,21.45,22.55,579559,0
NAPA.US,D,20210611,000000,22.53,22.82,21.8201,22.14,576428,0
NAPA.US,D,20210614,000000,22.54,23.5,22.4,22.98,808168,0
NAPA.US,D,20210615,000000,22.98,23.34,22.5,23.32,380809,0
NAPA.US,D,20210616,000000,23.23,24.14,23.2,24.01,681166,0
NAPA.US,D,20210617,000000,23.94,24.02,23.56,23.91,524327,0
NAPA.US,D,20210618,000000,23.86,24.18,23.73,24,1367387,0
NAPA.US,D,20210621,000000,24.02,24.48,23.45,23.7,762246,0
NAPA.US,D,20210622,000000,23.71,24.55,23.63,23.77,791691,0
NAPA.US,D,20210623,000000,23.95,24.2,22.59,22.6,614688,0
NAPA.US,D,20210624,000000,22.65,22.73,22.04,22.4,378089,0
NAPA.US,D,20210625,000000,22.51,22.7165,21.75,21.87,2745292,0
NAPA.US,D,20210628,000000,21.71,21.97,21.5,21.85,226680,0
NAPA.US,D,20210629,000000,21.93,21.93,21.09,21.47,476333,0
NAPA.US,D,20210630,000000,21.54,22.28,21.2,22.06,244271,0
NAPA.US,D,20210701,000000,22.1,22.11,21.45,21.61,275540,0
NAPA.US,D,20210702,000000,21.53,21.585,20.92,20.96,191419,0
NAPA.US,D,20210706,000000,21.01,21.22,20.25,20.57,373248,0
NAPA.US,D,20210707,000000,20.46,21.57,20.46,21.33,417899,0
NAPA.US,D,20210708,000000,21.2,21.39,20.53,21.36,491646,0
NAPA.US,D,20210709,000000,21.24,21.37,20.46,21.17,340764,0
NAPA.US,D,20210712,000000,21.15,21.24,20.47,20.96,242462,0
NAPA.US,D,20210713,000000,20.94,21.14,19.86,20.15,484229,0
NAPA.US,D,20210714,000000,20.26,20.39,19.85,20.07,138336,0
NAPA.US,D,20210715,000000,19.89,20.02,19.25,19.95,329333,0
NAPA.US,D,20210716,000000,20.07,20.42,19.81,20.23,207914,0
NAPA.US,D,20210719,000000,20.1,20.7,19.85,20.18,355237,0
NAPA.US,D,20210720,000000,20.63,23.79,20.42,22.65,1118707,0
NAPA.US,D,20210721,000000,22.77,22.88,21.2,22.04,799810,0
NAPA.US,D,20210722,000000,21.83,23.74,21.75,22.69,721148,0
NAPA.US,D,20210723,000000,22.95,23.5999,22.01,23.11,351601,0
NAPA.US,D,20210726,000000,23,23.955,22.8,23.35,267514,0
NAPA.US,D,20210727,000000,23.3,23.3291,22.21,22.7,307576,0
NAPA.US,D,20210728,000000,22.94,23.46,22.51,22.85,214878,0
NAPA.US,D,20210729,000000,22.91,23.66,22.65,23.38,192182,0
NAPA.US,D,20210730,000000,23.19,23.28,21.89,21.97,205221,0
NAPA.US,D,20210802,000000,22.18,23.24,22.03,22.83,232354,0
NAPA.US,D,20210803,000000,22.9,23.19,22.19,23.12,161705,0
NAPA.US,D,20210804,000000,23.06,24.47,23.06,23.9,519361,0
NAPA.US,D,20210805,000000,23.95,24,23.03,23.05,218703,0
NAPA.US,D,20210806,000000,23.04,23.47,22.45,22.85,241910,0
NAPA.US,D,20210809,000000,22.96,23.79,22.96,23.44,585998,0
NAPA.US,D,20210810,000000,23.56,23.77,22.29,22.69,259884,0
NAPA.US,D,20210811,000000,22.89,22.95,22.44,22.52,252473,0
NAPA.US,D,20210812,000000,22.42,22.8,21.58,21.68,162968,0
NAPA.US,D,20210813,000000,21.96,22.14,21.02,22,143329,0
NAPA.US,D,20210816,000000,21.79,22.0828,21.1,21.43,251748,0
NAPA.US,D,20210817,000000,21.17,21.445,20.07,20.3,277026,0
NAPA.US,D,20210818,000000,20.15,20.64,20.01,20.28,132834,0
NAPA.US,D,20210819,000000,20.19,20.37,19.91,20.13,256285,0
NAPA.US,D,20210820,000000,20.01,20.46,19.55,19.75,209860,0
NAPA.US,D,20210823,000000,20.25,20.72,19.93,20.55,190719,0
NAPA.US,D,20210824,000000,20.6,20.84,20.19,20.6,192358,0
NAPA.US,D,20210825,000000,20.71,21.15,20.41,20.92,394039,0
NAPA.US,D,20210826,000000,21.18,21.66,20.84,21.37,221515,0
NAPA.US,D,20210827,000000,21.46,22.06,21.09,21.84,223272,0
NAPA.US,D,20210830,000000,21.71,22.17,21.51,22.03,334910,0
NAPA.US,D,20210831,000000,22.02,22.2,21.191,21.49,239424,0
NAPA.US,D,20210901,000000,21.51,22.3,21.39,22.14,254859,0
NAPA.US,D,20210902,000000,22.37,22.59,21.85,22.11,207026,0
NAPA.US,D,20210903,000000,22.01,22.26,21.84,22.09,101344,0
NAPA.US,D,20210907,000000,22.02,22.1338,21.79,22.01,219896,0
NAPA.US,D,20210908,000000,21.9,22.01,21.17,21.9,271871,0
NAPA.US,D,20210909,000000,21.9,22.58,21.7134,22.36,178722,0
NAPA.US,D,20210910,000000,22.49,22.75,21.975,22.31,88119,0
NAPA.US,D,20210913,000000,22.33,22.73,21.98,22.42,151564,0
NAPA.US,D,20210914,000000,22.85,23.02,22.16,22.5,494686,0
NAPA.US,D,20210915,000000,22.38,22.945,21.805,22.49,321837,0
NAPA.US,D,20210916,000000,22.32,22.63,21.57,21.79,463831,0
NAPA.US,D,20210917,000000,21.98,21.98,21.14,21.29,518028,0
NAPA.US,D,20210920,000000,20.99,21.43,20.76,21.07,405526,0
NAPA.US,D,20210921,000000,21.15,21.765,20.95,21.47,350347,0
NAPA.US,D,20210922,000000,21.58,21.66,21.08,21.4,243531,0
NAPA.US,D,20210923,000000,21.59,22.74,21.485,21.92,366716,0
NAPA.US,D,20210924,000000,21.81,22.46,21.62,22.02,255960,0
NAPA.US,D,20210927,000000,22,22.81,21.57,22.25,517730,0
NAPA.US,D,20210928,000000,22.13,22.63,21.88,22.38,271751,0
NAPA.US,D,20210929,000000,22.39,23.07,22.38,22.82,659708,0
NAPA.US,D,20210930,000000,22.86,23.41,21.85,22.89,1016051,0
NAPA.US,D,20211001,000000,23.22,23.67,22.86,23.2,928852,0
NAPA.US,D,20211004,000000,23.33,23.94,22.67,23.52,824723,0
NAPA.US,D,20211005,000000,25,25.25,21.34,21.49,1504074,0
NAPA.US,D,20211006,000000,21.64,22.48,20.4,22.37,985221,0
NAPA.US,D,20211007,000000,22.26,22.92,22.19,22.77,640842,0
NAPA.US,D,20211008,000000,22.91,23.43,22.38,22.42,330238,0
NAPA.US,D,20211011,000000,22.37,22.6,21.7,22.07,486653,0
NAPA.US,D,20211012,000000,22.24,22.8,22.12,22.4,986232,0
NAPA.US,D,20211013,000000,21.17,21.7,20.77,21.38,649928,0
NAPA.US,D,20211014,000000,21.5,21.64,20.7,21.18,572949,0
NAPA.US,D,20211015,000000,21.27,21.48,19.48,19.66,6158224,0
NAPA.US,D,20211018,000000,19.65,20.235,19.28,19.64,3036028,0
NAPA.US,D,20211019,000000,19.73,20.18,19.505,20.05,1501776,0
NAPA.US,D,20211020,000000,19.96,20.14,19.521,19.83,1177643,0
NAPA.US,D,20211021,000000,19.9,19.99,19.2,19.52,885250,0
NAPA.US,D,20211022,000000,19.5,19.86,19.38,19.82,653282,0
NAPA.US,D,20211025,000000,19.89,20.07,19.33,19.35,539307,0
NAPA.US,D,20211026,000000,19.5,20.12,19.32,19.92,930742,0
NAPA.US,D,20211027,000000,19.98,20.41,19.875,20.19,561037,0
NAPA.US,D,20211028,000000,20.28,20.74,19.7,19.84,680089,0
NAPA.US,D,20211029,000000,19.73,19.89,19.19,19.34,370880,0
NAPA.US,D,20211101,000000,19.37,19.72,18.93,19.7,772752,0
NAPA.US,D,20211102,000000,19.78,20.835,19.75,20.78,663948,0
NAPA.US,D,20211103,000000,20.7,20.85,20.42,20.48,270293,0
NAPA.US,D,20211104,000000,20.51,20.77,20.2,20.29,458980,0
NAPA.US,D,20211105,000000,20.39,20.66,20.21,20.64,648093,0
NAPA.US,D,20211108,000000,20.75,20.8,20.13,20.29,402631,0
NAPA.US,D,20211109,000000,20.41,20.6,19.9,20.4,933834,0
NAPA.US,D,20211110,000000,20.28,20.45,19.4225,19.72,654276,0
NAPA.US,D,20211111,000000,19.83,19.99,19.54,19.96,612544,0
NAPA.US,D,20211112,000000,20.06,20.46,19.86,20.13,577851,0
NAPA.US,D,20211115,000000,20.15,20.3,19.69,19.76,569695,0
NAPA.US,D,20211116,000000,19.82,20.29,19.69,20.27,744705,0
NAPA.US,D,20211117,000000,20.07,20.44,19.97,20.17,620603,0
NAPA.US,D,20211118,000000,20.09,20.2,19.495,19.66,462412,0
NAPA.US,D,20211119,000000,19.56,19.94,19.55,19.64,481409,0
NAPA.US,D,20211122,000000,19.66,19.69,18.99,19,487585,0
NAPA.US,D,20211123,000000,19.1,19.44,18.8,19.14,569370,0
NAPA.US,D,20211124,000000,19.24,19.54,19.06,19.53,298294,0
NAPA.US,D,20211126,000000,19.11,19.78,19.11,19.57,311333,0
NAPA.US,D,20211129,000000,19.57,19.78,19.23,19.45,711618,0
NAPA.US,D,20211130,000000,19.3,19.52,18.93,19.21,1236248,0
NAPA.US,D,20211201,000000,19.32,19.69,18.32,18.35,381431,0
NAPA.US,D,20211202,000000,18.46,18.8632,18.29,18.68,291772,0
NAPA.US,D,20211203,000000,18.73,19.13,18.495,19.12,725825,0
NAPA.US,D,20211206,000000,19.17,19.79,19.1,19.79,667512,0
NAPA.US,D,20211207,000000,20.01,20.0795,19.6,20.07,596198,0
NAPA.US,D,20211208,000000,20.07,20.48,19.95,20.45,677239,0
NAPA.US,D,20211209,000000,20.35,21.34,20.053,20.64,654124,0
NAPA.US,D,20211210,000000,20.58,21.18,20.08,21.18,598239,0
NAPA.US,D,20211213,000000,21.11,22.355,20.81,22.22,822576,0
NAPA.US,D,20211214,000000,22.28,22.57,21.9215,22.14,573514,0
NAPA.US,D,20211215,000000,22.1,22.48,21.67,22.41,580011,0
NAPA.US,D,20211216,000000,22.5,23.23,22.29,22.43,602710,0
NAPA.US,D,20211217,000000,22.28,22.8,21.72,21.8,3413899,0
NAPA.US,D,20211220,000000,21.5,21.97,21.16,21.9,338321,0
NAPA.US,D,20211221,000000,21.88,22.46,21.75,22.26,320371,0
NAPA.US,D,20211222,000000,22.21,22.69,21.98,22.56,239133,0
NAPA.US,D,20211223,000000,22.59,22.7,22.28,22.48,287392,0
NAPA.US,D,20211227,000000,22.47,23.05,22.41,23,260255,0
NAPA.US,D,20211228,000000,23.02,23.22,22.52,22.89,420012,0
NAPA.US,D,20211229,000000,23,23.12,22.76,22.92,201619,0
NAPA.US,D,20211230,000000,23.08,23.38,22.94,23.26,236790,0
NAPA.US,D,20211231,000000,23.16,23.42,22.99,23.34,196467,0
NAPA.US,D,20220103,000000,23.15,23.47,22.83,23.33,494087,0
NAPA.US,D,20220104,000000,23.16,23.57,22.83,23.05,345758,0
NAPA.US,D,20220105,000000,23,23.415,22.71,22.76,273248,0
NAPA.US,D,20220106,000000,22.69,23.08,22.22,22.33,230243,0
NAPA.US,D,20220107,000000,22.2,22.7,22.11,22.29,385264,0
NAPA.US,D,20220110,000000,22.22,22.22,21.49,21.73,323392,0
NAPA.US,D,20220111,000000,21.72,22.26,21.57,22.08,233926,0
NAPA.US,D,20220112,000000,22.2,22.28,21.82,21.86,395923,0
NAPA.US,D,20220113,000000,21.91,21.91,21.38,21.45,233151,0
NAPA.US,D,20220114,000000,21.32,21.56,21.09,21.53,303963,0
NAPA.US,D,20220118,000000,21.29,21.36,20.395,20.51,437274,0
NAPA.US,D,20220119,000000,20.49,20.7,20.2,20.24,264091,0
NAPA.US,D,20220120,000000,20.31,20.68,20.04,20.12,296919,0
NAPA.US,D,20220121,000000,20.12,20.53,19.7,19.73,325133,0
NAPA.US,D,20220124,000000,19.56,20.56,19.21,20.49,386257,0
NAPA.US,D,20220125,000000,20.19,20.38,19.64,20.14,304158,0
NAPA.US,D,20220126,000000,20.4,20.42,19.15,19.23,279520,0
NAPA.US,D,20220127,000000,19.43,19.51,18.95,18.98,369626,0
NAPA.US,D,20220128,000000,18.95,19.34,18.49,19.29,349476,0
NAPA.US,D,20220131,000000,19.22,19.99,19.22,19.96,310884,0
NAPA.US,D,20220201,000000,19.87,20.29,19.39,19.94,434326,0
NAPA.US,D,20220202,000000,19.82,20.28,19.48,20.02,588842,0
NAPA.US,D,20220203,000000,19.82,19.95,19.43,19.46,246601,0
NAPA.US,D,20220204,000000,19.35,19.579,19.08,19.52,345412,0
NAPA.US,D,20220207,000000,19.5,19.98,19.5,19.79,230315,0
NAPA.US,D,20220208,000000,19.66,19.96,19.5601,19.94,124072,0
NAPA.US,D,20220209,000000,20,20.45,19.975,20.34,206367,0
NAPA.US,D,20220210,000000,20,20.44,19.63,19.8,260373,0
NAPA.US,D,20220211,000000,19.87,20.03,19.52,19.57,257601,0
NAPA.US,D,20220214,000000,19.66,19.84,19.19,19.49,191666,0
NAPA.US,D,20220215,000000,19.75,19.98,19.33,19.45,159548,0
NAPA.US,D,20220216,000000,19.36,19.51,19.13,19.48,150718,0
NAPA.US,D,20220217,000000,19.26,19.53,19.09,19.45,194879,0
NAPA.US,D,20220218,000000,19.42,19.65,19.22,19.35,207259,0
NAPA.US,D,20220222,000000,19.28,19.65,19.12,19.43,184057,0
NAPA.US,D,20220223,000000,19.51,19.615,18.65,18.71,165889,0
NAPA.US,D,20220224,000000,18.25,19.39,18.25,19.29,287496,0
NAPA.US,D,20220225,000000,19.32,19.78,19.16,19.69,143056,0
NAPA.US,D,20220228,000000,19.45,19.745,19.27,19.62,302813,0
NAPA.US,D,20220301,000000,19.56,19.76,19.15,19.25,234647,0
NAPA.US,D,20220302,000000,19.34,19.49,19.12,19.28,285765,0
NAPA.US,D,20220303,000000,19.34,19.34,18.75,18.86,138198,0
NAPA.US,D,20220304,000000,18.67,18.71,18.22,18.59,147406,0
NAPA.US,D,20220307,000000,18.67,18.73,18.13,18.2,178858,0
NAPA.US,D,20220308,000000,18.07,18.62,17.94,18.08,186552,0
NAPA.US,D,20220309,000000,18.42,18.61,18.13,18.39,183878,0
NAPA.US,D,20220310,000000,17.93,18.17,17.8,18.1,383736,0
NAPA.US,D,20220311,000000,18.72,18.72,17.29,17.54,500421,0
NAPA.US,D,20220314,000000,17.6,18.45,17.46,17.53,498343,0
NAPA.US,D,20220315,000000,17.63,17.83,17.2,17.28,359991,0
NAPA.US,D,20220316,000000,17.48,17.95,17.3,17.74,663459,0
NAPA.US,D,20220317,000000,17.7,18.28,17.69,17.92,381030,0
NAPA.US,D,20220318,000000,17.77,18.03,17.51,17.98,351970,0
NAPA.US,D,20220321,000000,17.89,18.04,17.44,17.56,202431,0
NAPA.US,D,20220322,000000,17.7,17.97,17.61,17.9,274010,0
NAPA.US,D,20220323,000000,17.8,17.895,17.375,17.58,267738,0
NAPA.US,D,20220324,000000,17.62,17.835,17.31,17.76,381548,0
NAPA.US,D,20220325,000000,17.9,18,17.225,17.36,155277,0
NAPA.US,D,20220328,000000,18.43,18.91,17.87,18.77,886360,0
NAPA.US,D,20220329,000000,19.19,19.41,18.77,18.96,554510,0
NAPA.US,D,20220330,000000,18.84,18.99,18.16,18.37,225773,0
NAPA.US,D,20220331,000000,18.24,18.53,18.16,18.19,254682,0
NAPA.US,D,20220401,000000,18.33,18.65,18.16,18.62,294351,0
NAPA.US,D,20220404,000000,18.76,18.76,18.46,18.53,327230,0
NAPA.US,D,20220405,000000,18.47,18.79,18.34,18.48,358119,0
NAPA.US,D,20220406,000000,18.26,18.68,18.25,18.57,275098,0
NAPA.US,D,20220407,000000,18.49,18.77,18.31,18.51,354348,0
NAPA.US,D,20220408,000000,18.51,18.74,18.25,18.59,295307,0
NAPA.US,D,20220411,000000,18.49,18.95,18.4,18.49,261460,0
NAPA.US,D,20220412,000000,18.42,18.69,18.38,18.41,174255,0
NAPA.US,D,20220413,000000,18.5,19,18.38,18.83,173563,0
NAPA.US,D,20220414,000000,18.86,19.264,18.545,18.63,519317,0
NAPA.US,D,20220418,000000,18.5,19.04,18.3515,18.79,285963,0
NAPA.US,D,20220419,000000,18.69,19.04,18.63,18.9,418338,0
NAPA.US,D,20220420,000000,18.9,19.237,18.855,18.88,180610,0
NAPA.US,D,20220421,000000,19.03,19.045,18.579,18.87,284994,0
NAPA.US,D,20220422,000000,18.9,19.11,18.5865,18.9,226081,0
NAPA.US,D,20220425,000000,18.96,19.31,18.76,19.31,210384,0
NAPA.US,D,20220426,000000,19.12,19.47,18.9,18.94,248602,0
NAPA.US,D,20220427,000000,18.84,19.28,18.7401,19.05,270439,0
NAPA.US,D,20220428,000000,19.11,19.48,19.02,19.42,221939,0
NAPA.US,D,20220429,000000,19.24,19.55,19.21,19.42,386297,0
NAPA.US,D,20220502,000000,19.44,19.73,19.15,19.59,404089,0
NAPA.US,D,20220503,000000,19.58,19.84,19.5125,19.76,285757,0
NAPA.US,D,20220504,000000,19.69,20.25,19.61,20.25,363566,0
NAPA.US,D,20220505,000000,20.02,20.1,19.55,19.83,329496,0
NAPA.US,D,20220506,000000,19.68,20.005,19.24,19.61,923071,0
NAPA.US,D,20220509,000000,19.34,19.77,19.17,19.5,438618,0
NAPA.US,D,20220510,000000,19.67,19.81,19.14,19.75,506871,0
NAPA.US,D,20220511,000000,19.82,20.075,18.62,18.64,311756,0
NAPA.US,D,20220512,000000,18.63,19.49,18.63,19.34,277606,0
NAPA.US,D,20220513,000000,19.47,20.25,19.47,20.23,298799,0
NAPA.US,D,20220516,000000,19.99,20.13,19.855,19.87,225352,0
NAPA.US,D,20220517,000000,20.08,20.19,19.795,20.14,202572,0
NAPA.US,D,20220518,000000,19.89,20.05,18.84,18.96,247325,0
NAPA.US,D,20220519,000000,19.08,19.16,18.6,18.84,453304,0
NAPA.US,D,20220520,000000,19.01,19.31,18.61,19.17,260514,0
NAPA.US,D,20220523,000000,19.35,19.48,19.09,19.4,160261,0
NAPA.US,D,20220524,000000,19.26,19.46,19.01,19.36,180243,0
NAPA.US,D,20220525,000000,19.41,19.5,19.1,19.31,355361,0
NAPA.US,D,20220526,000000,19.41,19.76,19.41,19.69,364850,0
NAPA.US,D,20220527,000000,19.83,20.02,19.58,19.93,281370,0
NAPA.US,D,20220531,000000,19.52,19.92,19.5,19.65,399312,0
NAPA.US,D,20220601,000000,19.59,19.65,18.97,19.45,278114,0
NAPA.US,D,20220602,000000,19.63,20.13,19.49,20.07,345973,0
NAPA.US,D,20220603,000000,21.3,22.29,20.23,20.83,1055261,0
NAPA.US,D,20220606,000000,21.12,21.9537,20.92,21,381881,0
NAPA.US,D,20220607,000000,20.72,21.155,20.57,21.12,270675,0
NAPA.US,D,20220608,000000,21.06,21.08,20.57,20.59,213281,0
NAPA.US,D,20220609,000000,20.47,20.75,20.29,20.38,266946,0
NAPA.US,D,20220610,000000,20.06,20.32,19.85,20.24,243432,0
NAPA.US,D,20220613,000000,20,20.03,19.3,19.41,210779,0
NAPA.US,D,20220614,000000,19.36,19.8733,19.26,19.68,359300,0
NAPA.US,D,20220615,000000,19.85,20.05,19.66,19.69,249201,0
NAPA.US,D,20220616,000000,19.33,19.895,19.06,19.73,431279,0
NAPA.US,D,20220617,000000,19.79,20.2,19.17,19.34,1013619,0
NAPA.US,D,20220621,000000,19.425,20.34,19.35,20.17,234846,0
NAPA.US,D,20220622,000000,20.04,20.27,19.92,20.02,500332,0
NAPA.US,D,20220623,000000,20.11,21.14,20,21,490072,0
NAPA.US,D,20220624,000000,21.23,21.45,20.95,21.45,867854,0
NAPA.US,D,20220627,000000,21.5,21.6,21.09,21.5,412296,0
NAPA.US,D,20220628,000000,21.58,21.87,20.91,20.97,455596,0
NAPA.US,D,20220629,000000,20.98,21.68,20.82,21.6,435448,0
NAPA.US,D,20220630,000000,21.48,21.77,20.945,21.06,545979,0
NAPA.US,D,20220701,000000,20.91,20.985,19.6,20,871383,0
NAPA.US,D,20220705,000000,20.01,21.29,19.96,21.15,362411,0
NAPA.US,D,20220706,000000,21.12,21.36,20.64,20.73,323451,0
NAPA.US,D,20220707,000000,19.29,19.33,18.59,18.87,2885323,0
NAPA.US,D,20220708,000000,18.77,19,18.7012,18.97,933674,0
NAPA.US,D,20220711,000000,18.87,18.88,18.42,18.53,702620,0
NAPA.US,D,20220712,000000,18.63,18.78,18.35,18.64,547309,0
NAPA.US,D,20220713,000000,18.45,18.73,18.29,18.63,825594,0
NAPA.US,D,20220714,000000,18.39,18.735,18.23,18.63,359961,0
NAPA.US,D,20220715,000000,18.89,18.9,18.53,18.73,371245,0
NAPA.US,D,20220718,000000,18.95,18.95,18.45,18.46,488314,0
NAPA.US,D,20220719,000000,18.73,18.87,18.52,18.71,322121,0
NAPA.US,D,20220720,000000,18.82,18.85,18.54,18.6,418670,0
NAPA.US,D,20220721,000000,18.64,18.8,18.41,18.6,450430,0
NAPA.US,D,20220722,000000,18.51,18.64,17.76,17.96,1152415,0
NAPA.US,D,20220725,000000,17.92,18.22,17.72,18.08,796707,0
NAPA.US,D,20220726,000000,18.1,18.16,17.81,17.91,1140500,0
NAPA.US,D,20220727,000000,18.16,18.58,17.86,18.51,654975,0
NAPA.US,D,20220728,000000,18.37,18.8,18.315,18.72,391776,0
NAPA.US,D,20220729,000000,18.7,18.8,18.29,18.34,396881,0
NAPA.US,D,20220801,000000,18.38,18.4,18.19,18.26,265092,0
NAPA.US,D,20220802,000000,18.1,18.455,18.03,18.43,383659,0
NAPA.US,D,20220803,000000,18.41,18.63,18.36,18.57,294710,0
NAPA.US,D,20220804,000000,18.69,18.78,18.54,18.76,269299,0
NAPA.US,D,20220805,000000,18.61,18.92,18.55,18.86,221279,0
NAPA.US,D,20220808,000000,18.86,19.035,18.67,18.83,340921,0
NAPA.US,D,20220809,000000,18.89,18.995,18.57,18.68,487614,0
NAPA.US,D,20220810,000000,18.84,19,18.61,18.73,259278,0
NAPA.US,D,20220811,000000,18.91,19,18.75,18.76,579758,0
NAPA.US,D,20220812,000000,18.88,18.98,18.8,18.93,352639,0
NAPA.US,D,20220815,000000,18.9,19.17,18.81,19.08,329522,0
NAPA.US,D,20220816,000000,19.12,19.32,19,19.23,299755,0
NAPA.US,D,20220817,000000,19.05,19.08,18.81,18.98,258535,0
NAPA.US,D,20220818,000000,18.91,19.385,18.91,19.2,643116,0
NAPA.US,D,20220819,000000,19.22,19.27,19.015,19.17,497999,0
NAPA.US,D,20220822,000000,19.12,19.27,18.835,18.91,370082,0
NAPA.US,D,20220823,000000,18.83,18.88,18.51,18.63,466426,0
NAPA.US,D,20220824,000000,18.73,19.025,18.6,18.73,261249,0
NAPA.US,D,20220825,000000,18.73,19.06,18.66,19.06,245685,0
NAPA.US,D,20220826,000000,19.09,19.09,18.55,18.62,211320,0
NAPA.US,D,20220829,000000,18.46,19,18.35,18.64,531538,0
NAPA.US,D,20220830,000000,18.67,18.67,18.29,18.3,469078,0
NAPA.US,D,20220831,000000,18.35,18.38,18.1825,18.24,565967,0
NAPA.US,D,20220901,000000,18.08,18.39,17.865,18.38,400928,0
NAPA.US,D,20220902,000000,18.42,18.78,18.32,18.4,336949,0
NAPA.US,D,20220906,000000,18.42,18.9,18.365,18.53,551349,0
NAPA.US,D,20220907,000000,18.57,18.785,18.255,18.53,410831,0
NAPA.US,D,20220908,000000,18.39,18.53,18.09,18.28,369011,0
NAPA.US,D,20220909,000000,18.32,18.38,18.16,18.3,527883,0
NAPA.US,D,20220912,000000,18.4,18.44,18.055,18.29,425817,0
NAPA.US,D,20220913,000000,18.03,18.12,17.38,17.38,593323,0
NAPA.US,D,20220914,000000,17.16,17.345,16.42,16.86,888247,0
NAPA.US,D,20220915,000000,15.96,16.06,14.95,15.07,1767737,0
NAPA.US,D,20220916,000000,14.91,15.03,14.24,14.31,1827475,0
NAPA.US,D,20220919,000000,14.24,14.97,14.17,14.95,1299339,0
NAPA.US,D,20220920,000000,14.57,14.78,14.48,14.67,485157,0
NAPA.US,D,20220921,000000,14.6,14.88,14.4,14.56,614314,0
NAPA.US,D,20220922,000000,14.41,14.57,14.0501,14.39,647481,0
NAPA.US,D,20220923,000000,14.33,14.61,14,14.6,598599,0
NAPA.US,D,20220926,000000,14.65,14.76,14.3443,14.37,722237,0
NAPA.US,D,20220927,000000,14.43,14.73,14.14,14.31,683002,0
NAPA.US,D,20220928,000000,14.49,15.125,14.39,14.81,1038061,0
NAPA.US,D,20220929,000000,14.41,14.75,12.64,13.81,1933036,0
NAPA.US,D,20220930,000000,13.79,14.47,13.645,14.43,1374055,0
NAPA.US,D,20221003,000000,14.56,14.94,13.9989,14.11,1917072,0
NAPA.US,D,20221004,000000,14.25,14.82,14.07,14.79,968978,0
NAPA.US,D,20221005,000000,14.6,15.04,14.57,14.81,928955,0
NAPA.US,D,20221006,000000,14.73,15.2,14.65,15.1,737535,0
NAPA.US,D,20221007,000000,15.05,15.18,14.53,14.53,1033671,0
NAPA.US,D,20221010,000000,14.59,14.755,14.345,14.43,515331,0
NAPA.US,D,20221011,000000,14.66,14.809,14.26,14.53,941961,0
NAPA.US,D,20221012,000000,14.59,14.7,14.4301,14.58,527501,0
NAPA.US,D,20221013,000000,14.33,14.78,14.18,14.64,420665,0
NAPA.US,D,20221014,000000,14.83,14.89,14.21,14.24,532715,0
NAPA.US,D,20221017,000000,14.55,14.8,14.51,14.75,511687,0
NAPA.US,D,20221018,000000,15.01,15.3096,14.53,14.6,544502,0
NAPA.US,D,20221019,000000,14.5,14.56,14.12,14.28,457547,0
NAPA.US,D,20221020,000000,14.31,14.33,13.715,13.8,410235,0
NAPA.US,D,20221021,000000,13.8,14,13.56,13.87,4452326,0
NAPA.US,D,20221024,000000,13.89,14.71,13.89,14.69,680290,0
NAPA.US,D,20221025,000000,14.7,15.3,14.66,15.22,447822,0
NAPA.US,D,20221026,000000,15.2,15.38,14.75,14.86,352136,0
NAPA.US,D,20221027,000000,14.94,15.08,14.7,14.7,273135,0
NAPA.US,D,20221028,000000,14.79,14.97,14.71,14.89,286910,0
NAPA.US,D,20221031,000000,14.79,14.98,14.61,14.62,327617,0
NAPA.US,D,20221101,000000,14.83,14.95,14.56,14.77,402260,0
NAPA.US,D,20221102,000000,14.77,14.89,14.21,14.23,391612,0
NAPA.US,D,20221103,000000,14.03,14.38,14.01,14.15,266048,0
NAPA.US,D,20221104,000000,14.34,14.4,14.11,14.33,269559,0
NAPA.US,D,20221107,000000,14.33,14.41,14.1,14.29,394900,0
NAPA.US,D,20221108,000000,14.4,14.59,14.16,14.32,310589,0
NAPA.US,D,20221109,000000,14.29,14.37,13.73,13.76,306572,0
NAPA.US,D,20221110,000000,14.34,14.78,14.26,14.75,427526,0
NAPA.US,D,20221111,000000,14.67,14.67,14.3,14.46,381303,0
NAPA.US,D,20221114,000000,14.47,14.94,14.3,14.78,399072,0
NAPA.US,D,20221115,000000,14.99,15.08,14.38,14.57,301666,0
NAPA.US,D,20221116,000000,14.54,14.86,14.335,14.77,337368,0
NAPA.US,D,20221117,000000,14.67,15.25,14.5787,15.2,519941,0
NAPA.US,D,20221118,000000,15.43,15.609,15.16,15.29,392550,0
NAPA.US,D,20221121,000000,15.25,15.84,15.12,15.48,1180859,0
NAPA.US,D,20221122,000000,15.58,15.84,15.34,15.72,1161544,0
NAPA.US,D,20221123,000000,15.79,16.3,15.79,16.19,1106902,0
NAPA.US,D,20221125,000000,15.91,16.52,15.91,16.27,1027714,0
NAPA.US,D,20221128,000000,16.04,16.79,16.04,16.18,1315942,0
NAPA.US,D,20221129,000000,16.09,16.1,15.04,15.52,512309,0
NAPA.US,D,20221130,000000,15.62,16.06,15.53,16.06,426602,0
NAPA.US,D,20221201,000000,16.15,16.53,15.93,16.07,540701,0
NAPA.US,D,20221202,000000,15.85,16.33,15.78,16.31,329174,0
NAPA.US,D,20221205,000000,16.13,16.47,16.09,16.38,465414,0
NAPA.US,D,20221206,000000,16.35,16.35,15.89,15.97,410196,0
NAPA.US,D,20221207,000000,16.03,16.122,15.7,15.8,603588,0
NAPA.US,D,20221208,000000,17.09,17.51,15.875,16.63,995637,0
NAPA.US,D,20221209,000000,16.61,16.94,16.535,16.62,702785,0
NAPA.US,D,20221212,000000,16.84,17.34,16.83,17.29,749845,0
NAPA.US,D,20221213,000000,17.57,17.72,17.18,17.33,616861,0
NAPA.US,D,20221214,000000,17.31,17.92,17.19,17.77,958408,0
NAPA.US,D,20221215,000000,17.53,17.56,16.84,16.85,567146,0
NAPA.US,D,20221216,000000,16.73,16.97,16.58,16.7,1095814,0
NAPA.US,D,20221219,000000,16.64,16.91,16.471,16.66,483352,0
NAPA.US,D,20221220,000000,16.59,16.61,16.23,16.28,460278,0
NAPA.US,D,20221221,000000,16.34,16.54,16.24,16.35,306021,0
NAPA.US,D,20221222,000000,16.28,16.52,15.87,16.37,493570,0
NAPA.US,D,20221223,000000,16.32,16.58,16.16,16.58,273676,0
NAPA.US,D,20221227,000000,16.6,16.61,16.3,16.39,318642,0
NAPA.US,D,20221228,000000,16.42,16.48,16.1,16.16,377678,0
NAPA.US,D,20221229,000000,16.23,16.51,16.19,16.44,279550,0
NAPA.US,D,20221230,000000,16.32,16.615,16.12,16.57,332169,0
NAPA.US,D,20230103,000000,16.7,16.798,16.25,16.27,467950,0
NAPA.US,D,20230104,000000,16.45,16.58,16.21,16.25,333589,0
NAPA.US,D,20230105,000000,16.18,16.18,15.625,15.73,325633,0
NAPA.US,D,20230106,000000,15.86,16.17,15.72,16.15,472094,0
NAPA.US,D,20230109,000000,16.09,16.4,15.92,15.92,218888,0
NAPA.US,D,20230110,000000,15.95,16.18,15.85,15.95,351837,0
NAPA.US,D,20230111,000000,16.02,16.14,15.82,16.09,329171,0
NAPA.US,D,20230112,000000,16.06,16.199,15.88,16.1,317412,0
NAPA.US,D,20230113,000000,16.08,16.3,15.94,16.28,430407,0
NAPA.US,D,20230117,000000,16.27,16.565,16.16,16.18,301329,0
NAPA.US,D,20230118,000000,16.14,16.21,15.86,15.94,595554,0
NAPA.US,D,20230119,000000,15.94,15.99,15.625,15.66,499412,0
NAPA.US,D,20230120,000000,15.75,16.31,15.58,16.3,302217,0
NAPA.US,D,20230123,000000,16.28,16.55,16.23,16.41,287856,0
NAPA.US,D,20230124,000000,16.34,16.82,16.34,16.78,224786,0
NAPA.US,D,20230125,000000,16.62,16.89,16.58,16.86,244095,0
NAPA.US,D,20230126,000000,16.93,16.98,16.455,16.5,196295,0
NAPA.US,D,20230127,000000,16.43,16.77,16.29,16.41,460119,0
NAPA.US,D,20230130,000000,16.35,16.55,16.26,16.26,279037,0
NAPA.US,D,20230131,000000,16.39,16.4,16,16.18,427438,0
NAPA.US,D,20230201,000000,16.18,16.64,16.11,16.59,544276,0
NAPA.US,D,20230202,000000,16.73,16.73,16.22,16.48,383779,0
NAPA.US,D,20230203,000000,16.36,16.48,16.15,16.28,424971,0
NAPA.US,D,20230206,000000,16.27,16.47,16.19,16.46,633239,0
NAPA.US,D,20230207,000000,16.38,16.42,15.48,15.54,430065,0
NAPA.US,D,20230208,000000,15.5,15.76,15.25,15.29,453794,0
NAPA.US,D,20230209,000000,15.5,15.56,14.97,14.99,421705,0
NAPA.US,D,20230210,000000,14.94,15.16,14.92,14.98,544003,0
NAPA.US,D,20230213,000000,15.01,15.45,15.01,15.44,491829,0
NAPA.US,D,20230214,000000,15.42,15.5,15.28,15.45,228544,0
NAPA.US,D,20230215,000000,15.4,15.51,15.29,15.4,200408,0
NAPA.US,D,20230216,000000,15.22,15.77,15.162,15.66,502745,0
NAPA.US,D,20230217,000000,15.74,15.94,15.56,15.62,540764,0
NAPA.US,D,20230221,000000,15.45,15.53,15.3,15.34,347725,0
NAPA.US,D,20230222,000000,15.42,15.53,15.32,15.38,312676,0
NAPA.US,D,20230223,000000,15.45,15.59,15.21,15.46,285652,0
NAPA.US,D,20230224,000000,15.33,15.47,15.205,15.42,207937,0
NAPA.US,D,20230227,000000,15.53,15.54,15.145,15.2,217727,0
NAPA.US,D,20230228,000000,15.19,15.39,15.14,15.25,493523,0
NAPA.US,D,20230301,000000,15.19,15.22,14.34,14.8,724053,0
NAPA.US,D,20230302,000000,14.81,15.16,14.68,14.97,328713,0
NAPA.US,D,20230303,000000,15.01,15.24,14.88,15.17,289097,0
NAPA.US,D,20230306,000000,15.18,15.275,15.08,15.11,311120,0
NAPA.US,D,20230307,000000,15.12,15.12,14.7298,14.77,245184,0
NAPA.US,D,20230308,000000,14.77,15.03,14.67,14.99,414752,0
NAPA.US,D,20230309,000000,16.3,16.63,15.08,15.67,1779349,0
NAPA.US,D,20230310,000000,15.62,15.87,15.25,15.43,731709,0
NAPA.US,D,20230313,000000,15.27,15.79,15.18,15.46,489528,0
NAPA.US,D,20230314,000000,15.65,15.7,15.34,15.5,552571,0
NAPA.US,D,20230315,000000,15.36,15.63,15.265,15.61,453846,0
NAPA.US,D,20230316,000000,15.64,15.74,15.435,15.56,711215,0
NAPA.US,D,20230317,000000,15.59,15.68,15.32,15.43,754800,0
NAPA.US,D,20230320,000000,15.47,15.73,15.43,15.61,463311,0
NAPA.US,D,20230321,000000,15.62,15.82,15.42,15.81,519959,0
NAPA.US,D,20230322,000000,15.86,15.94,15.41,15.43,614632,0
NAPA.US,D,20230323,000000,15.39,15.465,15.05,15.21,500658,0
NAPA.US,D,20230324,000000,15.23,15.61,15.1,15.61,417540,0
NAPA.US,D,20230327,000000,15.7,15.77,15.56,15.65,331450,0
NAPA.US,D,20230328,000000,15.67,15.71,15.51,15.56,349345,0
NAPA.US,D,20230329,000000,15.69,15.73,15.62,15.69,277694,0
NAPA.US,D,20230330,000000,15.79,15.8421,15.54,15.64,236908,0
NAPA.US,D,20230331,000000,15.72,15.9,15.61,15.9,463063,0
NAPA.US,D,20230403,000000,15.92,16.11,15.74,16.05,520986,0
NAPA.US,D,20230404,000000,15.33,15.36,14.75,15.03,2620878,0
NAPA.US,D,20230405,000000,15.11,15.13,14.69,14.89,792214,0
NAPA.US,D,20230406,000000,14.91,15.17,14.79,15.14,1050801,0
NAPA.US,D,20230410,000000,15.09,15.22,14.96,15.03,639602,0
NAPA.US,D,20230411,000000,14.96,15.18,14.96,15.05,478478,0
NAPA.US,D,20230412,000000,15.09,15.19,14.93,14.98,406436,0
NAPA.US,D,20230413,000000,15.02,15.11,14.93,14.94,649673,0
NAPA.US,D,20230414,000000,14.98,15.02,14.68,14.75,492526,0
NAPA.US,D,20230417,000000,14.76,14.855,14.63,14.8,598713,0
NAPA.US,D,20230418,000000,14.81,14.97,14.61,14.94,788648,0
NAPA.US,D,20230419,000000,14.96,15.1,14.83,15.07,514624,0
NAPA.US,D,20230420,000000,15.01,15.17,14.97,15.03,503219,0
NAPA.US,D,20230421,000000,15.07,15.09,14.95,15,428269,0
NAPA.US,D,20230424,000000,15,15.06,14.82,14.94,333018,0
NAPA.US,D,20230425,000000,14.87,14.87,14.715,14.84,333282,0
NAPA.US,D,20230426,000000,14.78,14.93,14.78,14.91,929402,0
NAPA.US,D,20230427,000000,14.89,15.09,14.84,15.09,517940,0
NAPA.US,D,20230428,000000,15.09,15.155,15.05,15.1,349199,0
NAPA.US,D,20230501,000000,15.08,15.33,15.02,15.3,728958,0
NAPA.US,D,20230502,000000,15.31,15.37,15.04,15.14,563509,0
NAPA.US,D,20230503,000000,15.16,15.24,14.97,15.01,550627,0
NAPA.US,D,20230504,000000,14.96,14.97,14.705,14.77,422779,0
NAPA.US,D,20230505,000000,14.92,15.05,14.545,14.62,760487,0
NAPA.US,D,20230508,000000,14.6,14.73,14.555,14.65,358311,0
NAPA.US,D,20230509,000000,14.61,14.61,14.4,14.41,339189,0
NAPA.US,D,20230510,000000,14.49,14.63,14.355,14.48,522029,0
NAPA.US,D,20230511,000000,14.46,14.47,14.23,14.42,339787,0
NAPA.US,D,20230512,000000,14.45,14.48,14.04,14.1,776888,0
NAPA.US,D,20230515,000000,14.14,14.22,14.01,14.16,682556,0
NAPA.US,D,20230516,000000,14.1,14.1,13.93,13.97,437287,0
NAPA.US,D,20230517,000000,13.96,14.015,13.855,13.89,494647,0
NAPA.US,D,20230518,000000,13.86,13.99,13.72,13.97,955643,0
NAPA.US,D,20230519,000000,14.05,14.05,13.66,13.68,481562,0
NAPA.US,D,20230522,000000,13.67,13.73,13.3,13.49,658255,0
NAPA.US,D,20230523,000000,13.49,13.51,13.215,13.4,608707,0
NAPA.US,D,20230524,000000,13.39,13.41,13.2,13.27,504638,0
NAPA.US,D,20230525,000000,13.18,13.18,12.905,13.03,587942,0
NAPA.US,D,20230526,000000,13.07,13.1017,12.985,13.02,418770,0
NAPA.US,D,20230530,000000,13.02,13.08,12.845,13.01,641000,0
NAPA.US,D,20230531,000000,13.02,13.11,12.99,13.03,795798,0
NAPA.US,D,20230601,000000,13.07,13.29,13,13.24,647461,0
NAPA.US,D,20230602,000000,13.37,14.01,13.34,14,669952,0
NAPA.US,D,20230605,000000,13.74,13.78,13.29,13.63,793936,0
NAPA.US,D,20230606,000000,13.66,13.68,13.38,13.68,696295,0
NAPA.US,D,20230607,000000,13.71,13.79,13.415,13.68,715764,0
NAPA.US,D,20230608,000000,13.56,13.84,13.52,13.83,934159,0
NAPA.US,D,20230609,000000,14.36,14.4599,13.47,13.99,1695001,0
NAPA.US,D,20230612,000000,14.08,14.19,13.71,14.02,782303,0
NAPA.US,D,20230613,000000,14.04,14.28,13.94,14.05,610580,0
NAPA.US,D,20230614,000000,14.04,14.38,13.97,14,1165610,0
NAPA.US,D,20230615,000000,14.01,14.12,13.835,13.85,762366,0
NAPA.US,D,20230616,000000,13.97,13.97,13.58,13.66,1103338,0
NAPA.US,D,20230620,000000,13.61,13.61,13.35,13.42,1519669,0
NAPA.US,D,20230621,000000,13.36,13.47,13.23,13.39,1237313,0
NAPA.US,D,20230622,000000,13.5,13.5,13.32,13.38,664565,0
NAPA.US,D,20230623,000000,13.4,13.4,13.05,13.1,2236770,0
NAPA.US,D,20230626,000000,13.1,13.29,12.99,13.2,3186394,0
NAPA.US,D,20230627,000000,13.23,13.44,13.14,13.37,907096,0
NAPA.US,D,20230628,000000,13.32,13.32,13.07,13.08,455026,0
NAPA.US,D,20230629,000000,13.07,13.19,12.97,13,867229,0
NAPA.US,D,20230630,000000,13.08,13.17,12.93,12.97,769600,0
NAPA.US,D,20230703,000000,12.9,12.975,12.78,12.83,536575,0
NAPA.US,D,20230705,000000,12.76,12.795,12.58,12.65,914686,0
NAPA.US,D,20230706,000000,12.61,12.94,12.55,12.9,829564,0
NAPA.US,D,20230707,000000,12.84,12.95,12.76,12.77,490279,0
NAPA.US,D,20230710,000000,12.7,12.7502,12.43,12.45,1408782,0
NAPA.US,D,20230711,000000,12.53,12.665,12.485,12.59,949722,0
NAPA.US,D,20230712,000000,12.65,12.8,12.565,12.59,794221,0
NAPA.US,D,20230713,000000,12.65,12.94,12.6,12.87,739551,0
NAPA.US,D,20230714,000000,12.83,12.83,12.64,12.74,390898,0
NAPA.US,D,20230717,000000,12.72,12.75,12.5205,12.62,732464,0
NAPA.US,D,20230718,000000,12.7,12.74,12.51,12.52,467235,0
NAPA.US,D,20230719,000000,12.62,12.88,12.6,12.88,627485,0
NAPA.US,D,20230720,000000,12.87,12.96,12.67,12.92,789777,0
NAPA.US,D,20230721,000000,12.95,13.14,12.915,13.05,549622,0
NAPA.US,D,20230724,000000,13.05,13.15,12.935,12.97,366204,0
NAPA.US,D,20230725,000000,12.97,13.02,12.755,12.85,462577,0
NAPA.US,D,20230726,000000,12.85,13.085,12.8,13,648877,0
NAPA.US,D,20230727,000000,12.99,13.08,12.8,12.81,509350,0
NAPA.US,D,20230728,000000,12.88,12.975,12.75,12.76,354073,0
NAPA.US,D,20230731,000000,12.72,12.8,12.55,12.58,513587,0
NAPA.US,D,20230801,000000,12.61,12.68,12.41,12.46,584120,0
NAPA.US,D,20230802,000000,12.39,12.59,12.35,12.47,575105,0
NAPA.US,D,20230803,000000,12.45,12.635,12.405,12.59,441453,0
NAPA.US,D,20230804,000000,12.61,12.925,12.57,12.72,444079,0
NAPA.US,D,20230807,000000,12.7,12.82,12.615,12.78,369035,0
NAPA.US,D,20230808,000000,12.7,12.7,12.415,12.46,628358,0
NAPA.US,D,20230809,000000,12.49,12.51,12.29,12.38,783799,0
NAPA.US,D,20230810,000000,12.43,12.64,12.43,12.64,647452,0
NAPA.US,D,20230811,000000,12.64,12.81,12.535,12.8,648890,0
NAPA.US,D,20230814,000000,12.8,12.89,12.69,12.83,501785,0
NAPA.US,D,20230815,000000,12.78,12.78,12.6,12.63,362686,0
NAPA.US,D,20230816,000000,12.62,12.685,12.53,12.56,402300,0
NAPA.US,D,20230817,000000,12.54,12.75,12.52,12.67,419769,0
NAPA.US,D,20230818,000000,12.63,12.71,12.53,12.62,309712,0
NAPA.US,D,20230821,000000,12.59,12.61,12.46,12.54,254905,0
NAPA.US,D,20230822,000000,12.49,12.6,12.28,12.31,691432,0
NAPA.US,D,20230823,000000,12.36,12.53,12.31,12.5,305214,0
NAPA.US,D,20230824,000000,12.44,12.575,12.44,12.54,290799,0
NAPA.US,D,20230825,000000,12.55,12.635,12.4,12.63,632732,0
NAPA.US,D,20230828,000000,12.65,12.77,12.62,12.74,515045,0
NAPA.US,D,20230829,000000,12.75,12.89,12.69,12.84,349258,0
NAPA.US,D,20230830,000000,12.78,12.84,12.63,12.82,341037,0
NAPA.US,D,20230831,000000,12.76,12.81,12.42,12.44,367703,0
NAPA.US,D,20230901,000000,12.52,12.56,12.17,12.22,537205,0
NAPA.US,D,20230905,000000,12.04,12.135,11.58,11.85,962101,0
NAPA.US,D,20230906,000000,11.92,11.959,11.75,11.76,438037,0
NAPA.US,D,20230907,000000,11.74,11.8087,11.625,11.67,385653,0
NAPA.US,D,20230908,000000,11.68,11.68,11.57,11.59,265834,0
NAPA.US,D,20230911,000000,11.58,11.63,11.36,11.38,469964,0
NAPA.US,D,20230912,000000,11.4,11.44,11.22,11.32,537284,0
NAPA.US,D,20230913,000000,11.33,11.61,11.31,11.52,454265,0
NAPA.US,D,20230914,000000,11.54,12.04,11.51,12.01,604949,0
NAPA.US,D,20230915,000000,11.98,12.09,11.81,11.84,706550,0
NAPA.US,D,20230918,000000,11.79,12.16,11.69,12.12,865364,0
NAPA.US,D,20230919,000000,12.08,12.22,12.04,12.11,681950,0
NAPA.US,D,20230920,000000,12.19,12.275,12.11,12.19,385881,0
NAPA.US,D,20230921,000000,12.18,12.18,11.995,12,577119,0
NAPA.US,D,20230922,000000,12.05,12.1399,11.98,12.02,598126,0
NAPA.US,D,20230925,000000,11.92,12.09,11.845,11.86,848234,0
NAPA.US,D,20230926,000000,11.83,11.92,11.75,11.8,615602,0
NAPA.US,D,20230927,000000,11.84,11.88,11.59,11.73,882430,0
NAPA.US,D,20230928,000000,11.5,11.58,10.635,11.12,2949261,0
NAPA.US,D,20230929,000000,11.15,11.17,10.245,10.26,2115356,0
NAPA.US,D,20231002,000000,10.26,10.32,9.8014,9.92,1706305,0
NAPA.US,D,20231003,000000,9.81,10.12,9.81,10.04,1004325,0
NAPA.US,D,20231004,000000,10.02,10.17,9.72,9.78,792811,0
NAPA.US,D,20231005,000000,9.76,9.91,9.55,9.55,758194,0
NAPA.US,D,20231006,000000,9.53,9.72,9.32,9.59,1533873,0
NAPA.US,D,20231009,000000,9.6,9.89,9.54,9.87,930793,0
NAPA.US,D,20231010,000000,9.87,10.04,9.84,10.03,696298,0
NAPA.US,D,20231011,000000,10.06,10.12,9.805,9.9,757529,0
NAPA.US,D,20231012,000000,9.87,9.9349,9.58,9.67,866854,0
NAPA.US,D,20231013,000000,9.71,9.91,9.655,9.91,814959,0
NAPA.US,D,20231016,000000,9.99,10.12,9.84,9.98,706969,0
NAPA.US,D,20231017,000000,9.91,10.27,9.91,10.25,661001,0
NAPA.US,D,20231018,000000,10.24,10.445,10.23,10.3,843500,0
NAPA.US,D,20231019,000000,10.34,10.49,10.318,10.4,718524,0
NAPA.US,D,20231020,000000,10.45,10.59,10.39,10.41,733525,0
NAPA.US,D,20231023,000000,10.32,10.59,10.24,10.36,674487,0
NAPA.US,D,20231024,000000,10.4,10.59,10.4,10.5,603446,0
NAPA.US,D,20231025,000000,10.52,10.735,10.41,10.63,716641,0
NAPA.US,D,20231026,000000,10.7,10.86,10.51,10.55,509811,0
NAPA.US,D,20231027,000000,10.55,10.61,10.21,10.26,635167,0
NAPA.US,D,20231030,000000,10.36,10.57,10.28,10.38,570794,0
NAPA.US,D,20231031,000000,10.46,10.6,10.375,10.43,441625,0
NAPA.US,D,20231101,000000,10.47,10.51,10.24,10.37,530646,0
NAPA.US,D,20231102,000000,10.43,10.59,10.37,10.56,534038,0
NAPA.US,D,20231103,000000,10.77,10.86,10.67,10.8,733071,0
NAPA.US,D,20231106,000000,10.84,11.08,10.76,10.77,688551,0
NAPA.US,D,20231107,000000,10.71,10.89,10.67,10.83,525761,0
NAPA.US,D,20231108,000000,10.89,10.91,10.605,10.73,411902,0
NAPA.US,D,20231109,000000,10.74,10.81,10.38,10.44,304737,0
NAPA.US,D,20231110,000000,10.42,10.46,10.215,10.44,441777,0
NAPA.US,D,20231113,000000,10.56,10.75,10.445,10.71,424803,0
NAPA.US,D,20231114,000000,10.84,10.95,10.78,10.92,498944,0
NAPA.US,D,20231115,000000,10.95,11,10.815,10.83,475568,0
NAPA.US,D,20231116,000000,10.83,10.925,10.675,10.7,645901,0
NAPA.US,D,20231117,000000,9.33,10.41,9.33,10.22,1561161,0
NAPA.US,D,20231120,000000,10.23,10.33,10.17,10.2,739616,0
NAPA.US,D,20231121,000000,10.25,10.25,10.03,10.09,773535,0
NAPA.US,D,20231122,000000,10.14,10.43,10.14,10.37,1030588,0
NAPA.US,D,20231124,000000,10.46,10.65,10.339,10.51,494064,0
NAPA.US,D,20231127,000000,10.49,10.52,10.17,10.18,580663,0
NAPA.US,D,20231128,000000,10.2,10.33,10.14,10.24,628430,0
NAPA.US,D,20231129,000000,10.22,10.35,10.06,10.07,507448,0
NAPA.US,D,20231130,000000,10.13,10.405,10.13,10.27,799054,0
NAPA.US,D,20231201,000000,10.25,10.45,10.19,10.42,788074,0
NAPA.US,D,20231204,000000,10.42,10.61,10.395,10.48,803438,0
NAPA.US,D,20231205,000000,10.46,10.485,10.25,10.26,1109876,0
NAPA.US,D,20231206,000000,10.25,10.38,10.04,10.21,1106509,0
NAPA.US,D,20231207,000000,9.25,9.53,8.9501,8.98,3069478,0
NAPA.US,D,20231208,000000,9,9.31,8.93,9.24,1358255,0
NAPA.US,D,20231211,000000,9.14,9.2,8.9592,9.11,1482530,0
NAPA.US,D,20231212,000000,9.28,9.38,9.135,9.37,1109865,0
NAPA.US,D,20231213,000000,9.37,9.66,9.24,9.57,904370,0
NAPA.US,D,20231214,000000,9.66,9.66,9.3812,9.41,1040694,0
NAPA.US,D,20231215,000000,9.52,9.52,9.21,9.35,1797067,0
NAPA.US,D,20231218,000000,9.42,9.465,9.24,9.45,827224,0
NAPA.US,D,20231219,000000,9.43,9.68,9.43,9.66,657384,0
NAPA.US,D,20231220,000000,9.59,9.87,9.54,9.6,666558,0
NAPA.US,D,20231221,000000,9.71,9.75,9.43,9.46,1043838,0
NAPA.US,D,20231222,000000,9.48,9.65,9.37,9.49,1842828,0
NAPA.US,D,20231226,000000,9.55,9.7,9.445,9.69,1458751,0
NAPA.US,D,20231227,000000,9.69,9.72,9.52,9.71,1099739,0
NAPA.US,D,20231228,000000,9.69,10.02,9.64,10.01,1311129,0
NAPA.US,D,20231229,000000,9.95,10.025,9.78,9.85,938172,0
NAPA.US,D,20240102,000000,9.78,10.105,9.7,10.07,933592,0
NAPA.US,D,20240103,000000,10.02,10.09,9.74,9.75,936403,0
NAPA.US,D,20240104,000000,9.84,9.93,9.74,9.79,1008866,0
NAPA.US,D,20240105,000000,9.75,9.82,9.575,9.71,939071,0
NAPA.US,D,20240108,000000,9.73,10.04,9.71,9.88,1140811,0
NAPA.US,D,20240109,000000,9.85,10.035,9.82,9.97,1367377,0
NAPA.US,D,20240110,000000,9.91,10.09,9.91,10.03,972483,0
NAPA.US,D,20240111,000000,10.01,10.01,9.515,9.61,1339018,0
NAPA.US,D,20240112,000000,9.69,9.78,9.28,9.29,957632,0
NAPA.US,D,20240116,000000,9.31,9.315,9,9.01,993731,0
NAPA.US,D,20240117,000000,8.91,8.96,8.575,8.68,1333504,0
NAPA.US,D,20240118,000000,8.72,8.7465,8.4949,8.55,1303911,0
NAPA.US,D,20240119,000000,8.63,8.635,8.34,8.61,1240705,0
NAPA.US,D,20240122,000000,8.63,8.88,8.58,8.85,874064,0
NAPA.US,D,20240123,000000,8.93,9.05,8.69,8.75,943358,0
NAPA.US,D,20240124,000000,8.76,8.79,8.53,8.58,809230,0
NAPA.US,D,20240125,000000,8.65,8.96,8.62,8.96,762639,0
NAPA.US,D,20240126,000000,9.01,9.1,8.83,8.88,906765,0
NAPA.US,D,20240129,000000,8.92,9,8.73,8.97,756851,0
NAPA.US,D,20240130,000000,8.92,8.96,8.73,8.85,708570,0
NAPA.US,D,20240131,000000,8.9,8.91,8.6,8.63,691348,0
NAPA.US,D,20240201,000000,8.63,8.98,8.63,8.97,862245,0
NAPA.US,D,20240202,000000,8.86,8.9,8.6979,8.83,693321,0
NAPA.US,D,20240205,000000,8.78,8.78,8.535,8.55,625488,0
NAPA.US,D,20240206,000000,8.53,8.72,8.53,8.69,919114,0
NAPA.US,D,20240207,000000,8.7,8.71,8.465,8.6,615287,0
NAPA.US,D,20240208,000000,8.56,8.705,8.52,8.67,582566,0
NAPA.US,D,20240209,000000,8.64,8.87,8.5993,8.87,668780,0
NAPA.US,D,20240212,000000,8.91,9.24,8.91,9.1,1010286,0
NAPA.US,D,20240213,000000,8.61,8.8,8.405,8.74,1673683,0
NAPA.US,D,20240214,000000,8.76,9.03,8.755,8.98,817650,0
NAPA.US,D,20240215,000000,9.06,9.4,9.03,9.29,1116127,0
NAPA.US,D,20240216,000000,9.17,9.37,9.055,9.32,732225,0
NAPA.US,D,20240220,000000,9.28,9.545,9.23,9.39,1211106,0
NAPA.US,D,20240221,000000,9.4,9.47,9.275,9.4,782102,0
NAPA.US,D,20240222,000000,9.36,9.4,9.21,9.37,721195,0
NAPA.US,D,20240223,000000,9.34,9.56,9.33,9.45,670496,0
NAPA.US,D,20240226,000000,9.4,9.52,9.32,9.49,872628,0
NAPA.US,D,20240227,000000,9.54,9.67,9.465,9.64,1044985,0
NAPA.US,D,20240228,000000,9.65,9.68,9.46,9.49,735012,0
NAPA.US,D,20240229,000000,9.58,9.68,9.475,9.51,819899,0
NAPA.US,D,20240301,000000,9.45,9.58,9.295,9.57,965318,0
NAPA.US,D,20240304,000000,9.5,9.57,9.39,9.52,873329,0
NAPA.US,D,20240305,000000,9.5,9.595,9.42,9.43,1029102,0
NAPA.US,D,20240306,000000,9.48,9.48,9.2,9.31,1219302,0
NAPA.US,D,20240307,000000,9.39,9.545,9.22,9.44,1449525,0
NAPA.US,D,20240308,000000,9.055,9.07,8.51,8.63,4095097,0
NAPA.US,D,20240311,000000,8.64,9.33,8.6068,9.13,2183149,0
NAPA.US,D,20240312,000000,9.09,9.13,8.88,8.97,1875823,0
NAPA.US,D,20240313,000000,8.96,9.29,8.88,9.17,2155619,0
NAPA.US,D,20240314,000000,9.13,9.22,8.98,9.15,1149244,0
NAPA.US,D,20240315,000000,9,9.16,8.995,9.05,2390060,0
NAPA.US,D,20240318,000000,9.03,9.07,8.93,8.95,1455460,0
NAPA.US,D,20240319,000000,8.96,9.06,8.91,8.99,962476,0
NAPA.US,D,20240320,000000,8.99,9.185,8.94,9.05,1954697,0
NAPA.US,D,20240321,000000,9.07,9.195,8.99,9.03,1010190,0
NAPA.US,D,20240322,000000,9.06,9.06,8.81,8.91,950147,0
NAPA.US,D,20240325,000000,8.95,9.14,8.95,9.1,745945,0
NAPA.US,D,20240326,000000,9.16,9.18,8.995,9.01,799485,0
NAPA.US,D,20240327,000000,9.06,9.24,9.06,9.17,651416,0
NAPA.US,D,20240328,000000,9.2,9.31,9.165,9.31,767265,0
NAPA.US,D,20240401,000000,9.28,9.31,8.99,9.09,1276469,0
NAPA.US,D,20240402,000000,9.08,9.35,9.05,9.19,998099,0
NAPA.US,D,20240403,000000,9.12,9.1371,9.015,9.1,908610,0
NAPA.US,D,20240404,000000,9.19,9.23,9.03,9.07,797380,0
NAPA.US,D,20240405,000000,9.07,9.13,9.01,9.11,1418513,0
NAPA.US,D,20240408,000000,9.09,9.19,8.99,8.99,779112,0
NAPA.US,D,20240409,000000,8.99,9.11,8.94,9.02,944684,0
NAPA.US,D,20240410,000000,8.8,8.86,8.395,8.47,1566372,0
NAPA.US,D,20240411,000000,8.5,8.535,8.285,8.43,1030126,0
NAPA.US,D,20240412,000000,8.43,8.45,8.08,8.22,1062947,0
NAPA.US,D,20240415,000000,8.32,8.32,8.1,8.23,1159516,0
NAPA.US,D,20240416,000000,8.17,8.325,8.11,8.29,885853,0
NAPA.US,D,20240417,000000,8.85,8.8748,8.225,8.25,1006069,0
NAPA.US,D,20240418,000000,8,8.1,7.78,7.99,2914672,0
NAPA.US,D,20240419,000000,8,8.26,8,8.26,1078573,0
NAPA.US,D,20240422,000000,8.25,8.42,8.175,8.36,816342,0
NAPA.US,D,20240423,000000,8.35,8.55,8.35,8.4,717304,0
NAPA.US,D,20240424,000000,8.29,8.455,8.26,8.41,707359,0
NAPA.US,D,20240425,000000,8.39,8.4795,8.29,8.4,808614,0
NAPA.US,D,20240426,000000,8.36,8.47,8.33,8.39,447650,0
NAPA.US,D,20240429,000000,8.44,8.53,8.37,8.52,581907,0
NAPA.US,D,20240430,000000,8.47,8.55,8.3697,8.47,971982,0
NAPA.US,D,20240501,000000,7.93,8.215,7.49,7.7,1869391,0
NAPA.US,D,20240502,000000,7.78,8,7.655,8,1030599,0
NAPA.US,D,20240503,000000,8.1,8.1,7.8,7.86,1017916,0
NAPA.US,D,20240506,000000,7.92,7.98,7.795,7.85,897877,0
NAPA.US,D,20240507,000000,7.92,8.06,7.83,8.05,1019305,0
NAPA.US,D,20240508,000000,8.04,8.13,7.94,7.95,721544,0
NAPA.US,D,20240509,000000,8.01,8.13,7.995,8.13,713817,0
NAPA.US,D,20240510,000000,8.15,8.205,8.06,8.18,770534,0
NAPA.US,D,20240513,000000,8.21,8.295,8.09,8.1,893623,0
NAPA.US,D,20240514,000000,8.2,8.25,7.97,8.07,600039,0
NAPA.US,D,20240515,000000,8.07,8.1399,7.98,8.03,541551,0
NAPA.US,D,20240516,000000,8.07,8.23,8.05,8.16,550063,0
NAPA.US,D,20240517,000000,8.19,8.21,8.1,8.18,497014,0
NAPA.US,D,20240520,000000,8.19,8.19,8.02,8.04,651747,0
NAPA.US,D,20240521,000000,8.06,8.12,7.975,8.06,689979,0
NAPA.US,D,20240522,000000,7.99,8.26,7.91,8.12,738966,0
NAPA.US,D,20240523,000000,8.08,8.13,7.97,7.97,632950,0
NAPA.US,D,20240524,000000,8.02,8.11,7.96,8.05,672211,0
NAPA.US,D,20240528,000000,8.07,8.07,7.875,8.04,844933,0
NAPA.US,D,20240529,000000,7.9,7.961,7.84,7.84,635745,0
NAPA.US,D,20240530,000000,7.87,7.935,7.775,7.9,586636,0
NAPA.US,D,20240531,000000,7.93,8.14,7.895,8.07,905465,0
NAPA.US,D,20240603,000000,8.07,8.14,8,8.03,880251,0
NAPA.US,D,20240604,000000,7.97,8.01,7.84,7.92,916289,0
NAPA.US,D,20240605,000000,7.91,7.91,7.715,7.76,1135512,0
NAPA.US,D,20240606,000000,7.74,7.82,7.685,7.79,1538069,0
NAPA.US,D,20240607,000000,7.57,7.805,7.45,7.5,1718119,0
NAPA.US,D,20240610,000000,7.51,7.51,7.28,7.32,1321488,0
NAPA.US,D,20240611,000000,7.26,7.46,7.145,7.45,1037592,0
NAPA.US,D,20240612,000000,7.6,7.635,7.46,7.48,720347,0
NAPA.US,D,20240613,000000,7.45,7.58,7.38,7.58,489656,0
NAPA.US,D,20240614,000000,7.49,7.725,7.44,7.7,726678,0
NAPA.US,D,20240617,000000,7.64,7.885,7.64,7.67,1104598,0
NAPA.US,D,20240618,000000,7.64,7.665,7.48,7.61,625016,0
NAPA.US,D,20240620,000000,7.56,7.565,7.48,7.49,675529,0
NAPA.US,D,20240621,000000,7.51,7.54,7.39,7.42,920259,0
NAPA.US,D,20240624,000000,7.42,7.5,7.33,7.34,922728,0
NAPA.US,D,20240625,000000,7.29,7.31,6.99,6.99,868837,0
NAPA.US,D,20240626,000000,6.99,7.03,6.9,7,844985,0
NAPA.US,D,20240627,000000,7.02,7.03,6.87,6.99,779354,0
NAPA.US,D,20240628,000000,7.03,7.12,6.9,7.1,1518446,0
NAPA.US,D,20240701,000000,7.13,7.19,6.92,7.02,709612,0
NAPA.US,D,20240702,000000,7.05,7.23,6.985,7.18,716062,0
NAPA.US,D,20240703,000000,7.22,7.23,7.01,7.03,445336,0
NAPA.US,D,20240705,000000,7.03,7.03,6.87,6.91,653508,0
NAPA.US,D,20240708,000000,6.9,6.96,6.73,6.77,724363,0
NAPA.US,D,20240709,000000,6.76,6.82,6.605,6.61,1137702,0
NAPA.US,D,20240710,000000,6.65,6.73,6.59,6.7,640200,0
NAPA.US,D,20240711,000000,6.78,7.06,6.78,7.04,1128697,0
NAPA.US,D,20240712,000000,7.14,7.245,7.09,7.19,969024,0
NAPA.US,D,20240715,000000,7.21,7.3,7.2,7.23,779552,0
NAPA.US,D,20240716,000000,7.26,7.515,7.25,7.48,875558,0
NAPA.US,D,20240717,000000,7.45,7.715,7.45,7.66,1004841,0
NAPA.US,D,20240718,000000,7.61,7.825,7.57,7.58,725875,0
NAPA.US,D,20240719,000000,7.55,7.61,7.44,7.59,809414,0
NAPA.US,D,20240722,000000,7.65,7.6532,7.485,7.58,986643,0
NAPA.US,D,20240723,000000,7.48,7.52,7.16,7.26,1980374,0
NAPA.US,D,20240724,000000,7.28,7.38,7.15,7.2,2076338,0
NAPA.US,D,20240725,000000,7.28,7.465,7.205,7.22,2447077,0
NAPA.US,D,20240726,000000,7.3,7.405,7.2,7.39,1381593,0
NAPA.US,D,20240729,000000,7.38,7.43,7.21,7.21,1686989,0
NAPA.US,D,20240730,000000,7.26,7.34,7.13,7.32,1445526,0
NAPA.US,D,20240731,000000,7.35,7.45,7.23,7.26,922558,0
NAPA.US,D,20240801,000000,7.29,7.305,7.02,7.09,1067370,0
NAPA.US,D,20240802,000000,7.06,7.125,6.975,7,1474805,0
NAPA.US,D,20240805,000000,6.9,6.91,6.62,6.62,1219128,0
NAPA.US,D,20240806,000000,6.63,6.695,6.48,6.48,1139112,0
NAPA.US,D,20240807,000000,6.57,6.71,6.48,6.64,920404,0
NAPA.US,D,20240808,000000,6.67,6.725,6.57,6.58,941658,0
NAPA.US,D,20240809,000000,6.58,6.62,6.46,6.51,839294,0
NAPA.US,D,20240812,000000,6.52,6.595,6.41,6.45,1042378,0
NAPA.US,D,20240813,000000,6.5,6.66,6.5,6.66,1193348,0
NAPA.US,D,20240814,000000,6.64,6.69,6.515,6.52,1228811,0
NAPA.US,D,20240815,000000,6.65,6.775,6.56,6.71,1298039,0
NAPA.US,D,20240816,000000,6.67,6.835,6.67,6.7,1892558,0
NAPA.US,D,20240819,000000,6.74,7.045,6.71,6.9,1539832,0
NAPA.US,D,20240820,000000,6.86,6.93,6.805,6.84,1246217,0
NAPA.US,D,20240821,000000,6.89,6.91,6.74,6.78,1525693,0
NAPA.US,D,20240822,000000,6.79,6.825,6.49,6.5,1986267,0
NAPA.US,D,20240823,000000,6.54,6.68,6.455,6.6,2483405,0
NAPA.US,D,20240826,000000,6.64,6.68,6.52,6.54,1454400,0
NAPA.US,D,20240827,000000,6.53,6.61,6.445,6.5,1510338,0
NAPA.US,D,20240828,000000,6.45,6.5,6.33,6.41,972205,0
NAPA.US,D,20240829,000000,6.42,6.465,6.34,6.36,1022986,0
NAPA.US,D,20240830,000000,6.39,6.425,6.255,6.33,1094027,0
NAPA.US,D,20240903,000000,6.29,6.3,6.185,6.22,962721,0
NAPA.US,D,20240904,000000,6.22,6.28,6.1,6.1,1010787,0
NAPA.US,D,20240905,000000,6.14,6.14,6.01,6.04,1414372,0
NAPA.US,D,20240906,000000,6.04,6.1029,5.985,6.07,1550066,0
NAPA.US,D,20240909,000000,6.09,6.37,6,6.11,1373955,0
NAPA.US,D,20240910,000000,6.11,6.11,5.69,5.72,1854036,0
NAPA.US,D,20240911,000000,5.72,5.72,5.545,5.62,1708127,0
NAPA.US,D,20240912,000000,5.65,5.75,5.55,5.73,998543,0
NAPA.US,D,20240913,000000,5.79,5.935,5.775,5.81,1000167,0
NAPA.US,D,20240916,000000,5.85,5.85,5.715,5.74,833935,0
NAPA.US,D,20240917,000000,5.76,5.97,5.76,5.83,1157793,0
NAPA.US,D,20240918,000000,5.83,6.035,5.7904,5.88,1028867,0
NAPA.US,D,20240919,000000,5.97,6.05,5.92,5.93,1130664,0
NAPA.US,D,20240920,000000,5.85,5.915,5.7,5.7,2190664,0
NAPA.US,D,20240923,000000,5.68,5.78,5.66,5.73,862666,0
NAPA.US,D,20240924,000000,5.76,5.85,5.64,5.64,1287947,0
NAPA.US,D,20240925,000000,5.65,5.67,5.485,5.56,1242203,0
NAPA.US,D,20240926,000000,5.67,5.86,5.66,5.8,1087826,0
NAPA.US,D,20240927,000000,5.89,6.03,5.86,5.89,932802,0
NAPA.US,D,20240930,000000,5.96,5.965,5.75,5.81,1107991,0
NAPA.US,D,20241001,000000,5.76,5.82,5.57,5.62,1138135,0
NAPA.US,D,20241002,000000,5.62,5.645,5.5,5.51,1218212,0
NAPA.US,D,20241003,000000,5.45,5.48,5.385,5.43,1362396,0
NAPA.US,D,20241004,000000,5.49,5.51,5.38,5.4,1544458,0
NAPA.US,D,20241007,000000,10.89,11,10.86,10.95,46907106,0
NAPA.US,D,20241008,000000,10.94,10.97,10.93,10.96,12172947,0
NAPA.US,D,20241009,000000,10.95,10.956,10.92,10.94,5276112,0
NAPA.US,D,20241010,000000,10.93,10.97,10.93,10.96,3629242,0
NAPA.US,D,20241011,000000,10.93,10.96,10.93,10.94,1844822,0
NAPA.US,D,20241014,000000,10.94,10.97,10.93,10.97,1531214,0
NAPA.US,D,20241015,000000,10.95,10.995,10.95,10.99,2208800,0
NAPA.US,D,20241016,000000,10.97,11,10.96,10.98,1677897,0
NAPA.US,D,20241017,000000,10.98,10.98,10.96,10.97,1431979,0
NAPA.US,D,20241018,000000,10.98,10.99,10.96,10.98,2791936,0
NAPA.US,D,20241021,000000,10.97,10.99,10.96,10.97,1668832,0
NAPA.US,D,20241022,000000,10.98,10.99,10.96,10.98,825959,0
NAPA.US,D,20241023,000000,10.98,10.99,10.965,10.98,1556161,0
NAPA.US,D,20241024,000000,10.97,10.98,10.94,10.96,2314147,0
NAPA.US,D,20241025,000000,10.96,10.98,10.95,10.95,1255881,0
NAPA.US,D,20241028,000000,10.96,10.98,10.95,10.96,1870079,0
NAPA.US,D,20241029,000000,10.97,10.99,10.96,10.97,1337814,0
NAPA.US,D,20241030,000000,10.97,10.99,10.96,10.97,1637528,0
NAPA.US,D,20241031,000000,10.97,10.98,10.96,10.96,1307942,0
NAPA.US,D,20241101,000000,10.97,10.98,10.96,10.97,1576263,0
NAPA.US,D,20241104,000000,10.975,11,10.97,10.98,1292034,0
NAPA.US,D,20241105,000000,10.98,11.04,10.97,11.02,1900208,0
NAPA.US,D,20241106,000000,11.04,11.05,10.98,10.99,1277936,0
NAPA.US,D,20241107,000000,10.99,11.03,10.985,11.01,1247395,0
NAPA.US,D,20241108,000000,11.02,11.03,11,11.03,469004,0
NAPA.US,D,20241111,000000,11.03,11.06,10.97,10.97,1232588,0
NAPA.US,D,20241112,000000,10.985,10.99,10.97,10.98,1304784,0
NAPA.US,D,20241113,000000,10.99,11.02,10.99,11.01,391524,0
NAPA.US,D,20241114,000000,11.005,11.07,11.005,11.03,758608,0
NAPA.US,D,20241115,000000,11.04,11.05,11.01,11.02,386261,0
NAPA.US,D,20241118,000000,11.02,11.06,11.02,11.04,702369,0
NAPA.US,D,20241119,000000,11.035,11.09,11.03,11.06,989874,0
NAPA.US,D,20241120,000000,11.06,11.1,11.05,11.06,810629,0
NAPA.US,D,20241121,000000,11.05,11.06,11.04,11.05,661024,0
NAPA.US,D,20241122,000000,11.03,11.04,10.96,10.99,5331121,0
NAPA.US,D,20241125,000000,11.01,11.02,10.98,10.98,2042235,0
NAPA.US,D,20241126,000000,11,11,10.98,10.98,2120354,0
NAPA.US,D,20241127,000000,10.99,11,10.98,10.98,1254305,0
NAPA.US,D,20241129,000000,10.99,11.02,10.98,11,1505348,0
NAPA.US,D,20241202,000000,11.02,11.03,11,11.02,4959053,0
NAPA.US,D,20241203,000000,11.025,11.04,11.02,11.03,1630956,0
NAPA.US,D,20241204,000000,11.035,11.04,11.03,11.03,659040,0
NAPA.US,D,20241205,000000,11.04,11.05,11.035,11.04,1216660,0
NAPA.US,D,20241206,000000,11.055,11.07,11.05,11.06,2527371,0
NAPA.US,D,20241209,000000,11.065,11.09,11.06,11.07,491674,0
NAPA.US,D,20241210,000000,11.07,11.08,11.06,11.07,589867,0
NAPA.US,D,20241211,000000,11.07,11.08,11.06,11.08,701744,0
NAPA.US,D,20241212,000000,11.08,11.09,11.07,11.08,395862,0
NAPA.US,D,20241213,000000,11.08,11.08,11.07,11.08,366128,0
NAPA.US,D,20241216,000000,11.075,11.1,11.07,11.08,847880,0
NAPA.US,D,20241217,000000,11.09,11.1,11.08,11.09,950698,0
NAPA.US,D,20241218,000000,11.085,11.09,11.08,11.08,1097236,0
NAPA.US,D,20241219,000000,11.08,11.09,11.08,11.09,1129167,0
NAPA.US,D,20241220,000000,11.09,11.11,11.09,11.11,1360825,0
NAPA.US,D,20241223,000000,11.1,11.11,11.09,11.09,1887671,0
