<TICKER>,<PER>,<DATE>,<TIME>,<OPEN>,<HIGH>,<LOW>,<CLOSE>,<VOL>,<OPENINT>
OBDE.US,D,20240126,000000,15.23,15.23,14.44,14.64,56066,0
OBDE.US,D,20240129,000000,14.75,14.85,14.68,14.8,14437,0
OBDE.US,D,20240130,000000,14.83,14.8999,14.7,14.75,19708,0
OBDE.US,D,20240131,000000,14.8,14.85,14.7,14.73,21417,0
OBDE.US,D,20240201,000000,14.78,14.78,14.65,14.66,11866,0
OBDE.US,D,20240202,000000,14.6571,14.6571,14.48,14.51,25557,0
OBDE.US,D,20240205,000000,14.5999,14.5999,14.51,14.52,12194,0
OBDE.US,D,20240206,000000,14.575,14.6,14.43,14.45,30553,0
OBDE.US,D,20240207,000000,14.5,14.5499,14.26,14.26,27603,0
OBDE.US,D,20240208,000000,14.23,14.5365,14.23,14.46,25658,0
OBDE.US,D,20240209,000000,14.4475,14.6,14.27,14.35,113989,0
OBDE.US,D,20240212,000000,14.58,14.6,14.47,14.51,102259,0
OBDE.US,D,20240213,000000,14.55,14.7,14.5,14.59,31692,0
OBDE.US,D,20240214,000000,14.65,14.65,14.55,14.59,15642,0
OBDE.US,D,20240215,000000,14.6,14.81,14.6,14.64,44392,0
OBDE.US,D,20240216,000000,14.61,15.03,14.58,14.76,81911,0
OBDE.US,D,20240220,000000,14.8,14.8,14.69,14.75,28282,0
OBDE.US,D,20240221,000000,14.75,14.75,14.5,14.6,43765,0
OBDE.US,D,20240222,000000,14.6,14.9,14.6,14.89,77420,0
OBDE.US,D,20240223,000000,14.91,14.91,14.8,14.85,42908,0
OBDE.US,D,20240226,000000,14.9,15,14.8,15,43474,0
OBDE.US,D,20240227,000000,15.25,15.25,14.9,14.95,49966,0
OBDE.US,D,20240228,000000,14.93,14.95,14.9,14.95,21315,0
OBDE.US,D,20240229,000000,15,15,14.895,14.95,42071,0
OBDE.US,D,20240301,000000,14.95,14.96,14.85,14.9,31763,0
OBDE.US,D,20240304,000000,14.93,14.93,14.8,14.87,36417,0
OBDE.US,D,20240305,000000,14.9499,15.02,14.85,15,173809,0
OBDE.US,D,20240306,000000,15,15,14.9,15,6283,0
OBDE.US,D,20240307,000000,14.9,15.06,14.9,15,253742,0
OBDE.US,D,20240308,000000,15,15.01,14.84,14.995,14891,0
OBDE.US,D,20240311,000000,15,15,14.85,14.95,9127,0
OBDE.US,D,20240312,000000,14.9,15.05,14.8,15.05,59026,0
OBDE.US,D,20240313,000000,15,15.25,14.99,15.2,84405,0
OBDE.US,D,20240314,000000,15,15.15,14.95,15.1,66309,0
OBDE.US,D,20240315,000000,15.08,15.15,14.97,14.99,32134,0
OBDE.US,D,20240318,000000,15,15.15,14.9731,15.08,48884,0
OBDE.US,D,20240319,000000,14.9,15.2,14.8609,15.04,129391,0
OBDE.US,D,20240320,000000,15.04,15.0996,15.03,15.07,18529,0
OBDE.US,D,20240321,000000,15.055,15.1,15.01,15.09,63812,0
OBDE.US,D,20240322,000000,15.09,15.32,15.05,15.32,40267,0
OBDE.US,D,20240325,000000,15.25,15.47,15.25,15.4,19499,0
OBDE.US,D,20240326,000000,15.4405,15.56,15.34,15.56,37046,0
OBDE.US,D,20240327,000000,15.19,15.29,15.15,15.25,41302,0
OBDE.US,D,20240328,000000,15.26,15.35,15.2,15.32,34539,0
OBDE.US,D,20240401,000000,15.35,15.36,15.15,15.27,15570,0
OBDE.US,D,20240402,000000,15.28,15.31,15.18,15.3,9273,0
OBDE.US,D,20240403,000000,15.3,15.54,15.3,15.46,40601,0
OBDE.US,D,20240404,000000,15.54,15.54,15.39,15.3997,23609,0
OBDE.US,D,20240405,000000,15.4,15.4237,15.2755,15.33,12891,0
OBDE.US,D,20240408,000000,15.34,15.42,15.26,15.41,18009,0
OBDE.US,D,20240409,000000,15.39,15.45,15.2,15.24,23819,0
OBDE.US,D,20240410,000000,15.15,15.225,15.05,15.07,12171,0
OBDE.US,D,20240411,000000,15.05,15.21,15.0301,15.21,9519,0
OBDE.US,D,20240412,000000,15.23,15.5,15.2,15.41,17016,0
OBDE.US,D,20240415,000000,15.25,15.54,15.05,15.2,26703,0
OBDE.US,D,20240416,000000,15.2,15.235,14.98,15.1,19026,0
OBDE.US,D,20240417,000000,15.15,15.19,15,15.07,16500,0
OBDE.US,D,20240418,000000,15.03,15.15,15.01,15.03,16073,0
OBDE.US,D,20240419,000000,15.01,15.1276,14.98,15,12936,0
OBDE.US,D,20240422,000000,15.1,16.8,14.9,16.3,103519,0
OBDE.US,D,20240423,000000,16.3,16.3,15.37,15.49,50866,0
OBDE.US,D,20240424,000000,15.4,15.5,15.24,15.29,19825,0
OBDE.US,D,20240425,000000,15.3,15.56,15.3,15.42,31044,0
OBDE.US,D,20240426,000000,15.49,16.1166,15.46,15.57,53771,0
OBDE.US,D,20240429,000000,15.65,15.7429,15.4201,15.47,45816,0
OBDE.US,D,20240430,000000,15.45,15.4998,14.95,15.035,55153,0
OBDE.US,D,20240501,000000,15.01,15.16,14.95,14.99,28958,0
OBDE.US,D,20240502,000000,15,15.32,14.95,15.31,32979,0
OBDE.US,D,20240503,000000,15.25,15.4999,15.22,15.45,21342,0
OBDE.US,D,20240506,000000,15.5,15.55,15.35,15.49,114475,0
OBDE.US,D,20240507,000000,15.55,15.68,15.53,15.64,31737,0
OBDE.US,D,20240508,000000,15.6,15.7,15.5,15.53,41741,0
OBDE.US,D,20240509,000000,15.53,15.97,15.5,15.79,42895,0
OBDE.US,D,20240510,000000,15.7921,16.21,15.73,16.17,16392,0
OBDE.US,D,20240513,000000,15.87,16.2,15.8,16.17,24443,0
OBDE.US,D,20240514,000000,16.21,16.21,16.06,16.2,12093,0
OBDE.US,D,20240515,000000,16.17,16.21,15.9201,16.16,12511,0
OBDE.US,D,20240516,000000,16.04,16.16,15.5,15.69,55031,0
OBDE.US,D,20240517,000000,15.695,15.89,15.695,15.86,11725,0
OBDE.US,D,20240520,000000,15.9,16.05,15.81,15.88,22677,0
OBDE.US,D,20240521,000000,15.97,16.0399,15.675,15.88,13210,0
OBDE.US,D,20240522,000000,15.89,16.05,15.89,15.995,14282,0
OBDE.US,D,20240523,000000,16.03,16.0998,15.8,16,23529,0
OBDE.US,D,20240524,000000,16.0499,16.46,16.01,16.25,52606,0
OBDE.US,D,20240528,000000,16.2,16.2899,16.0544,16.22,8463,0
OBDE.US,D,20240529,000000,16.1,16.1,15.99,16.1,9811,0
OBDE.US,D,20240530,000000,16.05,16.3999,15.96,16.32,13168,0
OBDE.US,D,20240531,000000,16.3,16.5,16.25,16.48,23510,0
OBDE.US,D,20240603,000000,16.55,16.5885,16.165,16.19,24461,0
OBDE.US,D,20240604,000000,16.19,16.2492,15.4426,15.72,49388,0
OBDE.US,D,20240605,000000,15.65,15.655,15.2,15.3,101086,0
OBDE.US,D,20240606,000000,15.39,15.4699,15.05,15.11,297475,0
OBDE.US,D,20240607,000000,15.16,15.1999,14.98,15.08,122223,0
OBDE.US,D,20240610,000000,15.11,15.97,15.02,15.08,171913,0
OBDE.US,D,20240611,000000,15.1,15.18,14.98,15.02,166587,0
OBDE.US,D,20240612,000000,15.1,15.16,14.91,14.93,214876,0
OBDE.US,D,20240613,000000,14.98,14.99,14.88,14.97,131559,0
OBDE.US,D,20240614,000000,14.88,15.085,14.88,15.08,279496,0
OBDE.US,D,20240617,000000,14.95,15.04,14.76,14.88,124192,0
OBDE.US,D,20240618,000000,14.85,15.08,14.82,14.98,79475,0
OBDE.US,D,20240620,000000,15,15.02,14.92,15,79777,0
OBDE.US,D,20240621,000000,15,15.03,14.9,15,82261,0
OBDE.US,D,20240624,000000,15.02,15.02,14.85,14.9,92341,0
OBDE.US,D,20240625,000000,14.9,14.9,14.875,14.9,45715,0
OBDE.US,D,20240626,000000,14.88,15.01,14.86,15,205785,0
OBDE.US,D,20240627,000000,15.03,15.05,14.88,14.96,149179,0
OBDE.US,D,20240628,000000,14.69,14.97,14.63,14.97,72966,0
OBDE.US,D,20240701,000000,14.95,14.99,14.9,14.98,76667,0
OBDE.US,D,20240702,000000,14.98,14.99,14.89,14.95,67229,0
OBDE.US,D,20240703,000000,14.96,15,14.9,14.99,37036,0
OBDE.US,D,20240705,000000,14.99,15.1499,14.95,15.04,157531,0
OBDE.US,D,20240708,000000,15.11,15.11,14.95,14.95,246617,0
OBDE.US,D,20240709,000000,15.02,15.06,14.86,15,334889,0
OBDE.US,D,20240710,000000,15.15,15.15,14.94,15.05,164964,0
OBDE.US,D,20240711,000000,15.06,15.07,14.91,14.95,138058,0
OBDE.US,D,20240712,000000,14.99,15.04,14.9,15.03,651209,0
OBDE.US,D,20240715,000000,15.2,15.2,14.88,14.96,226194,0
OBDE.US,D,20240716,000000,14.99,15.08,14.89,15.05,810415,0
OBDE.US,D,20240717,000000,15.11,15.14,14.97,15,111684,0
OBDE.US,D,20240718,000000,15.01,15.04,14.8,14.8,61377,0
OBDE.US,D,20240719,000000,14.85,14.86,14.74,14.75,99457,0
OBDE.US,D,20240722,000000,14.81,14.89,14.64,14.69,116175,0
OBDE.US,D,20240723,000000,14.69,14.7,14.48,14.59,175649,0
OBDE.US,D,20240724,000000,14.48,14.66,14.48,14.65,126398,0
OBDE.US,D,20240725,000000,14.6,14.8199,14.6,14.73,149303,0
OBDE.US,D,20240726,000000,14.76,14.84,14.64,14.64,177322,0
OBDE.US,D,20240729,000000,14.65,14.75,14.58,14.75,119376,0
OBDE.US,D,20240730,000000,14.75,14.78,14.5,14.75,185285,0
OBDE.US,D,20240731,000000,14.73,14.8699,14.67,14.83,117491,0
OBDE.US,D,20240801,000000,14.8,14.81,14.5,14.52,125137,0
OBDE.US,D,20240802,000000,14.53,14.53,13.97,14.27,146569,0
OBDE.US,D,20240805,000000,14.23,14.235,13.6,13.77,242435,0
OBDE.US,D,20240806,000000,13.85,14.03,13.745,13.93,327634,0
OBDE.US,D,20240807,000000,13.93,14.0699,13.93,14.04,301753,0
OBDE.US,D,20240808,000000,14.3,14.45,14.09,14.22,379620,0
OBDE.US,D,20240809,000000,14.2136,14.26,13.9,14,137437,0
OBDE.US,D,20240812,000000,13.96,14.28,13.96,14.09,107840,0
OBDE.US,D,20240813,000000,14.12,14.1882,14.04,14.06,129953,0
OBDE.US,D,20240814,000000,14.08,14.1202,13.93,14.02,95901,0
OBDE.US,D,20240815,000000,14.09,14.44,14.01,14.32,199311,0
OBDE.US,D,20240816,000000,14.25,14.43,14.25,14.32,119638,0
OBDE.US,D,20240819,000000,14.4,14.55,14.28,14.34,170669,0
OBDE.US,D,20240820,000000,14.4,14.4,14.2,14.27,109367,0
OBDE.US,D,20240821,000000,14.3,14.3699,14.26,14.3,119064,0
OBDE.US,D,20240822,000000,14.42,14.4307,14.2,14.39,144102,0
OBDE.US,D,20240823,000000,14.49,14.75,14.42,14.53,121287,0
OBDE.US,D,20240826,000000,14.61,14.75,14.48,14.64,221921,0
OBDE.US,D,20240827,000000,14.63,14.66,14.53,14.54,167802,0
OBDE.US,D,20240828,000000,14.57,14.6,14.48,14.51,140579,0
OBDE.US,D,20240829,000000,14.5,14.69,14.48,14.6,181600,0
OBDE.US,D,20240830,000000,14.56,14.771,14.535,14.76,191464,0
OBDE.US,D,20240903,000000,14.78,14.78,14.475,14.53,113472,0
OBDE.US,D,20240904,000000,14.62,14.65,14.49,14.52,68859,0
OBDE.US,D,20240905,000000,14.49,14.56,14.48,14.54,59687,0
OBDE.US,D,20240906,000000,14.47,14.54,14.27,14.35,119796,0
OBDE.US,D,20240909,000000,14.28,14.48,14.28,14.41,123127,0
OBDE.US,D,20240910,000000,14.5,14.54,14.25,14.4,168536,0
OBDE.US,D,20240911,000000,14.31,14.49,14.21,14.47,114800,0
OBDE.US,D,20240912,000000,14.55,14.68,14.4632,14.66,84518,0
OBDE.US,D,20240913,000000,14.69,14.7,14.48,14.61,210365,0
OBDE.US,D,20240916,000000,14.55,14.565,14.46,14.51,180144,0
OBDE.US,D,20240917,000000,14.51,14.58,14.4531,14.49,120208,0
OBDE.US,D,20240918,000000,14.46,14.54,14.46,14.48,235287,0
OBDE.US,D,20240919,000000,14.61,14.69,14.48,14.51,281090,0
OBDE.US,D,20240920,000000,14.6,14.61,14.49,14.5,147692,0
OBDE.US,D,20240923,000000,14.46,14.58,14.37,14.51,141702,0
OBDE.US,D,20240924,000000,14.51,14.59,14.42,14.43,105125,0
OBDE.US,D,20240925,000000,14.45,14.4899,14.34,14.35,97244,0
OBDE.US,D,20240926,000000,14.4,14.55,14.33,14.38,102759,0
OBDE.US,D,20240927,000000,14.32,14.52,14.32,14.49,120509,0
OBDE.US,D,20240930,000000,14.15,14.33,14.14,14.33,125562,0
OBDE.US,D,20241001,000000,14.37,14.37,14.16,14.21,83779,0
OBDE.US,D,20241002,000000,14.19,14.31,14.17,14.31,142425,0
OBDE.US,D,20241003,000000,14.38,14.54,14.27,14.5,113785,0
OBDE.US,D,20241004,000000,14.6,14.7,14.53,14.66,185254,0
OBDE.US,D,20241007,000000,14.65,14.69,14.49,14.53,190179,0
OBDE.US,D,20241008,000000,14.55,14.55,14.36,14.53,91029,0
OBDE.US,D,20241009,000000,14.53,14.552,14.41,14.51,68389,0
OBDE.US,D,20241010,000000,14.51,14.7,14.455,14.65,61651,0
OBDE.US,D,20241011,000000,14.65,14.77,14.51,14.6,308323,0
OBDE.US,D,20241014,000000,14.6,14.6,14.46,14.5,139918,0
OBDE.US,D,20241015,000000,14.4,14.7,14.4,14.55,226527,0
OBDE.US,D,20241016,000000,14.6,14.72,14.5,14.64,237221,0
OBDE.US,D,20241017,000000,14.65,14.69,14.485,14.56,112031,0
OBDE.US,D,20241018,000000,14.5,14.63,14.42,14.57,124216,0
OBDE.US,D,20241021,000000,14.6,14.65,14.5,14.61,139359,0
OBDE.US,D,20241022,000000,14.57,14.64,14.16,14.32,633353,0
OBDE.US,D,20241023,000000,14.35,14.4,14.21,14.39,294466,0
OBDE.US,D,20241024,000000,14.4,14.53,14.31,14.49,199930,0
OBDE.US,D,20241025,000000,14.5,14.5359,14.454,14.5,135264,0
OBDE.US,D,20241028,000000,14.5,14.65,14.49,14.64,195834,0
OBDE.US,D,20241029,000000,14.6,14.665,14.57,14.66,100113,0
OBDE.US,D,20241030,000000,14.65,14.69,14.5,14.58,357049,0
OBDE.US,D,20241031,000000,14.59,14.65,14.52,14.56,103825,0
OBDE.US,D,20241101,000000,14.54,14.6267,14.47,14.47,141993,0
OBDE.US,D,20241104,000000,14.45,14.46,14.35,14.36,217620,0
OBDE.US,D,20241105,000000,14.38,14.4491,14.32,14.43,144020,0
OBDE.US,D,20241106,000000,14.55,14.69,14.53,14.64,180484,0
OBDE.US,D,20241107,000000,14.65,14.7,14.56,14.69,240009,0
OBDE.US,D,20241108,000000,14.68,14.68,14.56,14.63,346350,0
OBDE.US,D,20241111,000000,14.665,14.705,14.59,14.64,113811,0
OBDE.US,D,20241112,000000,14.6438,14.6438,14.46,14.49,105494,0
OBDE.US,D,20241113,000000,14.57,14.625,14.49,14.54,140902,0
OBDE.US,D,20241114,000000,14.51,14.61,14.49,14.59,261431,0
OBDE.US,D,20241115,000000,14.59,14.71,14.55,14.66,123251,0
OBDE.US,D,20241118,000000,14.66,14.72,14.51,14.69,401273,0
OBDE.US,D,20241119,000000,14.65,14.75,14.6,14.73,569100,0
OBDE.US,D,20241120,000000,14.7,14.755,14.69,14.7,356961,0
OBDE.US,D,20241121,000000,14.75,14.8,14.7,14.75,660094,0
OBDE.US,D,20241122,000000,14.74,14.875,14.74,14.85,485584,0
OBDE.US,D,20241125,000000,14.91,14.91,14.83,14.86,309329,0
OBDE.US,D,20241126,000000,14.87,14.89,14.81,14.85,237605,0
OBDE.US,D,20241127,000000,14.875,14.9,14.835,14.86,243570,0
OBDE.US,D,20241129,000000,14.801,14.94,14.77,14.88,278875,0
OBDE.US,D,20241202,000000,14.915,14.92,14.78,14.89,638867,0
OBDE.US,D,20241203,000000,14.85,14.96,14.82,14.91,821342,0
OBDE.US,D,20241204,000000,14.9215,14.97,14.85,14.91,532289,0
OBDE.US,D,20241205,000000,14.92,14.93,14.77,14.88,448933,0
OBDE.US,D,20241206,000000,14.855,14.95,14.8,14.95,358878,0
OBDE.US,D,20241209,000000,14.95,15.02,14.935,15.01,436703,0
OBDE.US,D,20241210,000000,15.0199,15.03,14.92,15.02,351295,0
OBDE.US,D,20241211,000000,15.0692,15.0692,14.975,15,159632,0
OBDE.US,D,20241212,000000,15,15.02,14.89,14.91,299798,0
OBDE.US,D,20241213,000000,14.95,14.955,14.83,14.94,509695,0
OBDE.US,D,20241216,000000,14.89,14.91,14.81,14.82,275576,0
OBDE.US,D,20241217,000000,14.975,15,14.76,14.86,446550,0
OBDE.US,D,20241218,000000,14.91,15.025,14.66,14.72,544381,0
OBDE.US,D,20241219,000000,14.85,15.01,14.78,14.95,548329,0
OBDE.US,D,20241220,000000,15,15.38,14.92,15.04,1034975,0
OBDE.US,D,20241223,000000,15.24,15.24,14.935,15.08,204211,0
OBDE.US,D,20241224,000000,15.1,15.235,15.05,15.21,252746,0
OBDE.US,D,20241226,000000,15.25,15.3,15.19,15.19,252190,0
OBDE.US,D,20241227,000000,15.24,15.3,15.16,15.25,739567,0
OBDE.US,D,20241230,000000,15.27,15.31,15.22,15.29,520886,0
OBDE.US,D,20241231,000000,14.51,14.5699,14.37,14.42,608205,0
OBDE.US,D,20250102,000000,14.42,14.69,14.41,14.67,666230,0
OBDE.US,D,20250103,000000,14.73,14.73,14.66,14.71,286269,0
OBDE.US,D,20250106,000000,14.74,14.75,14.36,14.42,268913,0
OBDE.US,D,20250107,000000,14.47,14.54,14.33,14.33,215046,0
OBDE.US,D,20250108,000000,14.32,14.35,14.19,14.33,328367,0
OBDE.US,D,20250110,000000,14.34,14.4,14.12,14.14,400692,0
