<TICKER>,<PER>,<DATE>,<TIME>,<OPEN>,<HIGH>,<LOW>,<CLOSE>,<VOL>,<OPENINT>
PGRU.US,D,20220321,000000,8.46,8.62,7.75,7.89,88061,0
PGRU.US,D,20220322,000000,7.99,8.1,7.7001,7.96,108117,0
PGRU.US,D,20220323,000000,7.76,8.5,7.76,7.88,126128,0
PGRU.US,D,20220324,000000,7.38,7.88,6.27,6.91,240193,0
PGRU.US,D,20220325,000000,6.89,7.1947,6.11,6.41,233681,0
PGRU.US,D,20220328,000000,6.6,7.01,6.56,6.9112,93700,0
PGRU.US,D,20220329,000000,6.81,7.3,6.61,7.12,56051,0
PGRU.US,D,20220330,000000,7.22,7.465,7,7.06,63245,0
PGRU.US,D,20220331,000000,7.06,7.39,6.9,6.9,32573,0
PGRU.US,D,20220401,000000,6.8,7.04,6.23,6.23,79122,0
PGRU.US,D,20220404,000000,6.6,6.99,6.5,6.84,35490,0
PGRU.US,D,20220405,000000,6.95,7,6.77,6.92,30907,0
PGRU.US,D,20220406,000000,7,7.04,6.81,6.96,8789,0
PGRU.US,D,20220407,000000,6.93,7.2699,6.93,7.21,5275,0
PGRU.US,D,20220408,000000,7.05,7.29,7.04,7.29,4558,0
PGRU.US,D,20220411,000000,7.12,7.27,6.84,6.95,25641,0
PGRU.US,D,20220412,000000,6.99,7.15,6.32,6.68,27937,0
PGRU.US,D,20220413,000000,6.4,6.99,6.25,6.31,67846,0
PGRU.US,D,20220414,000000,6.35,6.6,6.21,6.23,55954,0
PGRU.US,D,20220418,000000,6.1,6.35,6,6.03,42750,0
PGRU.US,D,20220419,000000,6.21,6.36,6.0501,6.33,35656,0
PGRU.US,D,20220420,000000,6.42,6.51,6.18,6.47,36656,0
PGRU.US,D,20220421,000000,6.55,6.81,6.31,6.79,46452,0
PGRU.US,D,20220422,000000,6.78,7.47,6.58,7.31,74836,0
PGRU.US,D,20220425,000000,7.3,7.83,7.3,7.83,51006,0
PGRU.US,D,20220426,000000,7.48,7.48,7.25,7.36,19337,0
PGRU.US,D,20220427,000000,7.43,7.85,7.32,7.47,29219,0
PGRU.US,D,20220428,000000,7.39,7.59,7.15,7.51,28879,0
PGRU.US,D,20220429,000000,7.2149,7.71,7.2149,7.71,23501,0
PGRU.US,D,20220502,000000,7.42,7.69,7.33,7.33,4394,0
PGRU.US,D,20220503,000000,7.25,7.6,7.2,7.44,133701,0
PGRU.US,D,20220504,000000,7.37,7.7,7.3012,7.66,18989,0
PGRU.US,D,20220505,000000,7.53,7.75,7.35,7.48,20442,0
PGRU.US,D,20220506,000000,7.37,7.75,7.35,7.49,19824,0
PGRU.US,D,20220509,000000,7.74,7.74,7.25,7.3,13041,0
PGRU.US,D,20220510,000000,7.16,7.69,6.77,6.77,79557,0
PGRU.US,D,20220511,000000,7.29,7.52,6.88,7.17,44454,0
PGRU.US,D,20220512,000000,7.02,7.4,6.9,7,22699,0
PGRU.US,D,20220513,000000,7,7,6.39,6.66,26804,0
PGRU.US,D,20220516,000000,6.72,7,6.4,6.9,18792,0
PGRU.US,D,20220517,000000,6.79,7.2099,6.6289,6.89,15080,0
PGRU.US,D,20220518,000000,6.8,7.075,6.5,6.5,7619,0
PGRU.US,D,20220519,000000,6.18,6.6699,6.18,6.52,4692,0
PGRU.US,D,20220520,000000,6.45,6.92,6.45,6.57,24674,0
PGRU.US,D,20220523,000000,6.37,6.825,6.28,6.54,9132,0
PGRU.US,D,20220524,000000,6.53,6.7,6.53,6.67,5123,0
PGRU.US,D,20220525,000000,6.57,6.7245,6.54,6.54,7456,0
PGRU.US,D,20220526,000000,6.42,6.74,6.42,6.65,13162,0
PGRU.US,D,20220527,000000,6.65,7.77,6.65,7.26,20483,0
PGRU.US,D,20220531,000000,7.12,7.12,5.16,5.59,217152,0
PGRU.US,D,20220601,000000,5.95,6.2,5.6689,6.15,79267,0
PGRU.US,D,20220602,000000,5.85,6.05,5.64,5.905,39374,0
PGRU.US,D,20220603,000000,5.8,6.0199,5.67,5.96,43964,0
PGRU.US,D,20220606,000000,5.9,5.9,5.7,5.87,20152,0
PGRU.US,D,20220607,000000,5.6,5.9,5.56,5.85,37047,0
PGRU.US,D,20220608,000000,5.64,5.9,5.64,5.85,22286,0
PGRU.US,D,20220609,000000,5.87,5.98,5.71,5.87,26525,0
PGRU.US,D,20220610,000000,5.77,5.88,5.655,5.83,19717,0
PGRU.US,D,20220613,000000,5.5,5.78,5.3,5.3,27435,0
PGRU.US,D,20220614,000000,5.39,5.4,5.13,5.21,33643,0
PGRU.US,D,20220615,000000,5.15,5.15,5.06,5.09,12144,0
PGRU.US,D,20220616,000000,5,5.07,4.62,4.67,23504,0
PGRU.US,D,20220617,000000,5.09,5.09,4.33,4.33,98052,0
PGRU.US,D,20220621,000000,4.39,4.87,4.38,4.71,19747,0
PGRU.US,D,20220622,000000,4.86,4.9,4.72,4.88,18879,0
PGRU.US,D,20220623,000000,5.17,5.17,4.7167,4.845,42142,0
PGRU.US,D,20220624,000000,4.95,4.99,4.75,4.95,40658,0
PGRU.US,D,20220627,000000,4.84,4.86,4.39,4.45,36926,0
PGRU.US,D,20220628,000000,4.56,4.75,4.4,4.44,27524,0
PGRU.US,D,20220629,000000,4.45,4.75,4.45,4.65,56849,0
PGRU.US,D,20220630,000000,4.74,5.2054,4.47,4.5,61148,0
PGRU.US,D,20220701,000000,4.59,4.59,4.3699,4.5,24608,0
PGRU.US,D,20220705,000000,4.49,5,4.49,4.85,26304,0
PGRU.US,D,20220706,000000,5.19,5.19,4.51,4.8,23175,0
PGRU.US,D,20220707,000000,4.81,5.15,4.81,5.13,23194,0
PGRU.US,D,20220708,000000,5.18,5.2,4.9894,5.04,17230,0
PGRU.US,D,20220711,000000,5.13,5.15,4.98,4.99,18374,0
PGRU.US,D,20220712,000000,4.89,5.18,4.86,4.94,13716,0
PGRU.US,D,20220713,000000,4.79,5.09,4.76,4.9,9808,0
PGRU.US,D,20220714,000000,4.77,4.99,4.66,4.69,13011,0
PGRU.US,D,20220715,000000,4.61,4.92,4.51,4.61,25515,0
PGRU.US,D,20220718,000000,4.53,4.81,4.5226,4.68,12700,0
PGRU.US,D,20220719,000000,4.99,5.08,4.72,4.72,23060,0
PGRU.US,D,20220720,000000,4.71,4.84,4.69,4.7,26194,0
PGRU.US,D,20220721,000000,5,5,4.71,4.9,16928,0
PGRU.US,D,20220722,000000,4.79,4.9,4.57,4.58,10343,0
PGRU.US,D,20220725,000000,5.63,5.63,4.63,4.82,31901,0
PGRU.US,D,20220726,000000,4.75,4.95,4.6,4.72,12420,0
PGRU.US,D,20220727,000000,4.74,4.8,4.5201,4.79,17926,0
PGRU.US,D,20220728,000000,4.68,5,4.52,4.6,34186,0
PGRU.US,D,20220729,000000,4.54,4.85,4.36,4.46,62859,0
PGRU.US,D,20220801,000000,4.6,4.7,4.38,4.46,11056,0
PGRU.US,D,20220802,000000,4.5,4.6,4.5,4.6,6186,0
PGRU.US,D,20220803,000000,4.51,4.7,4.47,4.6,9152,0
PGRU.US,D,20220804,000000,4.69,4.9,4.61,4.64,13391,0
PGRU.US,D,20220805,000000,4.81,4.81,4.63,4.81,10023,0
PGRU.US,D,20220808,000000,4.81,4.9,4.76,4.86,14531,0
PGRU.US,D,20220809,000000,4.8,4.9,4.8,4.8,7405,0
PGRU.US,D,20220810,000000,4.75,4.9,4.75,4.75,16949,0
PGRU.US,D,20220811,000000,4.74,4.9,4.74,4.82,17844,0
PGRU.US,D,20220812,000000,4.89,4.89,4.72,4.77,7649,0
PGRU.US,D,20220815,000000,4.87,5,4.75,4.8,22089,0
PGRU.US,D,20220816,000000,4.94,4.94,4.79,4.83,3253,0
PGRU.US,D,20220817,000000,4.85,4.95,4.7,4.75,18689,0
PGRU.US,D,20220818,000000,4.81,4.95,4.77,4.9,132001,0
PGRU.US,D,20220819,000000,4.76,4.98,4.68,4.73,123690,0
PGRU.US,D,20220822,000000,4.8,4.98,4.7,4.8,103410,0
PGRU.US,D,20220823,000000,4.75,4.95,4.631,4.75,27253,0
PGRU.US,D,20220824,000000,4.75,4.815,4.68,4.68,39093,0
PGRU.US,D,20220825,000000,4.94,5.09,4.74,4.8,94004,0
PGRU.US,D,20220826,000000,4.75,4.87,4.74,4.75,27888,0
PGRU.US,D,20220829,000000,4.66,4.8,4.62,4.63,21880,0
PGRU.US,D,20220830,000000,4.7,4.8,4.61,4.8,29886,0
PGRU.US,D,20220831,000000,4.8,5.285,4.75,5.11,83028,0
PGRU.US,D,20220901,000000,5.18,5.18,4.82,4.96,38357,0
PGRU.US,D,20220902,000000,5.06,5.06,4.86,4.96,46651,0
PGRU.US,D,20220906,000000,4.86,5,4.84,4.99,33743,0
PGRU.US,D,20220907,000000,4.9,5,4.865,5,38933,0
PGRU.US,D,20220908,000000,4.93,4.99,4.88,4.885,5479,0
PGRU.US,D,20220909,000000,4.91,5.13,4.9,5.11,96839,0
PGRU.US,D,20220912,000000,5,5.05,4.9,4.92,9103,0
PGRU.US,D,20220913,000000,4.83,5.05,4.61,4.61,23003,0
PGRU.US,D,20220914,000000,4.59,4.9,4.59,4.74,19858,0
PGRU.US,D,20220915,000000,4.7,4.89,4.67,4.71,17701,0
PGRU.US,D,20220916,000000,4.79,4.79,4.67,4.67,3303,0
PGRU.US,D,20220919,000000,4.75,4.87,4.59,4.59,15652,0
PGRU.US,D,20220920,000000,4.7,4.7,4.59,4.59,627,0
PGRU.US,D,20220921,000000,4.71,4.75,4.48,4.48,28965,0
PGRU.US,D,20220922,000000,4.61,4.75,4.31,4.42,24640,0
PGRU.US,D,20220923,000000,4.52,4.69,4.23,4.23,54893,0
PGRU.US,D,20220926,000000,4.34,4.55,4.11,4.2,30110,0
PGRU.US,D,20220927,000000,4.32,4.56,4.29,4.47,31902,0
PGRU.US,D,20220928,000000,4.37,4.6,4.37,4.49,40652,0
PGRU.US,D,20220929,000000,4.4,4.6,4.4,4.47,20440,0
PGRU.US,D,20220930,000000,4.5,4.55,4.48,4.48,14129,0
PGRU.US,D,20221003,000000,4.5,4.6,4.4895,4.5,7519,0
PGRU.US,D,20221004,000000,4.45,4.6,4.45,4.52,29054,0
PGRU.US,D,20221005,000000,4.59,4.5929,4.5,4.53,10962,0
PGRU.US,D,20221006,000000,4.48,4.72,4.48,4.72,13766,0
PGRU.US,D,20221007,000000,4.52,4.59,4.46,4.46,14362,0
PGRU.US,D,20221010,000000,4.44,4.6,4.44,4.55,22487,0
PGRU.US,D,20221011,000000,4.55,4.58,4.51,4.55,32763,0
PGRU.US,D,20221012,000000,4.52,4.59,4.49,4.49,5619,0
PGRU.US,D,20221013,000000,4.5,4.67,4.48,4.5,67271,0
PGRU.US,D,20221014,000000,4.57,4.57,4.5,4.52,11771,0
PGRU.US,D,20221017,000000,4.48,4.55,4.34,4.46,21158,0
PGRU.US,D,20221018,000000,4.5,4.54,4.4204,4.5,24622,0
PGRU.US,D,20221019,000000,4.5,4.67,4.47,4.5,56018,0
PGRU.US,D,20221020,000000,4.5,4.63,4.455,4.54,51635,0
PGRU.US,D,20221021,000000,4.5,4.56,4.38,4.38,35790,0
PGRU.US,D,20221024,000000,4.38,4.55,4.38,4.38,19888,0
PGRU.US,D,20221025,000000,4.5,4.81,4.4355,4.67,16490,0
PGRU.US,D,20221026,000000,4.775,4.82,4.65,4.75,11816,0
PGRU.US,D,20221027,000000,4.8,4.82,4.8,4.82,1916,0
PGRU.US,D,20221028,000000,4.86,5.05,4.7,4.7,16149,0
PGRU.US,D,20221031,000000,4.75,5.14,4.75,5.01,1912,0
PGRU.US,D,20221101,000000,5.1,5.94,5.03,5.37,40397,0
PGRU.US,D,20221102,000000,5.4,5.51,5.32,5.38,3090,0
PGRU.US,D,20221103,000000,5.47,5.7,5.4027,5.53,9965,0
PGRU.US,D,20221104,000000,5.51,5.79,5.445,5.57,8486,0
PGRU.US,D,20221107,000000,5.57,5.75,5.56,5.58,2958,0
PGRU.US,D,20221108,000000,5.58,5.6,5.29,5.46,8739,0
PGRU.US,D,20221109,000000,5.26,5.415,5.25,5.25,3201,0
PGRU.US,D,20221110,000000,5.31,5.38,4.92,5.17,20010,0
PGRU.US,D,20221111,000000,5.06,5.33,5.06,5.19,4464,0
PGRU.US,D,20221114,000000,5.17,5.28,4.87,4.96,8382,0
PGRU.US,D,20221115,000000,4.95,5.05,4.85,4.96,6926,0
PGRU.US,D,20221116,000000,5.2165,5.25,5.14,5.14,1709,0
PGRU.US,D,20221117,000000,5.25,5.25,4.83,4.95,2288,0
PGRU.US,D,20221118,000000,5.21,5.21,4.8101,5.15,8042,0
PGRU.US,D,20221121,000000,4.83,5.16,4.817,5.15,12663,0
PGRU.US,D,20221122,000000,4.8458,5.1,4.8458,5.06,3084,0
PGRU.US,D,20221123,000000,5,5.05,4.97,4.99,21718,0
PGRU.US,D,20221125,000000,4.99,5.01,4.86,4.92,38088,0
PGRU.US,D,20221128,000000,4.88,4.98,4.81,4.95,18605,0
PGRU.US,D,20221129,000000,4.9,4.99,4.8301,4.89,15714,0
PGRU.US,D,20221130,000000,4.9,5.245,4.825,5.15,69341,0
PGRU.US,D,20221201,000000,4.95,5.04,4.95,5,28535,0
PGRU.US,D,20221202,000000,5.01,5.1,4.985,5.1,27518,0
PGRU.US,D,20221205,000000,5.01,5.1,4.95,5,9421,0
PGRU.US,D,20221206,000000,5,5.005,5,5,2841,0
PGRU.US,D,20221207,000000,5,5.01,4.82,5,11194,0
PGRU.US,D,20221208,000000,4.99,5.13,4.99,5.1,30999,0
PGRU.US,D,20221209,000000,5.05,5.15,5.04,5.15,41754,0
PGRU.US,D,20221212,000000,5.05,5.05,4.975,4.975,1950,0
PGRU.US,D,20221213,000000,5.05,5.05,4.95,4.985,2298,0
PGRU.US,D,20221214,000000,4.93,4.99,4.85,4.85,1151,0
PGRU.US,D,20221215,000000,4.99,4.99,4.93,4.93,5553,0
PGRU.US,D,20221216,000000,4.8,5.035,4.8,4.97,30757,0
PGRU.US,D,20221219,000000,4.9,4.9,4.81,4.86,2474,0
PGRU.US,D,20221220,000000,4.81,4.8622,4.81,4.8622,2485,0
PGRU.US,D,20221221,000000,4.81,4.84,4.5027,4.6,9578,0
PGRU.US,D,20221222,000000,4.55,4.7173,4.42,4.42,7771,0
PGRU.US,D,20221223,000000,4.4,4.53,4.35,4.35,19949,0
PGRU.US,D,20221227,000000,4.03,4.3473,4.03,4.068,9845,0
PGRU.US,D,20221228,000000,4.13,4.29,4.08,4.27,27898,0
PGRU.US,D,20221229,000000,4.2,4.385,4.2,4.28,31946,0
PGRU.US,D,20221230,000000,4.25,4.4,4.23,4.31,17531,0
PGRU.US,D,20230103,000000,4.27,4.4,4.27,4.4,1779,0
PGRU.US,D,20230104,000000,4.47,4.6,4.47,4.58,2170,0
PGRU.US,D,20230105,000000,4.375,4.5678,4.375,4.4,3123,0
PGRU.US,D,20230106,000000,4.36,4.39,4.36,4.36,1351,0
PGRU.US,D,20230109,000000,4.44,4.6,4.44,4.5364,5130,0
PGRU.US,D,20230110,000000,4.44,4.53,4.44,4.5251,1037,0
PGRU.US,D,20230111,000000,4.42,4.42,4.39,4.4,4151,0
PGRU.US,D,20230112,000000,4.55,4.56,4.55,4.55,1469,0
PGRU.US,D,20230113,000000,4.6,4.6256,4.4833,4.4833,2576,0
PGRU.US,D,20230117,000000,4.57,4.57,4.45,4.52,4585,0
PGRU.US,D,20230118,000000,4.48,4.5,4.44,4.44,1189,0
PGRU.US,D,20230119,000000,4.38,4.52,4.2501,4.45,7494,0
PGRU.US,D,20230120,000000,4.52,4.52,4.32,4.32,2284,0
PGRU.US,D,20230123,000000,4.27,4.4,4.188,4.39,3205,0
PGRU.US,D,20230124,000000,4.37,4.37,4.34,4.34,1422,0
PGRU.US,D,20230125,000000,4.27,4.55,4.25,4.52,7675,0
PGRU.US,D,20230126,000000,4.2825,4.2825,4.2825,4.2825,541,0
PGRU.US,D,20230127,000000,4.43,4.55,4.43,4.47,2628,0
PGRU.US,D,20230130,000000,4.34,4.46,4.34,4.4,11698,0
PGRU.US,D,20230131,000000,4.45,4.45,4.4,4.45,6907,0
PGRU.US,D,20230201,000000,4.45,4.5,4.45,4.5,3266,0
PGRU.US,D,20230202,000000,4.51,4.67,4.51,4.63,14735,0
PGRU.US,D,20230203,000000,4.7,4.85,4.7,4.765,12256,0
PGRU.US,D,20230206,000000,4.69,4.71,4.69,4.71,793,0
PGRU.US,D,20230207,000000,4.72,4.77,4.7,4.74,262137,0
PGRU.US,D,20230208,000000,4.75,4.75,4.69,4.69,3283,0
PGRU.US,D,20230209,000000,4.68,4.81,4.68,4.8,1347,0
PGRU.US,D,20230210,000000,4.78,4.8,4.58,4.6,8054,0
PGRU.US,D,20230213,000000,4.6,4.6,4.45,4.45,4091,0
PGRU.US,D,20230214,000000,4.54,4.54,4.4634,4.525,961,0
PGRU.US,D,20230215,000000,4.53,4.6,4.4636,4.59,5767,0
PGRU.US,D,20230216,000000,4.51,4.81,4.4,4.63,51570,0
PGRU.US,D,20230217,000000,4.63,4.75,4.62,4.73,15908,0
PGRU.US,D,20230221,000000,4.75,4.75,4.7,4.7,18782,0
PGRU.US,D,20230222,000000,4.68,4.75,4.68,4.75,14427,0
PGRU.US,D,20230223,000000,4.8,4.84,4.7889,4.84,16236,0
PGRU.US,D,20230224,000000,4.85,4.9,4.8,4.85,12073,0
PGRU.US,D,20230227,000000,4.89,4.89,4.77,4.77,9917,0
PGRU.US,D,20230228,000000,4.75,4.83,4.6,4.83,46868,0
PGRU.US,D,20230301,000000,4.83,4.83,4.7,4.83,1466,0
PGRU.US,D,20230302,000000,4.83,4.95,4.66,4.71,33822,0
PGRU.US,D,20230303,000000,4.62,4.81,4.4,4.69,104772,0
PGRU.US,D,20230306,000000,4.68,4.7,4.6,4.6,8922,0
PGRU.US,D,20230307,000000,4.6,4.61,4.41,4.56,22316,0
PGRU.US,D,20230308,000000,4.46,4.55,4.46,4.51,5960,0
PGRU.US,D,20230309,000000,4.42,4.59,4.42,4.55,18484,0
PGRU.US,D,20230310,000000,4.58,4.58,4.4497,4.46,10326,0
PGRU.US,D,20230313,000000,4.46,4.55,4.43,4.5,17731,0
PGRU.US,D,20230314,000000,4.49,4.54,4.4,4.49,17856,0
PGRU.US,D,20230315,000000,4.45,4.5,4.44,4.5,3813,0
PGRU.US,D,20230316,000000,4.49,4.6,4.45,4.52,27401,0
PGRU.US,D,20230317,000000,4.59,4.77,4.52,4.77,22190,0
PGRU.US,D,20230320,000000,4.72,4.825,4.6768,4.8,18558,0
PGRU.US,D,20230321,000000,4.77,4.77,4.6803,4.72,2599,0
PGRU.US,D,20230322,000000,4.75,4.75,4.63,4.65,1442,0
PGRU.US,D,20230323,000000,4.61,4.9,4.6,4.85,14948,0
PGRU.US,D,20230324,000000,4.85,4.85,4.72,4.73,1514,0
PGRU.US,D,20230327,000000,4.67,5,4.67,4.9,16066,0
PGRU.US,D,20230328,000000,4.87,5.01,4.8,4.96,29896,0
PGRU.US,D,20230329,000000,4.9,5.05,4.9,5,25712,0
PGRU.US,D,20230330,000000,5.05,5.06,4.85,4.875,16695,0
PGRU.US,D,20230331,000000,4.86,5,4.86,5,22834,0
PGRU.US,D,20230403,000000,4.91,4.999,4.781,4.96,9960,0
PGRU.US,D,20230404,000000,5,5,4.98,4.98,2358,0
PGRU.US,D,20230405,000000,4.86,4.92,4.83,4.92,1333,0
PGRU.US,D,20230406,000000,4.8951,4.9,4.89,4.9,2769,0
PGRU.US,D,20230410,000000,4.9,4.9,4.89,4.89,559,0
PGRU.US,D,20230411,000000,4.8198,4.9281,4.8198,4.82,1585,0
PGRU.US,D,20230412,000000,4.91,4.9191,4.77,4.85,2612,0
PGRU.US,D,20230413,000000,4.75,4.7832,4.4824,4.4824,4383,0
PGRU.US,D,20230414,000000,4.59,4.72,4.59,4.72,13444,0
PGRU.US,D,20230417,000000,4.66,4.8,4.66,4.8,1537,0
PGRU.US,D,20230418,000000,4.8,4.85,4.6887,4.6887,11102,0
PGRU.US,D,20230419,000000,4.72,4.79,4.57,4.58,22514,0
PGRU.US,D,20230420,000000,4.52,4.53,4.52,4.53,707,0
PGRU.US,D,20230421,000000,4.59,4.6412,4.51,4.58,4404,0
PGRU.US,D,20230424,000000,4.5,4.58,4.5,4.55,2632,0
PGRU.US,D,20230425,000000,4.75,4.75,4.51,4.52,4137,0
PGRU.US,D,20230426,000000,4.5,4.5176,4.5,4.5176,1231,0
PGRU.US,D,20230427,000000,4.4844,4.53,4.4844,4.53,1586,0
PGRU.US,D,20230428,000000,4.48,4.58,4.4797,4.58,1471,0
PGRU.US,D,20230501,000000,4.51,4.51,4.5,4.5,3925,0
PGRU.US,D,20230502,000000,4.46,4.5,4.46,4.5,3155,0
PGRU.US,D,20230503,000000,4.6,4.6,4.58,4.6,2241,0
PGRU.US,D,20230504,000000,4.6,4.6,4.51,4.51,992,0
PGRU.US,D,20230505,000000,4.5,4.5,4.5,4.5,426,0
PGRU.US,D,20230508,000000,4.44,4.51,4.44,4.51,3415,0
PGRU.US,D,20230509,000000,4.48,4.55,4.4568,4.55,6748,0
PGRU.US,D,20230510,000000,4.4501,4.525,4.4501,4.47,7296,0
PGRU.US,D,20230512,000000,4.54,4.6,4.48,4.6,2174,0
PGRU.US,D,20230515,000000,4.54,4.59,4.46,4.48,1541,0
PGRU.US,D,20230517,000000,4.578,4.578,4.578,4.578,329,0
PGRU.US,D,20230518,000000,4.58,4.58,4.58,4.58,333,0
PGRU.US,D,20230519,000000,4.58,4.58,4.58,4.58,528,0
PGRU.US,D,20230522,000000,4.55,4.55,4.2985,4.49,7302,0
PGRU.US,D,20230523,000000,4.41,4.55,4.3,4.32,14674,0
PGRU.US,D,20230524,000000,4.36,4.49,4.3028,4.49,9063,0
PGRU.US,D,20230525,000000,4.26,4.45,4.26,4.4,3612,0
PGRU.US,D,20230526,000000,4.3,4.3579,4.2,4.33,16990,0
PGRU.US,D,20230530,000000,4.32,4.34,4.3,4.34,3491,0
PGRU.US,D,20230531,000000,4.34,4.47,4.3399,4.34,20412,0
PGRU.US,D,20230601,000000,4.41,4.45,4.31,4.31,12423,0
PGRU.US,D,20230602,000000,4.38,4.45,4.38,4.45,3265,0
PGRU.US,D,20230605,000000,4.45,4.48,4.45,4.45,17431,0
PGRU.US,D,20230606,000000,4.47,4.47,4.42,4.47,12698,0
PGRU.US,D,20230607,000000,4.47,4.48,4.45,4.45,15258,0
PGRU.US,D,20230608,000000,4.47,4.48,4.45,4.45,6347,0
PGRU.US,D,20230609,000000,4.48,4.48,4.4,4.45,12087,0
PGRU.US,D,20230612,000000,4.48,4.48,4.32,4.35,9774,0
PGRU.US,D,20230613,000000,4.41,4.42,4.35,4.35,14061,0
PGRU.US,D,20230614,000000,4.4,4.43,4.4,4.43,16059,0
PGRU.US,D,20230615,000000,4.46,4.48,4.4374,4.48,5748,0
PGRU.US,D,20230616,000000,4.48,4.53,4.4501,4.53,38609,0
PGRU.US,D,20230620,000000,4.34,4.55,4.34,4.55,8296,0
PGRU.US,D,20230621,000000,4.44,4.55,4.43,4.55,5782,0
PGRU.US,D,20230622,000000,4.55,4.56,4.55,4.56,2969,0
PGRU.US,D,20230623,000000,4.58,4.61,4.54,4.6,23820,0
PGRU.US,D,20230626,000000,4.55,4.65,4.46,4.65,2125,0
PGRU.US,D,20230627,000000,4.55,4.555,4.48,4.48,1493,0
PGRU.US,D,20230628,000000,4.49,4.5,4.446,4.48,1593,0
PGRU.US,D,20230629,000000,4.39,4.5,4.39,4.49,1439,0
PGRU.US,D,20230630,000000,4.43,4.44,4.4201,4.44,1029,0
PGRU.US,D,20230703,000000,4.44,4.64,4.44,4.49,2445,0
PGRU.US,D,20230705,000000,4.46,4.55,4.45,4.55,1660,0
PGRU.US,D,20230706,000000,4.44,4.54,4.37,4.4,3028,0
PGRU.US,D,20230707,000000,4.37,4.5327,4.36,4.455,20852,0
PGRU.US,D,20230710,000000,4.44,4.5,3.9,3.97,226189,0
PGRU.US,D,20230711,000000,4.29,4.49,3.99,4.49,38144,0
PGRU.US,D,20230712,000000,4.49,4.49,4.1815,4.49,10848,0
PGRU.US,D,20230713,000000,4.4,4.4,4.21,4.33,4691,0
PGRU.US,D,20230714,000000,4.27,4.4,4.26,4.26,2564,0
PGRU.US,D,20230717,000000,4.22,4.43,4.22,4.34,1898,0
PGRU.US,D,20230718,000000,4.23,4.34,4.2001,4.34,2922,0
PGRU.US,D,20230719,000000,4.25,4.25,4.25,4.25,436,0
PGRU.US,D,20230720,000000,4.47,4.47,4.25,4.31,5154,0
PGRU.US,D,20230721,000000,4.24,4.28,4.22,4.28,4771,0
PGRU.US,D,20230724,000000,4.22,4.31,4.22,4.31,1830,0
PGRU.US,D,20230725,000000,4.31,4.32,4.25,4.31,4232,0
PGRU.US,D,20230726,000000,4.24,4.24,4.2308,4.2308,1151,0
PGRU.US,D,20230727,000000,4.2,4.2,4.08,4.0958,5995,0
PGRU.US,D,20230728,000000,4.1826,4.2,4.14,4.2,2464,0
PGRU.US,D,20230731,000000,4.2,4.2,4.1,4.15,1941,0
PGRU.US,D,20230801,000000,4.19,4.19,4.16,4.18,1766,0
PGRU.US,D,20230802,000000,4.19,4.19,4.19,4.19,1108,0
PGRU.US,D,20230803,000000,4.16,4.18,4.16,4.18,761,0
PGRU.US,D,20230804,000000,4.12,4.13,4.115,4.12,6009,0
PGRU.US,D,20230807,000000,4.12,4.21,4.1,4.14,10012,0
PGRU.US,D,20230808,000000,4.21,4.21,4.0401,4.18,3766,0
PGRU.US,D,20230809,000000,4.09,4.3299,4.09,4.18,742,0
PGRU.US,D,20230810,000000,4.27,4.27,4.11,4.11,1693,0
PGRU.US,D,20230811,000000,4.1,4.1,4.07,4.07,768,0
PGRU.US,D,20230814,000000,4.14,4.2,4.022,4.2,1294,0
PGRU.US,D,20230815,000000,4.1,4.4,4.1,4.396,5357,0
PGRU.US,D,20230816,000000,4.38,4.4,4.1615,4.1615,2705,0
PGRU.US,D,20230817,000000,4.188,4.21,4.1001,4.17,1753,0
PGRU.US,D,20230818,000000,4.17,4.17,4.17,4.17,649,0
PGRU.US,D,20230821,000000,4.12,4.12,4.12,4.12,769,0
PGRU.US,D,20230822,000000,4.18,4.18,4.11,4.11,795,0
PGRU.US,D,20230824,000000,4.1,4.4,4.05,4.05,3398,0
PGRU.US,D,20230825,000000,4.05,4.05,4.05,4.05,1107,0
PGRU.US,D,20230828,000000,3.97,4.2224,3.97,4.08,7449,0
PGRU.US,D,20230829,000000,4.1,4.3,4.03,4.03,4025,0
PGRU.US,D,20230830,000000,4.05,4.26,4.05,4.25,12291,0
PGRU.US,D,20230901,000000,4.08,4.1001,3.95,3.95,10562,0
PGRU.US,D,20230905,000000,3.87,4.12,3.87,4.12,4159,0
PGRU.US,D,20230906,000000,3.95,3.9773,3.876,3.9505,2906,0
PGRU.US,D,20230907,000000,4.03,4.16,3.8954,4.16,10644,0
PGRU.US,D,20230908,000000,4.22,4.22,4.22,4.22,342,0
PGRU.US,D,20230911,000000,4.25,4.25,4.25,4.25,384,0
PGRU.US,D,20230912,000000,3.96,4.3,3.92,4.26,16379,0
PGRU.US,D,20230913,000000,4.26,4.26,4.26,4.26,258,0
PGRU.US,D,20230914,000000,4.16,4.29,4.13,4.13,41311,0
PGRU.US,D,20230915,000000,4.063,4.205,4.0523,4.15,17927,0
PGRU.US,D,20230918,000000,4.22,4.22,4.0402,4.0719,4990,0
PGRU.US,D,20230919,000000,4.0401,4.105,3.9,4.105,5888,0
PGRU.US,D,20230920,000000,4.07,4.105,4.07,4.1,1320,0
PGRU.US,D,20230921,000000,4.01,4.01,3.92,3.92,1448,0
PGRU.US,D,20230922,000000,4.08,4.08,3.999,4.02,1895,0
PGRU.US,D,20230925,000000,4.09,4.09,4.01,4.01,556,0
PGRU.US,D,20230926,000000,4.04,4.24,3.86,4.1,27592,0
PGRU.US,D,20230927,000000,4.02,4.02,3.5353,3.9,28767,0
PGRU.US,D,20230928,000000,3.75,3.8415,3.35,3.7,43809,0
PGRU.US,D,20230929,000000,3.77,4,3.54,3.661,19898,0
PGRU.US,D,20231002,000000,3.73,3.745,3.6743,3.74,1114,0
PGRU.US,D,20231003,000000,3.69,3.7,3.69,3.7,810,0
PGRU.US,D,20231004,000000,3.63,3.7,3.6164,3.6164,988,0
PGRU.US,D,20231005,000000,3.55,3.78,3.55,3.78,5333,0
PGRU.US,D,20231006,000000,3.63,4,3.63,3.93,8131,0
PGRU.US,D,20231009,000000,3.96,4,3.86,3.86,15240,0
PGRU.US,D,20231010,000000,3.87,4,3.86,3.86,12685,0
PGRU.US,D,20231011,000000,3.945,4.0001,3.7123,3.95,90277,0
PGRU.US,D,20231012,000000,4,4.16,3.96,4.16,20497,0
PGRU.US,D,20231013,000000,4.1777,4.19,4.0004,4.16,9713,0
PGRU.US,D,20231016,000000,4.16,4.21,4.16,4.2,4342,0
PGRU.US,D,20231018,000000,4.16,4.225,4.16,4.225,3161,0
PGRU.US,D,20231019,000000,4.2,4.2,3.97,4.085,11053,0
PGRU.US,D,20231020,000000,4.15,4.2,4.075,4.2,3260,0
PGRU.US,D,20231023,000000,4.09,4.09,3.86,4.08,14270,0
PGRU.US,D,20231024,000000,4.02,4.17,3.73,3.95,26854,0
PGRU.US,D,20231025,000000,3.95,3.95,3.63,3.73,25843,0
PGRU.US,D,20231026,000000,3.69,3.95,3.69,3.79,6428,0
PGRU.US,D,20231027,000000,3.76,3.97,3.76,3.76,724,0
PGRU.US,D,20231030,000000,3.71,4.03,3.71,3.85,7275,0
PGRU.US,D,20231031,000000,3.72,3.95,3.64,3.64,2902,0
PGRU.US,D,20231101,000000,3.6,3.87,3.6,3.635,5986,0
PGRU.US,D,20231102,000000,3.6,3.8596,3.6,3.71,1978,0
PGRU.US,D,20231103,000000,3.64,3.96,3.6,3.61,54856,0
PGRU.US,D,20231106,000000,3.77,3.9988,3.711,3.98,9216,0
PGRU.US,D,20231107,000000,3.84,3.84,3.73,3.77,24836,0
PGRU.US,D,20231108,000000,3.75,3.78,3.2298,3.61,33133,0
PGRU.US,D,20231109,000000,3.3368,3.6,3.32,3.5,7132,0
PGRU.US,D,20231110,000000,3.48,3.5,3.48,3.5,792,0
PGRU.US,D,20231113,000000,3.48,3.53,3.2,3.2,8959,0
PGRU.US,D,20231114,000000,3.2,3.58,3.2,3.55,26864,0
PGRU.US,D,20231115,000000,3.47,3.71,3.47,3.62,23288,0
PGRU.US,D,20231116,000000,3.53,3.68,3.53,3.68,989,0
PGRU.US,D,20231117,000000,3.68,3.7799,3.52,3.52,27375,0
PGRU.US,D,20231120,000000,3.52,3.7068,3.52,3.63,9373,0
PGRU.US,D,20231121,000000,3.78,3.78,3.63,3.68,10835,0
PGRU.US,D,20231122,000000,3.63,3.76,3.51,3.73,14252,0
PGRU.US,D,20231124,000000,3.62,3.75,3.37,3.37,15261,0
PGRU.US,D,20231127,000000,3.37,3.51,3.37,3.43,22941,0
PGRU.US,D,20231128,000000,3.37,3.63,3.3,3.49,20981,0
PGRU.US,D,20231129,000000,3.4,3.49,3.4,3.43,11661,0
PGRU.US,D,20231130,000000,3.5,3.55,3.3018,3.41,52162,0
PGRU.US,D,20231201,000000,3.36,3.51,3.31,3.46,22862,0
PGRU.US,D,20231204,000000,3.28,3.44,3.24,3.38,33548,0
PGRU.US,D,20231205,000000,3.42,3.42,3.31,3.32,17213,0
PGRU.US,D,20231206,000000,3.32,3.52,3.32,3.36,9316,0
PGRU.US,D,20231207,000000,3.47,3.47,3.32,3.35,23329,0
PGRU.US,D,20231208,000000,3.39,3.49,3.32,3.34,19226,0
PGRU.US,D,20231211,000000,3.27,3.37,3.27,3.35,8238,0
PGRU.US,D,20231212,000000,3.35,3.42,3.25,3.35,17296,0
PGRU.US,D,20231213,000000,3.4,3.4,3.2304,3.2829,8570,0
PGRU.US,D,20231214,000000,3.38,3.38,3.3,3.33,9538,0
PGRU.US,D,20231215,000000,3.35,3.37,3.32,3.32,16361,0
PGRU.US,D,20231218,000000,3.31,3.3958,3.31,3.34,6390,0
PGRU.US,D,20231219,000000,3.37,3.38,3.34,3.355,12102,0
PGRU.US,D,20231220,000000,3.3403,3.36,3.34,3.36,11779,0
PGRU.US,D,20231221,000000,3.4,3.4,3.34,3.36,19464,0
PGRU.US,D,20231222,000000,3.34,3.39,3.2633,3.2633,5779,0
PGRU.US,D,20231226,000000,3.22,3.37,3.22,3.31,23738,0
PGRU.US,D,20231227,000000,3.27,3.302,3.26,3.26,15267,0
PGRU.US,D,20231228,000000,3.27,3.34,3.27,3.33,7751,0
PGRU.US,D,20231229,000000,3.3,3.4199,3.3,3.34,31523,0
PGRU.US,D,20240102,000000,3.38,3.42,3.33,3.35,15280,0
PGRU.US,D,20240103,000000,3.32,4.155,3.3197,3.89,85814,0
PGRU.US,D,20240104,000000,4.14,4.14,3.5269,3.59,32444,0
PGRU.US,D,20240105,000000,3.64,3.64,3.46,3.51,18279,0
PGRU.US,D,20240108,000000,3.57,3.731,3.4705,3.56,12253,0
PGRU.US,D,20240109,000000,3.5072,3.71,3.48,3.53,9886,0
PGRU.US,D,20240110,000000,3.47,3.717,3.4,3.4,15264,0
PGRU.US,D,20240111,000000,3.5,3.6374,3.45,3.47,14657,0
PGRU.US,D,20240112,000000,3.5,3.63,3.38,3.52,12223,0
PGRU.US,D,20240116,000000,3.49,3.5507,3.4,3.4,9255,0
PGRU.US,D,20240117,000000,3.35,3.47,3.3201,3.36,9355,0
PGRU.US,D,20240118,000000,3.5125,3.53,3.33,3.4,10502,0
PGRU.US,D,20240119,000000,3.51,3.55,3.2007,3.33,40890,0
PGRU.US,D,20240122,000000,3.44,3.44,3.2605,3.39,13280,0
PGRU.US,D,20240123,000000,3.44,3.5899,3.3,3.4,43184,0
PGRU.US,D,20240124,000000,3.4,3.4,3.2371,3.32,5555,0
PGRU.US,D,20240125,000000,3.39,3.46,3.3,3.36,10884,0
PGRU.US,D,20240126,000000,3.29,3.38,3.29,3.33,3473,0
PGRU.US,D,20240129,000000,3.27,3.41,3.26,3.3843,12503,0
PGRU.US,D,20240130,000000,3.33,3.3404,3.33,3.3301,1920,0
PGRU.US,D,20240131,000000,3.33,3.49,3.2001,3.4763,4198,0
PGRU.US,D,20240201,000000,3.4,3.4,3.2,3.2,7868,0
PGRU.US,D,20240202,000000,3.3,3.58,3.2601,3.36,9569,0
PGRU.US,D,20240205,000000,3.4,3.4,3.225,3.25,7036,0
PGRU.US,D,20240206,000000,3.25,3.33,3.2301,3.24,10958,0
PGRU.US,D,20240207,000000,3.19,3.24,3.1575,3.17,19533,0
PGRU.US,D,20240208,000000,3.27,3.28,3.2,3.22,6933,0
PGRU.US,D,20240209,000000,3.29,3.35,3.29,3.3,1798,0
PGRU.US,D,20240212,000000,3.27,3.4773,3.2,3.42,29270,0
PGRU.US,D,20240213,000000,3.32,3.43,3.32,3.43,6376,0
PGRU.US,D,20240214,000000,3.48,3.481,3.4,3.4,4946,0
PGRU.US,D,20240215,000000,3.45,3.47,3.26,3.35,19823,0
PGRU.US,D,20240216,000000,3.38,3.4611,3.31,3.36,4111,0
PGRU.US,D,20240220,000000,3.36,3.46,3.2901,3.37,13690,0
PGRU.US,D,20240221,000000,3.44,3.45,3.37,3.4,34151,0
PGRU.US,D,20240222,000000,3.36,3.44,3.344,3.38,14722,0
PGRU.US,D,20240223,000000,3.38,3.3976,3.25,3.365,12308,0
PGRU.US,D,20240226,000000,3.29,3.39,3.2846,3.37,8378,0
PGRU.US,D,20240227,000000,3.41,3.41,3.31,3.39,5525,0
PGRU.US,D,20240228,000000,3.46,3.54,3.36,3.475,27151,0
PGRU.US,D,20240229,000000,3.46,3.58,3.38,3.48,27618,0
PGRU.US,D,20240301,000000,3.6,3.9322,3.49,3.5,82628,0
PGRU.US,D,20240304,000000,3.4,3.43,3.201,3.31,31443,0
PGRU.US,D,20240305,000000,3.25,3.415,3.25,3.4,20996,0
PGRU.US,D,20240306,000000,3.35,3.4,3.15,3.23,75060,0
PGRU.US,D,20240307,000000,3.28,3.38,3.16,3.25,30710,0
PGRU.US,D,20240308,000000,3.3,3.41,3.1607,3.33,17462,0
PGRU.US,D,20240311,000000,3.4,3.73,3.29,3.41,143586,0
PGRU.US,D,20240312,000000,3.35,3.506,3.314,3.48,75164,0
PGRU.US,D,20240313,000000,3.49,3.6,3.49,3.54,9651,0
PGRU.US,D,20240314,000000,3.58,3.63,3.44,3.54,24516,0
PGRU.US,D,20240315,000000,3.56,3.6,3.56,3.6,9838,0
PGRU.US,D,20240318,000000,3.63,3.63,3.45,3.52,47494,0
PGRU.US,D,20240319,000000,3.45,3.54,3.45,3.5,3579,0
PGRU.US,D,20240320,000000,3.58,3.7,3.23,3.7,269253,0
PGRU.US,D,20240321,000000,3.6,3.79,3.6,3.77,23099,0
PGRU.US,D,20240322,000000,3.77,3.9,3.71,3.88,32742,0
PGRU.US,D,20240325,000000,3.82,4.01,3.77,3.9,26076,0
PGRU.US,D,20240326,000000,3.84,3.91,3.84,3.88,3896,0
PGRU.US,D,20240327,000000,3.85,4.01,3.81,3.87,24484,0
PGRU.US,D,20240328,000000,3.87,3.89,3.53,3.795,23098,0
PGRU.US,D,20240401,000000,3.8,3.85,3.71,3.78,9824,0
PGRU.US,D,20240402,000000,3.75,3.86,3.75,3.84,1680,0
PGRU.US,D,20240403,000000,3.84,3.9008,3.7901,3.83,3190,0
PGRU.US,D,20240404,000000,3.8,3.91,3.75,3.75,10096,0
PGRU.US,D,20240405,000000,3.78,3.82,3.66,3.72,18978,0
PGRU.US,D,20240408,000000,3.65,3.8899,3.65,3.72,28662,0
PGRU.US,D,20240409,000000,3.74,3.85,3.73,3.83,1644,0
PGRU.US,D,20240410,000000,3.83,3.9,3.76,3.76,7484,0
PGRU.US,D,20240411,000000,3.81,3.99,3.76,3.77,5444,0
PGRU.US,D,20240412,000000,3.78,3.885,3.72,3.72,6803,0
PGRU.US,D,20240415,000000,3.71,3.82,3.6222,3.75,5394,0
PGRU.US,D,20240416,000000,3.75,3.78,3.69,3.75,29632,0
PGRU.US,D,20240417,000000,3.75,3.88,3.65,3.67,12734,0
PGRU.US,D,20240418,000000,3.7,3.75,3.65,3.65,14294,0
PGRU.US,D,20240419,000000,3.6,3.74,3.5947,3.73,11318,0
PGRU.US,D,20240422,000000,3.73,3.79,3.59,3.64,86085,0
PGRU.US,D,20240423,000000,3.68,3.81,3.6,3.75,128347,0
PGRU.US,D,20240424,000000,3.78,3.78,3.64,3.74,92459,0
PGRU.US,D,20240425,000000,3.68,3.8,3.64,3.65,132167,0
PGRU.US,D,20240426,000000,3.75,3.75,3.59,3.75,40794,0
PGRU.US,D,20240429,000000,3.76,3.78,3.6,3.6,138703,0
PGRU.US,D,20240430,000000,3.65,3.86,3.63,3.82,32679,0
PGRU.US,D,20240501,000000,3.81,3.86,3.77,3.84,39923,0
PGRU.US,D,20240502,000000,3.86,4.06,3.86,4.05,32202,0
PGRU.US,D,20240503,000000,4.12,4.12,3.9533,4.07,6995,0
PGRU.US,D,20240506,000000,4.03,4.11,4,4.03,20141,0
PGRU.US,D,20240507,000000,4.01,4.0858,3.96,4.03,23248,0
PGRU.US,D,20240508,000000,4.05,4.1,4.01,4.1,4586,0
PGRU.US,D,20240509,000000,4.09,4.1125,3.966,4.1,14297,0
PGRU.US,D,20240510,000000,4.05,4.09,4,4.04,46147,0
PGRU.US,D,20240513,000000,4.05,4.19,4.01,4.12,21801,0
PGRU.US,D,20240514,000000,4.08,4.145,4.08,4.12,15765,0
PGRU.US,D,20240515,000000,4.08,4.1707,4.08,4.13,3622,0
PGRU.US,D,20240516,000000,4.12,4.16,4.12,4.16,1379,0
PGRU.US,D,20240517,000000,4.15,4.33,4.15,4.23,23250,0
PGRU.US,D,20240520,000000,4.26,4.5,4.26,4.5,15441,0
PGRU.US,D,20240521,000000,4.22,4.46,4.1999,4.41,22070,0
PGRU.US,D,20240522,000000,4.36,4.71,4.35,4.6,18253,0
PGRU.US,D,20240523,000000,4.82,4.94,4.61,4.83,54494,0
PGRU.US,D,20240524,000000,4.85,4.86,4.5613,4.71,19661,0
PGRU.US,D,20240528,000000,4.65,4.7,4.4,4.51,25779,0
PGRU.US,D,20240529,000000,4.48,4.68,4.34,4.42,5957,0
PGRU.US,D,20240530,000000,4.47,4.6,4.43,4.43,9574,0
PGRU.US,D,20240531,000000,4.45,4.51,4.32,4.34,19252,0
PGRU.US,D,20240603,000000,4.32,4.61,4.32,4.56,3353,0
PGRU.US,D,20240604,000000,4.58,4.65,4.53,4.65,14678,0
PGRU.US,D,20240605,000000,4.58,4.84,4.58,4.69,18488,0
PGRU.US,D,20240606,000000,4.74,4.94,4.7,4.93,24608,0
PGRU.US,D,20240607,000000,4.92,5.02,4.85,4.96,108590,0
PGRU.US,D,20240610,000000,4.94,5.1199,4.94,5.08,10154,0
PGRU.US,D,20240611,000000,5.02,5.14,5.01,5.09,6665,0
PGRU.US,D,20240612,000000,5.21,5.21,5.02,5.18,7768,0
PGRU.US,D,20240613,000000,5.14,5.25,5.08,5.15,10641,0
PGRU.US,D,20240614,000000,5.2,5.2,5.05,5.19,23462,0
PGRU.US,D,20240617,000000,5.25,5.25,5.09,5.14,12139,0
PGRU.US,D,20240618,000000,5.23,5.23,5.03,5.13,60640,0
PGRU.US,D,20240620,000000,5.07,5.23,4.62,5.16,49348,0
PGRU.US,D,20240621,000000,5.1,5.15,4.9564,5.12,47962,0
PGRU.US,D,20240624,000000,5.02,5.275,4.95,5.06,41599,0
PGRU.US,D,20240625,000000,5.16,5.22,5.05,5.22,1444,0
PGRU.US,D,20240626,000000,5.15,5.15,5.0311,5.1,64358,0
PGRU.US,D,20240627,000000,5.08,5.1186,5.08,5.1,1400,0
PGRU.US,D,20240628,000000,5.1,5.13,4.85,4.85,5257,0
PGRU.US,D,20240701,000000,5,5.4099,4.72,5.18,56984,0
PGRU.US,D,20240702,000000,5.15,5.15,4.94,5.04,21487,0
PGRU.US,D,20240703,000000,5.03,5.09,5.025,5.09,5446,0
PGRU.US,D,20240705,000000,5.17,5.17,5.17,5.17,319,0
PGRU.US,D,20240708,000000,5.13,5.45,5.13,5.34,21923,0
PGRU.US,D,20240709,000000,5.34,5.6,5.31,5.6,18375,0
PGRU.US,D,20240710,000000,5.6,5.73,5.55,5.62,51188,0
PGRU.US,D,20240711,000000,5.7,5.98,5.63,5.94,14798,0
PGRU.US,D,20240712,000000,5.9,6.27,5.9,6.09,54713,0
PGRU.US,D,20240715,000000,6.05,6.5,6.03,6.16,12984,0
PGRU.US,D,20240716,000000,6.21,6.3063,5.58,6.18,18197,0
PGRU.US,D,20240717,000000,6.15,6.15,6.04,6.0959,5055,0
PGRU.US,D,20240718,000000,5.99,6.208,5.76,6.05,33098,0
PGRU.US,D,20240719,000000,6.01,6.28,6,6.12,3051,0
PGRU.US,D,20240722,000000,6.16,6.21,5.94,6.2,26674,0
PGRU.US,D,20240723,000000,6.4,6.6267,6.1,6.38,57583,0
PGRU.US,D,20240724,000000,6.3,6.52,6.215,6.33,8283,0
PGRU.US,D,20240725,000000,6.32,6.5,5.98,6.45,24673,0
PGRU.US,D,20240726,000000,6.51,6.54,6.25,6.44,115710,0
PGRU.US,D,20240729,000000,6.26,6.35,6.01,6.32,16263,0
PGRU.US,D,20240730,000000,6.3,6.33,6.06,6.32,13877,0
PGRU.US,D,20240731,000000,6.3,6.35,6.26,6.27,13456,0
PGRU.US,D,20240801,000000,6.17,6.31,6.17,6.31,3966,0
PGRU.US,D,20240802,000000,6.2,6.2999,6.0001,6.05,9745,0
PGRU.US,D,20240805,000000,5.95,5.9513,5.36,5.75,18005,0
PGRU.US,D,20240806,000000,5.83,5.846,5.64,5.64,6185,0
PGRU.US,D,20240807,000000,5.51,5.59,5.45,5.45,4828,0
PGRU.US,D,20240808,000000,5.5,5.5,5.3201,5.36,2081,0
PGRU.US,D,20240809,000000,5.38,5.71,5.36,5.5028,6747,0
PGRU.US,D,20240812,000000,5.53,5.89,5.32,5.41,7299,0
PGRU.US,D,20240813,000000,5.43,5.79,5.39,5.75,15107,0
PGRU.US,D,20240814,000000,5.75,6.06,5.75,6.06,14637,0
PGRU.US,D,20240815,000000,6.08,6.38,5.952,6.26,24926,0
PGRU.US,D,20240816,000000,6.58,6.6,6.531,6.55,6938743,0
PGRU.US,D,20240819,000000,6.56,6.595,6.52,6.55,6105122,0
PGRU.US,D,20240820,000000,6.55,6.58,6.54,6.55,2801943,0
PGRU.US,D,20240821,000000,6.55,6.6,6.54,6.56,5295991,0
PGRU.US,D,20240822,000000,6.56,6.59,6.54,6.57,13805579,0
PGRU.US,D,20240823,000000,6.57,6.6,6.57,6.57,11849296,0
PGRU.US,D,20240826,000000,6.58,6.62,6.58,6.6,885530,0
PGRU.US,D,20240827,000000,6.59,6.62,6.58,6.58,362898,0
PGRU.US,D,20240828,000000,6.61,6.62,6.58,6.58,294685,0
PGRU.US,D,20240829,000000,6.6,6.61,6.57,6.57,464757,0
PGRU.US,D,20240830,000000,6.59,6.6,6.57,6.57,328732,0
PGRU.US,D,20240903,000000,6.58,6.61,6.57,6.58,619818,0
PGRU.US,D,20240904,000000,6.58,6.61,6.56,6.56,720401,0
PGRU.US,D,20240905,000000,6.58,6.61,6.57,6.6,645900,0
PGRU.US,D,20240906,000000,6.59,6.6,6.57,6.57,429112,0
PGRU.US,D,20240909,000000,6.59,6.6,6.58,6.58,510333,0
PGRU.US,D,20240910,000000,6.58,6.6,6.58,6.6,316153,0
PGRU.US,D,20240911,000000,6.58,6.6,6.58,6.6,355738,0
PGRU.US,D,20240912,000000,6.6,6.6,6.59,6.6,142847,0
PGRU.US,D,20240913,000000,6.6,6.6,6.59,6.6,440138,0
PGRU.US,D,20240916,000000,6.6,6.6,6.59,6.6,328878,0
PGRU.US,D,20240917,000000,6.6,6.63,6.59,6.61,455896,0
PGRU.US,D,20240918,000000,6.61,6.63,6.59,6.59,601933,0
PGRU.US,D,20240919,000000,6.61,6.62,6.6,6.61,398901,0
PGRU.US,D,20240920,000000,6.61,6.63,6.61,6.63,338885,0
PGRU.US,D,20240923,000000,6.63,6.63,6.61,6.62,177769,0
PGRU.US,D,20240924,000000,6.61,6.63,6.61,6.61,279320,0
PGRU.US,D,20240925,000000,6.61,6.62,6.61,6.62,125025,0
PGRU.US,D,20240926,000000,6.62,6.625,6.61,6.61,251451,0
PGRU.US,D,20240927,000000,6.61,6.63,6.61,6.63,387665,0
PGRU.US,D,20240930,000000,6.62,6.63,6.61,6.61,356457,0
PGRU.US,D,20241001,000000,6.61,6.62,6.61,6.61,321780,0
PGRU.US,D,20241002,000000,6.61,6.62,6.61,6.61,387818,0
PGRU.US,D,20241003,000000,6.61,6.62,6.61,6.62,151113,0
PGRU.US,D,20241004,000000,6.61,6.63,6.61,6.61,161939,0
PGRU.US,D,20241007,000000,6.61,6.63,6.61,6.61,179156,0
PGRU.US,D,20241008,000000,6.61,6.63,6.61,6.62,68963,0
PGRU.US,D,20241009,000000,6.63,6.63,6.61,6.61,125090,0
PGRU.US,D,20241010,000000,6.61,6.63,6.61,6.61,794508,0
PGRU.US,D,20241011,000000,6.62,6.63,6.61,6.62,380092,0
PGRU.US,D,20241014,000000,6.63,6.64,6.61,6.62,518062,0
PGRU.US,D,20241015,000000,6.63,6.63,6.61,6.62,451166,0
PGRU.US,D,20241016,000000,6.61,6.63,6.61,6.63,109277,0
PGRU.US,D,20241017,000000,6.62,6.63,6.62,6.63,81682,0
PGRU.US,D,20241018,000000,6.63,6.63,6.62,6.63,122943,0
PGRU.US,D,20241021,000000,6.63,6.63,6.62,6.63,114275,0
PGRU.US,D,20241022,000000,6.62,6.65,6.62,6.64,133906,0
PGRU.US,D,20241023,000000,6.64,6.65,6.63,6.63,220313,0
PGRU.US,D,20241024,000000,6.63,6.65,6.63,6.63,78599,0
PGRU.US,D,20241025,000000,6.64,6.64,6.63,6.63,65509,0
PGRU.US,D,20241028,000000,6.63,6.64,6.63,6.64,67082,0
PGRU.US,D,20241029,000000,6.64,6.64,6.63,6.63,35382,0
PGRU.US,D,20241030,000000,6.63,6.64,6.63,6.63,51142,0
PGRU.US,D,20241031,000000,6.63,6.64,6.63,6.63,41483,0
PGRU.US,D,20241101,000000,6.63,6.64,6.63,6.63,36922,0
PGRU.US,D,20241104,000000,6.63,6.64,6.61,6.62,592943,0
PGRU.US,D,20241105,000000,6.62,6.64,6.62,6.62,159410,0
PGRU.US,D,20241106,000000,6.62,6.64,6.62,6.63,104098,0
PGRU.US,D,20241107,000000,6.64,6.64,6.62,6.62,38131,0
PGRU.US,D,20241108,000000,6.64,6.64,6.62,6.63,60758,0
PGRU.US,D,20241111,000000,6.635,6.65,6.62,6.64,57201,0
PGRU.US,D,20241112,000000,6.63,6.64,6.63,6.64,36494,0
PGRU.US,D,20241113,000000,6.64,6.65,6.63,6.63,120737,0
PGRU.US,D,20241114,000000,6.64,6.65,6.63,6.64,176210,0
PGRU.US,D,20241115,000000,6.64,6.65,6.64,6.65,47935,0
PGRU.US,D,20241118,000000,6.64,6.65,6.64,6.64,48947,0
PGRU.US,D,20241119,000000,6.645,6.65,6.64,6.65,64000,0
PGRU.US,D,20241120,000000,6.64,6.65,6.63,6.63,132876,0
PGRU.US,D,20241121,000000,6.64,6.64,6.63,6.63,101141,0
PGRU.US,D,20241122,000000,6.64,6.65,6.64,6.64,25794,0
PGRU.US,D,20241125,000000,6.65,6.65,6.63,6.64,75155,0
PGRU.US,D,20241126,000000,6.64,6.65,6.64,6.65,57124,0
PGRU.US,D,20241127,000000,6.645,6.65,6.64,6.65,28997,0
PGRU.US,D,20241129,000000,6.64,6.65,6.635,6.64,63293,0
PGRU.US,D,20241202,000000,6.63,6.65,6.63,6.64,81728,0
PGRU.US,D,20241203,000000,6.64,6.66,6.63,6.64,51338,0
PGRU.US,D,20241204,000000,6.65,6.66,6.63,6.65,292036,0
PGRU.US,D,20241205,000000,6.65,6.66,6.63,6.66,58933,0
PGRU.US,D,20241206,000000,6.66,6.66,6.65,6.66,18591,0
PGRU.US,D,20241209,000000,6.66,6.66,6.65,6.65,53208,0
PGRU.US,D,20241210,000000,6.66,6.66,6.65,6.65,53960,0
PGRU.US,D,20241211,000000,6.66,6.69,6.65,6.66,160995,0
PGRU.US,D,20241212,000000,6.69,6.7,6.69,6.7,313885,0
