<TICKER>,<PER>,<DATE>,<TIME>,<OPEN>,<HIGH>,<LOW>,<CLOSE>,<VOL>,<OPENINT>
PNST-WS.US,D,20240103,000000,0.399799,0.4394,0.36,0.4089,170882,0
PNST-WS.US,D,20240104,000000,0.4299,0.4299,0.317499,0.32,58559,0
PNST-WS.US,D,20240105,000000,0.3598,0.389401,0.313,0.36,115245,0
PNST-WS.US,D,20240108,000000,0.3618,0.3619,0.3025,0.3318,51796,0
PNST-WS.US,D,20240109,000000,0.331199,0.36,0.331199,0.3595,8710,0
PNST-WS.US,D,20240110,000000,0.357501,0.366,0.314,0.33,340724,0
PNST-WS.US,D,20240111,000000,0.330101,0.3549,0.3,0.3202,122599,0
PNST-WS.US,D,20240112,000000,0.3325,0.399,0.323139,0.3305,240714,0
PNST-WS.US,D,20240116,000000,0.3399,0.3399,0.3399,0.3399,790,0
PNST-WS.US,D,20240117,000000,0.33118,0.33118,0.251,0.27,22419,0
PNST-WS.US,D,20240118,000000,0.2969,0.3298,0.27,0.3297,32733,0
PNST-WS.US,D,20240119,000000,0.35,0.39851,0.3272,0.3577,77366,0
PNST-WS.US,D,20240122,000000,0.3989,0.4134,0.3889,0.3999,74246,0
PNST-WS.US,D,20240123,000000,0.37995,0.39,0.369999,0.3799,8729,0
PNST-WS.US,D,20240124,000000,0.3737,0.3737,0.37,0.37,1337,0
PNST-WS.US,D,20240125,000000,0.3859,0.3859,0.3132,0.37,19200,0
PNST-WS.US,D,20240126,000000,0.3699,0.3699,0.3202,0.36,14338,0
PNST-WS.US,D,20240129,000000,0.378,0.4,0.37,0.3888,80455,0
PNST-WS.US,D,20240130,000000,0.3956,0.3996,0.3601,0.3899,5588,0
PNST-WS.US,D,20240131,000000,0.3891,0.4159,0.3762,0.405,228290,0
PNST-WS.US,D,20240201,000000,0.4,0.4,0.3594,0.3994,53688,0
PNST-WS.US,D,20240202,000000,0.3989,0.399,0.36,0.3975,3314,0
PNST-WS.US,D,20240205,000000,0.3974,0.3974,0.355,0.355,4130,0
PNST-WS.US,D,20240206,000000,0.3885,0.3923,0.35,0.35,1673,0
PNST-WS.US,D,20240207,000000,0.3809,0.381,0.3772,0.38,10200,0
PNST-WS.US,D,20240208,000000,0.345,0.39,0.34,0.34,105794,0
PNST-WS.US,D,20240209,000000,0.3353,0.3353,0.297,0.3,154100,0
PNST-WS.US,D,20240212,000000,0.28,0.319,0.27,0.319,29397,0
PNST-WS.US,D,20240213,000000,0.3614,0.365,0.27,0.299,18391,0
PNST-WS.US,D,20240214,000000,0.27,0.27,0.2385,0.2641,162403,0
PNST-WS.US,D,20240215,000000,0.2535,0.2807,0.2414,0.242089,45468,0
PNST-WS.US,D,20240216,000000,0.24,0.299,0.2126,0.2207,168728,0
PNST-WS.US,D,20240220,000000,0.27,0.27,0.25,0.25,5321,0
PNST-WS.US,D,20240221,000000,0.264,0.289,0.2,0.221,26170,0
PNST-WS.US,D,20240222,000000,0.221101,0.240501,0.2211,0.2244,12276,0
PNST-WS.US,D,20240223,000000,0.221,0.267,0.212,0.2241,6730,0
PNST-WS.US,D,20240226,000000,0.2542,0.2542,0.2,0.2,4530,0
PNST-WS.US,D,20240227,000000,0.223099,0.3775,0.2193,0.3775,84461,0
PNST-WS.US,D,20240228,000000,0.3875,0.3955,0.3,0.3475,9600,0
PNST-WS.US,D,20240304,000000,0.3713,0.3825,0.3713,0.3825,3698,0
PNST-WS.US,D,20240305,000000,0.3333,0.3875,0.2836,0.3875,13732,0
PNST-WS.US,D,20240306,000000,0.36,0.395,0.34,0.395,32928,0
PNST-WS.US,D,20240311,000000,0.395,0.3975,0.35,0.35,3971,0
PNST-WS.US,D,20240314,000000,0.3861,0.39,0.2692,0.2692,7300,0
PNST-WS.US,D,20240315,000000,0.3,0.4075,0.27625,0.35,47025,0
PNST-WS.US,D,20240318,000000,0.41,0.41,0.31,0.3999,99678,0
PNST-WS.US,D,20240319,000000,0.2851,0.41,0.2851,0.37,46139,0
PNST-WS.US,D,20240320,000000,0.351,0.4868,0.335,0.3657,125655,0
PNST-WS.US,D,20240321,000000,0.342,0.44,0.332,0.421,52733,0
PNST-WS.US,D,20240322,000000,0.3565,0.3665,0.3565,0.3565,900,0
PNST-WS.US,D,20240325,000000,0.3612,0.3612,0.3258,0.3258,1827,0
PNST-WS.US,D,20240326,000000,0.2566,0.388,0.2565,0.26,87233,0
PNST-WS.US,D,20240327,000000,0.2727,0.345,0.26,0.26,57842,0
PNST-WS.US,D,20240328,000000,0.265,0.265,0.2475,0.2475,4460,0
PNST-WS.US,D,20240402,000000,0.3177,0.3694,0.2538,0.315,33650,0
PNST-WS.US,D,20240404,000000,0.38,0.4375,0.38,0.4374,1663,0
PNST-WS.US,D,20240405,000000,0.3333,0.3534,0.33,0.3333,4911,0
PNST-WS.US,D,20240408,000000,0.38,0.38,0.2375,0.2809,146588,0
PNST-WS.US,D,20240409,000000,0.29,0.3073,0.2211,0.223073,60900,0
PNST-WS.US,D,20240410,000000,0.28,0.294,0.2176,0.2378,204292,0
PNST-WS.US,D,20240411,000000,0.2802,0.2802,0.225,0.225,5200,0
PNST-WS.US,D,20240412,000000,0.2499,0.2744,0.225,0.24,35099,0
PNST-WS.US,D,20240415,000000,0.33,0.33,0.3267,0.33,5000,0
PNST-WS.US,D,20240416,000000,0.285,0.289,0.2402,0.2402,7100,0
PNST-WS.US,D,20240417,000000,0.279,0.279,0.2025,0.25,20364,0
PNST-WS.US,D,20240418,000000,0.289,0.299,0.211201,0.23,6228,0
PNST-WS.US,D,20240419,000000,0.23,0.23,0.18,0.19,58471,0
PNST-WS.US,D,20240422,000000,0.18,0.21,0.1675,0.1875,275689,0
PNST-WS.US,D,20240423,000000,0.2,0.2058,0.1525,0.1703,251224,0
PNST-WS.US,D,20240424,000000,0.1685,0.19,0.1551,0.1675,128689,0
PNST-WS.US,D,20240425,000000,0.1683,0.2,0.1625,0.18,41235,0
PNST-WS.US,D,20240426,000000,0.171,0.2,0.17,0.17,107650,0
PNST-WS.US,D,20240429,000000,0.1718,0.1957,0.1596,0.18,131754,0
PNST-WS.US,D,20240430,000000,0.1665,0.185,0.1475,0.15,330433,0
PNST-WS.US,D,20240501,000000,0.1725,0.1764,0.1425,0.1455,17100,0
PNST-WS.US,D,20240502,000000,0.17,0.1774,0.1401,0.1523,199460,0
PNST-WS.US,D,20240503,000000,0.152654,0.1798,0.1323,0.1323,29979,0
PNST-WS.US,D,20240506,000000,0.17,0.195,0.1529,0.157,54663,0
PNST-WS.US,D,20240507,000000,0.169,0.175,0.1404,0.149,435414,0
PNST-WS.US,D,20240508,000000,0.169,0.179,0.1415,0.15,21400,0
PNST-WS.US,D,20240509,000000,0.1426,0.16,0.1421,0.15,8031,0
PNST-WS.US,D,20240510,000000,0.15,0.15,0.1375,0.15,35812,0
PNST-WS.US,D,20240513,000000,0.15,0.1648,0.140335,0.140335,23337,0
PNST-WS.US,D,20240514,000000,0.1376,0.1515,0.1376,0.1389,1600,0
PNST-WS.US,D,20240522,000000,0.139,0.14,0.139,0.14,11500,0
PNST-WS.US,D,20240523,000000,0.14,0.14,0.131,0.14,10963,0
PNST-WS.US,D,20240524,000000,0.1316,0.1316,0.131567,0.131567,400,0
PNST-WS.US,D,20240529,000000,0.14,0.1498,0.1396,0.1421,9300,0
PNST-WS.US,D,20240603,000000,0.1449,0.145,0.1275,0.131,97936,0
PNST-WS.US,D,20240604,000000,0.161,0.161,0.131,0.131,5300,0
PNST-WS.US,D,20240607,000000,0.1324,0.1355,0.1212,0.124,46650,0
PNST-WS.US,D,20240610,000000,0.1251,0.1375,0.125,0.1251,20762,0
PNST-WS.US,D,20240611,000000,0.1251,0.1251,0.1251,0.1251,381408,0
PNST-WS.US,D,20240617,000000,0.13,0.135,0.13,0.135,30000,0
PNST-WS.US,D,20240618,000000,0.14,0.14,0.14,0.14,25000,0
PNST-WS.US,D,20240620,000000,0.1303,0.165,0.1275,0.135,232127,0
PNST-WS.US,D,20240624,000000,0.1325,0.14,0.1229,0.1357,216742,0
PNST-WS.US,D,20240625,000000,0.125601,0.13,0.11,0.13,29900,0
PNST-WS.US,D,20240626,000000,0.1125,0.13,0.1125,0.13,61000,0
PNST-WS.US,D,20240628,000000,0.12,0.1202,0.111,0.11124,107955,0
PNST-WS.US,D,20240701,000000,0.111,0.12,0.1013,0.12,28999,0
PNST-WS.US,D,20240702,000000,0.11,0.12,0.09,0.1052,129917,0
PNST-WS.US,D,20240703,000000,0.1,0.1,0.0994,0.0997,8984,0
PNST-WS.US,D,20240705,000000,0.096,0.1,0.096,0.0999,7300,0
PNST-WS.US,D,20240711,000000,0.0858,0.09,0.085,0.085,1200,0
PNST-WS.US,D,20240712,000000,0.083,0.09,0.08,0.0899,159094,0
PNST-WS.US,D,20240802,000000,0.085,0.085101,0.0849,0.085,30116,0
PNST-WS.US,D,20240805,000000,0.0808,0.0808,0.0795,0.0795,7900,0
PNST-WS.US,D,20240806,000000,0.08,0.08,0.08,0.08,3519,0
PNST-WS.US,D,20240807,000000,0.106351,0.106351,0.106351,0.106351,1581,0
PNST-WS.US,D,20240809,000000,0.08,0.0874,0.08,0.08,10100,0
PNST-WS.US,D,20240819,000000,0.099,0.099,0.099,0.099,154,0
PNST-WS.US,D,20240823,000000,0.09,0.09,0.09,0.09,7820,0
PNST-WS.US,D,20240827,000000,0.08,0.08,0.08,0.08,400000,0
PNST-WS.US,D,20240828,000000,0.0803,0.0995,0.08,0.0953,86300,0
PNST-WS.US,D,20240829,000000,0.0777,0.0777,0.065,0.065,42263,0
PNST-WS.US,D,20240905,000000,0.065,0.07,0.028,0.0384,376793,0
PNST-WS.US,D,20240906,000000,0.039501,0.047,0.0261,0.047,69060,0
PNST-WS.US,D,20240909,000000,0.0498,0.0498,0.0298,0.0298,56966,0
PNST-WS.US,D,20240910,000000,0.0399,0.0695,0.0275,0.0389,48400,0
PNST-WS.US,D,20240911,000000,0.03615,0.064958,0.0262,0.0262,60463,0
PNST-WS.US,D,20240912,000000,0.04,0.049,0.019899,0.02,104086,0
PNST-WS.US,D,20240913,000000,0.017925,0.0386,0.017925,0.034,12148,0
PNST-WS.US,D,20240916,000000,0.033,0.033,0.0201,0.0202,25666,0
PNST-WS.US,D,20240917,000000,0.0695,0.0695,0.0151,0.0259,331976,0
PNST-WS.US,D,20240918,000000,0.0355,0.0355,0.0249,0.0298,6725,0
PNST-WS.US,D,20240919,000000,0.0225,0.028,0.0151,0.0196,141122,0
PNST-WS.US,D,20240920,000000,0.0273,0.0275,0.01531,0.025313,3764,0
PNST-WS.US,D,20240923,000000,0.0425,0.0425,0.0101,0.0198,76325,0
PNST-WS.US,D,20240924,000000,0.0101,0.0242,0.0101,0.0218,16117,0
PNST-WS.US,D,20240925,000000,0.0295,0.0295,0.016,0.016,7626,0
PNST-WS.US,D,20240926,000000,0.0243,0.0267,0.0152,0.02,49219,0
PNST-WS.US,D,20240927,000000,0.0248,0.0248,0.0102,0.02,40103,0
PNST-WS.US,D,20240930,000000,0.0102,0.02,0.0102,0.0108,2887,0
PNST-WS.US,D,20241001,000000,0.0181,0.02,0.0151,0.02,13185,0
PNST-WS.US,D,20241002,000000,0.0199,0.02,0.0051,0.0104,143576,0
PNST-WS.US,D,20241003,000000,0.0198,0.0231,0.0052,0.0199,110162,0
PNST-WS.US,D,20241004,000000,0.0305,0.0305,0.00785,0.0103,59915,0
PNST-WS.US,D,20241007,000000,0.03,0.03,0.0105,0.0198,112519,0
PNST-WS.US,D,20241008,000000,0.02,0.02,0.0105,0.0111,62647,0
PNST-WS.US,D,20241009,000000,0.0183,0.0184,0.0113,0.0113,12822,0
PNST-WS.US,D,20241010,000000,0.0193,0.03,0.0101,0.0104,98815,0
PNST-WS.US,D,20241011,000000,0.0148,0.0189,0.01,0.01,60982,0
PNST-WS.US,D,20241014,000000,0.0138,0.0149,0.0102,0.0144,17527,0
PNST-WS.US,D,20241015,000000,0.0149,0.0169,0.01,0.0138,40150,0
PNST-WS.US,D,20241016,000000,0.013026,0.0139,0.0104,0.01389,11652,0
PNST-WS.US,D,20241017,000000,0.01011,0.0149,0.01,0.0141,213127,0
PNST-WS.US,D,20241018,000000,0.0141,0.018,0.014,0.0178,16680,0
PNST-WS.US,D,20241021,000000,0.0179,0.0179,0.0102,0.0176,29080,0
PNST-WS.US,D,20241022,000000,0.0102,0.0259,0.0102,0.0256,23064,0
PNST-WS.US,D,20241023,000000,0.0202,0.05,0.0108,0.0248,301776,0
PNST-WS.US,D,20241024,000000,0.0205,0.025,0.018492,0.018492,62562,0
PNST-WS.US,D,20241025,000000,0.0225,0.0225,0.0138,0.01491,5351,0
PNST-WS.US,D,20241028,000000,0.03,0.0347,0.0106,0.0144,46087,0
PNST-WS.US,D,20241029,000000,0.0116,0.0228,0.0116,0.0117,4414,0
PNST-WS.US,D,20241030,000000,0.02,0.0228,0.0105,0.0154,46495,0
PNST-WS.US,D,20241031,000000,0.022,0.022,0.015,0.0195,24743,0
PNST-WS.US,D,20241101,000000,0.0224,0.0294,0.0107,0.0249,9176,0
PNST-WS.US,D,20241104,000000,0.0298,0.03,0.0105,0.023888,18139,0
PNST-WS.US,D,20241105,000000,0.065,0.065,0.0106,0.0248,74599,0
PNST-WS.US,D,20241106,000000,0.0109,0.0318,0.0108,0.0122,42083,0
PNST-WS.US,D,20241107,000000,0.02,0.034999,0.0109,0.025,35646,0
PNST-WS.US,D,20241108,000000,0.0296,0.03,0.0111,0.029,161160,0
PNST-WS.US,D,20241111,000000,0.0126,0.0287,0.0126,0.014,8094,0
PNST-WS.US,D,20241112,000000,0.0288,0.075,0.015,0.0298,198955,0
PNST-WS.US,D,20241113,000000,0.0446,0.0475,0.0202,0.0251,97401,0
PNST-WS.US,D,20241114,000000,0.04,0.0449,0.02,0.0201,62463,0
PNST-WS.US,D,20241115,000000,0.0201,0.034499,0.02,0.025,36498,0
PNST-WS.US,D,20241118,000000,0.0298,0.0344,0.02,0.0203,41653,0
PNST-WS.US,D,20241119,000000,0.0279,0.0279,0.0201,0.0201,12139,0
PNST-WS.US,D,20241120,000000,0.0279,0.0375,0.0201,0.0268,38374,0
PNST-WS.US,D,20241121,000000,0.0201,0.02939,0.0201,0.027842,7420,0
PNST-WS.US,D,20241122,000000,0.0201,0.029,0.02,0.0205,14516,0
PNST-WS.US,D,20241125,000000,0.0282,0.0282,0.02,0.02051,3980,0
PNST-WS.US,D,20241126,000000,0.021781,0.0274,0.021,0.021,6231,0
PNST-WS.US,D,20241127,000000,0.027,0.04999,0.021,0.0261,119922,0
PNST-WS.US,D,20241129,000000,0.02611,0.0395,0.0211,0.0214,184091,0
PNST-WS.US,D,20241202,000000,0.0347,0.0347,0.0223,0.0231,47631,0
PNST-WS.US,D,20241203,000000,0.0269,0.03,0.0168,0.0221,1447130,0
PNST-WS.US,D,20241204,000000,0.02,0.0258,0.0172,0.0228,328738,0
PNST-WS.US,D,20241205,000000,0.0201,0.022,0.0119,0.0196,289377,0
PNST-WS.US,D,20241206,000000,0.0124,0.02,0.0123,0.0196,8037,0
PNST-WS.US,D,20241209,000000,0.0126,0.0198,0.0126,0.018835,10704,0
PNST-WS.US,D,20241210,000000,0.013356,0.024,0.0125,0.015473,58426,0
PNST-WS.US,D,20241211,000000,0.02299,0.02299,0.0142,0.0144,35174,0
PNST-WS.US,D,20241212,000000,0.0206,0.0287,0.0125,0.0189,55944,0
PNST-WS.US,D,20241213,000000,0.0194,0.0195,0.0109,0.0111,21148,0
PNST-WS.US,D,20241216,000000,0.012,0.0194,0.0075,0.0081,351865,0
PNST-WS.US,D,20241217,000000,0.0177,0.0177,0.0063,0.0082,20018,0
