<TICKER>,<PER>,<DATE>,<TIME>,<OPEN>,<HIGH>,<LOW>,<CLOSE>,<VOL>,<OPENINT>
RRAC.US,D,20211228,000000,9.82,9.82,9.802,9.82,1441,0
RRAC.US,D,20211229,000000,9.8,9.8,9.8,9.8,915,0
RRAC.US,D,20211230,000000,10.3,10.46,9.8,9.86,13262,0
RRAC.US,D,20211231,000000,9.76,9.8,9.76,9.8,400,0
RRAC.US,D,20220103,000000,9.8,9.83,9.79,9.83,208608,0
RRAC.US,D,20220104,000000,9.83,9.86,9.83,9.86,209195,0
RRAC.US,D,20220105,000000,9.87,9.87,9.85,9.86,245756,0
RRAC.US,D,20220106,000000,9.86,9.91,9.855,9.86,18829,0
RRAC.US,D,20220112,000000,9.8898,9.9,9.8898,9.9,10048,0
RRAC.US,D,20220113,000000,9.9,9.9,9.9,9.9,125,0
RRAC.US,D,20220118,000000,9.965,9.965,9.86,9.86,13308,0
RRAC.US,D,20220119,000000,9.84,9.86,9.8,9.86,17300,0
RRAC.US,D,20220120,000000,9.86,9.86,9.86,9.86,502,0
RRAC.US,D,20220121,000000,9.86,9.91,9.86,9.88,99441,0
RRAC.US,D,20220124,000000,9.87,9.89,9.87,9.88,30422,0
RRAC.US,D,20220125,000000,9.88,9.88,9.85,9.86,10497,0
RRAC.US,D,20220128,000000,9.84,9.84,9.84,9.84,8851,0
RRAC.US,D,20220201,000000,9.94,9.94,9.89,9.9,18325,0
RRAC.US,D,20220202,000000,9.9,9.9,9.9,9.9,178,0
RRAC.US,D,20220203,000000,9.85,9.86,9.85,9.86,193211,0
RRAC.US,D,20220208,000000,9.85,9.85,9.85,9.85,3583,0
RRAC.US,D,20220210,000000,9.845,9.845,9.845,9.845,50000,0
RRAC.US,D,20220215,000000,9.9,9.9,9.9,9.9,2599,0
RRAC.US,D,20220223,000000,9.88,9.88,9.88,9.88,100,0
RRAC.US,D,20220301,000000,9.89,9.91,9.89,9.91,126303,0
RRAC.US,D,20220302,000000,9.93,9.93,9.92,9.92,950,0
RRAC.US,D,20220303,000000,9.92,9.92,9.92,9.92,616,0
RRAC.US,D,20220307,000000,9.93,9.93,9.9,9.92,3602,0
RRAC.US,D,20220308,000000,9.93,9.93,9.9,9.9,10632,0
RRAC.US,D,20220309,000000,9.91,9.91,9.91,9.91,1800,0
RRAC.US,D,20220310,000000,9.9,9.9,9.9,9.9,404,0
RRAC.US,D,20220314,000000,9.92,9.92,9.9,9.92,17008,0
RRAC.US,D,20220315,000000,9.92,9.92,9.92,9.92,124183,0
RRAC.US,D,20220318,000000,9.92,9.93,9.92,9.93,29800,0
RRAC.US,D,20220322,000000,10.04,10.04,9.92,9.92,1700,0
RRAC.US,D,20220325,000000,9.935,9.935,9.92,9.92,42107,0
RRAC.US,D,20220328,000000,9.92,9.92,9.92,9.92,867,0
RRAC.US,D,20220329,000000,9.95,9.95,9.95,9.95,840,0
RRAC.US,D,20220330,000000,9.93,9.93,9.93,9.93,157534,0
RRAC.US,D,20220331,000000,9.94,9.94,9.92,9.925,900,0
RRAC.US,D,20220401,000000,9.93,9.94,9.92,9.94,362188,0
RRAC.US,D,20220404,000000,9.94,9.95,9.94,9.95,1763,0
RRAC.US,D,20220405,000000,9.93,9.94,9.93,9.94,9508,0
RRAC.US,D,20220406,000000,9.93,9.95,9.93,9.95,7098,0
RRAC.US,D,20220407,000000,9.95,9.95,9.93,9.95,1445,0
RRAC.US,D,20220408,000000,9.95,9.95,9.95,9.95,713,0
RRAC.US,D,20220414,000000,9.97,9.97,9.96,9.96,2074,0
RRAC.US,D,20220428,000000,9.94,9.98,9.94,9.98,300,0
RRAC.US,D,20220429,000000,10,10,9.98,10,2600,0
RRAC.US,D,20220502,000000,10,10,10,10,6000,0
RRAC.US,D,20220503,000000,9.98,9.98,9.98,9.98,100000,0
RRAC.US,D,20220504,000000,9.98,9.98,9.97,9.97,79381,0
RRAC.US,D,20220505,000000,9.97,9.97,9.97,9.97,1300,0
RRAC.US,D,20220506,000000,9.98,9.98,9.97,9.97,2288,0
RRAC.US,D,20220509,000000,9.97,9.97,9.96,9.96,60300,0
RRAC.US,D,20220511,000000,9.94,9.96,9.92,9.92,10917,0
RRAC.US,D,20220512,000000,9.91,9.9112,9.9001,9.91,100746,0
RRAC.US,D,20220513,000000,9.91,9.94,9.91,9.91,10240,0
RRAC.US,D,20220516,000000,9.91,9.95,9.91,9.92,1402,0
RRAC.US,D,20220518,000000,9.94,9.945,9.91,9.91,11670,0
RRAC.US,D,20220524,000000,9.91,9.95,9.91,9.91,32327,0
RRAC.US,D,20220525,000000,9.9,9.92,9.89,9.92,101997,0
RRAC.US,D,20220526,000000,9.92,9.92,9.92,9.92,114,0
RRAC.US,D,20220527,000000,9.92,9.92,9.92,9.92,101,0
RRAC.US,D,20220531,000000,9.91,9.935,9.91,9.91,81853,0
RRAC.US,D,20220601,000000,9.91,9.91,9.91,9.91,260598,0
RRAC.US,D,20220603,000000,9.92,9.92,9.92,9.92,101,0
RRAC.US,D,20220606,000000,9.92,9.97,9.92,9.97,950114,0
RRAC.US,D,20220607,000000,9.92,9.93,9.92,9.93,487,0
RRAC.US,D,20220608,000000,9.93,9.945,9.9205,9.9205,1102,0
RRAC.US,D,20220609,000000,9.93,9.93,9.93,9.93,200,0
RRAC.US,D,20220610,000000,9.94,9.95,9.94,9.95,1029,0
RRAC.US,D,20220613,000000,9.94,9.945,9.94,9.945,46958,0
RRAC.US,D,20220614,000000,9.95,9.95,9.95,9.95,518,0
RRAC.US,D,20220615,000000,9.99,9.99,9.99,9.99,168,0
RRAC.US,D,20220616,000000,9.94,9.94,9.94,9.94,144,0
RRAC.US,D,20220617,000000,9.93,9.93,9.93,9.93,500,0
RRAC.US,D,20220621,000000,9.97,9.97,9.95,9.95,485,0
RRAC.US,D,20220622,000000,9.93,9.94,9.93,9.94,250,0
RRAC.US,D,20220628,000000,9.95,9.95,9.95,9.95,463116,0
RRAC.US,D,20220629,000000,9.94,9.96,9.93,9.96,4900,0
RRAC.US,D,20220630,000000,9.94,9.94,9.94,9.94,10280,0
RRAC.US,D,20220705,000000,9.95,9.95,9.95,9.95,1000,0
RRAC.US,D,20220707,000000,9.98,9.98,9.955,9.955,354408,0
RRAC.US,D,20220711,000000,9.94,9.94,9.94,9.94,100,0
RRAC.US,D,20220713,000000,9.93,9.93,9.93,9.93,150,0
RRAC.US,D,20220714,000000,9.93,9.93,9.93,9.93,182,0
RRAC.US,D,20220715,000000,10,10,10,10,100,0
RRAC.US,D,20220718,000000,10,10,9.97,9.97,898,0
RRAC.US,D,20220719,000000,9.99,9.99,9.99,9.99,150,0
RRAC.US,D,20220720,000000,9.97,9.97,9.965,9.97,401,0
RRAC.US,D,20220721,000000,9.94,9.97,9.94,9.965,5100,0
RRAC.US,D,20220726,000000,9.975,9.975,9.97,9.97,30100,0
RRAC.US,D,20220727,000000,9.995,9.995,9.995,9.995,300150,0
RRAC.US,D,20220728,000000,9.98,10,9.97,9.99,2585,0
RRAC.US,D,20220802,000000,9.99,9.99,9.99,9.99,840,0
RRAC.US,D,20220803,000000,9.99,10.0014,9.99,10.0014,4700,0
RRAC.US,D,20220805,000000,10.02,10.02,10.02,10.02,57575,0
RRAC.US,D,20220809,000000,10.01,10.02,10.01,10.02,36817,0
RRAC.US,D,20220811,000000,10,10,10,10,47666,0
RRAC.US,D,20220817,000000,9.98,9.98,9.98,9.98,100,0
RRAC.US,D,20220822,000000,9.98,9.98,9.98,9.98,101,0
RRAC.US,D,20220829,000000,10.01,10.01,10,10,750,0
RRAC.US,D,20220831,000000,10.01,10.01,10.01,10.01,750,0
RRAC.US,D,20220901,000000,10.08,10.08,10.05,10.05,1607,0
RRAC.US,D,20220906,000000,10.04,10.04,10.035,10.035,801,0
RRAC.US,D,20220907,000000,10.02,10.08,10.02,10.05,137658,0
RRAC.US,D,20220908,000000,10.06,10.06,10.02,10.06,56310,0
RRAC.US,D,20220909,000000,10.06,10.06,10.06,10.06,10170,0
RRAC.US,D,20220912,000000,10.06,10.06,10.06,10.06,49187,0
RRAC.US,D,20220913,000000,10.055,10.06,10.055,10.06,48520,0
RRAC.US,D,20220914,000000,10.06,10.06,10.06,10.06,1200,0
RRAC.US,D,20220915,000000,10.04,10.06,10.04,10.06,1500,0
RRAC.US,D,20220919,000000,10.095,10.095,10.095,10.095,300,0
RRAC.US,D,20220920,000000,10.08,10.08,10.08,10.08,427,0
RRAC.US,D,20220921,000000,10.08,10.08,10.08,10.08,18070,0
RRAC.US,D,20220922,000000,10.08,10.08,10.08,10.08,709,0
RRAC.US,D,20220923,000000,10.08,10.09,10.08,10.09,1400,0
RRAC.US,D,20220926,000000,10.08,10.08,10.08,10.08,340670,0
RRAC.US,D,20220927,000000,10.09,10.09,10.09,10.09,4400,0
RRAC.US,D,20220928,000000,10.09,10.09,10.09,10.09,200,0
RRAC.US,D,20220929,000000,10.09,10.09,10.09,10.09,7200,0
RRAC.US,D,20221003,000000,10.09,10.09,10.09,10.09,1904,0
RRAC.US,D,20221006,000000,10.08,10.08,10.07,10.07,301,0
RRAC.US,D,20221010,000000,10.07,10.07,10.07,10.07,1273934,0
RRAC.US,D,20221013,000000,10.1,10.1,10.1,10.1,295,0
RRAC.US,D,20221017,000000,10.09,10.1,10.08,10.1,76501,0
RRAC.US,D,20221018,000000,10.1,10.1,10.1,10.1,381716,0
RRAC.US,D,20221019,000000,10.1,10.11,10.1,10.11,25700,0
RRAC.US,D,20221101,000000,10.14,10.155,10.14,10.155,32065,0
RRAC.US,D,20221102,000000,10.14,10.17,10.14,10.17,419,0
RRAC.US,D,20221114,000000,10.18,10.18,10.16,10.16,25100,0
RRAC.US,D,20221115,000000,10.16,10.16,10.16,10.16,50100,0
RRAC.US,D,20221116,000000,10.16,10.17,10.16,10.16,53000,0
RRAC.US,D,20221118,000000,10.17,10.17,10.17,10.17,50000,0
RRAC.US,D,20221122,000000,10.19,10.19,10.19,10.19,802,0
RRAC.US,D,20221130,000000,10.2,10.2,10.2,10.2,400,0
RRAC.US,D,20221201,000000,10.2,10.2,10.2,10.2,4625,0
RRAC.US,D,20221202,000000,10.2,10.2,10.2,10.2,3125,0
RRAC.US,D,20221205,000000,10.23,10.23,10.2,10.2,297285,0
RRAC.US,D,20221206,000000,10.21,10.21,10.21,10.21,5379,0
RRAC.US,D,20221207,000000,10.21,10.21,10.21,10.21,20234,0
RRAC.US,D,20221220,000000,10.29,10.29,10.24,10.24,118117,0
RRAC.US,D,20221221,000000,10.23,10.33,10.23,10.25,171403,0
RRAC.US,D,20221222,000000,10.25,10.28,10.25,10.27,118512,0
RRAC.US,D,20221223,000000,10.28,10.3,10.26,10.26,29201,0
RRAC.US,D,20221228,000000,10.29,10.3,10.28,10.28,31702,0
RRAC.US,D,20221229,000000,10.31,10.31,10.29,10.29,21010,0
RRAC.US,D,20221230,000000,10.29,10.29,10.29,10.29,100,0
RRAC.US,D,20230103,000000,10.33,10.33,10.27,10.27,27531,0
RRAC.US,D,20230104,000000,10.29,10.3,10.265,10.29,73800,0
RRAC.US,D,20230105,000000,10.29,10.29,10.29,10.29,353700,0
RRAC.US,D,20230106,000000,10.3,10.31,10.3,10.3,172980,0
RRAC.US,D,20230109,000000,10.32,10.32,10.29,10.3,89320,0
RRAC.US,D,20230110,000000,10.3,10.32,10.3,10.32,700126,0
RRAC.US,D,20230111,000000,10.3,10.32,10.3,10.32,110831,0
RRAC.US,D,20230112,000000,10.31,10.32,10.31,10.32,6491,0
RRAC.US,D,20230113,000000,10.31,10.31,10.31,10.31,17500,0
RRAC.US,D,20230117,000000,10.31,10.32,10.305,10.305,1801,0
RRAC.US,D,20230118,000000,10.32,10.32,10.31,10.32,259748,0
RRAC.US,D,20230120,000000,10.33,10.33,10.33,10.33,327,0
RRAC.US,D,20230123,000000,10.32,10.33,10.32,10.33,289,0
RRAC.US,D,20230124,000000,10.33,10.34,10.32,10.33,66628,0
RRAC.US,D,20230125,000000,10.33,10.34,10.33,10.33,57124,0
RRAC.US,D,20230130,000000,10.34,10.3407,10.34,10.3407,104165,0
RRAC.US,D,20230202,000000,10.35,10.35,10.35,10.35,2011,0
RRAC.US,D,20230203,000000,10.35,10.35,10.35,10.35,2910,0
RRAC.US,D,20230206,000000,10.35,10.37,10.35,10.35,1205881,0
RRAC.US,D,20230208,000000,10.37,10.37,10.35,10.35,255500,0
RRAC.US,D,20230209,000000,10.37,10.37,10.37,10.37,5000,0
RRAC.US,D,20230213,000000,10.38,10.58,10.36,10.38,34430,0
RRAC.US,D,20230214,000000,10.38,10.39,10.3792,10.3792,616918,0
RRAC.US,D,20230215,000000,10.38,10.38,10.37,10.38,214051,0
RRAC.US,D,20230216,000000,10.38,10.39,10.38,10.39,19985,0
RRAC.US,D,20230217,000000,10.38,10.39,10.38,10.385,1016,0
RRAC.US,D,20230221,000000,10.39,10.39,10.38,10.38,1605,0
RRAC.US,D,20230222,000000,10.39,10.39,10.39,10.39,1363,0
RRAC.US,D,20230223,000000,10.38,10.38,10.38,10.38,1925,0
RRAC.US,D,20230227,000000,10.44,10.9,10.39,10.444,33774,0
RRAC.US,D,20230228,000000,10.48,11.05,10.4,10.4,621948,0
RRAC.US,D,20230302,000000,10.425,10.425,10.425,10.425,6068,0
RRAC.US,D,20230307,000000,10.44,10.44,10.43,10.43,205,0
RRAC.US,D,20230308,000000,10.43,10.44,10.43,10.44,1127189,0
RRAC.US,D,20230309,000000,10.43,10.435,10.43,10.43,8859,0
RRAC.US,D,20230310,000000,10.44,10.44,10.42,10.42,100367,0
RRAC.US,D,20230313,000000,10.43,10.43,10.42,10.43,419772,0
RRAC.US,D,20230314,000000,10.5,10.5,10.5,10.5,100,0
RRAC.US,D,20230315,000000,10.44,10.44,10.43,10.44,103302,0
RRAC.US,D,20230316,000000,10.43,10.43,10.43,10.43,115,0
RRAC.US,D,20230317,000000,10.43,10.43,10.43,10.43,100,0
RRAC.US,D,20230321,000000,10.44,10.44,10.44,10.44,384,0
RRAC.US,D,20230322,000000,10.44,10.44,10.44,10.44,200,0
RRAC.US,D,20230323,000000,10.45,10.46,10.445,10.46,9662,0
RRAC.US,D,20230324,000000,10.5,10.5,10.5,10.5,100,0
RRAC.US,D,20230327,000000,10.45,10.48,10.45,10.45,1011384,0
RRAC.US,D,20230328,000000,10.45,10.46,10.45,10.46,400,0
RRAC.US,D,20230329,000000,10.5,10.5,10.46,10.46,14347,0
RRAC.US,D,20230404,000000,10.46,10.46,10.46,10.46,5812,0
RRAC.US,D,20230405,000000,10.4601,10.4601,10.4601,10.4601,300,0
RRAC.US,D,20230406,000000,10.46,10.465,10.45,10.45,6328,0
RRAC.US,D,20230410,000000,10.45,10.45,10.45,10.45,100,0
RRAC.US,D,20230411,000000,10.455,10.455,10.455,10.455,1019,0
RRAC.US,D,20230412,000000,10.4675,10.4675,10.4675,10.4675,217,0
RRAC.US,D,20230414,000000,10.47,10.47,10.47,10.47,8301,0
RRAC.US,D,20230417,000000,10.47,10.47,10.47,10.47,49200,0
RRAC.US,D,20230418,000000,10.47,10.47,10.47,10.47,43590,0
RRAC.US,D,20230419,000000,10.47,10.48,10.47,10.48,825417,0
RRAC.US,D,20230420,000000,10.485,10.485,10.485,10.485,250004,0
RRAC.US,D,20230424,000000,10.49,10.49,10.4886,10.4886,2235,0
RRAC.US,D,20230425,000000,10.485,10.485,10.48,10.48,6642,0
RRAC.US,D,20230426,000000,10.5,10.5,10.49,10.495,115271,0
RRAC.US,D,20230427,000000,10.495,10.495,10.49,10.495,4282,0
RRAC.US,D,20230428,000000,10.49,10.49,10.49,10.49,806,0
RRAC.US,D,20230501,000000,10.495,10.5001,10.495,10.5,613319,0
RRAC.US,D,20230502,000000,10.5,10.505,10.5,10.505,67221,0
RRAC.US,D,20230503,000000,10.5,10.5,10.5,10.5,2000,0
RRAC.US,D,20230504,000000,10.51,10.51,10.51,10.51,1429252,0
RRAC.US,D,20230505,000000,10.52,10.52,10.52,10.52,600,0
RRAC.US,D,20230508,000000,10.5,10.5,10.5,10.5,200,0
RRAC.US,D,20230509,000000,10.58,10.62,10.57,10.6,3292820,0
RRAC.US,D,20230510,000000,10.58,10.6,10.58,10.6,308680,0
RRAC.US,D,20230511,000000,10.6,10.61,10.6,10.61,350,0
RRAC.US,D,20230512,000000,10.61,10.61,10.6,10.6,116695,0
RRAC.US,D,20230515,000000,10.61,10.61,10.6,10.6,1787706,0
RRAC.US,D,20230517,000000,10.61,10.63,10.61,10.62,243883,0
RRAC.US,D,20230518,000000,10.62,10.63,10.62,10.63,188167,0
RRAC.US,D,20230522,000000,10.63,10.63,10.63,10.63,491,0
RRAC.US,D,20230523,000000,10.62,10.62,10.62,10.62,200,0
RRAC.US,D,20230524,000000,10.62,10.62,10.62,10.62,269,0
RRAC.US,D,20230525,000000,10.63,10.64,10.63,10.64,42668,0
RRAC.US,D,20230526,000000,10.64,10.65,10.64,10.65,160618,0
RRAC.US,D,20230531,000000,10.65,10.66,10.65,10.65,76335,0
RRAC.US,D,20230601,000000,10.64,10.66,10.64,10.66,101345,0
RRAC.US,D,20230602,000000,10.66,10.66,10.65,10.65,15519,0
RRAC.US,D,20230605,000000,10.65,10.66,10.65,10.66,30444,0
RRAC.US,D,20230607,000000,10.67,10.69,10.67,10.68,428991,0
RRAC.US,D,20230608,000000,10.68,10.69,10.68,10.68,54703,0
RRAC.US,D,20230609,000000,10.7,10.94,10.68,10.685,62333,0
RRAC.US,D,20230612,000000,10.75,10.75,10.7,10.7,10536,0
RRAC.US,D,20230613,000000,10.74,11.1,10.67,10.67,33073,0
RRAC.US,D,20230614,000000,10.68,10.7,10.68,10.7,21293,0
RRAC.US,D,20230615,000000,10.745,10.745,10.69,10.69,966,0
RRAC.US,D,20230616,000000,10.71,10.71,10.7,10.7,6651,0
RRAC.US,D,20230620,000000,10.69,10.7,10.68,10.69,486145,0
RRAC.US,D,20230621,000000,10.72,10.72,10.68,10.68,1000,0
RRAC.US,D,20230622,000000,10.68,10.7,10.68,10.69,8163,0
RRAC.US,D,20230626,000000,10.776,10.776,10.71,10.71,301,0
RRAC.US,D,20230627,000000,10.71,10.71,10.71,10.71,1071764,0
RRAC.US,D,20230629,000000,10.7,10.71,10.7,10.7,5331,0
RRAC.US,D,20230630,000000,10.71,10.86,10.71,10.72,36196,0
RRAC.US,D,20230705,000000,10.7093,10.71,10.69,10.71,4890,0
RRAC.US,D,20230706,000000,10.72,10.72,10.69,10.69,19033,0
RRAC.US,D,20230707,000000,10.7,10.71,10.695,10.7,27249,0
RRAC.US,D,20230710,000000,10.71,10.71,10.71,10.71,600404,0
RRAC.US,D,20230711,000000,10.705,10.71,10.7,10.7,310433,0
RRAC.US,D,20230712,000000,10.73,10.73,10.71,10.715,652151,0
RRAC.US,D,20230713,000000,10.71,10.72,10.7,10.71,304607,0
RRAC.US,D,20230714,000000,10.73,10.73,10.7,10.7,87267,0
RRAC.US,D,20230717,000000,10.7,10.71,10.7,10.71,3041,0
RRAC.US,D,20230718,000000,10.71,10.73,10.71,10.73,6447,0
RRAC.US,D,20230720,000000,10.73,10.77,10.73,10.74,10371665,0
RRAC.US,D,20230721,000000,10.73,10.76,10.73,10.755,254206,0
RRAC.US,D,20230724,000000,10.74,10.76,10.74,10.75,730746,0
RRAC.US,D,20230725,000000,10.75,10.75,10.74,10.74,38814,0
RRAC.US,D,20230726,000000,10.75,10.76,10.74,10.74,9018,0
RRAC.US,D,20230727,000000,10.75,10.77,10.75,10.76,285733,0
RRAC.US,D,20230728,000000,10.76,10.76,10.75,10.75,1662,0
RRAC.US,D,20230731,000000,10.76,10.77,10.75,10.76,885866,0
RRAC.US,D,20230801,000000,10.77,10.78,10.77,10.77,166437,0
RRAC.US,D,20230802,000000,10.77,10.78,10.76,10.77,458626,0
RRAC.US,D,20230803,000000,10.76,10.76,10.76,10.76,404,0
RRAC.US,D,20230804,000000,10.77,10.78,10.77,10.78,1731,0
RRAC.US,D,20230807,000000,10.79,10.8,10.78,10.79,1518,0
RRAC.US,D,20230808,000000,10.83,10.83,10.83,10.83,100,0
RRAC.US,D,20230809,000000,10.81,10.81,10.77,10.8,81721,0
RRAC.US,D,20230810,000000,10.81,10.825,10.7705,10.78,11801,0
RRAC.US,D,20230811,000000,10.78,10.8,10.78,10.78,4639220,0
RRAC.US,D,20230814,000000,10.79,10.79,10.78,10.78,219704,0
RRAC.US,D,20230815,000000,10.78,10.78,10.77,10.77,8053,0
RRAC.US,D,20230816,000000,10.79,10.79,10.78,10.78,76541,0
RRAC.US,D,20230817,000000,10.79,10.79,10.79,10.79,352,0
RRAC.US,D,20230818,000000,10.79,10.795,10.79,10.79,25538,0
RRAC.US,D,20230821,000000,10.79,10.8,10.79,10.8,1615,0
RRAC.US,D,20230822,000000,10.795,10.8,10.79,10.8,130204,0
RRAC.US,D,20230825,000000,10.82,10.82,10.79,10.79,322,0
RRAC.US,D,20230828,000000,10.81,10.81,10.81,10.81,5662,0
RRAC.US,D,20230830,000000,10.82,10.83,10.82,10.82,12416,0
RRAC.US,D,20230831,000000,10.82,10.82,10.82,10.82,180,0
RRAC.US,D,20230901,000000,10.85,10.85,10.83,10.83,2621,0
RRAC.US,D,20230905,000000,10.83,10.83,10.82,10.82,2150,0
RRAC.US,D,20230906,000000,10.83,10.84,10.82,10.83,126729,0
RRAC.US,D,20230908,000000,10.85,10.85,10.84,10.84,1379,0
RRAC.US,D,20230911,000000,10.8,10.85,10.8,10.85,700,0
RRAC.US,D,20230912,000000,10.85,10.86,10.85,10.86,5605,0
RRAC.US,D,20230913,000000,10.86,10.8602,10.86,10.86,5200,0
RRAC.US,D,20230914,000000,10.86,10.86,10.86,10.86,1434,0
RRAC.US,D,20230919,000000,10.87,10.8801,10.86,10.86,13218,0
RRAC.US,D,20230920,000000,10.87,10.88,10.87,10.88,2235,0
RRAC.US,D,20230921,000000,10.85,10.89,10.85,10.89,7045,0
RRAC.US,D,20230925,000000,10.86,10.9803,10.86,10.86,580634,0
RRAC.US,D,20230926,000000,10.9068,10.9068,10.9,10.9,1165,0
RRAC.US,D,20230928,000000,10.9,10.9,10.9,10.9,957,0
RRAC.US,D,20230929,000000,10.9,10.9,10.89,10.89,200,0
RRAC.US,D,20231003,000000,10.88,10.88,10.88,10.88,1136,0
RRAC.US,D,20231005,000000,10.88,10.88,10.88,10.88,10047,0
RRAC.US,D,20231006,000000,10.88,10.88,10.88,10.88,360,0
RRAC.US,D,20231009,000000,10.92,10.92,10.92,10.92,110,0
RRAC.US,D,20231010,000000,10.9,10.91,10.9,10.91,2714,0
RRAC.US,D,20231011,000000,10.891,10.91,10.89,10.91,1937,0
RRAC.US,D,20231012,000000,10.92,10.92,10.92,10.92,103,0
RRAC.US,D,20231013,000000,10.91,10.92,10.91,10.92,10101,0
RRAC.US,D,20231016,000000,10.91,10.92,10.9,10.92,7284,0
RRAC.US,D,20231018,000000,10.93,10.93,10.9,10.92,254105,0
RRAC.US,D,20231019,000000,10.89,10.93,10.89,10.93,250420,0
RRAC.US,D,20231023,000000,10.9,10.93,10.89,10.9,6761,0
RRAC.US,D,20231024,000000,10.9,10.9,10.9,10.9,630126,0
RRAC.US,D,20231026,000000,10.91,10.92,10.9,10.92,10679,0
RRAC.US,D,20231030,000000,10.92,10.92,10.92,10.92,859,0
RRAC.US,D,20231031,000000,10.92,10.93,10.92,10.93,5407,0
RRAC.US,D,20231101,000000,10.92,10.93,10.92,10.93,305,0
RRAC.US,D,20231103,000000,10.92,10.93,10.92,10.93,2268,0
RRAC.US,D,20231106,000000,10.92,10.92,10.92,10.92,7354,0
RRAC.US,D,20231108,000000,10.92,10.92,10.92,10.92,1054,0
RRAC.US,D,20231109,000000,10.93,10.93,10.93,10.93,115,0
RRAC.US,D,20231115,000000,10.93,10.94,10.93,10.94,159649,0
RRAC.US,D,20231116,000000,10.95,10.95,10.94,10.94,1203275,0
RRAC.US,D,20231117,000000,10.94,10.94,10.94,10.94,5856,0
RRAC.US,D,20231121,000000,10.94,10.94,10.93,10.94,100377,0
RRAC.US,D,20231124,000000,10.94,10.94,10.94,10.94,500,0
RRAC.US,D,20231128,000000,10.94,10.94,10.94,10.94,135000,0
RRAC.US,D,20231130,000000,10.95,10.95,10.95,10.95,134722,0
RRAC.US,D,20231201,000000,10.95,10.95,10.95,10.95,50000,0
RRAC.US,D,20231204,000000,10.96,10.96,10.95,10.96,1939316,0
RRAC.US,D,20231205,000000,10.99,10.99,10.96,10.96,26228,0
RRAC.US,D,20231206,000000,10.97,10.97,10.97,10.97,500,0
RRAC.US,D,20231207,000000,10.98,10.98,10.98,10.98,415,0
RRAC.US,D,20231208,000000,10.975,10.98,10.975,10.98,50695,0
RRAC.US,D,20231211,000000,10.98,10.99,10.98,10.99,125653,0
RRAC.US,D,20231212,000000,10.96,10.99,10.96,10.98,4191,0
RRAC.US,D,20231213,000000,10.99,10.99,10.98,10.98,96149,0
RRAC.US,D,20231214,000000,10.97,10.98,10.97,10.98,1716,0
RRAC.US,D,20231215,000000,10.98,10.99,10.98,10.99,92082,0
RRAC.US,D,20231218,000000,10.99,11,10.99,11,72966,0
RRAC.US,D,20231219,000000,11,11,11,11,27678,0
RRAC.US,D,20231221,000000,11.01,11.01,10.99,11.01,155764,0
RRAC.US,D,20231226,000000,11.01,11.01,10.99,10.99,609,0
RRAC.US,D,20231227,000000,10.99,10.99,10.99,10.99,388,0
RRAC.US,D,20231228,000000,10.99,11,10.99,11,434,0
RRAC.US,D,20231229,000000,10.99,10.99,10.96,10.96,25558,0
RRAC.US,D,20240102,000000,11,11.01,11,11.01,577805,0
RRAC.US,D,20240103,000000,11.01,11.02,11.01,11.02,128112,0
RRAC.US,D,20240104,000000,11.02,11.03,11.02,11.03,311035,0
RRAC.US,D,20240105,000000,11.035,11.0394,11.035,11.0394,3566,0
RRAC.US,D,20240109,000000,11.04,11.04,11.04,11.04,143362,0
RRAC.US,D,20240110,000000,11.07,11.07,11.07,11.07,1299,0
RRAC.US,D,20240111,000000,11.05,11.0514,11.05,11.0514,9767,0
RRAC.US,D,20240112,000000,11.17,11.17,11.06,11.07,5684,0
RRAC.US,D,20240116,000000,11.06,11.06,11.06,11.06,1060,0
RRAC.US,D,20240117,000000,11.03,11.06,11.03,11.06,408,0
RRAC.US,D,20240118,000000,11.08,11.08,11.08,11.08,65249,0
RRAC.US,D,20240119,000000,11.08,11.0802,11.04,11.08,34661,0
RRAC.US,D,20240123,000000,11.08,11.09,11.08,11.08,42923,0
RRAC.US,D,20240125,000000,11.08,11.08,11.08,11.08,50324,0
RRAC.US,D,20240126,000000,11.08,11.08,11.08,11.08,4200,0
RRAC.US,D,20240129,000000,11.08,11.08,11.08,11.08,4100,0
RRAC.US,D,20240130,000000,11.08,11.08,11.08,11.08,101,0
RRAC.US,D,20240131,000000,11.08,11.08,11.08,11.08,580,0
RRAC.US,D,20240201,000000,11.08,11.08,11.08,11.08,100,0
RRAC.US,D,20240202,000000,11.08,11.08,11.08,11.08,232220,0
RRAC.US,D,20240206,000000,11.08,11.09,11.08,11.08,12548,0
RRAC.US,D,20240207,000000,11.095,11.095,11.09,11.095,1208,0
RRAC.US,D,20240208,000000,11.1,11.1,11.1,11.1,1096,0
RRAC.US,D,20240209,000000,11.095,11.1,11.09,11.1,1100,0
RRAC.US,D,20240213,000000,11.08,11.095,11.08,11.095,201,0
RRAC.US,D,20240214,000000,11.1,11.1,11.1,11.1,3400,0
RRAC.US,D,20240216,000000,11.11,11.11,11.11,11.11,1002,0
RRAC.US,D,20240220,000000,11.09,11.1,11.09,11.1,25413,0
RRAC.US,D,20240222,000000,11.11,11.11,11.11,11.11,11400,0
RRAC.US,D,20240223,000000,11.11,11.11,11.11,11.11,10019,0
RRAC.US,D,20240226,000000,11.12,11.12,11.12,11.12,127,0
RRAC.US,D,20240227,000000,11.15,11.15,11.11,11.11,20914,0
RRAC.US,D,20240228,000000,11.15,11.15,11.1,11.1,2040,0
RRAC.US,D,20240229,000000,11.12,11.12,11.12,11.12,327,0
RRAC.US,D,20240301,000000,11.15,11.15,11.12,11.13,85279,0
RRAC.US,D,20240304,000000,11.15,11.15,11.13,11.14,1239,0
RRAC.US,D,20240305,000000,11.13,11.13,11.13,11.13,29000,0
RRAC.US,D,20240306,000000,11.13,11.14,11.13,11.14,300709,0
RRAC.US,D,20240307,000000,11.135,11.135,11.13,11.13,15123,0
RRAC.US,D,20240308,000000,11.135,11.135,11.13,11.13,50208,0
RRAC.US,D,20240311,000000,11.13,11.14,11.13,11.13,6609,0
RRAC.US,D,20240312,000000,11.1472,11.1472,11.13,11.13,10910,0
RRAC.US,D,20240313,000000,11.17,11.17,11.13,11.13,113853,0
RRAC.US,D,20240314,000000,11.15,11.15,11.13,11.14,15672,0
RRAC.US,D,20240315,000000,11.14,11.15,11.13,11.14,246117,0
RRAC.US,D,20240319,000000,11.15,11.15,11.15,11.15,13647,0
RRAC.US,D,20240320,000000,11.15,11.1601,11.15,11.1601,300,0
RRAC.US,D,20240321,000000,11.15,11.16,11.15,11.15,43149,0
RRAC.US,D,20240322,000000,11.16,11.16,11.15,11.16,41199,0
RRAC.US,D,20240326,000000,11.17,11.17,11.15,11.16,37399,0
RRAC.US,D,20240327,000000,11.175,11.18,11.175,11.18,4108,0
RRAC.US,D,20240328,000000,11.17,11.18,11.1624,11.17,3478,0
RRAC.US,D,20240401,000000,11.17,11.17,11.17,11.17,1013,0
RRAC.US,D,20240402,000000,11.17,11.18,11.17,11.18,1104,0
RRAC.US,D,20240403,000000,11.175,11.18,11.175,11.18,29127,0
RRAC.US,D,20240404,000000,11.21,11.21,11.18,11.2,7854,0
RRAC.US,D,20240405,000000,11.2,11.2,11.19,11.19,68616,0
RRAC.US,D,20240408,000000,11.22,11.22,11.2,11.22,6269,0
RRAC.US,D,20240409,000000,11.17,11.2,11.17,11.19,5028,0
RRAC.US,D,20240410,000000,11.2,11.21,11.19,11.19,6730,0
RRAC.US,D,20240411,000000,11.205,11.21,11.19,11.21,10942,0
RRAC.US,D,20240412,000000,11.22,11.23,11.21,11.23,855787,0
RRAC.US,D,20240415,000000,11.2,11.36,11.2,11.25,282182,0
RRAC.US,D,20240416,000000,11.39,11.39,11.25,11.26,6955,0
RRAC.US,D,20240417,000000,11.3269,11.36,11.2405,11.25,821494,0
RRAC.US,D,20240418,000000,11.27,11.27,11.25,11.25,48201,0
RRAC.US,D,20240419,000000,11.25,11.255,11.25,11.25,165499,0
RRAC.US,D,20240422,000000,11.26,11.26,11.25,11.25,4181,0
RRAC.US,D,20240423,000000,11.25,11.25,11.25,11.25,417928,0
RRAC.US,D,20240424,000000,11.25,11.26,11.25,11.25,259098,0
RRAC.US,D,20240425,000000,11.26,11.26,11.24,11.24,98484,0
RRAC.US,D,20240426,000000,11.25,11.25,11.25,11.25,53655,0
RRAC.US,D,20240429,000000,11.26,11.26,11.25,11.26,5217,0
RRAC.US,D,20240430,000000,11.26,11.26,11.25,11.25,156535,0
RRAC.US,D,20240501,000000,11.26,11.26,11.255,11.26,51254,0
RRAC.US,D,20240502,000000,11.26,11.26,11.26,11.26,5523,0
RRAC.US,D,20240503,000000,11.25,11.26,11.25,11.26,2203,0
RRAC.US,D,20240506,000000,11.26,11.265,11.26,11.26,199713,0
RRAC.US,D,20240507,000000,11.26,11.27,11.26,11.26,4577,0
RRAC.US,D,20240508,000000,11.27,11.27,11.27,11.27,626,0
RRAC.US,D,20240509,000000,11.26,11.265,11.26,11.265,75236,0
RRAC.US,D,20240510,000000,11.26,11.26,11.26,11.26,331090,0
RRAC.US,D,20240513,000000,11.265,11.265,11.26,11.265,10059,0
RRAC.US,D,20240514,000000,11.27,11.27,11.27,11.27,273,0
RRAC.US,D,20240515,000000,11.27,11.27,11.26,11.27,2520,0
RRAC.US,D,20240516,000000,11.27,11.27,11.26,11.26,3784,0
RRAC.US,D,20240517,000000,11.265,11.265,11.26,11.265,61283,0
RRAC.US,D,20240520,000000,11.27,11.27,11.27,11.27,69001,0
RRAC.US,D,20240521,000000,11.28,11.28,11.28,11.28,2598,0
RRAC.US,D,20240523,000000,11.28,11.28,11.27,11.27,924,0
RRAC.US,D,20240524,000000,11.28,11.285,11.28,11.28,326628,0
RRAC.US,D,20240528,000000,11.4,11.4,11.28,11.29,58242,0
RRAC.US,D,20240529,000000,11.29,11.29,11.29,11.29,7969,0
RRAC.US,D,20240530,000000,11.3,11.3,11.29,11.295,101440,0
RRAC.US,D,20240531,000000,11.3,11.3,11.29,11.29,408615,0
RRAC.US,D,20240603,000000,11.3,11.3,11.29,11.295,40748,0
RRAC.US,D,20240604,000000,11.3,11.3,11.29,11.3,7661,0
RRAC.US,D,20240605,000000,11.3,11.3,11.29,11.3,1900,0
RRAC.US,D,20240606,000000,11.3,11.31,11.3,11.31,739,0
RRAC.US,D,20240607,000000,11.31,11.31,11.3,11.3,89199,0
RRAC.US,D,20240610,000000,11.3,11.305,11.3,11.3,52344,0
RRAC.US,D,20240611,000000,11.31,11.31,11.31,11.31,1091,0
RRAC.US,D,20240612,000000,11.31,11.31,11.31,11.31,1055,0
RRAC.US,D,20240613,000000,11.31,11.31,11.3,11.305,15719,0
RRAC.US,D,20240614,000000,11.305,11.305,11.305,11.305,1525,0
RRAC.US,D,20240617,000000,11.31,11.31,11.3,11.3,8079,0
RRAC.US,D,20240618,000000,11.31,11.31,11.31,11.31,1220,0
RRAC.US,D,20240620,000000,11.43,11.43,11.3,11.3,13405,0
RRAC.US,D,20240624,000000,11.31,11.32,11.305,11.315,120184,0
RRAC.US,D,20240625,000000,11.32,11.32,11.32,11.32,295087,0
RRAC.US,D,20240626,000000,11.33,11.33,11.33,11.33,117,0
RRAC.US,D,20240627,000000,11.31,11.31,11.31,11.31,160,0
RRAC.US,D,20240628,000000,11.33,11.33,11.325,11.33,300718,0
RRAC.US,D,20240701,000000,11.34,11.34,11.32,11.325,15568,0
RRAC.US,D,20240702,000000,11.33,11.33,11.33,11.33,164924,0
RRAC.US,D,20240703,000000,11.34,11.34,11.34,11.34,1024,0
RRAC.US,D,20240705,000000,11.35,11.35,11.35,11.35,1498,0
RRAC.US,D,20240708,000000,11.35,11.36,11.35,11.36,100044,0
RRAC.US,D,20240709,000000,11.36,11.36,11.34,11.34,351,0
RRAC.US,D,20240710,000000,11.35,11.35,11.35,11.35,724,0
RRAC.US,D,20240711,000000,11.35,11.35,11.35,11.35,52998,0
RRAC.US,D,20240712,000000,11.35,11.35,11.35,11.35,100315,0
RRAC.US,D,20240715,000000,11.35,11.35,11.35,11.35,1133,0
RRAC.US,D,20240716,000000,11.36,11.37,11.355,11.36,165288,0
RRAC.US,D,20240717,000000,11.38,11.38,11.37,11.37,106108,0
RRAC.US,D,20240718,000000,11.37,11.37,11.37,11.37,70289,0
RRAC.US,D,20240719,000000,11.37,11.38,11.36,11.36,111019,0
RRAC.US,D,20240722,000000,11.36,11.375,11.36,11.37,307018,0
RRAC.US,D,20240723,000000,11.36,11.375,11.36,11.375,498642,0
RRAC.US,D,20240724,000000,11.36,11.375,11.36,11.375,585980,0
RRAC.US,D,20240726,000000,11.375,11.375,11.375,11.375,100009,0
RRAC.US,D,20240730,000000,11.38,11.38,11.38,11.38,153,0
RRAC.US,D,20240731,000000,11.36,11.37,11.36,11.36,106941,0
RRAC.US,D,20240801,000000,11.37,11.37,11.35,11.35,912906,0
RRAC.US,D,20240802,000000,11.39,11.39,11.39,11.39,502,0
RRAC.US,D,20240805,000000,11.69,12.75,11.35,11.58,13128,0
RRAC.US,D,20240806,000000,11.52,11.55,11.3,11.33,7818,0
RRAC.US,D,20240807,000000,11.39,11.39,11.39,11.39,2582,0
RRAC.US,D,20240808,000000,11.45,11.45,11.4,11.4,874,0
RRAC.US,D,20240809,000000,11.38,11.4,11.38,11.4,524,0
RRAC.US,D,20240813,000000,11.42,11.45,11.42,11.45,1235,0
RRAC.US,D,20240814,000000,11.41,11.42,11.41,11.42,769,0
RRAC.US,D,20240815,000000,11.43,11.44,11.43,11.43,132785,0
RRAC.US,D,20240816,000000,11.48,11.48,11.42,11.42,158278,0
RRAC.US,D,20240819,000000,11.42,11.43,11.42,11.43,79842,0
RRAC.US,D,20240820,000000,11.45,11.45,11.42,11.43,100709,0
RRAC.US,D,20240821,000000,11.42,11.43,11.4,11.42,506381,0
RRAC.US,D,20240822,000000,11.41,11.41,11.41,11.41,163,0
RRAC.US,D,20240826,000000,11.46,11.46,11.46,11.46,160,0
RRAC.US,D,20240827,000000,11.41,11.45,11.41,11.41,1085,0
RRAC.US,D,20240903,000000,11.45,11.45,11.45,11.45,205,0
RRAC.US,D,20240909,000000,11.44,11.44,11.43,11.44,54219,0
RRAC.US,D,20240910,000000,11.4301,11.4301,11.43,11.43,6251,0
RRAC.US,D,20240911,000000,11.55,11.55,11.45,11.495,5313,0
RRAC.US,D,20240912,000000,11.45,11.6,11.45,11.45,1194,0
RRAC.US,D,20240913,000000,11.45,11.45,11.45,11.45,90206,0
RRAC.US,D,20240917,000000,11.45,11.47,11.45,11.45,62382,0
RRAC.US,D,20240918,000000,11.46,11.46,11.44,11.44,3988,0
RRAC.US,D,20240919,000000,11.45,11.45,11.45,11.45,223,0
RRAC.US,D,20240920,000000,11.47,11.47,11.47,11.47,340,0
RRAC.US,D,20240923,000000,11.45,11.46,11.45,11.46,1312,0
RRAC.US,D,20240924,000000,11.48,11.48,11.47,11.47,2174,0
RRAC.US,D,20240925,000000,11.47,11.48,11.47,11.48,255612,0
RRAC.US,D,20240926,000000,11.48,11.48,11.48,11.48,2526,0
RRAC.US,D,20241001,000000,11.5,11.5,11.49,11.5,25117,0
RRAC.US,D,20241002,000000,11.49,11.49,11.49,11.49,10004,0
RRAC.US,D,20241003,000000,11.5,11.5,11.5,11.5,407,0
RRAC.US,D,20241004,000000,11.495,11.495,11.495,11.495,107,0
RRAC.US,D,20241007,000000,11.5,11.5,11.47,11.5,527313,0
RRAC.US,D,20241008,000000,11.5,11.5,11.5,11.5,1910,0
RRAC.US,D,20241014,000000,11.5,11.5435,11.5,11.5,17921,0
RRAC.US,D,20241015,000000,11.5,11.5,11.5,11.5,101,0
RRAC.US,D,20241016,000000,11.48,11.48,11.48,11.48,329,0
RRAC.US,D,20241017,000000,11.52,11.52,11.5,11.5,209636,0
RRAC.US,D,20241018,000000,11.5,11.51,11.5,11.51,15498,0
RRAC.US,D,20241021,000000,11.52,11.52,11.52,11.52,100,0
RRAC.US,D,20241023,000000,11.52,11.52,11.52,11.52,300,0
RRAC.US,D,20241025,000000,11.53,11.53,11.52,11.53,805,0
RRAC.US,D,20241028,000000,11.52,11.52,11.52,11.52,105,0
RRAC.US,D,20241029,000000,11.52,11.52,11.52,11.52,583,0
RRAC.US,D,20241030,000000,11.53,11.53,11.52,11.52,52137,0
RRAC.US,D,20241101,000000,11.5,11.5,11.5,11.5,233,0
