<TICKER>,<PER>,<DATE>,<TIME>,<OPEN>,<HIGH>,<LOW>,<CLOSE>,<VOL>,<OPENINT>
SBXC-U.US,D,20240126,000000,10.5,10.6,10.5,10.51,2949,0
SBXC-U.US,D,20240130,000000,10.41,10.41,10.37,10.37,707,0
SBXC-U.US,D,20240201,000000,10.37,10.37,10.37,10.37,505,0
SBXC-U.US,D,20240314,000000,10.54,11.04,10.49,10.55,3973,0
SBXC-U.US,D,20240315,000000,10.69,12.73,10.69,11.25,2322,0
SBXC-U.US,D,20240318,000000,10.9,12.63,10.8,11.25,5299,0
SBXC-U.US,D,20240319,000000,11.8,12.45,11.2,12.01,4392,0
SBXC-U.US,D,20240321,000000,12.22,12.22,11.1,11.1,1074,0
SBXC-U.US,D,20240322,000000,11.89,13.78,11.89,13.67,1117,0
SBXC-U.US,D,20240325,000000,13.44,14.6,13.44,14.6,506,0
SBXC-U.US,D,20240326,000000,14.6,14.6,14.6,14.6,323,0
SBXC-U.US,D,20240327,000000,12.61,12.61,10.75,11,3821,0
SBXC-U.US,D,20240328,000000,10.88,11.6,10.6,10.95,4235,0
SBXC-U.US,D,20240401,000000,10.8,10.8,10.6,10.7,808,0
SBXC-U.US,D,20240402,000000,11.11,11.35,10.64,10.64,1083,0
SBXC-U.US,D,20240403,000000,10.76,10.76,10.53,10.53,677,0
SBXC-U.US,D,20240404,000000,11.4,11.74,11.22,11.65,559,0
SBXC-U.US,D,20240409,000000,11.28,11.95,11.13,11.95,1328,0
SBXC-U.US,D,20240410,000000,12.99,12.99,11.11,11.11,2559,0
SBXC-U.US,D,20240416,000000,11.73,12.3,11.45,12.2,6537,0
SBXC-U.US,D,20240417,000000,11.6,14.6,11.6,12,21815,0
SBXC-U.US,D,20240418,000000,12,12.45,11.2,11.5,12570,0
SBXC-U.US,D,20240419,000000,12,13.2,10.715,11,19223,0
SBXC-U.US,D,20240422,000000,12,13.08,10.56,10.56,13938,0
SBXC-U.US,D,20240423,000000,10.62,10.65,10.54,10.57,4992,0
SBXC-U.US,D,20240425,000000,10.57,10.57,10.57,10.57,371,0
SBXC-U.US,D,20240426,000000,10.59,10.59,10.57,10.57,1524,0
SBXC-U.US,D,20240501,000000,10.57,10.57,10.57,10.57,1783,0
SBXC-U.US,D,20240502,000000,10.5,10.78,10.5,10.78,1003,0
SBXC-U.US,D,20240506,000000,10.58,10.58,10.57,10.57,200,0
SBXC-U.US,D,20240507,000000,10.8,11.1,10.74,11.1,712,0
SBXC-U.US,D,20240508,000000,12.05,14.14,11.55,11.55,1302,0
SBXC-U.US,D,20240509,000000,12.09,13.62,12.09,12.21,3845,0
SBXC-U.US,D,20240510,000000,11.1,11.1,11,11,405,0
SBXC-U.US,D,20240513,000000,10.685,10.98,10.685,10.98,1112,0
SBXC-U.US,D,20240514,000000,10.6,11.04,10.2782,11.04,3016,0
SBXC-U.US,D,20240515,000000,11.27,11.27,11.09,11.09,402,0
SBXC-U.US,D,20240516,000000,11.3,12.1,11.3,11.3,2340,0
SBXC-U.US,D,20240517,000000,11.85,15.18,11.85,13.71,5828,0
SBXC-U.US,D,20240520,000000,11.95,12.1,10.81,11.7,2220,0
SBXC-U.US,D,20240522,000000,11.99,11.99,11.48,11.5,782,0
SBXC-U.US,D,20240523,000000,11.31,12.19,11.31,11.5,3041,0
SBXC-U.US,D,20240524,000000,11.1,11.6,11.1,11.6,565,0
SBXC-U.US,D,20240528,000000,12.19,16.75,11.67,11.99,16279,0
SBXC-U.US,D,20240529,000000,11.11,11.41,10.59,11.04,2565,0
SBXC-U.US,D,20240530,000000,11.1,11.4,10.7,11.4,5189,0
SBXC-U.US,D,20240531,000000,11.02,11.02,11.02,11.02,530,0
SBXC-U.US,D,20240604,000000,10.9,11.01,10.59,11.01,566,0
SBXC-U.US,D,20240605,000000,10.6,11,10.6,11,473,0
SBXC-U.US,D,20240610,000000,10.8,10.81,10.63,10.63,4803,0
SBXC-U.US,D,20240611,000000,10.69,10.69,10.6,10.6,1126,0
SBXC-U.US,D,20240613,000000,11,12,11,11,7595,0
SBXC-U.US,D,20240614,000000,10.75,10.75,10.75,10.75,2299,0
SBXC-U.US,D,20240617,000000,10.7,11.4,10.7,10.77,1021,0
SBXC-U.US,D,20240618,000000,11.34,12.37,11.23,11.28,4879,0
SBXC-U.US,D,20240620,000000,11.89,15.49,11.01,11.15,14558,0
SBXC-U.US,D,20240624,000000,10.8,11.1,10.57,10.57,3979,0
SBXC-U.US,D,20240625,000000,10.74,10.9,10.74,10.9,639,0
SBXC-U.US,D,20240705,000000,10.6,10.6,10.6,10.6,101,0
SBXC-U.US,D,20240708,000000,10.61,10.61,10.61,10.61,100,0
SBXC-U.US,D,20240709,000000,10.61,10.61,10.61,10.61,100,0
SBXC-U.US,D,20240710,000000,10.6,10.6,10.6,10.6,100,0
SBXC-U.US,D,20240711,000000,10.6,10.6,10.6,10.6,100,0
SBXC-U.US,D,20240712,000000,10.6,10.6,10.6,10.6,100,0
SBXC-U.US,D,20240715,000000,10.6,10.6,10.6,10.6,400,0
SBXC-U.US,D,20240718,000000,10.6,10.6,10.6,10.6,442,0
SBXC-U.US,D,20240719,000000,10.7,10.9999,10.7,10.9999,426,0
SBXC-U.US,D,20240722,000000,10.98,10.98,10.98,10.98,100,0
SBXC-U.US,D,20240726,000000,10.8,14.83,10.8,12,20120,0
SBXC-U.US,D,20240729,000000,12.38,16.03,10.63,10.63,22958,0
SBXC-U.US,D,20240730,000000,10.81,10.81,10.8,10.8,401,0
SBXC-U.US,D,20240731,000000,11.05,11.05,11.05,11.05,100,0
SBXC-U.US,D,20240805,000000,11.65,11.65,10.84,10.95,952,0
SBXC-U.US,D,20240807,000000,11.13,11.13,10.65,10.71,7370,0
SBXC-U.US,D,20240809,000000,10.67,10.69,10.67,10.68,1720,0
SBXC-U.US,D,20240812,000000,10.79,10.8,10.79,10.8,301,0
SBXC-U.US,D,20240813,000000,10.785,10.8,10.74,10.8,1918,0
SBXC-U.US,D,20240814,000000,10.67,10.67,10.67,10.67,182,0
SBXC-U.US,D,20240815,000000,10.89,11.1,10.75,10.79,7419,0
SBXC-U.US,D,20240816,000000,10.99,10.99,10.99,10.99,464,0
SBXC-U.US,D,20240819,000000,10.75,10.75,10.75,10.75,207,0
SBXC-U.US,D,20240820,000000,10.65,10.65,10.3,10.6,11789,0
SBXC-U.US,D,20240823,000000,10.6499,10.67,10.62,10.67,1000,0
SBXC-U.US,D,20240827,000000,10.6,10.97,10.59,10.59,3558,0
SBXC-U.US,D,20240828,000000,10.61,10.855,10.61,10.83,2114,0
SBXC-U.US,D,20240830,000000,10.74,10.74,10.74,10.74,100,0
SBXC-U.US,D,20240906,000000,10.74,10.9,10.74,10.7406,6596,0
SBXC-U.US,D,20240926,000000,10.69,10.69,10.69,10.69,750,0
SBXC-U.US,D,20240930,000000,10.79,10.79,10.79,10.79,102,0
SBXC-U.US,D,20241002,000000,10.61,10.61,10.61,10.61,5197,0
SBXC-U.US,D,20241011,000000,10.89,11.4,10.8,11.4,4605,0
SBXC-U.US,D,20241014,000000,10.99,12.72,10.81,10.81,8066,0
SBXC-U.US,D,20241016,000000,10.71,10.72,10.71,10.72,2174,0
