<TICKER>,<PER>,<DATE>,<TIME>,<OPEN>,<HIGH>,<LOW>,<CLOSE>,<VOL>,<OPENINT>
SEDA.US,D,20211229,000000,9.68,9.69,9.68,9.68,3192,0
SEDA.US,D,20211230,000000,9.575,9.77,9.575,9.7122,5199,0
SEDA.US,D,20211231,000000,9.69,9.74,9.69,9.74,3310,0
SEDA.US,D,20220103,000000,9.7113,9.8,9.66,9.6712,21060,0
SEDA.US,D,20220104,000000,9.67,9.7,9.66,9.7,1800,0
SEDA.US,D,20220105,000000,9.69,9.74,9.68,9.7,18056,0
SEDA.US,D,20220106,000000,9.69,9.7,9.69,9.7,24221,0
SEDA.US,D,20220110,000000,9.6631,9.7,9.6631,9.7,7175,0
SEDA.US,D,20220111,000000,9.7,9.71,9.69,9.69,27516,0
SEDA.US,D,20220112,000000,9.63,9.68,9.63,9.68,844,0
SEDA.US,D,20220119,000000,9.6629,9.71,9.6629,9.71,1978,0
SEDA.US,D,20220120,000000,9.68,9.7,9.67,9.7,11753,0
SEDA.US,D,20220125,000000,9.26,9.69,8.82,9.62,1587,0
SEDA.US,D,20220126,000000,9.64,9.64,9.61,9.6106,2260,0
SEDA.US,D,20220127,000000,9.18,9.69,9.18,9.69,301,0
SEDA.US,D,20220128,000000,9.48,9.68,8.74,9.68,1203,0
SEDA.US,D,20220131,000000,9.7,9.7,9.7,9.7,326,0
SEDA.US,D,20220201,000000,9.71,9.71,9.63,9.66,5834,0
SEDA.US,D,20220203,000000,9.65,9.65,9.65,9.65,193,0
SEDA.US,D,20220204,000000,9.6,9.65,9.6,9.65,2293,0
SEDA.US,D,20220207,000000,9.71,9.71,9.71,9.71,176,0
SEDA.US,D,20220208,000000,9.71,9.73,9.71,9.73,2051,0
SEDA.US,D,20220214,000000,9.685,9.69,9.67,9.69,1040,0
SEDA.US,D,20220223,000000,9.65,9.65,9.6484,9.65,301175,0
SEDA.US,D,20220224,000000,9.655,9.655,9.65,9.65,3539,0
SEDA.US,D,20220225,000000,9.65,9.665,9.65,9.665,10159,0
SEDA.US,D,20220228,000000,9.665,9.665,9.65,9.66,65097,0
SEDA.US,D,20220301,000000,9.68,9.72,9.66,9.71,111023,0
SEDA.US,D,20220302,000000,9.75,9.76,9.75,9.76,478,0
SEDA.US,D,20220309,000000,9.72,9.72,9.72,9.72,151208,0
SEDA.US,D,20220310,000000,9.7,9.7,9.7,9.7,1408,0
SEDA.US,D,20220324,000000,9.73,9.8,9.73,9.775,132371,0
SEDA.US,D,20220405,000000,9.775,9.775,9.775,9.775,411,0
SEDA.US,D,20220406,000000,9.75,9.75,9.75,9.75,300,0
SEDA.US,D,20220407,000000,9.76,9.76,9.75,9.76,8202,0
SEDA.US,D,20220408,000000,9.76,9.8204,9.76,9.78,28492,0
SEDA.US,D,20220411,000000,9.75,9.75,9.75,9.75,100,0
SEDA.US,D,20220413,000000,9.765,9.79,9.765,9.79,2210,0
SEDA.US,D,20220429,000000,9.81,9.81,9.81,9.81,478,0
SEDA.US,D,20220502,000000,9.81,9.81,9.81,9.81,3600,0
SEDA.US,D,20220517,000000,9.76,9.76,9.76,9.76,88810,0
SEDA.US,D,20220519,000000,9.73,9.73,9.73,9.73,600,0
SEDA.US,D,20220607,000000,9.72,9.72,9.72,9.72,200,0
SEDA.US,D,20220608,000000,9.76,9.76,9.75,9.75,204,0
SEDA.US,D,20220621,000000,9.76,9.76,9.72,9.75,42955,0
SEDA.US,D,20220623,000000,9.75,9.75,9.74,9.74,1202,0
SEDA.US,D,20220628,000000,9.75,9.75,9.75,9.75,5300,0
SEDA.US,D,20220629,000000,9.75,9.75,9.75,9.75,2707,0
SEDA.US,D,20220630,000000,9.75,9.75,9.7499,9.7499,305,0
SEDA.US,D,20220708,000000,9.75,9.75,9.74,9.74,300,0
SEDA.US,D,20220711,000000,9.75,9.75,9.75,9.75,400,0
SEDA.US,D,20220712,000000,9.75,9.75,9.75,9.75,17243,0
SEDA.US,D,20220713,000000,9.765,9.765,9.765,9.765,95949,0
SEDA.US,D,20220714,000000,9.76,9.77,9.76,9.77,9000,0
SEDA.US,D,20220715,000000,9.77,9.8,9.77,9.8,7868,0
SEDA.US,D,20220720,000000,9.78,9.8,9.78,9.78,251000,0
SEDA.US,D,20220721,000000,9.78,9.78,9.78,9.78,93800,0
SEDA.US,D,20220722,000000,9.8,9.8,9.8,9.8,100,0
SEDA.US,D,20220725,000000,9.8,9.82,9.8,9.82,25307,0
SEDA.US,D,20220727,000000,9.81,9.81,9.81,9.81,250,0
SEDA.US,D,20220728,000000,9.82,9.82,9.815,9.82,3548,0
SEDA.US,D,20220729,000000,9.82,9.82,9.82,9.82,7900,0
SEDA.US,D,20220802,000000,9.81,9.82,9.81,9.81,30201,0
SEDA.US,D,20220803,000000,9.81,9.82,9.8,9.81,584525,0
SEDA.US,D,20220804,000000,9.82,9.82,9.82,9.82,3703,0
SEDA.US,D,20220805,000000,9.82,9.82,9.82,9.82,7500,0
SEDA.US,D,20220808,000000,9.82,9.82,9.82,9.82,3300,0
SEDA.US,D,20220810,000000,9.76,9.82,9.76,9.82,476890,0
SEDA.US,D,20220811,000000,9.82,9.82,9.82,9.82,208,0
SEDA.US,D,20220816,000000,9.82,9.82,9.82,9.82,200,0
SEDA.US,D,20220817,000000,9.81,9.81,9.8,9.8,2238,0
SEDA.US,D,20220823,000000,9.84,9.87,9.73,9.73,501000,0
SEDA.US,D,20220824,000000,9.73,9.8,9.73,9.79,6588,0
SEDA.US,D,20220906,000000,9.78,9.78,9.77,9.77,600,0
SEDA.US,D,20220909,000000,9.8,9.8,9.8,9.8,102,0
SEDA.US,D,20220912,000000,9.83,9.91,9.83,9.87,61811,0
SEDA.US,D,20220913,000000,9.88,9.88,9.88,9.88,801,0
SEDA.US,D,20220914,000000,9.89,9.92,9.89,9.92,19653,0
SEDA.US,D,20220915,000000,9.91,9.91,9.89,9.89,382669,0
SEDA.US,D,20220916,000000,9.89,9.89,9.89,9.89,100800,0
SEDA.US,D,20220919,000000,9.81,9.81,9.81,9.81,100,0
SEDA.US,D,20220920,000000,9.8,9.8,9.8,9.8,3600,0
SEDA.US,D,20220929,000000,9.8324,9.8324,9.8324,9.8324,1800,0
SEDA.US,D,20220930,000000,9.89,9.89,9.89,9.89,100014,0
SEDA.US,D,20221003,000000,9.89,9.89,9.89,9.89,101104,0
SEDA.US,D,20221004,000000,9.89,9.89,9.89,9.89,99800,0
SEDA.US,D,20221007,000000,9.92,9.94,9.92,9.94,501,0
SEDA.US,D,20221010,000000,9.9,9.9,9.9,9.9,100000,0
SEDA.US,D,20221017,000000,9.89,9.9,9.88,9.89,211254,0
SEDA.US,D,20221019,000000,9.9,9.9,9.89,9.89,112101,0
SEDA.US,D,20221020,000000,9.88,9.88,9.88,9.88,100,0
SEDA.US,D,20221031,000000,9.92,9.92,9.89,9.9,470,0
SEDA.US,D,20221101,000000,9.945,9.945,9.945,9.945,1700,0
SEDA.US,D,20221103,000000,9.92,9.92,9.92,9.92,218183,0
SEDA.US,D,20221114,000000,9.97,9.97,9.9,9.93,300,0
SEDA.US,D,20221115,000000,9.92,9.95,9.92,9.95,800,0
SEDA.US,D,20221118,000000,9.96,9.96,9.96,9.96,1401,0
SEDA.US,D,20221122,000000,9.94,9.94,9.94,9.94,1437,0
SEDA.US,D,20221123,000000,9.96,9.96,9.9599,9.96,5682,0
SEDA.US,D,20221125,000000,9.98,9.98,9.9798,9.98,5606,0
SEDA.US,D,20221128,000000,10,10,10,10,10108,0
SEDA.US,D,20221129,000000,10,10,9.97,9.97,240,0
SEDA.US,D,20221201,000000,9.98,9.98,9.98,9.98,2350,0
SEDA.US,D,20221205,000000,10,10,10,10,3472,0
SEDA.US,D,20221207,000000,10,10.018,10,10,40299,0
SEDA.US,D,20221208,000000,10,10,9.995,10,43600,0
SEDA.US,D,20221209,000000,10,10,10,10,5610,0
SEDA.US,D,20221214,000000,10,10,10,10,4117,0
SEDA.US,D,20221215,000000,10.05,10.05,10,10,415,0
SEDA.US,D,20221216,000000,10.02,10.02,10.01,10.02,2331,0
SEDA.US,D,20221219,000000,10.02,10.02,10.02,10.02,6800,0
SEDA.US,D,20221222,000000,10.03,10.05,10.03,10.05,18400,0
SEDA.US,D,20221223,000000,10.14,10.14,10.14,10.14,4000,0
SEDA.US,D,20221227,000000,10.04,10.04,10.04,10.04,168,0
SEDA.US,D,20221228,000000,10.05,10.05,10.04,10.05,6101,0
SEDA.US,D,20221229,000000,10.05,10.05,10.04,10.05,28732,0
SEDA.US,D,20221230,000000,10.06,10.08,10.06,10.06,600,0
SEDA.US,D,20230104,000000,10.06,10.07,10.06,10.06,903,0
SEDA.US,D,20230105,000000,10.06,10.06,10.06,10.06,26500,0
SEDA.US,D,20230106,000000,10.06,10.15,10.06,10.08,454357,0
SEDA.US,D,20230110,000000,10.0901,10.0901,10.0901,10.0901,1000,0
SEDA.US,D,20230112,000000,10.09,10.11,10.09,10.11,749,0
SEDA.US,D,20230118,000000,10.11,10.11,10.11,10.11,13525,0
SEDA.US,D,20230119,000000,10.11,10.13,10.11,10.11,33553,0
SEDA.US,D,20230120,000000,10.11,10.12,10.11,10.12,9153,0
SEDA.US,D,20230125,000000,10.115,10.13,10.115,10.12,80410,0
SEDA.US,D,20230127,000000,10.13,10.14,10.13,10.14,95934,0
SEDA.US,D,20230130,000000,10.14,10.14,10.14,10.14,2163,0
SEDA.US,D,20230131,000000,10.15,10.15,10.15,10.15,45410,0
SEDA.US,D,20230201,000000,10.14,10.16,10.14,10.15,339069,0
SEDA.US,D,20230203,000000,10.15,10.175,10.15,10.175,448250,0
SEDA.US,D,20230206,000000,10.23,10.23,10.18,10.18,1399,0
SEDA.US,D,20230207,000000,10.17,10.17,10.17,10.17,1291,0
SEDA.US,D,20230208,000000,10.15,10.19,10.15,10.17,36497,0
SEDA.US,D,20230209,000000,10.18,10.18,10.18,10.18,196,0
SEDA.US,D,20230210,000000,10.18,10.18,10.18,10.18,399,0
SEDA.US,D,20230213,000000,10.27,10.27,10.27,10.27,100,0
SEDA.US,D,20230214,000000,10.25,10.25,10.22,10.22,4461,0
SEDA.US,D,20230216,000000,10.21,10.21,10.21,10.21,200,0
SEDA.US,D,20230217,000000,10.2,10.21,10.2,10.21,3928,0
SEDA.US,D,20230222,000000,10.28,10.29,10.27,10.29,14573,0
SEDA.US,D,20230223,000000,10.29,10.29,10.23,10.23,5118,0
SEDA.US,D,20230302,000000,10.23,10.23,10.23,10.23,3430,0
SEDA.US,D,20230303,000000,10.2301,10.2301,10.2301,10.2301,100,0
SEDA.US,D,20230308,000000,10.23,10.23,10.23,10.23,1352,0
SEDA.US,D,20230313,000000,10.23,10.23,10.23,10.23,713,0
SEDA.US,D,20230316,000000,10.23,10.23,10.23,10.23,100,0
SEDA.US,D,20230317,000000,10.25,10.25,10.25,10.25,801,0
SEDA.US,D,20230321,000000,10.25,10.25,10.25,10.25,100,0
SEDA.US,D,20230322,000000,10.26,10.26,10.25,10.25,1050,0
SEDA.US,D,20230323,000000,10.27,10.27,10.25,10.27,301,0
SEDA.US,D,20230324,000000,10.25,10.27,10.25,10.27,301,0
SEDA.US,D,20230327,000000,10.28,10.28,10.27,10.27,806,0
SEDA.US,D,20230331,000000,10.27,10.27,10.27,10.27,2004,0
SEDA.US,D,20230403,000000,10.27,10.28,10.27,10.28,7616,0
SEDA.US,D,20230404,000000,10.28,10.3,10.28,10.28,3261,0
SEDA.US,D,20230405,000000,10.28,10.28,10.28,10.28,1721,0
SEDA.US,D,20230417,000000,10.28,10.28,10.28,10.28,100,0
SEDA.US,D,20230418,000000,10.28,10.28,10.28,10.28,719,0
SEDA.US,D,20230420,000000,10.28,10.3,10.28,10.3,1269,0
SEDA.US,D,20230424,000000,10.51,10.51,10.3,10.31,96672,0
SEDA.US,D,20230425,000000,10.31,10.33,10.31,10.33,14540,0
SEDA.US,D,20230426,000000,10.36,10.36,10.35,10.36,1089,0
SEDA.US,D,20230501,000000,10.33,10.335,10.33,10.335,1154,0
SEDA.US,D,20230502,000000,10.355,10.36,10.355,10.36,36376,0
SEDA.US,D,20230508,000000,10.34,10.34,10.34,10.34,1697,0
SEDA.US,D,20230510,000000,10.35,10.35,10.35,10.35,1944,0
SEDA.US,D,20230511,000000,10.36,10.36,10.35,10.35,61454,0
SEDA.US,D,20230512,000000,10.36,10.3601,10.36,10.36,5921,0
SEDA.US,D,20230515,000000,10.36,10.45,10.36,10.37,104339,0
SEDA.US,D,20230516,000000,10.36,10.37,10.36,10.37,1644,0
SEDA.US,D,20230517,000000,10.37,10.37,10.37,10.37,470,0
SEDA.US,D,20230522,000000,10.37,10.37,10.37,10.37,375,0
SEDA.US,D,20230523,000000,10.37,10.39,10.37,10.39,38101,0
SEDA.US,D,20230524,000000,10.4,10.4,10.39,10.39,1266,0
SEDA.US,D,20230525,000000,10.4,10.4,10.39,10.39,12599,0
SEDA.US,D,20230526,000000,10.38,10.38,10.38,10.38,30010,0
SEDA.US,D,20230601,000000,10.39,10.39,10.39,10.39,100,0
SEDA.US,D,20230606,000000,10.4,10.4,10.4,10.4,100,0
SEDA.US,D,20230607,000000,10.4,10.4,10.4,10.4,10312,0
SEDA.US,D,20230608,000000,10.4,10.41,10.395,10.395,7270,0
SEDA.US,D,20230612,000000,10.4,10.44,10.4,10.4,26899,0
SEDA.US,D,20230613,000000,10.44,10.44,10.4,10.4,401303,0
SEDA.US,D,20230614,000000,10.43,10.43,10.43,10.43,100,0
SEDA.US,D,20230615,000000,10.41,10.44,10.41,10.44,415,0
SEDA.US,D,20230616,000000,10.41,10.42,10.4,10.41,4018,0
SEDA.US,D,20230620,000000,10.41,10.41,10.41,10.41,133,0
SEDA.US,D,20230621,000000,10.41,10.41,10.41,10.41,180192,0
SEDA.US,D,20230622,000000,10.42,10.425,10.42,10.425,243040,0
SEDA.US,D,20230623,000000,10.42,10.42,10.42,10.42,501,0
SEDA.US,D,20230628,000000,10.4345,10.4345,10.43,10.4345,3736,0
SEDA.US,D,20230630,000000,10.435,10.435,10.435,10.435,1499643,0
SEDA.US,D,20230703,000000,10.44,10.45,10.44,10.45,3105,0
SEDA.US,D,20230705,000000,10.46,10.46,10.46,10.46,472,0
SEDA.US,D,20230707,000000,10.46,10.46,10.46,10.46,100,0
SEDA.US,D,20230710,000000,10.46,10.48,10.46,10.48,10410,0
SEDA.US,D,20230711,000000,10.465,10.47,10.465,10.47,10136,0
SEDA.US,D,20230712,000000,10.47,10.47,10.47,10.47,14000,0
SEDA.US,D,20230713,000000,10.48,10.48,10.47,10.47,4115,0
SEDA.US,D,20230718,000000,10.475,10.48,10.475,10.48,678,0
SEDA.US,D,20230721,000000,10.49,10.49,10.47,10.47,20230,0
SEDA.US,D,20230728,000000,10.4897,10.4898,10.4897,10.4898,1000,0
SEDA.US,D,20230802,000000,10.4898,10.4898,10.4898,10.4898,11639,0
SEDA.US,D,20230804,000000,10.49,10.49,10.49,10.49,501,0
SEDA.US,D,20230807,000000,10.49,10.49,10.49,10.49,2074,0
SEDA.US,D,20230808,000000,10.5,10.5,10.495,10.5,13200,0
SEDA.US,D,20230809,000000,10.5,10.5,10.5,10.5,582,0
SEDA.US,D,20230810,000000,10.5,10.5,10.5,10.5,15873,0
SEDA.US,D,20230811,000000,10.5,10.5,10.5,10.5,812,0
SEDA.US,D,20230815,000000,10.51,10.56,10.51,10.56,5887,0
SEDA.US,D,20230816,000000,10.54,10.54,10.52,10.52,370,0
SEDA.US,D,20230818,000000,10.54,10.75,10.53,10.53,64192,0
SEDA.US,D,20230821,000000,10.55,10.71,10.52,10.52,2576,0
SEDA.US,D,20230823,000000,10.7,11.12,10.53,10.53,4808,0
SEDA.US,D,20230824,000000,11.0497,11.0497,10.53,10.54,2062,0
SEDA.US,D,20230825,000000,10.54,10.54,10.54,10.54,199,0
SEDA.US,D,20230828,000000,10.895,10.895,10.895,10.895,151,0
SEDA.US,D,20230829,000000,10.54,10.54,10.54,10.54,112,0
SEDA.US,D,20230830,000000,10.53,10.62,10.53,10.62,2865,0
SEDA.US,D,20230831,000000,10.89,11.25,10.53,10.54,3919,0
SEDA.US,D,20230901,000000,10.54,10.54,10.53,10.54,601,0
SEDA.US,D,20230905,000000,10.54,10.54,10.54,10.54,133,0
SEDA.US,D,20230912,000000,10.56,10.56,10.56,10.56,102,0
SEDA.US,D,20230913,000000,10.56,10.56,10.56,10.56,100,0
SEDA.US,D,20230914,000000,10.57,10.57,10.57,10.57,106,0
SEDA.US,D,20230915,000000,10.58,10.58,10.57,10.58,1088,0
SEDA.US,D,20230919,000000,10.6,10.6,10.57,10.6,13528,0
SEDA.US,D,20230920,000000,10.58,11.43,10.57,10.6,28410,0
SEDA.US,D,20230921,000000,10.97,11.37,10.57,10.61,7695,0
SEDA.US,D,20230922,000000,10.58,10.61,10.57,10.58,5010,0
SEDA.US,D,20230925,000000,11.05,11.2823,10.56,10.6,12747,0
SEDA.US,D,20230926,000000,11.04,11.12,10.57,10.595,11694,0
SEDA.US,D,20230927,000000,11,11,10.58,10.6,26733,0
SEDA.US,D,20230928,000000,10.58,11.07,10.58,10.59,8594,0
SEDA.US,D,20230929,000000,10.59,11.44,10.58,10.6,101840,0
SEDA.US,D,20231002,000000,10.9182,11.25,10.59,10.61,24318,0
SEDA.US,D,20231003,000000,11.115,11.115,10.58,10.59,4947,0
SEDA.US,D,20231004,000000,11.065,11.54,10.58,10.59,16025,0
SEDA.US,D,20231005,000000,10.59,10.7397,10.59,10.605,489297,0
SEDA.US,D,20231006,000000,10.61,10.975,10.6,10.63,444544,0
SEDA.US,D,20231009,000000,10.61,11.035,10.61,10.64,26058,0
SEDA.US,D,20231010,000000,10.61,10.65,10.61,10.62,1996,0
SEDA.US,D,20231011,000000,10.62,10.6202,10.62,10.62,30372,0
SEDA.US,D,20231012,000000,10.62,10.62,10.62,10.62,2256,0
SEDA.US,D,20231013,000000,10.75,10.88,10.61,10.62,5611,0
SEDA.US,D,20231016,000000,10.62,10.62,10.62,10.62,100435,0
SEDA.US,D,20231017,000000,10.61,10.61,10.61,10.61,321,0
SEDA.US,D,20231018,000000,10.61,10.68,10.61,10.65,1211,0
SEDA.US,D,20231019,000000,10.62,10.62,10.62,10.62,406,0
SEDA.US,D,20231023,000000,10.64,10.65,10.62,10.64,1406441,0
SEDA.US,D,20231024,000000,10.69,10.7,10.67,10.68,1172874,0
SEDA.US,D,20231025,000000,10.69,10.69,10.68,10.68,610196,0
SEDA.US,D,20231026,000000,10.7,10.7,10.68,10.69,27592,0
SEDA.US,D,20231027,000000,10.72,10.72,10.69,10.72,4740,0
SEDA.US,D,20231031,000000,10.69,10.71,10.68,10.7,6009,0
SEDA.US,D,20231101,000000,10.73,10.73,10.72,10.72,506069,0
SEDA.US,D,20231102,000000,10.73,10.73,10.69,10.69,606657,0
SEDA.US,D,20231103,000000,10.72,10.73,10.72,10.73,4844,0
SEDA.US,D,20231106,000000,10.73,10.73,10.72,10.72,9761,0
SEDA.US,D,20231107,000000,10.73,10.73,10.725,10.73,15054,0
SEDA.US,D,20231108,000000,10.73,10.73,10.72,10.73,225311,0
SEDA.US,D,20231109,000000,10.72,10.72,10.72,10.72,2548,0
SEDA.US,D,20231110,000000,10.75,10.75,10.73,10.73,2410,0
SEDA.US,D,20231113,000000,10.73,10.73,10.73,10.73,450044,0
SEDA.US,D,20231114,000000,10.73,10.73,10.72,10.73,158226,0
SEDA.US,D,20231116,000000,10.73,10.75,10.73,10.75,104636,0
SEDA.US,D,20231120,000000,10.73,10.75,10.73,10.75,61009,0
SEDA.US,D,20231127,000000,10.73,10.745,10.73,10.74,14124,0
SEDA.US,D,20231129,000000,10.73,10.745,10.73,10.74,8174,0
SEDA.US,D,20231130,000000,10.75,10.75,10.75,10.75,11400,0
SEDA.US,D,20231201,000000,10.75,10.75,10.75,10.75,6207,0
SEDA.US,D,20231204,000000,10.75,10.76,10.75,10.75,275000,0
SEDA.US,D,20231205,000000,10.755,10.76,10.75,10.76,1303,0
SEDA.US,D,20231207,000000,10.76,10.76,10.75,10.76,3597,0
SEDA.US,D,20231211,000000,10.77,10.77,10.755,10.76,2613,0
SEDA.US,D,20231212,000000,10.76,10.77,10.76,10.77,86352,0
SEDA.US,D,20231213,000000,10.76,10.76,10.76,10.76,68798,0
SEDA.US,D,20231215,000000,10.76,10.78,10.76,10.78,148878,0
SEDA.US,D,20231218,000000,10.77,10.78,10.77,10.77,20013,0
SEDA.US,D,20231221,000000,10.77,10.77,10.75,10.75,502,0
SEDA.US,D,20231226,000000,10.76,10.76,10.76,10.76,102,0
SEDA.US,D,20231227,000000,10.8,10.8,10.76,10.76,25668,0
SEDA.US,D,20231228,000000,10.76,10.76,10.76,10.76,10050,0
SEDA.US,D,20240102,000000,10.79,10.79,10.78,10.78,13171,0
SEDA.US,D,20240103,000000,10.8,10.8,10.8,10.8,77531,0
SEDA.US,D,20240104,000000,10.8,10.81,10.8,10.81,1274,0
SEDA.US,D,20240108,000000,10.81,10.81,10.81,10.81,259,0
SEDA.US,D,20240109,000000,10.81,10.82,10.81,10.82,26145,0
SEDA.US,D,20240110,000000,10.8146,10.8146,10.8146,10.8146,361,0
SEDA.US,D,20240116,000000,10.82,10.83,10.82,10.83,513,0
SEDA.US,D,20240117,000000,10.83,10.83,10.83,10.83,26928,0
SEDA.US,D,20240118,000000,10.83,10.83,10.83,10.83,21345,0
SEDA.US,D,20240119,000000,10.84,10.84,10.83,10.83,2585,0
SEDA.US,D,20240122,000000,10.83,10.83,10.83,10.83,17868,0
SEDA.US,D,20240124,000000,10.84,10.84,10.84,10.84,859,0
SEDA.US,D,20240125,000000,10.85,10.85,10.85,10.85,12337,0
SEDA.US,D,20240126,000000,10.85,10.85,10.85,10.85,5244,0
SEDA.US,D,20240129,000000,10.85,10.85,10.85,10.85,5369,0
SEDA.US,D,20240131,000000,10.86,10.87,10.86,10.8682,16231,0
SEDA.US,D,20240202,000000,10.87,10.88,10.87,10.88,30174,0
SEDA.US,D,20240208,000000,10.89,10.9,10.89,10.89,256206,0
SEDA.US,D,20240213,000000,10.89,10.89,10.89,10.89,4641,0
SEDA.US,D,20240214,000000,10.95,10.95,10.95,10.95,108,0
SEDA.US,D,20240220,000000,11,11,10.9,10.96,2456,0
SEDA.US,D,20240221,000000,10.98,10.98,10.945,10.945,958,0
SEDA.US,D,20240226,000000,10.905,10.92,10.905,10.92,11255,0
SEDA.US,D,20240227,000000,10.94,10.94,10.93,10.93,101208,0
SEDA.US,D,20240228,000000,10.93,10.93,10.92,10.92,383690,0
SEDA.US,D,20240301,000000,10.92,10.94,10.92,10.92,7903,0
SEDA.US,D,20240304,000000,10.93,10.93,10.93,10.93,1097,0
SEDA.US,D,20240305,000000,10.93,10.93,10.92,10.92,27645,0
SEDA.US,D,20240306,000000,10.94,10.9598,10.92,10.92,73587,0
SEDA.US,D,20240307,000000,10.94,10.94,10.92,10.92,1749,0
SEDA.US,D,20240308,000000,10.93,10.93,10.93,10.93,702,0
SEDA.US,D,20240311,000000,10.92,10.94,10.92,10.94,1040,0
SEDA.US,D,20240312,000000,10.921,10.9235,10.921,10.9235,355,0
SEDA.US,D,20240313,000000,10.93,10.93,10.92,10.92,4600,0
SEDA.US,D,20240314,000000,10.929,10.929,10.92,10.92,3920,0
SEDA.US,D,20240315,000000,10.92,10.92,10.92,10.92,13376,0
SEDA.US,D,20240318,000000,10.92,10.92,10.92,10.92,5502,0
SEDA.US,D,20240321,000000,10.92,10.93,10.92,10.93,42688,0
SEDA.US,D,20240322,000000,11.19,11.19,10.92,10.94,37055,0
SEDA.US,D,20240325,000000,10.93,10.94,10.93,10.94,1203,0
SEDA.US,D,20240326,000000,10.94,10.95,10.93,10.94,74957,0
SEDA.US,D,20240327,000000,10.94,10.94,10.94,10.94,74404,0
SEDA.US,D,20240328,000000,10.94,10.94,10.94,10.94,47021,0
SEDA.US,D,20240401,000000,10.94,10.95,10.94,10.95,1319,0
SEDA.US,D,20240402,000000,10.945,10.95,10.945,10.95,9801,0
SEDA.US,D,20240403,000000,10.96,10.96,10.96,10.96,1108,0
SEDA.US,D,20240408,000000,10.97,10.97,10.97,10.97,912,0
SEDA.US,D,20240409,000000,10.97,10.97,10.97,10.97,347126,0
SEDA.US,D,20240410,000000,10.97,10.97,10.97,10.97,1491,0
SEDA.US,D,20240411,000000,10.99,10.99,10.97,10.99,495270,0
SEDA.US,D,20240416,000000,11,11,11,11,1139,0
SEDA.US,D,20240417,000000,11,11.01,11,11.01,96232,0
SEDA.US,D,20240418,000000,11,11.01,11,11.01,10774,0
SEDA.US,D,20240419,000000,11.18,11.18,11.04,11.04,1809,0
SEDA.US,D,20240422,000000,11.02,11.02,11.02,11.02,29691,0
SEDA.US,D,20240423,000000,11.03,11.03,11.03,11.03,1223,0
SEDA.US,D,20240424,000000,11.025,11.03,11.025,11.03,14053,0
SEDA.US,D,20240425,000000,11.02,11.03,11.02,11.03,790,0
SEDA.US,D,20240426,000000,11.02,11.03,11.02,11.03,962,0
SEDA.US,D,20240430,000000,11.02,11.02,11.02,11.02,476,0
SEDA.US,D,20240503,000000,11.03,11.04,11.03,11.03,1331,0
SEDA.US,D,20240506,000000,11.03,11.03,11.02,11.02,3668,0
SEDA.US,D,20240507,000000,11.01,11.05,11,11.03,108131,0
SEDA.US,D,20240508,000000,11.04,11.04,11.03,11.04,99024,0
SEDA.US,D,20240509,000000,11.04,11.04,11.04,11.04,539,0
SEDA.US,D,20240510,000000,11.04,11.05,11.03,11.03,814134,0
SEDA.US,D,20240515,000000,11.05,11.05,11.05,11.05,4400,0
SEDA.US,D,20240516,000000,11.05,11.05,11.05,11.05,57034,0
SEDA.US,D,20240517,000000,11.05,11.06,11.05,11.05,656200,0
SEDA.US,D,20240520,000000,11.06,11.06,11.06,11.06,20583,0
SEDA.US,D,20240521,000000,11.07,11.1,11.06,11.07,1128863,0
SEDA.US,D,20240522,000000,11.08,11.08,11.08,11.08,691,0
SEDA.US,D,20240524,000000,11.0772,11.0772,11.0772,11.0772,1000,0
SEDA.US,D,20240528,000000,11.07,11.5,11.07,11.07,510,0
SEDA.US,D,20240529,000000,11.07,11.5,11.07,11.07,109693,0
SEDA.US,D,20240530,000000,11.07,11.5,11.07,11.09,2248,0
SEDA.US,D,20240531,000000,11.07,11.5,11.07,11.08,17415,0
SEDA.US,D,20240603,000000,11.08,11.08,11.08,11.08,224,0
SEDA.US,D,20240605,000000,11.07,11.07,11.07,11.07,15845,0
SEDA.US,D,20240606,000000,11.06,11.06,11.06,11.06,342,0
SEDA.US,D,20240607,000000,11.065,11.075,11.06,11.07,592605,0
SEDA.US,D,20240610,000000,11.12,11.12,11.07,11.07,102000,0
SEDA.US,D,20240611,000000,11.06,11.07,11.06,11.07,608,0
SEDA.US,D,20240612,000000,11.07,11.07,11.07,11.07,344021,0
SEDA.US,D,20240613,000000,11.08,11.5,11.07,11.0899,9060,0
SEDA.US,D,20240614,000000,11.07,11.08,11.07,11.07,504,0
SEDA.US,D,20240617,000000,11.07,11.07,11.07,11.07,2925,0
SEDA.US,D,20240620,000000,11.09,11.09,11.08,11.08,31699,0
SEDA.US,D,20240621,000000,11.09,11.09,11.09,11.09,228358,0
SEDA.US,D,20240624,000000,11.07,11.672,11.07,11.07,308987,0
SEDA.US,D,20240625,000000,11.06,11.5,11,11,2425,0
SEDA.US,D,20240626,000000,11.125,11.125,11,11,1768,0
SEDA.US,D,20240627,000000,11.14,11.14,11.14,11.14,243,0
SEDA.US,D,20240702,000000,11.03,11.47,11.03,11.47,4466,0
SEDA.US,D,20240709,000000,12,12,11.5,11.5,709,0
SEDA.US,D,20240717,000000,13.27,13.27,12.22,12.22,543,0
SEDA.US,D,20240718,000000,13.28,14.9249,11.3,11.3,14348,0
SEDA.US,D,20240719,000000,11.25,11.5,11.25,11.25,1939,0
SEDA.US,D,20240722,000000,11.22,11.4,11.2,11.2,456,0
SEDA.US,D,20240723,000000,11.14,11.2999,11.1,11.15,2860,0
SEDA.US,D,20240724,000000,11.29,11.3,11.12,11.12,2048,0
SEDA.US,D,20240725,000000,11.25,11.25,11.25,11.25,443,0
SEDA.US,D,20240729,000000,11.28,11.615,11.15,11.15,3171,0
SEDA.US,D,20240730,000000,11.39,11.5,11.35,11.35,1483,0
SEDA.US,D,20240802,000000,11.25,11.25,11.25,11.25,112,0
SEDA.US,D,20240805,000000,11.15,11.16,11.15,11.15,540,0
SEDA.US,D,20240806,000000,11.3,11.3,11.24,11.24,222,0
SEDA.US,D,20240813,000000,11.3,11.3,11.15,11.16,2314,0
SEDA.US,D,20240814,000000,11.16,11.16,11.16,11.16,521,0
SEDA.US,D,20240815,000000,11.16,11.16,11.16,11.16,234,0
SEDA.US,D,20240816,000000,11.17,11.17,11.17,11.17,25068,0
SEDA.US,D,20240820,000000,11.19,11.19,11.19,11.19,346,0
SEDA.US,D,20240823,000000,11.19,11.19,11.19,11.19,1750,0
SEDA.US,D,20240903,000000,11.17,11.17,11.17,11.17,104,0
SEDA.US,D,20240909,000000,11.2,12.79,11.2,11.5,5226,0
SEDA.US,D,20240910,000000,11.31,11.31,11.31,11.31,895,0
SEDA.US,D,20240912,000000,11.39,11.6001,11.18,11.18,5212,0
SEDA.US,D,20240916,000000,11.18,11.18,11.18,11.18,1227,0
SEDA.US,D,20240917,000000,11.19,11.19,11.19,11.19,522,0
SEDA.US,D,20240919,000000,11.18,11.18,11.18,11.18,1020,0
SEDA.US,D,20240920,000000,11.47,11.47,11.47,11.47,311,0
SEDA.US,D,20240923,000000,11.4599,11.4599,11.26,11.45,1048,0
SEDA.US,D,20240924,000000,11.44,11.44,11.44,11.44,101,0
SEDA.US,D,20240925,000000,11.46,11.46,11.46,11.46,601,0
SEDA.US,D,20241001,000000,11.26,11.45,11.26,11.3261,614,0
SEDA.US,D,20241007,000000,11.3,11.3,11.3,11.3,101,0
SEDA.US,D,20241009,000000,11.3,11.32,11.3,11.32,314,0
SEDA.US,D,20241016,000000,11.3,11.3,11.28,11.28,487,0
SEDA.US,D,20241022,000000,11.29,11.3,11.28,11.28,377623,0
SEDA.US,D,20241023,000000,11.29,11.2985,11.29,11.2985,1610,0
SEDA.US,D,20241024,000000,11.3,11.3,11.3,11.3,283,0
SEDA.US,D,20241028,000000,11.3,11.3,11.3,11.3,272,0
SEDA.US,D,20241029,000000,11.38,11.38,11.38,11.38,110,0
SEDA.US,D,20241030,000000,11.3,11.3,11.3,11.3,429,0
SEDA.US,D,20241031,000000,11.3,11.3,11.3,11.3,758,0
