<TICKER>,<PER>,<DATE>,<TIME>,<OPEN>,<HIGH>,<LOW>,<CLOSE>,<VOL>,<OPENINT>
SQSP.US,D,20210519,000000,48,50.02,42.8201,43.65,5471014,0
SQSP.US,D,20210520,000000,44.01,51.16,43.75,49.87,2939035,0
SQSP.US,D,20210521,000000,50,53,49,49.56,2003334,0
SQSP.US,D,20210524,000000,51.49,54.42,50.5,54.3,1944132,0
SQSP.US,D,20210525,000000,53.94,55.88,53.1,54.51,2244272,0
SQSP.US,D,20210526,000000,54.3,54.98,53.58,54.93,249945,0
SQSP.US,D,20210527,000000,54.77,54.96,54,54.82,196569,0
SQSP.US,D,20210528,000000,54.22,54.61,51.835,52.63,163022,0
SQSP.US,D,20210601,000000,53.45,53.45,49.6,53,228151,0
SQSP.US,D,20210602,000000,53,53.0786,51.5001,51.92,86576,0
SQSP.US,D,20210603,000000,50.54,51.34,50.42,50.72,74932,0
SQSP.US,D,20210604,000000,51.14,51.93,50.5,51.56,292400,0
SQSP.US,D,20210607,000000,52,54.95,51.45,54.74,328628,0
SQSP.US,D,20210608,000000,54.8,56.15,54.3,56.13,573954,0
SQSP.US,D,20210609,000000,56.22,57.5,55.9801,57.03,300448,0
SQSP.US,D,20210610,000000,57.17,58.48,57.03,58.13,206789,0
SQSP.US,D,20210611,000000,58.23,59.98,58.23,59.9,467153,0
SQSP.US,D,20210614,000000,59.9,60.02,59.3515,60,571852,0
SQSP.US,D,20210615,000000,58.73,59.5,56.7001,57.82,425484,0
SQSP.US,D,20210616,000000,57.8,60.62,57.8,59.73,269394,0
SQSP.US,D,20210617,000000,59.77,62.45,59.471,61.85,408880,0
SQSP.US,D,20210618,000000,61.49,63.9786,61.095,63.55,457283,0
SQSP.US,D,20210621,000000,64.06,64.71,61.33,63.52,425480,0
SQSP.US,D,20210622,000000,63,64.66,62.61,64.05,312173,0
SQSP.US,D,20210623,000000,64.17,64.23,62.91,63.08,94806,0
SQSP.US,D,20210624,000000,63.5,63.5,61.66,63,419497,0
SQSP.US,D,20210625,000000,62.98,64.38,62.98,64.1,348576,0
SQSP.US,D,20210628,000000,64.12,64.69,62.89,62.99,292737,0
SQSP.US,D,20210629,000000,61.25,61.55,58.05,58.46,334736,0
SQSP.US,D,20210630,000000,58.99,59.825,55.89,59.41,339405,0
SQSP.US,D,20210701,000000,58.92,59.57,56.49,57.28,288359,0
SQSP.US,D,20210702,000000,56.98,58.48,56.64,57.01,334031,0
SQSP.US,D,20210706,000000,58.22,58.22,55.27,56.6,381370,0
SQSP.US,D,20210707,000000,56.71,57.7,55.1,55.98,408330,0
SQSP.US,D,20210708,000000,55,55.338,53.5027,54.05,248663,0
SQSP.US,D,20210709,000000,54,56.57,53.33,56,193308,0
SQSP.US,D,20210712,000000,56.45,56.74,54.14,55.21,121477,0
SQSP.US,D,20210713,000000,55.87,56.54,54.14,55.12,104267,0
SQSP.US,D,20210714,000000,55.14,56.69,54.5,56.21,188576,0
SQSP.US,D,20210715,000000,56.05,56.54,52.84,54.02,304043,0
SQSP.US,D,20210716,000000,54.14,54.67,52.22,52.27,134947,0
SQSP.US,D,20210719,000000,52.49,55.42,50.5,53.55,309834,0
SQSP.US,D,20210720,000000,54,54.18,52.33,53.52,149026,0
SQSP.US,D,20210721,000000,53.12,54.51,53.01,53.66,86133,0
SQSP.US,D,20210722,000000,54.11,56.95,53.65,56.62,170393,0
SQSP.US,D,20210723,000000,56.84,59.3699,56.15,58.52,134328,0
SQSP.US,D,20210726,000000,58.63,58.9871,56.6,57.58,122798,0
SQSP.US,D,20210727,000000,57,57.345,53.71,55.05,159282,0
SQSP.US,D,20210728,000000,55.5,56.7923,53.25,53.3,137640,0
SQSP.US,D,20210729,000000,53.49,54.04,52.65,52.86,350117,0
SQSP.US,D,20210730,000000,51.6,53,50.5,50.63,374349,0
SQSP.US,D,20210802,000000,50.85,52.85,50.85,50.9,291557,0
SQSP.US,D,20210803,000000,51.36,52.5502,50.775,51.65,333653,0
SQSP.US,D,20210804,000000,51.72,52.1,50.56,51.15,70200,0
SQSP.US,D,20210805,000000,51.16,52.158,50.7069,51.71,63826,0
SQSP.US,D,20210806,000000,51.77,52.335,48.21,48.46,249692,0
SQSP.US,D,20210809,000000,48.69,50.345,47.2,49.5,390734,0
SQSP.US,D,20210810,000000,44.9,46.63,43,45,841716,0
SQSP.US,D,20210811,000000,45.71,45.71,41.64,42.8,455364,0
SQSP.US,D,20210812,000000,42.94,45.15,42.8,45,178133,0
SQSP.US,D,20210813,000000,45.27,45.56,44.1,44.5,208522,0
SQSP.US,D,20210816,000000,44,44.32,42.76,43.11,256270,0
SQSP.US,D,20210817,000000,42.42,43.7495,42.0401,42.84,224639,0
SQSP.US,D,20210818,000000,42.81,43.76,42.22,43.16,155239,0
SQSP.US,D,20210819,000000,43.06,44.24,42.11,42.35,156959,0
SQSP.US,D,20210820,000000,42.22,43.44,42.17,43.36,102518,0
SQSP.US,D,20210823,000000,43.46,45.47,43.4,44.15,159380,0
SQSP.US,D,20210824,000000,44.5,47.16,44.17,46.68,236111,0
SQSP.US,D,20210825,000000,46.79,47.405,46,47.1,141009,0
SQSP.US,D,20210826,000000,46.87,47.04,44.27,44.63,217355,0
SQSP.US,D,20210827,000000,44.3,45.835,44.28,45.64,105266,0
SQSP.US,D,20210830,000000,46,46,44.5,44.89,115534,0
SQSP.US,D,20210831,000000,44.99,44.99,44.05,44.48,139204,0
SQSP.US,D,20210901,000000,44.61,46.98,44.42,46.38,170854,0
SQSP.US,D,20210902,000000,46.67,46.86,46.05,46.74,137359,0
SQSP.US,D,20210903,000000,46.37,47.29,46.36,46.88,96213,0
SQSP.US,D,20210907,000000,47.06,47.44,45.72,46.26,293824,0
SQSP.US,D,20210908,000000,46.36,46.89,44.81,45.05,180576,0
SQSP.US,D,20210909,000000,45.32,46.06,45.11,45.81,170795,0
SQSP.US,D,20210910,000000,46.24,47.35,46,46.65,227536,0
SQSP.US,D,20210913,000000,47.1,47.1,45,46.2,143319,0
SQSP.US,D,20210914,000000,46.19,47,45.7,46,165464,0
SQSP.US,D,20210915,000000,46.3,46.95,45.5,46.75,598093,0
SQSP.US,D,20210916,000000,46.37,47.969,46.07,46.68,314344,0
SQSP.US,D,20210917,000000,46.34,47.21,44.55,44.82,1759536,0
SQSP.US,D,20210920,000000,43.69,44.35,41.83,42.61,300468,0
SQSP.US,D,20210921,000000,43,43.84,42.69,42.7,359907,0
SQSP.US,D,20210922,000000,42.71,43.63,42.15,42.22,478091,0
SQSP.US,D,20210923,000000,42.51,43.54,42.04,43.02,199916,0
SQSP.US,D,20210924,000000,42.92,43.0058,41.19,41.29,168026,0
SQSP.US,D,20210927,000000,40.12,41,39.79,40.11,271394,0
SQSP.US,D,20210928,000000,39.74,40.875,39.6,40.55,248622,0
SQSP.US,D,20210929,000000,40.77,41.22,39.3,39.62,194312,0
SQSP.US,D,20210930,000000,39.75,40.55,38.4,38.64,196051,0
SQSP.US,D,20211001,000000,38.65,39.54,37.75,39,276421,0
SQSP.US,D,20211004,000000,39.1,39.1,37.75,38.02,133322,0
SQSP.US,D,20211005,000000,38.37,38.37,36.515,36.75,199702,0
SQSP.US,D,20211006,000000,36.35,36.63,35.43,36,312966,0
SQSP.US,D,20211007,000000,36.11,36.8797,35.64,35.86,312001,0
SQSP.US,D,20211008,000000,36.1,36.1,34.61,34.74,158017,0
SQSP.US,D,20211011,000000,34.35,34.84,33.15,33.25,171803,0
SQSP.US,D,20211012,000000,33.51,33.8824,33.12,33.4,121198,0
SQSP.US,D,20211013,000000,33.55,34.9868,33.48,34.76,159880,0
SQSP.US,D,20211014,000000,34.99,37.1871,34.69,36.59,243819,0
SQSP.US,D,20211015,000000,38.75,39.46,37.5,38.4,319089,0
SQSP.US,D,20211018,000000,38.3,39.315,37.71,38.61,172732,0
SQSP.US,D,20211019,000000,38.63,39.9,38.26,39.62,174044,0
SQSP.US,D,20211020,000000,39.84,39.9899,38.8,39.23,174458,0
SQSP.US,D,20211021,000000,39.42,41,39.39,39.73,231192,0
SQSP.US,D,20211022,000000,39.53,39.8674,37.56,38.75,210146,0
SQSP.US,D,20211025,000000,39.03,40.85,39.03,39.56,181528,0
SQSP.US,D,20211026,000000,39.85,40,37.8,38.32,122198,0
SQSP.US,D,20211027,000000,38.32,39.3299,37.87,37.87,132277,0
SQSP.US,D,20211028,000000,37.87,39.6,37.83,39.32,125320,0
SQSP.US,D,20211029,000000,39.21,39.67,38.5653,38.94,125495,0
SQSP.US,D,20211101,000000,38.16,39.4,37.59,39.09,210336,0
SQSP.US,D,20211102,000000,39.1,40.83,38.89,39.76,205239,0
SQSP.US,D,20211103,000000,39.51,39.96,39.06,39.35,66163,0
SQSP.US,D,20211104,000000,40.07,42.9198,40,42.25,395875,0
SQSP.US,D,20211105,000000,42.63,43.67,41.37,43.6,366972,0
SQSP.US,D,20211108,000000,43.91,46.62,43,46.32,678673,0
SQSP.US,D,20211109,000000,48.69,48.69,41.76,42.74,835883,0
SQSP.US,D,20211110,000000,42.65,45.409,42.2646,43.5,583464,0
SQSP.US,D,20211111,000000,43.57,45.49,43.57,44.92,255957,0
SQSP.US,D,20211112,000000,45.26,47.27,44.52,46.71,780592,0
SQSP.US,D,20211115,000000,47,48.89,46.3838,47.75,252817,0
SQSP.US,D,20211116,000000,47.65,48.74,47.4521,48.55,185325,0
SQSP.US,D,20211117,000000,48.08,48.75,46.73,46.86,338990,0
SQSP.US,D,20211118,000000,47.04,47.26,41.23,41.24,473529,0
SQSP.US,D,20211119,000000,40.68,40.78,36.405,36.85,729639,0
SQSP.US,D,20211122,000000,36.7,36.9,32.96,33.2,662844,0
SQSP.US,D,20211123,000000,33.37,35.11,32.605,35.04,306115,0
SQSP.US,D,20211124,000000,34.61,37.47,34.0058,37.33,346130,0
SQSP.US,D,20211126,000000,36.28,37.49,35.74,36,121960,0
SQSP.US,D,20211129,000000,36.59,36.99,35.39,35.92,291270,0
SQSP.US,D,20211130,000000,35.54,35.89,32.66,32.86,389843,0
SQSP.US,D,20211201,000000,33.7,34.84,31.73,32.05,180294,0
SQSP.US,D,20211202,000000,32,34.92,32,34.79,319465,0
SQSP.US,D,20211203,000000,34.83,35.2169,31.71,32.09,466229,0
SQSP.US,D,20211206,000000,32.01,32.47,30.655,31.36,235000,0
SQSP.US,D,20211207,000000,32.34,33.865,32.3264,33.26,306159,0
SQSP.US,D,20211208,000000,33.34,33.87,32.345,33.09,230369,0
SQSP.US,D,20211209,000000,32.64,33.19,31.31,31.46,195939,0
SQSP.US,D,20211210,000000,31.81,32.18,30.69,30.93,149950,0
SQSP.US,D,20211213,000000,30.66,31.735,29.34,29.86,357180,0
SQSP.US,D,20211214,000000,29.44,29.85,28.66,29.04,408484,0
SQSP.US,D,20211215,000000,28.81,29.32,27.77,28.8,379005,0
SQSP.US,D,20211216,000000,29.29,29.8,28,28.21,265421,0
SQSP.US,D,20211217,000000,27.49,28.7,26.8501,27.89,548810,0
SQSP.US,D,20211220,000000,27.63,29.12,27.03,28.67,335955,0
SQSP.US,D,20211221,000000,28.81,30.65,28.405,30.38,232241,0
SQSP.US,D,20211222,000000,30.35,31.165,30.23,30.91,192845,0
SQSP.US,D,20211223,000000,31.2,31.8,30.215,31,308071,0
SQSP.US,D,20211227,000000,31.37,32.775,30.71,31.5,251315,0
SQSP.US,D,20211228,000000,31.4,31.65,29.87,30.12,109612,0
SQSP.US,D,20211229,000000,30,30,28.492,28.87,106428,0
SQSP.US,D,20211230,000000,28.72,30.305,28.72,29.69,194339,0
SQSP.US,D,20211231,000000,29.7,30.24,29.45,29.5,109040,0
SQSP.US,D,20220103,000000,29.89,30.835,28.99,30.5,203558,0
SQSP.US,D,20220104,000000,30.75,30.79,27.36,28.32,331597,0
SQSP.US,D,20220105,000000,28.2,28.6,25.82,26.5,354747,0
SQSP.US,D,20220106,000000,26.4,27.55,25.68,26.82,429499,0
SQSP.US,D,20220107,000000,26.88,27.41,26.41,26.76,295472,0
SQSP.US,D,20220110,000000,26.47,28.65,25.75,28.55,538570,0
SQSP.US,D,20220111,000000,28.55,30.17,28.21,29.34,289559,0
SQSP.US,D,20220112,000000,30.06,30.93,29.27,30.21,272563,0
SQSP.US,D,20220113,000000,30.54,31.465,29.89,29.91,589288,0
SQSP.US,D,20220114,000000,29.48,30,28.44,29.55,373461,0
SQSP.US,D,20220118,000000,29.03,29.9744,28.79,28.83,300257,0
SQSP.US,D,20220119,000000,29.31,30.35,28.88,29.78,236327,0
SQSP.US,D,20220120,000000,30.39,32,30.11,30.28,308205,0
SQSP.US,D,20220121,000000,29.89,30.21,28.49,28.62,361752,0
SQSP.US,D,20220124,000000,27.84,32.26,27.461,31.79,609369,0
SQSP.US,D,20220125,000000,30.85,31.47,29.465,30.17,564712,0
SQSP.US,D,20220126,000000,30.73,32.09,30.16,30.6,372488,0
SQSP.US,D,20220127,000000,31.18,31.8,28.65,28.74,269465,0
SQSP.US,D,20220128,000000,28.69,30.38,28.07,30.22,280100,0
SQSP.US,D,20220131,000000,30.64,33.195,30.64,33.14,337748,0
SQSP.US,D,20220201,000000,33.14,34,32.05,33.26,265004,0
SQSP.US,D,20220202,000000,33.39,33.39,30.72,30.91,143986,0
SQSP.US,D,20220203,000000,29.18,29.92,28.54,29.02,191770,0
SQSP.US,D,20220204,000000,29.12,31.65,28.92,31.47,117759,0
SQSP.US,D,20220207,000000,31.46,32.56,30.47,30.74,224117,0
SQSP.US,D,20220208,000000,30.41,32.23,30.35,31.89,128026,0
SQSP.US,D,20220209,000000,32.39,32.64,31.01,32.4,210167,0
SQSP.US,D,20220210,000000,31.51,33.845,31.1902,32.57,249385,0
SQSP.US,D,20220211,000000,32.76,33.75,31.17,31.45,135022,0
SQSP.US,D,20220214,000000,31.83,34.7098,31.83,33.63,348415,0
SQSP.US,D,20220215,000000,34.04,34.97,32.66,34.31,353016,0
SQSP.US,D,20220216,000000,33.06,33.06,26.4,27.39,1136477,0
SQSP.US,D,20220217,000000,27.15,28.2066,25.83,25.92,640679,0
SQSP.US,D,20220218,000000,25.82,28.42,25.58,28.1,1771472,0
SQSP.US,D,20220222,000000,27.44,28.05,26.12,26.69,532935,0
SQSP.US,D,20220223,000000,27.16,27.71,26.54,27.36,365239,0
SQSP.US,D,20220224,000000,26.07,28.55,26.06,28.49,285381,0
SQSP.US,D,20220225,000000,28.34,28.66,26.76,28.65,273812,0
SQSP.US,D,20220228,000000,28.45,30.56,28.37,29.61,376524,0
SQSP.US,D,20220301,000000,29.31,29.935,28.155,28.26,259854,0
SQSP.US,D,20220302,000000,28.46,28.46,26.53,27.76,212546,0
SQSP.US,D,20220303,000000,27.9,28.03,25.81,26.29,398205,0
SQSP.US,D,20220304,000000,26.08,26.405,22.45,22.76,688431,0
SQSP.US,D,20220307,000000,18.755,24.6808,18.57,23.89,2046508,0
SQSP.US,D,20220308,000000,22.24,26.7,21.715,25.67,852638,0
SQSP.US,D,20220309,000000,26.31,27.14,25.49,25.69,464377,0
SQSP.US,D,20220310,000000,24.93,26.06,24.39,25.89,341828,0
SQSP.US,D,20220311,000000,26.04,26.5,24.745,24.87,383510,0
SQSP.US,D,20220314,000000,25.76,28.46,25.16,25.75,1190345,0
SQSP.US,D,20220315,000000,25.3,27.25,25.0712,27.14,644226,0
SQSP.US,D,20220316,000000,27.19,29.53,26.77,28.96,1092079,0
SQSP.US,D,20220317,000000,28.48,30.69,28.335,29.31,852421,0
SQSP.US,D,20220318,000000,28,28.695,25.87,26.5,4069552,0
SQSP.US,D,20220321,000000,26.51,27.395,25.91,26.63,845433,0
SQSP.US,D,20220322,000000,26.69,27.38,26.45,26.62,850692,0
SQSP.US,D,20220323,000000,26.35,27.42,25.755,26.31,475197,0
SQSP.US,D,20220324,000000,26.47,26.9,25,26.44,679201,0
SQSP.US,D,20220325,000000,26.48,26.52,25.54,25.87,228167,0
SQSP.US,D,20220328,000000,25.78,26.69,24.86,25.85,244379,0
SQSP.US,D,20220329,000000,26.33,27.72,25.855,27.33,551157,0
SQSP.US,D,20220330,000000,27.2,28.11,26.81,27.18,353546,0
SQSP.US,D,20220331,000000,26.95,27.12,25.51,25.62,310339,0
SQSP.US,D,20220401,000000,25.98,27.3,25.87,26.56,339573,0
SQSP.US,D,20220404,000000,26.6,27.78,26.6,27.52,440706,0
SQSP.US,D,20220405,000000,27.27,27.27,25.99,26.54,219471,0
SQSP.US,D,20220406,000000,26.2,26.56,25.22,26.26,300119,0
SQSP.US,D,20220407,000000,26.39,26.79,25.52,26.33,325166,0
SQSP.US,D,20220408,000000,26.27,26.27,25.01,25.92,302939,0
SQSP.US,D,20220411,000000,25.67,26.64,25.22,26.46,280957,0
SQSP.US,D,20220412,000000,26.8,27.4,25.71,25.99,309001,0
SQSP.US,D,20220413,000000,25.43,25.96,24.51,25.08,372683,0
SQSP.US,D,20220414,000000,24.95,25.06,23.51,23.52,300775,0
SQSP.US,D,20220418,000000,23.35,23.35,22.14,22.58,331418,0
SQSP.US,D,20220419,000000,22.56,23.71,22.22,23.09,563336,0
SQSP.US,D,20220420,000000,22.95,23.02,21.27,21.32,387315,0
SQSP.US,D,20220421,000000,21.59,22.48,20.64,20.91,354800,0
SQSP.US,D,20220422,000000,20.94,21.91,20.51,20.87,330533,0
SQSP.US,D,20220425,000000,20.03,21.59,19.78,21.38,490273,0
SQSP.US,D,20220426,000000,21.3,21.3,20.15,20.32,438429,0
SQSP.US,D,20220427,000000,20.2,21.3,19.57,20.18,418939,0
SQSP.US,D,20220428,000000,20.86,21.405,19.96,21.19,457848,0
SQSP.US,D,20220429,000000,21.05,21.61,19.9,19.97,362061,0
SQSP.US,D,20220502,000000,19.85,21.22,19.4,21.21,358718,0
SQSP.US,D,20220503,000000,20.82,21.94,20.55,21.71,453288,0
SQSP.US,D,20220504,000000,21.73,22.17,20.435,21.89,435945,0
SQSP.US,D,20220505,000000,21.69,21.69,19.73,20,560147,0
SQSP.US,D,20220506,000000,19.83,20.015,18.51,18.85,532886,0
SQSP.US,D,20220509,000000,18.41,18.72,15.36,15.5,613066,0
SQSP.US,D,20220510,000000,15.91,16.7,14.7601,16.49,1436370,0
SQSP.US,D,20220511,000000,16.49,16.5499,14.43,14.44,1204204,0
SQSP.US,D,20220512,000000,16.42,21.55,16.42,21.44,3663642,0
SQSP.US,D,20220513,000000,22.2,23.32,20.72,22.91,1402759,0
SQSP.US,D,20220516,000000,22.98,23.46,21.2,21.33,675395,0
SQSP.US,D,20220517,000000,21.57,22.25,20.29,21.4,538782,0
SQSP.US,D,20220518,000000,20.85,21.45,19.8705,20.3,615045,0
SQSP.US,D,20220519,000000,20.08,22.01,19.96,21.18,566454,0
SQSP.US,D,20220520,000000,21.5,21.81,20.5,21.71,377423,0
SQSP.US,D,20220523,000000,21.74,21.75,20.57,20.81,526843,0
SQSP.US,D,20220524,000000,20.09,20.58,18.88,19.58,559595,0
SQSP.US,D,20220525,000000,19.57,20.54,19.38,20.26,272904,0
SQSP.US,D,20220526,000000,20.35,21.11,19.96,20.34,399308,0
SQSP.US,D,20220527,000000,20.78,21.47,20.43,20.75,405367,0
SQSP.US,D,20220531,000000,20.87,20.87,19.91,20.59,1128982,0
SQSP.US,D,20220601,000000,20.18,21.41,19.83,20.2,524814,0
SQSP.US,D,20220602,000000,20.31,21.99,20.31,21.37,516451,0
SQSP.US,D,20220603,000000,20.97,21.14,20.08,20.26,341943,0
SQSP.US,D,20220606,000000,20.86,20.86,19.95,20.23,393840,0
SQSP.US,D,20220607,000000,19.83,20.58,19.67,20.31,482941,0
SQSP.US,D,20220608,000000,20.28,21.51,20.23,21.3,420053,0
SQSP.US,D,20220609,000000,21.05,21.575,20.78,20.88,610858,0
SQSP.US,D,20220610,000000,20.31,20.77,19.87,20.52,557168,0
SQSP.US,D,20220613,000000,19.29,19.9,18.57,18.63,1219044,0
SQSP.US,D,20220614,000000,18.77,19.67,18.77,19.16,537597,0
SQSP.US,D,20220615,000000,19.09,21.21,19.09,20.88,639392,0
SQSP.US,D,20220616,000000,20.28,21.3046,19.07,19.43,734055,0
SQSP.US,D,20220617,000000,19.6,21.41,19.56,21.1,2583093,0
SQSP.US,D,20220621,000000,21.65,22.5,21.285,21.47,770112,0
SQSP.US,D,20220622,000000,21,22.24,21,21.47,567652,0
SQSP.US,D,20220623,000000,21.76,22.23,21.36,21.8,554273,0
SQSP.US,D,20220624,000000,22.21,23.115,21.48,21.57,4285109,0
SQSP.US,D,20220627,000000,21.55,22.25,20.94,22.09,782962,0
SQSP.US,D,20220628,000000,22.02,22.81,21.24,21.49,442298,0
SQSP.US,D,20220629,000000,21.21,21.53,20.87,21.16,474778,0
SQSP.US,D,20220630,000000,20.88,21.3,20.14,20.92,503333,0
SQSP.US,D,20220701,000000,21.07,22.25,20.99,21.78,443568,0
SQSP.US,D,20220705,000000,21.48,23.19,21.19,23.19,469293,0
SQSP.US,D,20220706,000000,23.06,23.9,22.99,23.2,365846,0
SQSP.US,D,20220707,000000,23.12,24.82,23.12,24.62,320054,0
SQSP.US,D,20220708,000000,24.36,25.23,24.345,24.49,330755,0
SQSP.US,D,20220711,000000,23.86,24.3,22.9,23.05,279527,0
SQSP.US,D,20220712,000000,23.37,23.73,22.3,22.82,302465,0
SQSP.US,D,20220713,000000,22.11,23.185,21.87,22.63,191905,0
SQSP.US,D,20220714,000000,21.62,21.78,20.51,20.69,307593,0
SQSP.US,D,20220715,000000,20.91,21.06,20.01,20.91,285544,0
SQSP.US,D,20220718,000000,21.19,22.15,21.09,21.32,299871,0
SQSP.US,D,20220719,000000,20.25,20.5,18.185,19.99,1330974,0
SQSP.US,D,20220720,000000,19.83,20.98,19.7,20.66,760491,0
SQSP.US,D,20220721,000000,20.39,21.01,20.26,20.38,459741,0
SQSP.US,D,20220722,000000,20.02,20.63,19.58,19.94,641447,0
SQSP.US,D,20220725,000000,18.52,20,18.31,19.32,1240737,0
SQSP.US,D,20220726,000000,19.02,19.69,18.63,19.5,486806,0
SQSP.US,D,20220727,000000,19.83,20.76,19.6,20.74,581926,0
SQSP.US,D,20220728,000000,20.85,21.15,20.04,20.98,322374,0
SQSP.US,D,20220729,000000,21.07,21.43,20.32,21.27,375332,0
SQSP.US,D,20220801,000000,20.99,21.44,20.59,21.31,295980,0
SQSP.US,D,20220802,000000,21,21.95,21,21.72,589712,0
SQSP.US,D,20220803,000000,22,23.55,21.75,23.15,1070921,0
SQSP.US,D,20220804,000000,23.31,23.86,23.01,23.24,689022,0
SQSP.US,D,20220805,000000,22.79,24.875,22.79,24.43,592725,0
SQSP.US,D,20220808,000000,24.4,24.8075,23.03,23.05,562886,0
SQSP.US,D,20220809,000000,22.11,22.64,20.97,21.41,1046368,0
SQSP.US,D,20220810,000000,22.31,22.94,21.91,22.45,643072,0
SQSP.US,D,20220811,000000,22.77,23.11,21.77,21.81,356294,0
SQSP.US,D,20220812,000000,21.8,22.11,21.47,21.78,327252,0
SQSP.US,D,20220815,000000,21.75,22.24,21.75,22.21,351918,0
SQSP.US,D,20220816,000000,22.06,22.385,21.51,22.36,383415,0
SQSP.US,D,20220817,000000,22.15,22.42,21.54,21.87,301658,0
SQSP.US,D,20220818,000000,21.97,22.15,21.31,22.07,348160,0
SQSP.US,D,20220819,000000,21.83,21.83,20.9947,21.05,387854,0
SQSP.US,D,20220822,000000,20.68,21.245,20.68,21.16,375792,0
SQSP.US,D,20220823,000000,21.28,21.47,20.99,21.1,236334,0
SQSP.US,D,20220824,000000,21.15,21.64,21.055,21.36,196067,0
SQSP.US,D,20220825,000000,21.53,21.554,21,21.29,247788,0
SQSP.US,D,20220826,000000,21.32,21.395,20.88,20.93,332591,0
SQSP.US,D,20220829,000000,20.58,21.24,20.58,20.83,301718,0
SQSP.US,D,20220830,000000,21.15,21.41,20.65,20.93,394494,0
SQSP.US,D,20220831,000000,21.02,21.41,20.99,21,477745,0
SQSP.US,D,20220901,000000,20.56,20.8,20.22,20.79,556281,0
SQSP.US,D,20220902,000000,20.84,21.35,20.77,21.14,480764,0
SQSP.US,D,20220906,000000,21.27,21.75,21.095,21.65,410362,0
SQSP.US,D,20220907,000000,21.57,22.17,21.57,22.03,1051537,0
SQSP.US,D,20220908,000000,21.66,22.89,21.66,22.58,343813,0
SQSP.US,D,20220909,000000,22.99,23.66,22.62,23.48,337484,0
SQSP.US,D,20220912,000000,23.62,24.8,23.62,23.89,890329,0
SQSP.US,D,20220913,000000,22.83,23.59,22.7767,22.81,589586,0
SQSP.US,D,20220914,000000,22.69,23.17,22.16,22.72,599717,0
SQSP.US,D,20220915,000000,22.57,23.36,22.37,22.94,617694,0
SQSP.US,D,20220916,000000,22.57,22.59,20.98,20.98,2431517,0
SQSP.US,D,20220919,000000,20.92,22.34,20.92,22.32,490832,0
SQSP.US,D,20220920,000000,22.32,22.515,21.57,21.57,303911,0
SQSP.US,D,20220921,000000,21.58,22.05,21.16,21.3,330390,0
SQSP.US,D,20220922,000000,21.28,21.525,20.92,20.93,309514,0
SQSP.US,D,20220923,000000,20.59,21.2,20.52,21.18,482062,0
SQSP.US,D,20220926,000000,21,21.75,20.85,20.98,261572,0
SQSP.US,D,20220927,000000,21.46,21.65,20.7,21.16,350454,0
SQSP.US,D,20220928,000000,21.36,22.35,21.195,22.28,244908,0
SQSP.US,D,20220929,000000,21.91,22.4,21.48,22.37,266175,0
SQSP.US,D,20220930,000000,22.28,22.61,21.305,21.36,274709,0
SQSP.US,D,20221003,000000,21.74,22,20.9,22,384714,0
SQSP.US,D,20221004,000000,22.56,23.86,22.3401,23.25,404246,0
SQSP.US,D,20221005,000000,21.93,22.205,20.68,22.01,984179,0
SQSP.US,D,20221006,000000,21.83,22.49,21.64,22.14,400149,0
SQSP.US,D,20221007,000000,21.74,21.74,21,21.19,292846,0
SQSP.US,D,20221010,000000,21.25,21.25,20.33,20.95,505078,0
SQSP.US,D,20221011,000000,20.94,21.67,20.07,21.2,337592,0
SQSP.US,D,20221012,000000,21.22,21.489,20.87,21.24,267475,0
SQSP.US,D,20221013,000000,20.62,21.34,20.01,21.09,445632,0
SQSP.US,D,20221014,000000,21.33,21.6,20.82,20.87,329574,0
SQSP.US,D,20221017,000000,21.38,21.63,21,21.38,395902,0
SQSP.US,D,20221018,000000,21.93,22.08,21.03,21.63,295574,0
SQSP.US,D,20221019,000000,21.49,21.81,20.975,21.12,228073,0
SQSP.US,D,20221020,000000,21.19,22.01,21.19,21.96,199110,0
SQSP.US,D,20221021,000000,21.97,21.97,21.12,21.57,287470,0
SQSP.US,D,20221024,000000,21.5,21.63,20.6,21.57,199625,0
SQSP.US,D,20221025,000000,21.75,22.74,21.562,22.5,379183,0
SQSP.US,D,20221026,000000,22.43,22.835,21.25,22.22,800938,0
SQSP.US,D,20221027,000000,22.52,22.84,21.99,22.15,434197,0
SQSP.US,D,20221028,000000,21.84,22.49,21.57,22.36,360563,0
SQSP.US,D,20221031,000000,22.31,22.36,21.72,22.21,352598,0
SQSP.US,D,20221101,000000,22.59,22.6,21.52,21.54,263991,0
SQSP.US,D,20221102,000000,21.35,21.69,20.9,20.92,343650,0
SQSP.US,D,20221103,000000,20.45,21.3,20.41,20.79,362301,0
SQSP.US,D,20221104,000000,20.88,20.9886,19.23,19.69,710526,0
SQSP.US,D,20221107,000000,19.9,20,19.0601,19.67,928503,0
SQSP.US,D,20221108,000000,17.6,19.9,16.86,19.55,1370514,0
SQSP.US,D,20221109,000000,19.78,21.25,19.45,20.29,783485,0
SQSP.US,D,20221110,000000,21.42,21.89,21.28,21.87,666287,0
SQSP.US,D,20221111,000000,20.45,20.74,19.8,20.49,1026520,0
SQSP.US,D,20221114,000000,20.49,20.77,19.81,20.64,639888,0
SQSP.US,D,20221115,000000,20.88,21.38,20.435,21.24,853610,0
SQSP.US,D,20221116,000000,21,21.17,20.43,20.81,361955,0
SQSP.US,D,20221117,000000,20.55,20.97,20.34,20.52,330439,0
SQSP.US,D,20221118,000000,20.94,20.94,19.8,20.13,275457,0
SQSP.US,D,20221121,000000,21.09,21.42,20.61,20.83,487612,0
SQSP.US,D,20221122,000000,20.78,20.81,20.02,20.09,280106,0
SQSP.US,D,20221123,000000,20.08,20.695,19.9,20.63,454493,0
SQSP.US,D,20221125,000000,20.46,20.91,20.393,20.61,81556,0
SQSP.US,D,20221128,000000,20.58,20.705,20.07,20.16,320309,0
SQSP.US,D,20221129,000000,20.2,20.76,19.99,20.05,215805,0
SQSP.US,D,20221130,000000,20.09,20.56,20.08,20.49,449131,0
SQSP.US,D,20221201,000000,20.64,21.175,20.64,20.73,561349,0
SQSP.US,D,20221202,000000,20.47,21.61,20.47,21.5,670262,0
SQSP.US,D,20221205,000000,21.46,21.46,20.69,20.93,228000,0
SQSP.US,D,20221206,000000,20.92,20.92,19.87,20.09,384784,0
SQSP.US,D,20221207,000000,19.89,20.04,19.58,19.75,326659,0
SQSP.US,D,20221208,000000,19.77,20.39,19.63,20.07,459597,0
SQSP.US,D,20221209,000000,19.93,20.34,19.865,20.13,158183,0
SQSP.US,D,20221212,000000,20.12,20.67,19.92,20.36,424963,0
SQSP.US,D,20221213,000000,20.83,21.1,20,20.36,403747,0
SQSP.US,D,20221214,000000,20.42,21.08,20.21,20.73,768920,0
SQSP.US,D,20221215,000000,20.54,21.04,20.5179,20.9,643589,0
SQSP.US,D,20221216,000000,20.8,21.5,20.1,21.09,2586438,0
SQSP.US,D,20221219,000000,21.18,21.18,20.17,20.34,646959,0
SQSP.US,D,20221220,000000,20.29,21.165,20.18,20.84,550832,0
SQSP.US,D,20221221,000000,20.77,21.98,20.61,21.73,480238,0
SQSP.US,D,20221222,000000,21.55,22.1467,21.42,22.07,413450,0
SQSP.US,D,20221223,000000,22.06,22.12,21.4216,21.55,309145,0
SQSP.US,D,20221227,000000,21.41,21.43,20.93,20.94,243391,0
SQSP.US,D,20221228,000000,20.85,21.16,20.66,20.68,357511,0
SQSP.US,D,20221229,000000,20.72,21.99,20.72,21.87,312358,0
SQSP.US,D,20221230,000000,21.51,22.215,21.51,22.17,324026,0
SQSP.US,D,20230103,000000,22.31,22.88,22.18,22.78,404205,0
SQSP.US,D,20230104,000000,22.25,22.25,20.71,21.48,1112132,0
SQSP.US,D,20230105,000000,21.01,21.64,20.85,21.04,774811,0
SQSP.US,D,20230106,000000,21.24,21.64,20.82,21.4,442501,0
SQSP.US,D,20230109,000000,21.37,22.1,21.365,22,811139,0
SQSP.US,D,20230110,000000,21.98,22.37,21.84,22.04,470594,0
SQSP.US,D,20230111,000000,22.27,22.27,21.76,22.14,386976,0
SQSP.US,D,20230112,000000,22.16,22.17,21.66,22.06,436726,0
SQSP.US,D,20230113,000000,21.94,22.29,21.77,22.26,426071,0
SQSP.US,D,20230117,000000,22.13,22.46,21.63,21.79,539811,0
SQSP.US,D,20230118,000000,22.01,22.52,21.89,22.36,750774,0
SQSP.US,D,20230119,000000,22.44,23.02,22.415,22.93,629071,0
SQSP.US,D,20230120,000000,21.43,21.5998,20.51,21.11,1742037,0
SQSP.US,D,20230123,000000,21.12,22.51,21.12,22.46,796248,0
SQSP.US,D,20230124,000000,22.45,22.535,22.075,22.26,399884,0
SQSP.US,D,20230125,000000,22.05,23.03,21.735,22.87,745850,0
SQSP.US,D,20230126,000000,23.13,23.26,22.56,23.1,483851,0
SQSP.US,D,20230127,000000,23.16,23.61,22.98,23.37,740789,0
SQSP.US,D,20230130,000000,23.19,23.54,22.91,23.46,321768,0
SQSP.US,D,20230131,000000,23.61,23.77,23.24,23.72,633154,0
SQSP.US,D,20230201,000000,23.77,24.03,23.4,23.92,583730,0
SQSP.US,D,20230202,000000,24.14,25.28,23.92,25.24,711075,0
SQSP.US,D,20230203,000000,24.63,25.07,24.11,24.5,515900,0
SQSP.US,D,20230206,000000,24.4,24.53,24.03,24.3,228648,0
SQSP.US,D,20230207,000000,23.08,23.13,22.06,22.9,1416649,0
SQSP.US,D,20230208,000000,23.06,23.19,22.81,23.05,627063,0
SQSP.US,D,20230209,000000,22.89,23.23,22.53,22.69,442614,0
SQSP.US,D,20230210,000000,22.67,22.98,22.34,22.89,433110,0
SQSP.US,D,20230213,000000,23.01,23.658,22.88,23.41,420421,0
SQSP.US,D,20230214,000000,23.33,23.55,22.885,23.33,362953,0
SQSP.US,D,20230215,000000,23.27,23.76,23.09,23.73,619921,0
SQSP.US,D,20230216,000000,23.4,24.05,23.18,23.25,590415,0
SQSP.US,D,20230217,000000,23.12,23.33,22.65,23.22,554890,0
SQSP.US,D,20230221,000000,22.96,23.51,22.67,23.3,463381,0
SQSP.US,D,20230222,000000,24.05,24.47,23.81,23.96,651880,0
SQSP.US,D,20230223,000000,24.07,24.1,23.63,24.07,357770,0
SQSP.US,D,20230224,000000,23.68,23.82,22.945,23.06,568188,0
SQSP.US,D,20230227,000000,23.26,23.56,23.11,23.25,283303,0
SQSP.US,D,20230228,000000,23.1,23.56,23.1,23.41,337332,0
SQSP.US,D,20230301,000000,23.19,23.43,23.085,23.18,281779,0
SQSP.US,D,20230302,000000,22.93,23.435,22.73,23.41,362301,0
SQSP.US,D,20230303,000000,23.41,24.005,23.31,23.9,344497,0
SQSP.US,D,20230306,000000,24.3,24.96,23.99,24.04,1177485,0
SQSP.US,D,20230307,000000,26.13,27.95,25.5,27.54,3735483,0
SQSP.US,D,20230308,000000,26.98,27.83,26.41,27.25,1515263,0
SQSP.US,D,20230309,000000,27.41,27.455,26.2,26.8,1085101,0
SQSP.US,D,20230310,000000,26.72,27.051,25.7801,26.33,903284,0
SQSP.US,D,20230313,000000,25.99,26.72,25.78,26.45,758019,0
SQSP.US,D,20230314,000000,26.94,27.19,26.45,26.99,1670491,0
SQSP.US,D,20230315,000000,26.88,27.17,26.45,27.12,996609,0
SQSP.US,D,20230316,000000,27.19,27.71,26.97,27.52,1021142,0
SQSP.US,D,20230317,000000,27.3,28.14,26.855,27.92,1505834,0
SQSP.US,D,20230320,000000,27.71,28.16,27.22,28.01,620332,0
SQSP.US,D,20230321,000000,28.35,28.9,28.2,28.63,1017451,0
SQSP.US,D,20230322,000000,28.6,29.5,28.37,29.08,688871,0
SQSP.US,D,20230323,000000,29.46,30.26,29.28,30.03,805446,0
SQSP.US,D,20230324,000000,30.22,30.3699,29.71,30.02,829141,0
SQSP.US,D,20230327,000000,30.05,30.76,29.99,30.55,548111,0
SQSP.US,D,20230328,000000,30.48,30.735,30.13,30.65,484975,0
SQSP.US,D,20230329,000000,30.88,31.16,30.65,30.82,513641,0
SQSP.US,D,20230330,000000,31.04,31.36,30.89,31.18,348813,0
SQSP.US,D,20230331,000000,31.35,31.77,31.25,31.77,798430,0
SQSP.US,D,20230403,000000,31.56,31.98,31.345,31.78,458080,0
SQSP.US,D,20230404,000000,31.78,33.05,31.66,32.74,914558,0
SQSP.US,D,20230405,000000,32.64,32.8099,31.88,32.08,762127,0
SQSP.US,D,20230406,000000,31.99,32.68,31.6516,32.42,462210,0
SQSP.US,D,20230410,000000,31.96,32.75,31.73,32.56,664474,0
SQSP.US,D,20230411,000000,32.47,32.7,31.8,32.16,770725,0
SQSP.US,D,20230412,000000,32.69,33.31,32.2,32.52,597072,0
SQSP.US,D,20230413,000000,32.72,33.41,32.64,32.64,546698,0
SQSP.US,D,20230414,000000,32.39,33.08,31.86,32.38,524674,0
SQSP.US,D,20230417,000000,32.15,32.575,32.13,32.29,442231,0
SQSP.US,D,20230418,000000,32.35,32.76,32.2,32.3,462703,0
SQSP.US,D,20230419,000000,32.01,32.43,31.58,31.59,449134,0
SQSP.US,D,20230420,000000,31.4,31.755,31.02,31.39,495689,0
SQSP.US,D,20230421,000000,31.35,31.82,31.27,31.65,365028,0
SQSP.US,D,20230424,000000,31.36,31.8,30.65,30.71,612241,0
SQSP.US,D,20230425,000000,33.15,33.2,31.26,31.45,846796,0
SQSP.US,D,20230426,000000,32.19,32.748,31.19,31.3,687384,0
SQSP.US,D,20230427,000000,31.55,31.62,30.68,31.5,458984,0
SQSP.US,D,20230428,000000,30.9,31.49,30.64,31.1,632065,0
SQSP.US,D,20230501,000000,30.97,31.88,30.97,31.84,558202,0
SQSP.US,D,20230502,000000,31.78,31.9,30.96,31.13,1060060,0
SQSP.US,D,20230503,000000,30.51,30.59,26.13,26.39,2183405,0
SQSP.US,D,20230504,000000,26.53,27,25.93,26.22,1223665,0
SQSP.US,D,20230505,000000,26.26,27.615,25.595,27.48,1143853,0
SQSP.US,D,20230508,000000,27.55,28.04,27.3514,27.66,1066242,0
SQSP.US,D,20230509,000000,29.18,29.7,27.1,27.65,1142339,0
SQSP.US,D,20230510,000000,28.09,29.38,28.015,28.84,623100,0
SQSP.US,D,20230511,000000,28.74,28.83,27.91,28.08,950242,0
SQSP.US,D,20230512,000000,27.84,28.46,27.48,28.09,578428,0
SQSP.US,D,20230515,000000,28,28.84,27.82,28.24,767766,0
SQSP.US,D,20230516,000000,28.1,29.15,27.63,28.26,730042,0
SQSP.US,D,20230517,000000,28.59,28.99,27.34,28.28,632363,0
SQSP.US,D,20230518,000000,28.28,29.49,28.1979,29.47,602634,0
SQSP.US,D,20230519,000000,29.47,29.63,29.11,29.6,542977,0
SQSP.US,D,20230522,000000,29.46,30.18,29.3655,29.61,419289,0
SQSP.US,D,20230523,000000,29.41,30.29,29.32,29.8,550527,0
SQSP.US,D,20230524,000000,29.6,30.14,29.425,29.64,429136,0
SQSP.US,D,20230525,000000,29.81,29.88,29.17,29.25,524293,0
SQSP.US,D,20230526,000000,29.13,29.97,29.005,29.12,470846,0
SQSP.US,D,20230530,000000,29.08,29.42,28.45,28.68,426703,0
SQSP.US,D,20230531,000000,28.66,29.45,28.54,29.39,1259920,0
SQSP.US,D,20230601,000000,29.1,29.7,28.45,29.45,556938,0
SQSP.US,D,20230602,000000,29.72,30.16,29.47,29.97,498583,0
SQSP.US,D,20230605,000000,29.8,30.015,29.29,29.72,455059,0
SQSP.US,D,20230606,000000,29.65,30.97,29.53,30.81,793779,0
SQSP.US,D,20230607,000000,30.85,31.39,29.69,29.79,543731,0
SQSP.US,D,20230608,000000,29.74,30.37,29.63,29.93,448697,0
SQSP.US,D,20230609,000000,29.73,30.4,29.475,29.64,445023,0
SQSP.US,D,20230612,000000,29.92,30.75,29.73,30.75,497467,0
SQSP.US,D,20230613,000000,31,31.75,30.78,31.14,999516,0
SQSP.US,D,20230614,000000,30.84,31.01,30.23,30.65,526360,0
SQSP.US,D,20230615,000000,30.44,31.52,29.78,31.39,754245,0
SQSP.US,D,20230616,000000,33.745,34.38,32.446,32.76,2022290,0
SQSP.US,D,20230620,000000,32.76,33.08,31.24,31.25,903538,0
SQSP.US,D,20230621,000000,31.17,31.44,30.25,30.45,624341,0
SQSP.US,D,20230622,000000,30.24,30.36,29.53,29.71,533424,0
SQSP.US,D,20230623,000000,29.3,29.73,28.69,28.9,3112577,0
SQSP.US,D,20230626,000000,28.62,28.7,27.26,27.43,931658,0
SQSP.US,D,20230627,000000,27.66,28.2,27.51,27.75,877826,0
SQSP.US,D,20230628,000000,28.77,30.22,28.595,29.91,1038176,0
SQSP.US,D,20230629,000000,29.78,30.755,29.75,30.69,675374,0
SQSP.US,D,20230630,000000,30.99,31.6,30.95,31.54,875664,0
SQSP.US,D,20230703,000000,31.95,32.46,31.645,32,437401,0
SQSP.US,D,20230705,000000,31.81,31.97,31.12,31.46,543318,0
SQSP.US,D,20230706,000000,31.29,31.29,30.295,31.01,676296,0
SQSP.US,D,20230707,000000,31.09,31.59,30.83,31.08,662198,0
SQSP.US,D,20230710,000000,30.86,31.565,30.8301,31.34,390092,0
SQSP.US,D,20230711,000000,31.03,31.99,31.03,31.82,349198,0
SQSP.US,D,20230712,000000,31.74,31.84,31.04,31.8,525814,0
SQSP.US,D,20230713,000000,31.88,32.665,31.88,32.32,410798,0
SQSP.US,D,20230714,000000,32.15,32.775,32.01,32.19,373737,0
SQSP.US,D,20230717,000000,32.17,33.185,31.73,33.12,438464,0
SQSP.US,D,20230718,000000,32.96,33.61,32.6,33.36,394803,0
SQSP.US,D,20230719,000000,33.37,33.71,30.62,31.35,1241101,0
SQSP.US,D,20230720,000000,31.21,31.55,30.46,30.7,452800,0
SQSP.US,D,20230721,000000,30.97,31.31,29.995,30.19,421640,0
SQSP.US,D,20230724,000000,30.25,30.63,29.38,29.5,370599,0
SQSP.US,D,20230725,000000,29.89,30.865,29.89,30.69,353335,0
SQSP.US,D,20230726,000000,30.52,31.42,30.495,31.3,359536,0
SQSP.US,D,20230727,000000,32.17,32.73,31.28,31.52,545520,0
SQSP.US,D,20230728,000000,31.86,32.48,31.86,32.18,335859,0
SQSP.US,D,20230731,000000,32.31,33.21,32.31,33.14,365367,0
SQSP.US,D,20230801,000000,32.79,33.192,32.63,32.88,636860,0
SQSP.US,D,20230802,000000,32.49,32.74,31.68,32.3,523653,0
SQSP.US,D,20230803,000000,32.82,33.56,32.42,32.9,494400,0
SQSP.US,D,20230804,000000,32.84,32.93,31.88,31.95,501337,0
SQSP.US,D,20230807,000000,31.91,32.26,31.37,32.06,717173,0
SQSP.US,D,20230808,000000,33,33.6896,30.13,30.72,854707,0
SQSP.US,D,20230809,000000,31.59,31.59,30.1,31.08,525838,0
SQSP.US,D,20230810,000000,31.83,32.11,31.08,31.5,461605,0
SQSP.US,D,20230811,000000,31.55,31.93,31.17,31.52,367005,0
SQSP.US,D,20230814,000000,31.24,31.42,30.78,31,408286,0
SQSP.US,D,20230815,000000,30.67,31.14,30.245,30.27,411707,0
SQSP.US,D,20230816,000000,30.34,30.66,30.01,30.31,337086,0
SQSP.US,D,20230817,000000,30.34,30.64,30.01,30.25,415342,0
SQSP.US,D,20230818,000000,29.98,30.34,29.88,30.23,643700,0
SQSP.US,D,20230821,000000,30.23,30.51,29.95,30.38,342263,0
SQSP.US,D,20230822,000000,30.63,31.14,30.075,30.28,433600,0
SQSP.US,D,20230823,000000,30.26,30.58,29.94,29.94,350350,0
SQSP.US,D,20230824,000000,30.01,30.075,29.03,29.25,635862,0
SQSP.US,D,20230825,000000,29.04,29.42,28.63,29.16,679598,0
SQSP.US,D,20230828,000000,29.07,29.47,28.8,29.31,484029,0
SQSP.US,D,20230829,000000,29.16,30.07,29.16,30.07,545431,0
SQSP.US,D,20230830,000000,29.88,30.47,29.78,30.2,571062,0
SQSP.US,D,20230831,000000,30.2,30.6,29.68,30.15,786077,0
SQSP.US,D,20230901,000000,30.46,30.83,29.88,30.15,546773,0
SQSP.US,D,20230905,000000,29.96,30.735,29.632,30.56,441059,0
SQSP.US,D,20230906,000000,30.46,31.6,30.38,31.53,481960,0
SQSP.US,D,20230907,000000,31.24,32.67,30.66,32.4,588205,0
SQSP.US,D,20230908,000000,32.54,32.83,31.47,31.52,389186,0
SQSP.US,D,20230911,000000,31.69,31.72,31.18,31.28,547236,0
SQSP.US,D,20230912,000000,30.59,31.035,29.94,29.98,339070,0
SQSP.US,D,20230913,000000,29.62,30.46,29.1,29.43,2984694,0
SQSP.US,D,20230914,000000,29.46,29.9,29.1666,29.49,869975,0
SQSP.US,D,20230915,000000,29.36,29.76,29.06,29.71,1140421,0
SQSP.US,D,20230918,000000,29.59,29.66,28.802,29.13,416069,0
SQSP.US,D,20230919,000000,29.02,29.25,28.84,29.18,486568,0
SQSP.US,D,20230920,000000,29.03,29.2,28.46,28.47,410276,0
SQSP.US,D,20230921,000000,28.18,28.19,27.49,27.5,619444,0
SQSP.US,D,20230922,000000,28.47,29.04,28.22,28.66,1024808,0
SQSP.US,D,20230925,000000,28.51,29.22,28.51,28.9,348463,0
SQSP.US,D,20230926,000000,28.83,29.22,28.06,28.2,447312,0
SQSP.US,D,20230927,000000,28.42,29.1999,28.42,28.9,439514,0
SQSP.US,D,20230928,000000,28.9,29.44,28.74,29.09,357111,0
SQSP.US,D,20230929,000000,29.38,29.57,28.79,28.97,508515,0
SQSP.US,D,20231002,000000,28.87,29.24,28.71,29.04,520777,0
SQSP.US,D,20231003,000000,28.89,29.24,28.33,28.47,312364,0
SQSP.US,D,20231004,000000,28.42,28.79,28.26,28.63,311589,0
SQSP.US,D,20231005,000000,28.54,29.03,28.39,28.94,409820,0
SQSP.US,D,20231006,000000,28.73,30.05,28.73,29.87,474874,0
SQSP.US,D,20231009,000000,29.45,29.86,29.22,29.75,387004,0
SQSP.US,D,20231010,000000,29.87,30.84,29.84,30.41,478577,0
SQSP.US,D,20231011,000000,30.5,30.85,30.34,30.56,490908,0
SQSP.US,D,20231012,000000,30.57,30.575,29.345,29.77,613209,0
SQSP.US,D,20231013,000000,29.8,29.86,29.12,29.45,344643,0
SQSP.US,D,20231016,000000,29.51,30.11,29.37,29.97,364837,0
SQSP.US,D,20231017,000000,29.82,30.53,29.82,29.94,349354,0
SQSP.US,D,20231018,000000,29.74,30.17,29.56,29.93,323063,0
SQSP.US,D,20231019,000000,29.9,30.36,29.63,29.81,402122,0
SQSP.US,D,20231020,000000,30.04,30.37,29.34,29.36,405034,0
SQSP.US,D,20231023,000000,29.15,29.69,28.76,29.17,343732,0
SQSP.US,D,20231024,000000,29.62,30.23,29.4,29.73,467413,0
SQSP.US,D,20231025,000000,29.3,29.515,28.56,28.68,492975,0
SQSP.US,D,20231026,000000,28.71,28.73,27.73,28.2,639273,0
SQSP.US,D,20231027,000000,28.33,28.33,27.545,27.86,493027,0
SQSP.US,D,20231030,000000,28.22,28.64,27.85,28.45,543092,0
SQSP.US,D,20231031,000000,28.58,28.77,27.97,28.41,389685,0
SQSP.US,D,20231101,000000,28.39,28.99,26.7,27.41,794994,0
SQSP.US,D,20231102,000000,28.11,29.205,28.11,28.83,550485,0
SQSP.US,D,20231103,000000,29.45,30.11,28.89,29.9,832640,0
SQSP.US,D,20231106,000000,30,30.39,29.67,30.08,638234,0
SQSP.US,D,20231107,000000,29.25,30.37,27.72,29.65,1192583,0
SQSP.US,D,20231108,000000,29.67,29.87,28.915,29.16,586143,0
SQSP.US,D,20231109,000000,29.26,29.89,28.23,28.4,613965,0
SQSP.US,D,20231110,000000,28.46,29.13,28.34,29.1,522951,0
SQSP.US,D,20231113,000000,28.83,29.26,28.34,28.74,551494,0
SQSP.US,D,20231114,000000,29.75,30.49,29.29,30.29,626961,0
SQSP.US,D,20231115,000000,30.27,31.2,30.21,30.44,569992,0
SQSP.US,D,20231116,000000,28.07,29.2,27.5,28.71,2711045,0
SQSP.US,D,20231117,000000,28.7,29.37,28.45,29,1368766,0
SQSP.US,D,20231120,000000,29.14,29.55,28.99,29.2,869240,0
SQSP.US,D,20231121,000000,28.85,28.945,28.12,28.31,723976,0
SQSP.US,D,20231122,000000,28.5,29.09,28.21,28.37,760625,0
SQSP.US,D,20231124,000000,28.29,28.5,28.09,28.22,270511,0
SQSP.US,D,20231127,000000,28.08,28.49,27.83,27.89,771939,0
SQSP.US,D,20231128,000000,27.73,28.255,27.68,28,600322,0
SQSP.US,D,20231129,000000,28.37,28.575,27.97,28.1,520025,0
SQSP.US,D,20231130,000000,28.05,28.165,27.63,28.03,589349,0
SQSP.US,D,20231201,000000,27.95,28.9,27.81,28.87,712289,0
SQSP.US,D,20231204,000000,28.66,28.86,28.365,28.51,576749,0
SQSP.US,D,20231205,000000,28.29,28.54,28.08,28.25,600355,0
SQSP.US,D,20231206,000000,28.44,28.785,28.14,28.21,726323,0
SQSP.US,D,20231207,000000,28,28.2399,27.57,27.77,516679,0
SQSP.US,D,20231208,000000,27.66,27.86,27.29,27.78,561251,0
SQSP.US,D,20231211,000000,27.5,28.01,27.31,27.95,648346,0
SQSP.US,D,20231212,000000,27.83,27.9,27.5,27.6,600898,0
SQSP.US,D,20231213,000000,27.56,28.72,27.43,28.57,653264,0
SQSP.US,D,20231214,000000,28.93,29,28.35,28.83,765481,0
SQSP.US,D,20231215,000000,28.88,28.88,28.27,28.68,1825109,0
SQSP.US,D,20231218,000000,28.68,29.44,28.59,29.34,744950,0
SQSP.US,D,20231219,000000,29.68,30,28.98,29.19,739286,0
SQSP.US,D,20231220,000000,29.1,30.09,28.96,29.56,907245,0
SQSP.US,D,20231221,000000,29.88,30.67,29.52,30.59,1206446,0
SQSP.US,D,20231222,000000,30.8,32.21,30.64,32.19,1348459,0
SQSP.US,D,20231226,000000,32.41,32.57,31.98,32.37,545303,0
SQSP.US,D,20231227,000000,32.37,33.43,32.29,33.3,543024,0
SQSP.US,D,20231228,000000,33.43,33.59,33.04,33.15,400942,0
SQSP.US,D,20231229,000000,33.15,33.46,32.99,33.01,468928,0
SQSP.US,D,20240102,000000,32.41,32.41,31.375,31.79,791959,0
SQSP.US,D,20240103,000000,31.47,31.64,31.09,31.28,642115,0
SQSP.US,D,20240104,000000,31.3,31.3,30.37,30.8,617882,0
SQSP.US,D,20240105,000000,30.68,31.3,30.68,30.88,656946,0
SQSP.US,D,20240108,000000,31.03,31.79,31.03,31.34,664005,0
SQSP.US,D,20240109,000000,30.9,31.24,30.84,31,569889,0
SQSP.US,D,20240110,000000,31.01,31.6,30.722,31.54,599262,0
SQSP.US,D,20240111,000000,31.62,32,30.9875,31.91,567318,0
SQSP.US,D,20240112,000000,32.34,32.49,31.75,31.87,496492,0
SQSP.US,D,20240116,000000,31.4,31.92,31.0919,31.88,475887,0
SQSP.US,D,20240117,000000,31.4,31.425,30.84,31,1163827,0
SQSP.US,D,20240118,000000,31.2,31.39,30.86,31.28,378167,0
SQSP.US,D,20240119,000000,31.47,31.69,30.91,31.68,406361,0
SQSP.US,D,20240122,000000,32,32.741,31.855,32.37,545072,0
SQSP.US,D,20240123,000000,32.72,32.89,32.32,32.53,406601,0
SQSP.US,D,20240124,000000,33.555,34.06,33.05,33.13,535055,0
SQSP.US,D,20240125,000000,33.45,33.595,32.89,33.05,1307732,0
SQSP.US,D,20240126,000000,33.26,33.26,32.51,32.57,595933,0
SQSP.US,D,20240129,000000,32.58,32.75,32.2,32.49,425439,0
SQSP.US,D,20240130,000000,32.32,32.49,31.985,32.3,479087,0
SQSP.US,D,20240131,000000,31.99,32.02,30.92,31,427439,0
SQSP.US,D,20240201,000000,31.14,31.54,30.9,31.2,301341,0
SQSP.US,D,20240202,000000,31.11,31.74,30.95,31.4,454190,0
SQSP.US,D,20240205,000000,30.98,31.125,30.26,30.73,1466468,0
SQSP.US,D,20240206,000000,30.75,31.27,30.56,31.23,557471,0
SQSP.US,D,20240207,000000,31.37,32.15,31.05,31.97,352309,0
SQSP.US,D,20240208,000000,31.95,32.67,31.65,31.71,387361,0
SQSP.US,D,20240209,000000,31.96,32.7,31.81,32.5,445728,0
SQSP.US,D,20240212,000000,32.51,33.4023,32.37,32.67,1876828,0
SQSP.US,D,20240213,000000,31.37,32.19,31.08,31.61,613372,0
SQSP.US,D,20240214,000000,32.11,32.935,31.95,32.82,519740,0
SQSP.US,D,20240215,000000,33.18,33.2,32.29,32.96,848708,0
SQSP.US,D,20240216,000000,32.74,32.74,31.5,31.6,568098,0
SQSP.US,D,20240220,000000,31.24,31.59,30.75,31.25,510306,0
SQSP.US,D,20240221,000000,30.76,31.06,30.26,30.94,753799,0
SQSP.US,D,20240222,000000,31.54,32.25,31.27,32.18,853947,0
SQSP.US,D,20240223,000000,32.25,32.41,31.69,32.22,452617,0
SQSP.US,D,20240226,000000,32.12,33.94,32.12,33.47,665647,0
SQSP.US,D,20240227,000000,33.6,34.47,33.29,33.73,1741593,0
SQSP.US,D,20240228,000000,34.62,34.62,32.17,33.4,1535268,0
SQSP.US,D,20240229,000000,33.66,33.77,32.335,33.28,1146510,0
SQSP.US,D,20240301,000000,33.38,33.38,31.44,32.36,1387468,0
SQSP.US,D,20240304,000000,32.72,33.2299,32.09,32.68,971489,0
SQSP.US,D,20240305,000000,32.08,32.89,31.52,31.96,1348849,0
SQSP.US,D,20240306,000000,32.34,32.34,31.205,31.46,807817,0
SQSP.US,D,20240307,000000,31.52,32.29,31.4,32.19,770766,0
SQSP.US,D,20240308,000000,32.2,32.68,31.44,31.49,605159,0
SQSP.US,D,20240311,000000,31.23,31.92,31.22,31.7,617171,0
SQSP.US,D,20240312,000000,31.77,32.34,31.48,32.05,1017918,0
SQSP.US,D,20240313,000000,31.73,32.44,31.63,32.29,661261,0
SQSP.US,D,20240314,000000,32.23,32.355,31.62,32.03,977695,0
SQSP.US,D,20240315,000000,31.89,32.495,31.65,32.38,2021425,0
SQSP.US,D,20240318,000000,33.02,34.83,32.38,34.47,1351635,0
SQSP.US,D,20240319,000000,34.34,34.69,33.79,34.54,826498,0
SQSP.US,D,20240320,000000,34.61,34.81,33.98,34.25,696763,0
SQSP.US,D,20240321,000000,34.4,35.51,34.33,35.16,582952,0
SQSP.US,D,20240322,000000,35.07,35.65,34.56,34.98,412279,0
SQSP.US,D,20240325,000000,34.98,36.28,34.96,36.18,782645,0
SQSP.US,D,20240326,000000,36.34,36.3526,35.635,36.01,564690,0
SQSP.US,D,20240327,000000,36.42,36.94,36.16,36.56,580051,0
SQSP.US,D,20240328,000000,36.61,36.7603,35.44,36.44,717382,0
SQSP.US,D,20240401,000000,36.37,36.86,36.26,36.58,434491,0
SQSP.US,D,20240402,000000,36.12,36.48,35.86,36.22,597922,0
SQSP.US,D,20240403,000000,36.01,36.82,35.91,36.63,438564,0
SQSP.US,D,20240404,000000,36.91,37.59,36.31,36.39,610755,0
SQSP.US,D,20240405,000000,36.32,36.98,36.11,36.96,368918,0
SQSP.US,D,20240408,000000,37.15,37.52,37.0001,37.31,437849,0
SQSP.US,D,20240409,000000,37.35,37.46,36.72,37.19,447566,0
SQSP.US,D,20240410,000000,36.91,37.38,36.7,37.36,458396,0
SQSP.US,D,20240411,000000,37.51,37.89,37.07,37.79,651990,0
SQSP.US,D,20240412,000000,37.1,37.45,36.45,36.59,501128,0
SQSP.US,D,20240415,000000,36.92,36.92,35.13,35.22,601239,0
SQSP.US,D,20240416,000000,35.22,35.79,35.06,35.3,457642,0
SQSP.US,D,20240417,000000,35.49,35.95,34.73,34.82,607305,0
SQSP.US,D,20240418,000000,34.76,35.24,34.43,34.74,650951,0
SQSP.US,D,20240419,000000,34.7,35.42,34.3409,34.47,634656,0
SQSP.US,D,20240422,000000,34.85,35.68,34.5,35.39,468584,0
SQSP.US,D,20240423,000000,35.66,36.33,35.46,36.31,550509,0
SQSP.US,D,20240424,000000,36.4,36.65,35.54,35.69,611411,0
SQSP.US,D,20240425,000000,35.11,35.54,34.64,35.39,465948,0
SQSP.US,D,20240426,000000,35.7,35.87,35.37,35.53,443966,0
SQSP.US,D,20240429,000000,35.83,36.04,35.43,35.56,429558,0
SQSP.US,D,20240430,000000,35.39,35.82,34.82,34.86,565307,0
SQSP.US,D,20240501,000000,34.88,35.18,34.19,34.2,858594,0
SQSP.US,D,20240502,000000,34.74,35.09,33.84,34.36,801134,0
SQSP.US,D,20240503,000000,34.87,35.54,34.57,35.24,640396,0
SQSP.US,D,20240506,000000,35.23,35.92,35.15,35.44,840605,0
SQSP.US,D,20240507,000000,37.22,37.91,35.4,36.88,1434770,0
SQSP.US,D,20240508,000000,36.78,37.81,36.52,37.8,819131,0
SQSP.US,D,20240509,000000,37.76,38.1,36.39,36.82,872332,0
SQSP.US,D,20240510,000000,38,38.3,37.02,38.19,1505334,0
SQSP.US,D,20240513,000000,43.16,43.36,43.11,43.25,13112237,0
SQSP.US,D,20240514,000000,43.26,43.35,43.17,43.19,5245288,0
SQSP.US,D,20240515,000000,43.23,43.25,43.1,43.15,4060783,0
SQSP.US,D,20240516,000000,43.2,43.305,43.15,43.25,3407579,0
SQSP.US,D,20240517,000000,43.28,43.85,43.27,43.81,1917408,0
SQSP.US,D,20240520,000000,43.71,44.29,43.67,44.14,1994418,0
SQSP.US,D,20240521,000000,44.14,44.15,43.91,43.98,950675,0
SQSP.US,D,20240522,000000,43.7,43.83,43.53,43.6,1621990,0
SQSP.US,D,20240523,000000,43.6,43.69,43.42,43.42,1348767,0
SQSP.US,D,20240524,000000,43.54,43.745,43.48,43.53,680346,0
SQSP.US,D,20240528,000000,43.5,43.61,43.48,43.56,611773,0
SQSP.US,D,20240529,000000,43.5,43.63,43.5,43.59,555062,0
SQSP.US,D,20240530,000000,43.56,43.8,43.55,43.79,541342,0
SQSP.US,D,20240531,000000,43.67,44,43.67,44,859979,0
SQSP.US,D,20240603,000000,43.95,44.1,43.63,43.75,1122521,0
SQSP.US,D,20240604,000000,43.7,43.74,43.57,43.61,552657,0
SQSP.US,D,20240605,000000,43.79,43.89,43.66,43.87,433670,0
SQSP.US,D,20240606,000000,43.82,43.97,43.75,43.89,449459,0
SQSP.US,D,20240607,000000,43.84,44,43.79,44,587231,0
SQSP.US,D,20240610,000000,43.83,43.91,43.79,43.87,257441,0
SQSP.US,D,20240611,000000,43.8,43.82,43.685,43.71,796126,0
SQSP.US,D,20240612,000000,43.82,43.89,43.74,43.77,554652,0
SQSP.US,D,20240613,000000,43.78,43.79,43.61,43.71,457320,0
SQSP.US,D,20240614,000000,43.56,43.77,43.56,43.7,459850,0
SQSP.US,D,20240617,000000,43.65,43.7,43.61,43.68,689104,0
SQSP.US,D,20240618,000000,43.68,43.69,43.54,43.55,628173,0
SQSP.US,D,20240620,000000,43.55,43.67,43.19,43.66,599634,0
SQSP.US,D,20240621,000000,43.75,43.8,43.59,43.72,1417591,0
SQSP.US,D,20240624,000000,43.65,43.72,43.59,43.59,284911,0
SQSP.US,D,20240625,000000,43.67,43.67,43.55,43.57,301457,0
SQSP.US,D,20240626,000000,43.56,43.59,43.5,43.54,1188609,0
SQSP.US,D,20240627,000000,43.7,43.7,43.47,43.5,1279365,0
SQSP.US,D,20240628,000000,43.59,43.78,43.48,43.63,3630677,0
SQSP.US,D,20240701,000000,43.63,43.63,43.5,43.53,1025713,0
SQSP.US,D,20240702,000000,43.53,43.59,43.5,43.53,998966,0
SQSP.US,D,20240703,000000,43.53,43.85,43.51,43.78,1178305,0
SQSP.US,D,20240705,000000,43.59,43.75,43.55,43.74,893436,0
SQSP.US,D,20240708,000000,43.71,43.76,43.65,43.69,559795,0
SQSP.US,D,20240709,000000,43.69,43.71,43.63,43.66,330723,0
SQSP.US,D,20240710,000000,43.65,43.75,43.65,43.74,625556,0
SQSP.US,D,20240711,000000,43.76,43.78,43.68,43.72,577217,0
SQSP.US,D,20240712,000000,43.84,43.85,43.68,43.7,650626,0
SQSP.US,D,20240715,000000,43.79,43.84,43.7,43.82,742298,0
SQSP.US,D,20240716,000000,43.85,43.87,43.765,43.81,1803864,0
SQSP.US,D,20240717,000000,43.81,43.85,43.76,43.84,906554,0
SQSP.US,D,20240718,000000,43.78,43.97,43.76,43.82,1064039,0
SQSP.US,D,20240719,000000,43.9,43.9,43.79,43.84,801506,0
SQSP.US,D,20240722,000000,43.83,43.98,43.81,43.95,937067,0
SQSP.US,D,20240723,000000,43.99,44,43.92,43.98,1871430,0
SQSP.US,D,20240724,000000,43.91,44.07,43.9,44.02,1163173,0
SQSP.US,D,20240725,000000,44,44.06,43.91,43.91,757049,0
SQSP.US,D,20240726,000000,44.01,44.0175,43.88,43.91,792774,0
SQSP.US,D,20240729,000000,43.91,44.01,43.91,43.98,587668,0
SQSP.US,D,20240730,000000,44,44.21,43.985,44.15,954089,0
SQSP.US,D,20240731,000000,44.15,44.22,44.04,44.19,752200,0
SQSP.US,D,20240801,000000,44.17,44.18,44.03,44.07,550962,0
SQSP.US,D,20240802,000000,43.78,44.115,43.7,44.05,829902,0
SQSP.US,D,20240805,000000,43.85,44.56,43.81,44.37,2630238,0
SQSP.US,D,20240806,000000,44.25,44.29,44.05,44.11,1761772,0
SQSP.US,D,20240807,000000,44.18,44.21,44.06,44.13,698422,0
SQSP.US,D,20240808,000000,44.13,44.275,44,44.15,880590,0
SQSP.US,D,20240809,000000,44.12,44.165,44.12,44.15,519057,0
SQSP.US,D,20240812,000000,44.1,44.19,44.07,44.17,942920,0
SQSP.US,D,20240813,000000,44.14,44.17,44.06,44.08,432037,0
SQSP.US,D,20240814,000000,44.04,44.44,44,44.4,904447,0
SQSP.US,D,20240815,000000,44.44,45.135,44.38,44.9,843141,0
SQSP.US,D,20240816,000000,44.95,45.33,44.8,45.33,1483462,0
SQSP.US,D,20240819,000000,45.2,45.33,45.02,45.14,438989,0
SQSP.US,D,20240820,000000,45.14,45.18,44.81,44.86,245028,0
SQSP.US,D,20240821,000000,44.8,44.95,44.595,44.8,342271,0
SQSP.US,D,20240822,000000,44.5,44.89,44.5,44.81,637392,0
SQSP.US,D,20240823,000000,44.65,45.05,44.65,45,775002,0
SQSP.US,D,20240826,000000,44.92,45.14,44.92,45.05,453922,0
SQSP.US,D,20240827,000000,44.9,45.08,44.9,45.05,285979,0
SQSP.US,D,20240828,000000,45,45.29,45,45.21,367894,0
SQSP.US,D,20240829,000000,45.25,45.35,45.22,45.34,470039,0
SQSP.US,D,20240830,000000,45.28,45.5,45.09,45.48,728680,0
SQSP.US,D,20240903,000000,45.13,45.44,45.13,45.39,459603,0
SQSP.US,D,20240904,000000,45.26,45.32,45.21,45.26,388708,0
SQSP.US,D,20240905,000000,45.19,45.24,45.02,45.19,423005,0
SQSP.US,D,20240906,000000,45.2,45.525,45.15,45.3,972409,0
SQSP.US,D,20240909,000000,46.2,46.255,46.17,46.2,7370894,0
SQSP.US,D,20240910,000000,46.25,46.27,46.2,46.23,4672488,0
SQSP.US,D,20240911,000000,46.23,46.37,46.21,46.27,1566657,0
SQSP.US,D,20240912,000000,46.3,46.305,46.25,46.3,502607,0
SQSP.US,D,20240913,000000,46.3,46.3,46.23,46.26,2490185,0
SQSP.US,D,20240916,000000,46.25,46.31,46.24,46.3,1350187,0
SQSP.US,D,20240917,000000,46.3,46.48,46.28,46.4,2043488,0
SQSP.US,D,20240918,000000,46.39,46.44,46.34,46.41,1278701,0
SQSP.US,D,20240919,000000,46.42,46.44,46.345,46.42,1913991,0
SQSP.US,D,20240920,000000,46.42,46.43,46.37,46.4,2763700,0
SQSP.US,D,20240923,000000,46.4,46.4,46.35,46.37,526262,0
SQSP.US,D,20240924,000000,46.38,46.41,46.36,46.38,753958,0
SQSP.US,D,20240925,000000,46.38,46.41,46.37,46.38,379617,0
SQSP.US,D,20240926,000000,46.38,46.42,46.37,46.41,980775,0
SQSP.US,D,20240927,000000,46.4,46.41,46.38,46.38,1098156,0
SQSP.US,D,20240930,000000,46.37,46.45,46.37,46.43,1018875,0
SQSP.US,D,20241001,000000,46.38,46.42,46.375,46.41,2053465,0
SQSP.US,D,20241002,000000,46.4,46.44,46.38,46.43,564185,0
SQSP.US,D,20241003,000000,46.42,46.49,46.41,46.48,1077326,0
SQSP.US,D,20241004,000000,46.54,46.54,46.47,46.49,2845909,0
SQSP.US,D,20241007,000000,46.47,46.49,46.45,46.47,2323049,0
SQSP.US,D,20241008,000000,46.47,46.51,46.465,46.48,1091850,0
SQSP.US,D,20241009,000000,46.48,46.5,46.47,46.5,2832487,0
SQSP.US,D,20241010,000000,46.49,46.51,46.46,46.49,1464444,0
SQSP.US,D,20241011,000000,46.48,46.5,46.25,46.44,2373578,0
SQSP.US,D,20241014,000000,46.48,46.54,46.48,46.53,1182337,0
SQSP.US,D,20241015,000000,46.51,46.685,46.51,46.67,1965764,0
SQSP.US,D,20241016,000000,46.65,46.65,46.545,46.57,4162627,0
