<TICKER>,<PER>,<DATE>,<TIME>,<OPEN>,<HIGH>,<LOW>,<CLOSE>,<VOL>,<OPENINT>
TBC.US,D,20180809,000000,24.92,24.94,24.88,24.88,755526,0
TBC.US,D,20180810,000000,24.87,24.9,24.86,24.9,225040,0
TBC.US,D,20180813,000000,24.94,24.94,24.85,24.85,261104,0
TBC.US,D,20180814,000000,24.86,24.9,24.84,24.85,587637,0
TBC.US,D,20180815,000000,24.86,24.88,24.83,24.86,230191,0
TBC.US,D,20180816,000000,24.9,24.9,24.86,24.9,395947,0
TBC.US,D,20180817,000000,24.9,24.92,24.89,24.89,207050,0
TBC.US,D,20180820,000000,24.94,24.94,24.89,24.89,659923,0
TBC.US,D,20180821,000000,24.92,24.92,24.88,24.9,269079,0
TBC.US,D,20180822,000000,24.91,24.95,24.9029,24.95,285709,0
TBC.US,D,20180823,000000,24.97,25.02,24.93,24.94,332095,0
TBC.US,D,20180824,000000,24.95,24.97,24.94,24.94,219075,0
TBC.US,D,20180827,000000,25,25.04,24.98,24.99,426317,0
TBC.US,D,20180828,000000,25.02,25.02,24.98,25.01,517055,0
TBC.US,D,20180829,000000,25.02,25.04,25,25,513675,0
TBC.US,D,20180830,000000,25.02,25.04,25,25,427756,0
TBC.US,D,20180831,000000,25.03,25.3,25.01,25.19,1147785,0
TBC.US,D,20180904,000000,25.1,25.13,25.03,25.04,342998,0
TBC.US,D,20180905,000000,25.05,25.06,24.93,24.97,347881,0
TBC.US,D,20180906,000000,25,25.0395,24.92,24.94,288872,0
TBC.US,D,20180907,000000,24.94,24.95,24.89,24.9,249912,0
TBC.US,D,20180910,000000,24.91,24.95,24.89,24.89,333296,0
TBC.US,D,20180911,000000,24.9,24.92,24.87,24.87,265898,0
TBC.US,D,20180912,000000,24.91,24.92,24.89,24.91,215517,0
TBC.US,D,20180913,000000,24.96,24.96,24.87,24.87,226261,0
TBC.US,D,20180914,000000,24.88,24.9,24.82,24.9,265084,0
TBC.US,D,20180917,000000,24.9,24.9,24.79,24.85,362146,0
TBC.US,D,20180918,000000,24.88,24.89,24.78,24.82,403513,0
TBC.US,D,20180919,000000,24.84,24.85,24.7,24.73,237064,0
TBC.US,D,20180920,000000,24.75,24.79,24.73,24.77,302193,0
TBC.US,D,20180921,000000,24.78,24.82,24.74,24.81,191054,0
TBC.US,D,20180924,000000,24.8,24.84,24.76,24.81,146605,0
TBC.US,D,20180925,000000,24.8,24.8,24.71,24.72,287227,0
TBC.US,D,20180926,000000,24.76,24.79,24.73,24.79,244585,0
TBC.US,D,20180927,000000,24.82,24.82,24.77,24.8,283463,0
TBC.US,D,20180928,000000,24.81,24.84,24.76,24.76,169300,0
TBC.US,D,20181001,000000,24.79,24.79,24.66,24.68,165051,0
TBC.US,D,20181002,000000,24.73,24.78,24.69,24.69,187105,0
TBC.US,D,20181003,000000,24.7,24.7307,24.29,24.47,325719,0
TBC.US,D,20181004,000000,24.45,24.45,24.1,24.25,238626,0
TBC.US,D,20181005,000000,24.25,24.29,24.11,24.24,274592,0
TBC.US,D,20181008,000000,24.29,24.3,24.11,24.12,128781,0
TBC.US,D,20181009,000000,24.17,24.24,24.12,24.12,242671,0
TBC.US,D,20181010,000000,24.1,24.15,23.95,23.97,215990,0
TBC.US,D,20181011,000000,24.08,24.08,23.9254,23.975,225864,0
TBC.US,D,20181012,000000,24.05,24.15,24,24.07,171404,0
TBC.US,D,20181015,000000,24.14,24.16,24.07,24.16,117712,0
TBC.US,D,20181016,000000,23.93,23.98,23.8801,23.91,200625,0
TBC.US,D,20181017,000000,23.99,23.99,23.88,23.89,165704,0
TBC.US,D,20181018,000000,23.91,23.92,23.75,23.8,155780,0
TBC.US,D,20181019,000000,23.8,23.84,23.75,23.77,214002,0
TBC.US,D,20181022,000000,23.87,23.87,23.75,23.795,216011,0
TBC.US,D,20181023,000000,23.8,23.82,23.75,23.8,169568,0
TBC.US,D,20181024,000000,23.83,23.87,23.75,23.79,200005,0
TBC.US,D,20181025,000000,23.8,23.85,23.7507,23.83,221516,0
TBC.US,D,20181026,000000,23.86,23.86,23.67,23.71,183974,0
TBC.US,D,20181029,000000,23.74,23.75,23.7,23.7,325328,0
TBC.US,D,20181030,000000,23.74,23.77,23.61,23.62,241903,0
TBC.US,D,20181031,000000,23.71,23.75,23.67,23.67,202141,0
TBC.US,D,20181101,000000,23.77,23.77,23.67,23.7,147187,0
TBC.US,D,20181102,000000,23.7,23.7399,23.62,23.67,268199,0
TBC.US,D,20181105,000000,23.7,23.76,23.6828,23.76,84347,0
TBC.US,D,20181106,000000,23.8,23.97,23.8,23.95,98590,0
TBC.US,D,20181107,000000,24.09,24.1,24,24.03,137353,0
TBC.US,D,20181108,000000,24.05,24.12,24.02,24.09,133154,0
TBC.US,D,20181109,000000,24.09,24.09,24.05,24.08,80460,0
TBC.US,D,20181112,000000,24.09,24.13,24.06,24.12,88017,0
TBC.US,D,20181113,000000,24.12,24.15,24.0801,24.13,90983,0
TBC.US,D,20181114,000000,24.15,24.15,24.05,24.06,79783,0
TBC.US,D,20181115,000000,24.06,24.061,23.86,23.9,186361,0
TBC.US,D,20181116,000000,23.97,23.97,23.87,23.87,66583,0
TBC.US,D,20181119,000000,23.95,23.98,23.78,23.83,113994,0
TBC.US,D,20181120,000000,23.83,23.84,23.6001,23.63,176009,0
TBC.US,D,20181121,000000,23.72,23.75,23.65,23.69,90626,0
TBC.US,D,20181123,000000,23.7,23.72,23.67,23.72,53398,0
TBC.US,D,20181126,000000,23.75,23.75,23.58,23.62,124688,0
TBC.US,D,20181127,000000,23.67,23.67,23.41,23.42,163953,0
TBC.US,D,20181128,000000,23.46,23.52,23.321,23.34,170355,0
TBC.US,D,20181129,000000,23.46,23.49,23.1796,23.23,218123,0
TBC.US,D,20181130,000000,23.3,23.37,23.16,23.35,251572,0
TBC.US,D,20181203,000000,23.43,23.75,23.4,23.75,302285,0
TBC.US,D,20181204,000000,23.76,23.76,23.35,23.47,176820,0
TBC.US,D,20181206,000000,23.55,23.57,23.3601,23.57,209756,0
TBC.US,D,20181207,000000,23.62,23.72,23.4,23.6,335501,0
TBC.US,D,20181210,000000,23.6,23.6,23.32,23.38,225232,0
TBC.US,D,20181211,000000,23.49,23.52,23.33,23.41,173413,0
TBC.US,D,20181212,000000,23.47,23.52,23.34,23.37,224039,0
TBC.US,D,20181213,000000,23.37,23.41,23.2,23.32,218794,0
TBC.US,D,20181214,000000,23.3,23.3,23.15,23.17,125100,0
TBC.US,D,20181217,000000,23.16,23.16,22.8901,22.96,214391,0
TBC.US,D,20181218,000000,23.01,23.01,22.83,22.92,269060,0
TBC.US,D,20181219,000000,22.92,23.16,22.91,23.01,215170,0
TBC.US,D,20181220,000000,22.95,23.01,22.83,22.94,467316,0
TBC.US,D,20181221,000000,23,23.1407,22.95,22.9684,272643,0
TBC.US,D,20181224,000000,22.97,22.97,22.8,22.8747,104295,0
TBC.US,D,20181226,000000,22.9,23.21,22.67,22.75,310192,0
TBC.US,D,20181227,000000,22.7,22.85,22.68,22.7,340964,0
TBC.US,D,20181228,000000,22.72,22.85,22.56,22.6,541782,0
TBC.US,D,20181231,000000,22.73,23.19,22.72,23.19,457924,0
TBC.US,D,20190102,000000,23.12,23.55,23.0945,23.55,158910,0
TBC.US,D,20190103,000000,23.57,23.98,23.4,23.8,148927,0
TBC.US,D,20190104,000000,23.84,23.9586,23.81,23.95,304268,0
TBC.US,D,20190107,000000,24.01,24.25,24.01,24.17,207974,0
TBC.US,D,20190108,000000,24.17,24.34,24.17,24.2,170166,0
TBC.US,D,20190109,000000,24.2,24.49,24.2,24.45,172917,0
TBC.US,D,20190110,000000,24.39,24.63,24.35,24.62,213872,0
TBC.US,D,20190111,000000,24.62,24.75,24.45,24.72,148887,0
TBC.US,D,20190114,000000,24.7,24.79,24.65,24.65,121375,0
TBC.US,D,20190115,000000,24.7,24.7,24.54,24.69,170724,0
TBC.US,D,20190116,000000,24.4,24.43,24.22,24.36,200955,0
TBC.US,D,20190117,000000,24.34,24.6,24.3,24.59,195242,0
TBC.US,D,20190118,000000,24.59,24.59,24.421,24.48,97487,0
TBC.US,D,20190122,000000,24.5,24.5438,24.33,24.33,135580,0
TBC.US,D,20190123,000000,24.37,24.37,24.3,24.33,88351,0
TBC.US,D,20190124,000000,24.33,24.4,24.22,24.25,198828,0
TBC.US,D,20190125,000000,24.39,24.59,24.32,24.515,104036,0
TBC.US,D,20190128,000000,24.53,24.74,24.5,24.7,119382,0
TBC.US,D,20190129,000000,24.73,24.78,24.69,24.69,120777,0
TBC.US,D,20190130,000000,24.75,24.75,24.5,24.52,239329,0
TBC.US,D,20190131,000000,24.54,24.85,24.43,24.85,522772,0
TBC.US,D,20190201,000000,24.8,24.97,24.68,24.97,259087,0
TBC.US,D,20190204,000000,24.97,24.99,24.8211,24.87,187411,0
TBC.US,D,20190205,000000,24.9,24.95,24.81,24.95,144250,0
TBC.US,D,20190206,000000,24.95,24.95,24.66,24.74,318440,0
TBC.US,D,20190207,000000,24.77,24.77,24.5901,24.6,114565,0
TBC.US,D,20190208,000000,24.64,24.835,24.5904,24.83,104560,0
TBC.US,D,20190211,000000,24.83,24.85,24.75,24.83,104358,0
TBC.US,D,20190212,000000,24.83,24.89,24.8,24.88,157828,0
TBC.US,D,20190213,000000,24.88,24.92,24.8,24.82,198123,0
TBC.US,D,20190214,000000,24.82,24.92,24.8,24.83,151862,0
TBC.US,D,20190215,000000,24.83,24.88,24.74,24.8491,186820,0
TBC.US,D,20190219,000000,24.84,24.89,24.75,24.8501,194995,0
TBC.US,D,20190220,000000,24.88,24.95,24.8456,24.95,128466,0
TBC.US,D,20190221,000000,24.95,24.99,24.891,24.95,164633,0
TBC.US,D,20190222,000000,24.95,24.98,24.93,24.94,112927,0
TBC.US,D,20190225,000000,24.94,24.98,24.78,24.86,218415,0
TBC.US,D,20190226,000000,24.85,24.9,24.81,24.9,128595,0
TBC.US,D,20190227,000000,24.9,24.95,24.85,24.94,157175,0
TBC.US,D,20190228,000000,24.96,25.07,24.9,25.07,494819,0
TBC.US,D,20190301,000000,25.07,25.07,24.949,25.06,223840,0
TBC.US,D,20190304,000000,25.05,25.0975,24.99,25.088,175254,0
TBC.US,D,20190305,000000,25.09,25.13,25.07,25.1,151840,0
TBC.US,D,20190306,000000,25.1,25.1,24.99,24.99,174550,0
TBC.US,D,20190307,000000,25.02,25.02,24.91,24.92,121170,0
TBC.US,D,20190308,000000,24.92,25.04,24.92,25.04,116850,0
TBC.US,D,20190311,000000,25.04,25.05,25,25.04,163132,0
TBC.US,D,20190312,000000,25.04,25.12,25.01,25.04,178146,0
TBC.US,D,20190313,000000,25.1,25.1,25.02,25.05,203091,0
TBC.US,D,20190314,000000,25.05,25.17,25,25.15,148163,0
TBC.US,D,20190315,000000,25.16,25.25,25.15,25.24,96128,0
TBC.US,D,20190318,000000,25.24,25.25,25.1,25.2,129270,0
TBC.US,D,20190319,000000,25.11,25.18,25.05,25.1101,136868,0
TBC.US,D,20190320,000000,25.13,25.18,25.05,25.17,99974,0
TBC.US,D,20190321,000000,25.16,25.25,25.12,25.19,195121,0
TBC.US,D,20190322,000000,25.19,25.21,25.08,25.18,123787,0
TBC.US,D,20190325,000000,25.09,25.15,25.02,25.06,174764,0
TBC.US,D,20190326,000000,25.11,25.25,25.08,25.25,127751,0
TBC.US,D,20190327,000000,25.19,25.35,25.19,25.35,226058,0
TBC.US,D,20190328,000000,25.4,25.53,25.391,25.42,287115,0
TBC.US,D,20190329,000000,25.42,25.54,25.4,25.49,404749,0
TBC.US,D,20190401,000000,25.48,25.49,25.42,25.47,173403,0
TBC.US,D,20190402,000000,25.46,25.58,25.45,25.56,98978,0
TBC.US,D,20190403,000000,25.58,25.7,25.52,25.58,107185,0
TBC.US,D,20190404,000000,25.6,25.69,25.529,25.67,176111,0
TBC.US,D,20190405,000000,25.73,25.74,25.63,25.68,90248,0
TBC.US,D,20190408,000000,25.66,25.72,25.6364,25.67,128806,0
TBC.US,D,20190409,000000,25.67,25.6999,25.62,25.62,191635,0
TBC.US,D,20190410,000000,25.65,25.6828,25.6,25.6,123495,0
TBC.US,D,20190411,000000,25.6,25.71,25.6,25.684,92111,0
TBC.US,D,20190412,000000,25.68,25.7,25.6193,25.63,136527,0
TBC.US,D,20190415,000000,25.36,25.39,25.3,25.32,111170,0
TBC.US,D,20190416,000000,25.43,25.43,25.34,25.4,197713,0
TBC.US,D,20190417,000000,25.43,25.53,25.39,25.53,165879,0
TBC.US,D,20190418,000000,25.53,25.62,25.53,25.58,115833,0
TBC.US,D,20190422,000000,25.6,25.63,25.395,25.45,122123,0
TBC.US,D,20190423,000000,25.45,25.65,25.45,25.65,141799,0
TBC.US,D,20190424,000000,25.65,25.65,25.55,25.6,117296,0
TBC.US,D,20190425,000000,25.65,25.65,25.6,25.65,63980,0
TBC.US,D,20190426,000000,25.62,25.6448,25.57,25.61,50816,0
TBC.US,D,20190429,000000,25.61,25.73,25.5901,25.725,86899,0
TBC.US,D,20190430,000000,25.85,25.94,25.76,25.89,408951,0
TBC.US,D,20190501,000000,25.93,25.93,25.64,25.72,109779,0
TBC.US,D,20190502,000000,25.76,25.78,25.65,25.78,63450,0
TBC.US,D,20190503,000000,25.78,25.83,25.7,25.82,95857,0
TBC.US,D,20190506,000000,25.71,25.79,25.71,25.75,63995,0
TBC.US,D,20190507,000000,25.75,25.75,25.55,25.61,99800,0
TBC.US,D,20190508,000000,25.61,25.72,25.61,25.6401,52808,0
TBC.US,D,20190509,000000,25.64,25.71,25.6,25.71,45294,0
TBC.US,D,20190510,000000,25.75,25.8,25.7033,25.77,49977,0
TBC.US,D,20190513,000000,25.73,25.73,25.61,25.65,67920,0
TBC.US,D,20190514,000000,25.61,25.68,25.61,25.67,59423,0
TBC.US,D,20190515,000000,25.68,25.9,25.67,25.9,86150,0
TBC.US,D,20190516,000000,25.88,25.99,25.82,25.98,61122,0
TBC.US,D,20190517,000000,25.95,25.98,25.88,25.89,81577,0
TBC.US,D,20190520,000000,25.85,25.9358,25.49,25.56,218418,0
TBC.US,D,20190521,000000,25.59,25.73,25.57,25.7,112468,0
TBC.US,D,20190522,000000,25.66,25.77,25.66,25.75,83996,0
TBC.US,D,20190523,000000,25.76,25.8307,25.7,25.83,103594,0
TBC.US,D,20190524,000000,25.9,25.96,25.88,25.93,64631,0
TBC.US,D,20190528,000000,25.93,25.95,25.9,25.9,78325,0
TBC.US,D,20190529,000000,25.9,25.94,25.888,25.89,91506,0
TBC.US,D,20190530,000000,25.85,25.98,25.83,25.9753,62688,0
TBC.US,D,20190531,000000,25.92,26.21,25.9144,26.16,362993,0
TBC.US,D,20190603,000000,26.16,26.16,26.01,26.01,112390,0
TBC.US,D,20190604,000000,26,26.12,25.9747,26.0699,134753,0
TBC.US,D,20190605,000000,26.03,26.04,25.87,25.96,67746,0
TBC.US,D,20190606,000000,26.02,26.03,25.959,26.0199,82790,0
TBC.US,D,20190607,000000,26.02,26.03,25.96,26.01,80169,0
TBC.US,D,20190610,000000,26.01,26.23,26.01,26.11,162769,0
TBC.US,D,20190611,000000,26.15,26.17,26.07,26.09,56232,0
TBC.US,D,20190612,000000,26.12,26.13,26.06,26.13,43161,0
TBC.US,D,20190613,000000,26.13,26.13,26,26.06,120218,0
TBC.US,D,20190614,000000,26.07,26.1,25.98,26.07,53050,0
TBC.US,D,20190617,000000,26.08,26.1,26.04,26.09,72510,0
TBC.US,D,20190618,000000,26.09,26.15,25.98,26,121784,0
TBC.US,D,20190619,000000,26.07,26.2,26,26.18,79025,0
TBC.US,D,20190620,000000,26.23,26.36,26.18,26.35,68920,0
TBC.US,D,20190621,000000,26.34,26.37,26.21,26.29,85803,0
TBC.US,D,20190624,000000,26.25,26.35,26.21,26.3,99696,0
TBC.US,D,20190625,000000,26.3,26.33,26.25,26.33,73426,0
TBC.US,D,20190626,000000,26.33,26.55,26.33,26.5,102241,0
TBC.US,D,20190627,000000,26.5,26.69,26.5,26.67,142693,0
TBC.US,D,20190628,000000,26.76,26.85,26.58,26.72,327455,0
TBC.US,D,20190701,000000,26.72,26.72,26.46,26.64,54321,0
TBC.US,D,20190702,000000,26.64,26.78,26.4701,26.73,65370,0
TBC.US,D,20190703,000000,26.73,26.8,26.6286,26.79,43654,0
TBC.US,D,20190705,000000,26.7,26.7506,26.666,26.68,42173,0
TBC.US,D,20190708,000000,26.68,26.7,26.6,26.61,55277,0
TBC.US,D,20190709,000000,26.54,26.7807,26.521,26.78,72329,0
TBC.US,D,20190710,000000,26.78,26.86,26.6907,26.82,58373,0
TBC.US,D,20190711,000000,26.82,26.82,26.75,26.8,51886,0
TBC.US,D,20190712,000000,26.8,26.83,26.7721,26.83,27019,0
TBC.US,D,20190715,000000,26.87,27,26.83,26.92,71179,0
TBC.US,D,20190716,000000,26.61,26.67,26.5,26.62,82930,0
TBC.US,D,20190717,000000,26.62,26.91,26.62,26.84,98462,0
TBC.US,D,20190718,000000,26.88,26.96,26.8,26.96,78480,0
TBC.US,D,20190719,000000,27.03,27.03,26.83,26.97,61656,0
TBC.US,D,20190722,000000,26.97,27.02,26.9,26.95,122435,0
TBC.US,D,20190723,000000,26.95,27.04,26.9301,26.99,79825,0
TBC.US,D,20190724,000000,26.99,27.07,26.91,27.05,91780,0
TBC.US,D,20190725,000000,27.01,27.04,26.95,26.95,88108,0
TBC.US,D,20190726,000000,26.95,26.98,26.8,26.9,116045,0
TBC.US,D,20190729,000000,26.86,27.04,26.84,26.96,142345,0
TBC.US,D,20190730,000000,26.97,27.2,26.93,27.19,99366,0
TBC.US,D,20190731,000000,27.2,27.34,27.0516,27.27,402446,0
TBC.US,D,20190801,000000,27.26,27.38,27.15,27.16,134537,0
TBC.US,D,20190802,000000,27.1,27.1296,26.78,26.89,128624,0
TBC.US,D,20190805,000000,26.82,26.82,26.55,26.66,86860,0
TBC.US,D,20190806,000000,26.66,26.66,26.4101,26.6,83903,0
TBC.US,D,20190807,000000,26.6,26.63,26.389,26.47,80755,0
TBC.US,D,20190808,000000,26.47,26.5619,26.4614,26.53,90693,0
TBC.US,D,20190809,000000,26.51,26.7,26.51,26.6386,96813,0
TBC.US,D,20190812,000000,26.64,26.78,26.6,26.77,45070,0
TBC.US,D,20190813,000000,26.8,27,26.7301,27,97791,0
TBC.US,D,20190814,000000,26.95,27.1,26.8,26.99,125308,0
TBC.US,D,20190815,000000,27.02,27.29,27.02,27.25,100976,0
TBC.US,D,20190816,000000,27.27,27.3799,27.18,27.2,64935,0
TBC.US,D,20190819,000000,27.21,27.31,27.14,27.27,84743,0
TBC.US,D,20190820,000000,27.2,27.35,27.13,27.18,107382,0
TBC.US,D,20190821,000000,27.24,27.35,27.2,27.3,77898,0
TBC.US,D,20190822,000000,27.32,27.59,27.32,27.58,97852,0
TBC.US,D,20190823,000000,27.47,27.65,27.47,27.63,67971,0
TBC.US,D,20190826,000000,27.55,27.6293,27.48,27.54,59483,0
TBC.US,D,20190827,000000,27.57,27.62,27.41,27.48,118206,0
TBC.US,D,20190828,000000,27.48,27.55,27.4376,27.5,94094,0
TBC.US,D,20190829,000000,27.5,27.66,27.34,27.39,144265,0
TBC.US,D,20190830,000000,27.41,27.42,27.2,27.36,350855,0
TBC.US,D,20190903,000000,27.29,27.31,27.26,27.31,63742,0
TBC.US,D,20190904,000000,27.31,27.49,27.23,27.49,55375,0
TBC.US,D,20190905,000000,27.5,27.5,27.35,27.42,64149,0
TBC.US,D,20190906,000000,27.41,27.5,27.3411,27.5,57529,0
TBC.US,D,20190909,000000,27.5,27.549,27.45,27.5,53737,0
TBC.US,D,20190910,000000,27.48,27.48,27.11,27.1589,108078,0
TBC.US,D,20190911,000000,27.14,27.38,27.08,27.15,83073,0
TBC.US,D,20190912,000000,27.18,27.2389,27.1,27.14,62980,0
TBC.US,D,20190913,000000,27.07,27.17,26.85,26.96,247285,0
TBC.US,D,20190916,000000,26.99,27.05,26.87,26.97,73267,0
TBC.US,D,20190917,000000,27,27.15,26.99,27.01,68734,0
TBC.US,D,20190918,000000,27.03,27.175,27.03,27.1,119859,0
TBC.US,D,20190919,000000,27.19,27.29,27.03,27.06,255263,0
TBC.US,D,20190920,000000,27.1,27.14,27.01,27.14,108000,0
TBC.US,D,20190923,000000,27.17,27.29,27.17,27.24,63590,0
TBC.US,D,20190924,000000,27.26,27.36,27.24,27.29,75590,0
TBC.US,D,20190925,000000,27.32,27.35,27.26,27.33,57332,0
TBC.US,D,20190926,000000,27.33,27.48,27.27,27.47,49049,0
TBC.US,D,20190927,000000,27.47,27.94,27.38,27.88,123195,0
TBC.US,D,20190930,000000,27.8,28.04,27.76,27.95,409326,0
TBC.US,D,20191001,000000,27.82,27.82,27.67,27.7,85703,0
TBC.US,D,20191002,000000,27.66,27.7,27.4,27.56,54321,0
TBC.US,D,20191003,000000,27.62,27.7,27.48,27.65,63344,0
TBC.US,D,20191004,000000,27.65,27.75,27.5,27.75,74826,0
TBC.US,D,20191007,000000,27.74,27.75,27.6,27.75,73255,0
TBC.US,D,20191008,000000,27.69,27.79,27.6547,27.7,96648,0
TBC.US,D,20191009,000000,27.7,27.8,27.69,27.7,90076,0
TBC.US,D,20191010,000000,27.7408,27.83,27.634,27.72,71918,0
TBC.US,D,20191011,000000,27.76,27.8,27.69,27.75,96765,0
TBC.US,D,20191014,000000,27.7,27.91,27.61,27.88,109067,0
TBC.US,D,20191015,000000,27.88,27.95,27.74,27.75,97055,0
TBC.US,D,20191016,000000,27.46,27.469,27.3,27.36,144711,0
TBC.US,D,20191017,000000,27.42,27.44,27.31,27.41,83218,0
TBC.US,D,20191018,000000,27.44,27.58,27.41,27.56,134360,0
TBC.US,D,20191021,000000,27.52,27.6,27.4584,27.57,100971,0
TBC.US,D,20191022,000000,27.57,27.67,27.57,27.64,60468,0
TBC.US,D,20191023,000000,27.64,27.7,27.61,27.68,57727,0
TBC.US,D,20191024,000000,27.66,27.72,27.66,27.69,51809,0
TBC.US,D,20191025,000000,27.67,27.7,27.65,27.7,120165,0
TBC.US,D,20191028,000000,27.7,27.7,27.6373,27.67,49315,0
TBC.US,D,20191029,000000,27.68,27.68,27.36,27.37,111256,0
TBC.US,D,20191030,000000,27.34,27.34,27.15,27.26,101028,0
TBC.US,D,20191031,000000,27.35,27.59,27.2796,27.52,332163,0
TBC.US,D,20191101,000000,27.46,27.46,27.32,27.45,44338,0
TBC.US,D,20191104,000000,27.41,27.46,27.331,27.46,42560,0
TBC.US,D,20191105,000000,27.35,27.3752,27.2301,27.29,43862,0
TBC.US,D,20191106,000000,27.3,27.3,27.08,27.17,81760,0
TBC.US,D,20191107,000000,27.13,27.13,26.9,26.9,64656,0
TBC.US,D,20191108,000000,26.9,27.05,26.9,26.95,84518,0
TBC.US,D,20191111,000000,26.95,27.0163,26.81,26.81,50978,0
TBC.US,D,20191112,000000,26.86,27.0019,26.8,26.88,56593,0
TBC.US,D,20191113,000000,26.9,27.038,26.89,26.93,52841,0
TBC.US,D,20191114,000000,27.03,27.16,27,27.09,102749,0
TBC.US,D,20191115,000000,27.11,27.11,27.04,27.08,57695,0
TBC.US,D,20191118,000000,27.08,27.15,27.0595,27.08,86806,0
TBC.US,D,20191119,000000,27.1,27.12,27.05,27.07,83753,0
TBC.US,D,20191120,000000,27.09,27.14,26.86,26.92,62806,0
TBC.US,D,20191121,000000,26.92,26.99,26.72,26.93,103762,0
TBC.US,D,20191122,000000,26.93,27,26.85,26.86,54357,0
TBC.US,D,20191125,000000,26.94,26.97,26.81,26.85,62684,0
TBC.US,D,20191126,000000,26.86,26.95,26.76,26.7638,74409,0
TBC.US,D,20191127,000000,26.8,26.86,26.6,26.69,85307,0
TBC.US,D,20191129,000000,26.67,26.68,26.47,26.6,150828,0
TBC.US,D,20191202,000000,26.62,26.62,26.36,26.42,75169,0
TBC.US,D,20191203,000000,26.35,26.46,26.32,26.44,107366,0
TBC.US,D,20191204,000000,26.45,26.56,26.26,26.27,138606,0
TBC.US,D,20191205,000000,26.27,26.38,26.17,26.38,163050,0
TBC.US,D,20191206,000000,26.38,26.48,26.31,26.44,94379,0
TBC.US,D,20191209,000000,26.49,26.56,26.48,26.5,86161,0
TBC.US,D,20191210,000000,26.5,26.51,26.43,26.51,46462,0
TBC.US,D,20191211,000000,26.55,26.86,26.55,26.8,84699,0
TBC.US,D,20191212,000000,26.88,27,26.81,27,93607,0
TBC.US,D,20191213,000000,27,27.44,26.9963,27.37,82523,0
TBC.US,D,20191216,000000,27.37,27.45,27.29,27.4,104207,0
TBC.US,D,20191217,000000,27.4,27.41,27.2,27.25,151030,0
TBC.US,D,20191218,000000,27.3,27.3,27.1255,27.25,75318,0
TBC.US,D,20191219,000000,27.24,27.31,27.12,27.23,86857,0
TBC.US,D,20191220,000000,27.27,27.3,27.16,27.28,63768,0
TBC.US,D,20191223,000000,27.28,27.46,27.2,27.46,43130,0
TBC.US,D,20191224,000000,27.46,27.54,27.385,27.54,18533,0
TBC.US,D,20191226,000000,27.54,27.58,27.39,27.58,81680,0
TBC.US,D,20191227,000000,27.52,27.58,27.4006,27.56,25324,0
TBC.US,D,20191230,000000,27.54,27.55,27.45,27.53,35424,0
TBC.US,D,20191231,000000,27.53,27.59,27.46,27.56,80214,0
TBC.US,D,20200102,000000,27.56,27.77,27.45,27.66,235408,0
TBC.US,D,20200103,000000,27.65,27.81,27.6,27.75,68328,0
TBC.US,D,20200106,000000,27.75,27.8,27.7139,27.79,95214,0
TBC.US,D,20200107,000000,27.72,27.78,27.6,27.74,67748,0
TBC.US,D,20200108,000000,27.68,27.84,27.68,27.83,74315,0
TBC.US,D,20200109,000000,27.84,27.9,27.77,27.9,58056,0
TBC.US,D,20200110,000000,27.9,28.2103,27.9,28.19,105145,0
TBC.US,D,20200113,000000,28.14,28.15,28.05,28.1,130413,0
TBC.US,D,20200114,000000,28.1,28.1,28.01,28.04,108821,0
TBC.US,D,20200115,000000,28.03,28.05,27.92,28.03,146553,0
TBC.US,D,20200116,000000,27.78,27.78,27.64,27.7,129244,0
TBC.US,D,20200117,000000,27.72,27.73,27.56,27.63,47236,0
TBC.US,D,20200121,000000,27.65,27.65,27.51,27.56,83585,0
TBC.US,D,20200122,000000,27.64,27.66,27.52,27.55,55868,0
TBC.US,D,20200123,000000,27.55,27.5713,27.41,27.5,100971,0
TBC.US,D,20200124,000000,27.52,27.53,27.4,27.5,64183,0
TBC.US,D,20200127,000000,27.44,27.4786,27.33,27.37,62420,0
TBC.US,D,20200128,000000,27.41,27.5,27.34,27.34,58094,0
TBC.US,D,20200129,000000,27.33,27.3429,27.228,27.3,66352,0
TBC.US,D,20200130,000000,27.3,27.34,27.25,27.27,66815,0
TBC.US,D,20200131,000000,27.37,27.44,27.25,27.25,86338,0
TBC.US,D,20200203,000000,27.38,27.4018,27.28,27.38,48406,0
TBC.US,D,20200204,000000,27.39,27.54,27.39,27.46,52852,0
TBC.US,D,20200205,000000,27.53,27.6,27.43,27.48,56191,0
TBC.US,D,20200206,000000,27.53,27.53,27.43,27.44,47456,0
TBC.US,D,20200207,000000,27.47,27.56,27.43,27.53,35100,0
TBC.US,D,20200210,000000,27.59,27.74,27.5628,27.74,56282,0
TBC.US,D,20200211,000000,27.74,27.74,27.65,27.7,43357,0
TBC.US,D,20200212,000000,27.65,27.65,27.38,27.38,173917,0
TBC.US,D,20200213,000000,27.42,27.49,27.26,27.26,102039,0
TBC.US,D,20200214,000000,27.36,27.48,27.3,27.48,67945,0
TBC.US,D,20200218,000000,27.48,27.53,27.449,27.51,46885,0
TBC.US,D,20200219,000000,27.54,27.55,27.43,27.43,169021,0
TBC.US,D,20200220,000000,27.47,27.5,27.388,27.48,47251,0
TBC.US,D,20200221,000000,27.51,27.54,27.51,27.54,58058,0
TBC.US,D,20200224,000000,27.39,27.4856,27.2,27.2,37871,0
TBC.US,D,20200225,000000,27.34,27.34,26.8,26.81,87006,0
TBC.US,D,20200226,000000,26.81,26.95,26.6307,26.73,110309,0
TBC.US,D,20200227,000000,26.7,26.8,26.515,26.67,109634,0
TBC.US,D,20200228,000000,26.57,26.57,26.03,26.04,214125,0
TBC.US,D,20200302,000000,26.43,26.66,26.2202,26.6,98499,0
TBC.US,D,20200303,000000,26.7,27.11,26.7,26.78,102696,0
TBC.US,D,20200304,000000,26.97,27.39,26.81,27.39,79338,0
TBC.US,D,20200305,000000,27.19,27.46,27.19,27.3,53156,0
TBC.US,D,20200306,000000,27.1,27.14,26.81,26.85,164932,0
TBC.US,D,20200309,000000,26.48,26.72,26.13,26.34,211242,0
TBC.US,D,20200310,000000,26.6,26.746,26.25,26.45,148592,0
TBC.US,D,20200311,000000,26.45,26.45,26.1,26.21,168329,0
TBC.US,D,20200312,000000,25.89,25.89,24.88,25.18,373914,0
TBC.US,D,20200313,000000,25.55,25.89,25.3475,25.89,119137,0
TBC.US,D,20200316,000000,24.9,25.1668,24.3,24.3,308256,0
TBC.US,D,20200317,000000,24.6,24.9,24.4,24.68,181551,0
TBC.US,D,20200318,000000,24.3,24.4,22.2,23.05,384169,0
TBC.US,D,20200319,000000,23.3,24.4,23.1,24.15,341990,0
TBC.US,D,20200320,000000,24.45,25,24.17,24.28,151146,0
TBC.US,D,20200323,000000,24.21,24.21,23,23.33,240448,0
TBC.US,D,20200324,000000,24.15,24.8,24.01,24.52,142980,0
TBC.US,D,20200325,000000,24.79,25.89,24.755,25.28,290304,0
TBC.US,D,20200326,000000,25.53,25.8,25.4995,25.8,118381,0
TBC.US,D,20200327,000000,25.53,25.53,25,25.28,120582,0
TBC.US,D,20200330,000000,25.4,25.58,25.18,25.47,104892,0
TBC.US,D,20200331,000000,25.5,25.6,25.47,25.5,126209,0
TBC.US,D,20200401,000000,25.22,25.34,25,25.17,140666,0
TBC.US,D,20200402,000000,25,25.19,24.83,25.19,146032,0
TBC.US,D,20200403,000000,25.2,25.2,24.84,25.14,92130,0
TBC.US,D,20200406,000000,25.46,25.5,25.26,25.39,173010,0
TBC.US,D,20200407,000000,25.6,25.81,25.41,25.81,108905,0
TBC.US,D,20200408,000000,25.8,26.3,25.68,26.11,99194,0
TBC.US,D,20200409,000000,26.11,26.55,26,26.48,143242,0
TBC.US,D,20200413,000000,26.52,26.52,25.75,26.15,99953,0
TBC.US,D,20200414,000000,26.38,26.49,26.22,26.45,67798,0
TBC.US,D,20200415,000000,25.98,26.43,25.75,26.38,181699,0
TBC.US,D,20200416,000000,26.48,26.59,26.4,26.48,329671,0
TBC.US,D,20200417,000000,26.59,26.6,26.44,26.54,85024,0
TBC.US,D,20200420,000000,26.49,26.6,26.43,26.45,64763,0
TBC.US,D,20200421,000000,26.41,26.4841,26.31,26.47,99577,0
TBC.US,D,20200422,000000,26.58,26.7,26.48,26.58,79576,0
TBC.US,D,20200423,000000,26.62,26.72,26.6008,26.63,67836,0
TBC.US,D,20200424,000000,26.71,26.75,26.52,26.58,66402,0
TBC.US,D,20200427,000000,26.64,26.7386,26.61,26.68,37944,0
TBC.US,D,20200428,000000,26.7,26.86,26.64,26.64,50734,0
TBC.US,D,20200429,000000,26.88,26.88,26.599,26.62,105869,0
TBC.US,D,20200430,000000,26.63,26.8333,26.35,26.41,153838,0
TBC.US,D,20200501,000000,26.45,26.51,26.31,26.46,65859,0
TBC.US,D,20200504,000000,26.55,26.59,26.5,26.59,45655,0
TBC.US,D,20200505,000000,26.57,26.6883,26.45,26.47,41369,0
TBC.US,D,20200506,000000,26.47,26.52,26.39,26.45,80939,0
TBC.US,D,20200507,000000,26.47,26.5455,26.43,26.49,83277,0
TBC.US,D,20200508,000000,26.54,26.58,26.48,26.58,149710,0
TBC.US,D,20200511,000000,26.58,26.664,26.55,26.63,49503,0
TBC.US,D,20200512,000000,26.6,26.67,26.59,26.63,38358,0
TBC.US,D,20200513,000000,26.63,26.6356,26.53,26.54,58935,0
TBC.US,D,20200514,000000,26.48,26.6,26.33,26.46,53099,0
TBC.US,D,20200515,000000,26.5,26.59,26.5,26.59,99926,0
TBC.US,D,20200518,000000,26.61,26.78,26.61,26.72,38485,0
TBC.US,D,20200519,000000,26.71,26.75,26.637,26.69,57084,0
TBC.US,D,20200520,000000,26.78,26.8,26.65,26.8,40294,0
TBC.US,D,20200521,000000,26.72,26.86,26.72,26.78,34345,0
TBC.US,D,20200522,000000,26.78,26.97,26.78,26.88,31778,0
TBC.US,D,20200526,000000,26.98,27.04,26.85,26.93,65749,0
TBC.US,D,20200527,000000,26.99,27.08,26.99,27.08,62588,0
TBC.US,D,20200528,000000,27.09,27.21,27.06,27.12,86040,0
TBC.US,D,20200529,000000,27.12,27.2,27.03,27.04,60714,0
TBC.US,D,20200601,000000,27.01,27.18,27,27.13,41163,0
TBC.US,D,20200602,000000,27.13,27.29,27.08,27.29,22317,0
TBC.US,D,20200603,000000,27.39,27.39,27.181,27.35,45826,0
TBC.US,D,20200604,000000,27.29,27.35,27.1902,27.35,28465,0
TBC.US,D,20200605,000000,27.42,27.44,27.27,27.32,37879,0
TBC.US,D,20200608,000000,27.25,27.36,27.25,27.31,39110,0
TBC.US,D,20200609,000000,27.29,27.31,27.2201,27.28,40611,0
TBC.US,D,20200610,000000,27.32,27.36,27.27,27.35,48943,0
TBC.US,D,20200611,000000,27.27,27.3,26.83,26.9,69948,0
TBC.US,D,20200612,000000,27.1,27.18,26.82,26.82,85307,0
TBC.US,D,20200615,000000,26.81,26.8999,26.71,26.78,39407,0
TBC.US,D,20200616,000000,26.93,27.15,26.83,26.83,74121,0
TBC.US,D,20200617,000000,26.9,26.93,26.83,26.89,94085,0
TBC.US,D,20200618,000000,26.87,26.91,26.85,26.9,27870,0
TBC.US,D,20200619,000000,26.94,26.999,26.9,26.9,37878,0
TBC.US,D,20200622,000000,26.97,27,26.8,26.81,79902,0
TBC.US,D,20200623,000000,26.86,26.86,26.78,26.81,69169,0
TBC.US,D,20200624,000000,26.86,26.86,26.73,26.8,65785,0
TBC.US,D,20200625,000000,26.83,26.83,26.73,26.76,31178,0
TBC.US,D,20200626,000000,26.76,26.7872,26.7,26.71,40526,0
TBC.US,D,20200629,000000,26.74,26.74,26.6,26.68,45123,0
TBC.US,D,20200630,000000,26.68,26.7,26.51,26.53,241776,0
TBC.US,D,20200701,000000,26.62,26.67,26.616,26.64,51341,0
TBC.US,D,20200702,000000,26.71,26.89,26.71,26.81,42418,0
TBC.US,D,20200706,000000,26.86,26.9458,26.82,26.87,34538,0
TBC.US,D,20200707,000000,26.86,26.87,26.83,26.86,31196,0
TBC.US,D,20200708,000000,26.86,27.08,26.86,27.08,53305,0
TBC.US,D,20200709,000000,27.09,27.15,26.99,27.15,65200,0
TBC.US,D,20200710,000000,27.19,27.25,27.07,27.25,48898,0
TBC.US,D,20200713,000000,27.25,27.3,27.1,27.1,76697,0
TBC.US,D,20200714,000000,27.11,27.28,27.0382,27.2,40301,0
TBC.US,D,20200715,000000,27.34,27.345,27.1556,27.22,33294,0
TBC.US,D,20200716,000000,26.98,27.17,26.9,27.11,44990,0
TBC.US,D,20200717,000000,27.16,27.245,27.03,27.23,29716,0
TBC.US,D,20200720,000000,27.25,27.31,27.1,27.11,40823,0
TBC.US,D,20200721,000000,27.2,27.33,27.2,27.29,30901,0
TBC.US,D,20200722,000000,27.24,27.31,27.23,27.31,46506,0
TBC.US,D,20200723,000000,27.27,27.35,27.23,27.295,38592,0
TBC.US,D,20200724,000000,27.35,27.38,27.3,27.3104,20391,0
TBC.US,D,20200727,000000,27.31,27.39,27.31,27.335,31765,0
TBC.US,D,20200728,000000,27.31,27.3581,27.25,27.3,33581,0
TBC.US,D,20200729,000000,27.31,27.44,27.31,27.44,41132,0
TBC.US,D,20200730,000000,27.44,27.5,27.41,27.41,47980,0
TBC.US,D,20200731,000000,27.41,27.5,27.41,27.5,45381,0
TBC.US,D,20200803,000000,27.5,27.57,27.47,27.52,34163,0
TBC.US,D,20200804,000000,27.48,27.625,27.456,27.61,54178,0
TBC.US,D,20200805,000000,27.6,27.6,27.54,27.54,27210,0
TBC.US,D,20200806,000000,27.53,27.53,27.38,27.38,29006,0
TBC.US,D,20200807,000000,27.38,27.54,27.38,27.49,29934,0
TBC.US,D,20200810,000000,27.38,27.474,27.38,27.38,28505,0
TBC.US,D,20200811,000000,27.48,27.48,27.26,27.29,76473,0
TBC.US,D,20200812,000000,27.3,27.48,27.29,27.47,81947,0
TBC.US,D,20200813,000000,27.4,27.47,27.38,27.45,34202,0
TBC.US,D,20200814,000000,27.39,27.44,27.34,27.38,52416,0
TBC.US,D,20200817,000000,27.43,27.45,27.34,27.42,64333,0
TBC.US,D,20200818,000000,27.43,27.6,27.4122,27.6,95360,0
TBC.US,D,20200819,000000,27.6,27.76,27.56,27.73,50354,0
TBC.US,D,20200820,000000,27.61,27.87,27.61,27.85,54942,0
TBC.US,D,20200821,000000,27.85,27.85,27.7,27.78,31420,0
TBC.US,D,20200824,000000,27.8,27.91,27.78,27.84,38960,0
TBC.US,D,20200825,000000,27.78,27.8142,27.78,27.79,48883,0
TBC.US,D,20200826,000000,27.81,27.98,27.7785,27.94,55415,0
TBC.US,D,20200827,000000,27.94,27.94,27.79,27.8,48239,0
TBC.US,D,20200828,000000,27.76,27.8,27.58,27.58,41283,0
TBC.US,D,20200831,000000,27.54,27.55,27.37,27.44,103277,0
TBC.US,D,20200901,000000,27.5,27.55,27.47,27.5,54535,0
TBC.US,D,20200902,000000,27.5,27.5,27.38,27.38,74682,0
TBC.US,D,20200903,000000,27.38,27.427,27.18,27.2,118579,0
TBC.US,D,20200904,000000,27.2,27.25,27.09,27.14,41038,0
TBC.US,D,20200908,000000,27.14,27.18,27.02,27.02,32450,0
TBC.US,D,20200909,000000,27.12,27.18,27.02,27.14,78435,0
TBC.US,D,20200910,000000,27.18,27.26,27.09,27.18,51036,0
TBC.US,D,20200911,000000,27.18,27.2399,27.13,27.19,39544,0
TBC.US,D,20200914,000000,27.2,27.34,27.19,27.2,33100,0
TBC.US,D,20200915,000000,27.23,27.35,27.22,27.29,80007,0
TBC.US,D,20200916,000000,27.3,27.39,27.26,27.26,64882,0
TBC.US,D,20200917,000000,27.18,27.33,27.13,27.15,40574,0
TBC.US,D,20200918,000000,27.2,27.2,27.01,27.02,61587,0
TBC.US,D,20200921,000000,26.99,26.99,26.9,26.97,94168,0
TBC.US,D,20200922,000000,27,27.11,26.95,27.1,210662,0
TBC.US,D,20200923,000000,27.11,27.18,26.95,27,175102,0
TBC.US,D,20200924,000000,26.94,27.05,26.89,26.94,61929,0
TBC.US,D,20200925,000000,26.99,27.1099,26.95,27.06,160818,0
TBC.US,D,20200928,000000,27.2,27.2,27.08,27.08,71939,0
TBC.US,D,20200929,000000,27.14,27.183,27.05,27.09,55414,0
TBC.US,D,20200930,000000,27.13,27.24,26.97,26.98,206310,0
TBC.US,D,20201001,000000,27.12,27.3,27.0301,27.29,60899,0
TBC.US,D,20201002,000000,27.22,27.29,27.1,27.21,126307,0
TBC.US,D,20201005,000000,27.28,27.43,27.26,27.42,82120,0
TBC.US,D,20201006,000000,27.48,27.65,27.41,27.64,106256,0
TBC.US,D,20201007,000000,27.6,27.77,27.6,27.75,76349,0
TBC.US,D,20201008,000000,27.75,27.75,27.66,27.75,46042,0
TBC.US,D,20201009,000000,27.71,27.75,27.62,27.65,37164,0
TBC.US,D,20201012,000000,27.64,27.7,27.58,27.7,50445,0
TBC.US,D,20201013,000000,27.67,27.9,27.65,27.89,84118,0
TBC.US,D,20201014,000000,27.89,27.89,27.72,27.77,40132,0
TBC.US,D,20201015,000000,27.3,27.47,27.26,27.43,34613,0
TBC.US,D,20201016,000000,27.36,27.43,27.34,27.39,58099,0
TBC.US,D,20201019,000000,27.39,27.69,27.27,27.56,237237,0
TBC.US,D,20201020,000000,27.57,27.77,27.4613,27.73,46449,0
TBC.US,D,20201021,000000,27.72,27.72,27.36,27.45,104373,0
TBC.US,D,20201022,000000,27.55,27.6,27.36,27.5,96803,0
TBC.US,D,20201023,000000,27.5,27.55,27.44,27.54,48283,0
TBC.US,D,20201026,000000,27.54,27.6,27.36,27.45,58535,0
TBC.US,D,20201027,000000,27.48,27.5221,27.3525,27.45,32382,0
TBC.US,D,20201028,000000,27.3,27.45,27.17,27.21,46563,0
TBC.US,D,20201029,000000,27.13,27.35,27.1,27.1,44188,0
TBC.US,D,20201030,000000,27.17,27.23,26.89,27.01,111795,0
TBC.US,D,20201102,000000,27.05,27.1347,26.88,26.89,53784,0
TBC.US,D,20201103,000000,26.96,27.139,26.9054,26.94,79866,0
TBC.US,D,20201104,000000,27.04,27.3044,27.04,27.22,37421,0
TBC.US,D,20201105,000000,27.3,27.4348,27.3,27.34,43539,0
TBC.US,D,20201106,000000,27.34,27.42,27.16,27.17,30347,0
TBC.US,D,20201109,000000,27.31,27.55,27.1933,27.53,81792,0
TBC.US,D,20201110,000000,27.5,27.6,27.41,27.41,70570,0
TBC.US,D,20201111,000000,27.47,27.47,27.35,27.37,30609,0
TBC.US,D,20201112,000000,27.37,27.47,27.3431,27.401,23348,0
TBC.US,D,20201113,000000,27.46,27.56,27.44,27.53,32981,0
TBC.US,D,20201116,000000,27.51,27.66,27.44,27.64,43761,0
TBC.US,D,20201117,000000,27.6,27.71,27.51,27.53,68145,0
TBC.US,D,20201118,000000,27.5,27.59,27.48,27.5,50870,0
TBC.US,D,20201119,000000,27.55,27.68,27.51,27.61,35538,0
TBC.US,D,20201120,000000,27.61,27.7,27.55,27.69,78001,0
TBC.US,D,20201123,000000,27.66,27.86,27.61,27.84,35622,0
TBC.US,D,20201124,000000,27.8,27.87,27.7548,27.87,37031,0
TBC.US,D,20201125,000000,27.8,27.85,27.7,27.74,63546,0
TBC.US,D,20201127,000000,27.74,27.85,27.7004,27.83,11116,0
TBC.US,D,20201130,000000,27.77,27.82,27.66,27.66,88595,0
TBC.US,D,20201201,000000,27.7,27.76,27.67,27.75,39313,0
TBC.US,D,20201202,000000,27.7,27.8563,27.7,27.78,29065,0
TBC.US,D,20201203,000000,27.79,27.829,27.61,27.69,74747,0
TBC.US,D,20201204,000000,27.69,27.69,27.57,27.57,97239,0
TBC.US,D,20201207,000000,27.64,27.67,27.53,27.57,78799,0
TBC.US,D,20201208,000000,27.67,27.74,27.63,27.7,53481,0
TBC.US,D,20201209,000000,27.7,27.74,27.7,27.71,36071,0
TBC.US,D,20201210,000000,27.74,27.79,27.5,27.55,49827,0
TBC.US,D,20201211,000000,27.57,27.7,27.55,27.65,57949,0
TBC.US,D,20201214,000000,27.65,27.726,27.56,27.57,47835,0
TBC.US,D,20201215,000000,27.64,27.74,27.59,27.67,55013,0
TBC.US,D,20201216,000000,27.66,27.85,27.66,27.84,31839,0
TBC.US,D,20201217,000000,27.86,27.8844,27.74,27.85,29377,0
TBC.US,D,20201218,000000,27.87,27.9,27.7715,27.9,25471,0
TBC.US,D,20201221,000000,27.75,27.94,27.7,27.86,50937,0
TBC.US,D,20201222,000000,27.9,28,27.8,27.93,65077,0
TBC.US,D,20201223,000000,27.95,28.11,27.87,28.11,48140,0
TBC.US,D,20201224,000000,28.12,28.18,28.06,28.14,36620,0
TBC.US,D,20201228,000000,28.14,28.14,28.04,28.06,50903,0
TBC.US,D,20201229,000000,28.06,28.1127,27.81,27.83,129827,0
TBC.US,D,20201230,000000,27.83,27.98,27.83,27.9,43445,0
TBC.US,D,20201231,000000,27.88,28.14,27.84,28.14,196960,0
TBC.US,D,20210104,000000,28.04,28.1,27.82,27.82,53370,0
TBC.US,D,20210105,000000,27.81,27.96,27.79,27.85,58440,0
TBC.US,D,20210106,000000,27.86,27.88,27.35,27.56,83292,0
TBC.US,D,20210107,000000,27.4,27.78,27.29,27.69,168996,0
TBC.US,D,20210108,000000,27.69,27.73,27.55,27.73,28682,0
TBC.US,D,20210111,000000,27.6,27.6,27.26,27.26,51239,0
TBC.US,D,20210112,000000,27.33,27.415,27.1,27.38,62070,0
TBC.US,D,20210113,000000,27.38,27.65,27.38,27.64,30734,0
TBC.US,D,20210114,000000,27.4,27.68,27.31,27.68,62418,0
TBC.US,D,20210115,000000,27.58,27.64,27.49,27.53,44032,0
TBC.US,D,20210119,000000,27.53,27.64,27.3901,27.62,33772,0
TBC.US,D,20210120,000000,27.6,27.75,27.59,27.73,44094,0
TBC.US,D,20210121,000000,27.75,27.75,27.54,27.63,49767,0
TBC.US,D,20210122,000000,27.69,27.768,27.5633,27.72,30858,0
TBC.US,D,20210125,000000,27.72,27.72,27.62,27.65,35507,0
TBC.US,D,20210126,000000,27.63,27.7,27.63,27.65,26428,0
TBC.US,D,20210127,000000,27.65,27.68,27.31,27.31,32398,0
TBC.US,D,20210128,000000,27.32,27.49,27.32,27.46,28331,0
TBC.US,D,20210129,000000,27.43,27.57,27.3,27.5,82361,0
TBC.US,D,20210201,000000,27.69,27.76,27.53,27.65,45366,0
TBC.US,D,20210202,000000,27.65,27.8,27.64,27.73,31699,0
TBC.US,D,20210203,000000,27.66,27.6793,27.52,27.52,40203,0
TBC.US,D,20210204,000000,27.57,27.65,27.3779,27.58,48208,0
TBC.US,D,20210205,000000,27.58,27.65,27.4851,27.59,22228,0
TBC.US,D,20210208,000000,27.59,27.65,27.55,27.57,22135,0
TBC.US,D,20210209,000000,27.65,27.69,27.54,27.61,24293,0
TBC.US,D,20210210,000000,27.6,27.6257,27.471,27.5,32370,0
TBC.US,D,20210211,000000,27.62,27.62,27.17,27.23,59419,0
TBC.US,D,20210212,000000,27.14,27.27,26.82,27.14,141911,0
TBC.US,D,20210216,000000,26.93,27.09,26.71,26.71,88375,0
TBC.US,D,20210217,000000,26.74,26.85,26.64,26.69,48428,0
TBC.US,D,20210218,000000,26.69,26.74,26.61,26.72,59903,0
TBC.US,D,20210219,000000,26.72,26.8,26.54,26.59,77111,0
TBC.US,D,20210222,000000,26.6,26.628,26.38,26.4,78805,0
TBC.US,D,20210223,000000,26.47,26.49,26.3403,26.42,32070,0
TBC.US,D,20210224,000000,26.46,26.46,26.07,26.18,194402,0
TBC.US,D,20210225,000000,26.18,26.24,26.02,26.1,119164,0
TBC.US,D,20210226,000000,26.15,26.28,26.03,26.28,80318,0
TBC.US,D,20210301,000000,26.42,26.5,26.31,26.5,60429,0
TBC.US,D,20210302,000000,26.52,26.58,26.36,26.54,54301,0
TBC.US,D,20210303,000000,26.5,26.65,26.4635,26.54,87748,0
TBC.US,D,20210304,000000,26.59,26.72,26.5,26.6,125887,0
TBC.US,D,20210305,000000,26.6,26.71,26.5277,26.66,47799,0
TBC.US,D,20210308,000000,26.65,26.73,26.5861,26.71,36686,0
TBC.US,D,20210309,000000,26.86,26.86,26.67,26.79,40803,0
TBC.US,D,20210310,000000,26.79,26.82,26.68,26.77,67444,0
TBC.US,D,20210311,000000,26.79,26.9025,26.78,26.88,56350,0
TBC.US,D,20210312,000000,26.79,26.79,26.61,26.78,82556,0
TBC.US,D,20210315,000000,26.71,27.04,26.71,27.03,59221,0
TBC.US,D,20210316,000000,27,27.25,26.98,27.25,79422,0
TBC.US,D,20210317,000000,27.1,27.23,27.1,27.2,53602,0
TBC.US,D,20210318,000000,27.15,27.16,26.55,26.6,115469,0
TBC.US,D,20210319,000000,26.77,27.13,26.61,26.75,79275,0
TBC.US,D,20210322,000000,26.78,26.8795,26.75,26.83,52929,0
TBC.US,D,20210323,000000,26.85,26.94,26.75,26.82,35092,0
TBC.US,D,20210324,000000,26.9,27.14,26.8772,27.12,59537,0
TBC.US,D,20210325,000000,27.12,27.12,27.0278,27.05,16540,0
TBC.US,D,20210326,000000,27.11,27.11,26.95,26.96,36124,0
TBC.US,D,20210329,000000,26.96,27.0586,26.85,26.85,31307,0
TBC.US,D,20210330,000000,26.9,27.09,26.87,27.08,28830,0
TBC.US,D,20210331,000000,27.1,27.2,26.91,26.92,105708,0
TBC.US,D,20210401,000000,27.01,27.18,27.01,27.18,53086,0
TBC.US,D,20210405,000000,27.21,27.3,27.1205,27.27,77189,0
TBC.US,D,20210406,000000,27.23,27.4719,27.23,27.41,105832,0
TBC.US,D,20210407,000000,27.36,27.44,27.35,27.38,36276,0
TBC.US,D,20210408,000000,27.43,27.43,27.27,27.36,31785,0
TBC.US,D,20210409,000000,27.32,27.39,27.2261,27.36,43311,0
TBC.US,D,20210412,000000,27.39,27.39,27.32,27.34,32697,0
TBC.US,D,20210413,000000,27.39,27.5599,27.3439,27.48,40680,0
TBC.US,D,20210414,000000,27.43,27.5,27.43,27.46,26204,0
TBC.US,D,20210415,000000,27.23,27.29,27.15,27.27,32658,0
TBC.US,D,20210416,000000,27.23,27.33,27.2101,27.33,35242,0
TBC.US,D,20210419,000000,27.3,27.3,27.16,27.16,30854,0
TBC.US,D,20210420,000000,27.16,27.2099,27.15,27.15,35254,0
TBC.US,D,20210421,000000,27.15,27.28,27.13,27.265,32805,0
TBC.US,D,20210422,000000,27.23,27.3,27.2,27.26,23761,0
TBC.US,D,20210423,000000,27.22,27.37,27.21,27.26,45844,0
TBC.US,D,20210426,000000,27.25,27.36,27.25,27.36,29706,0
TBC.US,D,20210427,000000,27.34,27.34,27.21,27.23,29122,0
TBC.US,D,20210428,000000,27.23,27.29,27.12,27.18,36983,0
TBC.US,D,20210429,000000,27.2,27.2142,27.1,27.11,28814,0
TBC.US,D,20210430,000000,27.11,27.166,26.97,27,80087,0
TBC.US,D,20210503,000000,27.1,27.21,27.047,27.2,39750,0
TBC.US,D,20210504,000000,27.11,27.26,27.08,27.21,48410,0
TBC.US,D,20210505,000000,27.24,27.2792,27.09,27.09,20611,0
TBC.US,D,20210506,000000,27.03,27.13,26.9,27.06,37809,0
TBC.US,D,20210507,000000,27.04,27.17,27.04,27.1,60840,0
TBC.US,D,20210510,000000,27.1,27.13,26.99,27,25551,0
TBC.US,D,20210511,000000,26.89,26.93,26.75,26.85,46678,0
TBC.US,D,20210512,000000,26.77,26.77,26.41,26.45,91595,0
TBC.US,D,20210513,000000,26.53,26.6822,26.5206,26.56,54210,0
TBC.US,D,20210514,000000,26.63,26.8775,26.625,26.68,19719,0
TBC.US,D,20210517,000000,26.69,26.8641,26.69,26.7199,21405,0
TBC.US,D,20210518,000000,26.7,26.72,26.6044,26.71,35384,0
TBC.US,D,20210519,000000,26.6,26.73,26.6,26.68,43051,0
TBC.US,D,20210520,000000,26.7,26.785,26.6601,26.73,45810,0
TBC.US,D,20210521,000000,26.71,26.85,26.68,26.83,73683,0
TBC.US,D,20210524,000000,26.93,26.93,26.7938,26.86,28940,0
TBC.US,D,20210525,000000,26.89,26.89,26.78,26.83,41076,0
TBC.US,D,20210526,000000,26.82,26.855,26.76,26.78,17809,0
TBC.US,D,20210527,000000,26.77,26.84,26.76,26.83,34175,0
TBC.US,D,20210528,000000,26.78,26.89,26.77,26.85,98933,0
TBC.US,D,20210601,000000,26.86,26.9497,26.8204,26.9,34784,0
TBC.US,D,20210602,000000,26.95,27.07,26.91,27.04,46119,0
TBC.US,D,20210603,000000,27.07,27.13,26.935,27.12,37040,0
TBC.US,D,20210604,000000,27.16,27.21,27.12,27.17,20861,0
TBC.US,D,20210607,000000,27.21,27.23,27.03,27.06,42147,0
TBC.US,D,20210608,000000,27.07,27.15,27.01,27.05,42165,0
TBC.US,D,20210609,000000,27.05,27.13,27.02,27.101,27866,0
TBC.US,D,20210610,000000,27.06,27.1963,27.06,27.19,45915,0
TBC.US,D,20210611,000000,27.19,27.24,27.1,27.24,29912,0
TBC.US,D,20210614,000000,27.28,27.4,27.2,27.4,41017,0
TBC.US,D,20210615,000000,27.37,27.37,27.26,27.31,31080,0
TBC.US,D,20210616,000000,27.25,27.37,27.15,27.28,74028,0
TBC.US,D,20210617,000000,27.28,27.3963,27.1968,27.39,43357,0
TBC.US,D,20210618,000000,27.33,27.39,27.26,27.37,32228,0
TBC.US,D,20210621,000000,27.37,27.45,27.29,27.44,50561,0
TBC.US,D,20210622,000000,27.42,27.65,27.4,27.65,72051,0
TBC.US,D,20210623,000000,27.63,27.73,27.6,27.7287,60932,0
TBC.US,D,20210624,000000,27.72,27.72,27.61,27.7,39957,0
TBC.US,D,20210625,000000,27.7,27.7,27.57,27.7,35204,0
TBC.US,D,20210628,000000,27.69,27.72,27.54,27.72,20777,0
TBC.US,D,20210629,000000,27.69,27.7,27.5713,27.7,21046,0
TBC.US,D,20210630,000000,27.68,27.77,27.63,27.67,103263,0
TBC.US,D,20210701,000000,27.67,27.7799,27.6316,27.73,17922,0
TBC.US,D,20210702,000000,27.7,27.79,27.7,27.75,36718,0
TBC.US,D,20210706,000000,27.75,27.87,27.75,27.87,21297,0
TBC.US,D,20210707,000000,27.75,27.8299,27.7,27.73,70718,0
TBC.US,D,20210708,000000,27.7,27.74,27.62,27.74,34993,0
TBC.US,D,20210709,000000,27.68,27.75,27.66,27.67,24322,0
TBC.US,D,20210712,000000,27.66,27.715,27.64,27.66,47639,0
TBC.US,D,20210713,000000,27.64,27.695,27.46,27.5,52286,0
TBC.US,D,20210714,000000,27.59,27.71,27.5506,27.69,49388,0
TBC.US,D,20210715,000000,27.4,27.4,27.26,27.33,33555,0
TBC.US,D,20210716,000000,27.33,27.38,27.2572,27.32,17287,0
TBC.US,D,20210719,000000,27.25,27.2507,27.09,27.12,71574,0
TBC.US,D,20210720,000000,27.11,27.32,27.11,27.25,19246,0
TBC.US,D,20210721,000000,27.25,27.255,27.12,27.15,31824,0
TBC.US,D,20210722,000000,27.17,27.1899,27.12,27.141,14003,0
TBC.US,D,20210723,000000,27.1,27.17,27.0307,27.0307,53713,0
TBC.US,D,20210726,000000,27.03,27.09,27,27,29964,0
TBC.US,D,20210727,000000,27,27.14,26.9,27.03,26467,0
TBC.US,D,20210728,000000,27.09,27.09,26.95,27.08,31892,0
TBC.US,D,20210729,000000,27.03,27.17,27.03,27.16,29591,0
TBC.US,D,20210730,000000,27.09,27.43,27.09,27.43,80376,0
TBC.US,D,20210802,000000,27.43,27.6,27.36,27.54,41122,0
TBC.US,D,20210803,000000,27.54,27.54,27.35,27.35,58438,0
TBC.US,D,20210804,000000,27.24,27.3301,27.24,27.28,42642,0
TBC.US,D,20210805,000000,27.29,27.45,27.29,27.45,26856,0
TBC.US,D,20210806,000000,27.35,27.44,27.33,27.37,26877,0
TBC.US,D,20210809,000000,27.37,27.4,27.23,27.23,20974,0
TBC.US,D,20210810,000000,27.23,27.25,27.1,27.22,23517,0
TBC.US,D,20210811,000000,27.22,27.29,27.11,27.27,17011,0
TBC.US,D,20210812,000000,27.22,27.3491,27.214,27.34,41930,0
TBC.US,D,20210813,000000,27.34,27.39,27.24,27.35,28402,0
TBC.US,D,20210816,000000,27.36,27.37,27.25,27.37,25799,0
TBC.US,D,20210817,000000,27.32,27.37,27.19,27.23,43206,0
TBC.US,D,20210818,000000,27.2,27.27,27.09,27.21,37056,0
TBC.US,D,20210819,000000,27.21,27.27,26.96,27.02,81947,0
TBC.US,D,20210820,000000,27.06,27.14,27.05,27.1,24575,0
TBC.US,D,20210823,000000,27.14,27.209,27.1,27.1,13306,0
TBC.US,D,20210824,000000,27.16,27.22,27.16,27.21,31333,0
TBC.US,D,20210825,000000,27.22,27.24,27.15,27.21,41024,0
TBC.US,D,20210826,000000,27.23,27.24,27.15,27.19,33073,0
TBC.US,D,20210827,000000,27.21,27.4,27.15,27.39,49345,0
TBC.US,D,20210830,000000,27.39,27.42,27.2739,27.31,53732,0
TBC.US,D,20210831,000000,27.31,27.3407,27.2,27.27,134859,0
TBC.US,D,20210901,000000,27.36,27.45,27.28,27.35,49852,0
TBC.US,D,20210902,000000,27.42,27.48,27.33,27.44,60949,0
TBC.US,D,20210903,000000,27.44,27.44,27.3,27.38,41677,0
TBC.US,D,20210907,000000,27.38,27.38,27.27,27.35,36660,0
TBC.US,D,20210908,000000,27.35,27.35,27.27,27.33,24623,0
TBC.US,D,20210909,000000,27.33,27.4,27.27,27.39,35032,0
TBC.US,D,20210910,000000,27.37,27.43,27.35,27.39,34790,0
TBC.US,D,20210913,000000,27.39,27.44,27.36,27.37,28883,0
TBC.US,D,20210914,000000,27.44,27.44,27.32,27.35,20672,0
TBC.US,D,20210915,000000,27.37,27.4,27.12,27.12,141625,0
TBC.US,D,20210916,000000,27.14,27.2399,27.05,27.23,31034,0
TBC.US,D,20210917,000000,27.25,27.291,27.1,27.16,34907,0
TBC.US,D,20210920,000000,27.06,27.2406,26.9,26.91,44228,0
TBC.US,D,20210921,000000,26.98,27.11,26.93,26.96,40315,0
TBC.US,D,20210922,000000,27.06,27.19,26.98,27.19,33999,0
TBC.US,D,20210923,000000,27.24,27.29,26.9627,27.15,52308,0
TBC.US,D,20210924,000000,27.16,27.17,27.0377,27.06,15398,0
TBC.US,D,20210927,000000,27.01,27.02,26.92,26.99,53078,0
TBC.US,D,20210928,000000,26.96,26.9899,26.775,26.96,68675,0
TBC.US,D,20210929,000000,26.92,27.1,26.9017,27.05,25936,0
TBC.US,D,20210930,000000,27.08,27.08,26.94,26.98,116627,0
TBC.US,D,20211001,000000,27.1,27.1,26.98,26.99,22102,0
TBC.US,D,20211004,000000,27,27,26.81,26.81,28917,0
TBC.US,D,20211005,000000,26.86,26.9499,26.82,26.83,38294,0
TBC.US,D,20211006,000000,26.83,26.96,26.83,26.94,22405,0
TBC.US,D,20211007,000000,26.91,27.0195,26.9,26.96,26770,0
TBC.US,D,20211008,000000,27,27.03,26.88,26.98,21263,0
TBC.US,D,20211011,000000,27.04,27.09,26.94,27.03,28213,0
TBC.US,D,20211012,000000,27.02,27.14,27,27.12,26656,0
TBC.US,D,20211013,000000,27.06,27.37,27.06,27.25,43363,0
TBC.US,D,20211014,000000,26.99,27.2199,26.8972,26.97,83757,0
TBC.US,D,20211015,000000,27,27,26.89,26.9,17844,0
TBC.US,D,20211018,000000,26.85,26.89,26.8,26.81,37806,0
TBC.US,D,20211019,000000,26.85,26.9,26.77,26.84,33008,0
TBC.US,D,20211020,000000,26.77,27.02,26.77,26.99,32226,0
TBC.US,D,20211021,000000,27.05,27.05,26.89,26.99,23652,0
TBC.US,D,20211022,000000,26.99,27.07,26.979,27.025,31977,0
TBC.US,D,20211025,000000,26.99,27.15,26.9821,27.09,34356,0
TBC.US,D,20211026,000000,27.05,27.13,26.96,27,49803,0
TBC.US,D,20211027,000000,27,27.1373,26.98,26.99,48755,0
TBC.US,D,20211028,000000,27,27.05,26.98,27,14390,0
TBC.US,D,20211029,000000,26.89,27.0499,26.89,26.93,84675,0
TBC.US,D,20211101,000000,27,27.18,26.9112,27.13,65791,0
TBC.US,D,20211102,000000,27.13,27.18,27.0201,27.18,41467,0
TBC.US,D,20211103,000000,27.1,27.241,27.0586,27.22,68397,0
TBC.US,D,20211104,000000,27.21,27.22,27.1,27.15,34273,0
TBC.US,D,20211105,000000,27.13,27.22,27.12,27.21,41930,0
TBC.US,D,20211108,000000,27.14,27.1987,27.07,27.12,21182,0
TBC.US,D,20211109,000000,27.09,27.19,27.02,27.05,24476,0
TBC.US,D,20211110,000000,27.04,27.04,26.92,26.96,41049,0
TBC.US,D,20211111,000000,26.96,27.0316,26.91,26.95,20679,0
TBC.US,D,20211112,000000,26.91,27.0299,26.9,26.9,27598,0
TBC.US,D,20211115,000000,26.87,26.93,26.86,26.86,28483,0
TBC.US,D,20211116,000000,26.86,26.92,26.86,26.87,38049,0
TBC.US,D,20211117,000000,26.85,26.98,26.81,26.85,37940,0
TBC.US,D,20211118,000000,26.86,26.9,26.75,26.77,37724,0
TBC.US,D,20211119,000000,26.81,26.88,26.81,26.83,14083,0
TBC.US,D,20211122,000000,26.83,26.95,26.74,26.77,48702,0
TBC.US,D,20211123,000000,26.76,26.85,26.7,26.75,35966,0
TBC.US,D,20211124,000000,26.76,26.76,26.7,26.71,28108,0
TBC.US,D,20211126,000000,26.65,26.67,26.42,26.55,53078,0
TBC.US,D,20211129,000000,26.57,26.729,26.5601,26.59,33147,0
TBC.US,D,20211130,000000,26.6,26.63,26.41,26.53,130690,0
TBC.US,D,20211201,000000,26.63,26.73,26.53,26.55,34890,0
TBC.US,D,20211202,000000,26.58,26.7794,26.5718,26.72,64418,0
TBC.US,D,20211203,000000,26.78,26.88,26.62,26.88,33248,0
TBC.US,D,20211206,000000,26.85,26.85,26.6879,26.78,27388,0
TBC.US,D,20211207,000000,26.8,26.88,26.7834,26.87,41292,0
TBC.US,D,20211208,000000,26.83,26.87,26.71,26.83,63493,0
TBC.US,D,20211209,000000,26.74,26.9099,26.74,26.87,46480,0
TBC.US,D,20211210,000000,26.86,26.86,26.76,26.79,29700,0
TBC.US,D,20211213,000000,26.72,26.89,26.69,26.82,26982,0
TBC.US,D,20211214,000000,26.77,26.803,26.72,26.77,29216,0
TBC.US,D,20211215,000000,26.78,26.8,26.68,26.75,30601,0
TBC.US,D,20211216,000000,26.73,26.94,26.72,26.93,33389,0
TBC.US,D,20211217,000000,26.88,26.95,26.72,26.72,73076,0
TBC.US,D,20211220,000000,26.68,26.81,26.55,26.6,45848,0
TBC.US,D,20211221,000000,26.7,26.7699,26.57,26.61,40395,0
TBC.US,D,20211222,000000,26.64,26.8099,26.64,26.8,19195,0
TBC.US,D,20211223,000000,26.76,26.9,26.71,26.81,28257,0
TBC.US,D,20211227,000000,26.86,26.8628,26.75,26.8,36317,0
TBC.US,D,20211228,000000,26.74,26.85,26.72,26.76,9057,0
TBC.US,D,20211229,000000,26.78,26.99,26.72,26.98,22277,0
TBC.US,D,20211230,000000,26.96,27.12,26.915,27.1,18335,0
TBC.US,D,20211231,000000,26.96,27.21,26.96,27.17,74832,0
TBC.US,D,20220103,000000,27.08,27.1674,27.0408,27.06,28064,0
TBC.US,D,20220104,000000,27.03,27.03,26.81,26.86,53328,0
TBC.US,D,20220105,000000,26.95,26.9985,26.61,26.62,56802,0
TBC.US,D,20220106,000000,26.65,26.775,26.5039,26.61,77931,0
TBC.US,D,20220107,000000,26.6,26.675,26.4631,26.63,51568,0
TBC.US,D,20220110,000000,26.6,26.62,26.51,26.54,35899,0
TBC.US,D,20220111,000000,26.54,26.716,26.5097,26.7,33551,0
TBC.US,D,20220112,000000,26.71,26.74,26.54,26.59,79497,0
TBC.US,D,20220113,000000,26.3,26.39,26.27,26.36,59386,0
TBC.US,D,20220114,000000,26.36,26.3794,26.3,26.3,27102,0
TBC.US,D,20220118,000000,26.25,26.255,26.09,26.09,33864,0
TBC.US,D,20220119,000000,26.1,26.2099,26.02,26.03,42440,0
TBC.US,D,20220120,000000,26.09,26.16,26.04,26.04,46831,0
TBC.US,D,20220121,000000,26.01,26.07,26,26.01,36218,0
TBC.US,D,20220124,000000,25.99,26,25.81,26,52935,0
TBC.US,D,20220125,000000,25.98,25.99,25.88,25.95,37400,0
TBC.US,D,20220126,000000,26,26.08,25.87,25.95,89529,0
TBC.US,D,20220127,000000,25.98,26.0592,25.7587,25.8,74459,0
TBC.US,D,20220128,000000,25.71,25.89,25.7,25.76,52835,0
TBC.US,D,20220131,000000,25.83,26.42,25.7965,26.33,168534,0
TBC.US,D,20220201,000000,26.35,26.38,26.2,26.27,41539,0
TBC.US,D,20220202,000000,26.22,26.23,25.99,26.05,47481,0
TBC.US,D,20220203,000000,25.94,26.05,25.73,25.9,30909,0
TBC.US,D,20220204,000000,25.8,25.95,25.7895,25.85,44915,0
TBC.US,D,20220207,000000,25.85,25.9055,25.679,25.775,62558,0
TBC.US,D,20220208,000000,25.7,25.7661,25.66,25.67,65640,0
TBC.US,D,20220209,000000,25.76,25.83,25.68,25.7,47313,0
TBC.US,D,20220210,000000,25.65,25.88,25.6,25.83,91456,0
TBC.US,D,20220211,000000,25.81,25.86,25.4,25.45,106621,0
TBC.US,D,20220214,000000,25.46,25.54,25.34,25.43,95380,0
TBC.US,D,20220215,000000,25.45,25.5319,25.42,25.44,44536,0
TBC.US,D,20220216,000000,25.41,25.5922,25.41,25.52,50838,0
TBC.US,D,20220217,000000,25.53,25.65,25.4,25.41,53529,0
TBC.US,D,20220218,000000,25.4,25.61,25.4,25.5,81349,0
TBC.US,D,20220222,000000,25.46,25.48,25.36,25.44,61631,0
TBC.US,D,20220223,000000,25.46,25.56,25.4,25.4,79119,0
TBC.US,D,20220224,000000,25.3,25.43,25.13,25.32,85705,0
TBC.US,D,20220225,000000,25.4,25.55,25.4,25.45,29586,0
TBC.US,D,20220228,000000,25.47,25.58,25.34,25.34,85880,0
TBC.US,D,20220301,000000,25.35,25.49,25.34,25.36,83767,0
TBC.US,D,20220302,000000,25.4,25.5,25.4,25.47,94107,0
TBC.US,D,20220303,000000,25.5,25.52,25.41,25.42,61017,0
TBC.US,D,20220304,000000,25.46,25.46,25.34,25.46,71076,0
TBC.US,D,20220307,000000,25.45,25.49,25.38,25.45,68144,0
TBC.US,D,20220308,000000,25.5,25.55,25.4066,25.5,56215,0
TBC.US,D,20220309,000000,25.61,25.71,25.57,25.71,27158,0
TBC.US,D,20220310,000000,25.62,25.65,25.54,25.6,19047,0
TBC.US,D,20220311,000000,25.74,25.74,25.56,25.62,56358,0
TBC.US,D,20220314,000000,25.6,25.63,25.32,25.32,121807,0
TBC.US,D,20220315,000000,25.36,25.4942,25.36,25.47,42681,0
TBC.US,D,20220316,000000,25.45,25.65,25.41,25.52,41077,0
TBC.US,D,20220317,000000,25.65,25.84,24.62,25.81,37459,0
TBC.US,D,20220318,000000,25.8,26.04,25.8,26.04,169223,0
TBC.US,D,20220321,000000,25.97,25.9799,25.81,25.81,31827,0
TBC.US,D,20220322,000000,25.76,25.8183,25.61,25.7,33620,0
TBC.US,D,20220323,000000,25.7,25.7418,25.65,25.69,41332,0
TBC.US,D,20220324,000000,25.76,25.76,25.65,25.67,31558,0
TBC.US,D,20220325,000000,25.74,25.75,25.24,25.28,153409,0
TBC.US,D,20220328,000000,25.38,25.45,25.33,25.39,19335,0
TBC.US,D,20220329,000000,25.46,25.4899,25.36,25.42,178031,0
TBC.US,D,20220330,000000,25.46,25.71,25.44,25.58,300861,0
TBC.US,D,20220331,000000,25.67,25.72,25.47,25.47,94217,0
TBC.US,D,20220401,000000,25.47,25.56,25.38,25.41,53546,0
TBC.US,D,20220404,000000,25.44,25.51,25.38,25.43,51122,0
TBC.US,D,20220405,000000,25.41,25.435,25.2,25.2,116908,0
TBC.US,D,20220406,000000,25.2,25.22,25.1,25.2,131231,0
TBC.US,D,20220407,000000,25.24,25.3925,25.23,25.27,75958,0
TBC.US,D,20220408,000000,25.2,25.34,25.2,25.23,25769,0
TBC.US,D,20220411,000000,25.21,25.25,25.1,25.1,88355,0
TBC.US,D,20220412,000000,25.19,25.27,25.1,25.13,89591,0
TBC.US,D,20220413,000000,24.89,25.06,24.85,25.01,112290,0
TBC.US,D,20220414,000000,24.96,25.02,24.85,24.95,92492,0
TBC.US,D,20220418,000000,24.95,25.044,24.93,24.95,52625,0
TBC.US,D,20220419,000000,24.96,24.9857,24.8399,24.92,56357,0
TBC.US,D,20220420,000000,24.97,25.09,24.92,25.01,41846,0
TBC.US,D,20220421,000000,25.19,25.19,24.92,25,54300,0
TBC.US,D,20220422,000000,25,25.12,24.9302,25.06,120030,0
TBC.US,D,20220425,000000,25.1,25.12,25,25.06,56399,0
TBC.US,D,20220426,000000,25.13,25.14,25.02,25.02,54891,0
TBC.US,D,20220427,000000,25.06,25.13,24.82,24.82,52615,0
TBC.US,D,20220428,000000,24.88,25.05,24.8,24.92,120381,0
TBC.US,D,20220429,000000,24.92,25,24.8,25,155509,0
TBC.US,D,20220502,000000,24.99,24.99,24.72,24.82,66849,0
TBC.US,D,20220503,000000,24.81,24.94,24.81,24.9,66351,0
TBC.US,D,20220504,000000,24.92,25.2571,24.81,25.19,35604,0
TBC.US,D,20220505,000000,25.12,25.17,24.97,25.1,100195,0
TBC.US,D,20220506,000000,25,25.0775,24.82,24.9,132819,0
TBC.US,D,20220509,000000,24.8,24.85,24.69,24.71,56304,0
TBC.US,D,20220510,000000,24.81,24.85,24.71,24.76,74502,0
TBC.US,D,20220511,000000,24.7,24.9699,24.7,24.75,52196,0
TBC.US,D,20220512,000000,24.75,24.9,24.75,24.87,37344,0
TBC.US,D,20220513,000000,24.87,24.98,24.87,24.96,49829,0
TBC.US,D,20220516,000000,24.96,25.18,24.92,25.15,62186,0
TBC.US,D,20220517,000000,25.24,25.33,25.1,25.1,64770,0
TBC.US,D,20220518,000000,24.98,25.17,24.94,25.08,60759,0
TBC.US,D,20220519,000000,25.08,25.27,25.08,25.16,47282,0
TBC.US,D,20220520,000000,25.2,25.28,25.12,25.15,49498,0
TBC.US,D,20220523,000000,25.12,25.31,25.12,25.24,48627,0
TBC.US,D,20220524,000000,25.18,25.33,25.1205,25.31,30621,0
TBC.US,D,20220525,000000,25.31,25.62,25.31,25.61,49152,0
TBC.US,D,20220526,000000,25.62,25.88,25.62,25.6407,74500,0
TBC.US,D,20220527,000000,25.87,25.9563,25.74,25.89,75286,0
TBC.US,D,20220531,000000,25.73,25.8881,25.57,25.65,122016,0
TBC.US,D,20220601,000000,25.71,25.8049,25.52,25.6706,16415,0
TBC.US,D,20220602,000000,25.53,25.59,25.48,25.545,50707,0
TBC.US,D,20220603,000000,25.46,25.5,25.41,25.48,33255,0
TBC.US,D,20220606,000000,25.56,25.56,25.36,25.37,22877,0
TBC.US,D,20220607,000000,25.38,25.505,25.36,25.49,35357,0
TBC.US,D,20220608,000000,25.5,25.5,25.34,25.4,39519,0
TBC.US,D,20220609,000000,25.38,25.4,25.26,25.33,46223,0
TBC.US,D,20220610,000000,25.23,25.23,24.96,25.16,95360,0
TBC.US,D,20220613,000000,24.93,25.0059,24.5412,24.58,93268,0
TBC.US,D,20220614,000000,24.77,24.78,24.5,24.65,56928,0
TBC.US,D,20220615,000000,24.72,25.1457,24.7,25.06,61765,0
TBC.US,D,20220616,000000,24.85,24.89,24.7,24.76,60041,0
TBC.US,D,20220617,000000,24.73,24.9599,24.66,24.7,181703,0
TBC.US,D,20220621,000000,24.74,25.05,24.74,25.05,31333,0
TBC.US,D,20220622,000000,24.92,25.08,24.92,25.08,24521,0
TBC.US,D,20220623,000000,25.08,25.09,25.02,25.08,21687,0
TBC.US,D,20220624,000000,25.08,25.0913,25.02,25.09,29026,0
TBC.US,D,20220627,000000,25.05,25.18,25,25.01,40272,0
TBC.US,D,20220628,000000,25.08,25.19,25.01,25.17,40242,0
TBC.US,D,20220629,000000,25.16,25.19,24.98,25.14,29508,0
TBC.US,D,20220630,000000,25.14,25.29,25.1,25.13,46601,0
TBC.US,D,20220701,000000,25.22,25.46,25.2,25.46,30582,0
TBC.US,D,20220705,000000,25.45,25.46,25.28,25.435,19408,0
TBC.US,D,20220706,000000,25.44,25.45,25.31,25.35,25169,0
TBC.US,D,20220707,000000,25.35,25.4471,25.3165,25.36,23156,0
TBC.US,D,20220708,000000,25.35,25.405,25.3106,25.4,20110,0
TBC.US,D,20220711,000000,25.36,25.43,25.36,25.42,10536,0
TBC.US,D,20220712,000000,25.45,25.5421,25.32,25.34,34448,0
TBC.US,D,20220713,000000,25.24,25.41,25.24,25.35,34108,0
TBC.US,D,20220714,000000,24.87,25.03,24.87,25.0298,30950,0
TBC.US,D,20220715,000000,25.03,25.21,25.0224,25.21,15046,0
TBC.US,D,20220718,000000,25.1,25.3413,25.1,25.165,15863,0
TBC.US,D,20220719,000000,25.17,25.3299,25.16,25.18,32371,0
TBC.US,D,20220720,000000,25.18,25.2826,24.96,25.05,96409,0
TBC.US,D,20220721,000000,25.03,25.1399,25.03,25.06,16727,0
TBC.US,D,20220722,000000,25.13,25.17,25.05,25.06,35699,0
TBC.US,D,20220725,000000,25.11,25.13,25.03,25.08,23143,0
TBC.US,D,20220726,000000,25.04,25.16,25.02,25.03,42336,0
TBC.US,D,20220727,000000,25.03,25.09,24.98,25,57777,0
TBC.US,D,20220728,000000,25.02,25.1,25,25.09,41786,0
TBC.US,D,20220729,000000,25.1,25.46,25.1,25.45,75250,0
TBC.US,D,20220801,000000,25.42,25.42,25.25,25.29,41561,0
TBC.US,D,20220802,000000,25.31,25.4,25.1544,25.4,56121,0
TBC.US,D,20220803,000000,25.44,25.5,25.3088,25.5,32864,0
TBC.US,D,20220804,000000,25.4578,25.53,25.31,25.53,54129,0
TBC.US,D,20220805,000000,25.45,25.46,25.31,25.43,57288,0
TBC.US,D,20220808,000000,25.38,25.54,25.38,25.52,51065,0
TBC.US,D,20220809,000000,25.52,25.52,25.21,25.22,42160,0
TBC.US,D,20220810,000000,25.34,25.4425,25.291,25.36,28178,0
TBC.US,D,20220811,000000,25.4,25.4,25.25,25.29,16663,0
TBC.US,D,20220812,000000,25.35,25.3999,25.3,25.32,12990,0
TBC.US,D,20220815,000000,25.34,25.4712,25.34,25.41,21882,0
TBC.US,D,20220816,000000,25.42,25.46,25.26,25.3,57833,0
TBC.US,D,20220817,000000,25.27,25.35,25.22,25.26,55937,0
TBC.US,D,20220818,000000,25.23,25.3171,25.23,25.28,9745,0
TBC.US,D,20220819,000000,25.22,25.27,25.18,25.21,20539,0
TBC.US,D,20220822,000000,25.2,25.2,25.05,25.05,12420,0
TBC.US,D,20220823,000000,25.12,25.12,24.51,24.7,103018,0
TBC.US,D,20220824,000000,24.66,24.9299,24.66,24.79,45405,0
TBC.US,D,20220825,000000,24.83,24.96,24.83,24.91,34061,0
TBC.US,D,20220826,000000,24.97,24.98,24.72,24.75,30336,0
TBC.US,D,20220829,000000,24.7,24.82,24.7,24.7,24065,0
TBC.US,D,20220830,000000,24.71,24.73,24.65,24.71,47434,0
TBC.US,D,20220831,000000,24.72,24.82,24.64,24.7,67034,0
TBC.US,D,20220901,000000,24.7,24.7,24.59,24.65,62780,0
TBC.US,D,20220902,000000,24.76,24.77,24.6528,24.665,31287,0
TBC.US,D,20220906,000000,24.68,24.69,24.39,24.39,48739,0
TBC.US,D,20220907,000000,24.45,24.55,24.45,24.47,27938,0
TBC.US,D,20220908,000000,24.47,24.6,24.31,24.31,41638,0
TBC.US,D,20220909,000000,24.4,24.63,24.3501,24.56,19429,0
TBC.US,D,20220912,000000,24.54,24.805,24.54,24.73,24232,0
TBC.US,D,20220913,000000,24.54,24.6566,24.508,24.62,27355,0
TBC.US,D,20220914,000000,24.62,24.84,24.55,24.77,31252,0
TBC.US,D,20220915,000000,24.77,24.77,24.57,24.57,22015,0
TBC.US,D,20220916,000000,24.48,24.54,24.38,24.51,35879,0
TBC.US,D,20220919,000000,24.51,24.57,24.42,24.5,54815,0
TBC.US,D,20220920,000000,24.45,24.48,24.41,24.45,27517,0
TBC.US,D,20220921,000000,24.5,24.65,24.49,24.55,27557,0
TBC.US,D,20220922,000000,24.54,24.54,24.31,24.33,72620,0
TBC.US,D,20220923,000000,24.3,24.33,24.06,24.1,65627,0
TBC.US,D,20220926,000000,24.15,24.168,23.88,23.89,57289,0
TBC.US,D,20220927,000000,23.95,24.21,23.845,24.15,62971,0
TBC.US,D,20220928,000000,24.21,24.54,24.085,24.54,45772,0
TBC.US,D,20220929,000000,24.45,24.45,24.15,24.44,51270,0
TBC.US,D,20220930,000000,24.45,24.56,24.25,24.56,245492,0
TBC.US,D,20221003,000000,24.61,24.7631,24.61,24.69,41736,0
TBC.US,D,20221004,000000,24.79,24.85,24.64,24.71,45959,0
TBC.US,D,20221005,000000,24.63,24.675,24.52,24.56,21972,0
TBC.US,D,20221006,000000,24.59,24.68,24.45,24.45,21688,0
TBC.US,D,20221007,000000,24.36,24.36,24.119,24.12,22899,0
TBC.US,D,20221010,000000,24.12,24.2,23.86,23.86,30065,0
TBC.US,D,20221011,000000,23.86,24.05,23.8,23.89,39159,0
TBC.US,D,20221012,000000,23.84,23.9,23.8,23.8,21818,0
TBC.US,D,20221013,000000,23.58,23.7,23.41,23.58,81947,0
TBC.US,D,20221014,000000,23.4,23.4499,23.11,23.12,37844,0
TBC.US,D,20221017,000000,23.24,23.33,23.02,23.05,27526,0
TBC.US,D,20221018,000000,23.1,23.16,22.84,22.87,64848,0
TBC.US,D,20221019,000000,22.8,22.885,22.66,22.7,24132,0
TBC.US,D,20221020,000000,22.68,22.83,22.23,22.23,37596,0
TBC.US,D,20221021,000000,22.16,22.38,22.1,22.13,44441,0
TBC.US,D,20221024,000000,22.13,22.335,22.13,22.23,40841,0
TBC.US,D,20221025,000000,22.53,22.58,22.35,22.51,68004,0
TBC.US,D,20221026,000000,22.6,22.7,22.56,22.63,31706,0
TBC.US,D,20221027,000000,22.74,22.84,22.71,22.77,41298,0
TBC.US,D,20221028,000000,22.8,22.8799,22.8,22.83,22081,0
TBC.US,D,20221031,000000,22.84,22.92,22.23,22.37,187178,0
TBC.US,D,20221101,000000,22.57,22.64,22.16,22.16,105875,0
TBC.US,D,20221102,000000,22.28,22.49,22.16,22.27,53533,0
TBC.US,D,20221103,000000,22.19,22.35,22.15,22.18,54642,0
TBC.US,D,20221104,000000,22.28,22.3291,21.87,21.99,63120,0
TBC.US,D,20221107,000000,22.02,22.12,21.97,22.05,48779,0
TBC.US,D,20221108,000000,22.15,22.46,22.13,22.4,38661,0
TBC.US,D,20221109,000000,22.4,22.56,22.12,22.3,51808,0
TBC.US,D,20221110,000000,22.58,23.52,22.58,23.51,52417,0
TBC.US,D,20221111,000000,23.44,23.76,23.42,23.44,42488,0
TBC.US,D,20221114,000000,23.37,23.4745,23.1851,23.26,25328,0
TBC.US,D,20221115,000000,23.41,23.88,23.36,23.87,90246,0
TBC.US,D,20221116,000000,23.8,23.91,23.6519,23.8,37823,0
TBC.US,D,20221117,000000,23.69,23.75,23.62,23.74,20592,0
TBC.US,D,20221118,000000,23.79,23.79,23.66,23.72,28277,0
TBC.US,D,20221121,000000,23.73,23.89,23.69,23.86,58946,0
TBC.US,D,20221122,000000,23.81,23.94,23.8,23.86,35586,0
TBC.US,D,20221123,000000,23.8,24.15,23.8,23.9995,49764,0
TBC.US,D,20221125,000000,24.07,24.0776,24,24.01,11329,0
TBC.US,D,20221128,000000,24.02,24.09,23.96,24.03,39011,0
TBC.US,D,20221129,000000,24.04,24.04,23.62,23.62,60908,0
TBC.US,D,20221130,000000,23.69,24.14,23.65,24.05,91404,0
TBC.US,D,20221201,000000,24.25,24.25,24,24.2221,53493,0
TBC.US,D,20221202,000000,24.14,24.45,24.14,24.32,27629,0
TBC.US,D,20221205,000000,24.22,24.4229,23.76,23.86,78737,0
TBC.US,D,20221206,000000,23.86,23.99,23.65,23.83,37450,0
TBC.US,D,20221207,000000,23.84,23.93,23.71,23.82,40602,0
TBC.US,D,20221208,000000,23.85,23.98,23.83,23.86,60266,0
TBC.US,D,20221209,000000,23.86,23.9,23.65,23.68,30764,0
TBC.US,D,20221212,000000,23.68,23.75,23.58,23.58,98971,0
TBC.US,D,20221213,000000,24,24.0999,23.77,23.9,49594,0
TBC.US,D,20221214,000000,23.95,24.11,23.903,24.03,70130,0
TBC.US,D,20221215,000000,23.94,24.09,23.92,24,84718,0
TBC.US,D,20221216,000000,23.95,24,23.8501,23.95,49570,0
TBC.US,D,20221219,000000,23.99,24.0786,23.9,23.93,41041,0
TBC.US,D,20221220,000000,23.93,24.0399,23.8601,24,47250,0
TBC.US,D,20221221,000000,24.07,24.1133,24,24.02,47972,0
TBC.US,D,20221222,000000,23.97,24.0201,23.72,23.88,63012,0
TBC.US,D,20221223,000000,23.97,23.97,23.8,23.84,146577,0
TBC.US,D,20221227,000000,23.75,23.858,23.42,23.42,62095,0
TBC.US,D,20221228,000000,23.47,23.475,22.99,22.99,54721,0
TBC.US,D,20221229,000000,23.07,23.26,22.9,22.98,62038,0
TBC.US,D,20221230,000000,22.98,23.075,22.68,22.7,101234,0
TBC.US,D,20230103,000000,22.92,23.36,22.875,22.99,49193,0
TBC.US,D,20230104,000000,23.14,23.71,23.14,23.67,54112,0
TBC.US,D,20230105,000000,23.58,23.9,23.58,23.84,36481,0
TBC.US,D,20230106,000000,24.03,24.25,23.8677,24.22,59468,0
TBC.US,D,20230109,000000,24.24,24.3923,24.04,24.16,61977,0
TBC.US,D,20230110,000000,24.21,24.25,24.09,24.19,19592,0
TBC.US,D,20230111,000000,24.23,24.5,24.23,24.49,43072,0
TBC.US,D,20230112,000000,24.49,24.93,24.42,24.69,130965,0
TBC.US,D,20230113,000000,24.3,24.63,24.3,24.49,86296,0
TBC.US,D,20230117,000000,24.54,24.69,24.49,24.64,73746,0
TBC.US,D,20230118,000000,24.73,25,24.73,24.82,80729,0
TBC.US,D,20230119,000000,24.8,24.97,24.7,24.92,67739,0
TBC.US,D,20230120,000000,24.96,24.98,24.8001,24.91,45079,0
TBC.US,D,20230123,000000,24.96,25.14,24.93,24.94,50388,0
TBC.US,D,20230124,000000,25,25.04,24.89,24.96,67247,0
TBC.US,D,20230125,000000,24.89,24.99,24.83,24.95,56146,0
TBC.US,D,20230126,000000,25.01,25.07,24.9401,25.02,41079,0
TBC.US,D,20230127,000000,25.03,25.08,24.78,24.78,66819,0
TBC.US,D,20230130,000000,24.8,24.95,24.67,24.83,24928,0
TBC.US,D,20230131,000000,24.9,25.18,24.86,25.06,229349,0
TBC.US,D,20230201,000000,25.07,25.23,24.96,25.08,62383,0
TBC.US,D,20230202,000000,25.18,25.18,25.02,25.05,46828,0
TBC.US,D,20230203,000000,24.89,25.0034,24.71,24.84,49081,0
TBC.US,D,20230206,000000,24.65,24.7954,24.6101,24.69,34887,0
TBC.US,D,20230207,000000,24.67,24.8018,24.57,24.6,51013,0
TBC.US,D,20230208,000000,24.55,24.74,24.52,24.7,33296,0
TBC.US,D,20230209,000000,24.78,24.84,24.451,24.5,49910,0
TBC.US,D,20230210,000000,24.53,24.59,24.4195,24.48,25196,0
TBC.US,D,20230213,000000,24.46,24.64,24.46,24.64,34652,0
TBC.US,D,20230214,000000,24.53,24.7398,24.39,24.53,47384,0
TBC.US,D,20230215,000000,24.53,24.6299,24.5,24.56,22488,0
TBC.US,D,20230216,000000,24.49,24.66,24.39,24.48,109026,0
TBC.US,D,20230217,000000,24.44,24.58,24.39,24.55,48071,0
TBC.US,D,20230221,000000,24.44,24.44,24.05,24.09,49143,0
TBC.US,D,20230222,000000,24.16,24.49,24.1151,24.48,51662,0
TBC.US,D,20230223,000000,24.55,24.79,24.5,24.76,68664,0
TBC.US,D,20230224,000000,24.6,24.73,24.5,24.7,58640,0
TBC.US,D,20230227,000000,24.77,24.88,24.7497,24.83,35690,0
TBC.US,D,20230228,000000,24.82,24.9,24.7001,24.84,102126,0
TBC.US,D,20230301,000000,24.84,24.84,24.64,24.75,32953,0
TBC.US,D,20230302,000000,24.62,24.66,24.3801,24.6,36691,0
TBC.US,D,20230303,000000,24.67,24.81,24.62,24.62,25392,0
TBC.US,D,20230306,000000,24.7603,24.81,24.65,24.68,28611,0
TBC.US,D,20230307,000000,24.71,24.71,24.531,24.6,60760,0
TBC.US,D,20230308,000000,24.6,24.65,24.52,24.58,22526,0
TBC.US,D,20230309,000000,24.6,24.6447,24.14,24.17,36895,0
TBC.US,D,20230310,000000,24.11,24.43,24,24.18,73216,0
TBC.US,D,20230313,000000,24,24.1,23.68,23.82,81668,0
TBC.US,D,20230314,000000,24.14,24.1963,23.92,23.97,54286,0
TBC.US,D,20230315,000000,23.84,23.98,23.66,23.92,39948,0
TBC.US,D,20230316,000000,23.87,24.7172,23.84,24.67,63460,0
TBC.US,D,20230317,000000,24.57,24.66,24.33,24.35,45216,0
TBC.US,D,20230320,000000,24.42,24.4343,24,24.04,55660,0
TBC.US,D,20230321,000000,24.1,24.278,24.0786,24.1,47998,0
TBC.US,D,20230322,000000,24.08,24.32,24.05,24.23,43533,0
TBC.US,D,20230323,000000,24.31,24.37,24.11,24.14,27707,0
TBC.US,D,20230324,000000,24.14,24.215,24,24.09,24815,0
TBC.US,D,20230327,000000,24.22,24.41,24.16,24.22,43888,0
TBC.US,D,20230328,000000,24.16,24.34,24.15,24.19,54819,0
TBC.US,D,20230329,000000,24.31,24.48,24.2,24.44,47371,0
TBC.US,D,20230330,000000,24.54,24.73,24.3506,24.73,55145,0
TBC.US,D,20230331,000000,24.68,24.93,24.68,24.91,109547,0
TBC.US,D,20230403,000000,24.9,24.9507,24.76,24.94,83593,0
TBC.US,D,20230404,000000,24.94,24.96,24.76,24.96,35975,0
TBC.US,D,20230405,000000,24.91,25.03,24.85,25.01,33351,0
TBC.US,D,20230406,000000,24.97,25.26,24.948,25.21,44958,0
TBC.US,D,20230410,000000,25.17,25.28,25.11,25.25,120434,0
TBC.US,D,20230411,000000,25.25,25.47,25.18,25.41,86867,0
TBC.US,D,20230412,000000,25.43,25.62,25.38,25.53,80706,0
TBC.US,D,20230413,000000,25.18,25.28,25.0766,25.26,40476,0
TBC.US,D,20230414,000000,25.2,25.25,25.14,25.25,55057,0
TBC.US,D,20230417,000000,25.22,25.25,25.1506,25.22,28467,0
TBC.US,D,20230418,000000,25.22,25.25,25.19,25.21,35962,0
TBC.US,D,20230419,000000,25.21,25.21,25.02,25.1,122682,0
TBC.US,D,20230420,000000,25.03,25.1,24.94,25,48945,0
TBC.US,D,20230421,000000,25,25.13,24.98,25.1,76578,0
TBC.US,D,20230424,000000,25.03,25.112,24.97,25.01,30415,0
TBC.US,D,20230425,000000,24.98,25.0599,24.88,24.88,48678,0
TBC.US,D,20230426,000000,24.94,25.0483,24.8019,24.82,51201,0
TBC.US,D,20230427,000000,24.87,25.11,24.84,25.07,66096,0
TBC.US,D,20230428,000000,25.06,25.15,24.985,25.06,133298,0
TBC.US,D,20230501,000000,25.09,25.09,24.94,24.98,49637,0
TBC.US,D,20230502,000000,24.86,24.94,24.79,24.84,34257,0
TBC.US,D,20230503,000000,24.84,24.985,24.61,24.61,39393,0
TBC.US,D,20230504,000000,24.58,24.82,24.4,24.5,44279,0
TBC.US,D,20230505,000000,24.64,24.8378,24.64,24.7,35989,0
TBC.US,D,20230508,000000,24.64,24.7255,24.61,24.64,17515,0
TBC.US,D,20230509,000000,24.61,24.7,24.495,24.67,30192,0
TBC.US,D,20230510,000000,24.7433,24.9,24.7417,24.89,18837,0
TBC.US,D,20230511,000000,24.89,24.9,24.77,24.83,18066,0
TBC.US,D,20230512,000000,24.88,24.9,24.7851,24.88,28149,0
TBC.US,D,20230515,000000,24.86,24.97,24.86,24.93,20258,0
TBC.US,D,20230516,000000,24.81,24.8858,24.7,24.74,39088,0
TBC.US,D,20230517,000000,24.79,24.97,24.7005,24.95,25753,0
TBC.US,D,20230518,000000,24.91,24.94,24.82,24.86,45520,0
TBC.US,D,20230519,000000,24.86,24.86,24.7316,24.85,48391,0
TBC.US,D,20230522,000000,24.87,25,24.86,25,24231,0
TBC.US,D,20230523,000000,24.9,25.09,24.9,25.08,31622,0
TBC.US,D,20230524,000000,25.05,25.15,25,25.1,44591,0
TBC.US,D,20230525,000000,25.05,25.1,24.96,25,29418,0
TBC.US,D,20230526,000000,25,25.1,25,25.06,25446,0
TBC.US,D,20230530,000000,25.09,25.09,25.01,25.01,51526,0
TBC.US,D,20230531,000000,24.96,25.22,24.95,25.19,228726,0
TBC.US,D,20230601,000000,25.13,25.2395,25.09,25.18,54536,0
TBC.US,D,20230602,000000,25.06,25.25,25.06,25.21,96173,0
TBC.US,D,20230605,000000,25.18,25.23,25.09,25.17,35489,0
TBC.US,D,20230606,000000,25.05,25.16,25.02,25.07,43793,0
TBC.US,D,20230607,000000,25.04,25.06,25,25,34750,0
TBC.US,D,20230608,000000,25.05,25.05,24.949,24.9494,26284,0
TBC.US,D,20230609,000000,25,25.1,24.92,24.93,26553,0
TBC.US,D,20230612,000000,24.97,24.995,24.79,24.79,18380,0
TBC.US,D,20230613,000000,24.88,24.89,24.76,24.81,48044,0
TBC.US,D,20230614,000000,24.81,24.88,24.54,24.61,30452,0
TBC.US,D,20230615,000000,24.6,24.77,24.6,24.68,37446,0
TBC.US,D,20230616,000000,24.62,24.91,24.62,24.66,35048,0
TBC.US,D,20230620,000000,24.66,24.76,24.589,24.59,31360,0
TBC.US,D,20230621,000000,24.53,24.8694,24.5,24.8,40223,0
TBC.US,D,20230622,000000,24.79,24.97,24.66,24.88,39919,0
TBC.US,D,20230623,000000,24.91,24.91,24.76,24.81,18419,0
TBC.US,D,20230626,000000,24.81,24.98,24.81,24.82,20389,0
TBC.US,D,20230627,000000,24.8,24.85,24.6,24.6,21535,0
TBC.US,D,20230628,000000,24.61,24.7416,24.59,24.64,22600,0
TBC.US,D,20230629,000000,24.64,24.695,24.5,24.59,23264,0
TBC.US,D,20230630,000000,24.55,25.15,24.55,25.13,166102,0
TBC.US,D,20230703,000000,25.05,25.23,24.82,25.2,38574,0
TBC.US,D,20230705,000000,25.13,25.17,25.02,25.05,39534,0
TBC.US,D,20230706,000000,24.86,24.9,24.76,24.88,68929,0
TBC.US,D,20230707,000000,24.84,25.03,24.83,24.94,30455,0
TBC.US,D,20230710,000000,24.9,24.96,24.89,24.95,33005,0
TBC.US,D,20230711,000000,24.93,25,24.93,25,29983,0
TBC.US,D,20230712,000000,25.03,25.095,24.93,24.97,61342,0
TBC.US,D,20230713,000000,24.95,25.04,24.95,25.04,37550,0
TBC.US,D,20230714,000000,24.8,24.8,24.14,24.25,99748,0
TBC.US,D,20230717,000000,24.21,24.22,22.2824,22.62,237872,0
TBC.US,D,20230718,000000,22.8,24.075,22.71,23.84,381202,0
TBC.US,D,20230719,000000,24.28,24.35,23.71,23.72,141320,0
TBC.US,D,20230720,000000,23.76,23.76,23.54,23.62,85565,0
TBC.US,D,20230721,000000,23.7,23.7,23.52,23.55,22859,0
TBC.US,D,20230724,000000,23.5,23.7249,23.37,23.4,63738,0
TBC.US,D,20230725,000000,23.4,23.5,23.2,23.44,45876,0
TBC.US,D,20230726,000000,23.44,23.68,23.35,23.45,90046,0
TBC.US,D,20230727,000000,23.41,23.66,23.25,23.25,47878,0
TBC.US,D,20230728,000000,23.28,23.59,23.25,23.31,31109,0
TBC.US,D,20230731,000000,23.34,23.5885,22.78,22.96,234370,0
TBC.US,D,20230801,000000,22.97,23.07,22.76,22.87,92113,0
TBC.US,D,20230802,000000,22.75,22.95,22.67,22.88,79947,0
TBC.US,D,20230803,000000,22.84,22.88,22.67,22.72,37902,0
TBC.US,D,20230804,000000,22.81,23.102,22.8,22.83,26708,0
TBC.US,D,20230807,000000,22.84,23.08,22.77,22.87,58907,0
TBC.US,D,20230808,000000,22.88,22.95,22.81,22.92,24483,0
TBC.US,D,20230809,000000,22.96,23.025,22.75,22.77,37442,0
TBC.US,D,20230810,000000,22.85,22.988,22.74,22.81,31933,0
TBC.US,D,20230811,000000,22.82,23.09,22.8,23.09,37787,0
TBC.US,D,20230814,000000,23.19,23.19,22.9378,23.17,22216,0
TBC.US,D,20230815,000000,23.06,23.2598,22.9,22.9,25427,0
TBC.US,D,20230816,000000,22.94,23.0067,22.8,22.85,33297,0
TBC.US,D,20230817,000000,22.82,23,22.8,22.98,28943,0
TBC.US,D,20230818,000000,22.98,23.0931,22.88,22.99,29499,0
TBC.US,D,20230821,000000,23,23,22.8241,22.88,18997,0
TBC.US,D,20230822,000000,22.87,22.9,22.72,22.75,23305,0
TBC.US,D,20230823,000000,22.78,23.14,22.7769,23.14,35747,0
TBC.US,D,20230824,000000,23.06,23.11,23,23.07,33405,0
TBC.US,D,20230825,000000,23.15,23.296,22.991,23.08,18427,0
TBC.US,D,20230828,000000,23.02,23.1919,22.96,23.11,22546,0
TBC.US,D,20230829,000000,23.16,23.45,23.11,23.38,22088,0
TBC.US,D,20230830,000000,23.35,23.44,23.33,23.38,19798,0
TBC.US,D,20230831,000000,23.31,23.85,23.31,23.85,174962,0
TBC.US,D,20230901,000000,23.71,23.85,23.63,23.85,38500,0
TBC.US,D,20230905,000000,23.72,23.9193,23.6806,23.69,30261,0
TBC.US,D,20230906,000000,23.67,23.68,23.352,23.43,32357,0
TBC.US,D,20230907,000000,23.43,23.52,23.3,23.31,22738,0
TBC.US,D,20230908,000000,23.27,23.44,23.27,23.35,19647,0
TBC.US,D,20230911,000000,23.46,23.58,23.31,23.31,41384,0
TBC.US,D,20230912,000000,23.3,23.4699,23.25,23.38,29333,0
TBC.US,D,20230913,000000,23.38,23.38,23.2,23.29,51074,0
TBC.US,D,20230914,000000,23.29,23.36,23.21,23.28,177102,0
TBC.US,D,20230915,000000,23.25,23.28,23.15,23.25,47930,0
TBC.US,D,20230918,000000,23.21,23.21,23.03,23.13,67813,0
TBC.US,D,20230919,000000,23.09,23.3,23.0801,23.24,43157,0
TBC.US,D,20230920,000000,23.3,23.53,23.29,23.44,61076,0
TBC.US,D,20230921,000000,23.3,23.3,23.07,23.07,35335,0
TBC.US,D,20230922,000000,23.17,23.17,23.02,23.04,25055,0
TBC.US,D,20230925,000000,23,23.0595,22.96,23,39139,0
TBC.US,D,20230926,000000,22.95,23.06,22.82,22.87,43742,0
TBC.US,D,20230927,000000,22.94,22.97,22.8,22.83,39584,0
TBC.US,D,20230928,000000,22.83,22.95,22.8,22.94,60916,0
TBC.US,D,20230929,000000,23.06,23.34,23,23.08,158188,0
TBC.US,D,20231002,000000,23.05,23.05,22.8,22.86,41111,0
TBC.US,D,20231003,000000,22.79,22.79,22,22.02,61054,0
TBC.US,D,20231004,000000,22.14,22.2586,21.8,21.94,74457,0
TBC.US,D,20231005,000000,22.06,22.1806,21.87,22.08,64024,0
TBC.US,D,20231006,000000,21.91,22.06,21.7486,21.85,65576,0
TBC.US,D,20231009,000000,21.82,22.07,21.78,22.0134,35276,0
TBC.US,D,20231010,000000,21.96,22.2799,21.9,22.23,50719,0
TBC.US,D,20231011,000000,22.28,22.38,22.1833,22.35,24378,0
TBC.US,D,20231012,000000,22.35,22.4,22.2,22.21,39360,0
TBC.US,D,20231013,000000,22.26,22.46,22.05,22.05,41216,0
TBC.US,D,20231016,000000,21.8,21.8402,21.5201,21.6,71291,0
TBC.US,D,20231017,000000,21.49,21.69,21.39,21.5,98570,0
TBC.US,D,20231018,000000,21.49,21.52,21.46,21.46,78917,0
TBC.US,D,20231019,000000,21.52,21.63,21.4613,21.49,57545,0
TBC.US,D,20231020,000000,21.5,21.73,21.47,21.7,63961,0
TBC.US,D,20231023,000000,21.56,21.78,21.51,21.64,33426,0
TBC.US,D,20231024,000000,21.71,22.02,21.6401,21.9,43084,0
TBC.US,D,20231025,000000,21.97,22.11,21.89,21.89,58368,0
TBC.US,D,20231026,000000,21.86,21.96,21.8513,21.8749,22574,0
TBC.US,D,20231027,000000,21.89,21.89,21.81,21.88,48790,0
TBC.US,D,20231030,000000,21.82,21.99,21.82,21.93,44045,0
TBC.US,D,20231031,000000,21.91,22.1198,21.88,22,75942,0
TBC.US,D,20231101,000000,22.25,22.4,22.1,22.37,42175,0
TBC.US,D,20231102,000000,22.48,23,22.48,22.88,44909,0
TBC.US,D,20231103,000000,23,23.25,22.9,23.05,51660,0
TBC.US,D,20231106,000000,23.05,23.1993,22.935,23.06,27996,0
TBC.US,D,20231107,000000,23,23.135,22.8113,22.85,13866,0
TBC.US,D,20231108,000000,22.91,23.07,22.8511,22.99,40797,0
TBC.US,D,20231109,000000,22.92,23.02,22.8,22.95,54229,0
TBC.US,D,20231110,000000,23.03,23.14,22.991,23.07,27806,0
TBC.US,D,20231113,000000,23,23.23,22.9601,23.17,26363,0
TBC.US,D,20231114,000000,23.35,23.72,23.35,23.72,35354,0
TBC.US,D,20231115,000000,23.65,23.65,23.4701,23.51,35392,0
TBC.US,D,20231116,000000,23.51,23.58,23.2,23.28,37892,0
TBC.US,D,20231117,000000,23.48,23.4865,23.29,23.37,41152,0
TBC.US,D,20231120,000000,23.25,23.48,23.25,23.3,38234,0
TBC.US,D,20231121,000000,23.3,23.3,22.96,23.05,33012,0
TBC.US,D,20231122,000000,23.07,23.15,22.87,22.96,34747,0
TBC.US,D,20231124,000000,22.94,23.14,22.86,22.94,17887,0
TBC.US,D,20231127,000000,23.04,23.15,23.04,23.09,27856,0
TBC.US,D,20231128,000000,23.12,23.34,23.09,23.24,51583,0
TBC.US,D,20231129,000000,23.29,23.58,23.27,23.58,59539,0
TBC.US,D,20231130,000000,23.57,23.95,23.47,23.9,136935,0
TBC.US,D,20231201,000000,23.8,23.9,23.7106,23.84,55289,0
TBC.US,D,20231204,000000,23.76,23.7705,23.55,23.58,69509,0
TBC.US,D,20231205,000000,23.58,23.77,23.53,23.58,31286,0
TBC.US,D,20231206,000000,23.63,23.85,23.5844,23.77,74390,0
TBC.US,D,20231207,000000,23.77,23.96,23.77,23.81,39629,0
TBC.US,D,20231208,000000,23.78,23.87,23.5,23.52,49153,0
TBC.US,D,20231211,000000,23.49,23.6,23.4,23.4699,40417,0
TBC.US,D,20231212,000000,23.49,23.68,23.48,23.55,41500,0
TBC.US,D,20231213,000000,23.53,24.019,23.5,24,35161,0
TBC.US,D,20231214,000000,24,24.6659,24,24.58,64551,0
TBC.US,D,20231215,000000,24.54,24.76,24.45,24.68,67569,0
TBC.US,D,20231218,000000,24.56,24.7,24.25,24.44,62140,0
TBC.US,D,20231219,000000,24.31,24.5563,24.29,24.52,57132,0
TBC.US,D,20231220,000000,24.46,24.7,24.46,24.67,49869,0
TBC.US,D,20231221,000000,24.7,24.86,24.65,24.74,43291,0
TBC.US,D,20231222,000000,24.75,24.79,24.62,24.75,30278,0
TBC.US,D,20231226,000000,24.71,24.85,24.61,24.61,46917,0
TBC.US,D,20231227,000000,24.68,24.94,24.66,24.9,55552,0
TBC.US,D,20231228,000000,24.8,24.89,24.705,24.76,65650,0
TBC.US,D,20231229,000000,24.71,24.91,24.71,24.8,212439,0
TBC.US,D,20240102,000000,24.77,24.79,24.63,24.74,35935,0
TBC.US,D,20240103,000000,24.68,24.9799,24.5784,24.85,130731,0
TBC.US,D,20240104,000000,24.85,25.02,24.81,24.95,179959,0
TBC.US,D,20240105,000000,24.94,25.04,24.83,24.97,67697,0
TBC.US,D,20240108,000000,25.03,25.16,24.8911,25.12,45190,0
TBC.US,D,20240109,000000,25.05,25.19,25.05,25.13,41284,0
TBC.US,D,20240110,000000,25.13,25.2,25.05,25.1,38385,0
TBC.US,D,20240111,000000,25.02,25.18,25,25.11,29522,0
TBC.US,D,20240112,000000,25.11,25.185,25.06,25.1,29653,0
TBC.US,D,20240116,000000,24.75,24.8,24.69,24.69,95435,0
TBC.US,D,20240117,000000,24.66,24.71,24.6,24.65,51478,0
TBC.US,D,20240118,000000,24.66,24.74,24.62,24.65,112696,0
TBC.US,D,20240119,000000,24.63,24.75,24.54,24.7,39279,0
TBC.US,D,20240122,000000,24.75,24.87,24.75,24.83,38462,0
TBC.US,D,20240123,000000,24.8,24.89,24.7501,24.88,42363,0
TBC.US,D,20240124,000000,24.95,24.95,24.9001,24.92,28373,0
TBC.US,D,20240125,000000,24.94,25.09,24.9,25.02,50278,0
TBC.US,D,20240126,000000,25,25.04,24.97,24.99,37621,0
TBC.US,D,20240129,000000,24.99,25.06,24.97,24.97,159327,0
TBC.US,D,20240130,000000,25,25.01,24.95,24.97,61678,0
TBC.US,D,20240131,000000,24.98,25.08,24.96,25,56824,0
TBC.US,D,20240201,000000,25.05,25.28,25.0001,25.28,49168,0
TBC.US,D,20240202,000000,25.17,25.21,25.08,25.09,47820,0
TBC.US,D,20240205,000000,25.01,25.04,24.93,24.95,91818,0
TBC.US,D,20240206,000000,24.92,25.01,24.8281,24.84,51339,0
TBC.US,D,20240207,000000,24.89,24.96,24.76,24.93,44666,0
TBC.US,D,20240208,000000,24.86,25.05,24.8461,25,48711,0
TBC.US,D,20240209,000000,25.03,25.0999,24.71,24.74,131082,0
TBC.US,D,20240212,000000,24.74,24.8599,24.68,24.78,49366,0
TBC.US,D,20240213,000000,24.56,24.7053,24.53,24.56,29810,0
TBC.US,D,20240214,000000,24.62,24.71,24.08,24.26,535519,0
TBC.US,D,20240215,000000,24.3,24.42,24.2331,24.38,53646,0
TBC.US,D,20240216,000000,24.25,24.38,24.19,24.28,31001,0
TBC.US,D,20240220,000000,24.26,24.46,24.2,24.44,65172,0
TBC.US,D,20240221,000000,24.42,24.54,24.4,24.4,75170,0
TBC.US,D,20240222,000000,24.5,24.5484,24.44,24.52,28454,0
TBC.US,D,20240223,000000,24.58,24.84,24.57,24.78,47019,0
TBC.US,D,20240226,000000,24.74,24.75,24.59,24.71,30493,0
TBC.US,D,20240227,000000,24.71,24.76,24.5001,24.57,28936,0
TBC.US,D,20240228,000000,24.51,24.7,24.51,24.65,44377,0
TBC.US,D,20240229,000000,24.69,24.92,24.5908,24.84,111925,0
TBC.US,D,20240301,000000,24.8,24.82,24.6001,24.75,34630,0
TBC.US,D,20240304,000000,24.7,24.75,24.62,24.63,22373,0
TBC.US,D,20240305,000000,24.63,24.78,24.63,24.72,36019,0
TBC.US,D,20240306,000000,24.72,24.97,24.7063,24.95,47026,0
TBC.US,D,20240307,000000,24.94,25.09,24.934,25.09,45270,0
TBC.US,D,20240308,000000,25.09,25.09,25.06,25.09,26205,0
TBC.US,D,20240311,000000,25.01,25.0452,24.97,25,33064,0
TBC.US,D,20240312,000000,24.9569,25.05,24.9201,25.05,53384,0
TBC.US,D,20240313,000000,24.99,25.1,24.99,25.1,21177,0
TBC.US,D,20240314,000000,25.05,25.0794,24.94,24.96,28858,0
TBC.US,D,20240315,000000,24.89,24.96,24.85,24.93,21932,0
TBC.US,D,20240318,000000,24.96,25.07,24.9098,25.04,49572,0
TBC.US,D,20240319,000000,25.0008,25.16,24.99,25.16,32500,0
TBC.US,D,20240320,000000,25.08,25.17,25.04,25.1,37378,0
TBC.US,D,20240321,000000,25.13,25.42,25.115,25.25,73313,0
TBC.US,D,20240322,000000,25.25,25.25,25.055,25.19,23562,0
TBC.US,D,20240325,000000,25.15,25.15,24.8,24.82,37581,0
TBC.US,D,20240326,000000,24.84,24.9495,24.81,24.908,26399,0
TBC.US,D,20240327,000000,24.91,24.91,24.75,24.86,47444,0
TBC.US,D,20240328,000000,24.95,24.95,24.4,24.43,146691,0
TBC.US,D,20240401,000000,24.52,24.82,24.475,24.82,190772,0
TBC.US,D,20240402,000000,24.67,24.69,24.51,24.54,28724,0
TBC.US,D,20240403,000000,24.54,24.6281,24.48,24.6,36081,0
TBC.US,D,20240404,000000,24.76,24.8,24.67,24.74,29193,0
TBC.US,D,20240405,000000,24.79,24.89,24.715,24.75,20273,0
TBC.US,D,20240408,000000,24.71,24.83,24.71,24.81,34616,0
TBC.US,D,20240409,000000,24.79,24.8153,24.74,24.79,21885,0
TBC.US,D,20240410,000000,24.7,24.72,24.3301,24.57,47731,0
TBC.US,D,20240411,000000,24.65,24.72,24.26,24.32,33934,0
TBC.US,D,20240412,000000,24.32,24.42,24.26,24.3,16978,0
TBC.US,D,20240415,000000,23.88,24.05,23.33,23.33,57091,0
TBC.US,D,20240416,000000,23.33,23.58,23.2502,23.5,49378,0
TBC.US,D,20240417,000000,23.6,23.9,23.54,23.72,22069,0
TBC.US,D,20240418,000000,23.67,23.85,23.67,23.81,37393,0
TBC.US,D,20240419,000000,23.78,23.95,23.7317,23.76,23914,0
TBC.US,D,20240422,000000,23.73,23.9279,23.7298,23.85,22018,0
TBC.US,D,20240423,000000,23.96,24.19,23.917,24.19,27333,0
TBC.US,D,20240424,000000,24.16,24.28,24.06,24.2101,20739,0
TBC.US,D,20240425,000000,23.98,23.98,23.75,23.91,20283,0
TBC.US,D,20240426,000000,23.92,24.01,23.7,23.7,24616,0
TBC.US,D,20240429,000000,23.87,23.9,23.72,23.9,33523,0
TBC.US,D,20240430,000000,23.9,23.9,23.57,23.84,45777,0
TBC.US,D,20240501,000000,23.89,23.96,23.75,23.79,70138,0
TBC.US,D,20240502,000000,23.78,24.01,23.76,23.88,11183,0
TBC.US,D,20240503,000000,24.02,24.27,24.01,24.09,20875,0
TBC.US,D,20240506,000000,24.14,24.32,24.08,24.3,17009,0
TBC.US,D,20240507,000000,24.34,24.4499,24.2201,24.3,26902,0
TBC.US,D,20240508,000000,24.19,24.37,24.01,24.09,31355,0
TBC.US,D,20240509,000000,24.04,24.15,23.94,23.97,22718,0
TBC.US,D,20240510,000000,23.97,24.095,23.84,23.9,19936,0
TBC.US,D,20240513,000000,23.92,24.249,23.9,23.91,16667,0
TBC.US,D,20240514,000000,24.03,24.12,23.79,23.79,24236,0
TBC.US,D,20240515,000000,23.93,24.1059,23.93,24,46071,0
TBC.US,D,20240516,000000,24.02,24.1599,24,24.08,30186,0
TBC.US,D,20240517,000000,24.11,24.17,24.01,24.17,25557,0
TBC.US,D,20240520,000000,24.06,24.2,24.06,24.17,21604,0
TBC.US,D,20240521,000000,24.12,24.2145,24.11,24.11,34673,0
TBC.US,D,20240522,000000,24.11,24.1306,24.01,24.08,24824,0
TBC.US,D,20240523,000000,24.05,24.12,23.76,23.82,94576,0
TBC.US,D,20240524,000000,23.82,23.97,23.8,23.91,17927,0
TBC.US,D,20240528,000000,23.91,24.0817,23.8,23.81,47906,0
TBC.US,D,20240529,000000,23.8,23.8,23.59,23.61,42683,0
TBC.US,D,20240530,000000,23.74,23.89,23.63,23.82,42636,0
TBC.US,D,20240531,000000,23.97,24.248,23.92,24.02,363191,0
TBC.US,D,20240603,000000,24.05,24.25,24.02,24.19,22536,0
TBC.US,D,20240604,000000,24.11,24.25,24.11,24.23,52991,0
TBC.US,D,20240605,000000,24.19,24.24,24.15,24.22,17421,0
TBC.US,D,20240606,000000,24.11,24.22,24.11,24.22,24060,0
TBC.US,D,20240607,000000,24.1,24.1786,23.96,24.02,26551,0
TBC.US,D,20240610,000000,23.98,24.04,23.84,23.93,15446,0
TBC.US,D,20240611,000000,23.97,23.97,23.81,23.82,32586,0
TBC.US,D,20240612,000000,23.95,24.16,23.95,24.04,25341,0
TBC.US,D,20240613,000000,24.08,24.158,24,24.085,13011,0
TBC.US,D,20240614,000000,24.07,24.13,24.03,24.05,19724,0
TBC.US,D,20240617,000000,23.91,24.04,23.9,24,27352,0
TBC.US,D,20240618,000000,23.99,24.18,23.95,24.15,22916,0
TBC.US,D,20240620,000000,24.14,24.14,24.0352,24.06,19417,0
TBC.US,D,20240621,000000,24.06,24.19,24.04,24.15,27435,0
TBC.US,D,20240624,000000,24.08,24.24,24.0701,24.14,31625,0
TBC.US,D,20240625,000000,24.15,24.23,24.14,24.19,34878,0
TBC.US,D,20240626,000000,24.15,24.22,24.11,24.16,15956,0
TBC.US,D,20240627,000000,24.1213,24.25,24.1,24.14,18427,0
TBC.US,D,20240628,000000,24.1,24.15,23.92,23.92,97012,0
TBC.US,D,20240701,000000,23.94,23.99,23.9,23.97,64317,0
TBC.US,D,20240702,000000,23.94,24.08,23.9,24.05,20172,0
TBC.US,D,20240703,000000,24.03,24.25,24,24.22,20094,0
TBC.US,D,20240705,000000,24.25,24.3338,24.2,24.3004,23025,0
TBC.US,D,20240708,000000,24.26,24.315,24.2,24.235,18426,0
TBC.US,D,20240709,000000,24.26,24.3,24.07,24.07,18440,0
TBC.US,D,20240710,000000,24.1,24.18,24.03,24.08,24067,0
TBC.US,D,20240711,000000,24.16,24.35,24.1597,24.31,30071,0
TBC.US,D,20240712,000000,24.3,24.4986,24.3,24.44,28119,0
TBC.US,D,20240715,000000,24.44,24.49,24.38,24.41,21090,0
TBC.US,D,20240716,000000,24.4,24.49,24.4,24.47,15737,0
TBC.US,D,20240717,000000,24.11,24.14,24,24.01,18110,0
TBC.US,D,20240718,000000,24.02,24.1057,23.9,23.92,14834,0
TBC.US,D,20240719,000000,24,24.0199,23.9201,24,11730,0
TBC.US,D,20240722,000000,23.99,24.039,23.88,23.91,25736,0
TBC.US,D,20240723,000000,23.86,23.88,23.71,23.82,30923,0
TBC.US,D,20240724,000000,23.82,23.86,23.64,23.64,21045,0
TBC.US,D,20240725,000000,23.71,23.82,23.6,23.77,28263,0
TBC.US,D,20240726,000000,23.87,23.87,23.75,23.84,39057,0
TBC.US,D,20240729,000000,23.86,23.9561,23.86,23.88,23675,0
TBC.US,D,20240730,000000,23.85,23.88,23.829,23.88,28240,0
TBC.US,D,20240731,000000,23.88,23.88,23.55,23.63,240448,0
TBC.US,D,20240801,000000,23.75,24.1,23.75,24.1,40370,0
TBC.US,D,20240802,000000,24.08,24.29,23.8697,24.25,31294,0
TBC.US,D,20240805,000000,24.11,24.11,23.8601,23.92,36002,0
TBC.US,D,20240806,000000,23.9,24.13,23.86,24.05,38433,0
TBC.US,D,20240807,000000,24.1664,24.2,24.03,24.13,44477,0
TBC.US,D,20240808,000000,24.08,24.26,24.08,24.25,87837,0
TBC.US,D,20240809,000000,24.2,24.38,24.08,24.11,65407,0
TBC.US,D,20240812,000000,24.12,24.2,24.11,24.12,32115,0
TBC.US,D,20240813,000000,24.13,24.37,24.12,24.35,39477,0
TBC.US,D,20240814,000000,24.35,24.49,24.34,24.49,34153,0
TBC.US,D,20240815,000000,24.45,24.465,24.37,24.39,26525,0
TBC.US,D,20240816,000000,24.34,24.48,24.31,24.32,59883,0
TBC.US,D,20240819,000000,24.31,24.4984,24.31,24.43,17015,0
TBC.US,D,20240820,000000,24.4,24.69,24.4,24.61,54065,0
TBC.US,D,20240821,000000,24.57,24.633,24.5,24.57,67909,0
TBC.US,D,20240822,000000,24.52,24.63,24.52,24.57,34076,0
TBC.US,D,20240823,000000,24.57,24.71,24.52,24.58,33330,0
TBC.US,D,20240826,000000,24.59,24.72,24.58,24.64,58574,0
TBC.US,D,20240827,000000,24.625,24.75,24.61,24.75,32434,0
TBC.US,D,20240828,000000,24.8,24.92,24.75,24.92,38226,0
TBC.US,D,20240829,000000,24.88,25.02,24.88,25.02,30225,0
TBC.US,D,20240830,000000,25,25.08,24.89,24.93,318903,0
TBC.US,D,20240903,000000,25,25,24.8927,24.94,26403,0
TBC.US,D,20240904,000000,24.97,25.066,24.97,25.04,41551,0
TBC.US,D,20240905,000000,25.01,25.1,25,25.1,38280,0
TBC.US,D,20240906,000000,25.14,25.15,25.0411,25.12,94384,0
TBC.US,D,20240909,000000,25.08,25.23,25.08,25.21,37717,0
TBC.US,D,20240910,000000,25.15,25.3,25.144778,25.23,41565,0
TBC.US,D,20240911,000000,25.16,25.25,25.1201,25.21,18125,0
TBC.US,D,20240912,000000,25.2,25.3,25.12,25.27,77496,0
TBC.US,D,20240913,000000,25.22,25.36,25.22,25.33,22834,0
TBC.US,D,20240916,000000,25.3,25.49,25.3,25.48,27571,0
TBC.US,D,20240917,000000,25.37,25.4721,25.37,25.42,25969,0
TBC.US,D,20240918,000000,25.39,25.5299,25.32,25.38,42349,0
TBC.US,D,20240919,000000,25.42,25.54,25.3601,25.45,54731,0
TBC.US,D,20240920,000000,25.4,25.52,25.39,25.47,15858,0
TBC.US,D,20240923,000000,25.48,25.48,25.35,25.38,36271,0
TBC.US,D,20240924,000000,25.34,25.42,25.29,25.42,30635,0
TBC.US,D,20240925,000000,25.38,25.45,25.36,25.45,28391,0
TBC.US,D,20240926,000000,25.39,25.480592,25.38,25.39,26035,0
TBC.US,D,20240927,000000,25.39,25.4599,25.325,25.45,74261,0
TBC.US,D,20240930,000000,25.3798,25.45,25,25.01,145406,0
TBC.US,D,20241001,000000,25.12,25.24,25.06,25.19,60650,0
TBC.US,D,20241002,000000,25.08,25.3,25.06,25.28,67835,0
TBC.US,D,20241003,000000,25.3,25.42,25.2667,25.39,25108,0
TBC.US,D,20241004,000000,25.34,25.35,25.23,25.34,36410,0
TBC.US,D,20241007,000000,25.3,25.31,25.1501,25.22,28053,0
TBC.US,D,20241008,000000,25.13,25.29,25.11,25.28,34410,0
TBC.US,D,20241009,000000,25.22,25.42,25.22,25.42,40216,0
TBC.US,D,20241010,000000,25.86,26,25.22,25.25,20385,0
TBC.US,D,20241011,000000,25.16,25.44,25.16,25.44,19151,0
TBC.US,D,20241014,000000,25.31,25.3988,25.25,25.34,22260,0
TBC.US,D,20241015,000000,25.35,25.56,25.35,25.49,33512,0
TBC.US,D,20241016,000000,25.44,25.55,25.34,25.55,22092,0
TBC.US,D,20241017,000000,25.15,25.17,25.02,25.09,58465,0
TBC.US,D,20241018,000000,25.08,25.14,25.07,25.14,18940,0
TBC.US,D,20241021,000000,25.09,25.11,24.75,24.94,43524,0
TBC.US,D,20241022,000000,25,25.1,24.82,25.08,28881,0
TBC.US,D,20241023,000000,24.91,25.03,24.91,24.98,61603,0
TBC.US,D,20241024,000000,24.98,25.05,24.98,25.05,27622,0
TBC.US,D,20241025,000000,25.07,25.08,24.9,24.96,26268,0
TBC.US,D,20241028,000000,24.96,25,24.925,24.97,73097,0
TBC.US,D,20241029,000000,24.87,24.94,24.81,24.86,65946,0
TBC.US,D,20241030,000000,24.87,24.95,24.81,24.83,25040,0
TBC.US,D,20241031,000000,24.81,24.81,24.57,24.6,99352,0
TBC.US,D,20241101,000000,24.8,24.8,24.62,24.64,81921,0
TBC.US,D,20241104,000000,24.71,24.8888,24.71,24.87,36537,0
TBC.US,D,20241105,000000,24.82,25.06,24.81,25.01,42064,0
TBC.US,D,20241106,000000,24.8,24.9091,24.63,24.81,56997,0
TBC.US,D,20241107,000000,24.81,24.94,24.8,24.91,27471,0
TBC.US,D,20241108,000000,24.96,25.0772,24.81,25.02,40654,0
TBC.US,D,20241111,000000,24.97,24.99,24.85,24.86,26435,0
TBC.US,D,20241112,000000,24.85,24.85,24.64,24.65,71212,0
TBC.US,D,20241113,000000,24.775,24.775,24.55,24.55,44511,0
TBC.US,D,20241114,000000,24.63,24.65,24.48,24.48,34920,0
TBC.US,D,20241115,000000,24.81,25.12,24.76,25.1,393858,0
TBC.US,D,20241118,000000,25.07,25.08,25.07,25.07,93419,0
TBC.US,D,20241119,000000,25.07,25.07,25.06,25.06,173009,0
TBC.US,D,20241120,000000,25.05,25.09,25.03,25.07,201464,0
TBC.US,D,20241121,000000,25.06,25.08,25.06,25.07,436897,0
TBC.US,D,20241122,000000,25.07,25.1,25.07,25.08,84463,0
TBC.US,D,20241125,000000,25.08,25.092,25.08,25.09,186640,0
TBC.US,D,20241126,000000,25.09,25.09,25.08,25.08,664748,0
TBC.US,D,20241127,000000,25.09,25.1,25.09,25.09,197907,0
TBC.US,D,20241129,000000,25.11,25.15,25.1,25.14,734752,0
TBC.US,D,20241202,000000,25.12,25.13,25.12,25.12,77822,0
TBC.US,D,20241203,000000,25.12,25.13,25.12,25.12,273387,0
TBC.US,D,20241204,000000,25.12,25.13,25.12,25.12,45523,0
TBC.US,D,20241205,000000,25.13,25.14,25.12,25.12,81288,0
TBC.US,D,20241206,000000,25.13,25.15,25.13,25.13,493527,0
TBC.US,D,20241209,000000,25.13,25.15,25.13,25.15,371310,0
TBC.US,D,20241210,000000,25.14,25.15,25.14,25.14,54718,0
TBC.US,D,20241211,000000,25.15,25.15,25.14,25.14,51158,0
TBC.US,D,20241212,000000,25.14,25.1631,24.69,24.97,547728,0
