<TICKER>,<PER>,<DATE>,<TIME>,<OPEN>,<HIGH>,<LOW>,<CLOSE>,<VOL>,<OPENINT>
TRIS.US,D,20211209,000000,9.7,9.75,9.7,9.75,128508,0
TRIS.US,D,20211210,000000,9.75,9.75,9.74,9.74,66545,0
TRIS.US,D,20211213,000000,9.74,9.76,9.72,9.74,20305,0
TRIS.US,D,20211214,000000,9.74,9.74,9.69,9.71,84945,0
TRIS.US,D,20211221,000000,9.73,9.73,9.73,9.73,1583,0
TRIS.US,D,20211223,000000,9.73,9.73,9.73,9.73,361750,0
TRIS.US,D,20211227,000000,9.74,9.74,9.74,9.74,35890,0
TRIS.US,D,20211229,000000,9.86,9.86,9.76,9.76,553,0
TRIS.US,D,20220103,000000,9.72,9.725,9.7,9.7,400756,0
TRIS.US,D,20220104,000000,9.72,9.74,9.72,9.72,94851,0
TRIS.US,D,20220105,000000,9.72,9.73,9.72,9.72,355714,0
TRIS.US,D,20220106,000000,9.74,9.74,9.72,9.72,20213,0
TRIS.US,D,20220107,000000,9.75,9.75,9.75,9.75,100,0
TRIS.US,D,20220110,000000,9.74,9.75,9.74,9.75,60092,0
TRIS.US,D,20220111,000000,9.75,9.75,9.75,9.75,150200,0
TRIS.US,D,20220112,000000,9.73,9.74,9.73,9.74,3402,0
TRIS.US,D,20220113,000000,9.75,9.76,9.75,9.76,2106,0
TRIS.US,D,20220114,000000,9.76,9.76,9.75,9.76,18560,0
TRIS.US,D,20220118,000000,9.74,9.74,9.72,9.72,7413,0
TRIS.US,D,20220119,000000,9.75,9.75,9.73,9.73,57308,0
TRIS.US,D,20220120,000000,9.73,9.73,9.72,9.73,77121,0
TRIS.US,D,20220121,000000,9.74,9.75,9.7,9.73,389120,0
TRIS.US,D,20220125,000000,9.73,9.73,9.72,9.73,3073,0
TRIS.US,D,20220126,000000,9.73,9.73,9.73,9.73,5466,0
TRIS.US,D,20220127,000000,9.72,9.735,9.69,9.725,194803,0
TRIS.US,D,20220128,000000,9.7,9.7,9.7,9.7,1186,0
TRIS.US,D,20220201,000000,9.76,9.76,9.74,9.75,103740,0
TRIS.US,D,20220202,000000,9.76,9.78,9.73,9.78,27376,0
TRIS.US,D,20220204,000000,9.75,9.78,9.7,9.76,10120,0
TRIS.US,D,20220207,000000,9.78,9.785,9.78,9.785,5489,0
TRIS.US,D,20220208,000000,9.73,9.79,9.73,9.79,54247,0
TRIS.US,D,20220210,000000,9.76,9.79,9.76,9.77,629524,0
TRIS.US,D,20220214,000000,9.76,9.79,9.76,9.79,1044,0
TRIS.US,D,20220216,000000,9.77,9.79,9.75,9.78,1409,0
TRIS.US,D,20220217,000000,9.78,9.78,9.78,9.78,502670,0
TRIS.US,D,20220224,000000,9.77,9.78,9.75,9.78,4119,0
TRIS.US,D,20220228,000000,9.79,9.8,9.79,9.8,6386,0
TRIS.US,D,20220301,000000,9.81,9.825,9.81,9.82,113212,0
TRIS.US,D,20220303,000000,9.81,9.81,9.81,9.81,1850,0
TRIS.US,D,20220304,000000,9.82,9.82,9.82,9.82,428,0
TRIS.US,D,20220307,000000,9.82,9.82,9.82,9.82,1251,0
TRIS.US,D,20220311,000000,9.81,9.81,9.81,9.81,525,0
TRIS.US,D,20220314,000000,9.8043,9.8043,9.8043,9.8043,3090,0
TRIS.US,D,20220315,000000,9.79,9.8,9.78,9.79,15335,0
TRIS.US,D,20220321,000000,9.81,9.81,9.81,9.81,1503,0
TRIS.US,D,20220322,000000,9.79,9.79,9.79,9.79,57649,0
TRIS.US,D,20220323,000000,9.79,9.79,9.79,9.79,2553,0
TRIS.US,D,20220324,000000,9.825,9.83,9.82,9.83,408605,0
TRIS.US,D,20220325,000000,9.82,9.83,9.81,9.83,10984,0
TRIS.US,D,20220329,000000,9.83,9.83,9.83,9.83,3927,0
TRIS.US,D,20220331,000000,9.85,9.86,9.85,9.86,27817,0
TRIS.US,D,20220401,000000,9.87,9.87,9.85,9.85,1413,0
TRIS.US,D,20220404,000000,9.855,9.86,9.84,9.86,10709,0
TRIS.US,D,20220405,000000,9.8509,9.8509,9.84,9.84,3912,0
TRIS.US,D,20220406,000000,9.84,9.84,9.84,9.84,204,0
TRIS.US,D,20220407,000000,9.87,9.87,9.87,9.87,11710,0
TRIS.US,D,20220408,000000,9.87,9.87,9.84,9.85,999855,0
TRIS.US,D,20220411,000000,9.86,9.87,9.85,9.85,398471,0
TRIS.US,D,20220412,000000,9.85,9.85,9.85,9.85,1070,0
TRIS.US,D,20220418,000000,9.85,9.86,9.85,9.86,3580,0
TRIS.US,D,20220422,000000,9.85,9.85,9.85,9.85,107,0
TRIS.US,D,20220425,000000,9.86,9.86,9.85,9.85,100847,0
TRIS.US,D,20220426,000000,9.88,9.88,9.85,9.855,20300,0
TRIS.US,D,20220427,000000,9.85,9.85,9.85,9.85,208676,0
TRIS.US,D,20220428,000000,9.86,9.86,9.86,9.86,200,0
TRIS.US,D,20220429,000000,9.86,9.86,9.86,9.86,124,0
TRIS.US,D,20220502,000000,9.87,9.87,9.87,9.87,3536,0
TRIS.US,D,20220504,000000,9.86,9.86,9.85,9.86,3270,0
TRIS.US,D,20220505,000000,9.86,9.86,9.86,9.86,100,0
TRIS.US,D,20220509,000000,9.85,9.85,9.85,9.85,5750,0
TRIS.US,D,20220510,000000,9.85,9.85,9.85,9.85,36000,0
TRIS.US,D,20220512,000000,9.85,9.85,9.85,9.85,114732,0
TRIS.US,D,20220517,000000,9.8,9.8,9.8,9.8,1000000,0
TRIS.US,D,20220519,000000,9.84,9.84,9.83,9.83,3801,0
TRIS.US,D,20220520,000000,9.83,9.8301,9.82,9.83,82086,0
TRIS.US,D,20220523,000000,9.82,9.84,9.82,9.83,16201,0
TRIS.US,D,20220524,000000,9.83,9.84,9.83,9.83,19001,0
TRIS.US,D,20220525,000000,9.84,9.84,9.84,9.84,28700,0
TRIS.US,D,20220526,000000,9.84,9.84,9.8,9.8,2803,0
TRIS.US,D,20220531,000000,9.82,9.84,9.78,9.84,183396,0
TRIS.US,D,20220601,000000,9.84,9.84,9.84,9.84,2421,0
TRIS.US,D,20220602,000000,9.86,9.86,9.86,9.86,259,0
TRIS.US,D,20220603,000000,9.83,9.83,9.81,9.81,37124,0
TRIS.US,D,20220606,000000,9.8,9.8,9.8,9.8,100,0
TRIS.US,D,20220608,000000,9.84,9.84,9.84,9.84,5819,0
TRIS.US,D,20220609,000000,9.82,9.82,9.82,9.82,2395,0
TRIS.US,D,20220614,000000,9.82,9.82,9.81,9.81,706,0
TRIS.US,D,20220616,000000,9.83,9.84,9.83,9.84,20033,0
TRIS.US,D,20220617,000000,9.81,9.81,9.81,9.81,2967,0
TRIS.US,D,20220621,000000,9.81,9.82,9.81,9.81,28861,0
TRIS.US,D,20220622,000000,9.81,9.82,9.78,9.82,127674,0
TRIS.US,D,20220628,000000,9.86,9.86,9.85,9.85,1925,0
TRIS.US,D,20220630,000000,9.85,9.85,9.85,9.85,191,0
TRIS.US,D,20220706,000000,9.825,9.825,9.825,9.825,101232,0
TRIS.US,D,20220708,000000,9.83,9.83,9.83,9.83,4570,0
TRIS.US,D,20220711,000000,9.84,9.87,9.84,9.85,22975,0
TRIS.US,D,20220714,000000,9.85,9.85,9.825,9.85,7356,0
TRIS.US,D,20220718,000000,9.85,9.865,9.85,9.865,824833,0
TRIS.US,D,20220721,000000,9.8,9.87,9.8,9.87,149320,0
TRIS.US,D,20220722,000000,9.87,9.87,9.87,9.87,200,0
TRIS.US,D,20220725,000000,9.84,9.84,9.84,9.84,3500,0
TRIS.US,D,20220726,000000,9.87,9.91,9.87,9.91,94785,0
TRIS.US,D,20220727,000000,9.925,9.93,9.92,9.93,34378,0
TRIS.US,D,20220728,000000,9.91,9.93,9.9,9.91,76442,0
TRIS.US,D,20220729,000000,9.88,9.91,9.88,9.91,5146,0
TRIS.US,D,20220801,000000,9.92,9.93,9.88,9.91,5940,0
TRIS.US,D,20220802,000000,9.88,9.92,9.88,9.92,22218,0
TRIS.US,D,20220803,000000,9.88,9.96,9.88,9.96,655,0
TRIS.US,D,20220804,000000,9.885,9.885,9.885,9.885,203,0
TRIS.US,D,20220805,000000,9.97,9.97,9.88,9.9,1571,0
TRIS.US,D,20220808,000000,9.92,9.92,9.92,9.92,109,0
TRIS.US,D,20220809,000000,9.96,9.96,9.885,9.89,600,0
TRIS.US,D,20220810,000000,9.88,9.9,9.88,9.88,12621,0
TRIS.US,D,20220812,000000,9.89,9.9,9.88,9.88,889,0
TRIS.US,D,20220816,000000,9.89,9.89,9.86,9.86,4792,0
TRIS.US,D,20220817,000000,9.95,9.95,9.9,9.9,201,0
TRIS.US,D,20220819,000000,9.95,9.95,9.86,9.86,449,0
TRIS.US,D,20220822,000000,9.88,9.9,9.88,9.9,5398,0
TRIS.US,D,20220823,000000,9.88,9.88,9.87,9.88,647,0
TRIS.US,D,20220824,000000,9.94,9.94,9.94,9.94,140,0
TRIS.US,D,20220825,000000,9.94,9.94,9.92,9.92,404,0
TRIS.US,D,20220830,000000,9.9,9.9,9.88,9.9,320,0
TRIS.US,D,20220901,000000,9.93,10,9.86,9.87,633976,0
TRIS.US,D,20220902,000000,9.76,9.9,9.76,9.9,5857,0
TRIS.US,D,20220907,000000,9.9,9.9,9.9,9.9,200,0
TRIS.US,D,20220909,000000,9.912,9.912,9.912,9.912,3075,0
TRIS.US,D,20220912,000000,9.93,9.94,9.88,9.9,18499,0
TRIS.US,D,20220913,000000,9.92,9.93,9.92,9.93,45,0
TRIS.US,D,20220915,000000,9.92,9.92,9.91,9.91,416,0
TRIS.US,D,20220920,000000,9.88,9.8835,9.88,9.8835,6101,0
TRIS.US,D,20220921,000000,9.88,9.88,9.88,9.88,2691,0
TRIS.US,D,20220922,000000,9.905,9.905,9.88,9.88,6175,0
TRIS.US,D,20220923,000000,9.8801,9.8801,9.8801,9.8801,3000,0
TRIS.US,D,20220926,000000,9.88,9.88,9.88,9.88,1234,0
TRIS.US,D,20220927,000000,9.93,9.93,9.88,9.88,19833,0
TRIS.US,D,20220929,000000,9.9,9.9,9.9,9.9,6390,0
TRIS.US,D,20220930,000000,9.91,9.91,9.91,9.91,100,0
TRIS.US,D,20221007,000000,9.9,9.9,9.9,9.9,100,0
TRIS.US,D,20221010,000000,9.89,9.89,9.89,9.89,100,0
TRIS.US,D,20221017,000000,9.89,9.91,9.89,9.91,1269,0
TRIS.US,D,20221019,000000,9.91,9.935,9.91,9.934,24775,0
TRIS.US,D,20221021,000000,9.94,9.94,9.94,9.94,1568,0
TRIS.US,D,20221024,000000,9.94,9.94,9.94,9.94,9861,0
TRIS.US,D,20221025,000000,9.94,9.95,9.94,9.95,102705,0
TRIS.US,D,20221026,000000,9.95,9.96,9.94,9.96,77708,0
TRIS.US,D,20221102,000000,10.01,10.01,10.01,10.01,140,0
TRIS.US,D,20221103,000000,9.99,10.01,9.98,10,51487,0
TRIS.US,D,20221107,000000,9.99,9.99,9.99,9.99,432,0
TRIS.US,D,20221108,000000,10.02,10.02,10.02,10.02,501,0
TRIS.US,D,20221109,000000,10.01,10.03,10.01,10.03,1462,0
TRIS.US,D,20221110,000000,9.99,10.02,9.99,10.01,12519,0
TRIS.US,D,20221114,000000,10.02,10.025,10.02,10.02,40691,0
TRIS.US,D,20221115,000000,10.03,10.03,10.025,10.03,103615,0
TRIS.US,D,20221116,000000,10.03,10.03,10.03,10.03,25680,0
TRIS.US,D,20221122,000000,10.03,10.04,10.03,10.0399,105605,0
TRIS.US,D,20221123,000000,10.045,10.045,10.045,10.045,271,0
TRIS.US,D,20221125,000000,10.05,10.05,10.05,10.05,4107,0
TRIS.US,D,20221129,000000,10.05,10.06,10.05,10.06,4910,0
TRIS.US,D,20221130,000000,10.06,10.06,10.05,10.05,7628,0
TRIS.US,D,20221201,000000,10.05,10.05,10.05,10.05,1170,0
TRIS.US,D,20221202,000000,10.07,10.08,10.07,10.08,301804,0
TRIS.US,D,20221205,000000,10.08,10.08,10.08,10.08,45304,0
TRIS.US,D,20221207,000000,10.08,10.09,10.08,10.09,40100,0
TRIS.US,D,20221208,000000,10.09,10.09,10.09,10.09,1000,0
TRIS.US,D,20221212,000000,10.09,10.1,10.09,10.1,1786,0
TRIS.US,D,20221213,000000,10.11,10.11,10.11,10.11,111,0
TRIS.US,D,20221215,000000,10.11,10.11,10.11,10.11,1000,0
TRIS.US,D,20221216,000000,10.12,10.13,10.11,10.11,3010,0
TRIS.US,D,20221220,000000,10.13,10.13,10.13,10.13,9113,0
TRIS.US,D,20221222,000000,10.11,10.11,10.11,10.11,488,0
TRIS.US,D,20221223,000000,10.14,10.14,10.13,10.14,7556,0
TRIS.US,D,20221228,000000,10.11,10.12,10.11,10.12,6101,0
TRIS.US,D,20221229,000000,10.11,10.11,10.11,10.11,8500,0
TRIS.US,D,20230103,000000,10.11,10.11,10.11,10.11,100,0
TRIS.US,D,20230106,000000,10.12,10.12,10.12,10.12,15058,0
TRIS.US,D,20230109,000000,10.13,10.13,10.125,10.13,10148,0
TRIS.US,D,20230110,000000,10.17,10.17,10.14,10.15,11438,0
TRIS.US,D,20230111,000000,10.16,10.1601,10.16,10.16,1502,0
TRIS.US,D,20230112,000000,10.19,10.21,10.18,10.21,27661,0
TRIS.US,D,20230117,000000,10.21,10.2109,10.21,10.2109,120820,0
TRIS.US,D,20230118,000000,10.19,10.19,10.19,10.19,100,0
TRIS.US,D,20230119,000000,10.22,10.23,10.22,10.23,1176,0
TRIS.US,D,20230120,000000,10.23,10.23,10.22,10.23,9300,0
TRIS.US,D,20230123,000000,10.2,10.205,10.17,10.17,11789,0
TRIS.US,D,20230124,000000,10.18,10.18,10.18,10.18,4500,0
TRIS.US,D,20230125,000000,10.23,10.23,10.23,10.23,1500001,0
TRIS.US,D,20230126,000000,10.23,10.23,10.22,10.23,5102,0
TRIS.US,D,20230130,000000,10.24,10.24,10.24,10.24,17180,0
TRIS.US,D,20230131,000000,10.24,10.25,10.24,10.25,32200,0
TRIS.US,D,20230203,000000,10.21,10.21,10.21,10.21,1405,0
TRIS.US,D,20230206,000000,10.21,10.21,10.21,10.21,2274985,0
TRIS.US,D,20230207,000000,10.22,10.22,10.22,10.22,5100,0
TRIS.US,D,20230208,000000,10.21,10.21,10.21,10.21,300,0
TRIS.US,D,20230209,000000,10.22,10.22,10.22,10.22,7410,0
TRIS.US,D,20230210,000000,10.22,10.22,10.22,10.22,19959,0
TRIS.US,D,20230213,000000,10.23,10.23,10.23,10.23,5453,0
TRIS.US,D,20230214,000000,10.25,10.26,10.25,10.25,802891,0
TRIS.US,D,20230215,000000,10.49,10.49,10.24,10.24,3882,0
TRIS.US,D,20230216,000000,10.25,10.25,10.25,10.25,35063,0
TRIS.US,D,20230217,000000,10.25,10.27,10.25,10.26,2460,0
TRIS.US,D,20230222,000000,10.265,10.265,10.265,10.265,500,0
TRIS.US,D,20230227,000000,10.28,10.28,10.27,10.27,1133,0
TRIS.US,D,20230301,000000,10.29,10.29,10.28,10.28,306,0
TRIS.US,D,20230302,000000,10.28,10.2801,10.28,10.2801,244395,0
TRIS.US,D,20230303,000000,10.3,10.3,10.3,10.3,5827,0
TRIS.US,D,20230306,000000,10.28,10.285,10.2799,10.2801,277121,0
TRIS.US,D,20230310,000000,10.3499,10.35,10.3499,10.3499,701,0
TRIS.US,D,20230313,000000,10.4,10.4,10.3,10.3,41011,0
TRIS.US,D,20230314,000000,10.295,10.39,10.295,10.33,1303671,0
TRIS.US,D,20230315,000000,10.305,10.305,10.305,10.305,1875069,0
TRIS.US,D,20230316,000000,10.3,10.3,10.3,10.3,177,0
TRIS.US,D,20230317,000000,10.32,10.33,10.32,10.33,307,0
TRIS.US,D,20230321,000000,10.59,10.59,10.33,10.33,1861,0
TRIS.US,D,20230322,000000,10.33,10.33,10.33,10.33,814,0
TRIS.US,D,20230323,000000,10.33,10.33,10.32,10.33,635638,0
TRIS.US,D,20230324,000000,10.32,10.39,10.32,10.34,383052,0
TRIS.US,D,20230327,000000,10.33,10.33,10.33,10.33,18684,0
TRIS.US,D,20230328,000000,10.33,10.33,10.33,10.33,248000,0
TRIS.US,D,20230329,000000,10.33,10.33,10.33,10.33,115159,0
TRIS.US,D,20230330,000000,10.37,10.38,10.33,10.33,3329,0
TRIS.US,D,20230331,000000,10.35,10.35,10.33,10.33,200,0
TRIS.US,D,20230403,000000,10.33,10.33,10.33,10.33,1486,0
TRIS.US,D,20230405,000000,10.4999,10.4999,10.33,10.33,1490,0
TRIS.US,D,20230406,000000,10.4761,10.5,10.33,10.33,58215,0
TRIS.US,D,20230410,000000,10.33,10.335,10.33,10.335,34974,0
TRIS.US,D,20230411,000000,10.33,10.34,10.33,10.33,77680,0
TRIS.US,D,20230414,000000,10.3705,10.4196,10.36,10.36,700,0
TRIS.US,D,20230418,000000,10.4999,10.4999,10.4999,10.4999,803,0
TRIS.US,D,20230425,000000,10.34,10.34,10.33,10.33,1494,0
TRIS.US,D,20230426,000000,10.37,10.37,10.37,10.37,101,0
TRIS.US,D,20230501,000000,10.4142,10.45,10.4142,10.45,2625,0
TRIS.US,D,20230502,000000,10.36,10.44,10.35,10.44,4208,0
TRIS.US,D,20230504,000000,10.37,10.37,10.35,10.37,38070,0
TRIS.US,D,20230505,000000,10.37,10.37,10.37,10.37,10000,0
TRIS.US,D,20230508,000000,10.37,10.37,10.37,10.37,100,0
TRIS.US,D,20230511,000000,10.36,10.36,10.36,10.36,500,0
TRIS.US,D,20230512,000000,10.4,10.838,10.375,10.38,18702,0
TRIS.US,D,20230515,000000,10.4648,10.4648,10.4648,10.4648,200,0
TRIS.US,D,20230516,000000,10.37,10.37,10.37,10.37,76966,0
TRIS.US,D,20230519,000000,10.55,10.55,10.55,10.55,105,0
TRIS.US,D,20230530,000000,10.41,10.41,10.41,10.41,274,0
TRIS.US,D,20230602,000000,10.42,10.42,10.41,10.42,521,0
TRIS.US,D,20230605,000000,10.44,10.45,10.44,10.45,16777,0
TRIS.US,D,20230606,000000,10.5,10.5,10.44,10.45,14062,0
TRIS.US,D,20230607,000000,10.45,10.45,10.44,10.44,268,0
TRIS.US,D,20230608,000000,10.5,10.5,10.445,10.45,51528,0
TRIS.US,D,20230609,000000,10.44,10.45,10.44,10.45,1648,0
TRIS.US,D,20230612,000000,10.5,10.5,10.5,10.5,100,0
TRIS.US,D,20230613,000000,10.44,10.46,10.44,10.45,11810,0
TRIS.US,D,20230615,000000,10.48,10.48,10.46,10.47,21346,0
TRIS.US,D,20230616,000000,10.45,10.48,10.45,10.48,531,0
TRIS.US,D,20230620,000000,10.48,10.48,10.45,10.45,799,0
TRIS.US,D,20230621,000000,10.46,10.46,10.46,10.46,3215,0
TRIS.US,D,20230622,000000,10.46,10.46,10.46,10.46,100,0
TRIS.US,D,20230623,000000,10.48,10.48,10.4787,10.4787,274,0
TRIS.US,D,20230626,000000,10.46,10.4601,10.46,10.46,139838,0
TRIS.US,D,20230627,000000,10.46,10.4602,10.46,10.4602,3449,0
TRIS.US,D,20230628,000000,10.46,10.46,10.46,10.46,807,0
TRIS.US,D,20230629,000000,10.46,10.4601,10.46,10.4601,747,0
TRIS.US,D,20230630,000000,10.465,10.465,10.465,10.465,822967,0
TRIS.US,D,20230703,000000,10.5,10.5,10.47,10.48,10601,0
TRIS.US,D,20230705,000000,10.48,10.48,10.48,10.48,500179,0
TRIS.US,D,20230706,000000,10.48,10.5,10.47,10.5,77201,0
TRIS.US,D,20230707,000000,10.49,10.54,10.49,10.49,5038987,0
TRIS.US,D,20230710,000000,10.55,10.55,10.5098,10.51,655590,0
TRIS.US,D,20230711,000000,10.49,10.51,10.48,10.48,4953549,0
TRIS.US,D,20230712,000000,10.49,10.5,10.465,10.47,146720,0
TRIS.US,D,20230713,000000,10.47,10.55,10.47,10.55,901,0
TRIS.US,D,20230717,000000,10.58,10.58,10.46,10.46,745,0
TRIS.US,D,20230720,000000,10.48,10.48,10.48,10.48,1100,0
TRIS.US,D,20230721,000000,10.5,10.51,10.49,10.51,50998,0
TRIS.US,D,20230724,000000,10.51,10.51,10.5,10.5,10269,0
TRIS.US,D,20230725,000000,10.54,10.5502,10.52,10.54,2312976,0
TRIS.US,D,20230726,000000,10.56,10.57,10.54,10.54,44206,0
TRIS.US,D,20230727,000000,10.6,10.6,10.54,10.54,15227,0
TRIS.US,D,20230728,000000,10.54,10.55,10.54,10.55,3022,0
TRIS.US,D,20230731,000000,10.6,10.6,10.55,10.55,2376,0
TRIS.US,D,20230801,000000,10.56,10.59,10.56,10.56,117980,0
TRIS.US,D,20230802,000000,10.56,10.56,10.53,10.53,4412,0
TRIS.US,D,20230803,000000,10.55,10.578,10.55,10.578,1120,0
TRIS.US,D,20230804,000000,10.6,10.6,10.6,10.6,138,0
TRIS.US,D,20230807,000000,10.56,10.59,10.56,10.57,3172,0
TRIS.US,D,20230809,000000,10.57,10.5871,10.55,10.5871,3081,0
TRIS.US,D,20230810,000000,10.6,10.7,10.55,10.55,36393,0
TRIS.US,D,20230811,000000,10.55,10.55,10.55,10.55,100,0
TRIS.US,D,20230814,000000,10.55,10.55,10.55,10.55,12500,0
TRIS.US,D,20230815,000000,10.57,10.58,10.57,10.58,543888,0
TRIS.US,D,20230816,000000,10.58,10.59,10.58,10.58,20759,0
TRIS.US,D,20230817,000000,10.58,10.58,10.58,10.58,100,0
TRIS.US,D,20230818,000000,10.9,10.92,10.58,10.6,46737,0
TRIS.US,D,20230821,000000,10.71,10.8,10.6,10.61,13543,0
TRIS.US,D,20230822,000000,10.6,10.6,10.6,10.6,1571,0
TRIS.US,D,20230823,000000,10.6,10.6,10.6,10.6,118,0
TRIS.US,D,20230824,000000,10.62,10.62,10.6,10.6,246,0
TRIS.US,D,20230825,000000,10.6,10.6,10.6,10.6,105,0
TRIS.US,D,20230828,000000,10.6,10.6,10.6,10.6,549,0
TRIS.US,D,20230829,000000,10.62,10.62,10.6,10.6,2875,0
TRIS.US,D,20230830,000000,10.6,10.6101,10.6,10.61,3750,0
TRIS.US,D,20230831,000000,10.61,10.61,10.61,10.61,910,0
TRIS.US,D,20230901,000000,10.63,10.63,10.62,10.62,817,0
TRIS.US,D,20230905,000000,10.61,10.61,10.61,10.61,103,0
TRIS.US,D,20230912,000000,10.63,10.66,10.63,10.64,10206,0
TRIS.US,D,20230915,000000,10.68,10.68,10.68,10.68,103,0
TRIS.US,D,20230918,000000,10.64,10.64,10.6398,10.64,2500,0
TRIS.US,D,20230919,000000,10.63,10.64,10.63,10.64,204700,0
TRIS.US,D,20230921,000000,10.66,10.68,10.66,10.66,3100,0
TRIS.US,D,20230925,000000,10.78,10.78,10.78,10.78,100,0
TRIS.US,D,20230926,000000,10.68,10.68,10.65,10.67,2953,0
TRIS.US,D,20230927,000000,10.69,10.695,10.69,10.695,1536,0
TRIS.US,D,20230928,000000,10.7,10.7,10.7,10.7,11001,0
TRIS.US,D,20230929,000000,10.71,10.71,10.69,10.6901,4000,0
TRIS.US,D,20231003,000000,10.7398,10.74,10.7398,10.74,436,0
TRIS.US,D,20231009,000000,10.73,10.73,10.73,10.73,3011,0
TRIS.US,D,20231010,000000,10.75,10.75,10.74,10.74,300102,0
TRIS.US,D,20231012,000000,10.75,10.75,10.75,10.75,102,0
TRIS.US,D,20231013,000000,10.77,10.77,10.77,10.77,108,0
TRIS.US,D,20231018,000000,10.78,10.78,10.72,10.75,568178,0
TRIS.US,D,20231019,000000,10.72,10.75,10.72,10.75,211713,0
TRIS.US,D,20231020,000000,10.74,10.74,10.74,10.74,37606,0
TRIS.US,D,20231023,000000,10.71,10.75,10.71,10.735,4194,0
TRIS.US,D,20231025,000000,10.73,10.73,10.73,10.73,100,0
TRIS.US,D,20231030,000000,10.75,10.755,10.75,10.75,1029918,0
TRIS.US,D,20231031,000000,10.75,10.76,10.75,10.76,48994,0
TRIS.US,D,20231101,000000,10.75,10.75,10.75,10.75,57556,0
TRIS.US,D,20231102,000000,10.75,10.77,10.75,10.75,406303,0
TRIS.US,D,20231103,000000,10.75,10.76,10.75,10.76,709510,0
TRIS.US,D,20231113,000000,10.76,10.76,10.76,10.76,1235,0
TRIS.US,D,20231114,000000,10.75,10.75,10.75,10.75,1146,0
TRIS.US,D,20231115,000000,10.76,10.76,10.76,10.76,175121,0
TRIS.US,D,20231121,000000,10.76,10.76,10.76,10.76,36383,0
TRIS.US,D,20231122,000000,10.765,10.77,10.765,10.77,44598,0
TRIS.US,D,20231127,000000,10.76,10.76,10.76,10.76,14120,0
TRIS.US,D,20231129,000000,10.76,10.76,10.76,10.76,38116,0
TRIS.US,D,20231130,000000,10.77,10.77,10.77,10.77,55119,0
TRIS.US,D,20231201,000000,10.77,10.78,10.77,10.77,96341,0
TRIS.US,D,20231204,000000,10.77,10.77,10.77,10.77,100000,0
TRIS.US,D,20231207,000000,10.78,10.78,10.78,10.78,848,0
TRIS.US,D,20231208,000000,10.78,10.78,10.765,10.78,16393,0
TRIS.US,D,20231211,000000,10.77,10.79,10.77,10.78,1219,0
TRIS.US,D,20231212,000000,10.78,10.78,10.78,10.78,175,0
TRIS.US,D,20231214,000000,10.79,10.81,10.785,10.81,171855,0
TRIS.US,D,20231215,000000,10.79,10.8,10.79,10.79,484385,0
TRIS.US,D,20231218,000000,10.91,10.91,10.79,10.79,979,0
TRIS.US,D,20231219,000000,10.81,10.81,10.81,10.81,166,0
TRIS.US,D,20231220,000000,10.81,10.81,10.81,10.81,133,0
TRIS.US,D,20231221,000000,10.78,10.78,10.78,10.78,203,0
TRIS.US,D,20231222,000000,10.79,10.81,10.79,10.81,4465,0
TRIS.US,D,20231226,000000,10.78,10.8,10.78,10.8,501,0
TRIS.US,D,20231228,000000,10.8,10.8,10.79,10.79,20990,0
TRIS.US,D,20231229,000000,10.79,10.79,10.78,10.785,381200,0
TRIS.US,D,20240102,000000,10.81,10.81,10.795,10.8001,187424,0
TRIS.US,D,20240103,000000,10.81,10.81,10.81,10.81,25079,0
TRIS.US,D,20240105,000000,10.82,10.82,10.82,10.82,135,0
TRIS.US,D,20240108,000000,10.82,10.83,10.81,10.83,748410,0
TRIS.US,D,20240109,000000,10.82,10.83,10.82,10.83,101795,0
TRIS.US,D,20240110,000000,10.82,10.82,10.82,10.82,110,0
TRIS.US,D,20240111,000000,10.84,10.84,10.84,10.84,327,0
TRIS.US,D,20240112,000000,10.8509,10.87,10.85,10.8557,3773,0
TRIS.US,D,20240116,000000,10.85,10.85,10.84,10.85,443989,0
TRIS.US,D,20240119,000000,10.85,10.85,10.85,10.85,1000,0
TRIS.US,D,20240122,000000,10.85,10.85,10.85,10.85,100000,0
TRIS.US,D,20240123,000000,10.85,10.86,10.85,10.86,250765,0
TRIS.US,D,20240125,000000,10.86,10.86,10.86,10.86,1629,0
TRIS.US,D,20240126,000000,10.86,10.86,10.86,10.86,3692,0
TRIS.US,D,20240129,000000,10.88,10.88,10.86,10.87,603,0
TRIS.US,D,20240201,000000,10.87,10.87,10.87,10.87,46701,0
TRIS.US,D,20240202,000000,10.87,10.87,10.87,10.87,21511,0
TRIS.US,D,20240208,000000,10.885,10.885,10.885,10.885,325,0
TRIS.US,D,20240212,000000,10.87,10.87,10.87,10.87,136,0
TRIS.US,D,20240213,000000,10.87,10.87,10.87,10.87,185,0
TRIS.US,D,20240214,000000,10.89,10.89,10.885,10.89,11145,0
TRIS.US,D,20240220,000000,10.89,10.89,10.89,10.89,324,0
TRIS.US,D,20240223,000000,10.89,10.89,10.89,10.89,2927,0
TRIS.US,D,20240301,000000,10.92,10.92,10.91,10.91,13300,0
TRIS.US,D,20240304,000000,10.93,10.93,10.93,10.93,103,0
TRIS.US,D,20240306,000000,10.91,10.91,10.9,10.9,990,0
TRIS.US,D,20240308,000000,10.9168,10.9168,10.9168,10.9168,803,0
TRIS.US,D,20240312,000000,10.905,10.93,10.905,10.91,180196,0
TRIS.US,D,20240314,000000,10.91,10.91,10.91,10.91,357,0
TRIS.US,D,20240318,000000,10.93,10.93,10.93,10.93,149,0
TRIS.US,D,20240319,000000,10.93,10.93,10.93,10.93,7529,0
TRIS.US,D,20240320,000000,10.94,10.95,10.94,10.95,939,0
TRIS.US,D,20240321,000000,11.02,11.02,10.97,10.97,1270,0
TRIS.US,D,20240322,000000,11,11,10.96,10.96,648,0
TRIS.US,D,20240401,000000,11.02,11.02,10.95,10.95,6074,0
TRIS.US,D,20240404,000000,10.95,10.97,10.95,10.97,380,0
TRIS.US,D,20240405,000000,11.02,11.02,11.02,11.02,127,0
TRIS.US,D,20240411,000000,11.02,11.02,11,11,55299,0
TRIS.US,D,20240412,000000,11.03,11.03,11.03,11.03,101,0
TRIS.US,D,20240416,000000,11.01,11.02,11.01,11.01,1342,0
TRIS.US,D,20240418,000000,11.01,11.02,11.005,11.01,47482,0
TRIS.US,D,20240419,000000,11.01,11.02,11.01,11.015,26962,0
TRIS.US,D,20240424,000000,11.02,11.02,11.02,11.02,109373,0
TRIS.US,D,20240425,000000,11.03,11.03,11.03,11.03,3872,0
TRIS.US,D,20240430,000000,11.04,11.04,11.03,11.04,31248,0
TRIS.US,D,20240501,000000,11.04,11.04,11.04,11.04,4114,0
TRIS.US,D,20240503,000000,11.07,11.07,11.04,11.04,3212,0
TRIS.US,D,20240507,000000,11.05,11.05,11.05,11.05,2249,0
TRIS.US,D,20240510,000000,11.05,11.05,11.05,11.05,174,0
TRIS.US,D,20240513,000000,11.04,11.05,11.04,11.05,220,0
TRIS.US,D,20240514,000000,11.05,11.05,11.05,11.05,18506,0
TRIS.US,D,20240515,000000,11.08,11.08,11.05,11.06,2341,0
TRIS.US,D,20240516,000000,11.05,11.06,11.05,11.06,2496,0
TRIS.US,D,20240517,000000,11.055,11.07,11.055,11.07,1195,0
TRIS.US,D,20240520,000000,11.05,11.07,11.05,11.07,950,0
TRIS.US,D,20240521,000000,11.07,11.07,11.07,11.07,7601,0
TRIS.US,D,20240523,000000,11.085,11.1,11.08,11.08,5247,0
TRIS.US,D,20240524,000000,11.12,11.12,11.12,11.12,110,0
TRIS.US,D,20240528,000000,11.15,11.15,11.09,11.09,3741,0
TRIS.US,D,20240529,000000,11.095,11.0955,11.095,11.095,1437,0
TRIS.US,D,20240531,000000,11.09,11.09,11.09,11.09,900,0
TRIS.US,D,20240603,000000,11.15,11.15,11.09,11.15,714,0
TRIS.US,D,20240604,000000,11.17,11.17,11.1011,11.12,391,0
TRIS.US,D,20240605,000000,11.11,11.11,11.11,11.11,625,0
TRIS.US,D,20240610,000000,11.17,11.17,11.11,11.12,19913,0
TRIS.US,D,20240612,000000,11.12,11.12,11.11,11.11,10100,0
TRIS.US,D,20240614,000000,11.1,11.11,11.1,11.11,797,0
TRIS.US,D,20240617,000000,11.19,11.19,11.11,11.11,1079,0
TRIS.US,D,20240618,000000,11.11,11.11,11.11,11.11,1003,0
TRIS.US,D,20240620,000000,11.11,11.11,11.11,11.11,3599,0
TRIS.US,D,20240621,000000,11.11,11.11,11.1,11.1,153010,0
TRIS.US,D,20240624,000000,11.12,11.1446,11.12,11.1446,277184,0
TRIS.US,D,20240625,000000,11.12,11.135,11.12,11.135,8276,0
TRIS.US,D,20240626,000000,11.14,11.15,11.135,11.15,300819,0
TRIS.US,D,20240628,000000,11.15,11.15,11.15,11.15,100,0
TRIS.US,D,20240701,000000,11.15,11.15,11.15,11.15,125,0
TRIS.US,D,20240703,000000,11.15,11.15,11.15,11.15,95015,0
TRIS.US,D,20240705,000000,11.16,11.16,11.1513,11.16,30410,0
TRIS.US,D,20240708,000000,11.18,11.18,11.165,11.17,700,0
TRIS.US,D,20240709,000000,11.17,11.17,11.16,11.17,1640196,0
TRIS.US,D,20240712,000000,11.17,11.17,11.17,11.17,101,0
TRIS.US,D,20240716,000000,11.17,11.17,11.17,11.17,72011,0
TRIS.US,D,20240718,000000,11.1686,11.18,11.168,11.17,364872,0
TRIS.US,D,20240719,000000,11.18,11.19,11.18,11.18,326222,0
TRIS.US,D,20240722,000000,11.19,11.19,11.18,11.19,218125,0
TRIS.US,D,20240723,000000,11.19,11.2,11.18,11.2,57963,0
TRIS.US,D,20240724,000000,11.21,11.22,11.18,11.2,160516,0
TRIS.US,D,20240725,000000,11.2,11.2,11.18,11.19,2534,0
TRIS.US,D,20240726,000000,11.18,11.18,11.18,11.18,3983,0
TRIS.US,D,20240729,000000,11.18,11.19,10.74,10.74,8051,0
TRIS.US,D,20240730,000000,10.65,10.74,10.65,10.74,1408,0
TRIS.US,D,20240731,000000,10.66,10.66,9.38,9.38,1947,0
TRIS.US,D,20240801,000000,9.1,12.01,9.08,10.99,12199,0
TRIS.US,D,20240802,000000,11.1,11.5,10.9959,11.47,43389,0
