<TICKER>,<PER>,<DATE>,<TIME>,<OPEN>,<HIGH>,<LOW>,<CLOSE>,<VOL>,<OPENINT>
VZIO.US,D,20210325,000000,17.5,19.49,17.25,19.1,7458538,0
VZIO.US,D,20210326,000000,19.5,23,19.29,20.75,3770865,0
VZIO.US,D,20210329,000000,21.63,22.88,20.64,21.81,1402302,0
VZIO.US,D,20210330,000000,22,25.19,21.28,24.72,1550633,0
VZIO.US,D,20210331,000000,25.21,25.8982,22.58,24.25,2539523,0
VZIO.US,D,20210401,000000,24.7,25.21,22.07,24.31,2318162,0
VZIO.US,D,20210405,000000,24.11,25.54,22.8896,23.3,908908,0
VZIO.US,D,20210406,000000,22.96,23.25,21.69,22.25,608871,0
VZIO.US,D,20210407,000000,22.43,22.81,21.06,21.43,1049082,0
VZIO.US,D,20210408,000000,21.33,22.2,21.33,21.95,568354,0
VZIO.US,D,20210409,000000,22.04,22.5699,21.6,22.45,573527,0
VZIO.US,D,20210412,000000,21.6,23,21.6,22.63,473387,0
VZIO.US,D,20210413,000000,22.8,23,22,22.46,414830,0
VZIO.US,D,20210414,000000,21.86,24.1799,21.85,23.3,846691,0
VZIO.US,D,20210415,000000,23.5,24.23,22.58,23.83,504858,0
VZIO.US,D,20210416,000000,23.67,25.73,23.01,24,721082,0
VZIO.US,D,20210419,000000,24.3001,24.94,23.56,23.66,1171756,0
VZIO.US,D,20210420,000000,23.7,24.25,22.39,23.07,705456,0
VZIO.US,D,20210421,000000,23.16,23.8,22.85,22.91,489517,0
VZIO.US,D,20210422,000000,22.95,23.4299,22.22,22.89,512489,0
VZIO.US,D,20210423,000000,22.75,23.65,22.5,22.99,638952,0
VZIO.US,D,20210426,000000,23.17,24.325,23.1,23.79,435356,0
VZIO.US,D,20210427,000000,23.96,25.45,23.6069,24.76,391689,0
VZIO.US,D,20210428,000000,25.4,27.48,24.4,26.95,1733137,0
VZIO.US,D,20210429,000000,27.4,28.8,25.23,26,1166910,0
VZIO.US,D,20210430,000000,26.03,26.15,22.6,25.71,1488818,0
VZIO.US,D,20210503,000000,26.98,27.9,25.9,27.38,1265057,0
VZIO.US,D,20210504,000000,27,28.28,26,28.23,973759,0
VZIO.US,D,20210505,000000,27.95,28.0093,25.75,27,713044,0
VZIO.US,D,20210506,000000,26.96,26.96,24.9,26.75,669858,0
VZIO.US,D,20210507,000000,26.94,27.7,24.78,26.46,792847,0
VZIO.US,D,20210510,000000,26.66,26.75,25.1001,26.62,594538,0
VZIO.US,D,20210511,000000,25.44,27.52,25.25,27.41,862042,0
VZIO.US,D,20210512,000000,26.4,26.71,23.75,23.85,1556124,0
VZIO.US,D,20210513,000000,24.11,24.85,21.33,21.49,1058499,0
VZIO.US,D,20210514,000000,21.56,22.87,20.8,21.95,1249885,0
VZIO.US,D,20210517,000000,21.95,22.79,21.2,21.42,447019,0
VZIO.US,D,20210518,000000,21.5,22.7,21.38,21.38,520512,0
VZIO.US,D,20210519,000000,21,21.85,20.5002,21.5,467764,0
VZIO.US,D,20210520,000000,21.74,22.55,21.62,22.33,512257,0
VZIO.US,D,20210521,000000,22.54,23.53,22.4273,23.17,578553,0
VZIO.US,D,20210524,000000,23.43,23.57,22.79,23.05,405883,0
VZIO.US,D,20210525,000000,23.05,23.3899,22.3,22.92,274874,0
VZIO.US,D,20210526,000000,22.8,23.2497,22.32,22.65,349027,0
VZIO.US,D,20210527,000000,22.76,23.08,21.88,21.97,455691,0
VZIO.US,D,20210528,000000,22.12,22.43,21.52,21.84,550962,0
VZIO.US,D,20210601,000000,22.25,22.4386,21.72,21.77,366019,0
VZIO.US,D,20210602,000000,21.8,21.9499,21.261,21.72,447075,0
VZIO.US,D,20210603,000000,21.72,21.89,20.9,21,474488,0
VZIO.US,D,20210604,000000,21.27,22.05,21.04,21.94,290143,0
VZIO.US,D,20210607,000000,21.94,23.22,21.6601,23.11,639926,0
VZIO.US,D,20210608,000000,23.21,23.23,22.33,22.58,249347,0
VZIO.US,D,20210609,000000,22.58,22.98,21.81,21.95,256725,0
VZIO.US,D,20210610,000000,22,22.257,21.5,21.92,160733,0
VZIO.US,D,20210611,000000,21.9,22.75,21.9,22.71,305233,0
VZIO.US,D,20210614,000000,22.84,23.935,22.7526,23.4,575610,0
VZIO.US,D,20210615,000000,23.45,27.62,22.3,23.35,8907108,0
VZIO.US,D,20210616,000000,23.26,24.2,22.16,22.44,1224042,0
VZIO.US,D,20210617,000000,22.41,22.75,21.54,21.73,1151458,0
VZIO.US,D,20210618,000000,21.49,22.04,21.17,21.21,1621405,0
VZIO.US,D,20210621,000000,21.21,21.9,20.83,20.99,912291,0
VZIO.US,D,20210622,000000,21.05,21.75,21,21.75,523930,0
VZIO.US,D,20210623,000000,21.85,23.09,21.4,23.06,723345,0
VZIO.US,D,20210624,000000,23.13,25.17,23.1,25.13,1709462,0
VZIO.US,D,20210625,000000,24.8,25.1371,24.03,24.59,830769,0
VZIO.US,D,20210628,000000,24.58,25.8892,24.21,25.68,1060947,0
VZIO.US,D,20210629,000000,26,27.82,25.75,27.04,1344467,0
VZIO.US,D,20210630,000000,27.1,27.2743,25.75,27.01,551109,0
VZIO.US,D,20210701,000000,26.88,27.05,25.85,25.87,428845,0
VZIO.US,D,20210702,000000,26.2,26.43,25.2,25.54,357122,0
VZIO.US,D,20210706,000000,25.6,25.6,24.68,25.36,292356,0
VZIO.US,D,20210707,000000,25.4,26.04,25.1434,25.73,705204,0
VZIO.US,D,20210708,000000,24.79,26.12,24.79,25.67,211064,0
VZIO.US,D,20210709,000000,26.1,26.29,25.77,26.19,218806,0
VZIO.US,D,20210712,000000,26.18,26.92,25.28,26.56,283709,0
VZIO.US,D,20210713,000000,26.32,28.17,26.11,27.78,619242,0
VZIO.US,D,20210714,000000,28.14,28.24,25.93,26.51,454950,0
VZIO.US,D,20210715,000000,26.05,26.68,25.06,26.2,494518,0
VZIO.US,D,20210716,000000,26.08,26.73,25.29,25.7,545218,0
VZIO.US,D,20210719,000000,24.76,26.3,24.5,25.78,532388,0
VZIO.US,D,20210720,000000,26.13,27.07,25.79,26.44,541246,0
VZIO.US,D,20210721,000000,26.6,27.48,26.41,26.6,726481,0
VZIO.US,D,20210722,000000,26.61,26.9095,26.19,26.31,285430,0
VZIO.US,D,20210723,000000,26.13,26.9,25.92,26.08,311141,0
VZIO.US,D,20210726,000000,26.17,26.46,25.19,25.28,356447,0
VZIO.US,D,20210727,000000,25.34,25.34,23.7,23.87,457387,0
VZIO.US,D,20210728,000000,24,24.47,23.58,23.9,511377,0
VZIO.US,D,20210729,000000,23.9,24.15,22.55,22.73,605148,0
VZIO.US,D,20210730,000000,22.51,22.85,21.81,22.03,608483,0
VZIO.US,D,20210802,000000,22.1,22.5,21.71,21.74,918871,0
VZIO.US,D,20210803,000000,21.78,22.2799,21.35,21.66,1173569,0
VZIO.US,D,20210804,000000,21.8,21.81,20.84,20.99,947025,0
VZIO.US,D,20210805,000000,20.84,22.8,20.78,21.58,1450140,0
VZIO.US,D,20210806,000000,21.95,22.87,21.1,21.77,824942,0
VZIO.US,D,20210809,000000,21.93,22.6,20.91,21.8,735759,0
VZIO.US,D,20210810,000000,21.66,21.68,20.43,20.52,810516,0
VZIO.US,D,20210811,000000,20.58,21.66,20.27,21.57,503454,0
VZIO.US,D,20210812,000000,21.36,21.59,20.6,21.44,442048,0
VZIO.US,D,20210813,000000,21,21.91,20.81,21.61,853800,0
VZIO.US,D,20210816,000000,21.57,21.636,20.43,20.6,1044323,0
VZIO.US,D,20210817,000000,20.25,20.68,19.37,19.86,1010913,0
VZIO.US,D,20210818,000000,19.75,19.859,18.5,18.58,2025847,0
VZIO.US,D,20210819,000000,18.65,19.55,18.08,19.01,1553617,0
VZIO.US,D,20210820,000000,18.7,20.12,18.661,19.94,964835,0
VZIO.US,D,20210823,000000,19.97,20.02,18.855,19.2,1133013,0
VZIO.US,D,20210824,000000,19.33,20.1,19.32,19.85,700376,0
VZIO.US,D,20210825,000000,19.94,20.56,19.7,20.4,697831,0
VZIO.US,D,20210826,000000,20.5,20.51,19.7906,20.12,361793,0
VZIO.US,D,20210827,000000,20.15,20.85,19.61,19.8,1128461,0
VZIO.US,D,20210830,000000,19.9,20.0889,19.35,19.51,889690,0
VZIO.US,D,20210831,000000,19.68,20.65,19.45,20.41,675192,0
VZIO.US,D,20210901,000000,20.26,21.06,19.83,20.97,1526895,0
VZIO.US,D,20210902,000000,20.92,21.05,19.52,19.8,898684,0
VZIO.US,D,20210903,000000,19.52,19.555,18.81,19.22,1216742,0
VZIO.US,D,20210907,000000,19.05,19.25,18.43,18.62,692047,0
VZIO.US,D,20210908,000000,18.48,18.53,17.69,18.32,1113078,0
VZIO.US,D,20210909,000000,18.19,19.54,18.1,19.31,942223,0
VZIO.US,D,20210910,000000,19.36,19.68,18.87,19.42,640764,0
VZIO.US,D,20210913,000000,19.5,19.63,18.5,18.61,666761,0
VZIO.US,D,20210914,000000,19.01,19.92,18.74,19.15,1285185,0
VZIO.US,D,20210915,000000,19.07,19.07,18.485,18.71,959140,0
VZIO.US,D,20210916,000000,18.71,18.9,18.2,18.3,929342,0
VZIO.US,D,20210917,000000,18.4,19.42,18.25,19.08,1366061,0
VZIO.US,D,20210920,000000,18.39,19.07,18.27,18.45,901833,0
VZIO.US,D,20210921,000000,18.85,19.84,18.46,19.47,1214743,0
VZIO.US,D,20210922,000000,19.67,19.74,19.05,19.63,543996,0
VZIO.US,D,20210923,000000,19.97,20.15,19.7,19.79,624555,0
VZIO.US,D,20210924,000000,19.82,20.13,19.51,19.56,444969,0
VZIO.US,D,20210927,000000,21,21.59,20.56,20.92,3670273,0
VZIO.US,D,20210928,000000,21.26,21.38,20.35,20.81,1272777,0
VZIO.US,D,20210929,000000,20.78,20.98,20.2,20.65,664211,0
VZIO.US,D,20210930,000000,20.73,21.48,20.625,21.24,1292976,0
VZIO.US,D,20211001,000000,21.5,21.5,20.8,21,1398226,0
VZIO.US,D,20211004,000000,21.1,21.25,19.89,20.67,918697,0
VZIO.US,D,20211005,000000,20.52,21,20.105,20.64,592296,0
VZIO.US,D,20211006,000000,20.31,20.87,20.09,20.72,944425,0
VZIO.US,D,20211007,000000,20.78,21.56,20.72,21.27,890389,0
VZIO.US,D,20211008,000000,21.39,21.41,20.65,20.81,609011,0
VZIO.US,D,20211011,000000,20.84,20.92,19.6,19.7,999887,0
VZIO.US,D,20211012,000000,19.7,20.13,19.6061,19.91,631206,0
VZIO.US,D,20211013,000000,20.06,20.2,19.7,19.75,554051,0
VZIO.US,D,20211014,000000,19.95,20.26,19.46,19.66,656055,0
VZIO.US,D,20211015,000000,19.83,19.83,18.975,19.17,762035,0
VZIO.US,D,20211018,000000,18.95,19.75,18.75,19.62,732776,0
VZIO.US,D,20211019,000000,20.1,20.6,19.741,20.53,884107,0
VZIO.US,D,20211020,000000,20.5,20.64,20.05,20.61,732280,0
VZIO.US,D,20211021,000000,20.53,20.72,20.36,20.7,393039,0
VZIO.US,D,20211022,000000,20.49,20.78,19.65,20.12,450253,0
VZIO.US,D,20211025,000000,19.94,20.51,19.94,20.5,377594,0
VZIO.US,D,20211026,000000,20.6,20.6,19.8,20.17,552139,0
VZIO.US,D,20211027,000000,20.13,20.575,20.13,20.54,521947,0
VZIO.US,D,20211028,000000,20.7,20.7,19.95,20.37,500581,0
VZIO.US,D,20211029,000000,20.22,20.77,20.2001,20.54,538455,0
VZIO.US,D,20211101,000000,20.49,20.8,20.12,20.74,540595,0
VZIO.US,D,20211102,000000,20.66,20.73,20.02,20.48,467862,0
VZIO.US,D,20211103,000000,20.41,20.63,19.56,19.69,778428,0
VZIO.US,D,20211104,000000,19.05,19.175,18.4,18.77,1322926,0
VZIO.US,D,20211105,000000,18.72,18.85,17.73,17.87,837357,0
VZIO.US,D,20211108,000000,18.06,18.19,17.59,17.85,747573,0
VZIO.US,D,20211109,000000,18,18.1,17.3,17.35,1045473,0
VZIO.US,D,20211110,000000,18.07,20.85,17.975,19.68,2997244,0
VZIO.US,D,20211111,000000,19.59,21.25,19.37,21.09,1919075,0
VZIO.US,D,20211112,000000,21,21.52,20.79,21.38,1352974,0
VZIO.US,D,20211115,000000,21.17,22.155,21.05,22.12,921689,0
VZIO.US,D,20211116,000000,21.81,21.87,21.2,21.78,654512,0
VZIO.US,D,20211117,000000,22.08,22.17,20.82,21.02,787449,0
VZIO.US,D,20211118,000000,21.09,21.09,20.0601,20.36,482231,0
VZIO.US,D,20211119,000000,20.2,20.84,20.08,20.33,523776,0
VZIO.US,D,20211122,000000,20.16,20.34,19.0714,19.76,1261344,0
VZIO.US,D,20211123,000000,19.67,19.75,18.84,19.14,957202,0
VZIO.US,D,20211124,000000,19.02,20.12,18.64,20.11,722995,0
VZIO.US,D,20211126,000000,19.99,20.28,19.79,20.25,161296,0
VZIO.US,D,20211129,000000,20.27,20.5,19.57,20.12,649669,0
VZIO.US,D,20211130,000000,20.15,20.219,18.73,19.23,837046,0
VZIO.US,D,20211201,000000,19.3,19.52,18.25,18.32,656779,0
VZIO.US,D,20211202,000000,18.14,18.52,17.59,18.29,656839,0
VZIO.US,D,20211203,000000,18.33,18.445,17.29,17.94,523181,0
VZIO.US,D,20211206,000000,17.98,20.1,17.83,19.6,1102722,0
VZIO.US,D,20211207,000000,19.73,20.3,19.34,19.5,1168282,0
VZIO.US,D,20211208,000000,19.87,20.72,19.73,20.72,975609,0
VZIO.US,D,20211209,000000,20.54,20.98,19.72,19.74,925920,0
VZIO.US,D,20211210,000000,19.91,20.15,18.96,18.96,515267,0
VZIO.US,D,20211213,000000,18.96,19.005,17.61,18.25,784627,0
VZIO.US,D,20211214,000000,18.05,18.5,17.93,18.23,565245,0
VZIO.US,D,20211215,000000,17.96,19.06,17.7,18.91,1342570,0
VZIO.US,D,20211216,000000,18.78,19.55,18.42,18.59,1077006,0
VZIO.US,D,20211217,000000,18.34,19.77,18.07,19.02,2462979,0
VZIO.US,D,20211220,000000,18.52,19.02,18.06,18.2,924448,0
VZIO.US,D,20211221,000000,18.3,19.08,18.23,18.66,981118,0
VZIO.US,D,20211222,000000,18.65,18.82,18.31,18.48,362828,0
VZIO.US,D,20211223,000000,18.6,19.13,18.18,18.98,400090,0
VZIO.US,D,20211227,000000,19,19.4,18.72,18.85,257028,0
VZIO.US,D,20211228,000000,18.65,19.2,18.65,19,332127,0
VZIO.US,D,20211229,000000,19.04,19.04,18.38,18.69,442702,0
VZIO.US,D,20211230,000000,18.58,19.85,18.58,19.36,413440,0
VZIO.US,D,20211231,000000,19.37,19.85,19.3,19.43,404237,0
VZIO.US,D,20220103,000000,19.61,19.75,19.05,19.47,588745,0
VZIO.US,D,20220104,000000,19.51,19.83,19,19.58,372271,0
VZIO.US,D,20220105,000000,19.55,19.55,18.64,18.97,580415,0
VZIO.US,D,20220106,000000,18.52,18.81,18.0862,18.4,593588,0
VZIO.US,D,20220107,000000,18.43,18.61,17.73,17.78,533709,0
VZIO.US,D,20220110,000000,17.59,17.88,16.68,17.45,588274,0
VZIO.US,D,20220111,000000,17.51,18.5,17.29,18.48,507738,0
VZIO.US,D,20220112,000000,18.51,19.01,18.45,19,638589,0
VZIO.US,D,20220113,000000,18.92,19,18.115,18.16,513987,0
VZIO.US,D,20220114,000000,18.04,18.15,17.38,17.85,561072,0
VZIO.US,D,20220118,000000,17.52,18.09,17.08,17.19,425032,0
VZIO.US,D,20220119,000000,17.15,17.31,16.32,16.42,893389,0
VZIO.US,D,20220120,000000,16.61,17.18,15.955,16.01,423887,0
VZIO.US,D,20220121,000000,15.42,15.84,14.66,14.67,1650411,0
VZIO.US,D,20220124,000000,14.36,15.04,13.53,15,1117009,0
VZIO.US,D,20220125,000000,14.63,14.87,14.02,14.35,644983,0
VZIO.US,D,20220126,000000,14.72,14.86,13.52,13.62,472451,0
VZIO.US,D,20220127,000000,13.63,14.07,13.56,13.64,681711,0
VZIO.US,D,20220128,000000,13.54,13.75,12.98,13.66,606242,0
VZIO.US,D,20220131,000000,13.67,14.54,13.67,14.38,585561,0
VZIO.US,D,20220201,000000,14.6,14.83,14.4,14.58,634002,0
VZIO.US,D,20220202,000000,14.83,14.93,14.25,14.48,505435,0
VZIO.US,D,20220203,000000,14.11,14.37,13.71,13.77,342615,0
VZIO.US,D,20220204,000000,13.8,14.38,13.451,14.22,382872,0
VZIO.US,D,20220207,000000,14.17,14.51,13.95,14.03,327437,0
VZIO.US,D,20220208,000000,13.83,14.34,13.75,14.3,296786,0
VZIO.US,D,20220209,000000,14.48,15.296,14.3,15.22,755998,0
VZIO.US,D,20220210,000000,14.89,15.42,14.69,14.86,528839,0
VZIO.US,D,20220211,000000,14.79,15.15,14.01,14.1,248543,0
VZIO.US,D,20220214,000000,14.06,14.515,13.76,13.81,490084,0
VZIO.US,D,20220215,000000,14.09,14.62,13.945,14.58,627244,0
VZIO.US,D,20220216,000000,14.39,14.39,13.78,13.84,391146,0
VZIO.US,D,20220217,000000,13.74,13.74,13.04,13.1,777704,0
VZIO.US,D,20220218,000000,12.56,12.7,11.9618,12.47,1540054,0
VZIO.US,D,20220222,000000,12.4,13.53,12.27,13.22,1084742,0
VZIO.US,D,20220223,000000,13.22,13.475,12.57,12.58,378912,0
VZIO.US,D,20220224,000000,12.02,13.96,11.9,13.9,550676,0
VZIO.US,D,20220225,000000,13.72,13.9,13.05,13.82,436764,0
VZIO.US,D,20220228,000000,13.85,14.11,13.48,13.58,444403,0
VZIO.US,D,20220301,000000,13.67,13.84,13.36,13.51,346993,0
VZIO.US,D,20220302,000000,13.59,13.98,13.05,13.81,384312,0
VZIO.US,D,20220303,000000,14,14.105,13.16,13.24,1140078,0
VZIO.US,D,20220304,000000,12.75,12.75,10.36,11.08,2086328,0
VZIO.US,D,20220307,000000,11.01,11.25,9.81,9.93,1061877,0
VZIO.US,D,20220308,000000,9.99,10.07,9.005,9.47,1260115,0
VZIO.US,D,20220309,000000,9.6,10.26,9.54,9.8,767534,0
VZIO.US,D,20220310,000000,9.57,9.57,8.97,9.19,867054,0
VZIO.US,D,20220311,000000,9.43,9.65,8.9,8.95,718416,0
VZIO.US,D,20220314,000000,8.88,8.88,8.07,8.08,984999,0
VZIO.US,D,20220315,000000,8.11,8.46,8.05,8.4,909203,0
VZIO.US,D,20220316,000000,8.57,9.15,8.57,9.02,748730,0
VZIO.US,D,20220317,000000,9.09,9.32,8.89,9.08,582210,0
VZIO.US,D,20220318,000000,9,9.67,8.99,9.42,688524,0
VZIO.US,D,20220321,000000,9.45,9.61,9.1012,9.41,569154,0
VZIO.US,D,20220322,000000,9.48,9.8399,9.37,9.44,1032739,0
VZIO.US,D,20220323,000000,9.41,9.47,9.18,9.31,1301865,0
VZIO.US,D,20220324,000000,9.32,9.53,9.08,9.42,929945,0
VZIO.US,D,20220325,000000,9.4,9.63,9.27,9.45,435951,0
VZIO.US,D,20220328,000000,9.42,9.61,8.92,9.14,309610,0
VZIO.US,D,20220329,000000,9.28,9.75,9.18,9.74,537285,0
VZIO.US,D,20220330,000000,9.7,9.97,9.5,9.63,414393,0
VZIO.US,D,20220331,000000,9.75,9.8388,8.88,8.89,689090,0
VZIO.US,D,20220401,000000,8.89,9.09,8.73,9.06,629687,0
VZIO.US,D,20220404,000000,9.07,9.18,8.74,8.84,727214,0
VZIO.US,D,20220405,000000,8.78,8.95,8.19,8.45,1448672,0
VZIO.US,D,20220406,000000,8.2,8.28,7.81,7.97,789777,0
VZIO.US,D,20220407,000000,7.96,8.0999,7.605,7.73,617244,0
VZIO.US,D,20220408,000000,7.75,7.945,7.61,7.81,590570,0
VZIO.US,D,20220411,000000,7.66,8.08,7.61,7.86,535580,0
VZIO.US,D,20220412,000000,8.01,8.11,7.58,7.73,690268,0
VZIO.US,D,20220413,000000,7.75,8.22,7.6623,8.2,745977,0
VZIO.US,D,20220414,000000,8.2,8.2514,7.97,8.04,619645,0
VZIO.US,D,20220418,000000,7.99,8.11,7.56,7.99,844354,0
VZIO.US,D,20220419,000000,7.96,8.67,7.96,8.52,819606,0
VZIO.US,D,20220420,000000,8.4,8.56,7.55,7.58,702764,0
VZIO.US,D,20220421,000000,7.61,7.7461,6.76,6.87,882951,0
VZIO.US,D,20220422,000000,6.95,7.05,6.69,6.7,540843,0
VZIO.US,D,20220425,000000,6.62,7.26,6.62,7.2,761057,0
VZIO.US,D,20220426,000000,7.07,7.52,7.07,7.29,542916,0
VZIO.US,D,20220427,000000,7.17,7.39,6.96,7.01,492330,0
VZIO.US,D,20220428,000000,7.15,7.65,6.86,7.47,533163,0
VZIO.US,D,20220429,000000,7.36,7.65,7.19,7.24,596620,0
VZIO.US,D,20220502,000000,7.3,7.83,7.28,7.81,633073,0
VZIO.US,D,20220503,000000,7.8,8.05,7.73,7.9,403819,0
VZIO.US,D,20220504,000000,7.84,8.42,7.73,8.37,535967,0
VZIO.US,D,20220505,000000,8.11,8.36,7.54,7.76,846712,0
VZIO.US,D,20220506,000000,7.62,8.0404,7.28,7.77,993736,0
VZIO.US,D,20220509,000000,7.55,8.22,7.36,7.98,767634,0
VZIO.US,D,20220510,000000,8.14,8.3,7,7.4,1194777,0
VZIO.US,D,20220511,000000,7.35,7.61,7.2001,7.47,976500,0
VZIO.US,D,20220512,000000,7.39,7.89,7.35,7.57,1400038,0
VZIO.US,D,20220513,000000,8.2,8.75,7.71,8.4,1718544,0
VZIO.US,D,20220516,000000,8.15,8.8443,8.13,8.42,1024155,0
VZIO.US,D,20220517,000000,8.62,8.87,8.42,8.66,720839,0
VZIO.US,D,20220518,000000,8.43,8.66,8.19,8.35,636935,0
VZIO.US,D,20220519,000000,8.22,8.58,8.19,8.27,726179,0
VZIO.US,D,20220520,000000,8.31,8.6,8.25,8.6,445261,0
VZIO.US,D,20220523,000000,8.6,8.6,8.31,8.59,561230,0
VZIO.US,D,20220524,000000,8.37,8.7,7.63,7.74,812611,0
VZIO.US,D,20220525,000000,7.59,8.3,7.57,8.18,409285,0
VZIO.US,D,20220526,000000,8.13,8.67,8.01,8.58,517311,0
VZIO.US,D,20220527,000000,8.81,9.04,8.74,8.96,575360,0
VZIO.US,D,20220531,000000,9.03,9.03,8.59,8.87,563713,0
VZIO.US,D,20220601,000000,8.94,9.16,8.76,9.04,505910,0
VZIO.US,D,20220602,000000,8.9,9.29,8.9,9.16,470438,0
VZIO.US,D,20220603,000000,9.04,9.3,8.91,9.02,282646,0
VZIO.US,D,20220606,000000,9.35,9.7,9.22,9.52,797842,0
VZIO.US,D,20220607,000000,9.35,9.35,8.505,8.68,885854,0
VZIO.US,D,20220608,000000,8.67,9.46,8.67,9.37,935167,0
VZIO.US,D,20220609,000000,9.23,9.23,8.52,8.61,622175,0
VZIO.US,D,20220610,000000,8.54,8.775,8.37,8.47,395181,0
VZIO.US,D,20220613,000000,8.15,8.33,7.89,8.03,628057,0
VZIO.US,D,20220614,000000,8.21,8.5,8.1,8.32,641717,0
VZIO.US,D,20220615,000000,8.33,9.12,8.3,9,854909,0
VZIO.US,D,20220616,000000,8.56,9.06,8.52,9.03,995104,0
VZIO.US,D,20220617,000000,9.13,9.3,8.83,9.06,1046454,0
VZIO.US,D,20220621,000000,9.04,9.35,8.68,8.75,896165,0
VZIO.US,D,20220622,000000,8.49,8.81,8.32,8.54,776491,0
VZIO.US,D,20220623,000000,8.6,8.87,8.55,8.82,656900,0
VZIO.US,D,20220624,000000,8.79,9.11,8.31,8.33,7753380,0
VZIO.US,D,20220627,000000,8.35,8.37,7.9,8.14,869614,0
VZIO.US,D,20220628,000000,8.21,8.27,7.69,7.75,694696,0
VZIO.US,D,20220629,000000,7.62,7.62,6.84,7.04,790662,0
VZIO.US,D,20220630,000000,6.85,6.99,6.63,6.82,711759,0
VZIO.US,D,20220701,000000,6.75,6.85,6.56,6.75,512029,0
VZIO.US,D,20220705,000000,6.59,7.45,6.47,7.43,618830,0
VZIO.US,D,20220706,000000,7.43,7.48,7.25,7.47,477694,0
VZIO.US,D,20220707,000000,7.49,8.04,7.47,8.02,624993,0
VZIO.US,D,20220708,000000,7.91,8.24,7.83,8.05,529704,0
VZIO.US,D,20220711,000000,7.93,8.01,7.73,7.86,337928,0
VZIO.US,D,20220712,000000,7.84,8.2,7.84,8.03,527427,0
VZIO.US,D,20220713,000000,7.89,7.895,7.29,7.32,427493,0
VZIO.US,D,20220714,000000,7.2,7.23,6.89,6.95,352038,0
VZIO.US,D,20220715,000000,7.11,7.35,7.035,7.33,417882,0
VZIO.US,D,20220718,000000,7.47,7.55,7.35,7.45,348533,0
VZIO.US,D,20220719,000000,7.69,7.8051,7.575,7.74,387034,0
VZIO.US,D,20220720,000000,7.79,8.55,7.67,8.49,788272,0
VZIO.US,D,20220721,000000,8.4,8.98,8.27,8.98,780346,0
VZIO.US,D,20220722,000000,8.89,9.01,8.6,8.8,1041923,0
VZIO.US,D,20220725,000000,8.82,8.99,8.65,8.96,533723,0
VZIO.US,D,20220726,000000,8.9,10,8.7,9.75,6289661,0
VZIO.US,D,20220727,000000,9.79,9.8,8.9,9.17,1314473,0
VZIO.US,D,20220728,000000,9.24,9.57,8.945,9.2,902517,0
VZIO.US,D,20220729,000000,8.9,9.18,8.308,9.16,1235556,0
VZIO.US,D,20220801,000000,8.91,9.37,8.76,9.36,537461,0
VZIO.US,D,20220802,000000,9.36,9.88,9.12,9.73,720512,0
VZIO.US,D,20220803,000000,9.85,10.28,9.74,10.27,714012,0
VZIO.US,D,20220804,000000,10.38,10.47,10.12,10.43,622090,0
VZIO.US,D,20220805,000000,10.3,10.42,10.1387,10.42,341769,0
VZIO.US,D,20220808,000000,10.41,10.85,10.28,10.64,538444,0
VZIO.US,D,20220809,000000,10.6,10.77,9.8,10.13,497383,0
VZIO.US,D,20220810,000000,10.47,10.55,9.98,10.44,1303056,0
VZIO.US,D,20220811,000000,12.17,13.84,11.805,12.33,3645300,0
VZIO.US,D,20220812,000000,12.5,13,12.03,12.94,953029,0
VZIO.US,D,20220815,000000,13,13.42,12.54,12.85,764819,0
VZIO.US,D,20220816,000000,12.53,13.15,12.46,13.04,703165,0
VZIO.US,D,20220817,000000,12.81,13,12.23,12.28,389264,0
VZIO.US,D,20220818,000000,12.27,12.57,12.05,12.44,331567,0
VZIO.US,D,20220819,000000,12.35,12.45,11.83,11.95,331577,0
VZIO.US,D,20220822,000000,11.61,11.78,11.26,11.33,355297,0
VZIO.US,D,20220823,000000,11.2,11.35,10.73,11.03,610294,0
VZIO.US,D,20220824,000000,11.11,11.34,11.08,11.17,368290,0
VZIO.US,D,20220825,000000,11.1,11.33,10.97,11.33,413059,0
VZIO.US,D,20220826,000000,11.23,11.29,10.5,10.76,403896,0
VZIO.US,D,20220829,000000,10.64,10.95,10.635,10.71,362748,0
VZIO.US,D,20220830,000000,10.8,10.87,10.61,10.64,311006,0
VZIO.US,D,20220831,000000,10.79,10.86,10.57,10.72,365746,0
VZIO.US,D,20220901,000000,10.59,10.68,10.4,10.61,300514,0
VZIO.US,D,20220902,000000,10.82,11.14,10.62,10.79,388637,0
VZIO.US,D,20220906,000000,10.82,11.18,10.67,10.73,477276,0
VZIO.US,D,20220907,000000,10.72,10.82,10.085,10.68,434794,0
VZIO.US,D,20220908,000000,10.53,11.15,10.34,11.1,502810,0
VZIO.US,D,20220909,000000,11.17,11.97,10.96,11.86,494692,0
VZIO.US,D,20220912,000000,11.9,12.17,11.6,12.13,477905,0
VZIO.US,D,20220913,000000,11.6,11.98,11.39,11.75,386341,0
VZIO.US,D,20220914,000000,11.73,11.99,11.58,11.95,409968,0
VZIO.US,D,20220915,000000,11.86,12,11.21,11.47,459296,0
VZIO.US,D,20220916,000000,11.42,11.63,11.14,11.28,1300653,0
VZIO.US,D,20220919,000000,11.01,11.15,10.67,11.09,403317,0
VZIO.US,D,20220920,000000,10.91,11,10.46,10.75,384815,0
VZIO.US,D,20220921,000000,10.85,10.85,10.39,10.46,319940,0
VZIO.US,D,20220922,000000,10.4,10.4,9.965,10.13,312260,0
VZIO.US,D,20220923,000000,9.92,10.08,9.71,9.88,394416,0
VZIO.US,D,20220926,000000,9.8,10.14,9.73,9.82,347655,0
VZIO.US,D,20220927,000000,10,10.125,9.62,9.69,307121,0
VZIO.US,D,20220928,000000,9.8,9.96,9.59,9.91,363101,0
VZIO.US,D,20220929,000000,9.63,9.68,9.05,9.2,428388,0
VZIO.US,D,20220930,000000,9.14,9.22,8.73,8.74,358085,0
VZIO.US,D,20221003,000000,8.89,9.18,8.67,9.13,356105,0
VZIO.US,D,20221004,000000,9.39,9.615,9.22,9.3,257777,0
VZIO.US,D,20221005,000000,9.06,9.27,8.88,9.22,157467,0
VZIO.US,D,20221006,000000,9.28,9.96,9.12,9.92,503165,0
VZIO.US,D,20221007,000000,9.73,9.73,9.31,9.47,422268,0
VZIO.US,D,20221010,000000,9.54,9.54,9.1,9.14,314164,0
VZIO.US,D,20221011,000000,9.09,9.2,8.825,9.16,328846,0
VZIO.US,D,20221012,000000,9.17,9.26,8.9,9.25,254723,0
VZIO.US,D,20221013,000000,9.05,9.32,8.58,9.17,372444,0
VZIO.US,D,20221014,000000,9.39,9.45,8.79,8.8,219763,0
VZIO.US,D,20221017,000000,9.1,9.43,9.0101,9.42,352970,0
VZIO.US,D,20221018,000000,9.87,10.39,9.52,10.37,658610,0
VZIO.US,D,20221019,000000,10.12,10.69,10.07,10.61,841829,0
VZIO.US,D,20221020,000000,10.53,10.79,10.35,10.74,567484,0
VZIO.US,D,20221021,000000,10.71,11.53,10.58,11.27,767678,0
VZIO.US,D,20221024,000000,11.23,11.32,10.51,10.6,610618,0
VZIO.US,D,20221025,000000,10.63,11.125,10.51,10.94,516509,0
VZIO.US,D,20221026,000000,10.94,11.04,10.65,10.98,396633,0
VZIO.US,D,20221027,000000,11.08,11.23,10.86,11.15,347121,0
VZIO.US,D,20221028,000000,11.22,11.64,11,11.53,525775,0
VZIO.US,D,20221031,000000,11.3,11.36,10.88,11.2,390195,0
VZIO.US,D,20221101,000000,11.45,11.46,11.16,11.22,310653,0
VZIO.US,D,20221102,000000,11.3,11.3,10.57,10.59,444081,0
VZIO.US,D,20221103,000000,10.39,10.63,10.21,10.62,537898,0
VZIO.US,D,20221104,000000,10.82,10.89,10.13,10.52,462037,0
VZIO.US,D,20221107,000000,10.49,10.49,9.48,9.97,739723,0
VZIO.US,D,20221108,000000,10.01,10.195,9.65,9.79,565230,0
VZIO.US,D,20221109,000000,9.7,9.7,9.06,9.21,960962,0
VZIO.US,D,20221110,000000,10.05,11.41,10.05,11.31,1602503,0
VZIO.US,D,20221111,000000,11.44,11.6,11.12,11.32,772730,0
VZIO.US,D,20221114,000000,11.13,11.13,10.1,10.53,1018338,0
VZIO.US,D,20221115,000000,10.71,11.215,10.52,10.99,761067,0
VZIO.US,D,20221116,000000,10.73,11,10.61,10.7,612716,0
VZIO.US,D,20221117,000000,10.18,10.75,10.18,10.57,415000,0
VZIO.US,D,20221118,000000,10.72,10.73,10.385,10.56,318396,0
VZIO.US,D,20221121,000000,10.25,10.46,10.11,10.28,337604,0
VZIO.US,D,20221122,000000,10.29,10.29,9.95,10.24,346114,0
VZIO.US,D,20221123,000000,10.22,10.72,10.11,10.66,385420,0
VZIO.US,D,20221125,000000,10.8,10.99,10.43,10.52,215734,0
VZIO.US,D,20221128,000000,10.38,10.65,10.23,10.49,544228,0
VZIO.US,D,20221129,000000,10.37,10.52,10.21,10.36,340172,0
VZIO.US,D,20221130,000000,10.38,10.41,9.92,10.29,554583,0
VZIO.US,D,20221201,000000,10.27,10.42,9.95,9.96,370804,0
VZIO.US,D,20221202,000000,9.72,10.12,9.66,10.03,319945,0
VZIO.US,D,20221205,000000,9.88,9.935,9.66,9.7,284661,0
VZIO.US,D,20221206,000000,9.61,9.68,9.115,9.35,390334,0
VZIO.US,D,20221207,000000,9.29,9.43,8.82,8.9,361959,0
VZIO.US,D,20221208,000000,8.97,9.045,8.77,8.82,359024,0
VZIO.US,D,20221209,000000,8.74,8.86,8.55,8.77,393107,0
VZIO.US,D,20221212,000000,8.78,8.93,8.67,8.83,356400,0
VZIO.US,D,20221213,000000,9.31,9.5799,8.78,8.87,409111,0
VZIO.US,D,20221214,000000,8.87,8.94,8.5,8.69,330297,0
VZIO.US,D,20221215,000000,8.46,8.615,8.24,8.49,467491,0
VZIO.US,D,20221216,000000,8.37,8.71,8.27,8.66,572558,0
VZIO.US,D,20221219,000000,8.62,8.66,8.081,8.12,635367,0
VZIO.US,D,20221220,000000,8.06,8.17,7.84,8.02,503641,0
VZIO.US,D,20221221,000000,8.09,8.09,7.92,8.08,358426,0
VZIO.US,D,20221222,000000,7.97,8,7.58,7.95,382976,0
VZIO.US,D,20221223,000000,7.77,7.83,7.52,7.58,345718,0
VZIO.US,D,20221227,000000,7.51,7.55,7.28,7.39,256644,0
VZIO.US,D,20221228,000000,7.37,7.46,7,7.17,541923,0
VZIO.US,D,20221229,000000,7.29,7.47,7.27,7.39,265563,0
VZIO.US,D,20221230,000000,7.24,7.46,7.1,7.41,388282,0
VZIO.US,D,20230103,000000,7.5,7.67,7.2,7.31,415823,0
VZIO.US,D,20230104,000000,7.39,7.55,7.16,7.51,367498,0
VZIO.US,D,20230105,000000,7.49,7.61,7.21,7.27,517634,0
VZIO.US,D,20230106,000000,7.33,7.59,7.22,7.55,675834,0
VZIO.US,D,20230109,000000,7.72,7.775,7.42,7.42,280648,0
VZIO.US,D,20230110,000000,7.41,7.52,7.31,7.44,260474,0
VZIO.US,D,20230111,000000,7.51,8.01,7.415,8,401139,0
VZIO.US,D,20230112,000000,8.03,8.52,7.88,8.39,434254,0
VZIO.US,D,20230113,000000,8.25,8.61,8.2,8.41,266179,0
VZIO.US,D,20230117,000000,8.44,8.535,8.29,8.49,189154,0
VZIO.US,D,20230118,000000,8.56,8.72,8.32,8.35,197881,0
VZIO.US,D,20230119,000000,8.25,8.4,8.15,8.23,213494,0
VZIO.US,D,20230120,000000,8.32,8.46,8.1,8.46,196268,0
VZIO.US,D,20230123,000000,8.48,8.745,8.44,8.51,229629,0
VZIO.US,D,20230124,000000,8.46,8.67,8.4276,8.54,180340,0
VZIO.US,D,20230125,000000,8.42,8.57,8.22,8.54,141390,0
VZIO.US,D,20230126,000000,8.67,8.785,8.42,8.64,223089,0
VZIO.US,D,20230127,000000,8.51,9.04,8.37,8.84,345726,0
VZIO.US,D,20230130,000000,8.66,8.88,8.6,8.72,245846,0
VZIO.US,D,20230131,000000,8.7,9,8.67,8.76,325915,0
VZIO.US,D,20230201,000000,8.73,9.2999,8.62,9.11,429482,0
VZIO.US,D,20230202,000000,9.37,9.9,9.28,9.84,484935,0
VZIO.US,D,20230203,000000,9.62,9.93,9.42,9.57,404546,0
VZIO.US,D,20230206,000000,9.44,9.58,9.071,9.17,232993,0
VZIO.US,D,20230207,000000,9.13,9.32,9.03,9.3,327342,0
VZIO.US,D,20230208,000000,9.19,9.56,9.135,9.17,223769,0
VZIO.US,D,20230209,000000,9.29,9.41,8.93,8.98,279543,0
VZIO.US,D,20230210,000000,8.87,9.13,8.855,9.04,305991,0
VZIO.US,D,20230213,000000,9.1,9.21,8.92,9.06,641552,0
VZIO.US,D,20230214,000000,8.95,9.37,8.87,9.33,360073,0
VZIO.US,D,20230215,000000,9.26,9.86,9.26,9.84,482941,0
VZIO.US,D,20230216,000000,9.875,10.4,9.79,10.21,883228,0
VZIO.US,D,20230217,000000,10.21,10.21,9.54,9.92,379524,0
VZIO.US,D,20230221,000000,9.7,10.03,9.54,9.66,432465,0
VZIO.US,D,20230222,000000,9.71,9.82,9.44,9.76,394024,0
VZIO.US,D,20230223,000000,9.79,9.9841,9.62,9.76,266118,0
VZIO.US,D,20230224,000000,9.5,9.64,9.42,9.63,333869,0
VZIO.US,D,20230227,000000,9.59,9.73,9.5003,9.61,360174,0
VZIO.US,D,20230228,000000,9.51,10.56,9.51,10.25,1124843,0
VZIO.US,D,20230301,000000,9.355,10.08,8.335,9.66,1505976,0
VZIO.US,D,20230302,000000,9.58,9.93,9.53,9.61,509127,0
VZIO.US,D,20230303,000000,9.68,9.99,9.5942,9.95,854691,0
VZIO.US,D,20230306,000000,9.92,10.08,9.585,9.68,522085,0
VZIO.US,D,20230307,000000,9.7,10.14,9.7,9.92,347978,0
VZIO.US,D,20230308,000000,9.92,9.92,9.6,9.73,233247,0
VZIO.US,D,20230309,000000,9.68,9.92,9.455,9.53,412094,0
VZIO.US,D,20230310,000000,9.48,9.62,8.798,8.85,483814,0
VZIO.US,D,20230313,000000,8.73,9.07,8.65,8.92,348423,0
VZIO.US,D,20230314,000000,9.3,9.4,8.96,9.07,385849,0
VZIO.US,D,20230315,000000,8.81,9.13,8.8,9.12,397692,0
VZIO.US,D,20230316,000000,8.95,9.425,8.87,9.39,438798,0
VZIO.US,D,20230317,000000,9.42,9.49,9.31,9.48,683066,0
VZIO.US,D,20230320,000000,9.44,9.615,9.315,9.57,545262,0
VZIO.US,D,20230321,000000,9.76,9.88,9.61,9.84,435561,0
VZIO.US,D,20230322,000000,9.82,9.82,9.455,9.48,362631,0
VZIO.US,D,20230323,000000,9.56,9.75,9.22,9.32,277079,0
VZIO.US,D,20230324,000000,9.17,9.2799,9.095,9.25,252903,0
VZIO.US,D,20230327,000000,9.4,9.52,9.2,9.22,265597,0
VZIO.US,D,20230328,000000,9.17,9.22,8.775,8.81,394795,0
VZIO.US,D,20230329,000000,8.89,8.89,8.57,8.8,300873,0
VZIO.US,D,20230330,000000,8.91,8.92,8.64,8.65,271500,0
VZIO.US,D,20230331,000000,8.73,9.21,8.58,9.18,602191,0
VZIO.US,D,20230403,000000,9.13,9.27,8.91,9.16,310238,0
VZIO.US,D,20230404,000000,9.2,9.35,8.92,8.97,265053,0
VZIO.US,D,20230405,000000,8.88,8.91,8.68,8.81,294393,0
VZIO.US,D,20230406,000000,8.83,9.22,8.67,9.16,428998,0
VZIO.US,D,20230410,000000,9.04,9.36,8.92,9.33,298147,0
VZIO.US,D,20230411,000000,9.39,9.44,9.27,9.27,200800,0
VZIO.US,D,20230412,000000,9.39,9.395,9.09,9.12,166673,0
VZIO.US,D,20230413,000000,9.25,9.36,9.12,9.16,175584,0
VZIO.US,D,20230414,000000,9.14,9.27,8.8,8.93,257372,0
VZIO.US,D,20230417,000000,8.89,9.05,8.8661,9.02,165182,0
VZIO.US,D,20230418,000000,9.05,9.2,8.8,8.88,190468,0
VZIO.US,D,20230419,000000,8.82,9.1,8.77,8.98,229544,0
VZIO.US,D,20230420,000000,8.93,8.95,8.73,8.79,174723,0
VZIO.US,D,20230421,000000,8.8,8.91,8.65,8.84,297580,0
VZIO.US,D,20230424,000000,8.89,8.89,8.69,8.76,154551,0
VZIO.US,D,20230425,000000,8.66,8.68,8.26,8.31,281300,0
VZIO.US,D,20230426,000000,8.23,8.33,8.025,8.18,347701,0
VZIO.US,D,20230427,000000,8.23,8.53,8.12,8.49,342984,0
VZIO.US,D,20230428,000000,8.44,8.6,8.415,8.57,297702,0
VZIO.US,D,20230501,000000,8.56,8.82,8.54,8.67,312082,0
VZIO.US,D,20230502,000000,8.61,8.62,8.22,8.4,242141,0
VZIO.US,D,20230503,000000,8.44,8.73,8.35,8.5,293288,0
VZIO.US,D,20230504,000000,8.44,8.46,8.06,8.09,198677,0
VZIO.US,D,20230505,000000,8.27,8.395,8.13,8.36,283584,0
VZIO.US,D,20230508,000000,8.48,8.58,8.39,8.49,364956,0
VZIO.US,D,20230509,000000,8.36,8.735,8.24,8.64,654137,0
VZIO.US,D,20230510,000000,9.5,9.5,7.77,7.99,766290,0
VZIO.US,D,20230511,000000,7.95,8.04,7.3,7.84,1437781,0
VZIO.US,D,20230512,000000,7.96,8.27,7.57,7.58,467273,0
VZIO.US,D,20230515,000000,7.6,7.87,7.53,7.81,452840,0
VZIO.US,D,20230516,000000,7.75,7.75,7.45,7.59,479226,0
VZIO.US,D,20230517,000000,7.56,7.69,7.35,7.36,529117,0
VZIO.US,D,20230518,000000,7.34,7.45,7.11,7.2,444833,0
VZIO.US,D,20230519,000000,7.32,7.37,7.105,7.12,473397,0
VZIO.US,D,20230522,000000,7.13,7.28,7.115,7.19,392025,0
VZIO.US,D,20230523,000000,7.15,7.205,6.95,7.05,453658,0
VZIO.US,D,20230524,000000,7,7.015,6.7801,6.87,401684,0
VZIO.US,D,20230525,000000,6.85,6.9,6.59,6.73,716158,0
VZIO.US,D,20230526,000000,6.72,6.83,6.58,6.65,718061,0
VZIO.US,D,20230530,000000,6.71,6.76,6.42,6.67,1100863,0
VZIO.US,D,20230531,000000,6.64,6.75,6.47,6.53,1965088,0
VZIO.US,D,20230601,000000,6.5,6.625,6.4,6.41,629618,0
VZIO.US,D,20230602,000000,6.54,6.66,6.405,6.59,653796,0
VZIO.US,D,20230605,000000,6.56,6.64,6.44,6.49,353776,0
VZIO.US,D,20230606,000000,6.48,6.63,6.32,6.58,801053,0
VZIO.US,D,20230607,000000,6.69,6.9859,6.63,6.87,1048266,0
VZIO.US,D,20230608,000000,6.88,7.0743,6.65,6.86,620797,0
VZIO.US,D,20230609,000000,6.87,6.92,6.69,6.73,378856,0
VZIO.US,D,20230612,000000,6.75,7.08,6.75,6.96,587739,0
VZIO.US,D,20230613,000000,7.06,7.46,6.98,7.37,1465707,0
VZIO.US,D,20230614,000000,7.46,7.59,7.27,7.34,576338,0
VZIO.US,D,20230615,000000,7.27,7.365,7.19,7.29,559107,0
VZIO.US,D,20230616,000000,7.4,7.4,7.09,7.22,594342,0
VZIO.US,D,20230620,000000,7.16,7.19,6.982,7.03,488663,0
VZIO.US,D,20230621,000000,7,7.04,6.79,6.87,498091,0
VZIO.US,D,20230622,000000,6.82,6.85,6.64,6.68,425116,0
VZIO.US,D,20230623,000000,6.58,6.68,6.52,6.53,2140584,0
VZIO.US,D,20230626,000000,6.5,6.675,6.5,6.58,433137,0
VZIO.US,D,20230627,000000,6.61,6.76,6.575,6.67,482156,0
VZIO.US,D,20230628,000000,6.65,6.77,6.64,6.71,320635,0
VZIO.US,D,20230629,000000,6.71,6.855,6.66,6.83,494619,0
VZIO.US,D,20230630,000000,6.89,6.98,6.74,6.75,321357,0
VZIO.US,D,20230703,000000,6.75,6.89,6.68,6.73,210759,0
VZIO.US,D,20230705,000000,6.7,6.73,6.59,6.65,775848,0
VZIO.US,D,20230706,000000,6.61,6.64,6.35,6.52,372647,0
VZIO.US,D,20230707,000000,6.54,7.11,6.525,7.02,1126058,0
VZIO.US,D,20230710,000000,7.12,7.19,6.89,6.98,856366,0
VZIO.US,D,20230711,000000,7.03,7.34,6.97,7.15,1236413,0
VZIO.US,D,20230712,000000,7.35,7.35,6.93,7.1,2156505,0
VZIO.US,D,20230713,000000,7.19,7.26,6.98,7.17,1866879,0
VZIO.US,D,20230714,000000,7.21,7.6,7.17,7.53,1310006,0
VZIO.US,D,20230717,000000,7.51,7.65,7.43,7.49,612090,0
VZIO.US,D,20230718,000000,7.42,7.638,7.28,7.38,1686187,0
VZIO.US,D,20230719,000000,7.45,7.61,7.331,7.5,985621,0
VZIO.US,D,20230720,000000,7.49,7.71,7.3,7.36,633162,0
VZIO.US,D,20230721,000000,7.43,7.58,7.26,7.28,558138,0
VZIO.US,D,20230724,000000,7.3,7.375,7.23,7.25,403625,0
VZIO.US,D,20230725,000000,7.23,7.38,7.12,7.34,613566,0
VZIO.US,D,20230726,000000,7.4,7.54,7.265,7.34,551853,0
VZIO.US,D,20230727,000000,7.41,7.42,6.695,6.73,3420183,0
VZIO.US,D,20230728,000000,6.93,7.19,6.88,7.07,2542622,0
VZIO.US,D,20230731,000000,7.12,7.5,7.08,7.45,1665738,0
VZIO.US,D,20230801,000000,7.33,7.57,7.27,7.57,933967,0
VZIO.US,D,20230802,000000,7.51,7.51,7.2,7.39,925618,0
VZIO.US,D,20230803,000000,7.3,7.37,7.155,7.24,763336,0
VZIO.US,D,20230804,000000,7.24,7.42,7.11,7.36,839238,0
VZIO.US,D,20230807,000000,7.38,7.445,7.225,7.35,829738,0
VZIO.US,D,20230808,000000,7.16,7.3,7.08,7.28,977449,0
VZIO.US,D,20230809,000000,7.4,7.49,6.37,6.41,2677254,0
VZIO.US,D,20230810,000000,6.44,6.71,6.31,6.71,1303492,0
VZIO.US,D,20230811,000000,6.65,6.7,6.405,6.42,1155598,0
VZIO.US,D,20230814,000000,6.35,6.45,6.17,6.29,710425,0
VZIO.US,D,20230815,000000,6.24,6.32,6.16,6.3,677040,0
VZIO.US,D,20230816,000000,6.27,6.34,6.25,6.28,625565,0
VZIO.US,D,20230817,000000,6.28,6.39,6.15,6.15,471261,0
VZIO.US,D,20230818,000000,6.07,6.28,6.02,6.19,541170,0
VZIO.US,D,20230821,000000,6.19,6.32,6.1,6.19,557015,0
VZIO.US,D,20230822,000000,6.24,6.3,6.135,6.18,595689,0
VZIO.US,D,20230823,000000,6.15,6.19,6.08,6.16,570051,0
VZIO.US,D,20230824,000000,5.63,5.88,5.52,5.56,2133372,0
VZIO.US,D,20230825,000000,5.51,5.62,5.365,5.59,755895,0
VZIO.US,D,20230828,000000,5.62,5.639,5.375,5.45,689022,0
VZIO.US,D,20230829,000000,5.43,5.525,5.39,5.49,775556,0
VZIO.US,D,20230830,000000,5.45,5.715,5.41,5.61,877972,0
VZIO.US,D,20230831,000000,5.63,5.79,5.62,5.74,700072,0
VZIO.US,D,20230901,000000,5.84,5.94,5.74,5.83,595754,0
VZIO.US,D,20230905,000000,5.84,6.14,5.79,6.1,940299,0
VZIO.US,D,20230906,000000,6.1,6.29,6.02,6.25,1095209,0
VZIO.US,D,20230907,000000,6.19,6.19,5.81,5.87,819825,0
VZIO.US,D,20230908,000000,5.87,5.885,5.675,5.79,636856,0
VZIO.US,D,20230911,000000,5.85,6.02,5.82,5.83,591112,0
VZIO.US,D,20230912,000000,5.74,5.82,5.64,5.78,628418,0
VZIO.US,D,20230913,000000,5.83,5.85,5.71,5.81,555041,0
VZIO.US,D,20230914,000000,5.88,6.02,5.82,5.95,732353,0
VZIO.US,D,20230915,000000,5.97,6.03,5.79,5.94,3784549,0
VZIO.US,D,20230918,000000,5.9,5.93,5.81,5.82,504332,0
VZIO.US,D,20230919,000000,5.82,5.845,5.64,5.8,570690,0
VZIO.US,D,20230920,000000,5.83,5.885,5.69,5.69,346479,0
VZIO.US,D,20230921,000000,5.63,5.73,5.56,5.59,550334,0
VZIO.US,D,20230922,000000,5.63,5.64,5.48,5.51,469868,0
VZIO.US,D,20230925,000000,5.48,5.62,5.44,5.59,464916,0
VZIO.US,D,20230926,000000,5.49,5.61,5.23,5.27,802149,0
VZIO.US,D,20230927,000000,5.33,5.5,5.27,5.37,675502,0
VZIO.US,D,20230928,000000,5.36,5.485,5.31,5.38,400988,0
VZIO.US,D,20230929,000000,5.44,5.59,5.37,5.41,479847,0
VZIO.US,D,20231002,000000,5.37,5.46,5.27,5.27,378978,0
VZIO.US,D,20231003,000000,5.2,5.3,5.09,5.14,549001,0
VZIO.US,D,20231004,000000,5.14,5.225,5.08,5.22,416849,0
VZIO.US,D,20231005,000000,5.19,5.2,4.9701,5.09,570072,0
VZIO.US,D,20231006,000000,5.04,5.22,5.0008,5.21,388050,0
VZIO.US,D,20231009,000000,5.07,5.2,5.01,5.13,418856,0
VZIO.US,D,20231010,000000,5.15,5.3,5.1,5.21,487325,0
VZIO.US,D,20231011,000000,5.22,5.3,5.07,5.1,350236,0
VZIO.US,D,20231012,000000,5.11,5.13,4.93,4.97,403088,0
VZIO.US,D,20231013,000000,4.97,5.045,4.9,5.01,477544,0
VZIO.US,D,20231016,000000,5.11,5.29,5.0391,5.2,524404,0
VZIO.US,D,20231017,000000,5.13,5.43,5.11,5.4,550535,0
VZIO.US,D,20231018,000000,5.33,5.39,5.17,5.21,527337,0
VZIO.US,D,20231019,000000,5.2,5.285,5.13,5.16,317396,0
VZIO.US,D,20231020,000000,5.17,5.185,5.08,5.16,377049,0
VZIO.US,D,20231023,000000,5.13,5.19,5,5.04,362155,0
VZIO.US,D,20231024,000000,5.13,5.23,5.09,5.16,379391,0
VZIO.US,D,20231025,000000,5.09,5.15,5.01,5.03,527761,0
VZIO.US,D,20231026,000000,5.02,5.105,4.88,5.03,653521,0
VZIO.US,D,20231027,000000,5.05,5.05,4.84,4.88,460772,0
VZIO.US,D,20231030,000000,4.96,5.0275,4.82,5.02,522819,0
VZIO.US,D,20231031,000000,4.99,5.14,4.96,5.09,611657,0
VZIO.US,D,20231101,000000,5.09,5.19,5,5.16,679049,0
VZIO.US,D,20231102,000000,5.27,5.44,5.17,5.43,630738,0
VZIO.US,D,20231103,000000,5.57,5.655,5.5,5.58,476664,0
VZIO.US,D,20231106,000000,5.59,5.66,5.5,5.56,615560,0
VZIO.US,D,20231107,000000,5.56,5.695,5.51,5.63,364543,0
VZIO.US,D,20231108,000000,5.59,5.63,5.53,5.59,264636,0
VZIO.US,D,20231109,000000,5.66,5.66,5.26,5.28,1004228,0
VZIO.US,D,20231110,000000,6.05,6.76,5.96,6.68,3099025,0
VZIO.US,D,20231113,000000,6.71,6.71,6.29,6.37,1018286,0
VZIO.US,D,20231114,000000,6.58,6.7,6.555,6.63,1022610,0
VZIO.US,D,20231115,000000,6.67,7.01,6.65,6.71,945277,0
VZIO.US,D,20231116,000000,6.65,6.7006,6.455,6.68,506491,0
VZIO.US,D,20231117,000000,6.69,6.885,6.61,6.85,653314,0
VZIO.US,D,20231120,000000,6.84,6.91,6.76,6.84,450516,0
VZIO.US,D,20231121,000000,6.77,6.82,6.64,6.73,452315,0
VZIO.US,D,20231122,000000,6.8,6.88,6.74,6.78,387918,0
VZIO.US,D,20231124,000000,6.75,6.9,6.68,6.88,250824,0
VZIO.US,D,20231127,000000,6.9,7.06,6.74,6.94,609814,0
VZIO.US,D,20231128,000000,6.88,6.98,6.8276,6.92,375747,0
VZIO.US,D,20231129,000000,6.99,7.0699,6.83,6.87,396880,0
VZIO.US,D,20231130,000000,6.88,6.91,6.69,6.7,554597,0
VZIO.US,D,20231201,000000,6.68,7.02,6.632,7.01,692044,0
VZIO.US,D,20231204,000000,6.95,7.16,6.91,7.15,404232,0
VZIO.US,D,20231205,000000,7.09,7.41,7.05,7.3,565563,0
VZIO.US,D,20231206,000000,7.39,7.54,7.26,7.37,675402,0
VZIO.US,D,20231207,000000,7.38,7.4,7.205,7.26,428246,0
VZIO.US,D,20231208,000000,7.19,7.34,7.15,7.19,500685,0
VZIO.US,D,20231211,000000,7.16,7.29,7.1,7.14,337658,0
VZIO.US,D,20231212,000000,7.13,7.13,6.915,6.97,368741,0
VZIO.US,D,20231213,000000,7.14,7.56,7.14,7.55,1000611,0
VZIO.US,D,20231214,000000,7.75,8.08,7.64,7.85,1025445,0
VZIO.US,D,20231215,000000,7.9,7.95,7.49,7.55,1113607,0
VZIO.US,D,20231218,000000,7.5,7.55,7.38,7.45,565252,0
VZIO.US,D,20231219,000000,7.5,7.7,7.48,7.63,662879,0
VZIO.US,D,20231220,000000,7.64,7.77,7.44,7.45,574262,0
VZIO.US,D,20231221,000000,7.54,7.6214,7.43,7.52,424368,0
VZIO.US,D,20231222,000000,7.55,7.61,7.47,7.56,509944,0
VZIO.US,D,20231226,000000,7.58,7.78,7.56,7.74,381739,0
VZIO.US,D,20231227,000000,7.72,7.8525,7.67,7.74,468254,0
VZIO.US,D,20231228,000000,7.7,7.86,7.66,7.78,405342,0
VZIO.US,D,20231229,000000,7.72,7.85,7.66,7.7,528231,0
VZIO.US,D,20240102,000000,7.61,7.79,7.585,7.61,499450,0
VZIO.US,D,20240103,000000,7.5,7.6,7.365,7.45,653291,0
VZIO.US,D,20240104,000000,7.46,7.46,7.33,7.44,491745,0
VZIO.US,D,20240105,000000,7.34,7.52,7.335,7.46,546835,0
VZIO.US,D,20240108,000000,7.53,7.71,7.4,7.56,746478,0
VZIO.US,D,20240109,000000,7.39,7.505,7.38,7.49,459317,0
VZIO.US,D,20240110,000000,7.46,7.59,7.43,7.54,630311,0
VZIO.US,D,20240111,000000,7.54,7.57,7.39,7.46,645736,0
VZIO.US,D,20240112,000000,7.58,7.63,7.455,7.48,503484,0
VZIO.US,D,20240116,000000,7.37,7.4,7.215,7.37,635673,0
VZIO.US,D,20240117,000000,7.22,7.22,6.97,7.09,530855,0
VZIO.US,D,20240118,000000,7.17,7.17,6.86,6.96,380066,0
VZIO.US,D,20240119,000000,6.97,7.07,6.845,7.06,410274,0
VZIO.US,D,20240122,000000,7.12,7.19,7.05,7.19,498146,0
VZIO.US,D,20240123,000000,7.25,7.505,7.2,7.48,929900,0
VZIO.US,D,20240124,000000,7.6,7.6,7.105,7.14,678547,0
VZIO.US,D,20240125,000000,7.25,7.305,7.1,7.24,461712,0
VZIO.US,D,20240126,000000,7.33,7.48,7.22,7.23,466911,0
VZIO.US,D,20240129,000000,7.19,7.35,7.105,7.35,309169,0
VZIO.US,D,20240130,000000,7.3,7.3,7.04,7.16,647769,0
VZIO.US,D,20240131,000000,7.18,7.4,7,7,666948,0
VZIO.US,D,20240201,000000,7.12,7.33,7.015,7.21,583084,0
VZIO.US,D,20240202,000000,7.1,7.2,6.96,7.17,466334,0
VZIO.US,D,20240205,000000,7.06,7.105,6.93,6.96,349892,0
VZIO.US,D,20240206,000000,6.96,7.2247,6.94,7.2,429620,0
VZIO.US,D,20240207,000000,7.21,7.285,7.18,7.21,337202,0
VZIO.US,D,20240208,000000,7.21,7.4,7.165,7.38,549412,0
VZIO.US,D,20240209,000000,7.41,7.6,7.328,7.56,697029,0
VZIO.US,D,20240212,000000,7.59,7.899,7.59,7.82,705199,0
VZIO.US,D,20240213,000000,7.47,11.28,7.41,9.75,7667939,0
VZIO.US,D,20240214,000000,9.65,9.8,9.28,9.59,3329473,0
VZIO.US,D,20240215,000000,9.7,9.8598,9.35,9.51,1404452,0
VZIO.US,D,20240216,000000,9.36,9.61,9.31,9.53,1097507,0
VZIO.US,D,20240220,000000,11.005,11.12,10.87,11.08,33864247,0
VZIO.US,D,20240221,000000,11.01,11.07,10.97,11.04,13599955,0
VZIO.US,D,20240222,000000,11.05,11.07,10.95,10.98,5321512,0
VZIO.US,D,20240223,000000,10.9,11,10.85,10.99,5660839,0
VZIO.US,D,20240226,000000,10.99,10.995,10.84,10.85,4805337,0
VZIO.US,D,20240227,000000,10.89,11.01,10.8501,11,4519321,0
VZIO.US,D,20240228,000000,10.97,11.065,10.92,11.03,3025378,0
VZIO.US,D,20240229,000000,11.06,11.09,10.985,11.01,1843922,0
VZIO.US,D,20240301,000000,11.01,11.07,11,11.02,2897418,0
VZIO.US,D,20240304,000000,11.03,11.09,10.95,10.95,3868598,0
VZIO.US,D,20240305,000000,10.98,11.05,10.96,11.03,2720112,0
VZIO.US,D,20240306,000000,11.04,11.07,11,11.01,3626791,0
VZIO.US,D,20240307,000000,11.05,11.05,10.99,10.99,1010979,0
VZIO.US,D,20240308,000000,11.03,11.04,10.99,10.99,1851563,0
VZIO.US,D,20240311,000000,11.05,11.22,11.03,11.08,2757892,0
VZIO.US,D,20240312,000000,11.08,11.19,11.075,11.16,1467102,0
VZIO.US,D,20240313,000000,11.16,11.19,11.095,11.11,1427655,0
VZIO.US,D,20240314,000000,11.13,11.15,11.09,11.12,1022134,0
VZIO.US,D,20240315,000000,11.11,11.16,11.09,11.16,2246106,0
VZIO.US,D,20240318,000000,11.16,11.22,11.13,11.18,3603753,0
VZIO.US,D,20240319,000000,11.18,11.19,11.06,11.1,4494729,0
VZIO.US,D,20240320,000000,11.1,11.12,10.88,10.91,10062601,0
VZIO.US,D,20240321,000000,10.94,10.995,10.91,10.97,4554858,0
VZIO.US,D,20240322,000000,10.85,10.965,10.8,10.9,4945280,0
VZIO.US,D,20240325,000000,10.93,10.95,10.855,10.93,1437739,0
VZIO.US,D,20240326,000000,10.95,11.055,10.93,10.98,6696718,0
VZIO.US,D,20240327,000000,10.98,11.07,10.96,11.06,2936793,0
VZIO.US,D,20240328,000000,10.98,11.04,10.87,10.94,4771402,0
VZIO.US,D,20240401,000000,10.99,10.99,10.92,10.93,1546053,0
VZIO.US,D,20240402,000000,10.92,10.93,10.86,10.9,1406547,0
VZIO.US,D,20240403,000000,10.9,10.98,10.88,10.97,2316582,0
VZIO.US,D,20240404,000000,10.98,10.99,10.86,10.91,2712372,0
VZIO.US,D,20240405,000000,10.89,10.92,10.87,10.88,1834710,0
VZIO.US,D,20240408,000000,10.92,10.92,10.84,10.87,1287729,0
VZIO.US,D,20240409,000000,10.9,10.92,10.82,10.84,1669751,0
VZIO.US,D,20240410,000000,10.8,10.85,10.79,10.79,3317142,0
VZIO.US,D,20240411,000000,10.8,10.84,10.76,10.78,2902324,0
VZIO.US,D,20240412,000000,10.8,10.8,10.64,10.69,3938374,0
VZIO.US,D,20240415,000000,10.73,10.73,10.62,10.63,1460112,0
VZIO.US,D,20240416,000000,10.61,10.85,10.57,10.7,1363913,0
VZIO.US,D,20240417,000000,10.72,10.83,10.69,10.75,2960386,0
VZIO.US,D,20240418,000000,10.77,10.795,10.72,10.74,1911024,0
VZIO.US,D,20240419,000000,10.75,10.81,10.73,10.79,2189209,0
VZIO.US,D,20240422,000000,10.77,10.8,10.75,10.76,870091,0
VZIO.US,D,20240423,000000,10.76,10.78,10.725,10.75,1331040,0
VZIO.US,D,20240424,000000,10.75,10.81,10.75,10.79,1593532,0
VZIO.US,D,20240425,000000,10.76,10.78,10.72,10.76,1389577,0
VZIO.US,D,20240426,000000,10.78,10.78,10.69,10.75,1042324,0
VZIO.US,D,20240429,000000,10.75,10.86,10.73,10.8,4939907,0
VZIO.US,D,20240430,000000,10.53,10.695,10.51,10.6,6169237,0
VZIO.US,D,20240501,000000,10.6,10.67,10.55,10.66,4196800,0
VZIO.US,D,20240502,000000,10.69,10.71,10.52,10.55,2638853,0
VZIO.US,D,20240503,000000,10.63,10.67,10.545,10.55,2861243,0
VZIO.US,D,20240506,000000,10.62,10.63,10.51,10.56,1699701,0
VZIO.US,D,20240507,000000,10.56,10.575,10.5,10.53,2506550,0
VZIO.US,D,20240508,000000,10.55,10.56,10.425,10.48,3635539,0
VZIO.US,D,20240509,000000,10.32,10.48,10.24,10.31,4864399,0
VZIO.US,D,20240510,000000,10.34,10.455,10.3,10.41,2561817,0
VZIO.US,D,20240513,000000,10.4,10.46,10.39,10.41,1885286,0
VZIO.US,D,20240514,000000,10.46,10.49,10.41,10.47,1745410,0
VZIO.US,D,20240515,000000,10.5,10.55,10.465,10.52,2337928,0
VZIO.US,D,20240516,000000,10.54,10.62,10.5,10.59,2878907,0
VZIO.US,D,20240517,000000,10.6,10.62,10.565,10.58,3456708,0
VZIO.US,D,20240520,000000,10.56,10.57,10.52,10.53,1104142,0
VZIO.US,D,20240521,000000,10.53,10.62,10.52,10.61,1897391,0
VZIO.US,D,20240522,000000,10.6,10.6,10.51,10.58,2127885,0
VZIO.US,D,20240523,000000,10.55,10.62,10.54,10.58,1221273,0
VZIO.US,D,20240524,000000,10.57,10.63,10.57,10.62,1057682,0
VZIO.US,D,20240528,000000,10.62,10.62,10.55,10.57,2072171,0
VZIO.US,D,20240529,000000,10.55,10.61,10.515,10.54,4107615,0
VZIO.US,D,20240530,000000,10.59,10.73,10.55,10.66,5537848,0
VZIO.US,D,20240531,000000,10.7,10.76,10.67,10.74,3526644,0
VZIO.US,D,20240603,000000,10.76,10.8,10.71,10.74,1205565,0
VZIO.US,D,20240604,000000,10.74,10.88,10.705,10.87,3002934,0
VZIO.US,D,20240605,000000,10.85,10.94,10.83,10.94,2323679,0
VZIO.US,D,20240606,000000,10.93,10.95,10.89,10.92,1507819,0
VZIO.US,D,20240607,000000,10.86,10.9,10.79,10.8,1384287,0
VZIO.US,D,20240610,000000,10.76,10.81,10.74,10.75,2649900,0
VZIO.US,D,20240611,000000,10.74,10.76,10.69,10.75,4364632,0
VZIO.US,D,20240612,000000,10.81,10.82,10.63,10.66,3307246,0
VZIO.US,D,20240613,000000,10.7,10.7,10.625,10.66,3154284,0
VZIO.US,D,20240614,000000,10.65,10.74,10.62,10.7,1654453,0
VZIO.US,D,20240617,000000,10.7,10.77,10.7,10.73,1559105,0
VZIO.US,D,20240618,000000,10.75,10.845,10.72,10.81,1881102,0
VZIO.US,D,20240620,000000,10.82,10.835,10.7,10.7,1346426,0
VZIO.US,D,20240621,000000,10.67,10.695,10.58,10.62,4709052,0
VZIO.US,D,20240624,000000,10.66,10.72,10.63,10.7,1409545,0
VZIO.US,D,20240625,000000,10.7,10.72,10.6,10.66,2302605,0
VZIO.US,D,20240626,000000,10.66,10.73,10.615,10.72,5410852,0
VZIO.US,D,20240627,000000,10.72,10.7254,10.68,10.7,1792244,0
VZIO.US,D,20240628,000000,10.73,10.87,10.715,10.8,5330337,0
VZIO.US,D,20240701,000000,10.76,10.83,10.76,10.82,1234448,0
VZIO.US,D,20240702,000000,10.8,10.81,10.66,10.7,3381924,0
VZIO.US,D,20240703,000000,10.72,10.7308,10.675,10.68,1223912,0
VZIO.US,D,20240705,000000,10.68,10.74,10.61,10.73,1819485,0
VZIO.US,D,20240708,000000,10.69,10.8,10.68,10.79,1395372,0
VZIO.US,D,20240709,000000,10.77,10.84,10.75,10.82,1197712,0
VZIO.US,D,20240710,000000,10.8,10.92,10.785,10.89,3341332,0
VZIO.US,D,20240711,000000,10.9,10.97,10.845,10.95,1722705,0
VZIO.US,D,20240712,000000,10.96,10.96,10.88,10.9,1111043,0
VZIO.US,D,20240715,000000,10.94,10.95,10.865,10.92,2483201,0
VZIO.US,D,20240716,000000,10.95,11.04,10.9,11.01,4612647,0
VZIO.US,D,20240717,000000,10.95,11.025,10.95,10.96,1733114,0
VZIO.US,D,20240718,000000,10.96,11,10.95,10.98,1206032,0
VZIO.US,D,20240719,000000,10.96,11.01,10.95,10.99,1232731,0
VZIO.US,D,20240722,000000,10.99,11.06,10.97,11.04,1267502,0
VZIO.US,D,20240723,000000,11,11.065,10.97,11.04,1688642,0
VZIO.US,D,20240724,000000,11.01,11.03,10.95,10.98,1830237,0
VZIO.US,D,20240725,000000,11.01,11.025,10.96,11,1271601,0
VZIO.US,D,20240726,000000,11.04,11.07,10.96,11.02,2062748,0
VZIO.US,D,20240729,000000,10.99,11.0199,10.95,11,716649,0
VZIO.US,D,20240730,000000,11.03,11.06,10.97,10.98,1426798,0
VZIO.US,D,20240731,000000,10.98,11.01,10.96,10.98,1522751,0
VZIO.US,D,20240801,000000,10.98,11.02,10.96,11,1296201,0
VZIO.US,D,20240802,000000,10.96,11.005,10.95,10.99,1017282,0
VZIO.US,D,20240805,000000,10.85,10.9851,10.61,10.97,3286028,0
VZIO.US,D,20240806,000000,10.95,11.05,10.94,11,2631494,0
VZIO.US,D,20240807,000000,11,11.005,10.92,10.97,2921837,0
VZIO.US,D,20240808,000000,10.99,11.08,10.97,11.02,2256620,0
VZIO.US,D,20240809,000000,11.05,11.14,11.02,11.11,1674981,0
VZIO.US,D,20240812,000000,11.11,11.18,11.08,11.16,2136798,0
VZIO.US,D,20240813,000000,11.16,11.17,11.12,11.15,1520649,0
VZIO.US,D,20240814,000000,11.12,11.14,11.02,11.05,2678722,0
VZIO.US,D,20240815,000000,11.1,11.12,11.03,11.07,1758095,0
VZIO.US,D,20240816,000000,11.07,11.16,11.07,11.11,1656693,0
VZIO.US,D,20240819,000000,11.12,11.23,11.11,11.15,1958296,0
VZIO.US,D,20240820,000000,11.15,11.17,11.12,11.13,754966,0
VZIO.US,D,20240821,000000,11.16,11.16,11.105,11.14,1716434,0
VZIO.US,D,20240822,000000,11.15,11.165,11.11,11.12,1209335,0
VZIO.US,D,20240823,000000,11.11,11.185,11.11,11.15,1534188,0
VZIO.US,D,20240826,000000,11.15,11.155,11.09,11.12,1445325,0
VZIO.US,D,20240827,000000,11.11,11.21,11.1,11.19,2833672,0
VZIO.US,D,20240828,000000,11.2,11.28,11.18,11.23,2529886,0
VZIO.US,D,20240829,000000,11.24,11.26,11.18,11.19,1230252,0
VZIO.US,D,20240830,000000,11.21,11.24,11.18,11.23,825093,0
VZIO.US,D,20240903,000000,11.21,11.26,11.18,11.25,1490496,0
VZIO.US,D,20240904,000000,11.24,11.3,11.24,11.28,1078857,0
VZIO.US,D,20240905,000000,11.27,11.28,11.2,11.25,913941,0
VZIO.US,D,20240906,000000,11.26,11.3,11.21,11.25,1987468,0
VZIO.US,D,20240909,000000,11.23,11.25,11.18,11.19,3094468,0
VZIO.US,D,20240910,000000,11.19,11.2,11.15,11.17,3573489,0
VZIO.US,D,20240911,000000,11.15,11.18,11.11,11.13,3360758,0
VZIO.US,D,20240912,000000,11.11,11.135,11.11,11.12,2056426,0
VZIO.US,D,20240913,000000,11.1,11.15,11.09,11.12,4838991,0
VZIO.US,D,20240916,000000,11.12,11.23,11.12,11.22,2115739,0
VZIO.US,D,20240917,000000,11.23,11.29,11.22,11.28,1447721,0
VZIO.US,D,20240918,000000,11.26,11.27,11.2,11.2,1258060,0
VZIO.US,D,20240919,000000,11.23,11.24,11.14,11.14,1924306,0
VZIO.US,D,20240920,000000,11.13,11.26,11.13,11.25,1644169,0
VZIO.US,D,20240923,000000,11.16,11.28,11.16,11.24,1522424,0
VZIO.US,D,20240924,000000,11.23,11.27,11.23,11.25,649283,0
VZIO.US,D,20240925,000000,11.24,11.25,11.2,11.21,1841006,0
VZIO.US,D,20240926,000000,11.24,11.26,11.2,11.23,1803260,0
VZIO.US,D,20240927,000000,11.23,11.23,11.19,11.21,1543450,0
VZIO.US,D,20240930,000000,11.215,11.26,11.16,11.17,2224765,0
VZIO.US,D,20241001,000000,11.18,11.205,11.15,11.15,1662212,0
VZIO.US,D,20241002,000000,11.15,11.24,11.15,11.23,1128549,0
VZIO.US,D,20241003,000000,11.23,11.27,11.2,11.25,1520996,0
VZIO.US,D,20241004,000000,11.23,11.37,11.195,11.27,2371450,0
VZIO.US,D,20241007,000000,11.25,11.31,11.25,11.29,1159001,0
VZIO.US,D,20241008,000000,11.3,11.3,11.24,11.25,1331851,0
VZIO.US,D,20241009,000000,11.24,11.26,11.22,11.23,1047251,0
VZIO.US,D,20241010,000000,11.21,11.27,11.2,11.26,1107844,0
VZIO.US,D,20241011,000000,11.26,11.29,11.165,11.2,4670561,0
VZIO.US,D,20241014,000000,11.19,11.26,11.17,11.21,907216,0
VZIO.US,D,20241015,000000,11.24,11.29,11.2,11.26,1868008,0
VZIO.US,D,20241016,000000,11.26,11.315,11.25,11.3,1843303,0
VZIO.US,D,20241017,000000,11.31,11.31,11.245,11.27,1352476,0
VZIO.US,D,20241018,000000,11.24,11.36,11.23,11.33,1729722,0
VZIO.US,D,20241021,000000,11.32,11.32,11.26,11.28,1651054,0
VZIO.US,D,20241022,000000,11.26,11.27,11.22,11.24,1405483,0
VZIO.US,D,20241023,000000,11.25,11.27,11.23,11.26,1501151,0
VZIO.US,D,20241024,000000,11.25,11.28,11.23,11.24,945772,0
VZIO.US,D,20241025,000000,11.2,11.21,11.06,11.11,5878537,0
VZIO.US,D,20241028,000000,11.13,11.165,11.09,11.13,2373352,0
VZIO.US,D,20241029,000000,11.11,11.21,11.1,11.12,2092324,0
VZIO.US,D,20241030,000000,11.17,11.175,11.12,11.15,2077862,0
VZIO.US,D,20241031,000000,11.15,11.16,11.06,11.13,2094294,0
VZIO.US,D,20241101,000000,11.15,11.18,11.12,11.15,2189164,0
VZIO.US,D,20241104,000000,11.14,11.19,11.13,11.16,3284413,0
VZIO.US,D,20241105,000000,11.15,11.265,11.135,11.26,6149758,0
VZIO.US,D,20241106,000000,11.33,11.36,11.27,11.35,6183256,0
VZIO.US,D,20241107,000000,11.2,11.31,11.18,11.28,4595900,0
VZIO.US,D,20241108,000000,11.3,11.335,11.28,11.3,3042720,0
VZIO.US,D,20241111,000000,11.28,11.295,11.21,11.22,6942899,0
VZIO.US,D,20241112,000000,11.22,11.29,11.16,11.17,3085266,0
VZIO.US,D,20241113,000000,11.185,11.2,11.1,11.11,2707033,0
VZIO.US,D,20241114,000000,11.125,11.155,11.045,11.07,3698876,0
VZIO.US,D,20241115,000000,11.11,11.31,11.11,11.27,4122764,0
VZIO.US,D,20241118,000000,11.27,11.37,11.26,11.3,4121183,0
VZIO.US,D,20241119,000000,11.25,11.33,11.25,11.29,2136074,0
VZIO.US,D,20241120,000000,11.295,11.33,11.27,11.3,2139216,0
VZIO.US,D,20241121,000000,11.31,11.345,11.29,11.31,1308999,0
VZIO.US,D,20241122,000000,11.27,11.29,11.235,11.25,1432199,0
VZIO.US,D,20241125,000000,11.28,11.32,11.26,11.31,1597525,0
VZIO.US,D,20241126,000000,11.3,11.325,11.27,11.29,2267777,0
VZIO.US,D,20241127,000000,11.29,11.33,11.29,11.31,1285196,0
VZIO.US,D,20241129,000000,11.34,11.4,11.32,11.39,3214239,0
VZIO.US,D,20241202,000000,11.365,11.39,11.32,11.35,2722154,0
