<TICKER>,<PER>,<DATE>,<TIME>,<OPEN>,<HIGH>,<LOW>,<CLOSE>,<VOL>,<OPENINT>
ZBZX.US,D,20231206,000000,25,25,25,25,69700,0
ZBZX.US,D,20231207,000000,25,25,25,25,69700,0
ZBZX.US,D,20231208,000000,25,25,25,25,69700,0
ZBZX.US,D,20231211,000000,25,25,25,25,69700,0
ZBZX.US,D,20231212,000000,25,25,25,25,69700,0
ZBZX.US,D,20231213,000000,25,25,25,25,69700,0
ZBZX.US,D,20231214,000000,25,25,25,25,69700,0
ZBZX.US,D,20231215,000000,25,25,25,25,69700,0
ZBZX.US,D,20231218,000000,25,25,25,25,69700,0
ZBZX.US,D,20231219,000000,25,25,25,25,69700,0
ZBZX.US,D,20231220,000000,25,25,25,25,69700,0
ZBZX.US,D,20231221,000000,25,25,25,25,69700,0
ZBZX.US,D,20231222,000000,25,25,25,25,69700,0
ZBZX.US,D,20231226,000000,25,25,25,25,69700,0
ZBZX.US,D,20231227,000000,25,25,25,25,69700,0
ZBZX.US,D,20231228,000000,25,25,25,25,69700,0
ZBZX.US,D,20231229,000000,25,25,25,25,69700,0
ZBZX.US,D,20240102,000000,25,25,25,25,69700,0
ZBZX.US,D,20240103,000000,25,25,25,25,69700,0
ZBZX.US,D,20240104,000000,25,25,25,25,69700,0
ZBZX.US,D,20240105,000000,25,25,25,25,69700,0
ZBZX.US,D,20240108,000000,25,25,25,25,69700,0
ZBZX.US,D,20240109,000000,25,25,25,25,69700,0
ZBZX.US,D,20240110,000000,25,25,25,25,69700,0
ZBZX.US,D,20240111,000000,25,25,25,25,69700,0
ZBZX.US,D,20240112,000000,25,25,25,25,69700,0
ZBZX.US,D,20240116,000000,25,25,25,25,69700,0
ZBZX.US,D,20240117,000000,25,25,25,25,69700,0
ZBZX.US,D,20240118,000000,25,25,25,25,69700,0
ZBZX.US,D,20240119,000000,25,25,25,25,69700,0
ZBZX.US,D,20240122,000000,25,25,25,25,69700,0
ZBZX.US,D,20240123,000000,25,25,25,25,69700,0
ZBZX.US,D,20240124,000000,25,25,25,25,69700,0
ZBZX.US,D,20240125,000000,25,25,25,25,69700,0
ZBZX.US,D,20240126,000000,25,25,25,25,69700,0
ZBZX.US,D,20240129,000000,25,25,25,25,69700,0
ZBZX.US,D,20240130,000000,25,25,25,25,69700,0
ZBZX.US,D,20240131,000000,25,25,25,25,69700,0
ZBZX.US,D,20240201,000000,25,25,25,25,69700,0
ZBZX.US,D,20240202,000000,25,25,25,25,69700,0
ZBZX.US,D,20240205,000000,25,25,25,25,69700,0
ZBZX.US,D,20240206,000000,25,25,25,25,69700,0
ZBZX.US,D,20240207,000000,25,25,25,25,69700,0
ZBZX.US,D,20240208,000000,25,25,25,25,69700,0
ZBZX.US,D,20240209,000000,25,25,25,25,69700,0
ZBZX.US,D,20240212,000000,25,25,25,25,69700,0
ZBZX.US,D,20240213,000000,25,25,25,25,69700,0
ZBZX.US,D,20240214,000000,25,25,25,25,69700,0
ZBZX.US,D,20240215,000000,25,25,25,25,69700,0
ZBZX.US,D,20240216,000000,25,25,25,25,69700,0
ZBZX.US,D,20240220,000000,25,25,25,25,69700,0
ZBZX.US,D,20240221,000000,25,25,25,25,69700,0
ZBZX.US,D,20240222,000000,25,25,25,25,69700,0
ZBZX.US,D,20240223,000000,25,25,25,25,69700,0
ZBZX.US,D,20240226,000000,25,25,25,25,69700,0
ZBZX.US,D,20240227,000000,25,25,25,25,69700,0
ZBZX.US,D,20240228,000000,25,25,25,25,69700,0
ZBZX.US,D,20240229,000000,25,25,25,25,69700,0
ZBZX.US,D,20240301,000000,25,25,25,25,69700,0
ZBZX.US,D,20240304,000000,25,25,25,25,69700,0
ZBZX.US,D,20240305,000000,25,25,25,25,69700,0
ZBZX.US,D,20240306,000000,25,25,25,25,69700,0
ZBZX.US,D,20240307,000000,25,25,25,25,69700,0
ZBZX.US,D,20240308,000000,25,25,25,25,69700,0
ZBZX.US,D,20240311,000000,25,25,25,25,69700,0
ZBZX.US,D,20240312,000000,25,25,25,25,69700,0
ZBZX.US,D,20240313,000000,25,25,25,25,69700,0
ZBZX.US,D,20240314,000000,25,25,25,25,69700,0
ZBZX.US,D,20240315,000000,25,25,25,25,69700,0
ZBZX.US,D,20240318,000000,25,25,25,25,69700,0
ZBZX.US,D,20240319,000000,25,25,25,25,69700,0
ZBZX.US,D,20240320,000000,25,25,25,25,69700,0
ZBZX.US,D,20240321,000000,25,25,25,25,69700,0
ZBZX.US,D,20240322,000000,25,25,25,25,69700,0
ZBZX.US,D,20240325,000000,25,25,25,25,69700,0
ZBZX.US,D,20240326,000000,25,25,25,25,69700,0
ZBZX.US,D,20240327,000000,25,25,25,25,69700,0
ZBZX.US,D,20240328,000000,25,25,25,25,69700,0
ZBZX.US,D,20240401,000000,25,25,25,25,69700,0
ZBZX.US,D,20240402,000000,25,25,25,25,69700,0
ZBZX.US,D,20240403,000000,25,25,25,25,69700,0
ZBZX.US,D,20240404,000000,25,25,25,25,69700,0
ZBZX.US,D,20240405,000000,25,25,25,25,69700,0
ZBZX.US,D,20240408,000000,25,25,25,25,69700,0
ZBZX.US,D,20240409,000000,25,25,25,25,69700,0
ZBZX.US,D,20240410,000000,25,25,25,25,69700,0
ZBZX.US,D,20240411,000000,25,25,25,25,69700,0
ZBZX.US,D,20240412,000000,25,25,25,25,69700,0
ZBZX.US,D,20240415,000000,25,25,25,25,69700,0
ZBZX.US,D,20240416,000000,25,25,25,25,69700,0
ZBZX.US,D,20240417,000000,25,25,25,25,69700,0
ZBZX.US,D,20240418,000000,25,25,25,25,69700,0
ZBZX.US,D,20240419,000000,25,25,25,25,69700,0
ZBZX.US,D,20240422,000000,25,25,25,25,69700,0
ZBZX.US,D,20240423,000000,25,25,25,25,69700,0
ZBZX.US,D,20240424,000000,25,25,25,25,69700,0
ZBZX.US,D,20240425,000000,25,25,25,25,69700,0
ZBZX.US,D,20240426,000000,25,25,25,25,69700,0
ZBZX.US,D,20240429,000000,25,25,25,25,69700,0
ZBZX.US,D,20240430,000000,25,25,25,25,69700,0
ZBZX.US,D,20240501,000000,25,25,25,25,69700,0
ZBZX.US,D,20240502,000000,25,25,25,25,69700,0
ZBZX.US,D,20240503,000000,25,25,25,25,69700,0
ZBZX.US,D,20240506,000000,25,25,25,25,69700,0
ZBZX.US,D,20240507,000000,25,25,25,25,69700,0
ZBZX.US,D,20240508,000000,25,25,25,25,69700,0
ZBZX.US,D,20240509,000000,25,25,25,25,69700,0
ZBZX.US,D,20240510,000000,25,25,25,25,69700,0
ZBZX.US,D,20240513,000000,25,25,25,25,69700,0
ZBZX.US,D,20240514,000000,25,25,25,25,69700,0
ZBZX.US,D,20240515,000000,25,25,25,25,69700,0
ZBZX.US,D,20240516,000000,25,25,25,25,69700,0
ZBZX.US,D,20240517,000000,25,25,25,25,69700,0
ZBZX.US,D,20240520,000000,25,25,25,25,69700,0
ZBZX.US,D,20240521,000000,25,25,25,25,69700,0
ZBZX.US,D,20240522,000000,25,25,25,25,69700,0
ZBZX.US,D,20240523,000000,25,25,25,25,69700,0
ZBZX.US,D,20240524,000000,25,25,25,25,69700,0
ZBZX.US,D,20240528,000000,25,25,25,25,69700,0
ZBZX.US,D,20240529,000000,25,25,25,25,69700,0
ZBZX.US,D,20240530,000000,25,25,25,25,69700,0
ZBZX.US,D,20240531,000000,25,25,25,25,69700,0
ZBZX.US,D,20240603,000000,25,25,25,25,69700,0
ZBZX.US,D,20240604,000000,25,25,25,25,69700,0
ZBZX.US,D,20240605,000000,25,25,25,25,69700,0
ZBZX.US,D,20240606,000000,25,25,25,25,69700,0
ZBZX.US,D,20240607,000000,25,25,25,25,69700,0
ZBZX.US,D,20240610,000000,25,25,25,25,69700,0
ZBZX.US,D,20240611,000000,25,25,25,25,69700,0
ZBZX.US,D,20240612,000000,25,25,25,25,69700,0
ZBZX.US,D,20240613,000000,25,25,25,25,69700,0
ZBZX.US,D,20240614,000000,25,25,25,25,69700,0
ZBZX.US,D,20240617,000000,25,25,25,25,69700,0
ZBZX.US,D,20240618,000000,25,25,25,25,69700,0
ZBZX.US,D,20240620,000000,25,25,25,25,69700,0
ZBZX.US,D,20240621,000000,25,25,25,25,69700,0
ZBZX.US,D,20240624,000000,25,25,25,25,69700,0
ZBZX.US,D,20240625,000000,25,25,25,25,69700,0
ZBZX.US,D,20240626,000000,25,25,25,25,69700,0
ZBZX.US,D,20240627,000000,25,25,25,25,69700,0
ZBZX.US,D,20240628,000000,25,25,25,25,69700,0
ZBZX.US,D,20240701,000000,25,25,25,25,69700,0
ZBZX.US,D,20240702,000000,25,25,25,25,69700,0
ZBZX.US,D,20240703,000000,25,25,25,25,69700,0
ZBZX.US,D,20240705,000000,25,25,25,25,69700,0
ZBZX.US,D,20240708,000000,25,25,25,25,69700,0
ZBZX.US,D,20240709,000000,25,25,25,25,69700,0
ZBZX.US,D,20240710,000000,25,25,25,25,69700,0
ZBZX.US,D,20240711,000000,25,25,25,25,69700,0
ZBZX.US,D,20240712,000000,25,25,25,25,69700,0
ZBZX.US,D,20240715,000000,25,25,25,25,69700,0
ZBZX.US,D,20240716,000000,25,25,25,25,69700,0
ZBZX.US,D,20240717,000000,25,25,25,25,69700,0
ZBZX.US,D,20240718,000000,25,25,25,25,69700,0
ZBZX.US,D,20240719,000000,25,25,25,25,69700,0
ZBZX.US,D,20240722,000000,25,25,25,25,69700,0
ZBZX.US,D,20240723,000000,25,25,25,25,69700,0
ZBZX.US,D,20240724,000000,25,25,25,25,69700,0
ZBZX.US,D,20240725,000000,25,25,25,25,69700,0
ZBZX.US,D,20240726,000000,25,25,25,25,69700,0
ZBZX.US,D,20240729,000000,25,25,25,25,69700,0
ZBZX.US,D,20240730,000000,25,25,25,25,69700,0
ZBZX.US,D,20240731,000000,25,25,25,25,69700,0
ZBZX.US,D,20240801,000000,25,25,25,25,69700,0
ZBZX.US,D,20240802,000000,25,25,25,25,69700,0
ZBZX.US,D,20240805,000000,25,25,25,25,69700,0
ZBZX.US,D,20240806,000000,25,25,25,25,69700,0
ZBZX.US,D,20240807,000000,25,25,25,25,69700,0
ZBZX.US,D,20240808,000000,25,25,25,25,69700,0
ZBZX.US,D,20240809,000000,25,25,25,25,69700,0
ZBZX.US,D,20240812,000000,25,25,25,25,69700,0
ZBZX.US,D,20240813,000000,25,25,25,25,69700,0
ZBZX.US,D,20240814,000000,25,25,25,25,69700,0
ZBZX.US,D,20240815,000000,25,25,25,25,69700,0
ZBZX.US,D,20240816,000000,25,25,25,25,69700,0
ZBZX.US,D,20240819,000000,25,25,25,25,69700,0
ZBZX.US,D,20240820,000000,25,25,25,25,69700,0
ZBZX.US,D,20240821,000000,25,25,25,25,69700,0
ZBZX.US,D,20240822,000000,25,25,25,25,69700,0
ZBZX.US,D,20240823,000000,25,25,25,25,69700,0
ZBZX.US,D,20240826,000000,25,25,25,25,69700,0
ZBZX.US,D,20240827,000000,25,25,25,25,69700,0
ZBZX.US,D,20240828,000000,25,25,25,25,69700,0
ZBZX.US,D,20240829,000000,25,25,25,25,69700,0
ZBZX.US,D,20240830,000000,25,25,25,25,69700,0
ZBZX.US,D,20240903,000000,25,25,25,25,69700,0
ZBZX.US,D,20240904,000000,25,25,25,25,69700,0
ZBZX.US,D,20240905,000000,25,25,25,25,69700,0
ZBZX.US,D,20240906,000000,25,25,25,25,69700,0
ZBZX.US,D,20240909,000000,25,25,25,25,69700,0
ZBZX.US,D,20240910,000000,25,25,25,25,69700,0
ZBZX.US,D,20240911,000000,25,25,25,25,69700,0
ZBZX.US,D,20240912,000000,25,25,25,25,69700,0
ZBZX.US,D,20240913,000000,25,25,25,25,69700,0
ZBZX.US,D,20240916,000000,25,25,25,25,69700,0
ZBZX.US,D,20240917,000000,25,25,25,25,69700,0
ZBZX.US,D,20240918,000000,25,25,25,25,69700,0
ZBZX.US,D,20240919,000000,25,25,25,25,69700,0
ZBZX.US,D,20240920,000000,25,25,25,25,69700,0
ZBZX.US,D,20240923,000000,25,25,25,25,69700,0
ZBZX.US,D,20240924,000000,25,25,25,25,69700,0
ZBZX.US,D,20240925,000000,25,25,25,25,69700,0
ZBZX.US,D,20240926,000000,25,25,25,25,69700,0
ZBZX.US,D,20240927,000000,25,25,25,25,69700,0
ZBZX.US,D,20241001,000000,25,25,25,25,69700,0
ZBZX.US,D,20241002,000000,25,25,25,25,69700,0
ZBZX.US,D,20241003,000000,25,25,25,25,69700,0
ZBZX.US,D,20241004,000000,25,25,25,25,69700,0
ZBZX.US,D,20241007,000000,25,25,25,25,69700,0
ZBZX.US,D,20241008,000000,25,25,25,25,69700,0
ZBZX.US,D,20241009,000000,25,25,25,25,69700,0
ZBZX.US,D,20241010,000000,25,25,25,25,69700,0
ZBZX.US,D,20241011,000000,25,25,25,25,69700,0
ZBZX.US,D,20241014,000000,25,25,25,25,69700,0
ZBZX.US,D,20241015,000000,25,25,25,25,69700,0
ZBZX.US,D,20241016,000000,25,25,25,25,69700,0
ZBZX.US,D,20241017,000000,25,25,25,25,69700,0
ZBZX.US,D,20241018,000000,25,25,25,25,69700,0
ZBZX.US,D,20241021,000000,25,25,25,25,69700,0
ZBZX.US,D,20241022,000000,25,25,25,25,69700,0
ZBZX.US,D,20241023,000000,25,25,25,25,69700,0
ZBZX.US,D,20241024,000000,25,25,25,25,69700,0
ZBZX.US,D,20241025,000000,25,25,25,25,69700,0
ZBZX.US,D,20241028,000000,25,25,25,25,69700,0
ZBZX.US,D,20241029,000000,25,25,25,25,69700,0
ZBZX.US,D,20241030,000000,25,25,25,25,69700,0
ZBZX.US,D,20241031,000000,25,25,25,25,69700,0
ZBZX.US,D,20241104,000000,25,25,25,25,69700,0
ZBZX.US,D,20241105,000000,25,25,25,25,69700,0
ZBZX.US,D,20241106,000000,25,25,25,25,69700,0
ZBZX.US,D,20241107,000000,25,25,25,25,69700,0
ZBZX.US,D,20241108,000000,25,25,25,25,69700,0
